80 153 6
0 11
0 12
0 28
0 33
0 56
0 72
1 18
1 57
1 78
2 35
3 8
3 22
3 43
3 54
4 28
5 17
5 59
6 42
6 50
7 79
8 3
8 16
8 19
8 44
8 60
9 4
9 6
9 19
10 68
10 71
11 0
11 19
11 56
11 66
11 67
13 34
14 56
15 26
15 64
16 45
16 61
17 70
18 1
18 45
18 73
19 6
19 9
19 11
19 53
19 63
20 54
21 12
21 16
23 68
23 77
24 64
25 37
25 38
25 45
25 47
26 15
26 54
27 29
27 47
28 0
28 4
28 29
28 57
29 35
30 11
31 46
32 10
33 55
33 63
33 74
35 29
35 56
36 58
36 74
38 25
38 75
39 40
39 54
40 76
42 1
42 6
44 0
44 14
44 51
45 54
45 68
45 79
46 31
46 70
48 72
50 2
50 54
50 56
51 29
52 3
53 13
53 19
54 12
54 26
54 45
54 64
56 0
56 35
56 41
57 42
59 5
59 20
61 3
61 27
61 69
62 44
63 9
63 33
64 15
64 24
64 49
65 43
66 11
66 75
67 42
67 61
67 76
67 78
68 23
68 45
68 74
69 5
69 16
69 33
69 61
71 10
71 76
71 77
72 0
74 33
74 45
74 68
74 79
75 3
75 6
75 52
75 70
77 23
77 71
78 55
78 67
79 45
79 47
0 1 2 3 4 5
