80 632 8
0 3
0 9
0 15
0 16
0 44
0 47
0 51
0 73
0 75
1 15
1 46
2 0
2 16
2 35
2 37
2 41
2 47
2 50
2 79
3 15
3 23
3 25
3 28
3 71
4 16
4 35
4 36
4 47
4 49
4 60
4 67
4 74
5 3
5 24
5 25
5 27
5 29
5 32
5 33
5 34
5 38
5 46
5 62
5 78
6 27
6 55
6 57
6 58
6 59
6 63
6 65
7 5
7 9
7 18
7 20
7 31
7 36
7 43
7 52
7 54
7 59
7 77
8 0
8 20
8 22
8 37
8 39
8 45
8 54
8 62
8 71
8 73
9 5
9 16
9 19
9 24
9 27
9 29
9 59
9 62
9 69
9 76
9 78
10 28
10 35
10 45
11 16
11 49
11 66
11 72
11 74
12 9
12 20
12 26
12 49
12 61
12 62
12 69
12 74
13 11
13 25
13 41
13 44
13 59
13 63
13 64
13 74
14 0
14 16
14 34
14 49
14 54
14 56
14 72
15 18
15 22
15 23
15 63
15 72
15 74
16 1
16 54
16 56
16 69
16 74
16 76
17 7
17 23
17 26
17 29
17 30
17 33
17 37
17 49
17 58
17 64
17 65
18 9
18 11
18 12
18 35
18 43
18 79
19 4
19 10
19 12
19 14
19 15
19 17
19 24
19 43
19 50
19 58
19 65
19 67
20 3
20 26
20 45
20 50
20 71
21 5
21 18
21 30
21 31
21 43
21 66
21 74
21 75
22 6
22 18
22 20
22 26
22 35
22 56
22 69
22 75
22 78
23 6
23 7
23 14
23 76
24 30
24 41
24 44
24 51
24 56
24 61
24 71
25 9
25 15
25 38
25 41
25 43
25 47
25 52
25 57
25 66
25 73
25 76
25 79
26 10
26 11
26 27
26 40
26 41
26 46
26 47
26 54
26 65
27 2
27 19
27 30
27 61
27 68
27 71
28 11
28 12
28 24
28 33
28 37
28 47
28 55
28 61
29 1
29 8
29 32
29 39
29 40
29 65
30 8
30 15
30 36
30 72
31 4
31 13
31 15
31 22
31 37
31 46
31 58
31 64
31 70
31 74
31 79
32 4
32 10
32 13
32 24
32 31
32 44
32 59
32 60
32 64
32 66
33 47
33 52
33 58
34 11
34 22
34 36
34 72
34 73
34 77
35 12
35 13
35 15
35 27
35 34
35 41
35 60
35 69
35 76
36 11
36 19
36 27
36 31
36 46
36 59
36 66
36 78
37 67
37 69
37 72
38 7
38 8
38 31
38 35
38 36
38 44
38 53
38 63
38 68
38 69
38 77
39 19
39 35
39 41
39 47
39 48
39 71
40 0
40 6
40 9
40 11
40 22
40 66
40 70
40 71
40 75
40 78
40 79
41 22
41 23
41 28
41 54
41 59
41 66
42 0
42 4
42 5
42 15
42 35
42 37
42 57
42 59
43 1
43 9
43 15
43 39
43 50
43 54
43 57
43 70
43 75
44 1
44 22
44 46
44 48
44 58
44 73
45 55
45 71
45 75
46 16
46 21
46 28
46 33
46 39
46 55
46 67
46 74
46 77
47 7
47 10
47 22
47 29
47 35
47 41
47 48
47 58
48 3
48 51
48 60
48 61
48 75
49 15
49 29
49 44
49 48
49 56
49 66
49 67
49 69
49 72
50 9
50 35
50 41
50 46
50 54
50 66
50 72
50 73
51 9
51 20
51 26
51 29
51 30
51 37
51 39
51 45
51 56
52 21
52 27
52 34
52 35
52 41
52 44
52 55
52 56
52 58
52 63
52 64
52 70
52 75
53 2
53 9
53 10
53 40
53 44
53 50
53 66
53 74
54 13
54 17
54 35
54 46
54 48
54 55
54 72
55 1
55 21
55 33
55 35
55 49
55 75
56 20
56 26
56 35
56 39
56 43
56 45
56 48
56 59
56 67
56 71
56 78
57 3
57 7
57 10
57 11
57 12
57 23
57 35
57 44
57 47
57 56
57 74
58 15
58 18
58 22
58 30
59 2
59 15
59 18
59 27
59 46
59 60
59 65
59 75
60 1
60 2
60 16
60 30
60 52
60 54
60 61
60 67
60 69
60 71
60 73
60 74
60 77
61 25
61 29
61 31
61 36
61 37
61 44
61 68
62 10
62 24
62 35
62 42
62 54
62 57
63 11
63 14
63 31
63 33
63 78
64 4
64 7
64 11
64 24
64 33
64 41
64 45
64 50
64 69
65 5
65 7
65 8
65 13
65 18
65 27
65 30
65 35
65 37
65 50
65 51
65 63
65 68
65 74
66 6
66 29
66 45
66 48
66 52
66 58
66 70
67 0
67 22
67 23
67 27
67 40
67 43
67 45
67 65
68 6
68 7
68 8
68 20
68 25
68 56
68 64
68 73
68 79
69 0
69 14
69 30
69 41
69 44
69 67
69 68
69 71
69 75
69 78
70 12
70 19
70 22
70 25
70 34
70 41
70 60
70 61
70 65
70 75
71 1
71 13
71 18
71 22
71 29
71 46
71 61
71 65
71 66
71 70
71 73
72 1
72 6
72 26
72 28
72 35
72 36
72 39
72 42
72 44
72 58
72 77
73 3
73 5
73 11
73 21
73 31
73 37
73 55
73 61
73 74
74 5
74 18
74 35
74 40
74 43
74 45
74 63
74 69
74 76
74 79
75 3
75 9
75 11
75 30
75 32
75 50
75 57
76 1
76 41
76 52
76 60
76 64
76 68
76 75
77 0
77 6
77 25
77 37
77 44
77 58
77 61
77 67
78 8
78 28
78 48
78 49
78 53
78 55
78 68
78 70
79 15
79 24
79 28
79 48
0 1 2 3 4 5 6 7
