80 208 6
0 11
0 42
0 55
0 58
1 37
1 51
1 54
1 59
2 12
2 15
3 12
3 58
4 17
4 71
5 9
5 76
6 1
6 13
6 32
6 56
7 15
7 19
7 74
9 16
9 72
10 0
10 33
10 52
11 15
11 23
11 54
12 2
12 63
13 6
13 55
14 16
14 26
15 2
15 24
15 53
15 71
16 29
18 13
18 31
18 36
18 45
18 62
19 51
19 59
20 0
20 6
20 28
20 34
20 35
21 39
21 46
23 35
23 79
24 27
24 48
24 57
24 73
25 14
25 30
25 63
26 14
26 30
27 24
28 27
28 34
28 44
28 65
29 8
29 16
29 38
29 41
30 25
30 26
30 34
30 39
30 51
31 49
32 6
32 13
32 40
32 47
32 75
33 10
33 69
34 28
34 43
35 20
35 52
35 68
36 48
37 1
37 38
37 46
37 55
37 71
37 76
38 52
39 12
39 21
39 22
39 79
40 30
40 50
41 50
42 34
42 43
42 55
42 62
42 70
44 28
44 56
44 71
45 32
45 48
45 53
46 17
46 21
46 37
46 55
47 16
47 32
47 56
47 66
47 68
48 21
48 36
48 45
48 77
49 8
49 31
49 39
50 5
50 9
50 11
50 27
50 39
50 41
51 8
51 59
52 11
52 35
52 38
53 4
53 29
53 45
54 0
54 11
54 60
55 0
55 13
55 42
55 43
55 46
56 6
56 61
56 74
57 53
58 3
58 4
58 21
59 5
59 51
60 23
60 48
60 54
60 61
61 51
61 56
61 60
62 18
64 61
65 28
65 40
67 3
67 4
68 5
68 11
68 15
68 35
68 45
69 30
69 33
69 55
70 12
71 4
71 35
71 44
71 77
72 5
74 7
74 17
74 46
74 56
75 28
75 32
75 78
76 5
76 23
76 37
76 61
77 66
78 75
79 62
0 1 2 3 4 5
