80 231 8
0 27
0 40
0 48
0 66
0 75
0 78
1 18
1 50
1 64
2 3
2 48
2 52
2 55
3 2
3 9
3 43
3 61
3 67
4 66
4 74
4 79
5 0
5 41
5 67
6 27
6 31
6 52
7 3
8 4
8 7
8 29
9 54
9 57
9 66
9 75
10 52
11 46
12 49
13 37
13 39
14 33
14 41
14 48
14 72
15 3
15 21
15 30
15 67
16 40
16 53
17 33
17 49
17 54
17 61
17 77
18 33
19 23
19 31
19 49
19 51
19 55
20 4
20 13
20 37
20 38
20 64
21 15
22 50
22 57
22 59
22 60
22 66
22 69
23 19
23 41
23 56
25 74
25 77
26 3
26 41
26 78
27 3
27 68
27 78
28 43
29 16
29 38
29 73
30 12
30 36
30 64
30 78
31 13
31 19
32 74
33 17
34 16
34 55
34 66
35 44
36 14
36 20
36 42
36 56
36 67
36 68
37 13
37 29
37 44
38 0
38 20
38 43
38 57
39 13
39 24
39 44
39 55
39 78
40 16
40 77
41 5
41 14
41 26
41 57
41 61
42 4
42 36
42 44
43 3
43 38
44 11
44 35
45 0
45 53
46 11
46 54
47 34
47 51
48 0
48 2
48 8
49 19
49 50
50 30
50 49
50 51
51 19
51 47
51 50
51 77
51 78
52 2
52 6
52 7
52 65
53 11
53 45
53 68
54 17
54 46
54 58
55 2
55 10
55 19
55 61
55 64
56 23
57 9
57 22
57 38
57 41
57 63
58 50
58 62
59 65
60 6
60 79
61 55
62 38
62 58
63 25
63 57
64 1
64 20
64 30
64 49
64 55
64 77
65 52
65 59
66 4
66 22
66 34
67 3
67 5
67 15
67 36
67 39
67 55
67 77
68 26
68 53
69 22
70 29
71 35
71 69
71 79
73 29
73 38
74 4
74 25
74 32
74 43
74 76
75 0
75 9
75 71
76 27
76 74
77 19
77 25
77 51
77 64
77 67
77 68
78 0
78 30
78 39
79 4
79 60
79 71
0 1 2 3 4 5 6 7
