80 190 6
0 19
0 45
0 55
0 57
1 45
1 64
1 78
2 54
2 60
3 43
3 64
4 54
5 19
7 42
7 74
8 40
8 51
8 78
9 43
10 33
11 19
12 8
13 16
13 45
14 74
15 43
16 13
16 39
16 43
17 33
17 65
19 0
19 5
19 11
19 35
19 47
19 58
19 73
19 78
20 27
20 38
20 58
20 59
21 26
21 70
22 51
22 55
23 1
23 62
24 19
24 51
24 68
25 44
25 74
26 21
26 55
27 20
27 31
27 35
27 46
27 62
28 30
28 32
28 33
28 40
28 54
28 58
28 69
29 21
29 45
29 66
30 28
31 32
31 76
32 2
32 28
32 31
32 33
33 10
33 32
33 78
34 37
35 19
35 30
35 73
36 37
36 38
36 75
36 76
37 34
37 36
37 74
38 20
38 36
39 16
39 62
39 79
40 8
40 28
40 45
40 71
41 79
42 7
42 49
43 9
43 15
44 53
44 58
44 61
44 69
44 74
44 76
45 0
45 1
45 13
45 29
45 40
45 67
46 27
47 19
47 62
48 6
48 56
49 42
50 56
50 73
51 22
51 24
52 24
53 44
53 78
54 3
54 4
54 43
54 72
55 0
55 22
55 26
56 14
56 48
56 69
57 0
57 7
57 20
57 72
58 19
58 20
58 44
59 22
59 68
59 69
59 75
60 61
61 43
61 44
61 60
62 27
63 57
64 1
64 3
65 17
65 71
68 24
69 28
69 44
69 56
69 70
70 42
70 69
72 54
72 57
73 18
73 19
73 35
74 7
74 14
74 25
74 44
75 36
75 46
75 59
76 36
76 44
76 77
78 1
78 8
78 33
78 53
78 63
79 41
0 1 2 3 4 5
