80 632 16
0 25
0 29
0 34
0 37
0 55
0 68
0 71
1 5
1 16
1 23
1 48
2 12
2 20
2 21
2 23
2 29
2 41
2 59
2 61
2 65
2 69
3 9
3 25
3 47
3 77
4 2
4 7
4 20
4 38
4 43
4 52
4 54
4 71
4 72
5 15
5 26
5 29
5 36
5 37
5 38
5 49
5 59
5 77
6 14
6 20
6 25
6 27
6 31
6 33
6 35
6 58
6 69
6 75
7 0
7 23
7 28
7 33
7 46
7 61
7 66
8 13
8 15
8 19
8 31
8 40
8 44
8 45
8 47
8 60
8 78
9 6
9 8
9 16
9 34
9 35
9 49
9 59
10 26
10 32
10 36
10 58
10 66
10 76
11 4
11 15
11 17
11 48
11 76
12 9
12 20
12 24
12 42
12 52
12 63
13 3
13 6
13 7
13 12
13 26
13 36
13 41
13 42
13 46
13 50
13 72
13 75
14 12
14 15
14 18
14 31
14 47
14 49
14 62
14 65
14 69
14 73
15 13
15 27
15 31
15 41
15 44
15 68
15 71
15 72
16 33
16 53
16 60
16 67
16 71
16 79
17 3
17 6
17 12
17 15
17 18
17 24
17 25
17 26
17 28
17 37
17 46
17 50
17 57
17 63
17 69
18 30
18 34
18 67
18 75
18 76
19 2
19 10
19 16
19 25
19 26
19 40
19 43
19 51
19 79
20 1
20 8
20 10
20 15
20 36
20 43
20 46
20 57
20 74
20 75
20 78
21 16
21 35
21 48
21 64
21 75
21 76
22 18
22 47
22 53
22 58
22 61
22 65
22 75
23 25
23 39
23 48
23 49
23 51
23 54
23 59
23 62
23 74
24 8
24 30
24 39
24 47
24 51
24 54
24 60
24 65
24 66
24 73
24 76
25 11
25 33
25 53
25 68
25 69
25 72
26 21
26 22
26 37
26 52
26 59
26 62
26 77
27 1
27 24
27 25
27 39
27 41
28 0
28 3
28 22
28 43
28 52
29 19
29 33
29 47
29 49
29 55
29 68
29 73
30 0
30 19
30 35
30 38
30 49
30 57
30 61
30 72
30 76
31 1
31 7
31 29
31 30
31 44
31 50
31 59
32 9
32 33
32 47
32 52
32 59
32 75
33 13
33 14
33 21
33 22
33 31
33 77
34 25
34 36
34 63
34 66
34 72
34 78
35 23
35 25
35 34
35 39
35 77
35 78
36 11
36 32
36 46
36 58
36 62
36 64
36 71
36 73
36 78
37 1
37 23
37 25
37 41
37 52
37 55
37 64
37 74
38 8
38 9
38 11
38 12
38 32
38 35
38 39
38 50
38 62
38 63
38 64
38 76
38 78
39 3
39 15
39 59
40 11
40 17
40 29
40 41
40 69
41 1
41 5
41 10
41 11
41 42
41 43
41 63
41 66
42 21
42 49
42 54
42 55
43 7
43 21
43 25
43 26
43 29
43 35
43 64
44 0
44 2
44 4
44 13
44 21
44 23
44 24
44 28
44 37
44 43
44 57
44 76
45 2
45 12
45 18
45 58
45 61
45 73
45 77
46 12
46 14
46 29
46 44
46 52
46 56
46 67
46 70
46 76
47 12
47 15
47 21
47 36
47 64
47 67
48 8
48 15
48 22
48 29
48 35
48 55
48 69
49 11
49 21
49 26
49 46
49 53
49 65
49 71
49 72
50 20
50 21
50 33
50 37
50 55
50 74
51 6
51 14
51 28
51 41
51 45
51 54
51 57
51 67
51 74
52 0
52 3
52 14
52 31
52 33
52 34
52 45
52 47
52 54
52 57
52 71
53 6
53 11
53 15
53 39
53 56
53 71
53 75
54 15
54 19
54 20
54 25
54 45
54 50
54 67
54 73
54 76
55 1
55 11
55 20
55 27
55 36
55 68
56 6
56 16
56 45
56 57
57 2
57 6
57 22
57 29
57 35
57 62
57 70
58 8
58 15
58 18
58 19
58 42
58 47
58 48
58 60
58 63
58 68
59 13
59 17
59 25
59 38
59 45
59 73
59 77
59 79
60 2
60 11
60 55
60 57
60 61
60 63
60 66
60 74
60 77
61 5
61 17
61 31
61 33
61 37
61 59
61 63
61 67
61 70
62 4
62 9
62 11
62 13
62 27
62 34
62 37
62 45
62 48
62 76
63 1
63 2
63 4
63 7
63 15
63 28
63 51
63 59
64 15
64 18
64 19
64 26
64 48
64 52
64 61
64 74
65 5
65 6
65 15
65 21
65 29
65 32
65 34
65 35
65 38
65 41
65 55
65 62
65 72
66 15
66 44
66 58
66 77
66 78
67 4
67 7
67 10
67 37
68 27
68 38
68 39
68 46
68 53
68 62
68 66
68 67
68 75
69 26
69 32
69 45
69 62
69 63
69 76
69 78
70 3
70 20
70 28
70 31
70 33
70 40
70 41
70 50
70 51
70 65
70 71
70 73
71 3
71 5
71 7
71 13
71 17
71 23
71 27
71 37
71 38
71 40
71 42
71 44
71 47
71 60
71 73
71 78
71 79
72 12
72 24
72 57
72 67
72 68
72 74
72 79
73 11
73 17
73 21
73 26
73 33
73 39
73 43
73 50
73 58
73 62
73 67
73 77
74 0
74 9
74 10
74 16
74 24
74 46
74 54
74 70
75 1
75 31
75 33
75 43
75 45
75 64
75 66
75 71
76 0
76 28
76 34
76 37
76 42
76 58
76 61
76 68
77 1
77 17
77 30
77 32
77 39
77 74
78 9
78 10
78 23
78 28
78 32
78 33
78 49
78 53
78 61
78 68
79 8
79 13
79 17
79 55
79 56
79 69
0 1 2 3 4 5 6 7 8 9 10 11 12 13 14 15
