80 180 16
0 9
0 15
0 16
0 36
0 62
0 63
0 77
1 17
1 53
1 62
2 42
2 46
3 42
4 70
5 61
5 71
6 8
6 11
6 36
6 50
6 78
7 77
8 6
8 55
9 0
9 22
9 42
9 47
9 52
9 78
10 1
10 2
10 5
11 6
11 56
11 61
11 66
12 38
12 63
12 77
13 40
14 34
14 53
15 0
16 0
16 20
17 47
17 54
17 58
18 56
19 79
20 16
20 70
20 75
21 28
21 37
21 38
22 36
23 25
23 79
24 30
24 43
25 23
25 27
25 55
26 40
27 63
27 74
27 79
28 21
28 43
28 70
29 43
29 63
30 24
30 49
30 56
30 74
31 71
32 79
33 64
34 14
34 18
34 69
35 45
35 71
36 0
36 6
36 57
36 70
37 21
37 52
37 70
38 12
39 51
39 56
39 60
39 73
40 5
40 13
41 45
41 65
42 2
42 3
42 8
43 24
43 64
44 3
45 0
45 20
45 41
46 38
46 51
46 53
46 64
47 51
48 13
49 30
50 6
51 43
51 46
51 47
51 62
51 79
52 69
54 17
54 28
54 56
54 76
55 8
55 25
55 72
55 77
56 11
56 30
56 39
58 17
59 38
60 5
60 39
61 5
61 11
62 0
62 51
62 67
63 0
63 29
64 33
65 77
66 11
67 40
68 52
68 60
69 34
69 52
69 76
70 4
70 28
71 31
72 55
73 37
73 39
74 27
74 30
75 10
77 0
77 7
77 12
77 37
77 55
77 65
78 6
78 9
78 10
79 16
79 19
79 23
79 27
79 32
79 51
0 1 2 3 4 5 6 7 8 9 10 11 12 13 14 15
