80 187 8
0 14
0 35
0 45
0 58
1 0
1 3
1 22
1 58
1 70
2 27
2 30
3 14
4 51
5 64
6 5
6 58
7 27
7 44
7 46
8 37
8 46
10 5
10 54
10 73
11 14
12 55
12 57
13 3
13 67
14 11
14 75
16 48
17 46
17 50
18 31
18 40
19 29
20 67
20 71
21 3
21 18
22 30
23 24
23 27
23 38
23 47
23 61
23 68
24 0
24 39
24 59
24 63
25 75
26 14
26 79
27 5
27 7
27 38
27 55
27 59
27 68
28 26
28 66
28 74
29 25
29 30
30 2
30 51
30 73
31 18
31 50
31 55
31 66
31 76
32 50
33 5
33 29
33 37
33 48
33 56
34 43
34 54
34 77
35 41
35 43
36 51
36 53
36 69
37 0
37 40
37 53
37 63
38 4
38 23
38 27
39 17
40 9
41 26
41 31
41 35
41 59
42 53
43 34
43 35
43 65
44 29
45 4
45 65
46 10
46 32
48 52
49 33
49 36
50 21
51 30
51 36
51 66
51 71
52 48
52 54
52 64
53 24
53 37
53 70
54 14
54 34
54 65
54 73
55 40
56 9
56 67
58 25
58 31
58 36
59 77
61 3
61 38
62 34
62 65
62 70
63 24
63 29
64 5
64 6
64 19
64 24
65 43
65 54
66 0
66 10
66 28
66 70
66 74
67 78
67 79
68 54
69 0
69 42
69 66
70 1
70 16
70 52
70 53
70 62
70 66
71 20
71 66
72 53
72 69
73 20
73 70
74 51
74 66
74 79
75 32
75 78
76 1
76 15
76 16
76 68
77 15
77 64
77 71
78 21
78 60
78 75
79 67
0 1 2 3 4 5 6 7
