80 204 6
0 12
0 24
0 31
0 43
0 71
0 74
1 15
1 38
1 51
2 68
3 42
3 60
4 76
5 9
6 59
7 29
7 38
7 40
7 43
7 46
8 41
9 0
9 19
10 16
10 25
10 57
11 5
11 36
11 47
12 4
12 10
12 46
13 0
13 53
14 67
14 71
15 42
15 61
15 67
16 26
17 9
18 15
18 33
19 52
19 62
20 30
20 35
20 49
20 54
20 66
20 75
21 24
21 37
22 47
24 21
24 30
24 68
25 10
25 45
25 52
25 63
25 71
26 0
26 12
26 37
26 41
26 48
27 37
27 76
28 39
28 78
29 5
29 7
29 42
30 14
30 40
30 46
30 61
31 0
31 4
32 71
33 18
33 36
33 56
34 5
34 27
34 39
35 7
35 14
35 18
35 20
35 52
35 79
36 59
36 63
37 18
37 21
37 26
37 27
37 64
37 71
38 7
39 23
39 28
39 34
39 58
39 77
40 7
40 37
40 73
41 8
41 66
42 3
42 15
44 46
44 72
45 8
45 25
45 39
45 42
45 63
46 8
46 12
46 45
46 56
46 60
46 64
46 66
47 3
47 6
47 22
47 62
48 2
48 26
49 18
49 47
50 65
50 74
51 1
51 26
51 58
52 35
53 70
54 24
54 33
54 70
55 54
56 29
56 77
57 71
58 30
58 51
58 60
59 6
59 24
59 36
59 58
59 73
60 46
60 51
62 0
62 61
62 72
63 36
63 45
64 35
64 37
65 4
65 11
65 12
65 50
65 69
66 41
67 14
67 72
68 73
69 42
69 64
69 65
70 23
70 53
71 0
72 12
72 15
72 62
72 67
73 13
73 40
73 59
73 68
73 79
74 28
74 30
74 50
74 71
74 79
75 73
76 4
76 23
76 27
76 70
77 68
79 61
79 74
0 1 2 3 4 5
