80 632 20
0 5
0 8
0 13
0 14
0 30
0 31
0 32
0 48
0 50
0 54
0 65
1 2
1 17
1 18
1 26
1 31
1 33
1 44
1 50
1 59
1 60
1 75
2 9
2 40
2 62
2 71
2 74
3 15
3 21
3 23
3 39
3 55
3 56
3 59
3 60
3 62
3 68
3 71
3 73
4 0
4 6
4 9
4 29
4 46
4 54
4 59
4 61
4 65
4 73
4 75
5 2
5 27
5 40
5 42
5 45
5 56
5 76
6 9
6 25
6 29
6 54
6 56
6 57
6 70
6 77
6 79
7 0
7 11
7 12
7 18
7 19
7 34
7 43
7 45
7 55
7 58
8 5
8 9
8 12
8 19
8 29
8 30
8 42
8 62
8 77
9 0
9 43
10 1
10 45
10 67
10 70
11 10
11 14
11 23
11 53
11 76
12 9
12 16
12 17
12 22
12 38
12 39
12 57
12 59
12 65
12 68
13 7
13 12
13 19
13 31
13 43
13 56
13 60
13 79
14 19
14 36
14 40
14 45
14 46
15 9
15 47
15 59
15 63
15 72
15 73
16 11
16 19
16 22
16 28
16 45
16 54
16 55
16 59
16 62
16 68
16 70
16 76
16 77
16 78
17 4
17 7
17 28
17 50
18 2
18 20
18 21
18 27
18 28
18 29
18 35
18 44
18 51
18 53
18 56
18 70
18 72
18 76
19 4
19 30
19 58
19 68
19 69
19 73
20 11
20 21
20 46
20 54
20 79
21 5
21 10
21 15
21 24
21 45
21 54
22 3
22 5
22 9
22 11
22 18
22 25
22 34
22 45
22 57
22 59
22 77
22 79
23 7
23 8
23 18
23 36
23 40
23 42
23 44
23 49
23 53
23 71
23 72
23 79
24 4
24 17
24 33
24 35
24 39
24 40
24 41
24 53
24 66
24 69
25 0
25 17
25 18
25 36
25 44
25 48
25 56
25 61
25 72
25 76
26 0
26 5
26 6
26 12
26 13
26 32
26 47
26 48
26 49
26 66
26 78
27 49
27 70
27 76
28 35
28 45
28 48
28 51
28 54
28 55
28 63
28 67
28 79
29 9
29 14
29 15
29 31
29 40
29 46
29 49
29 70
29 79
30 4
30 13
30 21
30 32
30 38
30 56
31 5
31 21
31 51
31 67
32 7
32 29
32 36
32 38
32 40
32 45
32 55
32 76
32 78
33 6
33 20
33 25
33 29
33 41
33 56
33 57
33 71
33 74
34 1
34 14
34 26
34 31
34 41
34 42
34 45
34 67
34 68
35 2
35 8
35 44
35 59
35 74
35 76
36 4
36 20
36 37
36 40
36 41
36 54
36 61
37 15
37 25
37 26
37 28
37 31
37 32
37 43
38 1
38 47
38 60
39 10
39 44
39 45
39 48
39 64
39 68
39 75
40 1
40 7
40 8
40 10
40 26
40 43
40 60
40 71
41 0
41 3
41 19
41 20
41 25
41 27
41 31
41 35
41 52
41 68
41 79
42 14
42 28
42 30
42 67
42 75
42 78
42 79
43 3
43 16
43 20
43 21
43 27
43 31
43 51
43 60
44 5
44 27
44 32
44 33
44 36
44 42
44 53
44 68
44 74
44 79
45 13
45 18
45 67
45 71
46 0
46 12
46 15
46 18
46 39
46 41
46 51
46 57
46 61
47 2
47 4
47 6
47 20
47 27
47 42
47 48
47 78
48 1
48 19
48 27
48 29
48 35
48 37
48 59
48 60
49 6
49 7
49 28
49 33
49 34
49 44
49 56
49 61
49 78
50 8
50 31
50 36
50 39
50 40
50 41
50 45
50 54
50 60
50 63
50 66
50 70
50 76
50 77
51 10
51 20
51 23
51 24
51 36
51 56
51 70
51 75
52 3
52 12
52 14
52 21
52 40
52 77
53 0
53 10
53 12
53 14
53 30
53 32
53 55
53 67
53 68
54 9
54 13
54 26
54 37
54 40
54 43
54 45
54 59
54 74
54 76
54 78
55 1
55 19
55 41
55 44
55 51
55 61
55 63
55 64
55 76
56 0
56 2
56 26
56 35
56 47
56 53
56 77
57 29
57 32
57 34
57 66
58 0
58 2
58 24
58 26
58 27
58 30
58 32
58 40
58 69
58 73
59 6
59 11
59 50
60 7
60 20
60 49
60 54
61 0
61 10
61 11
61 12
61 17
61 18
61 23
61 26
61 29
61 58
61 60
61 62
61 64
62 17
62 19
62 54
62 65
63 14
63 17
63 27
63 32
63 40
63 61
63 70
63 73
64 0
64 15
64 25
64 27
64 31
64 35
64 40
64 41
64 54
65 6
65 15
65 22
65 23
65 25
65 36
65 50
65 51
65 68
65 73
65 77
66 31
66 39
66 41
66 44
66 45
66 46
66 60
66 79
67 18
67 24
67 29
67 41
67 51
67 54
67 61
67 76
67 79
68 52
68 55
68 66
68 72
69 0
69 7
69 14
69 18
69 26
69 40
69 41
69 42
69 62
69 65
69 75
69 79
70 72
70 79
71 0
71 17
71 24
71 29
71 32
71 38
71 50
71 64
71 65
71 68
72 2
72 14
72 20
72 27
72 29
72 53
72 62
72 64
73 7
73 21
73 26
73 31
73 64
74 0
74 7
74 16
74 19
74 22
74 23
74 34
74 48
74 51
74 61
75 5
75 6
75 24
75 30
75 59
75 63
76 0
76 15
76 17
76 38
76 60
76 72
77 24
77 42
77 44
77 47
77 51
77 60
77 67
78 1
78 7
78 8
78 10
78 19
78 22
78 31
78 58
79 0
79 3
79 5
79 9
79 30
79 35
79 37
79 46
0 1 2 3 4 5 6 7 8 9 10 11 12 13 14 15 16 17 18 19
