80 235 16
0 3
0 9
0 18
0 48
0 49
0 64
0 77
1 18
1 61
2 3
2 25
2 56
2 65
3 0
3 2
3 66
4 6
4 20
4 30
4 54
5 14
5 60
5 63
6 4
6 5
6 31
6 34
6 66
6 70
6 71
7 38
8 9
9 0
9 8
9 38
9 58
9 74
10 15
11 26
12 35
13 17
13 53
14 5
14 60
15 10
15 61
16 23
16 50
16 53
16 55
17 13
17 42
17 44
18 0
18 1
18 33
18 51
19 43
19 76
20 4
20 58
21 18
21 36
22 37
22 55
22 69
22 77
23 16
23 30
23 38
23 61
24 52
24 57
25 2
25 31
25 73
26 11
26 41
26 54
26 77
27 35
28 34
28 38
28 78
29 61
29 72
30 4
30 23
31 6
31 25
31 32
31 35
31 49
31 61
31 65
31 71
32 31
32 65
33 18
33 67
34 6
34 28
35 12
35 27
35 31
35 52
35 57
35 71
35 79
36 21
36 54
37 22
37 46
38 7
38 9
38 23
38 28
38 61
39 50
39 59
39 61
40 73
41 26
41 44
42 17
42 49
43 19
43 66
44 17
44 41
44 50
44 69
45 65
46 37
47 58
48 0
48 59
48 75
49 0
49 31
49 42
49 68
49 78
50 16
50 39
50 44
51 50
51 62
52 24
52 35
53 13
53 16
53 56
53 58
54 4
54 26
54 36
54 56
54 57
54 77
55 16
55 22
56 2
56 53
56 54
57 24
57 35
57 54
57 58
58 9
58 20
58 47
58 53
58 57
58 76
59 39
59 48
59 73
60 5
60 14
61 1
61 15
61 29
61 31
61 38
61 39
61 62
61 67
62 51
62 61
63 5
63 67
64 0
64 72
65 2
65 31
65 32
65 45
65 77
66 3
66 6
66 43
67 33
67 61
67 63
67 77
68 49
69 22
69 44
69 73
70 6
71 6
71 31
71 35
71 74
72 29
72 64
73 25
73 40
73 59
73 69
74 9
74 71
75 48
76 19
76 58
77 0
77 22
77 26
77 54
77 65
77 67
78 28
78 49
79 35
0 1 2 3 4 5 6 7 8 9 10 11 12 13 14 15
