80 632 20
0 7
0 11
0 14
0 26
0 42
0 45
0 46
0 64
0 66
0 69
1 38
1 51
1 57
1 62
1 70
1 78
1 79
2 31
2 34
3 4
3 11
3 14
3 29
3 46
3 53
3 63
3 69
3 70
3 73
3 77
4 10
4 31
4 33
4 42
4 51
4 53
4 57
4 58
4 62
4 71
4 78
5 0
5 27
5 61
5 67
5 73
5 76
5 77
5 79
6 10
6 52
6 63
6 74
7 8
7 12
7 20
7 30
7 34
7 51
7 62
7 67
7 71
8 42
8 59
8 66
8 69
9 5
9 34
9 50
9 53
9 63
9 75
9 78
10 0
10 15
10 21
10 60
10 62
10 63
10 73
10 76
11 6
11 17
11 41
11 44
11 56
12 22
12 51
12 57
12 61
12 76
12 79
13 0
13 12
13 20
13 27
13 37
13 38
13 43
13 48
13 78
14 2
14 4
14 11
14 17
14 22
14 27
14 33
14 46
14 48
14 56
14 58
14 62
14 64
14 72
14 74
15 2
15 5
15 8
15 11
15 17
15 20
15 66
15 69
16 12
16 13
16 19
16 23
16 38
16 41
16 46
16 48
16 58
16 61
16 62
16 71
16 74
16 76
16 77
17 5
17 13
17 25
17 26
17 34
17 56
17 57
17 76
18 7
18 23
18 40
18 48
18 55
18 60
18 62
18 74
19 12
19 14
19 17
19 24
19 36
19 45
19 46
19 51
19 58
19 76
19 78
20 21
20 23
20 48
20 73
21 2
21 16
21 22
21 34
21 44
21 64
21 71
21 76
22 16
22 23
22 29
22 33
22 40
22 47
22 52
22 55
22 59
22 63
22 66
22 78
23 43
23 67
23 75
24 21
24 46
24 56
24 64
24 68
25 4
25 6
25 15
25 20
25 23
25 26
25 36
25 41
25 57
25 75
26 3
26 7
26 13
26 18
26 47
26 61
26 67
27 0
27 30
27 31
27 49
27 51
27 57
27 76
28 3
28 10
28 37
28 43
28 59
28 70
29 4
29 41
29 58
29 69
29 78
30 18
30 21
30 29
30 44
30 46
30 54
30 55
30 57
30 63
30 69
30 70
30 73
31 3
31 29
31 44
31 46
31 54
32 3
32 6
32 10
32 18
32 26
32 29
32 42
32 57
32 59
32 75
33 2
33 41
34 0
34 8
34 36
34 59
34 72
35 5
35 9
35 10
35 12
35 17
35 26
35 36
35 37
35 45
35 48
35 67
35 68
35 70
36 1
36 24
36 30
36 47
36 49
36 50
36 51
36 52
36 58
36 59
37 7
37 15
37 33
37 48
37 73
38 46
38 52
38 54
38 59
38 72
38 73
39 11
39 14
39 16
39 25
39 27
39 30
39 60
40 1
40 26
40 31
40 32
40 47
40 48
40 61
40 78
40 79
41 1
41 13
41 14
41 27
41 34
41 35
41 47
41 53
41 56
41 73
42 19
42 46
42 50
42 54
42 65
43 12
43 19
43 22
43 36
43 38
43 52
43 69
44 1
44 15
44 19
44 29
44 33
44 37
44 41
44 76
45 9
45 21
45 22
45 23
45 28
45 32
45 36
45 70
46 2
46 8
46 11
46 15
46 20
46 21
46 32
46 41
46 48
46 59
46 63
46 64
46 65
46 68
47 11
47 31
47 35
47 38
47 51
47 63
47 64
47 77
48 1
48 12
48 21
48 26
48 28
48 29
48 33
48 38
48 58
48 61
48 63
48 71
48 73
49 1
49 3
49 6
49 15
49 22
49 43
49 62
49 73
49 77
50 13
50 15
50 16
50 25
50 28
50 43
50 44
50 67
50 76
51 3
51 10
51 11
51 15
51 17
51 43
51 46
51 61
51 67
51 69
51 79
52 3
52 15
52 30
52 35
52 54
52 64
52 68
52 75
52 76
53 0
53 1
53 7
53 15
53 26
53 38
53 43
53 47
53 48
53 58
53 73
53 79
54 5
54 11
54 14
54 23
54 48
54 49
54 69
54 70
55 11
55 13
55 14
55 31
55 41
55 43
55 59
55 61
55 74
56 9
56 28
56 33
56 34
56 53
56 78
57 20
57 29
57 35
57 40
57 52
57 66
58 10
58 11
58 35
58 42
58 45
58 47
58 49
58 56
58 62
58 74
58 76
58 79
59 7
59 33
59 42
59 51
59 61
59 62
60 0
60 7
60 12
60 17
60 20
60 33
60 35
60 59
60 62
60 69
60 78
61 6
61 38
61 42
62 9
62 12
62 27
62 46
62 56
62 61
62 75
63 17
63 29
63 34
63 54
63 69
64 5
64 12
64 42
64 49
64 60
64 62
64 68
64 76
64 79
65 3
65 12
65 14
65 17
65 27
65 55
66 9
66 18
66 34
66 39
66 46
66 53
66 54
66 65
66 67
67 11
67 17
67 25
67 27
67 40
67 64
67 71
67 74
68 0
68 28
68 36
68 44
68 50
68 62
68 65
69 4
69 10
69 18
69 19
69 20
69 21
69 28
69 41
69 44
69 49
69 61
69 70
69 77
70 13
70 14
70 40
70 53
70 71
71 17
71 20
71 28
71 40
71 62
71 68
71 73
71 79
72 0
72 19
72 28
72 52
72 54
72 63
72 64
72 65
72 71
72 73
73 11
73 19
73 21
73 31
73 44
73 47
73 66
74 20
74 61
74 64
74 77
75 0
75 3
75 14
75 30
75 33
75 55
75 65
75 79
76 20
76 33
76 37
76 53
77 19
77 41
77 45
77 46
77 55
77 66
77 76
78 0
78 32
78 34
78 39
78 45
78 47
78 51
78 62
78 69
79 6
79 9
79 25
79 33
79 39
0 1 2 3 4 5 6 7 8 9 10 11 12 13 14 15 16 17 18 19
