80 209 20
0 33
0 48
0 56
1 42
2 22
2 29
2 55
2 63
3 7
3 11
3 19
3 20
4 26
5 25
5 43
6 19
7 3
7 14
7 43
8 24
8 28
8 47
9 45
9 56
10 62
10 69
10 74
10 78
11 3
11 16
11 48
12 5
12 64
13 62
14 7
15 20
15 30
15 52
15 55
15 62
16 0
16 41
16 60
17 8
17 67
17 77
18 61
18 74
18 75
19 6
19 37
19 39
19 70
19 71
20 3
20 15
20 33
20 53
21 6
21 10
22 2
22 14
22 52
22 76
23 24
23 49
23 53
24 8
24 23
24 41
25 5
25 13
25 16
26 36
26 38
26 67
27 4
27 73
28 8
28 57
28 79
30 32
30 51
30 58
30 59
31 58
32 21
32 44
32 46
32 75
32 76
33 20
33 51
33 70
34 22
34 58
35 17
35 70
36 26
36 67
38 45
38 76
38 78
40 43
40 57
40 63
41 14
41 70
41 79
42 67
42 79
43 7
43 45
43 49
43 58
44 0
44 32
45 43
47 12
47 27
48 32
48 41
48 64
48 65
49 0
49 10
49 15
49 54
49 61
50 13
51 3
51 27
51 33
52 15
52 53
52 67
53 20
53 52
53 57
54 49
55 30
55 63
56 0
56 9
56 33
56 42
57 6
57 28
57 40
57 52
57 59
57 76
58 34
60 16
60 72
60 77
60 79
61 11
61 49
62 69
63 16
63 22
63 40
63 43
64 12
64 14
64 31
65 48
66 6
67 26
67 36
67 42
67 50
67 59
68 10
68 22
69 1
69 9
69 41
69 62
70 35
70 64
71 19
72 16
72 60
72 68
73 27
73 56
73 59
73 60
73 75
74 4
74 10
74 18
74 29
74 62
74 76
75 32
76 30
76 32
76 38
76 57
76 62
76 74
77 60
78 20
79 28
79 35
79 60
0 1 2 3 4 5 6 7 8 9 10 11 12 13 14 15 16 17 18 19
