80 350 20
0 14
0 27
0 37
0 40
0 55
0 58
0 66
1 0
1 12
1 22
1 58
2 27
3 1
3 11
3 14
3 21
3 32
3 50
3 59
4 18
4 38
4 51
5 6
5 10
5 27
5 34
5 64
5 71
6 7
6 36
6 58
7 12
7 21
7 50
7 74
8 11
8 13
8 37
8 39
8 42
8 46
8 62
8 63
9 56
10 35
10 45
10 46
10 54
10 58
10 63
10 66
11 4
11 52
11 62
12 4
12 9
12 31
12 46
12 52
12 57
13 3
13 21
13 23
13 42
14 11
14 16
14 18
14 22
14 60
15 5
15 31
15 33
15 50
15 66
16 29
16 31
16 48
16 76
17 20
17 46
17 50
18 66
19 29
19 30
19 57
19 64
19 77
20 67
20 71
21 10
21 18
21 50
23 18
23 27
23 49
23 61
24 0
24 23
24 34
24 59
24 63
25 5
25 11
25 29
25 58
25 59
25 69
26 2
26 14
26 28
26 29
26 70
26 79
27 7
27 35
27 38
27 55
27 67
27 68
28 35
28 66
28 70
28 74
29 23
29 33
29 44
29 63
30 2
30 22
30 27
30 29
30 51
31 5
31 18
31 19
31 21
31 25
31 28
31 65
31 66
31 76
32 4
32 50
32 72
33 5
33 13
33 16
33 20
33 37
33 48
33 49
34 16
34 41
34 43
34 54
34 62
34 77
35 0
35 40
35 41
35 43
35 50
35 74
36 21
36 39
36 49
37 5
37 10
37 40
37 50
38 23
38 24
38 36
38 53
38 61
38 75
39 12
39 17
39 24
39 52
39 70
40 9
40 18
40 55
40 63
40 78
41 1
41 26
41 31
42 35
42 53
42 69
42 76
43 13
43 45
43 77
44 7
44 58
44 60
44 61
45 0
45 2
45 4
45 29
46 7
46 26
46 32
46 59
47 23
47 32
47 44
48 2
48 40
49 21
49 60
50 9
50 11
50 31
51 13
51 31
51 36
51 74
52 43
52 48
52 63
52 64
53 22
53 24
53 36
53 37
53 72
54 0
54 5
54 14
54 52
54 65
54 70
54 73
55 12
55 30
55 31
55 43
55 49
55 53
55 59
55 78
56 31
56 33
56 46
56 64
56 76
57 2
57 67
57 79
58 11
58 31
58 36
58 68
58 69
58 75
59 8
59 27
59 41
59 74
60 63
61 3
61 57
62 54
62 65
62 70
63 5
63 27
63 37
63 79
64 6
64 12
64 24
64 31
64 69
64 77
65 43
65 45
65 47
65 74
66 22
66 51
66 69
66 70
66 73
67 13
67 24
67 26
67 56
67 68
67 79
68 23
68 54
69 0
69 1
69 36
69 41
70 1
70 16
70 52
70 53
70 73
71 21
71 51
71 63
71 66
72 20
72 69
73 10
73 17
73 20
73 30
73 39
73 56
74 46
74 66
75 2
75 9
75 14
75 19
75 25
75 32
75 36
75 37
75 51
75 69
75 78
76 1
76 15
76 19
76 28
76 68
77 15
77 27
77 35
77 59
77 60
77 71
77 79
78 5
78 21
78 60
78 67
79 41
79 69
79 74
0 1 2 3 4 5 6 7 8 9 10 11 12 13 14 15 16 17 18 19
