80 350 16
0 7
0 12
0 27
0 37
0 61
1 9
1 28
1 41
1 48
1 61
2 29
2 77
3 7
3 30
3 33
3 45
3 66
4 3
4 48
5 24
5 51
5 53
5 69
6 0
6 2
6 17
6 26
6 52
6 62
6 69
6 79
7 12
7 20
7 42
8 11
8 12
8 24
8 27
8 38
8 40
8 50
8 57
8 79
9 0
9 2
9 11
9 43
9 75
10 28
10 30
10 39
10 50
10 54
10 56
11 46
11 79
12 11
12 23
12 47
12 51
12 77
13 0
13 9
13 20
13 24
13 48
13 62
13 64
13 68
14 7
14 20
14 56
14 65
14 67
14 75
15 6
15 13
15 29
15 47
15 71
15 75
15 78
16 34
16 51
17 15
17 67
18 6
18 9
18 26
18 29
18 67
19 16
19 20
19 63
20 10
20 24
20 25
20 79
21 76
23 52
23 58
23 66
24 6
24 29
24 31
24 64
25 30
25 53
25 57
25 59
25 66
26 9
26 70
26 77
27 4
27 11
27 58
27 73
27 77
28 13
28 22
28 64
28 75
29 76
29 79
30 37
30 50
30 79
31 26
31 28
31 35
31 61
31 63
32 1
33 11
33 21
33 34
33 37
33 42
33 59
34 14
34 17
34 35
34 55
34 71
35 4
35 19
35 20
35 21
35 54
35 72
35 73
36 38
36 50
36 51
36 52
36 72
36 76
36 79
37 6
37 11
37 12
37 18
37 34
37 39
37 46
37 47
38 68
38 75
39 1
40 2
40 4
40 55
40 70
40 78
41 22
41 37
41 48
41 53
42 0
42 23
42 49
42 51
42 70
43 6
43 21
43 76
43 77
44 26
44 32
44 37
44 42
44 46
44 50
45 17
45 79
46 51
46 59
46 73
47 55
48 5
48 27
48 47
49 2
49 7
49 32
49 43
49 46
49 60
49 72
50 6
50 21
50 33
50 52
50 71
51 11
51 13
51 50
51 59
51 68
52 21
52 39
52 48
52 49
52 62
53 24
53 28
53 29
53 37
53 60
53 68
53 76
54 1
54 13
54 43
54 45
54 65
54 77
55 12
55 17
55 20
55 33
55 38
55 41
55 51
55 64
55 65
55 73
55 74
56 15
56 51
56 67
56 73
57 13
57 15
57 20
57 31
57 38
57 68
58 0
58 2
58 19
58 25
58 32
58 35
58 55
58 74
58 76
59 21
59 30
59 70
60 16
60 24
60 39
60 48
60 67
61 23
61 51
61 64
61 67
61 71
62 32
62 38
62 49
62 66
62 78
63 29
63 32
63 43
63 57
63 58
63 65
63 75
64 20
64 47
64 63
65 2
65 7
65 8
65 9
65 19
65 59
66 6
66 16
67 1
67 24
68 26
68 49
68 54
69 31
69 32
69 51
69 63
69 79
70 2
70 13
71 54
72 4
72 5
72 9
72 20
72 23
72 32
72 62
74 13
74 15
75 36
75 66
75 69
75 77
76 44
76 45
76 46
76 49
76 50
76 75
76 79
77 7
77 23
77 68
78 23
78 30
78 31
78 39
78 57
78 63
78 73
79 1
79 14
79 37
0 1 2 3 4 5 6 7 8 9 10 11 12 13 14 15
