80 279 16
0 62
1 47
2 18
2 20
2 21
2 30
2 63
2 75
3 19
3 32
3 57
3 64
3 65
4 5
5 4
5 30
5 48
5 67
6 50
7 26
7 67
8 61
8 66
8 68
8 79
9 70
10 27
10 56
11 32
11 44
11 52
12 25
12 36
12 59
13 55
14 21
14 37
14 44
14 61
14 63
15 33
15 47
16 32
16 39
16 43
16 71
17 48
17 66
18 2
18 25
18 38
18 39
18 49
18 52
19 3
19 36
19 45
20 2
20 56
20 58
21 2
21 14
21 25
22 29
22 62
22 70
23 52
23 53
24 31
24 64
25 12
25 18
25 21
25 39
25 54
25 55
26 7
26 47
26 59
27 7
27 10
27 52
27 61
28 40
28 70
29 67
29 75
30 0
30 2
30 5
30 50
30 51
30 53
30 76
30 79
31 7
31 24
31 70
32 3
32 11
32 16
32 41
33 4
33 15
33 45
34 36
34 61
34 70
35 55
35 69
35 73
36 12
36 19
37 14
37 57
38 11
38 15
38 18
39 16
39 18
39 25
39 44
39 59
39 74
39 75
39 78
40 25
40 33
40 75
41 32
41 79
42 46
42 52
43 50
43 53
43 69
44 11
44 39
44 46
44 61
44 75
44 76
45 19
45 33
46 42
46 48
46 50
46 51
46 62
46 64
47 15
47 26
47 46
48 5
48 17
48 49
49 18
49 48
50 6
50 14
50 43
50 46
50 51
50 71
51 30
51 46
51 66
52 11
52 18
52 23
52 27
52 42
53 18
53 23
53 30
53 64
54 25
54 34
54 62
55 13
55 25
55 35
55 40
55 57
55 72
56 10
56 20
57 3
57 37
57 55
57 62
58 68
58 71
58 74
59 1
59 12
59 26
59 39
59 58
59 75
59 78
60 73
60 74
61 8
61 14
61 27
61 34
61 44
61 71
62 0
62 22
62 46
62 54
62 56
62 57
63 2
63 14
63 68
64 3
64 15
64 24
64 46
64 53
64 65
64 67
64 72
64 77
65 3
65 45
65 64
65 72
66 8
66 51
67 5
67 7
67 29
67 64
67 76
68 8
68 58
68 63
69 43
70 9
70 22
70 28
70 31
70 34
70 72
70 76
71 15
71 16
71 61
72 55
72 64
72 65
72 66
72 70
73 35
73 60
74 39
74 58
74 60
75 0
75 29
75 39
75 44
75 59
75 77
76 30
76 44
76 67
76 70
77 3
77 64
77 75
78 39
79 8
79 30
79 41
0 1 2 3 4 5 6 7 8 9 10 11 12 13 14 15
