80 350 20
0 24
0 41
0 50
0 56
1 18
1 25
1 30
1 62
2 20
2 42
3 31
4 13
4 32
4 39
4 53
4 63
4 68
5 18
5 45
5 50
5 53
5 54
5 76
6 57
6 74
6 75
7 44
7 46
7 48
7 60
7 71
8 36
8 39
8 49
8 60
8 63
8 65
9 35
9 38
9 40
9 55
9 79
10 0
10 5
10 32
10 67
10 73
10 78
11 15
11 29
11 33
11 63
11 73
11 74
12 13
12 18
12 46
12 53
12 57
12 76
13 34
13 35
13 37
13 57
14 13
14 18
14 19
14 24
14 30
14 46
14 74
15 8
15 35
15 51
15 57
15 74
15 76
16 13
16 69
16 76
17 16
17 27
17 60
18 28
18 41
18 64
18 69
19 3
20 10
20 45
21 4
21 20
21 48
22 39
22 41
22 43
22 64
22 71
23 6
23 63
23 75
23 76
24 27
24 41
24 47
25 42
25 58
26 16
26 22
26 38
26 39
26 42
26 53
26 65
27 13
27 39
27 40
27 49
27 58
27 78
28 15
28 16
28 24
28 36
28 48
28 54
29 10
29 18
29 22
30 12
30 20
30 33
30 43
30 49
30 65
30 69
30 79
31 7
31 14
31 25
31 39
31 40
31 57
31 69
32 5
32 36
32 38
32 41
32 44
32 53
32 63
32 64
32 70
33 19
33 54
33 56
34 46
34 49
35 39
35 63
35 77
36 27
36 40
36 43
37 26
37 28
37 33
37 45
37 72
37 76
38 20
38 74
38 76
39 0
39 2
39 9
39 15
39 16
39 18
39 21
39 40
39 72
40 33
41 1
41 13
41 51
41 74
41 78
42 11
42 18
42 22
42 31
42 60
42 78
43 13
43 14
43 37
44 29
44 34
44 38
44 69
45 0
45 26
45 48
45 77
46 51
47 51
48 26
48 40
48 59
48 79
49 5
49 67
49 75
50 3
50 6
50 34
50 51
50 52
51 3
51 11
51 12
51 17
51 29
51 30
51 44
52 11
52 20
52 65
53 22
53 23
53 71
54 30
55 1
55 20
55 24
55 66
55 68
55 72
56 58
56 76
57 7
57 10
57 20
57 22
57 62
58 2
58 11
58 15
58 34
58 64
59 2
59 3
59 12
59 27
59 33
59 45
59 77
60 16
60 28
60 45
60 61
60 63
60 69
61 5
61 6
61 21
61 22
61 28
61 32
61 33
61 57
61 77
61 78
61 79
62 9
62 29
62 52
62 73
63 20
63 24
63 29
63 36
63 46
63 66
64 42
64 46
64 62
65 9
65 68
66 6
66 11
66 34
66 64
67 0
67 42
68 27
68 48
68 73
69 23
69 38
69 67
70 28
70 43
70 57
70 67
71 4
71 18
71 26
71 41
71 46
72 2
72 3
72 7
72 29
72 33
72 65
72 71
73 3
73 5
73 6
73 9
74 4
74 43
74 44
74 76
75 14
75 29
75 30
75 44
75 47
75 66
75 77
76 7
76 11
76 39
77 22
77 33
77 50
77 52
78 13
78 57
78 62
79 0
79 20
79 37
79 39
79 42
79 59
79 73
0 1 2 3 4 5 6 7 8 9 10 11 12 13 14 15 16 17 18 19
