80 632 16
0 8
0 14
0 20
0 21
0 32
0 38
0 45
0 59
0 61
0 66
1 9
1 48
1 65
1 69
1 73
1 74
1 78
2 27
2 31
2 47
2 59
2 61
3 14
3 24
3 44
3 46
3 53
3 58
3 65
3 70
3 72
4 0
4 23
4 25
4 27
4 28
4 35
4 38
4 41
4 47
4 50
4 52
4 65
4 78
5 15
5 17
5 30
5 41
5 55
5 69
6 1
6 4
6 23
6 30
6 36
6 52
6 57
6 63
6 71
6 73
7 36
7 50
7 51
7 57
7 64
7 72
7 73
7 75
8 2
8 10
8 13
8 20
8 32
8 34
8 35
8 45
8 49
8 75
9 6
9 21
9 29
9 33
9 37
9 43
9 58
9 69
10 0
10 2
10 5
10 6
10 26
10 66
11 8
11 16
11 18
11 41
11 76
11 79
12 8
12 31
12 33
12 35
12 40
12 48
12 49
12 77
12 78
13 3
13 17
13 18
13 20
13 33
13 36
13 57
13 58
13 60
13 62
13 67
13 68
13 73
14 1
14 10
14 25
14 73
15 16
15 17
15 31
15 34
15 47
15 48
15 53
15 63
15 76
16 4
16 10
16 20
16 22
16 30
16 35
16 36
16 42
16 45
16 46
16 54
16 63
17 0
17 1
17 3
17 30
17 31
17 42
17 43
17 44
17 51
17 62
18 26
18 27
18 34
18 46
18 50
18 56
18 59
18 74
19 6
19 10
19 11
19 27
19 36
19 46
19 54
20 23
20 54
20 60
20 63
21 18
21 20
21 30
21 35
21 40
21 54
21 69
21 77
21 79
22 3
22 13
22 37
22 43
22 47
22 50
22 53
22 56
22 60
23 0
23 10
23 12
23 25
23 48
23 51
23 58
23 60
23 74
24 17
24 23
24 32
24 33
24 43
24 46
24 52
24 56
24 71
24 79
25 3
25 28
25 37
25 38
25 48
25 51
25 52
25 73
25 77
25 78
26 0
26 8
26 21
26 48
26 57
26 79
27 6
27 12
27 15
27 41
27 45
27 46
27 60
27 64
27 68
27 72
27 78
27 79
28 1
28 8
28 15
28 26
28 32
28 43
28 57
29 22
29 43
29 51
29 61
29 72
30 2
30 9
30 14
30 41
30 45
30 57
31 13
31 14
31 53
32 3
32 12
32 17
32 47
32 69
32 78
33 8
33 21
33 27
33 30
33 39
33 40
33 50
33 60
34 17
34 20
34 39
34 43
34 47
34 62
34 66
34 67
34 71
34 72
34 74
34 75
35 10
35 23
35 26
35 27
35 32
35 42
35 45
35 58
36 3
36 14
36 18
36 21
36 22
36 33
36 34
36 40
36 54
36 55
37 1
37 6
37 8
37 49
37 54
37 56
37 77
38 1
38 23
38 26
38 27
38 41
38 48
38 62
38 64
38 68
38 71
39 2
39 9
39 16
39 18
39 22
39 44
39 53
39 61
39 65
40 14
40 17
40 44
40 72
41 7
41 9
41 25
41 29
41 56
41 75
42 10
42 61
42 73
43 14
43 68
43 76
44 7
44 24
44 26
44 27
44 41
44 47
44 51
44 62
44 67
44 70
45 12
45 14
45 18
45 20
45 25
45 33
45 38
45 40
45 42
45 55
45 56
45 63
46 11
46 13
46 15
46 35
46 37
46 58
46 61
46 67
46 74
46 75
47 7
47 10
47 24
47 39
47 50
47 64
47 68
47 77
48 16
48 27
48 32
48 43
48 73
49 4
49 13
49 19
49 35
49 62
49 67
49 73
50 0
50 8
50 9
50 34
50 38
50 53
50 59
50 67
50 78
51 1
51 3
51 16
51 40
51 56
51 68
51 76
52 26
52 33
52 41
52 43
52 51
52 59
52 78
53 14
53 19
53 24
53 36
53 42
53 52
53 68
53 70
53 76
54 4
54 12
54 23
54 25
54 27
54 38
54 57
54 73
55 4
55 15
55 38
55 39
55 46
56 26
56 29
56 42
56 46
56 47
56 52
56 58
56 59
56 65
56 71
56 78
57 0
57 25
57 31
57 40
57 41
57 67
57 74
58 10
58 20
58 37
58 42
58 59
58 60
59 6
59 10
59 20
59 25
59 45
59 79
60 7
60 14
60 26
60 31
60 40
60 62
61 4
61 7
61 31
61 34
61 37
61 47
61 49
61 74
62 8
62 24
62 26
62 58
62 66
63 10
63 13
63 30
63 33
63 44
63 48
63 50
63 65
63 74
63 79
64 6
64 16
64 18
64 24
64 29
64 32
64 53
65 0
65 7
65 13
65 18
65 26
65 29
65 38
65 53
65 73
66 14
66 19
66 27
66 38
66 42
66 55
67 24
67 26
67 31
67 33
67 54
67 55
67 60
67 64
67 68
67 72
68 24
68 65
68 66
68 76
68 77
69 0
69 3
69 11
69 12
69 17
69 20
69 30
69 44
70 10
70 19
70 29
70 57
70 61
70 65
70 73
70 78
71 8
71 11
71 13
71 18
71 31
71 32
71 33
71 52
71 53
71 63
71 69
71 79
72 10
72 41
72 51
72 61
72 63
72 76
73 4
73 8
73 9
73 26
73 61
73 79
74 2
74 4
74 8
74 20
74 32
74 37
74 38
74 60
74 76
75 12
75 29
75 31
75 43
75 44
75 60
76 0
76 6
76 16
76 19
76 24
76 31
76 34
76 35
76 44
76 54
76 70
77 0
77 16
77 18
77 35
77 62
77 64
78 3
78 5
78 10
78 16
78 24
78 34
78 40
78 43
78 46
78 49
78 55
78 61
78 62
78 67
78 75
79 1
79 12
79 28
79 45
79 46
79 65
0 1 2 3 4 5 6 7 8 9 10 11 12 13 14 15
