80 209 8
0 14
0 42
0 50
0 52
1 19
1 48
1 51
1 56
1 78
2 0
2 13
2 57
3 15
3 66
4 15
4 63
5 9
6 4
6 58
6 60
7 1
7 29
7 49
8 6
8 11
8 25
8 33
9 5
9 49
10 35
10 42
10 55
11 4
11 34
12 10
12 26
13 2
13 26
14 13
14 16
14 63
15 3
15 4
15 36
17 23
17 24
17 42
17 49
17 75
19 1
19 36
19 56
19 70
20 32
20 70
20 75
20 77
21 6
22 40
22 50
22 61
22 78
23 16
23 17
25 62
26 13
26 19
27 0
27 9
27 44
27 73
27 74
28 7
28 12
28 14
28 42
28 48
28 71
28 72
29 7
29 70
31 18
31 24
31 33
31 51
31 54
32 20
32 47
32 52
33 8
33 31
33 60
33 61
33 78
34 8
35 46
35 48
36 14
36 60
36 75
37 5
37 8
37 40
37 45
37 63
37 75
38 14
39 46
39 79
40 27
40 32
40 37
40 69
40 75
40 79
41 13
41 23
41 35
41 60
41 65
42 3
42 10
43 0
43 56
43 74
44 37
44 59
44 70
45 47
45 77
46 17
46 35
46 39
46 42
46 67
47 45
47 64
47 72
48 50
48 68
49 7
50 0
50 22
50 44
50 48
50 57
50 66
50 76
51 31
51 73
52 68
53 75
54 31
56 55
56 66
57 50
58 6
58 47
58 50
58 67
59 44
59 67
60 6
60 18
60 26
60 36
60 41
60 63
61 22
61 54
62 32
63 14
63 37
63 58
63 60
65 35
65 41
66 56
67 33
67 58
67 59
68 30
68 38
68 48
68 63
69 24
69 40
69 42
69 63
70 29
71 13
71 28
72 47
73 27
73 30
73 67
74 49
74 51
75 17
75 36
75 37
75 53
75 77
76 3
76 79
77 64
78 1
78 22
79 76
0 1 2 3 4 5 6 7
