80 350 16
0 19
0 42
0 52
0 54
0 67
0 71
1 11
1 36
1 49
1 64
2 24
2 65
2 72
2 79
3 2
3 16
3 36
3 46
4 2
4 5
4 11
4 29
4 41
4 42
4 76
5 42
5 71
5 73
6 23
6 24
6 28
6 48
6 77
7 40
7 41
7 43
7 52
8 10
8 21
8 40
8 44
8 46
8 52
9 4
9 39
10 11
10 48
10 57
11 31
11 34
11 40
11 56
12 18
12 49
12 56
12 75
13 1
13 21
13 37
13 61
13 74
14 0
14 18
14 71
15 9
15 16
15 27
15 39
15 45
15 48
15 51
15 58
15 75
15 76
16 33
16 43
16 62
16 79
17 5
17 25
17 60
17 61
17 66
18 1
18 7
18 52
18 58
19 27
19 41
19 62
20 12
20 16
20 28
21 2
21 29
21 72
22 44
22 56
23 7
23 43
23 57
23 75
24 4
24 29
24 39
24 52
25 14
25 26
25 30
25 66
25 72
26 19
26 38
26 44
26 47
27 0
27 17
27 37
27 43
28 17
28 19
28 23
28 35
28 54
28 59
28 63
29 54
29 69
30 9
30 29
30 37
30 55
31 21
32 13
32 15
32 23
32 25
33 2
33 32
33 50
33 52
33 54
33 59
33 62
33 76
34 28
34 37
34 50
34 64
34 69
35 21
35 27
35 47
35 62
35 74
36 5
36 17
36 18
36 31
36 43
36 50
37 58
37 68
37 69
38 15
38 63
38 79
39 16
39 20
40 10
40 13
40 15
40 17
40 41
40 53
40 77
40 78
41 6
41 45
41 51
41 78
42 17
43 60
43 65
44 4
44 20
44 45
44 67
44 70
44 73
44 75
45 2
45 8
45 62
45 66
46 68
46 72
47 5
47 14
48 50
49 0
49 26
49 32
49 59
49 71
50 21
50 56
50 60
51 67
51 71
52 38
52 44
52 45
52 64
52 65
52 71
52 77
52 79
53 29
53 42
53 51
53 65
53 78
54 2
54 22
54 62
54 67
54 76
55 2
55 8
55 20
55 51
55 61
55 63
55 71
56 0
56 1
56 5
56 25
56 33
56 44
56 45
57 0
57 2
57 24
57 25
57 39
57 48
57 53
57 68
57 69
58 3
58 33
58 34
58 45
58 77
59 9
59 11
59 40
59 61
59 62
60 31
60 32
60 39
60 62
60 72
61 53
61 69
61 78
62 4
62 23
62 48
62 75
63 39
63 44
63 49
63 52
64 36
64 45
64 58
64 65
65 11
65 19
65 20
65 33
66 20
66 30
66 55
67 12
67 14
67 57
68 16
68 19
68 20
68 49
68 51
68 76
69 15
69 39
69 48
70 5
70 19
70 27
70 32
70 40
70 64
70 65
71 2
71 15
71 18
71 29
71 48
71 53
71 61
71 64
71 77
72 3
72 23
72 40
72 42
72 47
72 49
73 11
73 31
73 37
73 49
73 50
73 66
74 62
74 69
75 3
75 39
75 46
75 70
75 78
76 11
76 56
76 62
77 13
77 15
77 19
77 23
77 25
77 30
78 1
78 5
78 9
78 22
79 6
79 19
0 1 2 3 4 5 6 7 8 9 10 11 12 13 14 15
