80 632 16
0 5
0 9
0 29
0 40
0 49
0 53
0 55
0 61
0 65
0 75
1 28
1 43
1 48
1 62
1 65
1 70
1 79
2 0
2 11
2 20
2 31
2 49
2 63
2 71
3 1
3 12
3 28
3 42
3 48
3 57
3 66
4 1
4 6
4 9
4 34
4 37
4 43
4 60
4 63
4 67
4 71
4 73
5 12
5 19
5 27
5 36
5 40
5 41
5 42
5 46
5 47
5 56
6 3
6 42
6 46
6 49
6 56
6 60
6 73
7 13
7 19
7 36
7 43
7 45
7 48
7 69
8 0
8 2
8 20
8 23
8 24
8 25
8 28
8 39
8 54
8 69
8 75
8 79
9 2
9 13
9 48
9 49
9 50
9 58
9 70
9 76
10 2
10 27
10 30
10 50
11 19
11 34
11 35
11 42
11 61
11 64
11 75
12 0
12 7
12 8
12 11
12 19
12 22
12 23
12 29
12 45
12 63
12 64
12 69
12 73
12 77
13 12
13 23
13 31
13 65
13 69
13 70
13 72
13 78
14 1
14 15
14 22
14 30
14 69
14 71
14 73
14 78
15 2
15 3
15 6
15 11
15 17
15 27
15 31
15 32
15 38
15 45
15 51
15 55
15 57
15 58
15 74
16 17
16 21
16 24
16 28
16 35
16 60
16 63
16 74
17 10
17 13
17 18
17 24
17 26
17 31
17 44
17 65
17 66
18 9
18 13
18 15
18 20
18 21
18 23
18 27
18 49
18 56
18 57
18 60
19 27
19 41
19 50
20 5
20 14
20 22
20 23
20 39
20 48
20 53
20 54
20 59
20 65
20 68
21 9
21 26
21 34
21 37
21 47
21 57
21 59
21 61
21 76
22 2
22 3
22 5
22 36
22 37
22 48
22 49
22 51
22 53
22 57
22 60
22 62
22 72
23 30
23 65
24 3
24 5
24 9
24 12
24 20
24 28
24 31
24 33
24 34
24 53
24 59
24 60
25 16
25 19
25 24
25 44
25 46
25 48
26 8
26 20
26 37
26 58
27 6
27 8
27 11
27 16
27 37
27 48
27 65
27 66
28 4
28 5
28 19
28 29
28 32
28 35
28 38
28 40
28 42
28 48
28 51
28 59
29 4
29 19
29 22
29 26
29 33
29 34
29 42
29 54
29 67
29 71
29 77
30 1
30 4
30 18
30 43
31 46
31 61
31 78
32 1
32 11
32 20
32 42
32 75
33 5
33 7
33 10
33 11
33 19
33 21
33 23
33 26
33 28
33 37
33 55
34 1
34 26
34 27
34 37
34 38
34 40
34 65
34 70
34 77
35 14
35 17
35 22
35 34
35 39
35 40
35 42
35 44
35 58
35 59
35 69
36 15
36 24
36 39
36 49
36 50
36 54
36 58
36 62
37 1
37 5
37 7
37 14
37 25
37 50
37 60
37 67
38 1
38 9
38 10
38 14
38 18
38 29
38 57
38 61
38 72
38 73
39 9
39 16
39 19
39 22
39 27
39 32
39 44
39 63
39 76
39 79
40 7
40 8
40 11
40 14
40 30
40 48
41 0
41 18
41 30
41 34
41 37
41 42
41 69
42 7
42 10
42 16
42 17
42 25
42 26
42 33
42 48
43 6
43 10
43 27
43 48
43 57
43 74
43 79
44 0
44 23
44 34
44 43
44 49
44 52
44 53
44 56
45 1
45 31
45 36
45 58
45 70
45 79
46 3
46 19
46 23
46 27
46 29
46 30
46 39
46 42
46 61
46 73
46 76
47 16
47 19
47 20
47 26
47 35
47 41
47 50
47 51
47 52
47 67
48 8
48 11
48 44
48 45
48 52
48 58
48 60
48 74
48 77
49 10
49 52
49 53
49 74
50 14
50 20
50 29
50 42
50 51
50 59
50 75
51 6
51 12
51 13
51 60
51 68
51 74
52 9
52 18
52 24
52 50
52 51
53 12
53 29
53 31
53 36
53 46
53 58
53 77
54 16
54 31
54 44
54 73
54 75
55 11
55 13
55 53
55 61
55 68
55 79
56 0
56 10
56 14
56 23
56 35
56 38
56 40
56 43
56 47
56 79
57 12
57 16
57 41
57 56
57 64
57 65
57 67
57 73
58 0
58 27
58 49
58 65
59 66
59 67
59 73
60 11
60 29
60 55
60 61
60 63
61 7
61 8
61 22
61 40
61 43
61 45
61 74
62 7
62 14
62 19
62 28
62 30
62 35
62 46
62 56
62 64
62 79
63 35
63 41
63 52
63 77
64 2
64 16
64 46
64 70
65 16
65 26
65 37
65 38
65 48
65 56
65 60
66 2
66 6
66 14
66 16
66 18
66 28
66 29
66 47
66 75
67 11
67 30
67 40
67 63
67 66
67 71
68 10
68 12
68 14
68 25
68 27
68 30
68 31
68 36
68 38
68 54
68 61
68 79
69 0
69 36
69 45
69 47
69 55
69 58
69 60
70 11
70 20
70 33
70 56
70 65
70 67
70 72
70 73
71 3
71 21
71 22
71 35
71 42
71 43
71 53
71 54
71 60
71 64
71 72
71 75
72 9
72 10
72 24
72 33
72 39
72 46
72 51
72 61
72 69
72 74
73 9
73 10
73 20
73 27
73 30
73 33
73 37
73 62
73 63
73 66
73 78
74 17
74 26
74 30
74 35
74 41
74 71
74 76
75 13
75 14
75 22
75 30
75 40
75 42
75 47
75 48
76 5
76 13
76 17
76 19
76 31
76 32
76 37
76 59
76 79
77 0
77 8
77 14
77 43
77 66
77 70
78 4
78 5
78 15
78 17
78 23
78 26
78 38
78 62
79 2
79 26
79 60
79 61
79 78
0 1 2 3 4 5 6 7 8 9 10 11 12 13 14 15
