80 350 6
0 12
0 25
0 40
0 41
0 54
0 66
1 21
1 34
1 37
1 57
1 78
2 37
2 68
2 69
2 70
3 0
3 2
3 12
3 26
4 13
4 69
4 77
5 14
5 18
5 46
6 11
6 39
6 42
6 63
6 69
6 76
7 14
7 42
7 64
8 7
8 10
8 17
8 19
8 26
8 29
8 53
8 76
9 32
9 42
9 57
9 68
10 9
10 57
10 63
10 67
11 2
11 18
11 36
11 37
11 72
12 28
12 38
12 66
12 67
13 21
13 64
13 65
14 25
15 2
15 51
15 74
16 0
16 22
16 51
16 68
16 69
16 71
16 77
17 62
17 69
17 75
18 26
18 42
18 48
18 59
19 2
19 33
19 41
19 46
19 52
19 53
20 32
20 44
20 49
21 37
21 64
22 53
22 56
22 64
23 5
23 12
23 38
23 56
24 1
24 16
24 37
24 67
24 69
24 79
25 40
25 49
26 42
26 59
27 6
27 33
27 35
27 39
27 67
27 75
28 1
28 5
28 37
28 43
28 51
28 61
29 2
29 16
29 20
29 22
29 40
29 41
29 55
29 57
30 17
30 29
31 22
31 43
31 47
31 48
32 28
32 31
32 37
32 57
32 66
33 6
33 13
33 17
33 32
33 50
33 58
34 21
34 55
34 69
35 38
35 41
35 76
36 6
36 20
36 21
36 30
36 46
36 52
36 74
36 78
37 0
37 15
37 26
37 46
37 57
37 67
39 25
39 40
39 46
40 2
40 30
40 34
40 41
40 50
40 51
40 53
40 70
41 3
41 21
41 27
41 31
42 21
42 27
43 12
43 18
43 50
43 59
43 64
44 38
45 0
45 3
45 7
45 21
45 73
46 1
46 9
46 14
46 64
46 66
46 73
47 10
47 29
48 6
48 37
48 67
49 7
49 57
49 72
49 73
50 19
50 39
50 41
50 77
51 9
51 11
51 20
51 30
51 72
52 0
52 21
52 38
52 47
52 64
53 50
54 21
54 37
54 49
54 64
54 68
55 9
55 16
55 21
55 51
56 7
56 11
56 38
56 54
56 55
56 72
57 20
57 56
57 64
57 69
57 73
57 77
58 1
58 29
58 48
58 51
58 68
58 69
59 3
59 4
59 14
59 22
59 23
59 24
59 60
59 67
59 77
60 9
60 25
60 32
60 39
60 65
60 71
61 59
61 62
61 69
62 9
62 11
62 71
63 1
63 20
63 67
63 76
64 1
64 25
64 26
64 30
64 36
64 44
64 70
64 71
64 77
65 11
65 18
65 57
65 63
65 77
65 78
66 5
66 22
66 28
66 51
66 71
67 30
67 62
67 68
67 70
67 73
68 1
68 19
68 30
69 37
69 56
69 64
69 67
69 77
70 18
70 23
70 37
70 45
71 44
71 47
71 51
71 67
71 78
72 17
72 71
72 74
73 5
73 17
73 18
73 31
73 56
73 66
74 18
74 39
74 49
74 52
74 68
75 4
75 21
75 58
75 62
75 71
76 13
76 22
76 51
76 68
76 69
77 22
77 68
78 27
78 41
78 51
79 12
79 17
79 18
79 58
0 1 2 3 4 5
