80 350 6
0 28
0 39
0 69
0 72
1 11
1 12
1 14
1 54
1 60
1 73
2 1
2 22
2 74
3 9
3 12
3 13
3 24
3 41
3 74
4 20
4 26
4 28
4 42
5 10
5 38
6 2
6 4
6 12
6 13
6 31
6 49
6 51
6 63
6 74
7 43
7 47
7 57
7 68
8 1
8 33
8 39
8 42
8 56
9 16
9 21
10 24
10 46
10 55
10 73
10 76
10 77
11 0
11 18
11 23
11 44
11 52
11 70
12 5
12 25
12 28
12 37
12 56
12 58
13 17
13 60
13 62
13 65
14 6
14 7
14 10
14 22
14 64
14 72
14 73
15 30
15 55
15 59
16 17
16 41
16 43
16 46
16 54
17 44
17 51
17 61
17 71
18 2
18 36
18 53
18 56
18 60
19 2
19 14
19 24
19 72
20 12
20 38
20 55
21 4
21 17
21 30
21 57
21 72
22 44
22 58
22 60
22 67
22 76
22 79
23 19
23 65
23 78
24 54
24 59
24 62
25 21
25 39
25 51
25 67
26 11
26 28
26 32
26 37
26 54
26 60
26 68
26 69
27 5
28 10
28 11
28 19
28 25
28 35
28 38
28 50
28 77
29 12
29 13
29 19
29 48
29 52
29 56
29 57
29 69
29 71
29 77
30 16
30 20
30 40
30 52
30 62
30 75
31 2
31 17
31 79
32 7
32 35
33 0
33 36
33 69
33 77
34 19
34 27
35 11
35 34
35 69
35 77
36 1
36 15
36 27
36 62
36 65
36 69
36 71
37 22
37 25
37 43
37 64
37 67
37 73
38 1
39 11
39 43
39 57
39 68
39 71
40 7
40 10
40 13
40 18
40 68
41 0
41 17
41 23
41 31
41 40
41 72
41 75
42 18
42 61
43 19
43 21
43 26
43 77
44 27
45 16
45 36
46 3
46 13
46 27
46 36
46 41
46 53
47 15
47 35
47 54
48 26
48 33
48 50
48 52
48 65
49 11
49 12
49 19
49 29
49 35
49 46
50 21
50 24
50 33
50 38
50 65
51 2
51 4
51 14
51 28
51 59
51 66
51 71
51 75
51 76
52 2
52 22
53 19
53 21
53 45
53 65
53 74
54 10
54 61
54 64
54 78
54 79
55 18
55 46
55 68
56 48
56 52
56 59
57 23
57 36
57 38
57 71
57 79
58 71
59 23
59 48
59 53
59 57
59 68
59 69
60 6
60 27
60 34
60 35
60 37
60 38
60 63
60 73
61 5
61 16
61 18
61 47
61 64
61 72
61 79
62 1
62 27
62 40
63 3
63 37
63 48
63 49
63 71
64 18
64 63
65 5
65 15
65 18
65 25
65 64
66 2
66 25
66 28
66 29
66 45
66 61
67 13
67 18
67 26
67 53
68 9
68 16
68 17
68 78
69 12
70 2
70 22
70 26
70 58
71 47
71 56
72 3
72 27
72 44
72 55
73 26
73 46
73 61
73 69
74 4
74 5
74 78
75 19
75 43
76 1
76 9
76 21
76 65
76 67
76 79
77 2
77 15
77 50
78 39
78 65
79 8
79 19
79 42
79 73
0 1 2 3 4 5
