80 350 6
0 29
0 37
0 56
0 57
1 0
1 19
1 28
1 35
1 47
1 49
1 68
2 1
2 9
2 51
3 8
3 13
3 15
3 29
3 35
4 1
4 15
4 48
4 63
4 65
4 70
5 2
5 32
6 2
6 7
6 22
6 30
6 51
6 54
6 59
7 13
7 18
7 62
7 67
7 71
7 72
7 73
8 6
8 10
8 16
8 19
8 28
8 32
8 68
9 6
9 18
9 34
9 36
9 38
9 42
9 46
9 79
10 75
11 15
11 23
11 37
11 53
11 61
11 77
12 6
12 10
12 21
12 61
13 11
13 27
13 39
13 48
13 68
14 2
14 19
14 21
14 29
14 43
14 59
14 60
15 2
15 41
15 52
16 36
16 48
16 78
17 79
18 20
18 31
18 46
18 58
19 40
19 53
19 61
20 15
20 17
20 57
21 13
21 73
22 7
22 8
22 44
22 51
22 75
23 45
23 46
24 13
24 31
24 69
25 23
25 26
25 32
25 48
25 52
25 78
26 5
26 21
26 22
26 34
26 51
26 53
26 54
27 19
27 20
27 24
27 52
27 58
27 73
28 10
28 45
28 56
28 66
29 7
30 9
30 15
30 43
30 45
30 56
30 62
31 0
31 2
31 5
31 23
32 27
33 20
33 35
33 39
33 48
33 60
33 61
33 70
34 5
34 11
34 41
34 52
34 56
34 77
35 10
35 18
35 36
35 37
35 42
35 44
35 50
36 3
36 56
36 57
36 65
37 2
37 8
37 17
37 73
37 77
38 4
38 12
38 19
39 17
39 45
39 52
40 3
40 6
40 7
40 25
40 37
40 38
40 46
40 61
40 64
40 65
40 72
41 20
41 22
41 27
41 40
41 60
41 66
41 69
42 1
42 23
42 24
42 31
42 61
42 64
42 72
43 1
43 16
43 21
43 39
43 45
43 69
43 78
44 2
44 50
44 71
46 14
46 60
47 15
47 63
47 78
48 8
48 21
48 43
49 19
49 51
49 55
50 26
50 47
50 54
50 78
51 0
51 13
51 32
51 41
51 72
51 75
52 30
52 31
52 45
52 64
52 65
52 66
53 36
53 43
53 50
53 64
53 72
54 11
54 33
54 34
54 42
54 47
54 53
54 65
54 74
55 3
55 13
55 14
55 42
55 47
55 60
55 70
55 74
56 69
57 38
58 37
58 56
58 62
58 75
58 79
59 4
59 27
59 31
59 33
59 46
59 60
59 74
60 29
60 78
61 48
61 63
61 66
62 8
62 21
62 32
62 64
63 12
63 25
63 38
63 67
63 73
64 1
64 10
64 11
64 19
64 25
64 31
64 47
64 49
64 50
65 30
65 49
66 25
66 39
66 43
66 71
67 5
67 17
67 19
67 22
67 38
68 6
68 33
68 64
69 27
69 32
69 53
69 62
70 1
70 8
70 32
71 13
71 21
71 23
71 43
71 51
71 79
72 41
72 63
72 73
73 2
73 17
73 57
74 46
74 64
74 65
76 8
76 47
76 48
76 63
77 20
77 21
77 39
77 71
78 1
78 28
78 40
78 52
78 57
78 58
79 61
79 70
0 1 2 3 4 5
