80 632 8
0 34
0 44
0 48
0 49
0 63
0 64
0 66
0 70
0 71
0 77
1 8
1 56
1 63
1 68
1 74
1 78
2 1
2 12
2 32
2 48
2 53
2 57
2 58
2 65
3 1
3 20
3 30
3 31
3 41
3 42
3 47
3 52
3 53
3 62
3 63
3 69
3 75
4 6
4 12
4 13
4 14
4 19
4 22
4 46
4 61
4 68
4 74
4 79
5 20
5 26
5 28
5 50
5 56
5 60
5 70
5 75
6 16
6 20
6 24
6 27
6 45
6 47
6 52
6 64
6 69
7 10
7 18
7 20
7 41
7 49
7 61
7 68
7 71
7 77
8 10
8 38
8 39
8 40
8 44
8 67
9 12
9 20
9 22
9 79
10 55
11 9
11 30
11 33
11 57
11 78
12 1
12 17
12 28
12 49
12 53
12 55
12 62
12 66
12 79
13 0
13 14
13 24
13 28
13 31
13 50
13 53
13 61
13 63
13 64
13 79
14 1
14 23
14 42
14 63
14 71
15 4
15 14
15 54
15 57
15 60
15 72
15 77
16 13
16 21
16 23
16 25
16 32
16 34
16 41
16 44
16 53
16 70
16 73
16 77
16 79
17 3
17 8
17 15
17 22
17 46
17 50
18 8
18 9
18 41
18 43
18 74
19 1
19 6
19 39
19 47
19 55
19 64
20 15
20 29
20 31
20 41
20 59
20 65
20 69
20 71
21 2
21 12
21 14
21 15
21 30
21 38
21 50
21 52
21 68
22 8
22 36
22 45
22 52
22 53
23 3
23 15
23 29
23 34
23 45
23 51
23 53
23 55
23 67
24 2
24 7
24 8
24 29
24 32
24 33
24 38
24 48
24 54
24 57
24 70
25 4
25 11
25 40
25 44
25 52
25 55
25 57
25 61
25 63
26 3
26 6
26 18
26 21
26 28
26 34
26 38
26 40
26 66
26 72
27 12
27 15
27 21
27 33
27 35
27 38
27 50
27 58
27 62
27 73
27 77
28 17
28 22
28 24
28 32
28 56
28 68
29 2
29 3
29 15
29 16
29 51
29 63
29 72
29 78
30 5
30 24
30 63
31 17
31 22
31 35
31 39
31 44
31 45
31 49
31 52
31 53
31 54
31 65
31 71
32 3
32 5
32 23
32 41
32 67
33 18
33 21
33 26
33 32
33 42
33 47
33 50
33 70
34 2
34 6
34 10
34 13
34 15
34 30
34 61
34 71
35 5
35 6
35 9
35 26
35 33
35 34
35 47
35 60
35 65
35 74
36 18
36 31
36 47
36 76
37 8
37 34
37 45
37 48
37 53
37 54
37 57
37 65
37 75
37 77
38 7
38 22
38 34
38 42
38 69
38 71
39 13
39 26
39 28
39 47
39 64
39 67
39 69
39 77
40 0
40 28
40 35
40 42
40 47
40 63
40 65
40 69
41 1
41 5
41 12
41 44
41 48
41 64
41 69
41 79
42 4
42 10
42 22
42 29
42 41
42 50
42 72
43 1
43 6
43 8
43 20
43 27
43 36
43 44
43 47
43 68
44 4
44 10
44 20
44 23
44 34
44 38
44 42
44 63
44 77
45 32
46 9
46 22
46 26
46 30
46 35
46 44
46 47
46 58
46 74
47 0
47 25
47 27
47 48
47 51
47 60
47 64
47 74
48 29
48 34
48 57
48 67
49 2
49 18
49 29
49 34
49 37
49 46
49 53
49 60
49 67
49 70
49 77
49 78
50 20
50 22
50 36
50 38
50 40
50 43
50 47
50 66
50 74
51 3
51 4
51 10
51 18
51 26
51 35
51 37
51 59
51 61
51 66
51 73
52 0
52 10
52 15
52 28
52 32
52 33
52 44
52 64
52 65
52 68
52 74
53 7
53 10
53 28
53 29
53 45
53 48
53 52
53 54
53 58
53 64
53 79
54 11
54 14
54 32
54 57
54 72
55 3
55 5
55 49
55 58
55 66
55 72
55 74
55 76
56 12
56 18
56 29
56 41
56 51
56 58
56 61
56 79
57 0
57 3
57 13
57 21
57 26
57 34
57 40
57 42
57 53
57 61
57 67
57 74
58 39
58 40
58 43
58 60
58 61
58 68
58 77
59 3
59 7
59 11
59 13
59 22
59 28
59 45
59 56
59 62
60 1
60 4
60 26
60 39
60 67
60 71
61 15
61 17
61 43
61 46
61 49
61 54
61 55
62 2
62 5
62 6
62 9
62 29
62 31
62 33
62 36
62 48
62 49
62 77
63 6
63 21
63 36
63 41
63 48
64 2
64 4
64 15
64 31
64 49
64 59
64 61
64 66
64 74
65 27
65 28
65 39
65 46
65 61
65 72
65 77
66 6
66 7
66 27
66 34
66 40
66 43
66 53
66 56
66 58
66 65
67 0
67 22
67 50
67 64
67 77
68 24
68 26
68 27
68 29
68 34
68 35
68 47
68 55
68 56
68 75
69 0
69 36
69 45
69 50
69 56
69 63
69 71
69 79
70 10
70 12
70 44
70 55
70 66
70 68
70 77
71 10
71 11
71 12
71 19
71 24
71 26
71 28
71 32
71 40
71 51
71 52
71 61
71 64
71 68
71 74
72 8
72 40
72 62
72 67
73 0
73 11
73 19
73 20
73 21
73 23
73 39
73 66
73 71
73 75
73 76
74 7
74 22
74 28
74 41
74 79
75 9
75 21
75 43
75 45
75 50
75 54
75 55
75 60
75 61
75 69
75 76
76 5
76 16
76 17
76 24
76 44
76 54
76 56
76 64
76 72
76 77
77 9
77 38
78 0
78 12
78 15
78 33
78 46
79 0
79 2
79 14
79 38
79 66
79 76
0 1 2 3 4 5 6 7
