80 350 20
0 5
0 10
0 23
0 24
0 38
0 40
0 45
0 75
0 78
1 40
1 75
2 33
2 52
2 55
2 60
2 61
2 64
3 2
3 15
3 27
3 43
3 61
3 67
4 0
4 42
4 79
5 61
5 67
5 70
5 72
6 0
6 18
6 31
6 38
6 60
6 62
6 74
7 3
7 8
7 29
7 44
7 46
7 52
8 2
8 4
8 29
8 31
9 3
9 31
9 60
9 75
9 77
10 19
10 32
10 42
10 44
11 3
11 25
11 46
11 53
12 30
12 37
12 49
12 58
12 66
12 74
13 37
13 39
13 41
13 72
14 9
14 31
14 33
14 36
14 41
14 72
15 21
15 36
15 44
15 51
15 67
16 11
16 19
16 53
17 19
17 31
17 35
17 39
17 51
17 61
17 77
18 1
19 23
19 51
19 77
19 78
20 0
20 4
20 11
20 13
20 24
20 38
20 43
21 34
22 33
22 36
22 44
22 57
22 59
22 68
22 69
23 20
23 52
23 56
24 2
24 39
24 68
24 76
25 55
25 58
25 63
25 67
25 79
26 3
26 14
26 25
26 27
26 68
26 78
27 0
27 6
28 0
28 12
28 15
28 20
28 69
28 73
29 2
29 16
29 37
29 65
29 70
29 75
30 15
30 36
30 50
30 78
30 79
31 2
31 13
31 19
31 55
31 75
32 37
32 39
32 42
32 70
32 74
32 76
33 16
33 17
33 18
34 13
34 16
34 53
34 55
35 5
35 71
36 19
36 20
36 27
36 37
36 67
36 68
37 16
37 20
37 44
38 5
38 29
38 41
38 42
38 62
38 73
39 44
39 57
39 58
39 67
39 78
40 16
41 1
41 5
41 15
41 23
41 26
41 27
41 61
42 3
42 36
42 44
42 47
42 59
43 19
43 28
43 38
43 54
44 11
44 35
44 74
45 6
46 1
46 14
46 39
46 48
46 77
47 12
47 19
47 32
47 34
47 51
48 0
48 2
48 8
48 14
49 17
49 18
49 19
49 63
50 1
50 17
50 19
50 22
50 49
50 51
50 74
51 12
51 24
51 34
51 58
51 62
51 77
51 78
52 6
52 10
52 25
52 39
52 48
53 45
53 63
53 78
54 9
54 17
54 27
54 46
54 58
54 69
54 72
54 77
55 6
55 10
55 19
55 39
55 41
55 61
55 66
56 24
56 36
57 8
57 9
57 36
57 38
57 41
57 44
58 15
58 50
58 62
59 29
59 60
59 65
59 73
60 22
60 77
60 79
61 7
61 19
61 27
61 70
62 27
62 66
63 44
63 57
64 1
64 20
64 22
64 30
64 42
64 49
64 55
64 59
65 44
65 52
65 72
66 0
66 4
66 9
66 22
66 34
67 41
67 46
67 55
67 77
68 13
68 18
68 27
68 35
68 53
68 77
69 5
69 21
70 48
71 12
71 13
71 69
72 78
73 18
73 29
74 4
74 25
74 43
74 68
75 20
75 42
75 66
75 71
75 76
75 79
76 18
76 19
76 27
76 45
76 74
77 25
77 34
77 40
77 64
78 27
78 34
78 69
78 74
79 52
79 71
0 1 2 3 4 5 6 7 8 9 10 11 12 13 14 15 16 17 18 19
