80 292 20
0 34
0 68
0 74
0 76
1 16
1 27
2 29
2 59
2 69
3 25
3 28
3 52
3 70
4 67
5 15
5 41
5 49
5 61
5 65
5 77
6 20
6 58
7 0
7 33
7 63
8 31
8 40
8 48
8 79
9 6
9 16
10 19
10 36
11 36
11 48
11 76
12 13
12 38
12 42
12 52
13 12
13 44
13 46
13 72
14 52
15 5
15 31
15 39
15 44
15 53
16 1
16 9
16 71
17 6
17 18
17 50
17 59
17 63
18 17
18 22
18 45
18 76
19 10
19 26
19 30
19 40
19 51
19 54
19 79
20 6
20 15
20 55
21 26
21 33
22 18
23 37
23 39
23 44
23 51
23 54
24 27
24 39
24 60
24 65
24 74
25 3
25 33
25 35
25 43
25 53
25 72
26 19
26 21
26 52
27 1
27 15
27 24
27 62
28 3
28 43
28 44
28 63
28 70
29 2
29 5
29 55
29 73
30 19
30 35
30 61
30 77
31 8
31 15
31 33
32 69
33 7
33 21
33 25
33 31
33 73
33 75
34 0
34 76
35 25
35 39
35 48
35 77
36 10
36 11
36 73
37 23
37 41
37 52
37 62
37 76
38 12
38 71
38 76
39 15
39 23
39 24
39 35
39 77
40 8
40 19
40 70
40 71
41 5
41 37
41 63
41 66
42 12
43 25
43 28
44 0
44 13
44 23
44 28
44 43
45 18
45 59
46 13
46 52
46 56
46 68
47 67
48 8
48 11
48 35
48 55
48 58
49 5
49 14
49 30
49 72
50 17
50 54
51 19
51 23
51 63
51 70
51 74
52 3
52 14
52 26
52 37
52 46
52 71
53 15
53 25
53 78
54 23
54 50
54 73
55 20
55 29
55 48
56 46
56 79
57 62
58 6
58 66
59 2
59 17
59 73
60 24
60 63
60 71
61 5
61 30
61 64
61 70
61 76
62 27
62 37
62 57
62 68
63 7
63 17
63 28
63 41
63 51
63 60
64 61
65 5
65 24
66 41
66 78
67 4
67 47
67 68
67 73
68 0
68 46
68 62
68 67
68 75
68 78
69 2
70 3
70 28
70 51
70 61
71 0
71 16
71 38
71 40
71 52
71 70
71 73
71 75
71 79
72 12
72 13
72 49
73 29
73 33
73 36
73 54
73 59
73 67
73 71
74 0
74 9
74 24
74 51
74 77
75 18
75 33
75 68
75 71
76 0
76 11
76 18
76 34
76 37
76 38
76 44
76 61
77 5
77 30
77 35
77 39
77 74
78 36
78 53
78 66
78 68
79 8
79 19
79 56
79 71
0 1 2 3 4 5 6 7 8 9 10 11 12 13 14 15 16 17 18 19
