80 350 8
0 18
0 31
0 34
0 40
0 57
0 76
1 15
1 60
1 75
2 10
3 18
4 5
4 27
4 32
4 42
4 50
4 68
5 3
5 39
5 64
6 9
6 26
6 29
6 67
7 61
8 53
8 66
8 70
8 71
9 10
9 15
9 26
9 59
9 61
9 70
9 75
10 17
10 19
10 40
10 43
10 52
10 56
10 76
11 9
11 30
11 47
11 49
11 61
11 68
11 70
12 15
13 4
13 15
13 35
13 44
13 58
13 61
13 72
14 0
14 30
14 31
14 46
14 75
14 78
15 19
15 47
15 55
15 57
15 75
16 21
16 77
17 11
17 18
17 31
17 47
17 48
18 21
18 28
18 62
18 71
18 76
19 36
19 38
19 72
20 1
20 29
20 32
20 78
21 1
21 14
21 20
21 79
22 56
23 30
23 46
24 30
24 50
24 78
25 8
25 21
25 64
25 76
25 78
26 8
26 17
26 35
26 38
26 59
26 61
26 69
27 32
27 53
28 0
28 8
28 13
28 17
28 22
28 55
28 58
29 5
29 38
29 42
29 47
29 48
30 18
30 39
30 44
30 59
30 64
32 0
33 6
33 15
33 16
33 21
33 59
33 60
33 73
34 17
34 19
34 26
34 54
34 58
35 12
35 23
35 71
36 3
36 45
36 48
36 61
36 65
37 18
37 39
37 40
37 42
37 43
37 64
38 14
38 44
38 51
38 55
39 9
39 20
39 26
39 38
39 65
40 46
41 18
41 26
41 70
41 76
42 5
42 15
42 51
42 54
42 55
42 60
42 65
43 22
43 41
43 42
43 47
43 60
43 66
44 2
44 12
44 25
44 51
44 52
44 62
44 69
45 0
45 11
45 74
46 9
46 19
46 41
46 61
46 66
47 28
47 49
47 74
48 20
49 42
49 50
49 70
50 10
50 12
50 14
50 33
50 34
50 44
51 2
51 15
51 21
51 41
51 48
51 59
51 73
52 18
52 23
52 29
52 47
52 60
53 0
53 3
53 7
53 52
53 56
54 22
54 23
54 62
54 67
55 6
55 13
55 20
55 59
55 63
55 64
56 18
56 30
56 52
56 70
57 7
57 9
57 26
57 29
57 31
57 33
57 40
57 45
57 51
57 63
57 64
57 73
58 36
58 45
58 48
58 56
58 59
58 60
58 71
59 21
59 39
59 46
59 72
60 14
60 71
60 78
61 2
61 35
61 47
61 49
61 68
61 74
62 10
62 52
62 61
62 65
63 10
63 38
63 79
64 21
64 49
64 79
65 20
65 30
65 67
66 10
66 28
66 31
66 56
66 67
66 76
67 8
67 14
67 26
67 42
67 50
67 60
68 13
68 31
68 32
68 71
69 16
69 43
69 48
70 3
70 19
70 20
70 21
70 40
70 68
70 77
71 3
71 5
71 42
71 43
72 32
72 53
72 70
73 30
73 66
74 4
74 23
74 28
74 75
75 17
75 33
75 48
75 58
75 73
75 79
76 4
76 24
76 70
76 72
77 3
77 24
77 27
77 44
77 59
77 65
78 1
78 10
78 51
78 56
78 69
79 12
79 41
79 68
0 1 2 3 4 5 6 7
