80 350 8
0 7
0 12
0 19
0 24
0 46
0 48
0 49
0 60
0 63
0 77
1 41
2 3
2 30
2 37
2 42
2 55
2 56
2 65
3 0
3 9
3 33
3 66
4 6
4 30
4 54
5 1
5 20
5 21
5 51
5 60
5 61
5 67
6 5
6 12
6 40
6 56
6 66
6 70
6 71
6 76
7 21
7 38
7 60
7 77
8 3
8 41
9 0
9 8
9 15
9 31
9 33
9 37
9 38
9 58
9 59
10 3
10 22
10 38
10 62
11 41
11 57
12 35
12 46
12 55
13 10
13 17
14 5
14 15
14 23
14 24
14 61
15 5
15 10
15 12
15 61
15 71
15 74
15 77
16 23
16 27
16 53
16 55
16 58
17 16
17 19
17 42
17 64
17 69
18 0
18 1
18 21
18 48
18 51
19 24
19 43
19 46
20 4
20 16
20 48
23 9
23 30
23 61
23 78
24 6
24 51
25 2
25 4
25 10
25 36
25 37
25 71
26 11
26 31
26 41
26 44
26 63
26 77
27 19
27 43
27 54
27 70
28 1
28 8
28 32
28 34
28 78
29 1
29 37
29 47
29 53
29 61
29 64
29 79
30 47
30 74
31 4
31 6
31 8
31 25
31 27
31 32
32 20
32 65
32 70
33 0
33 18
33 35
34 6
34 39
34 42
34 72
35 27
35 31
35 49
35 52
35 64
35 71
35 79
36 21
36 54
36 56
36 74
37 16
37 20
37 22
37 46
37 56
37 68
38 15
38 23
38 28
38 43
39 24
39 33
39 50
39 55
40 14
40 29
40 39
40 65
40 73
41 0
41 27
42 7
42 12
42 58
42 63
43 4
43 29
43 66
44 1
44 17
44 41
44 50
44 69
45 5
45 23
45 31
45 65
46 47
46 52
46 57
46 70
47 32
47 51
47 58
48 60
48 75
49 31
49 42
49 55
49 56
50 0
50 16
50 23
50 40
50 51
51 32
51 37
51 45
51 63
52 13
52 24
52 50
52 58
52 74
53 13
53 17
53 19
53 46
53 56
54 16
54 17
54 26
54 56
54 77
55 0
55 22
55 46
56 25
56 46
56 75
56 79
57 2
57 17
57 18
57 24
57 35
57 54
57 58
57 59
57 60
58 1
58 17
58 20
58 53
58 63
58 74
58 76
59 39
59 48
59 50
59 63
59 71
59 73
60 2
60 14
60 34
60 64
61 1
61 13
61 27
61 31
61 38
61 39
61 62
61 67
62 2
62 9
62 39
62 48
62 51
62 70
62 77
63 1
63 5
63 25
63 41
63 47
63 66
63 67
63 68
63 71
63 78
64 0
64 30
64 39
64 53
64 58
64 61
64 72
65 31
65 53
65 60
65 61
65 64
65 75
66 51
66 68
67 33
68 49
68 52
69 8
69 19
69 22
69 73
70 29
70 44
70 50
70 57
71 18
71 31
71 47
72 8
72 29
72 52
72 73
73 25
73 51
73 56
73 65
74 9
74 12
74 16
74 28
74 62
74 71
75 67
75 76
76 19
76 68
77 22
77 57
77 65
77 66
77 67
78 1
78 49
78 71
79 31
0 1 2 3 4 5 6 7
