80 632 20
0 8
0 14
0 21
0 23
0 33
0 38
0 39
0 52
0 57
0 61
1 7
1 35
1 47
1 55
1 56
1 59
1 61
2 9
2 20
2 31
2 42
2 63
3 1
3 2
3 9
3 14
3 37
3 39
3 59
3 60
3 65
3 73
3 74
4 30
4 36
4 45
4 54
4 59
4 66
4 73
4 77
5 32
5 41
5 57
5 70
5 76
6 0
6 1
6 7
6 14
6 17
6 22
6 36
6 66
6 72
7 3
7 14
7 29
7 30
7 35
7 39
7 46
7 55
7 74
7 78
8 3
8 14
8 26
8 33
8 37
8 39
8 43
8 58
8 65
8 72
8 76
9 16
9 21
9 25
9 60
9 64
9 77
10 0
10 2
10 3
10 44
10 51
10 56
10 69
10 74
11 3
11 24
11 48
11 60
11 67
11 72
12 35
12 41
12 59
12 62
12 64
12 72
12 77
12 79
13 45
13 51
13 57
13 63
13 69
14 1
14 22
14 29
14 38
14 40
14 42
14 43
14 58
14 62
14 70
14 79
15 4
15 70
15 74
15 76
16 1
16 12
16 13
16 22
16 27
16 36
16 41
16 52
16 61
16 72
16 75
16 79
17 3
17 4
17 5
17 15
17 16
17 21
17 27
17 36
17 53
17 54
17 63
17 69
18 4
18 9
18 21
18 72
18 76
19 0
19 1
19 11
19 42
19 63
19 69
20 8
20 21
20 22
20 30
20 31
20 35
20 62
20 63
20 66
20 70
20 79
21 13
21 28
21 32
21 33
21 45
22 10
22 28
22 37
22 42
22 45
22 76
23 7
23 19
23 20
23 22
23 26
23 32
23 38
23 41
23 42
23 43
23 50
23 62
23 70
23 75
23 76
24 3
24 8
24 26
24 33
24 44
24 59
24 64
24 75
24 78
25 11
25 32
25 37
25 61
25 62
25 64
26 0
26 2
26 19
26 21
26 41
26 54
26 65
26 76
26 78
27 8
27 9
27 20
27 22
27 32
27 44
27 50
27 52
27 53
27 72
28 16
28 23
28 34
28 36
28 60
28 74
29 0
29 48
29 66
29 79
30 34
30 39
30 43
30 51
30 52
30 74
31 1
31 7
31 14
31 34
31 35
31 41
31 42
31 46
31 47
31 67
31 77
32 11
32 12
32 15
32 61
32 68
32 77
33 22
33 37
34 1
34 21
34 73
35 26
35 30
35 33
35 34
35 49
35 62
35 73
35 74
35 79
36 3
36 11
36 22
36 30
36 33
36 35
36 42
36 78
37 7
37 9
37 14
37 28
37 44
37 49
37 69
38 9
38 13
38 22
38 42
38 44
38 63
38 64
38 68
38 71
39 6
39 29
39 36
39 55
39 58
40 11
40 20
40 32
40 46
40 57
40 67
40 73
41 19
41 20
41 21
41 22
41 29
41 39
41 54
41 55
41 58
42 24
42 26
42 51
42 53
42 57
42 68
42 77
43 11
43 20
43 31
43 48
43 50
43 63
43 76
44 0
44 5
44 6
44 11
44 15
44 28
44 30
44 31
44 35
44 43
44 52
44 53
44 59
44 79
45 3
45 8
45 14
45 23
45 24
45 39
45 41
45 64
45 70
46 1
46 15
46 27
46 42
46 43
46 45
46 60
47 6
47 8
47 12
47 50
47 64
47 77
47 79
48 0
48 9
48 15
48 17
48 23
48 27
48 32
48 52
48 59
48 64
48 71
49 11
49 15
49 34
49 45
49 51
49 53
49 63
49 78
50 5
50 9
50 14
50 33
50 34
50 36
50 40
50 51
50 54
50 57
50 60
50 71
51 47
51 58
51 64
51 71
51 79
52 5
52 11
52 18
52 23
52 29
52 56
52 57
52 60
52 77
52 79
53 6
53 7
53 10
53 33
53 35
53 46
53 59
53 63
53 76
54 10
54 13
54 15
54 34
54 40
54 52
54 64
54 78
55 15
55 16
55 24
55 28
55 42
55 51
55 53
55 65
55 78
56 18
56 26
56 28
56 35
56 55
56 71
56 74
57 11
57 12
57 27
57 61
57 66
57 75
58 0
58 26
58 47
58 74
58 75
58 77
59 10
59 18
59 46
59 62
59 63
59 65
59 67
59 68
59 70
59 78
60 31
60 33
60 40
60 42
60 44
60 62
61 12
61 45
62 26
62 42
62 43
62 48
62 49
62 55
62 56
62 76
63 1
63 25
63 29
63 39
63 41
63 64
64 1
64 7
64 18
64 26
64 29
64 44
64 49
64 56
64 71
64 74
64 77
65 0
65 7
65 17
65 37
65 41
66 21
66 22
66 44
66 45
66 50
66 58
66 59
67 0
67 5
67 6
67 7
67 14
67 17
67 21
67 27
67 33
67 35
67 42
67 44
67 58
67 60
67 73
68 5
68 8
68 15
68 26
68 37
68 50
68 52
68 58
68 69
68 73
69 18
69 28
69 31
69 45
69 48
69 53
69 70
69 77
70 3
70 8
70 11
70 29
70 31
70 36
70 49
70 60
71 24
71 26
71 27
71 36
71 43
71 46
71 49
71 66
71 72
72 22
72 28
72 47
72 48
72 58
72 61
72 64
73 5
73 8
73 20
73 31
73 45
73 57
73 63
73 64
73 66
73 78
74 45
74 54
74 63
74 78
75 10
75 13
75 20
75 22
75 28
75 39
75 51
75 55
75 59
75 60
75 62
76 10
76 12
76 65
76 67
76 77
76 78
77 10
77 15
77 20
77 22
77 35
77 36
77 50
77 62
77 65
77 67
77 70
77 79
78 28
78 43
78 47
78 61
78 68
78 72
79 10
79 11
79 13
79 28
79 48
79 56
79 78
0 1 2 3 4 5 6 7 8 9 10 11 12 13 14 15 16 17 18 19
