80 350 16
0 22
0 33
0 44
0 52
1 4
1 7
1 34
1 50
1 51
1 71
2 35
3 24
3 33
3 42
3 64
3 72
4 12
4 46
4 62
5 7
5 8
5 28
5 45
5 78
6 38
6 40
6 67
7 6
7 22
7 24
7 40
7 45
8 40
8 41
8 52
8 62
8 65
8 67
8 68
8 72
9 8
9 13
9 18
9 62
10 0
10 12
10 30
10 33
10 41
10 45
10 65
10 70
11 21
11 40
11 44
11 59
11 67
12 18
12 30
12 35
12 37
13 14
13 22
13 27
13 69
14 2
14 28
14 40
14 43
14 63
15 12
15 21
15 38
16 11
16 24
16 36
16 42
16 69
17 2
17 3
17 30
17 50
17 59
17 72
18 57
18 70
19 24
19 34
19 40
20 45
21 12
21 76
22 2
22 19
22 77
23 6
23 48
23 64
24 37
24 39
24 74
25 0
25 10
25 19
25 22
25 39
25 47
25 56
26 16
26 28
26 39
26 61
26 68
26 74
26 78
27 29
27 67
27 70
28 6
28 24
28 66
28 71
29 4
29 20
29 30
29 38
29 55
29 65
30 2
30 5
30 25
30 36
30 47
31 3
32 11
32 13
32 54
32 67
32 69
33 5
33 9
33 17
33 20
33 54
33 70
34 13
34 51
34 57
34 69
35 1
35 8
35 30
35 39
35 53
35 66
35 71
35 74
35 75
36 7
36 12
36 17
36 32
36 38
36 48
36 71
37 42
37 58
37 60
38 17
38 65
38 70
39 2
39 29
39 64
39 66
40 1
40 26
40 38
40 39
40 48
40 51
40 52
40 66
40 68
41 4
41 27
41 31
41 32
41 47
42 6
42 15
42 17
42 51
42 52
42 70
42 77
43 0
43 18
43 69
44 9
44 42
44 48
44 57
44 61
45 4
45 28
45 36
45 59
46 31
47 4
47 12
47 17
47 29
47 34
47 73
48 31
48 37
48 63
49 42
49 46
50 33
50 38
50 43
51 11
51 26
51 37
51 39
51 48
51 56
51 61
51 79
52 24
52 67
53 1
53 24
53 40
53 41
53 50
53 56
53 58
53 78
54 15
54 26
54 43
54 60
54 64
55 12
55 21
55 65
56 78
57 9
57 59
58 16
58 31
58 40
58 63
58 65
58 67
59 46
59 47
59 56
59 60
59 79
60 19
60 22
60 31
61 2
61 38
61 46
61 70
61 71
62 20
62 23
62 27
62 38
62 51
62 55
62 69
63 0
63 2
63 9
63 69
63 71
63 79
64 7
64 66
64 72
65 25
65 43
65 71
65 78
66 49
66 52
66 54
66 65
67 20
67 71
68 0
68 2
68 12
68 61
69 9
69 21
69 26
69 61
70 51
70 59
71 20
71 23
71 27
71 34
71 37
72 43
72 68
72 73
73 8
73 10
73 14
73 18
73 21
73 44
73 65
74 10
74 13
74 19
74 38
74 51
74 52
75 5
75 19
75 23
75 31
76 47
76 69
76 79
77 4
77 5
77 14
77 21
77 66
77 71
77 73
77 75
77 79
78 10
78 32
78 44
79 30
79 61
79 67
0 1 2 3 4 5 6 7 8 9 10 11 12 13 14 15
