80 258 16
0 22
1 9
1 73
2 0
2 30
2 54
2 62
2 78
3 31
3 41
3 46
3 78
4 10
4 46
4 72
5 23
5 36
5 45
6 41
6 53
6 58
7 12
7 16
7 17
7 23
7 74
8 10
9 50
10 4
10 8
10 22
10 33
10 35
10 47
10 48
10 61
10 67
10 77
11 13
12 1
12 7
12 16
13 5
13 11
13 21
13 55
13 67
14 5
14 47
15 18
15 25
15 35
15 42
15 46
15 63
16 7
16 12
16 22
16 38
16 50
16 56
16 57
17 7
17 21
17 26
17 43
18 15
18 22
18 25
18 47
18 52
18 73
19 23
19 35
19 39
20 24
20 54
20 62
21 6
21 13
21 57
21 79
22 10
22 16
22 18
22 42
22 47
23 5
23 11
23 19
23 46
23 52
24 20
24 55
24 75
25 18
25 32
25 36
25 48
25 71
25 74
26 17
26 27
26 62
26 73
27 26
27 50
27 53
27 54
28 36
28 44
28 59
28 75
29 40
29 64
30 36
31 35
31 41
31 60
31 67
32 25
32 36
32 41
32 43
33 6
33 10
34 29
34 45
34 57
34 68
34 74
35 10
35 31
35 43
36 25
36 28
36 30
36 54
36 55
37 49
37 50
37 71
38 11
38 16
38 66
39 19
39 44
39 71
40 79
41 3
41 6
41 25
41 32
42 0
42 15
42 22
42 77
43 17
43 32
43 35
44 28
44 39
45 5
45 78
46 3
46 4
46 15
46 63
47 10
47 14
47 18
47 22
47 53
47 69
48 10
49 69
50 9
50 16
50 27
50 37
50 75
52 18
52 23
53 6
53 27
53 47
53 67
53 69
54 2
54 20
54 36
54 41
54 63
55 13
55 24
56 72
57 16
57 65
58 6
58 67
59 28
60 31
61 10
62 2
62 20
62 26
62 70
63 15
63 24
63 46
63 54
64 29
64 65
65 4
65 8
65 40
65 57
65 64
66 15
66 38
67 53
67 58
68 12
68 15
68 32
68 34
68 70
69 10
69 49
69 53
70 12
70 32
70 62
70 68
70 71
71 37
71 39
71 59
71 70
72 56
73 1
73 18
73 25
73 51
74 7
74 34
75 9
75 24
75 28
75 50
76 18
77 4
77 10
77 42
78 2
78 3
78 30
79 40
0 1 2 3 4 5 6 7 8 9 10 11 12 13 14 15
