80 350 8
0 11
0 22
0 40
0 47
0 73
1 12
1 22
1 38
1 44
1 49
1 74
2 65
3 13
3 23
3 30
3 39
3 49
4 35
4 61
5 0
5 15
5 23
5 25
5 63
6 2
6 52
7 37
7 47
7 59
7 74
8 19
8 53
8 55
9 10
9 24
9 25
9 35
10 23
10 28
10 41
10 42
10 60
10 63
11 13
11 37
11 51
11 59
11 70
12 3
12 11
12 20
12 22
12 33
12 47
12 58
12 60
12 68
12 78
13 20
13 35
13 51
13 71
14 7
14 37
14 40
14 53
14 76
15 0
15 20
15 22
15 31
16 23
16 51
16 53
16 79
17 29
17 35
17 78
18 4
18 19
18 61
18 68
18 73
19 17
19 21
19 47
19 54
19 78
20 35
21 11
22 24
23 0
23 1
23 6
23 14
23 55
23 64
23 75
24 8
24 29
24 60
24 75
25 14
25 16
25 23
25 44
25 63
25 70
25 75
26 29
26 36
26 56
26 68
27 1
27 32
27 45
27 51
28 5
28 18
28 36
28 40
28 63
29 11
29 13
29 43
29 49
29 52
30 43
30 44
30 71
31 37
32 18
33 28
33 45
33 55
33 78
34 32
34 33
34 50
34 51
34 58
34 66
34 73
35 41
35 45
35 61
35 63
35 68
35 71
35 74
36 12
36 22
36 49
36 60
36 76
37 30
37 60
37 64
38 22
38 24
38 30
38 63
38 64
39 4
39 34
39 64
40 2
40 12
40 49
41 37
41 44
41 47
41 50
42 6
42 11
42 12
42 25
42 55
42 63
43 16
43 39
43 52
43 70
44 24
44 33
44 36
44 45
44 51
44 54
45 1
45 2
45 12
45 26
45 31
45 52
45 66
45 72
46 18
46 34
46 38
46 66
47 17
47 20
47 37
47 50
48 12
48 45
48 72
49 19
49 26
49 28
49 64
50 1
50 26
50 64
50 75
52 2
52 5
52 23
52 55
52 58
52 79
53 18
53 19
53 39
53 59
53 64
53 70
53 72
54 7
54 10
54 28
54 50
54 51
54 69
55 32
55 48
55 49
55 56
56 8
56 18
56 21
56 52
56 77
57 25
57 31
57 32
57 34
57 63
57 71
58 1
58 41
58 62
58 63
59 23
59 24
59 27
59 43
59 52
59 72
60 23
60 38
60 49
61 1
61 14
61 44
61 69
61 70
62 0
62 8
62 13
62 60
62 64
62 67
62 75
63 23
63 75
64 6
64 16
64 41
64 43
64 45
64 77
65 10
65 12
65 32
65 43
65 48
65 66
65 70
66 1
66 54
66 71
67 3
67 75
68 31
68 48
68 51
68 60
69 4
69 30
69 49
69 65
70 3
70 22
70 37
70 58
70 75
71 46
72 0
72 77
73 6
73 10
73 20
73 78
74 8
74 14
74 18
74 21
74 46
74 47
74 54
75 13
75 37
75 72
76 19
76 24
76 34
76 37
76 51
76 68
77 14
77 20
77 25
77 26
77 65
77 69
77 70
78 16
78 53
78 66
78 67
79 1
79 12
79 22
79 23
79 38
79 44
79 61
79 69
0 1 2 3 4 5 6 7
