80 632 16
0 5
0 12
0 20
0 28
0 38
0 57
0 59
0 78
1 0
1 9
1 25
1 54
1 70
1 79
2 6
2 8
2 14
2 15
2 39
2 46
2 57
2 76
3 4
3 14
3 26
3 41
3 42
3 62
3 73
3 76
4 16
4 27
4 33
4 34
4 36
4 38
4 42
4 48
4 53
4 58
4 66
4 69
5 23
5 48
5 56
5 57
5 59
6 4
6 12
6 13
6 18
6 27
6 40
6 41
6 68
6 74
7 0
7 3
7 9
7 21
7 22
7 29
7 37
7 42
7 43
7 71
7 78
8 28
8 32
8 35
8 54
8 60
8 77
9 21
9 24
9 35
9 40
9 57
9 59
9 63
10 11
10 14
10 20
10 29
10 30
10 50
10 65
11 3
11 5
11 15
11 27
11 44
11 60
11 62
12 11
12 17
12 27
12 32
12 36
12 40
12 47
12 73
13 14
13 20
13 26
13 28
13 43
13 47
13 62
13 68
13 79
14 0
14 15
14 21
14 22
14 33
14 40
15 22
15 23
15 24
15 30
15 32
15 39
15 42
15 43
15 52
15 56
15 58
15 61
15 70
16 1
16 5
16 10
16 13
16 15
16 20
16 25
16 27
16 28
16 34
16 54
16 59
17 14
17 28
17 30
17 55
17 56
17 75
17 77
17 78
18 9
18 14
18 27
18 29
18 30
18 48
18 49
18 51
18 57
19 3
19 6
19 7
19 10
19 26
19 40
19 45
19 46
19 58
19 79
20 5
20 6
20 12
20 15
20 33
20 57
20 58
21 33
21 45
21 49
21 52
21 53
21 62
21 68
22 2
22 6
22 26
22 36
22 38
22 47
22 48
22 51
22 73
23 3
23 19
23 28
23 34
23 39
23 52
23 62
23 63
23 68
24 18
24 34
24 47
24 58
24 68
25 17
25 19
25 20
25 23
25 26
25 54
25 72
25 75
26 2
26 6
26 9
26 15
26 16
26 27
26 38
26 51
26 57
26 63
27 2
27 3
27 7
27 21
27 34
27 36
27 39
27 66
27 76
28 10
28 14
28 25
28 70
29 4
29 13
29 15
29 19
29 20
29 25
29 28
29 38
29 43
29 45
29 56
29 65
29 71
29 72
29 78
29 79
30 0
30 7
30 23
30 33
30 34
30 36
30 54
30 58
30 67
30 77
31 4
31 23
31 29
31 48
31 49
31 53
31 66
32 0
32 4
32 10
32 29
32 64
32 69
33 10
33 11
33 34
33 39
33 42
33 49
33 60
34 3
34 7
34 13
34 25
34 32
34 47
34 57
34 58
35 7
35 18
35 22
35 25
35 29
35 31
35 36
35 39
35 41
35 46
35 48
35 51
35 54
35 69
35 72
35 77
36 5
36 17
36 48
36 54
36 56
36 70
36 73
36 77
37 1
37 5
37 15
37 30
37 34
38 12
38 18
38 33
38 36
38 49
38 51
38 71
39 3
39 6
39 26
39 29
39 52
39 53
39 70
39 77
40 10
40 16
40 17
40 18
40 27
40 28
40 46
40 49
40 58
40 76
41 10
41 21
41 32
41 45
42 9
42 10
42 27
42 34
43 8
43 31
43 36
43 52
44 1
44 6
44 9
44 26
44 30
44 39
44 43
44 49
44 65
45 1
45 2
45 7
45 14
45 28
45 60
45 68
45 79
46 9
46 14
46 28
46 33
46 51
46 70
46 77
46 78
47 8
47 9
47 16
47 21
47 39
47 40
47 58
47 68
47 72
48 2
48 14
48 15
48 19
48 20
48 46
48 50
48 57
49 9
49 11
49 36
49 45
49 56
49 67
49 74
49 75
49 79
50 1
50 11
50 29
50 39
50 54
50 58
50 65
50 67
50 70
51 20
51 23
51 32
51 48
51 49
51 50
51 64
51 66
51 72
52 5
52 11
52 24
52 32
52 44
52 50
52 56
52 57
52 61
52 63
52 72
53 7
53 17
53 29
53 47
53 54
53 63
53 79
54 10
54 32
54 37
54 40
54 52
54 63
54 73
54 76
55 10
55 31
55 50
55 62
55 71
55 77
56 1
56 13
56 19
56 27
56 33
56 41
56 44
56 50
56 54
56 74
56 76
56 78
57 1
57 62
57 65
57 73
58 10
58 13
58 35
58 36
58 45
58 59
58 61
58 73
58 78
59 10
59 12
59 20
59 41
59 55
59 72
60 3
60 19
60 43
60 47
60 48
60 52
60 56
61 14
61 31
61 35
61 46
61 68
61 73
62 10
62 27
62 28
62 32
62 39
62 53
62 61
63 8
63 10
63 11
63 16
63 24
63 25
63 38
63 39
63 48
63 67
64 0
64 4
64 20
64 34
64 67
64 68
65 0
65 1
65 12
65 45
65 53
65 60
65 64
65 72
66 29
66 30
66 32
66 44
66 63
66 65
66 69
66 70
67 1
67 11
67 16
67 19
67 27
67 31
67 32
67 44
67 56
67 61
67 65
68 14
68 16
68 26
68 30
68 50
68 54
68 62
68 72
68 77
69 1
69 19
69 25
69 26
69 30
69 47
69 52
70 12
70 18
70 19
70 27
70 32
70 56
70 61
71 16
71 21
71 31
71 34
71 47
71 54
71 63
71 68
71 73
71 75
72 14
73 43
73 56
73 75
73 77
73 78
74 7
74 8
74 26
74 35
74 45
74 58
74 60
74 65
74 71
74 76
75 1
75 14
75 37
75 42
75 64
76 9
76 10
76 30
76 32
76 33
76 35
76 50
76 55
77 6
77 21
77 33
77 45
77 53
77 59
77 75
78 10
78 24
78 39
78 59
78 64
78 65
79 17
79 36
79 43
79 57
79 68
0 1 2 3 4 5 6 7 8 9 10 11 12 13 14 15
