80 632 8
0 10
0 16
0 21
0 22
0 41
0 43
0 46
0 55
0 62
0 69
1 24
1 51
1 69
1 79
2 0
2 7
2 10
2 13
2 21
2 25
2 30
2 35
2 45
2 67
2 73
3 57
3 59
3 64
3 65
3 73
3 77
4 5
4 17
4 27
4 32
4 33
4 36
4 40
4 48
4 51
4 63
4 76
5 30
5 45
5 49
5 50
5 54
5 65
5 66
5 67
6 1
6 25
6 49
6 50
6 62
6 64
6 71
6 76
7 12
7 27
7 56
7 60
7 61
7 73
8 12
8 15
8 23
8 24
8 49
8 61
8 69
9 4
9 33
9 42
9 56
9 67
10 4
10 16
10 18
10 27
10 45
10 47
10 74
11 4
11 10
11 29
11 30
11 52
12 57
13 0
13 23
13 36
13 47
14 2
14 16
14 20
14 37
14 50
14 52
14 61
14 65
14 69
15 17
15 23
15 33
15 37
15 38
15 57
15 62
15 71
15 72
15 73
16 17
16 23
16 26
16 39
16 43
17 5
17 6
17 36
17 42
17 48
17 54
17 56
17 66
17 76
18 2
18 5
18 6
18 16
18 22
18 35
18 38
18 39
18 41
18 42
18 46
18 47
18 50
18 52
18 53
18 79
19 3
19 21
19 37
19 40
19 53
19 59
19 63
19 67
19 68
20 0
20 2
20 5
20 16
20 17
20 29
20 36
20 37
20 42
20 46
20 47
20 49
20 77
21 13
21 14
21 32
21 40
21 43
21 68
22 1
22 17
22 19
22 51
22 62
22 70
22 72
23 40
23 52
23 55
23 62
23 63
23 66
23 68
23 73
24 2
24 12
24 17
24 19
24 23
24 31
24 34
24 37
24 43
24 44
24 46
24 57
25 12
25 18
25 21
25 30
25 38
25 40
25 41
25 48
25 54
25 55
25 57
25 66
26 2
26 7
26 19
26 29
26 41
26 59
26 69
26 71
26 78
27 20
27 34
27 52
27 57
27 59
27 70
27 71
28 1
28 17
28 29
28 64
28 70
29 22
29 24
29 53
29 77
30 0
30 1
30 15
30 22
30 32
30 43
30 51
30 52
30 54
30 58
30 62
30 66
30 67
30 69
30 73
30 79
31 7
31 8
31 19
31 30
31 43
31 49
31 65
31 79
32 1
32 3
32 11
32 14
32 16
32 29
32 41
32 43
32 61
33 5
33 52
33 78
34 7
34 52
34 55
34 61
35 11
35 37
35 45
35 55
35 69
35 73
36 6
36 10
36 12
36 19
36 26
36 34
36 41
36 64
37 5
37 28
37 45
37 50
37 57
37 58
37 66
38 0
38 11
38 20
38 50
38 54
38 72
39 23
39 25
39 27
39 36
39 59
39 73
39 74
39 78
40 8
40 15
40 20
40 28
40 33
40 36
40 43
40 48
40 72
40 74
40 79
41 7
41 20
41 23
41 38
41 74
41 79
42 22
42 35
42 38
42 52
42 55
42 72
42 74
43 29
43 33
43 50
43 52
43 53
44 11
44 14
44 21
44 26
44 29
44 39
44 58
44 67
44 76
45 1
45 19
45 33
45 42
45 44
45 70
45 74
46 13
46 30
46 32
46 39
46 42
46 44
46 50
46 53
46 59
46 62
46 63
46 75
47 0
47 1
47 15
47 19
47 26
47 29
47 31
47 34
47 46
47 52
47 62
47 78
48 5
48 19
48 27
48 35
48 46
48 72
49 18
49 35
49 45
49 48
49 55
49 66
49 69
50 9
50 11
50 28
50 30
50 33
50 35
50 40
50 41
50 51
50 55
50 71
51 16
51 17
51 20
51 31
51 46
51 57
51 66
51 72
52 17
52 29
52 35
52 49
52 56
52 67
53 23
53 26
53 30
53 49
53 57
53 64
54 0
54 22
54 26
54 32
54 33
54 34
54 41
54 62
54 69
54 79
55 13
55 22
55 24
55 40
55 46
55 57
55 72
56 6
56 10
56 11
56 16
56 20
56 41
56 51
56 62
56 72
57 28
57 62
57 65
57 74
57 77
57 79
58 4
58 18
58 20
58 31
58 47
58 59
58 68
58 76
58 78
59 1
59 12
59 29
59 42
59 75
59 78
60 26
60 31
60 47
60 69
60 72
60 74
61 12
61 27
61 44
61 50
61 64
61 71
61 78
62 3
62 21
62 25
62 40
62 44
62 58
62 66
63 2
63 14
63 17
63 39
63 57
63 75
64 7
64 15
64 24
64 46
64 63
64 67
64 77
65 22
65 26
65 38
65 45
65 64
65 72
66 2
66 8
66 18
66 28
66 44
66 52
66 72
67 6
67 7
67 16
67 27
67 28
67 29
67 32
67 63
68 0
68 5
68 8
68 9
68 38
68 44
68 45
68 50
68 56
68 63
68 74
69 2
69 13
69 15
69 22
69 25
69 27
69 43
69 55
69 77
70 9
70 10
70 23
70 24
70 31
70 34
70 64
70 65
70 67
70 71
70 73
70 75
71 5
71 14
71 16
71 23
71 43
71 45
71 57
71 58
71 63
71 73
72 2
72 6
72 58
72 63
72 64
72 68
72 69
72 70
72 75
72 79
73 9
73 11
73 13
73 14
73 42
73 56
73 57
73 58
73 60
74 22
74 50
74 53
74 58
74 67
74 78
75 0
75 2
75 3
75 29
75 32
75 33
75 39
75 40
75 44
75 77
76 10
76 30
76 31
76 42
76 54
76 62
76 67
76 69
76 70
77 0
77 9
77 11
77 14
77 16
77 30
77 51
77 56
77 61
77 79
78 21
78 32
78 48
78 57
78 71
79 7
79 8
79 19
79 32
79 44
79 46
79 64
79 78
0 1 2 3 4 5 6 7
