80 350 6
0 13
0 26
0 56
0 60
0 73
0 74
0 77
1 0
1 37
1 63
1 65
2 14
2 55
2 77
3 2
3 5
3 8
3 17
3 24
3 45
3 75
4 8
4 11
4 32
4 58
4 75
5 47
5 49
5 67
5 69
6 5
6 10
6 18
6 40
7 9
7 11
7 28
7 35
7 56
7 71
7 77
8 10
8 32
8 45
9 29
9 72
10 2
10 23
10 26
10 39
10 43
10 49
10 58
11 1
11 65
12 6
12 17
12 46
12 61
12 63
13 24
13 38
13 49
13 51
13 78
14 0
14 5
14 10
14 15
14 21
14 31
14 55
14 66
14 71
14 79
15 49
15 70
16 2
16 5
16 15
16 32
16 49
16 55
16 72
16 74
17 75
17 77
18 31
18 45
18 70
19 38
19 60
19 76
20 41
21 46
22 1
22 14
22 16
22 52
22 58
22 64
23 13
23 54
23 60
23 74
24 11
24 19
24 20
24 51
24 56
24 64
24 79
25 39
26 13
26 23
26 34
26 36
26 59
27 17
27 20
27 69
27 71
28 16
28 24
28 54
28 55
29 3
29 8
29 11
29 14
29 47
29 55
29 56
29 57
29 68
29 70
30 2
30 19
30 20
30 21
30 23
30 38
30 65
31 9
32 15
32 33
32 41
32 44
32 61
32 69
33 4
33 47
33 49
33 51
33 62
33 67
33 69
33 71
33 75
34 31
34 67
34 73
35 17
35 21
35 52
35 54
35 55
35 75
36 42
37 44
37 53
38 4
38 49
38 61
38 77
38 78
39 16
39 20
39 37
39 49
39 63
39 64
39 68
40 19
40 25
40 75
41 9
41 31
41 35
41 52
41 57
41 79
42 3
42 18
42 20
42 33
43 6
43 58
43 73
44 3
44 14
44 36
44 56
44 59
44 66
45 29
45 40
46 69
48 0
48 6
48 66
49 2
49 20
49 21
49 51
49 62
49 78
50 13
50 20
50 67
50 78
51 28
51 52
51 78
52 2
52 3
52 59
52 68
53 2
53 36
53 48
53 79
54 26
54 32
54 37
54 39
54 43
54 60
54 61
54 79
55 11
55 32
55 33
55 59
55 62
55 63
56 21
56 40
57 64
57 73
58 36
58 50
58 53
58 64
59 4
59 5
59 54
60 12
60 22
60 28
60 35
60 43
60 44
60 63
60 74
61 0
61 8
61 63
61 74
61 75
62 4
62 31
62 39
63 16
63 29
64 1
64 17
64 29
64 35
64 68
64 71
65 23
65 44
65 45
65 49
65 70
65 75
66 17
66 42
66 49
66 57
67 13
67 23
67 44
67 57
67 58
68 2
68 8
68 30
68 47
68 66
68 67
69 13
69 37
69 45
69 64
69 74
70 1
70 49
71 0
71 29
71 30
71 31
71 48
71 67
71 70
72 24
72 31
72 74
73 13
73 36
74 8
74 17
74 27
74 55
74 65
74 70
74 79
75 11
75 30
75 31
75 64
75 66
76 6
76 45
76 50
77 22
77 25
77 37
78 3
78 10
78 21
78 25
78 48
79 1
79 19
79 20
79 39
79 42
79 52
0 1 2 3 4 5
