80 632 6
0 5
0 7
0 11
0 20
0 26
0 27
0 28
0 40
0 41
0 48
0 73
1 40
1 46
1 50
1 52
1 54
1 59
2 3
2 8
2 24
2 29
2 31
2 48
2 55
2 61
2 64
2 71
3 7
3 9
3 15
3 18
3 34
3 39
3 42
3 43
3 45
3 48
3 51
3 61
3 67
3 72
4 0
4 20
4 36
4 39
4 41
4 42
4 45
4 57
4 66
5 9
5 26
5 31
5 38
5 40
5 43
5 61
5 67
5 70
6 0
6 2
6 18
6 21
6 27
6 31
6 38
6 39
6 42
6 44
6 49
6 51
6 60
6 64
6 67
6 73
6 74
7 34
7 38
7 44
7 51
7 52
8 4
8 5
8 7
8 26
8 30
8 31
8 69
9 1
9 31
9 60
9 66
9 77
10 0
10 8
10 28
10 32
10 52
10 66
11 3
11 16
11 20
11 25
11 44
12 7
12 21
12 25
12 30
12 31
12 33
12 38
12 47
12 56
12 58
12 61
12 66
12 77
13 2
13 7
13 20
13 34
13 35
13 79
14 6
14 9
14 21
14 22
14 31
14 33
14 36
14 41
14 46
14 72
14 74
14 75
14 78
15 5
15 21
15 22
15 27
15 30
15 36
15 41
15 53
15 56
15 76
15 77
16 4
16 10
16 29
16 33
16 34
16 37
16 40
16 53
16 55
16 57
17 20
17 25
17 31
17 32
17 39
17 50
17 51
17 54
17 64
18 1
18 23
18 49
18 63
18 64
18 76
19 1
19 10
19 16
19 17
19 18
19 20
19 28
19 31
19 36
19 38
19 43
19 50
19 55
19 59
19 61
19 76
19 77
19 78
20 3
20 24
20 37
20 38
20 59
20 64
20 66
20 75
21 16
21 28
21 34
21 46
21 74
22 11
22 36
22 57
22 61
22 64
22 66
22 68
23 0
23 7
23 9
23 19
23 20
23 34
23 41
23 47
23 58
23 60
23 63
24 0
24 9
24 39
24 51
25 9
25 32
25 63
25 68
25 74
25 79
26 3
26 14
26 25
26 27
26 41
26 68
26 78
27 3
27 10
27 16
27 28
27 29
27 36
27 41
27 62
27 65
27 70
28 6
28 12
28 15
28 20
28 24
28 43
28 69
28 73
29 0
29 7
29 8
29 9
29 36
29 42
30 6
30 14
30 25
30 50
30 78
31 4
31 13
31 53
31 57
31 75
32 39
32 47
32 72
32 74
32 76
33 2
33 17
33 18
33 22
33 56
33 65
33 78
34 4
34 12
34 40
34 47
34 49
34 51
34 66
34 69
35 5
35 14
35 17
35 38
35 56
35 63
35 68
36 6
36 13
36 20
36 30
36 37
36 42
36 43
36 65
36 67
36 74
37 12
37 13
37 22
37 28
37 29
37 32
38 0
38 4
38 17
38 21
38 24
38 29
38 33
38 41
38 42
38 56
38 57
38 73
39 2
39 13
39 46
39 55
39 57
39 58
40 8
40 26
40 31
40 55
40 77
41 1
41 5
41 13
41 18
41 61
41 79
42 10
42 30
42 32
42 47
42 66
42 75
43 20
43 24
43 38
43 54
43 62
43 72
43 79
44 8
44 10
44 15
44 22
44 35
44 37
44 39
44 42
44 57
44 74
44 77
45 0
45 6
45 8
45 16
45 53
46 7
46 11
46 28
46 48
46 54
46 66
46 67
46 74
47 6
47 16
47 19
47 24
47 30
47 51
47 64
48 8
48 14
48 33
48 52
48 57
48 79
49 12
49 17
49 19
49 35
49 63
49 64
49 74
50 18
50 22
50 45
50 47
50 49
50 51
50 55
50 61
50 72
51 12
51 13
51 15
51 19
51 56
51 58
51 63
51 78
52 2
52 6
52 23
52 25
52 30
52 39
52 44
52 56
52 79
53 0
53 11
53 34
53 38
53 57
53 62
53 63
53 69
54 2
54 5
54 9
54 27
54 28
54 40
54 52
54 69
54 70
54 72
54 77
55 6
55 10
55 18
55 22
55 25
55 31
55 34
55 41
55 57
55 59
55 64
55 66
55 67
56 2
56 17
56 23
56 24
56 36
56 37
56 54
56 59
56 70
57 8
57 9
57 23
57 36
57 41
57 47
58 15
58 25
58 35
58 50
58 54
59 2
59 9
59 22
59 29
59 42
59 64
59 73
60 2
60 16
60 22
60 59
60 79
61 7
61 17
61 27
61 53
61 55
62 6
62 36
62 38
62 39
62 40
62 47
62 51
62 58
62 67
63 15
63 44
63 57
64 0
64 1
64 13
64 30
64 32
64 37
64 42
64 45
64 58
64 69
65 3
65 16
65 29
65 44
65 52
65 54
65 59
66 0
66 23
66 62
66 75
67 15
67 18
67 25
67 39
67 41
67 52
68 2
68 13
68 15
68 18
68 24
68 27
68 36
68 53
68 74
68 77
69 0
69 5
69 21
69 22
69 32
69 41
69 78
69 79
70 11
70 29
70 32
70 42
70 48
70 61
71 12
71 13
71 23
71 32
71 35
71 40
71 41
71 65
71 69
71 79
72 5
72 6
72 13
72 65
72 77
72 78
73 17
73 18
73 29
73 45
73 51
73 56
74 3
74 4
74 12
74 41
74 43
74 50
74 66
74 76
74 78
75 0
75 1
75 9
75 15
75 29
75 40
75 71
75 72
75 76
76 17
76 24
76 27
76 42
76 45
76 55
76 66
77 1
77 4
77 17
77 25
77 34
77 46
77 51
77 60
77 64
77 67
78 0
78 18
78 25
78 27
78 34
78 39
78 53
78 58
78 59
79 4
79 5
79 8
79 22
79 30
79 49
79 75
0 1 2 3 4 5
