80 399 8
0 7
0 26
0 36
0 39
0 57
0 66
1 2
1 60
1 66
2 23
2 35
2 52
3 7
4 19
4 24
4 44
4 57
5 0
5 28
5 57
6 34
6 72
7 15
7 18
7 28
7 35
7 48
7 59
7 71
7 75
8 19
8 56
8 57
8 64
8 70
8 78
9 26
9 31
9 36
9 37
9 61
9 74
9 76
9 77
10 1
10 3
10 7
10 21
10 31
10 32
10 59
10 79
11 28
11 31
11 55
11 57
11 58
11 62
11 67
12 15
12 45
12 50
12 57
12 60
12 66
12 70
13 16
13 23
13 78
14 2
14 40
14 58
15 0
15 9
15 11
15 31
15 67
15 77
16 55
16 57
16 70
17 20
17 21
17 55
17 59
18 6
18 7
18 14
18 54
18 55
19 8
19 24
19 26
20 14
20 17
20 32
20 35
20 40
20 52
20 62
20 63
21 4
21 23
21 61
21 71
22 1
22 21
23 12
23 32
24 27
24 45
24 58
25 10
25 20
25 44
25 54
25 58
26 9
26 12
26 13
26 47
26 52
26 54
26 58
27 29
27 36
27 41
27 60
27 71
28 6
29 0
29 34
29 39
29 46
29 54
29 70
29 71
30 14
30 26
30 36
30 42
30 47
30 49
30 54
30 58
30 65
31 11
31 34
31 40
31 44
31 48
32 35
33 3
33 26
33 41
34 10
34 15
34 29
34 57
34 79
35 2
35 7
35 12
35 17
35 23
35 36
35 62
35 67
36 27
36 28
36 45
36 52
36 61
36 66
36 75
37 38
37 47
37 51
37 61
37 71
37 75
38 24
38 47
38 53
38 56
39 10
39 12
39 19
39 61
39 62
39 66
40 67
41 33
41 39
41 68
41 70
42 8
42 24
42 35
42 50
42 59
42 70
42 75
42 76
43 22
43 38
43 42
43 56
43 57
44 0
44 4
44 25
44 30
44 31
44 32
44 33
44 43
44 49
44 74
45 24
45 34
45 48
45 66
45 76
46 21
46 23
46 71
46 78
47 7
47 26
47 30
47 43
47 48
47 67
48 29
48 45
48 69
49 0
49 10
49 12
49 58
49 69
49 73
49 77
50 12
50 20
50 32
50 46
50 52
50 75
51 7
51 56
52 2
52 7
52 23
52 44
52 50
52 56
52 65
52 79
53 17
53 19
53 23
53 26
53 48
53 64
53 66
53 68
53 71
53 79
54 23
54 25
54 26
54 27
54 52
54 53
54 62
55 54
55 64
55 66
55 74
56 8
56 76
56 79
57 0
57 11
57 16
57 19
57 33
57 40
57 58
58 3
58 11
58 12
58 25
58 35
58 49
58 50
58 59
58 73
59 17
59 22
59 26
59 46
59 66
60 54
60 68
60 76
61 33
61 39
62 11
62 66
62 73
63 3
63 5
63 15
63 20
63 44
63 65
64 49
64 53
64 58
64 66
65 40
65 51
65 52
65 75
66 36
66 39
66 46
66 67
66 72
67 8
67 19
67 40
67 70
68 3
68 7
68 12
68 23
68 47
68 53
69 2
69 6
69 39
69 49
69 58
69 66
70 7
70 44
70 67
70 75
71 7
71 29
71 30
71 41
71 50
72 16
72 25
72 64
72 70
72 78
73 15
73 29
73 33
73 66
73 74
74 9
74 16
74 21
74 40
74 67
75 30
75 72
76 18
76 33
76 41
76 42
76 48
76 51
76 60
76 71
77 12
77 46
77 49
77 54
77 57
78 21
78 49
79 2
79 8
79 10
79 21
79 27
79 29
79 35
79 52
79 59
79 65
0 1 2 3 4 5 6 7
