80 350 6
0 4
0 18
0 25
0 34
0 50
0 53
0 54
0 58
0 62
1 23
1 42
1 66
1 76
1 77
2 0
2 3
2 17
2 18
3 4
3 36
3 55
3 59
3 63
4 5
4 74
5 14
5 36
5 69
6 5
6 14
6 27
6 34
6 57
7 44
7 51
7 57
7 58
7 67
8 13
8 15
8 28
8 59
8 78
9 0
9 66
10 5
10 56
11 10
11 23
11 54
11 75
12 24
12 48
12 50
13 47
13 51
13 57
13 79
14 23
14 75
15 4
15 20
15 22
15 41
15 58
15 65
15 71
16 35
16 51
16 54
16 55
16 56
16 75
17 30
18 7
18 15
18 20
18 35
18 42
18 57
18 59
19 41
19 53
19 59
20 0
20 7
20 13
20 16
20 19
20 59
20 60
21 1
21 33
21 53
21 54
22 62
23 21
24 56
24 74
24 77
25 1
25 18
25 35
25 46
25 54
26 3
26 28
26 33
26 35
26 40
26 52
26 55
26 76
27 25
27 29
27 39
27 43
27 46
27 66
27 75
28 6
28 47
29 22
29 37
29 62
29 65
30 2
30 40
30 61
30 78
31 21
31 26
31 28
31 60
32 9
32 13
32 19
32 23
32 62
32 67
32 73
33 19
33 20
33 22
33 67
33 77
34 1
34 19
34 32
34 48
34 51
34 61
35 10
35 43
35 60
35 61
35 69
35 76
35 77
36 1
36 25
36 30
36 33
36 44
36 46
36 48
36 50
36 74
36 75
37 0
37 27
37 32
38 15
38 21
38 30
38 43
38 52
38 75
38 78
39 1
39 43
39 46
39 65
40 25
40 37
41 22
41 25
41 37
41 59
41 64
41 65
42 3
42 15
42 46
42 74
43 0
43 65
44 16
44 26
44 45
45 28
45 34
45 36
45 64
46 9
46 32
46 53
46 61
46 62
47 51
47 67
48 1
48 15
48 47
49 52
50 13
50 23
50 48
50 49
50 52
50 56
51 18
51 33
51 36
51 63
51 79
52 37
52 72
52 75
53 38
53 45
53 59
53 68
53 75
54 44
54 45
54 64
54 70
54 73
55 0
55 12
55 25
55 27
55 32
55 47
55 57
55 79
56 1
56 15
56 25
56 47
56 52
56 58
56 59
56 74
57 0
57 1
57 26
57 32
57 47
57 64
57 67
57 70
57 74
58 8
58 66
59 21
59 23
59 47
59 60
59 61
59 78
60 6
60 37
60 40
60 49
60 50
60 70
60 78
61 4
61 24
61 32
61 38
62 9
62 18
62 37
62 74
63 1
63 24
63 54
64 5
64 13
64 49
65 1
65 16
65 17
65 27
65 54
65 63
66 36
66 71
68 2
68 34
68 57
68 60
69 16
69 22
69 51
69 62
70 17
70 22
70 72
71 14
71 23
71 24
71 56
71 64
72 1
72 3
72 21
72 31
72 46
73 26
73 31
73 38
73 40
73 69
74 26
74 41
74 75
75 10
75 12
75 41
75 50
75 56
75 60
76 2
76 15
76 30
76 41
76 63
77 4
77 53
77 62
78 45
79 3
79 31
79 50
79 56
79 68
0 1 2 3 4 5
