80 632 8
0 18
0 30
0 40
0 41
0 54
0 69
0 77
1 12
1 21
1 25
1 41
1 73
2 0
2 5
2 7
2 15
2 26
2 30
2 54
2 59
2 64
2 70
2 75
3 31
3 43
3 52
3 58
3 71
3 74
3 78
4 2
4 7
4 10
4 57
4 65
4 72
4 77
4 79
5 13
5 14
5 19
5 23
5 30
5 45
5 52
5 73
5 79
6 9
6 13
6 19
6 21
6 34
6 40
6 41
6 45
6 53
6 58
6 71
6 73
7 12
7 22
7 23
7 38
7 44
7 49
7 59
7 74
7 75
8 1
8 27
8 41
8 54
8 65
8 66
9 1
9 10
9 11
9 54
9 57
9 64
9 68
9 69
10 8
10 12
10 17
10 22
10 47
10 69
11 13
11 14
11 19
11 38
11 40
11 69
11 72
11 78
11 79
12 18
12 23
12 68
12 69
13 4
13 17
13 21
13 22
13 50
13 55
13 69
14 10
14 17
14 27
14 34
14 52
14 61
14 75
15 17
15 45
15 46
15 50
15 59
15 63
15 68
15 70
15 75
16 7
16 8
16 12
16 22
16 23
16 28
16 35
16 38
16 42
16 46
16 56
16 57
16 62
16 76
16 79
17 3
17 7
17 43
17 47
17 78
18 9
18 11
18 15
18 22
18 25
18 29
18 41
18 52
18 56
18 65
19 7
19 17
19 25
19 27
19 29
19 35
19 48
19 63
20 16
20 24
20 29
20 54
21 5
21 17
21 35
21 48
21 57
21 75
22 0
22 29
22 47
22 50
22 52
22 58
22 75
23 6
23 11
23 15
23 19
23 21
23 36
23 46
23 52
23 71
24 1
24 10
24 15
24 28
24 53
24 55
24 59
24 69
24 75
24 78
25 6
25 15
25 21
25 28
25 32
25 35
25 36
25 41
25 48
25 60
25 66
25 71
26 1
26 9
26 17
26 22
26 38
26 51
26 60
26 62
26 72
27 11
27 22
27 26
27 33
27 37
27 38
27 43
27 50
27 51
27 75
28 38
28 59
28 70
29 30
29 34
29 40
29 42
29 59
29 62
29 64
29 68
29 71
29 75
30 1
30 9
30 13
30 36
30 47
30 50
31 6
31 35
31 59
31 75
32 15
32 17
32 26
32 33
32 36
32 43
33 5
33 6
33 10
33 11
33 39
33 61
33 73
34 1
34 41
34 44
34 48
34 58
34 74
34 78
35 6
35 10
35 15
35 17
35 29
35 38
35 50
35 53
35 57
35 59
35 79
36 5
36 28
36 42
36 46
36 54
36 55
36 71
36 76
37 0
37 1
37 5
37 12
37 14
37 15
37 45
37 49
37 55
37 56
37 59
38 29
38 33
38 55
38 57
38 74
39 2
39 3
39 15
39 19
39 23
39 27
39 32
39 55
39 67
40 2
40 10
40 26
40 27
40 28
40 30
40 45
40 47
40 65
40 77
41 3
41 20
41 27
41 31
41 32
41 48
41 53
41 54
42 0
42 7
42 8
42 12
42 13
42 15
42 21
42 22
42 28
42 53
42 77
43 6
43 7
43 23
43 30
43 35
43 38
43 59
43 79
44 28
44 33
44 39
44 51
44 68
45 0
45 2
45 3
45 10
45 34
45 43
45 44
45 48
45 53
45 56
45 63
45 78
46 3
46 4
46 7
46 8
46 9
46 19
46 35
46 55
46 66
46 71
46 78
47 1
47 14
47 18
47 19
47 21
47 56
47 69
47 71
47 73
47 74
48 1
48 10
48 26
48 31
48 42
48 47
48 54
48 74
48 75
49 3
49 5
49 22
49 28
49 36
49 39
49 42
49 46
49 50
49 69
49 77
49 78
49 79
50 9
50 16
50 18
50 29
50 37
50 39
50 45
50 47
50 59
50 63
50 71
50 75
51 4
51 5
51 23
51 32
51 33
51 65
51 73
52 1
52 15
52 19
52 36
52 75
53 20
53 21
53 25
53 27
53 47
53 67
53 79
54 10
54 12
54 27
54 69
55 6
55 43
55 50
55 62
55 72
56 2
56 5
56 15
56 21
56 28
56 31
56 32
56 44
56 52
56 67
56 76
57 11
57 34
57 36
57 42
57 71
57 74
58 1
58 32
58 48
58 62
58 66
58 67
58 73
58 76
59 3
59 10
59 41
59 60
59 62
59 71
59 72
60 13
60 31
60 41
61 10
61 17
61 25
61 27
61 28
61 48
61 54
61 57
61 60
62 2
62 8
62 20
62 36
62 43
62 46
62 57
62 60
62 70
62 78
63 1
63 24
63 33
63 34
63 46
63 53
63 54
63 57
63 60
63 74
64 28
64 33
64 40
64 42
64 43
64 69
64 71
65 32
65 37
65 43
65 57
65 61
65 64
65 72
66 15
66 34
66 38
66 44
66 50
66 65
66 70
67 9
67 10
67 13
67 31
67 55
67 60
67 70
68 6
68 10
68 11
68 17
68 27
68 32
68 34
68 42
68 49
68 65
68 70
68 77
69 16
69 25
69 28
69 34
69 40
69 53
69 59
69 63
69 65
69 76
70 12
70 16
70 24
70 32
70 72
71 10
71 11
71 37
71 39
71 62
71 70
71 79
72 49
72 56
72 75
73 9
73 14
73 18
73 25
73 26
73 36
73 63
73 67
73 69
73 75
74 6
74 10
74 17
74 24
74 25
74 26
74 32
74 36
74 39
74 43
74 46
74 64
74 65
74 78
75 9
75 28
75 58
75 59
75 63
76 18
76 33
76 44
76 45
77 10
77 20
78 2
78 8
78 27
78 30
78 47
78 50
78 52
78 65
79 3
79 21
79 24
79 36
79 40
79 47
79 76
0 1 2 3 4 5 6 7
