80 350 20
0 9
0 19
0 24
0 34
0 45
0 46
0 65
1 4
1 9
1 38
1 72
2 46
2 67
2 72
3 12
3 18
3 22
3 64
4 9
4 30
4 46
4 51
4 74
5 14
5 65
5 68
6 15
6 17
6 27
6 49
6 53
7 12
7 17
7 28
7 37
7 42
7 66
7 72
7 74
8 0
8 7
8 38
8 39
8 61
8 77
9 5
9 16
9 21
9 22
9 32
9 35
9 47
10 79
11 0
11 22
11 25
11 30
11 47
11 77
12 24
12 27
12 36
12 54
12 61
12 69
13 31
13 36
13 37
13 46
13 58
14 2
14 9
14 28
14 40
14 74
15 17
15 35
15 52
15 61
16 76
16 79
17 25
17 52
18 26
18 41
18 52
18 64
19 12
19 48
20 4
20 8
21 5
21 11
21 25
21 58
21 61
22 0
22 27
22 56
22 64
23 2
23 13
23 20
23 29
23 46
23 52
23 54
23 63
23 67
24 3
24 19
24 73
24 77
25 42
25 44
25 51
26 27
26 28
26 76
27 5
27 28
27 38
27 46
28 16
28 19
28 31
28 33
28 57
28 63
29 1
29 11
29 13
30 17
30 64
30 66
31 2
31 16
31 29
32 2
32 3
32 12
32 21
32 29
32 34
32 69
33 13
33 21
33 37
33 69
33 70
34 10
34 16
34 18
34 41
34 61
34 62
35 2
35 42
35 55
35 62
35 64
35 66
35 71
36 6
36 19
36 21
36 25
36 44
36 46
36 78
37 12
37 19
37 32
37 44
38 64
38 67
39 1
39 12
39 29
39 74
39 75
40 5
40 18
40 22
40 48
40 51
40 53
40 76
41 0
41 8
41 15
41 23
41 44
41 51
41 70
42 20
42 22
42 24
42 44
42 48
42 49
43 0
43 30
43 71
43 76
44 8
44 19
44 22
44 52
44 55
45 14
45 69
46 32
47 26
47 33
47 37
47 62
47 77
48 75
49 1
49 9
49 27
49 50
50 18
50 28
50 29
50 39
50 47
51 34
51 49
51 57
51 73
52 9
52 36
52 46
52 49
52 53
52 66
52 67
52 70
53 2
53 8
53 12
53 29
53 37
53 43
53 54
53 70
54 26
54 43
54 48
54 58
54 60
54 64
54 65
54 68
55 53
55 67
56 14
57 36
57 38
57 41
57 54
57 62
58 40
58 68
58 73
59 51
59 74
59 77
60 3
60 39
60 45
60 74
60 78
61 40
61 64
62 13
62 19
62 23
62 39
62 59
62 72
63 53
64 11
65 1
65 3
65 48
65 71
66 0
66 4
66 20
66 41
66 42
66 58
66 76
67 22
67 27
67 41
67 45
67 49
68 0
68 1
68 13
68 23
68 29
68 57
68 73
69 35
69 66
69 68
70 9
70 29
71 5
71 25
72 4
72 22
72 25
73 6
73 23
73 37
73 77
74 8
74 15
74 16
74 20
74 37
74 43
75 4
75 6
75 47
75 56
75 62
75 69
75 78
76 8
76 47
76 51
76 68
76 77
77 21
77 71
78 29
78 45
78 73
79 14
79 19
79 46
79 70
79 73
0 1 2 3 4 5 6 7 8 9 10 11 12 13 14 15 16 17 18 19
