80 354 16
0 8
0 12
0 23
0 24
0 42
0 43
0 44
0 72
0 74
1 6
1 46
2 26
2 48
2 64
2 68
3 42
3 47
4 12
4 24
4 31
4 65
4 76
5 26
5 34
6 0
6 19
6 41
6 47
6 55
6 59
7 6
7 29
7 35
7 46
7 60
7 72
7 73
7 78
8 21
8 39
8 41
8 46
8 55
9 0
9 5
9 19
9 56
10 12
10 16
10 25
10 28
10 37
10 57
11 5
11 52
11 68
12 26
12 52
12 53
12 68
13 0
13 9
13 26
13 34
13 57
14 6
14 18
14 20
14 30
14 67
14 78
15 1
15 16
15 18
15 42
15 59
15 61
15 72
15 76
16 10
16 26
16 52
17 9
17 19
17 31
18 2
18 33
18 35
18 37
18 51
19 7
19 52
20 28
20 35
20 49
21 2
21 31
22 75
23 1
23 4
23 21
23 70
23 74
24 1
24 21
24 30
24 59
24 61
25 38
25 45
25 52
25 60
25 63
25 71
26 0
26 37
26 51
26 57
27 18
27 34
27 35
27 37
27 68
27 74
28 37
28 39
28 43
28 74
29 4
29 5
29 37
29 42
29 66
29 78
30 20
31 0
31 68
31 69
31 79
32 5
33 24
33 36
33 41
33 56
33 59
33 68
34 9
34 11
34 69
35 14
35 52
35 64
35 79
36 11
36 29
36 45
36 49
36 57
36 62
36 63
36 72
37 21
37 52
37 53
37 75
38 1
38 7
38 25
38 46
39 23
39 26
39 34
39 74
39 77
40 7
40 21
40 30
40 37
40 44
40 45
40 73
41 21
41 26
41 67
41 73
42 6
42 45
42 69
42 70
42 77
43 7
43 11
43 77
44 15
44 17
45 8
45 37
45 39
45 53
46 12
46 24
46 27
46 30
46 44
46 45
46 56
46 58
46 60
46 74
47 2
47 9
47 11
47 22
47 49
47 74
48 3
48 25
48 26
48 67
49 18
49 31
49 42
49 47
50 5
50 17
50 41
50 51
50 54
51 1
51 47
51 58
51 64
52 1
52 48
53 13
53 31
53 66
53 70
54 20
54 21
54 24
54 31
54 33
54 55
54 66
54 70
55 3
56 14
56 29
56 63
56 77
57 15
57 37
57 71
58 16
58 30
58 39
58 49
58 59
58 60
58 72
59 27
59 36
59 53
59 65
59 68
60 3
60 42
60 51
60 72
60 73
61 30
61 32
61 39
61 63
61 65
61 79
62 0
62 15
62 19
62 47
62 61
62 70
62 72
63 23
63 45
63 70
64 17
64 19
64 25
64 37
64 46
64 79
65 11
65 12
65 50
65 56
65 60
66 20
66 37
66 41
66 46
66 71
67 15
67 17
67 21
67 42
67 59
68 24
68 30
68 73
69 26
69 64
69 65
70 50
71 0
71 8
71 9
71 14
71 32
71 37
71 74
72 12
72 44
72 49
72 67
73 13
73 37
73 59
73 71
73 79
74 1
74 13
74 30
74 50
74 54
74 55
74 79
75 13
75 20
75 68
75 73
76 0
76 15
76 23
76 27
76 70
77 27
77 68
78 28
78 46
78 47
78 72
79 22
0 1 2 3 4 5 6 7 8 9 10 11 12 13 14 15
