80 260 16
0 40
0 49
0 78
1 19
1 43
1 74
2 53
2 58
2 62
2 65
3 20
3 30
3 42
4 46
5 26
5 75
6 4
6 45
6 62
7 66
7 68
7 77
8 17
8 38
8 39
9 18
9 22
9 62
10 52
10 55
10 71
11 33
11 71
12 27
12 70
13 14
13 39
13 50
14 23
15 60
15 61
16 23
16 25
16 76
17 8
17 22
17 76
18 36
18 43
18 49
20 3
20 29
20 50
21 33
22 9
22 31
22 36
22 38
22 42
22 45
22 50
22 53
22 74
23 14
23 32
23 73
24 7
24 30
24 48
24 70
24 71
25 16
25 44
25 52
26 5
26 28
26 71
27 12
27 35
27 38
27 65
27 66
27 73
28 24
28 52
29 20
29 49
29 53
29 72
30 3
30 24
31 44
31 53
31 54
31 62
32 23
32 33
32 45
32 67
33 11
33 21
33 42
33 78
34 0
34 13
34 15
34 61
34 66
34 68
35 27
36 18
36 22
37 45
37 49
37 65
38 8
38 27
39 8
39 13
39 65
39 69
40 0
40 47
40 57
40 63
40 71
41 42
41 74
42 3
42 22
42 41
42 44
42 50
43 1
43 18
43 44
43 47
43 50
44 25
44 43
45 22
45 32
45 53
45 75
46 49
46 58
47 40
47 43
47 51
47 60
48 0
48 57
49 7
49 18
49 29
49 31
49 37
49 46
49 62
50 13
50 20
50 22
50 42
50 43
51 47
51 66
51 73
52 10
52 25
52 28
52 65
53 2
53 10
53 22
53 29
53 49
53 66
53 79
54 31
55 10
55 19
55 61
56 41
56 58
57 48
58 46
58 56
58 68
59 13
59 62
60 15
60 39
60 47
61 4
61 15
61 34
61 55
62 2
62 5
62 6
62 9
62 31
62 49
62 59
62 77
63 14
63 41
63 69
64 13
64 67
65 2
65 37
65 39
65 52
65 72
66 7
66 27
66 34
66 51
66 53
67 0
67 32
67 64
68 7
68 29
68 34
68 58
69 63
70 12
70 24
71 10
71 11
71 19
71 24
71 34
71 40
71 74
72 65
73 23
73 27
74 1
74 22
74 57
74 71
74 79
75 5
76 16
76 77
76 79
77 7
77 9
77 27
77 49
77 62
77 70
77 76
78 0
78 33
79 74
79 76
0 1 2 3 4 5 6 7 8 9 10 11 12 13 14 15
