80 632 6
0 10
0 15
0 27
0 29
0 40
0 44
0 45
0 58
0 66
1 0
1 3
1 66
2 14
2 27
2 28
2 30
2 39
2 45
2 57
2 75
3 11
3 13
3 14
3 41
3 47
3 58
3 59
3 64
3 67
3 70
4 12
4 18
4 38
4 44
4 45
4 51
4 53
4 58
4 66
4 71
5 6
5 8
5 27
5 33
5 37
5 47
5 54
5 55
5 56
5 63
5 78
6 18
6 26
6 36
6 40
6 58
6 72
7 6
7 8
7 20
7 44
7 45
7 46
7 60
7 74
7 79
8 11
8 13
8 38
8 39
8 50
8 59
8 62
9 12
9 16
9 39
9 40
9 49
9 56
9 75
10 5
10 21
10 37
10 45
10 57
10 77
11 4
11 44
11 47
11 52
12 1
12 7
12 29
12 31
12 47
12 55
12 57
12 64
12 73
12 75
13 11
13 23
13 29
13 36
13 42
13 43
13 55
13 67
14 0
14 10
14 11
14 18
14 21
14 22
14 26
14 50
14 54
14 58
14 60
15 5
15 31
15 33
15 44
15 50
15 62
15 67
15 76
15 77
16 8
16 13
16 14
16 31
16 33
16 34
16 42
16 48
16 66
16 70
16 75
16 76
17 9
17 20
17 37
17 38
17 64
17 73
18 9
18 13
18 23
18 27
18 31
18 40
18 48
18 72
19 9
19 15
19 18
19 29
19 30
19 49
19 57
19 64
19 73
20 33
20 48
20 50
20 67
20 73
21 3
21 7
21 13
21 15
21 17
21 18
21 44
21 52
21 71
21 78
22 1
22 42
22 54
22 66
23 22
23 24
23 27
23 29
23 31
23 49
23 68
23 72
24 0
24 34
24 36
24 38
24 39
24 52
24 59
24 63
24 67
25 5
25 11
25 29
25 31
25 36
25 38
25 41
25 53
25 58
25 69
26 2
26 15
26 41
26 64
26 66
26 67
26 69
27 7
27 30
27 35
27 36
27 55
27 59
27 62
27 77
28 4
28 12
28 26
28 36
29 16
29 17
29 26
29 30
29 44
29 57
29 58
30 4
30 6
30 9
30 22
30 51
30 55
30 73
30 75
31 5
31 19
31 21
31 28
31 29
31 36
31 38
31 41
31 43
31 44
31 55
31 56
31 64
32 3
32 4
32 5
32 9
32 35
32 50
32 55
32 59
32 75
33 13
33 21
33 29
33 56
33 74
34 5
34 21
34 43
34 52
34 54
34 57
34 62
35 0
35 10
35 28
35 29
35 42
35 43
35 50
35 77
35 79
36 21
36 26
36 38
36 39
36 42
36 49
36 51
36 69
36 75
37 0
37 8
37 33
37 50
37 57
37 70
37 72
37 75
37 76
38 23
38 27
38 39
38 69
38 75
39 12
39 14
39 17
39 19
39 70
40 22
40 35
40 37
40 61
40 63
40 77
40 78
41 1
41 24
41 27
41 34
41 35
41 57
41 59
41 69
41 72
41 79
42 8
42 25
42 27
42 37
42 64
42 76
43 7
43 20
43 33
43 50
43 66
43 79
44 3
44 6
44 26
44 58
44 61
45 15
45 19
45 29
45 43
45 56
45 58
45 65
46 3
46 8
46 10
46 12
46 17
46 26
46 32
46 34
46 59
46 78
47 2
47 15
47 23
47 32
47 44
47 62
47 63
47 68
48 2
48 13
48 14
48 33
48 40
49 21
49 33
49 41
49 43
49 55
49 60
49 66
50 3
50 7
50 9
50 10
50 11
50 17
50 21
50 31
50 61
50 73
51 13
51 17
51 31
51 38
51 42
51 43
51 66
51 71
51 72
51 74
51 77
52 3
52 12
52 33
52 39
52 43
52 48
52 60
52 63
52 64
52 70
52 72
53 7
53 10
53 22
53 24
53 36
53 37
53 38
53 42
53 66
53 70
54 0
54 10
54 24
54 25
54 33
54 42
54 51
54 52
54 55
54 62
54 66
54 70
55 0
55 2
55 14
55 33
55 37
55 40
55 43
55 44
55 53
55 56
55 78
56 10
56 17
56 34
56 46
56 47
56 61
56 67
56 73
57 3
57 8
57 33
57 42
57 61
58 1
58 10
58 11
58 31
58 34
58 35
58 36
58 41
58 59
58 63
58 68
58 69
58 75
59 21
59 25
59 48
59 55
59 71
59 74
59 77
59 79
60 41
60 44
60 64
60 71
61 3
61 14
61 22
61 23
61 33
61 38
61 47
62 11
62 79
63 2
63 7
63 8
63 10
63 18
63 27
63 29
63 37
63 51
63 60
63 76
64 5
64 6
64 24
64 32
64 56
64 77
65 31
65 43
65 47
65 52
65 54
65 57
65 62
66 10
66 15
66 18
66 28
66 31
66 62
66 69
66 70
67 5
67 21
67 27
67 51
67 54
67 57
67 68
68 14
68 27
68 40
68 54
68 73
68 76
69 0
69 1
69 30
69 42
69 64
69 75
69 79
70 1
70 14
70 26
70 28
70 42
70 51
70 57
70 62
70 72
71 5
71 10
71 14
71 20
71 29
71 63
71 66
71 70
71 72
71 75
71 77
72 1
72 12
72 16
72 20
72 27
72 28
72 32
72 40
72 53
72 69
73 10
73 37
73 39
73 42
73 48
73 54
73 55
73 59
73 66
73 70
74 28
74 35
74 46
74 65
74 66
74 79
75 5
75 10
75 14
75 19
75 25
75 34
75 51
75 62
75 78
76 1
76 4
76 14
76 17
76 19
76 28
76 31
76 32
76 56
77 9
77 19
77 33
77 34
77 43
77 60
78 2
78 13
78 60
78 65
78 67
79 1
79 26
79 44
79 57
79 63
79 66
79 67
79 77
0 1 2 3 4 5
