80 350 8
0 15
0 18
0 20
0 22
0 45
0 51
0 52
0 63
0 64
0 77
1 25
2 23
2 42
2 46
2 47
3 17
3 42
4 17
4 31
4 42
4 43
4 47
4 70
5 15
5 50
5 54
5 61
5 71
5 73
5 78
6 8
6 37
6 38
6 50
6 52
6 64
6 67
6 70
6 78
7 45
7 65
8 33
8 53
9 0
9 12
9 14
9 19
9 22
9 40
9 41
10 1
10 2
10 5
10 24
10 36
10 48
10 68
10 75
11 1
11 6
11 25
11 61
11 66
12 26
12 63
12 65
12 77
13 44
13 70
14 19
14 25
14 34
14 75
15 2
15 35
15 74
16 0
16 20
16 29
16 58
16 62
17 1
17 47
17 54
17 58
17 67
17 77
18 56
18 72
19 0
19 61
20 6
20 62
21 28
22 36
22 49
22 59
23 79
24 23
24 30
24 34
24 53
24 61
25 23
25 27
25 55
25 57
26 4
26 17
26 45
26 48
27 30
27 42
27 47
27 74
27 77
28 5
28 43
28 54
28 64
28 65
29 32
29 43
29 56
29 63
30 16
30 74
31 24
31 30
31 33
31 44
31 75
31 76
32 2
32 10
32 24
32 28
32 79
33 30
33 50
33 52
33 60
33 63
33 64
33 68
33 74
33 78
34 0
34 18
34 26
34 38
34 53
34 69
34 73
35 71
36 0
36 4
36 6
36 25
36 41
37 21
37 30
37 35
37 49
37 52
37 71
37 73
37 77
38 7
38 12
38 13
38 21
38 46
38 59
38 71
39 17
39 41
39 49
39 60
39 72
39 73
40 5
40 13
40 26
40 30
40 67
41 18
41 45
42 8
42 9
42 52
42 72
42 78
43 5
43 12
43 20
43 24
44 3
44 8
44 20
44 30
44 41
44 47
45 3
45 15
45 20
45 35
45 60
46 21
46 45
46 53
46 72
46 74
47 9
47 65
48 13
48 27
48 34
48 67
49 30
49 60
49 63
49 64
49 71
49 75
50 45
50 46
51 39
51 43
51 46
51 47
51 55
51 79
52 9
52 29
52 51
52 60
52 68
52 69
53 1
53 14
53 20
53 49
53 65
53 75
54 76
55 8
55 70
55 72
56 11
56 12
56 14
56 22
56 30
56 39
56 47
56 54
56 73
57 36
57 55
57 60
57 77
58 39
58 45
58 70
58 79
59 4
59 17
59 33
59 36
59 37
59 64
59 73
60 0
60 5
60 30
60 31
60 47
60 66
61 32
61 55
62 0
62 1
62 36
62 51
62 67
63 26
63 27
63 37
63 38
63 50
64 36
64 43
64 46
65 15
65 20
65 38
65 41
65 59
65 63
66 25
67 0
67 10
67 18
67 76
68 7
68 16
68 20
68 40
68 46
68 60
69 1
69 4
70 3
70 20
70 28
70 36
70 37
71 16
71 31
72 47
73 20
73 28
73 75
74 7
74 67
75 4
75 20
75 22
75 59
75 72
75 79
76 5
76 15
76 20
76 40
76 69
77 7
77 11
77 44
77 55
77 65
78 9
78 10
78 62
79 0
79 16
79 19
79 27
79 29
0 1 2 3 4 5 6 7
