80 350 16
0 10
0 20
0 35
0 42
0 56
0 58
1 6
1 38
1 51
1 59
2 19
3 12
3 67
4 6
4 17
4 19
4 53
5 9
5 50
5 68
5 72
5 76
6 20
6 43
6 78
7 0
7 15
7 18
7 19
7 27
7 46
7 57
7 68
7 74
8 29
8 31
8 34
8 35
8 49
8 51
8 66
9 1
9 14
9 71
10 26
10 33
10 44
10 51
10 52
10 54
10 63
11 0
11 6
11 15
11 23
11 50
11 54
11 62
11 76
12 2
12 39
12 45
12 63
13 6
13 11
13 17
13 18
13 20
13 37
13 54
13 55
13 58
14 11
14 16
14 49
14 58
15 2
15 53
15 68
15 71
16 7
16 9
16 32
16 36
17 57
17 74
17 75
18 15
18 31
18 36
18 54
18 62
18 63
19 79
20 11
20 55
21 40
21 46
21 56
22 0
22 39
22 50
23 6
23 19
23 31
23 38
23 60
23 71
23 79
24 15
24 21
24 22
24 27
24 71
24 73
25 2
25 14
25 63
25 64
26 14
26 30
27 9
27 28
27 50
28 20
28 44
28 53
28 65
28 67
29 16
29 19
29 38
29 41
29 53
29 66
30 13
30 18
30 20
30 25
31 21
31 30
31 53
31 56
32 6
32 10
32 12
32 13
32 35
32 47
32 50
32 74
32 75
33 5
33 34
33 42
33 54
33 55
33 66
33 69
33 75
34 20
34 28
34 30
34 42
34 48
34 52
35 20
35 23
35 24
35 39
35 59
35 68
36 7
36 33
37 1
37 38
37 46
37 55
37 66
37 67
37 71
37 76
38 64
39 21
39 28
39 30
39 47
39 49
40 2
40 30
40 32
40 49
40 50
40 65
41 47
42 26
42 48
42 62
42 64
42 67
42 77
43 20
43 31
43 34
43 42
44 35
44 57
45 18
45 32
45 53
45 69
46 2
46 17
46 55
47 16
47 17
47 37
47 56
47 66
48 12
48 13
48 20
48 21
48 24
48 36
48 45
48 60
48 74
48 77
49 31
49 37
49 77
50 9
50 37
50 39
50 41
50 52
51 18
51 19
51 22
51 29
51 30
51 61
51 71
52 11
52 17
52 35
52 38
52 69
53 6
53 17
53 57
54 0
54 1
54 60
54 71
54 78
55 0
55 32
55 42
55 43
55 67
56 6
56 44
56 62
56 74
57 24
57 36
57 55
58 3
58 4
58 18
58 21
58 26
58 43
58 72
59 5
59 19
59 51
59 61
60 47
60 58
60 61
60 71
60 78
61 7
61 56
61 64
61 70
62 39
62 64
62 79
63 7
64 12
64 15
64 50
65 7
65 8
65 10
65 61
66 64
66 69
67 4
67 19
67 30
67 36
67 45
67 51
68 11
68 28
68 45
68 47
69 30
69 55
69 65
70 2
70 10
70 12
70 42
71 1
71 4
71 35
71 44
71 62
71 77
72 6
72 9
72 41
72 42
72 46
72 64
73 22
73 46
74 9
74 21
74 46
75 1
75 2
75 28
75 78
76 23
76 61
77 12
77 37
77 65
77 66
77 68
78 35
79 39
79 43
0 1 2 3 4 5 6 7 8 9 10 11 12 13 14 15
