80 632 16
0 10
0 19
0 31
0 33
0 48
0 49
0 56
0 73
1 10
1 19
1 30
1 73
1 76
2 7
2 22
2 29
2 38
2 55
2 60
2 63
2 65
2 66
3 0
3 10
3 19
3 36
3 37
3 40
3 42
3 51
3 71
3 72
4 27
4 40
4 45
4 48
4 49
4 52
4 56
4 62
4 77
4 79
5 25
5 43
5 51
5 55
5 67
5 71
5 79
6 19
6 57
6 61
6 66
6 69
6 73
7 3
7 10
7 15
7 17
7 24
7 50
7 55
7 65
8 7
8 12
8 22
8 24
8 28
8 29
8 51
8 57
8 68
8 78
8 79
9 38
9 45
10 8
10 22
10 29
10 35
10 47
10 49
10 63
10 68
10 69
11 1
11 3
11 22
11 53
11 70
11 74
11 78
12 5
12 26
12 28
12 54
12 64
12 65
12 68
12 74
12 77
13 4
13 49
13 50
13 62
13 69
13 76
14 5
14 7
14 22
14 24
14 49
14 53
14 54
14 59
14 64
14 67
14 76
15 20
15 52
15 55
15 59
15 72
15 73
16 0
16 3
16 11
16 14
16 19
16 25
16 29
16 40
16 41
16 47
16 60
16 63
16 68
16 69
17 8
17 11
17 12
17 25
17 35
17 38
17 72
17 75
18 16
18 41
18 49
18 74
18 75
18 76
18 77
19 5
19 12
19 18
19 26
19 39
19 53
19 56
19 76
19 79
20 0
20 3
20 18
20 25
20 27
20 41
20 50
20 53
20 55
20 78
21 6
21 10
21 13
21 14
21 53
21 63
22 1
22 28
22 32
22 41
22 44
22 54
22 57
22 59
22 60
22 63
22 78
23 6
23 7
23 12
23 26
23 34
23 43
23 49
23 50
23 53
23 63
23 76
24 1
24 18
24 23
24 36
24 38
24 39
24 41
24 42
24 46
24 61
25 13
25 28
25 38
25 59
26 4
26 9
26 11
26 36
26 52
26 65
26 67
26 70
26 79
27 1
27 33
27 45
27 69
27 71
27 73
28 1
28 3
28 15
28 20
28 45
28 57
29 5
29 60
29 69
29 74
29 75
30 11
30 15
30 21
30 33
30 51
30 55
30 57
30 58
30 59
30 62
30 76
30 79
31 3
31 11
31 30
31 58
31 64
31 75
32 21
32 30
32 44
32 57
32 61
32 64
32 75
33 7
33 14
33 20
33 62
33 77
34 7
34 19
34 22
34 29
34 46
34 56
34 58
35 57
35 70
36 1
36 6
36 15
36 31
36 32
36 46
36 50
36 54
36 67
36 70
36 78
37 10
37 13
37 15
37 18
37 19
37 24
37 25
37 33
37 38
37 39
37 53
37 69
38 15
38 16
38 21
38 22
38 26
38 33
38 36
38 63
38 70
38 76
39 0
39 3
39 11
39 34
39 60
39 72
40 5
40 20
40 22
40 43
40 50
40 57
40 58
41 14
41 26
41 48
41 51
41 63
42 1
42 12
42 20
42 28
42 33
42 36
42 41
42 43
42 46
42 55
42 56
42 62
42 68
42 73
42 79
43 7
43 8
43 22
43 32
43 44
43 66
44 0
44 15
44 21
44 35
44 36
44 47
44 69
45 2
45 15
45 38
45 43
45 44
45 61
45 67
46 31
46 32
46 57
46 62
47 8
47 12
47 15
47 27
47 42
47 55
47 58
47 60
47 65
48 1
48 5
48 6
48 11
48 28
48 32
48 50
48 64
48 65
48 79
49 15
49 33
49 40
49 43
49 62
49 66
49 71
49 72
49 79
50 2
50 25
50 39
50 67
51 11
51 18
51 27
51 33
51 45
51 55
51 59
51 61
51 68
52 13
52 22
52 41
52 53
52 57
52 67
52 76
53 2
53 28
53 30
53 42
53 51
53 57
53 70
53 72
54 21
54 48
54 49
54 59
54 60
54 65
54 76
55 1
55 11
55 12
55 21
55 34
55 54
55 63
56 2
56 9
56 20
56 33
56 66
56 67
56 73
56 79
57 18
57 55
57 62
57 79
58 27
58 42
58 43
58 46
58 49
58 53
58 61
59 3
59 6
59 45
59 48
59 50
59 56
59 57
59 67
59 68
59 71
59 73
60 0
60 10
60 14
60 35
60 36
60 64
60 72
60 73
60 79
61 2
61 11
61 14
61 18
61 23
61 28
61 29
61 36
61 49
61 50
61 78
62 8
62 10
62 15
62 29
62 60
63 29
63 40
63 43
63 47
63 57
64 8
64 44
64 45
64 54
64 56
64 62
64 66
64 70
65 10
65 17
65 33
65 57
65 64
65 70
66 0
66 11
66 15
66 40
66 44
66 65
67 17
67 24
67 42
67 51
67 69
67 75
68 6
68 9
68 22
68 39
68 64
68 77
69 1
69 8
69 9
69 12
69 19
69 20
69 28
69 41
69 48
69 62
69 68
70 19
70 32
70 33
70 41
70 63
70 68
71 7
71 10
71 19
71 23
71 25
71 26
71 29
71 45
71 54
71 77
71 78
72 16
72 21
72 23
72 42
72 43
72 44
72 54
72 56
72 64
72 68
72 69
72 79
73 21
73 25
73 26
73 65
73 72
73 74
74 4
74 10
74 14
74 31
74 32
74 38
74 43
74 47
74 51
74 52
74 62
74 69
74 75
74 79
75 1
75 11
75 27
75 28
75 38
75 46
75 50
75 66
75 68
75 73
75 76
75 78
75 79
76 2
76 22
76 25
76 27
76 32
76 45
76 57
76 62
76 74
76 77
77 3
77 9
77 17
77 25
77 31
77 37
77 44
77 57
77 60
78 10
78 27
78 32
78 33
78 38
79 28
79 35
79 41
79 78
0 1 2 3 4 5 6 7 8 9 10 11 12 13 14 15
