80 632 8
0 14
0 20
0 23
0 28
0 33
0 35
0 36
0 47
0 48
0 54
0 71
1 14
1 27
1 29
1 30
1 31
1 41
1 57
1 64
1 68
1 70
1 79
2 14
2 39
3 10
3 23
3 29
3 31
3 36
3 59
3 65
3 77
4 6
4 9
4 15
4 21
4 25
4 31
4 33
4 45
4 51
4 67
5 1
5 18
5 36
5 38
5 43
5 44
5 56
5 63
6 3
6 16
6 22
6 25
6 31
6 33
6 45
6 68
6 69
6 74
6 79
7 6
7 9
7 18
7 28
7 35
7 37
7 38
7 41
7 51
7 61
7 71
7 78
8 2
8 11
8 21
8 24
8 37
8 42
8 43
8 50
8 55
8 74
9 0
9 1
9 13
9 18
9 52
10 5
10 34
10 65
10 68
10 76
11 31
11 37
11 47
11 62
11 63
11 73
12 2
12 8
12 16
12 17
12 32
12 41
12 53
12 55
12 56
12 73
13 12
13 17
13 32
13 41
13 43
13 44
13 66
13 68
13 76
13 77
14 69
14 71
15 10
15 26
15 44
15 45
15 59
15 61
15 62
16 18
16 26
16 30
16 49
16 54
16 55
16 67
16 74
16 77
16 79
17 6
17 11
17 32
17 34
18 0
18 2
18 23
18 25
18 48
18 54
18 58
18 60
18 61
18 73
18 78
19 7
19 11
19 14
19 34
19 54
19 62
19 70
19 72
20 18
20 39
20 53
20 54
20 58
20 71
21 7
21 17
21 43
21 71
22 0
22 12
22 29
22 32
22 45
22 52
22 55
22 61
22 66
22 67
22 69
23 1
23 29
23 35
23 37
23 47
23 56
23 60
23 64
23 77
24 12
24 14
24 35
24 47
24 52
24 63
24 74
24 76
24 78
25 2
25 8
25 20
25 26
25 38
25 47
25 66
26 5
26 9
26 17
26 31
26 44
26 48
26 49
26 50
26 54
26 61
26 63
26 72
26 75
26 76
27 3
27 8
27 22
27 68
27 79
28 13
28 14
28 15
28 55
29 8
29 12
29 13
29 34
29 43
29 44
29 53
29 64
29 71
29 73
29 76
30 0
30 6
30 10
30 24
30 41
30 44
30 48
30 49
30 58
30 59
30 78
31 0
31 8
31 25
31 50
31 56
31 63
31 65
31 70
32 28
32 48
32 72
32 78
33 23
33 29
33 32
33 41
33 43
33 53
33 66
34 7
34 18
34 21
34 22
34 24
34 54
34 59
34 61
34 67
34 72
34 75
34 77
35 14
35 36
35 41
35 50
35 62
35 69
36 4
36 8
36 15
36 26
36 32
36 34
36 38
36 72
36 79
37 19
37 20
37 22
37 27
37 50
37 54
37 56
37 60
37 74
38 31
38 41
38 50
39 0
39 18
39 33
39 59
39 60
39 69
39 75
39 79
40 2
40 26
40 28
40 32
40 52
40 64
40 65
40 74
41 14
41 21
41 22
41 27
41 29
41 32
41 39
41 59
42 0
42 14
42 48
42 55
42 74
43 41
43 61
43 72
44 6
44 18
44 31
44 50
44 64
44 67
44 72
45 11
45 19
45 31
45 32
45 51
45 74
46 1
46 7
46 9
46 11
46 14
46 22
46 25
46 28
46 29
46 33
46 42
46 48
46 52
46 58
47 15
47 20
47 28
47 32
47 38
47 53
47 56
47 69
47 70
48 8
48 9
48 19
48 28
48 29
48 41
48 43
48 47
48 62
48 74
49 9
49 24
49 52
49 54
49 61
50 3
50 7
50 9
50 40
50 42
50 45
50 51
50 53
50 58
50 59
50 71
50 76
51 0
51 1
51 6
51 12
51 26
51 30
51 32
51 57
51 67
51 77
51 78
52 1
52 27
52 30
52 35
52 50
52 68
52 78
53 25
53 26
53 31
53 34
53 37
53 39
53 42
53 61
54 9
54 11
54 22
54 40
54 41
54 44
54 46
54 56
54 64
54 66
54 69
55 10
55 21
55 31
55 51
55 72
56 2
56 4
56 10
56 32
56 38
56 67
56 71
57 42
57 53
57 59
57 60
57 65
57 70
58 17
58 56
58 74
59 0
59 27
59 28
59 35
59 42
59 46
59 56
59 60
59 70
59 74
60 1
60 4
60 20
60 62
61 14
61 21
61 37
61 71
62 0
62 7
62 8
62 10
62 13
62 20
62 34
62 37
62 58
62 71
63 13
63 15
63 39
63 52
63 72
64 4
64 9
64 12
64 17
64 33
64 39
64 41
64 45
64 46
64 60
64 75
65 0
65 34
65 54
65 56
65 60
65 72
66 0
66 8
66 17
66 18
66 23
66 26
66 30
66 31
66 43
66 56
66 61
67 1
67 9
67 25
67 31
67 41
67 74
68 4
68 5
68 7
68 9
68 25
68 29
68 36
68 49
68 50
68 60
68 77
69 3
69 18
69 25
69 26
69 42
69 74
69 76
69 79
70 17
70 36
70 48
70 52
70 53
70 68
71 3
71 12
71 16
71 26
71 43
71 52
71 53
71 59
71 72
72 0
72 3
72 35
72 42
72 48
72 62
72 73
72 75
72 78
73 6
73 13
73 19
73 36
73 37
73 60
73 63
73 75
73 78
74 20
74 27
74 32
74 54
74 66
74 68
75 6
75 10
75 22
75 32
75 45
75 51
75 60
75 61
75 65
75 69
76 5
76 6
76 8
76 21
76 22
76 39
76 45
76 62
76 71
77 5
77 6
77 7
77 27
77 31
77 66
78 0
78 10
78 13
78 20
78 25
78 28
78 31
78 33
78 35
78 40
78 48
78 63
78 65
78 70
78 74
79 0
79 33
79 43
79 48
0 1 2 3 4 5 6 7
