80 231 8
0 9
0 22
0 43
0 46
0 65
0 66
0 68
1 38
1 65
2 35
2 72
3 32
3 65
4 30
5 27
5 40
6 17
6 75
7 8
7 66
8 0
8 7
8 39
8 53
8 61
8 74
8 77
9 4
10 79
11 25
11 30
11 77
12 24
12 36
13 29
13 46
14 5
14 9
14 56
14 74
15 17
15 41
15 52
16 28
16 34
16 74
16 76
17 6
18 34
18 41
18 52
18 64
19 0
19 24
19 44
19 62
19 79
20 23
20 74
21 5
21 25
21 33
21 61
22 9
22 11
22 64
22 67
23 20
23 41
23 46
23 54
23 62
24 12
24 19
25 21
25 36
25 51
25 71
26 47
26 76
27 5
27 6
27 22
27 49
28 27
28 31
28 50
28 63
29 13
29 31
29 50
29 68
29 78
30 11
30 66
31 28
32 3
32 29
32 46
33 21
33 47
33 69
34 16
34 18
34 41
35 2
35 15
35 42
35 62
35 64
36 6
36 13
37 12
37 13
37 74
38 27
38 64
39 8
39 74
39 75
40 14
40 48
40 53
40 61
41 0
41 15
41 23
41 34
41 70
43 0
43 71
44 41
45 60
45 67
45 78
46 79
47 9
47 33
47 76
48 54
48 65
49 6
49 27
49 50
49 51
50 28
50 49
51 25
51 34
51 41
51 49
51 73
52 17
52 18
53 8
53 40
53 63
53 70
54 23
54 48
54 58
54 65
54 68
55 53
55 67
56 14
56 22
57 28
57 68
58 54
59 77
60 45
60 78
61 21
61 40
62 35
63 53
64 30
64 35
65 0
65 1
65 3
65 48
65 54
66 0
66 7
66 30
66 69
66 76
67 22
67 49
67 55
68 13
68 57
68 73
68 76
69 12
69 32
69 33
69 66
70 29
71 25
71 35
72 2
72 4
73 51
73 58
73 68
74 14
74 20
74 37
74 39
74 43
75 6
75 69
75 78
76 16
76 26
76 66
76 68
76 77
77 8
77 47
77 59
77 76
78 45
78 60
78 75
79 16
79 70
79 73
0 1 2 3 4 5 6 7
