80 431 20
0 2
0 14
0 27
0 43
0 45
0 64
0 68
0 76
1 19
1 48
1 56
1 57
1 74
2 0
2 11
2 57
2 70
3 15
3 31
3 39
3 42
3 58
3 67
4 6
4 15
4 25
4 57
4 63
5 9
6 8
6 33
6 54
6 58
7 1
7 24
7 28
7 29
7 49
7 50
7 57
8 6
8 11
8 20
8 22
8 25
8 33
8 34
8 37
8 50
8 71
9 2
9 6
9 32
9 38
9 57
10 12
10 27
10 42
10 49
10 55
10 57
11 4
11 8
11 15
11 19
11 26
11 27
12 32
12 37
12 61
12 62
13 2
13 14
13 38
13 41
13 56
13 71
14 13
14 16
14 29
14 63
14 65
14 67
15 2
15 3
15 11
15 36
15 48
15 64
15 72
16 23
16 28
16 42
17 23
17 42
17 46
17 47
17 49
17 74
17 75
18 60
19 11
19 26
19 27
19 36
19 56
19 70
19 74
20 36
20 48
20 63
20 75
21 6
21 19
21 45
22 40
22 72
23 70
23 71
23 72
23 76
24 7
24 15
24 17
24 26
24 59
24 61
25 0
25 4
25 16
25 19
25 32
25 33
25 48
25 62
25 77
25 78
26 12
26 13
26 24
26 32
26 40
26 60
27 9
27 10
27 40
27 44
27 45
27 72
27 73
27 74
28 12
28 14
28 16
28 39
28 42
28 71
28 72
29 28
29 38
29 47
29 62
30 31
30 68
30 73
31 18
31 24
31 33
31 51
31 67
32 12
32 20
32 25
32 37
32 62
32 71
33 6
33 39
33 60
33 61
33 78
34 8
34 11
34 58
34 62
35 10
35 41
35 44
35 46
35 48
35 65
35 78
36 14
36 17
36 22
36 39
36 60
36 75
36 77
37 5
37 32
37 40
37 45
37 49
37 63
38 14
38 24
38 32
38 68
39 46
39 58
40 22
40 27
40 32
40 75
40 79
41 23
41 35
41 52
41 59
41 60
42 0
42 3
42 16
42 69
42 75
43 19
43 47
43 56
44 21
44 37
44 56
44 59
44 66
44 70
45 15
45 20
45 37
45 71
45 76
45 77
46 2
46 17
46 25
46 35
46 42
46 60
46 74
47 32
47 43
47 45
47 58
47 68
47 72
48 28
48 50
48 64
49 3
49 7
49 9
49 10
49 32
49 33
49 71
49 74
50 0
50 2
50 22
50 44
50 48
50 66
50 76
51 1
51 18
51 21
51 31
51 67
51 74
52 0
52 2
52 21
52 32
52 49
52 50
52 65
52 68
52 77
53 57
53 75
54 13
54 31
54 48
54 61
54 66
55 24
55 45
55 56
56 14
56 26
56 43
56 58
56 66
56 67
56 69
57 1
57 9
57 10
57 33
57 50
57 72
58 3
58 6
58 47
58 50
58 56
58 63
58 67
59 7
59 24
59 44
59 72
60 2
60 6
60 7
60 18
60 26
60 32
60 41
60 63
60 73
61 12
61 13
61 22
61 71
62 12
62 25
62 65
62 72
63 4
63 36
63 37
63 58
63 68
63 69
64 0
64 20
64 27
64 46
64 47
64 48
64 77
65 41
65 60
66 3
66 37
66 45
66 54
66 72
66 75
67 31
67 33
67 46
67 51
67 56
67 59
68 38
68 47
68 48
68 52
68 53
68 71
69 24
69 40
69 59
70 20
70 23
70 29
70 37
70 65
70 69
70 74
71 23
71 28
71 61
71 68
72 5
72 9
72 15
72 17
72 23
72 28
72 71
73 30
73 38
73 40
73 51
73 66
73 67
73 69
74 1
74 19
74 27
74 43
74 45
74 46
74 51
75 20
75 37
75 53
75 63
75 77
76 0
76 3
76 14
76 23
76 29
76 46
76 50
76 79
77 20
77 52
77 64
78 1
78 22
78 25
78 27
78 35
79 0
79 4
79 39
79 70
0 1 2 3 4 5 6 7 8 9 10 11 12 13 14 15 16 17 18 19
