80 632 6
0 10
0 25
0 34
0 42
0 50
0 52
0 63
0 70
0 74
0 78
1 16
1 45
1 51
1 56
1 57
1 63
1 74
2 0
2 8
2 11
2 15
2 32
2 46
2 52
2 60
3 15
3 26
3 39
3 42
3 49
3 58
3 59
3 76
4 5
4 6
4 11
4 15
4 19
4 24
4 25
4 50
4 57
5 2
5 9
5 37
5 45
5 50
5 57
5 72
6 8
6 9
6 51
6 56
6 58
6 71
7 1
7 19
7 28
7 31
7 49
7 57
8 11
8 20
8 22
8 28
8 33
8 34
8 37
8 43
8 57
8 69
9 2
9 15
9 21
9 27
9 38
9 41
9 72
10 1
10 3
10 12
10 24
10 35
10 38
10 55
10 59
10 67
11 1
11 27
12 5
12 20
12 31
12 32
12 43
12 59
12 61
13 2
13 25
13 38
13 39
13 41
13 49
13 52
13 61
13 66
13 71
13 79
14 0
14 13
14 16
14 29
14 34
14 55
14 56
14 63
14 64
14 76
15 11
15 16
15 35
15 36
16 28
16 34
16 37
16 42
16 47
16 65
16 66
17 23
17 35
17 36
17 42
17 44
17 46
17 47
17 49
17 62
17 72
17 74
18 1
18 9
18 23
18 31
18 60
18 79
19 1
19 11
19 16
19 27
19 36
19 39
19 43
19 44
19 56
19 57
19 70
20 32
20 36
20 39
20 45
20 63
20 70
20 75
20 77
21 6
21 14
21 19
21 20
21 32
21 51
21 67
22 21
22 28
22 33
22 53
22 72
23 5
23 16
23 41
23 48
23 67
23 70
23 71
23 76
24 7
24 8
24 15
24 17
24 22
24 31
24 32
24 38
24 53
24 55
24 58
24 61
25 8
25 12
25 16
25 19
25 20
25 32
25 33
25 39
25 40
25 46
25 47
25 48
25 57
25 62
25 78
26 1
26 6
26 11
26 12
26 13
26 19
26 24
26 40
26 60
26 69
26 76
26 77
27 0
27 10
27 40
27 50
27 61
27 64
27 74
27 78
28 12
28 14
28 29
28 48
28 71
29 7
29 46
29 63
29 68
29 70
30 8
30 31
30 32
30 54
30 60
30 67
30 68
30 69
30 73
31 3
31 11
31 33
31 43
31 51
31 56
31 69
32 9
32 26
32 29
32 37
32 38
32 40
32 47
32 79
33 6
33 29
33 52
33 61
33 78
34 11
34 21
34 25
34 51
34 58
34 67
35 18
35 29
35 44
35 46
35 48
35 65
35 75
35 76
35 78
36 11
36 14
36 22
36 31
36 39
36 43
36 58
36 64
36 75
37 12
37 15
37 44
37 50
37 63
37 66
37 75
38 1
38 14
38 29
38 47
38 63
38 74
39 15
39 28
39 33
39 35
39 46
39 58
40 16
40 18
40 22
40 37
40 41
40 43
40 73
40 75
41 16
41 30
41 31
41 35
41 47
41 52
41 59
41 60
41 65
42 1
42 5
42 10
42 28
42 63
42 75
43 0
43 18
43 32
43 64
44 21
44 27
44 50
44 59
44 66
44 71
45 0
45 9
45 11
45 15
45 19
45 21
45 27
45 37
45 47
45 50
45 51
45 66
45 74
46 9
46 18
46 26
46 28
46 32
46 42
46 54
46 60
46 67
47 12
47 13
47 28
47 29
47 43
47 58
47 62
47 64
47 68
47 72
48 1
48 2
48 4
48 11
48 12
48 15
48 19
48 20
48 26
48 58
48 69
48 75
48 76
49 6
49 9
49 10
49 21
49 28
49 32
49 33
49 37
49 52
49 71
49 74
50 2
50 7
50 8
50 22
50 41
50 48
50 52
50 58
50 66
50 76
50 79
51 18
51 26
51 28
51 47
51 73
51 74
52 12
52 21
52 32
52 68
52 77
53 34
53 35
53 57
53 68
53 75
54 6
54 8
54 13
54 16
54 20
54 31
54 32
54 48
54 61
54 66
55 3
55 20
55 45
55 54
55 60
56 13
56 26
56 29
56 43
56 44
56 55
56 61
56 66
56 67
56 69
56 77
57 2
57 9
57 10
57 17
57 33
57 39
57 50
57 59
57 72
58 2
58 41
58 56
58 59
58 63
58 69
58 73
59 7
59 9
59 13
59 24
59 31
59 35
60 6
60 7
60 32
60 33
60 36
60 49
60 63
60 65
61 22
61 25
61 37
61 44
61 57
61 64
62 12
62 21
62 29
62 32
62 34
62 39
62 40
62 55
62 59
62 72
63 4
63 36
63 53
63 68
64 0
64 15
64 20
64 44
64 46
64 48
64 60
64 77
65 14
65 31
65 32
65 52
65 62
66 3
66 26
66 29
66 41
66 55
66 72
66 73
67 3
67 14
67 26
67 31
67 33
67 42
67 51
67 53
67 58
67 59
67 73
68 0
68 7
68 27
68 38
68 43
68 48
68 55
68 71
69 13
69 24
69 40
69 42
69 43
69 52
69 59
69 63
69 73
70 2
70 3
70 34
70 37
70 42
70 44
70 65
70 69
70 79
71 8
71 32
71 38
71 43
71 45
71 50
71 52
71 61
71 72
72 10
72 15
72 23
72 27
72 28
72 59
72 64
72 74
73 2
73 27
73 38
73 41
73 59
73 60
73 65
73 74
74 4
74 11
74 19
74 43
74 46
74 70
75 17
75 23
75 24
75 63
75 66
75 77
76 0
76 29
76 31
76 34
76 39
76 45
76 46
77 1
77 17
77 25
77 31
77 32
77 36
77 45
77 58
77 60
78 1
78 8
78 10
78 21
78 22
78 41
79 0
79 4
79 20
79 29
79 39
79 40
79 44
79 48
79 52
79 63
79 76
0 1 2 3 4 5
