80 632 20
0 8
0 12
0 14
0 33
0 42
0 49
0 51
0 58
0 59
0 64
1 6
1 27
1 29
1 30
1 38
1 43
1 46
1 74
2 7
2 16
2 17
2 20
2 47
2 57
2 71
2 72
2 75
3 5
3 10
3 20
3 21
3 48
3 52
3 65
3 66
3 67
3 70
3 73
3 75
3 78
3 79
4 19
4 52
4 66
4 71
5 1
5 6
5 12
5 14
5 18
5 67
6 0
6 25
6 27
6 31
6 35
6 44
6 50
6 52
6 65
6 77
7 6
7 10
7 12
7 22
7 41
7 48
7 49
7 50
7 65
7 71
8 12
8 19
8 21
8 27
8 35
8 66
8 69
8 70
9 8
9 13
9 14
9 18
9 21
9 32
9 69
10 0
10 4
10 36
10 46
10 58
10 79
11 10
11 31
11 33
11 49
12 11
12 13
12 14
12 20
12 25
12 29
12 46
12 47
12 59
12 62
12 64
12 74
12 75
13 0
13 1
13 2
13 7
13 10
13 19
13 22
13 23
13 26
13 46
13 47
13 57
13 61
14 3
14 4
14 38
14 39
14 41
14 63
14 64
14 70
15 9
15 13
15 20
15 21
15 45
15 46
15 47
15 53
15 55
15 64
15 75
15 79
16 19
16 21
16 30
16 37
16 72
16 74
17 1
17 4
17 8
17 9
17 39
17 41
17 47
17 48
17 51
17 71
17 79
18 13
18 24
18 52
18 67
19 1
19 9
19 24
19 36
19 53
19 60
19 77
20 7
20 22
20 39
20 57
21 5
21 12
21 24
21 34
21 37
21 62
21 73
22 1
22 16
22 42
22 51
22 61
22 64
22 65
22 71
23 3
23 4
23 16
23 20
23 22
23 32
23 34
23 46
23 49
23 61
23 76
24 1
24 5
24 11
24 23
24 33
24 44
24 51
24 59
24 63
24 66
24 73
24 74
25 33
25 42
25 55
25 68
26 8
26 14
26 18
26 32
26 42
26 48
26 51
26 58
27 17
27 20
27 21
27 47
27 50
27 57
28 1
28 7
28 11
28 14
28 15
28 26
28 29
28 34
28 47
28 74
29 21
29 26
29 41
30 6
30 26
30 29
30 35
30 62
30 66
30 71
31 33
31 38
31 59
31 68
31 73
32 10
32 12
32 24
32 29
32 33
32 37
32 39
32 42
32 53
32 62
32 66
33 17
33 45
33 52
33 54
33 56
33 69
34 0
34 55
34 60
35 34
35 36
35 49
35 58
35 75
36 2
36 3
36 12
36 13
36 30
36 43
36 67
36 72
36 73
37 8
37 14
37 19
37 26
37 42
37 53
37 55
37 60
37 64
37 72
38 6
38 9
38 10
38 13
38 34
38 36
38 43
38 60
38 71
39 0
39 12
39 16
39 19
39 26
39 33
39 44
39 62
39 68
39 71
39 75
39 76
40 8
40 9
40 11
40 20
40 34
40 37
40 42
40 69
40 71
40 77
41 18
41 19
41 24
41 25
41 30
41 34
41 39
41 48
41 50
41 61
41 68
41 79
42 4
42 10
42 14
42 16
42 41
42 50
42 58
42 59
42 60
43 5
43 24
43 33
43 34
43 51
43 79
44 10
44 21
44 25
44 27
44 35
44 70
45 11
45 42
45 59
45 64
45 73
46 2
46 3
46 21
46 39
46 41
46 53
46 56
46 65
46 68
46 77
47 29
47 31
47 34
47 41
47 45
47 53
47 57
47 59
47 63
48 6
48 8
48 18
48 33
48 43
48 52
48 63
48 65
48 68
48 71
48 77
49 1
49 8
49 32
49 39
49 40
49 45
49 46
49 57
49 64
49 70
50 2
50 12
50 28
50 32
50 38
50 40
50 56
50 63
50 66
50 68
50 71
50 74
51 13
51 33
51 47
51 49
51 68
51 73
52 0
52 20
52 34
52 54
52 58
52 64
53 9
53 11
53 20
53 42
53 45
53 66
53 77
54 0
54 2
54 21
54 29
54 49
54 50
54 58
54 60
55 9
55 17
55 20
55 24
55 36
55 45
55 46
55 47
55 59
55 61
55 67
56 4
56 7
56 16
56 19
56 47
56 78
57 54
57 63
57 65
57 66
57 79
58 8
58 14
58 34
58 38
58 40
58 41
58 60
58 75
59 2
59 6
59 28
59 34
59 36
59 52
59 56
59 60
59 63
59 65
59 70
60 7
60 9
60 16
60 36
60 41
60 50
61 17
61 29
61 30
61 36
61 47
61 65
61 74
62 1
62 25
62 27
62 34
62 45
62 78
63 0
63 13
63 30
63 61
63 74
64 2
64 13
64 35
64 47
64 55
64 59
64 66
65 5
65 10
65 20
65 27
65 32
65 42
65 44
65 51
65 60
65 63
65 78
66 0
66 2
66 6
66 12
66 16
66 22
66 33
66 47
66 58
67 1
67 33
67 39
67 43
67 44
67 52
67 60
67 66
68 12
68 14
68 56
68 63
69 6
69 42
69 50
69 76
70 13
70 21
70 22
70 25
70 26
70 64
70 71
70 76
70 77
71 8
71 28
71 45
71 47
71 61
72 0
72 30
72 45
72 48
72 53
72 54
72 75
72 79
73 0
73 2
73 6
73 7
73 9
73 28
73 30
73 42
73 43
73 48
73 64
73 72
74 20
74 29
74 39
74 43
74 46
74 56
74 59
74 79
75 1
75 16
75 33
75 38
75 41
75 51
75 62
75 69
75 70
75 76
75 79
76 3
76 9
76 13
76 15
76 27
76 32
76 40
76 52
76 56
76 59
76 65
76 77
77 9
77 13
77 29
77 34
77 36
77 61
77 64
78 13
78 59
78 72
79 53
79 78
0 1 2 3 4 5 6 7 8 9 10 11 12 13 14 15 16 17 18 19
