80 700 16
0 6
0 7
0 9
0 12
0 13
0 27
0 37
0 42
0 58
0 61
1 9
1 28
1 32
1 39
1 41
1 48
1 54
1 61
1 67
1 79
2 6
2 9
2 29
2 40
2 49
2 58
2 65
2 70
2 77
3 4
3 7
3 30
3 33
3 45
3 66
4 3
4 27
4 35
4 40
4 48
4 72
5 24
5 48
5 51
5 53
5 69
5 72
6 0
6 2
6 15
6 17
6 18
6 24
6 26
6 37
6 43
6 50
6 52
6 62
6 66
6 69
6 79
7 0
7 3
7 12
7 14
7 20
7 42
7 49
7 65
7 77
8 11
8 12
8 24
8 27
8 38
8 40
8 50
8 57
8 65
8 79
9 0
9 1
9 2
9 11
9 13
9 18
9 26
9 43
9 65
9 72
9 75
10 20
10 28
10 30
10 39
10 50
10 54
10 56
11 8
11 9
11 12
11 27
11 33
11 37
11 46
11 51
11 79
12 0
12 7
12 8
12 11
12 23
12 37
12 47
12 51
12 55
12 77
13 0
13 9
13 15
13 20
13 24
13 28
13 48
13 51
13 54
13 57
13 62
13 64
13 68
13 70
13 74
14 7
14 20
14 34
14 56
14 65
14 67
14 75
14 79
15 6
15 13
15 17
15 29
15 47
15 56
15 57
15 71
15 74
15 75
15 78
16 19
16 34
16 51
16 60
16 66
17 6
17 15
17 34
17 45
17 55
17 67
18 6
18 9
18 26
18 29
18 37
18 67
19 16
19 20
19 35
19 58
19 63
19 65
20 7
20 10
20 13
20 14
20 19
20 24
20 25
20 35
20 55
20 57
20 64
20 72
20 79
21 33
21 35
21 43
21 50
21 52
21 59
21 76
22 28
22 41
23 12
23 42
23 52
23 58
23 61
23 66
23 72
23 77
23 78
24 5
24 6
24 8
24 13
24 20
24 29
24 31
24 53
24 60
24 64
24 67
25 20
25 30
25 53
25 57
25 58
25 59
25 66
26 6
26 9
26 18
26 31
26 44
26 68
26 70
26 77
27 0
27 4
27 8
27 11
27 48
27 58
27 73
27 77
28 1
28 10
28 13
28 22
28 31
28 53
28 64
28 75
29 2
29 15
29 18
29 24
29 53
29 63
29 76
29 79
30 3
30 10
30 25
30 37
30 50
30 59
30 78
30 79
31 24
31 26
31 28
31 35
31 57
31 61
31 63
31 69
31 78
32 1
32 44
32 49
32 58
32 62
32 63
32 69
32 72
33 3
33 11
33 21
33 34
33 37
33 42
33 50
33 55
33 59
34 14
34 16
34 17
34 33
34 35
34 37
34 55
34 71
35 4
35 19
35 20
35 21
35 31
35 34
35 54
35 58
35 72
35 73
36 38
36 50
36 51
36 52
36 72
36 75
36 76
36 79
37 0
37 6
37 11
37 12
37 18
37 30
37 33
37 34
37 39
37 41
37 44
37 46
37 47
37 53
37 79
38 8
38 36
38 55
38 57
38 62
38 68
38 75
39 1
39 10
39 37
39 52
39 60
39 78
40 2
40 4
40 8
40 55
40 70
40 78
41 1
41 22
41 37
41 48
41 53
41 55
42 0
42 7
42 23
42 33
42 44
42 49
42 51
42 70
43 6
43 9
43 21
43 49
43 54
43 63
43 76
43 77
44 26
44 32
44 37
44 42
44 46
44 50
44 76
45 3
45 17
45 54
45 76
45 79
46 11
46 37
46 44
46 49
46 51
46 59
46 73
46 76
47 12
47 15
47 37
47 48
47 55
47 64
48 1
48 4
48 5
48 13
48 27
48 41
48 47
48 52
48 60
49 2
49 7
49 32
49 42
49 43
49 46
49 52
49 60
49 62
49 68
49 72
49 76
50 6
50 8
50 10
50 21
50 30
50 33
50 36
50 44
50 51
50 52
50 71
50 76
51 5
51 11
51 12
51 13
51 16
51 36
51 42
51 46
51 50
51 55
51 56
51 59
51 61
51 68
51 69
52 6
52 21
52 23
52 36
52 39
52 48
52 49
52 50
52 62
53 5
53 24
53 25
53 28
53 29
53 37
53 41
53 60
53 68
53 76
54 1
54 10
54 13
54 35
54 43
54 45
54 65
54 68
54 71
54 77
55 12
55 17
55 20
55 33
55 34
55 38
55 40
55 41
55 47
55 51
55 58
55 64
55 65
55 73
55 74
56 10
56 14
56 15
56 51
56 67
56 73
57 8
57 13
57 15
57 20
57 25
57 31
57 38
57 63
57 68
57 78
58 0
58 2
58 19
58 23
58 25
58 27
58 32
58 35
58 55
58 63
58 74
58 76
59 21
59 25
59 30
59 33
59 46
59 51
59 65
59 70
60 16
60 24
60 39
60 48
60 49
60 53
60 67
61 0
61 1
61 23
61 31
61 51
61 64
61 67
61 71
62 6
62 13
62 32
62 38
62 49
62 52
62 66
62 72
62 78
63 19
63 29
63 31
63 32
63 43
63 57
63 58
63 64
63 65
63 69
63 75
63 78
64 13
64 20
64 24
64 28
64 47
64 55
64 61
64 63
65 2
65 7
65 8
65 9
65 14
65 19
65 54
65 55
65 59
65 63
66 3
66 6
66 16
66 23
66 25
66 62
66 75
67 1
67 14
67 17
67 18
67 24
67 56
67 60
67 61
68 13
68 26
68 38
68 49
68 51
68 53
68 54
68 57
68 77
69 5
69 6
69 31
69 32
69 51
69 63
69 75
69 79
70 2
70 13
70 26
70 40
70 42
70 59
71 15
71 34
71 50
71 54
71 61
72 4
72 5
72 9
72 20
72 23
72 32
72 35
72 36
72 49
72 62
73 27
73 35
73 46
73 55
73 56
73 78
74 13
74 15
74 55
74 58
75 9
75 14
75 15
75 28
75 36
75 38
75 63
75 66
75 69
75 76
75 77
76 21
76 29
76 36
76 43
76 44
76 45
76 46
76 49
76 50
76 53
76 58
76 75
76 79
77 2
77 7
77 12
77 23
77 26
77 27
77 43
77 54
77 68
77 75
78 15
78 23
78 30
78 31
78 39
78 40
78 57
78 62
78 63
78 73
79 1
79 6
79 8
79 11
79 14
79 20
79 29
79 30
79 36
79 37
79 45
79 69
79 76
0 1 2 3 4 5 6 7 8 9 10 11 12 13 14 15
