80 320 20
0 10
0 32
0 38
0 45
0 50
0 57
0 59
0 61
0 66
0 69
0 76
0 77
1 48
1 51
2 8
2 10
2 59
3 13
3 14
3 46
3 51
3 72
4 16
4 23
4 25
4 27
4 28
4 41
5 30
6 27
6 37
6 59
6 63
7 61
7 65
8 2
8 33
8 34
9 33
9 41
9 58
10 0
10 2
10 23
10 26
10 47
10 58
10 63
10 66
10 78
11 41
11 76
12 27
12 32
12 33
12 35
12 40
12 48
12 77
13 3
13 31
13 46
13 60
13 63
13 67
13 68
14 3
14 40
14 73
15 28
16 4
16 22
16 42
16 51
16 78
17 24
17 43
18 46
18 71
19 27
19 49
19 70
20 34
20 63
21 26
21 30
21 40
21 54
21 69
22 16
22 29
22 37
22 39
22 43
22 47
22 56
23 4
23 10
23 58
24 17
24 43
24 44
24 53
24 56
24 64
24 67
24 76
25 4
25 59
26 10
26 21
26 35
26 44
26 57
26 60
26 65
27 4
27 6
27 12
27 19
27 33
27 35
27 38
28 4
28 15
29 22
29 61
29 72
30 5
30 21
30 41
30 45
30 63
31 13
31 71
32 0
32 12
33 8
33 9
33 12
33 27
33 71
34 8
34 20
34 43
34 50
34 61
35 12
35 26
35 27
35 49
36 40
36 54
37 6
37 22
37 46
37 54
38 0
38 27
38 54
38 55
38 71
39 22
39 61
40 12
40 14
40 21
40 36
40 51
40 60
40 78
41 4
41 9
41 11
41 30
41 52
41 57
41 75
42 16
42 45
43 17
43 22
43 24
43 34
43 48
44 24
44 26
44 62
44 67
45 0
45 30
45 42
45 59
46 3
46 13
46 18
46 37
47 10
47 22
48 1
48 12
48 43
48 63
49 19
49 35
49 61
49 67
50 0
50 34
50 78
51 1
51 3
51 16
51 40
51 52
51 56
51 72
51 76
52 41
52 51
53 24
53 65
54 21
54 36
54 37
54 38
55 38
55 67
55 78
56 22
56 24
56 51
57 0
57 26
57 41
57 67
58 9
58 10
58 23
59 0
59 2
59 6
59 25
59 45
59 79
60 13
60 26
60 40
60 67
61 0
61 7
61 29
61 34
61 39
61 49
61 70
62 44
62 78
63 6
63 10
63 13
63 20
63 30
63 48
63 72
63 74
64 24
64 67
65 7
65 26
65 53
65 68
65 70
66 0
66 10
67 13
67 24
67 44
67 49
67 55
67 57
67 60
67 64
67 78
68 13
68 65
68 76
68 77
69 0
69 21
70 19
70 61
70 65
71 18
71 31
71 33
71 38
72 3
72 29
72 51
72 63
73 14
74 63
75 41
76 0
76 11
76 24
76 51
76 68
77 0
77 12
77 68
78 10
78 16
78 40
78 50
78 55
78 62
78 67
79 59
0 1 2 3 4 5 6 7 8 9 10 11 12 13 14 15 16 17 18 19
