80 700 16
0 7
0 10
0 11
0 20
0 22
0 35
0 42
0 54
0 55
0 56
0 58
1 6
1 9
1 37
1 38
1 51
1 54
1 59
1 71
1 75
2 12
2 15
2 19
2 25
2 40
2 46
2 70
2 75
3 12
3 58
3 67
4 6
4 17
4 19
4 53
4 58
4 67
4 71
5 9
5 33
5 50
5 59
5 68
5 72
5 76
6 1
6 4
6 11
6 13
6 20
6 23
6 32
6 43
6 53
6 56
6 72
6 78
7 0
7 15
7 16
7 18
7 19
7 27
7 36
7 46
7 57
7 61
7 63
7 65
7 68
7 74
8 29
8 31
8 34
8 35
8 49
8 51
8 65
8 66
9 1
9 5
9 14
9 16
9 27
9 50
9 71
9 72
9 74
10 0
10 26
10 32
10 33
10 44
10 51
10 52
10 54
10 63
10 65
10 70
11 0
11 6
11 13
11 14
11 15
11 20
11 23
11 50
11 52
11 54
11 62
11 68
11 76
12 2
12 3
12 32
12 39
12 45
12 48
12 63
12 64
12 70
12 77
13 6
13 11
13 17
13 18
13 20
13 30
13 32
13 37
13 48
13 54
13 55
13 58
14 9
14 11
14 16
14 25
14 26
14 49
14 58
15 2
15 7
15 11
15 18
15 24
15 53
15 64
15 68
15 71
16 7
16 9
16 14
16 29
16 32
16 36
16 47
17 4
17 13
17 46
17 47
17 52
17 53
17 57
17 74
17 75
18 7
18 13
18 15
18 30
18 31
18 36
18 45
18 51
18 54
18 58
18 62
18 63
19 2
19 4
19 7
19 23
19 29
19 51
19 59
19 67
19 79
20 0
20 6
20 11
20 13
20 28
20 30
20 34
20 35
20 43
20 48
20 55
21 24
21 31
21 39
21 40
21 46
21 48
21 56
21 58
21 74
22 0
22 24
22 39
22 50
22 51
22 73
23 6
23 11
23 19
23 31
23 35
23 38
23 60
23 71
23 76
23 79
24 15
24 21
24 22
24 27
24 35
24 48
24 57
24 71
24 73
25 2
25 14
25 30
25 63
25 64
26 10
26 14
26 30
26 42
26 58
27 7
27 9
27 24
27 28
27 50
28 20
28 27
28 34
28 39
28 44
28 53
28 65
28 67
28 68
28 75
29 8
29 16
29 19
29 38
29 41
29 51
29 53
29 66
30 13
30 18
30 20
30 25
30 26
30 31
30 34
30 39
30 40
30 51
30 67
30 69
31 8
31 18
31 21
31 23
31 30
31 43
31 49
31 53
31 56
32 6
32 10
32 12
32 13
32 16
32 35
32 40
32 45
32 47
32 50
32 55
32 74
32 75
33 5
33 10
33 34
33 36
33 42
33 54
33 55
33 66
33 69
33 75
34 8
34 20
34 28
34 30
34 33
34 42
34 43
34 48
34 52
35 0
35 8
35 20
35 23
35 24
35 32
35 39
35 44
35 52
35 59
35 68
35 71
35 78
36 7
36 16
36 18
36 33
36 48
36 57
36 67
37 1
37 13
37 38
37 46
37 47
37 49
37 50
37 55
37 66
37 67
37 71
37 76
37 77
38 1
38 23
38 29
38 37
38 52
38 64
39 12
39 21
39 22
39 28
39 30
39 35
39 47
39 49
39 50
39 62
39 79
40 2
40 21
40 30
40 32
40 49
40 50
40 65
41 29
41 47
41 50
41 72
42 0
42 26
42 33
42 34
42 43
42 48
42 55
42 62
42 64
42 67
42 70
42 72
42 77
43 6
43 20
43 31
43 34
43 42
43 55
43 58
43 79
44 10
44 28
44 35
44 56
44 57
44 71
45 12
45 18
45 32
45 48
45 53
45 67
45 68
45 69
46 2
46 7
46 17
46 21
46 37
46 55
46 72
46 73
46 74
47 16
47 17
47 32
47 37
47 39
47 41
47 56
47 60
47 66
47 68
48 12
48 13
48 20
48 21
48 24
48 34
48 36
48 42
48 45
48 60
48 74
48 77
49 8
49 14
49 31
49 37
49 39
49 40
49 77
50 5
50 9
50 11
50 22
50 27
50 32
50 37
50 39
50 40
50 41
50 52
50 64
51 1
51 8
51 10
51 18
51 19
51 22
51 29
51 30
51 59
51 61
51 67
51 71
52 10
52 11
52 17
52 34
52 35
52 38
52 50
52 69
53 4
53 6
53 15
53 17
53 28
53 29
53 31
53 45
53 57
54 0
54 1
54 10
54 11
54 13
54 18
54 33
54 60
54 71
54 78
55 0
55 13
55 20
55 32
55 33
55 37
55 42
55 43
55 46
55 57
55 67
55 69
56 0
56 6
56 21
56 31
56 44
56 47
56 61
56 62
56 74
57 7
57 17
57 24
57 36
57 44
57 53
57 55
58 0
58 3
58 4
58 13
58 14
58 18
58 21
58 26
58 43
58 60
58 72
59 1
59 5
59 19
59 35
59 51
59 61
60 23
60 47
60 48
60 54
60 58
60 61
60 71
60 78
61 7
61 51
61 56
61 59
61 60
61 64
61 65
61 70
61 76
62 11
62 18
62 39
62 42
62 56
62 64
62 71
62 79
63 7
63 10
63 12
63 18
63 25
64 12
64 15
64 25
64 38
64 42
64 50
64 61
64 62
64 66
64 72
65 7
65 8
65 10
65 28
65 40
65 61
65 69
65 77
66 8
66 29
66 33
66 37
66 47
66 64
66 69
66 77
67 3
67 4
67 19
67 28
67 30
67 36
67 37
67 42
67 45
67 51
67 55
68 5
68 7
68 11
68 15
68 28
68 35
68 45
68 47
68 77
69 30
69 33
69 45
69 52
69 55
69 65
69 66
70 2
70 10
70 12
70 42
70 61
71 1
71 4
71 9
71 15
71 23
71 24
71 35
71 37
71 44
71 51
71 54
71 60
71 62
71 77
72 5
72 6
72 9
72 41
72 42
72 46
72 58
72 64
73 22
73 24
73 46
74 7
74 9
74 17
74 21
74 32
74 46
74 48
74 56
75 1
75 2
75 17
75 28
75 32
75 33
75 78
76 5
76 11
76 23
76 37
76 61
77 12
77 37
77 42
77 48
77 49
77 65
77 66
77 68
77 71
78 6
78 35
78 54
78 60
78 75
79 19
79 23
79 39
79 43
79 62
0 1 2 3 4 5 6 7 8 9 10 11 12 13 14 15
