80 240 6
0 6
0 25
0 29
0 46
0 55
0 62
0 63
0 66
1 40
2 55
2 60
2 69
3 39
4 6
4 61
4 67
5 10
5 13
5 19
5 29
5 55
5 70
6 0
6 4
6 7
6 11
6 13
6 20
6 29
6 38
6 48
6 77
6 78
7 6
7 25
7 32
7 41
7 77
8 34
8 53
9 65
9 69
9 70
10 5
10 61
10 64
10 70
10 71
11 6
11 13
12 62
12 72
13 5
13 6
13 11
13 44
13 51
13 61
14 56
14 72
15 37
15 74
16 66
17 61
18 46
18 55
19 5
19 43
19 58
19 60
20 6
20 69
21 51
21 78
22 27
22 29
22 60
23 52
23 57
24 39
25 0
25 7
25 52
25 67
25 68
25 79
26 39
27 22
27 50
27 66
28 74
28 77
29 0
29 5
29 6
29 22
30 47
31 54
31 65
32 7
33 52
33 63
34 8
34 55
34 73
35 40
35 66
35 76
36 78
37 15
37 43
37 46
37 48
38 6
38 73
39 3
39 24
39 26
39 45
39 55
40 1
40 35
40 42
40 60
41 7
41 47
41 48
41 64
41 71
42 40
42 49
42 54
42 55
42 63
43 19
43 37
43 57
44 13
44 65
44 68
45 39
45 66
46 0
46 18
46 37
46 56
47 30
47 41
48 6
48 37
48 41
49 42
50 27
50 60
51 13
51 21
52 23
52 25
52 33
52 59
53 8
54 31
54 42
55 0
55 2
55 5
55 18
55 34
55 39
55 42
56 14
56 46
57 23
57 43
58 19
58 66
58 75
59 52
59 73
60 2
60 19
60 22
60 40
60 50
61 4
61 10
61 13
61 17
61 69
62 0
62 12
63 0
63 33
63 42
64 10
64 41
64 75
65 9
65 31
65 44
66 0
66 16
66 27
66 35
66 45
66 58
67 4
67 25
68 25
68 44
69 2
69 9
69 20
69 61
69 75
70 5
70 9
70 10
71 10
71 41
72 12
72 14
72 76
73 34
73 38
73 59
74 15
74 28
75 58
75 64
75 69
76 35
76 72
77 6
77 7
77 28
78 6
78 21
78 36
79 25
0 1 2 3 4 5
