80 1264 16
0 4
0 8
0 10
0 14
0 17
0 20
0 21
0 23
0 26
0 32
0 38
0 45
0 50
0 57
0 59
0 61
0 65
0 66
0 69
0 76
0 77
1 6
1 9
1 14
1 17
1 28
1 37
1 38
1 48
1 51
1 65
1 69
1 73
1 74
1 78
1 79
2 8
2 10
2 27
2 30
2 31
2 39
2 47
2 59
2 61
2 74
3 13
3 14
3 17
3 22
3 24
3 25
3 32
3 36
3 44
3 46
3 51
3 53
3 58
3 65
3 69
3 70
3 72
3 78
4 0
4 6
4 16
4 23
4 25
4 27
4 28
4 35
4 38
4 41
4 47
4 49
4 50
4 52
4 54
4 55
4 61
4 65
4 73
4 74
4 78
5 10
5 15
5 17
5 30
5 41
5 55
5 69
5 78
6 1
6 4
6 9
6 10
6 19
6 23
6 27
6 30
6 36
6 37
6 52
6 57
6 59
6 63
6 64
6 71
6 73
6 76
7 36
7 41
7 44
7 47
7 50
7 51
7 57
7 60
7 61
7 64
7 65
7 72
7 73
7 75
8 0
8 2
8 10
8 11
8 12
8 13
8 20
8 26
8 28
8 32
8 33
8 34
8 35
8 37
8 45
8 49
8 50
8 62
8 71
8 73
8 74
8 75
9 1
9 6
9 21
9 29
9 30
9 33
9 37
9 39
9 41
9 43
9 50
9 58
9 69
9 73
10 0
10 2
10 5
10 6
10 8
10 14
10 16
10 19
10 23
10 26
10 35
10 42
10 47
10 58
10 59
10 63
10 66
10 70
10 72
10 78
11 8
11 16
11 18
11 19
11 41
11 46
11 69
11 71
11 76
11 79
12 8
12 23
12 27
12 31
12 32
12 33
12 35
12 40
12 45
12 48
12 49
12 54
12 69
12 75
12 77
12 78
12 79
13 3
13 8
13 17
13 18
13 20
13 22
13 31
13 33
13 36
13 46
13 49
13 57
13 58
13 60
13 62
13 63
13 65
13 67
13 68
13 71
13 73
14 0
14 1
14 3
14 10
14 25
14 30
14 31
14 36
14 40
14 43
14 45
14 53
14 60
14 66
14 73
15 5
15 16
15 17
15 27
15 28
15 31
15 34
15 46
15 47
15 48
15 53
15 55
15 63
15 76
16 4
16 10
16 11
16 15
16 20
16 22
16 30
16 35
16 36
16 39
16 42
16 45
16 46
16 48
16 51
16 54
16 63
16 64
16 76
16 77
16 78
17 0
17 1
17 3
17 5
17 13
17 15
17 24
17 30
17 31
17 32
17 34
17 40
17 42
17 43
17 44
17 51
17 62
17 69
18 11
18 13
18 21
18 26
18 27
18 34
18 36
18 39
18 45
18 46
18 50
18 56
18 59
18 64
18 65
18 71
18 74
18 77
19 6
19 10
19 11
19 27
19 36
19 46
19 49
19 53
19 54
19 66
19 70
19 76
20 0
20 8
20 13
20 16
20 21
20 23
20 34
20 45
20 54
20 58
20 59
20 60
20 63
20 69
20 74
21 0
21 9
21 18
21 20
21 26
21 30
21 33
21 35
21 36
21 40
21 54
21 69
21 77
21 79
22 3
22 13
22 16
22 29
22 36
22 37
22 39
22 43
22 47
22 50
22 53
22 56
22 60
23 0
23 4
23 6
23 10
23 12
23 20
23 24
23 25
23 35
23 38
23 48
23 51
23 54
23 58
23 60
23 74
24 3
24 17
24 23
24 32
24 33
24 43
24 44
24 46
24 47
24 52
24 53
24 56
24 62
24 64
24 67
24 68
24 71
24 76
24 78
24 79
25 3
25 4
25 14
25 23
25 28
25 37
25 38
25 41
25 45
25 48
25 51
25 52
25 54
25 57
25 59
25 73
25 77
25 78
26 0
26 8
26 10
26 18
26 21
26 28
26 35
26 38
26 44
26 48
26 52
26 56
26 57
26 60
26 62
26 65
26 67
26 73
26 79
27 2
27 4
27 6
27 12
27 15
27 18
27 19
27 33
27 35
27 38
27 41
27 44
27 45
27 46
27 48
27 54
27 60
27 64
27 66
27 68
27 72
27 78
27 79
28 1
28 4
28 8
28 15
28 25
28 26
28 32
28 43
28 57
28 79
29 9
29 22
29 41
29 43
29 51
29 56
29 61
29 64
29 65
29 70
29 72
29 75
30 2
30 5
30 6
30 9
30 14
30 16
30 17
30 21
30 33
30 41
30 45
30 57
30 63
30 69
31 2
31 12
31 13
31 14
31 15
31 17
31 53
31 57
31 60
31 61
31 67
31 71
31 75
31 76
32 0
32 3
32 8
32 12
32 17
32 24
32 28
32 35
32 47
32 48
32 64
32 69
32 71
32 74
32 78
33 8
33 9
33 12
33 13
33 21
33 24
33 27
33 30
33 36
33 39
33 40
33 45
33 50
33 52
33 60
33 63
33 67
33 71
34 8
34 15
34 17
34 18
34 20
34 36
34 39
34 43
34 47
34 50
34 61
34 62
34 66
34 67
34 71
34 72
34 74
34 75
34 76
34 78
35 4
35 8
35 10
35 12
35 16
35 21
35 23
35 26
35 27
35 32
35 42
35 45
35 46
35 49
35 58
35 76
35 77
36 3
36 6
36 7
36 13
36 14
36 16
36 18
36 19
36 21
36 22
36 33
36 34
36 40
36 53
36 54
36 55
37 1
37 6
37 8
37 9
37 22
37 25
37 46
37 49
37 54
37 56
37 58
37 61
37 74
37 77
38 0
38 1
38 4
38 23
38 25
38 26
38 27
38 41
38 45
38 48
38 50
38 54
38 55
38 62
38 64
38 65
38 66
38 68
38 71
38 74
39 2
39 9
39 16
39 18
39 22
39 33
39 34
39 44
39 47
39 53
39 55
39 61
39 65
40 12
40 14
40 17
40 21
40 33
40 36
40 44
40 45
40 51
40 57
40 60
40 72
40 78
41 4
41 5
41 7
41 9
41 11
41 25
41 27
41 29
41 30
41 38
41 44
41 52
41 56
41 57
41 72
41 75
42 10
42 16
42 17
42 35
42 45
42 53
42 56
42 58
42 61
42 66
42 73
43 9
43 14
43 17
43 22
43 24
43 28
43 29
43 34
43 48
43 52
43 68
43 75
43 76
43 78
44 3
44 7
44 17
44 24
44 26
44 27
44 39
44 40
44 41
44 47
44 51
44 62
44 63
44 67
44 69
44 70
44 75
44 76
45 0
45 8
45 12
45 14
45 16
45 18
45 20
45 25
45 27
45 30
45 33
45 35
45 38
45 40
45 42
45 55
45 56
45 59
45 63
45 79
46 3
46 11
46 13
46 15
46 16
46 18
46 19
46 24
46 27
46 35
46 37
46 55
46 56
46 58
46 61
46 67
46 74
46 75
46 78
46 79
47 2
47 4
47 7
47 10
47 15
47 22
47 24
47 32
47 34
47 39
47 44
47 50
47 56
47 61
47 64
47 68
47 77
48 1
48 12
48 15
48 16
48 23
48 25
48 26
48 27
48 32
48 38
48 43
48 63
48 73
49 4
49 8
49 12
49 13
49 19
49 35
49 37
49 61
49 62
49 67
49 73
49 78
50 0
50 4
50 7
50 8
50 9
50 18
50 22
50 33
50 34
50 38
50 47
50 53
50 59
50 63
50 67
50 78
51 1
51 3
51 7
51 16
51 17
51 23
51 25
51 29
51 40
51 44
51 52
51 56
51 68
51 72
51 76
52 4
52 6
52 24
52 25
52 26
52 33
52 41
52 43
52 51
52 53
52 56
52 59
52 71
52 78
53 3
53 14
53 15
53 19
53 22
53 24
53 31
53 36
53 39
53 42
53 50
53 52
53 64
53 65
53 68
53 70
53 71
53 76
54 4
54 12
54 16
54 19
54 20
54 21
54 23
54 25
54 27
54 36
54 37
54 38
54 57
54 67
54 73
54 76
55 4
55 5
55 15
55 36
55 38
55 39
55 45
55 46
55 66
55 67
55 78
56 18
56 22
56 24
56 26
56 29
56 37
56 41
56 42
56 45
56 46
56 47
56 51
56 52
56 58
56 59
56 65
56 71
56 78
57 0
57 6
57 7
57 13
57 25
57 26
57 28
57 30
57 31
57 40
57 41
57 54
57 67
57 70
57 74
58 3
58 9
58 10
58 13
58 20
58 23
58 35
58 37
58 42
58 46
58 56
58 59
58 60
58 62
59 0
59 2
59 6
59 10
59 18
59 20
59 25
59 45
59 50
59 52
59 56
59 58
59 79
60 7
60 13
60 14
60 20
60 22
60 23
60 26
60 27
60 31
60 33
60 40
60 58
60 62
60 67
60 74
60 75
61 0
61 2
61 4
61 7
61 29
61 31
61 34
61 37
61 39
61 42
61 46
61 47
61 49
61 70
61 72
61 73
61 74
61 78
62 8
62 13
62 17
62 24
62 26
62 34
62 38
62 44
62 49
62 58
62 60
62 66
62 77
62 78
63 6
63 10
63 13
63 15
63 16
63 20
63 30
63 33
63 44
63 45
63 48
63 50
63 65
63 71
63 72
63 74
63 79
64 6
64 7
64 16
64 18
64 24
64 27
64 29
64 32
64 38
64 47
64 53
64 67
64 77
65 0
65 1
65 3
65 4
65 7
65 13
65 18
65 26
65 29
65 38
65 39
65 53
65 56
65 63
65 68
65 70
65 73
65 79
66 0
66 10
66 14
66 19
66 27
66 34
66 38
66 42
66 55
66 62
66 68
67 13
67 24
67 26
67 31
67 33
67 34
67 44
67 46
67 49
67 50
67 54
67 55
67 57
67 60
67 64
67 68
67 72
67 78
68 13
68 24
68 27
68 38
68 43
68 47
68 51
68 53
68 65
68 66
68 67
68 76
68 77
69 0
69 1
69 3
69 5
69 9
69 11
69 12
69 17
69 20
69 21
69 30
69 32
69 44
69 71
70 3
70 10
70 19
70 29
70 44
70 53
70 57
70 61
70 65
70 73
70 76
70 78
71 6
71 8
71 11
71 13
71 18
71 24
71 31
71 32
71 33
71 34
71 38
71 52
71 53
71 56
71 63
71 69
71 79
72 3
72 7
72 10
72 27
72 29
72 34
72 40
72 41
72 51
72 61
72 63
72 67
72 76
73 1
73 4
73 6
73 7
73 8
73 9
73 13
73 14
73 25
73 26
73 42
73 48
73 49
73 54
73 61
73 65
73 70
73 79
74 1
74 2
74 4
74 8
74 18
74 20
74 23
74 32
74 34
74 37
74 38
74 46
74 57
74 60
74 61
74 63
74 76
75 7
75 8
75 12
75 29
75 31
75 34
75 41
75 43
75 44
75 46
75 60
75 78
76 0
76 6
76 11
76 15
76 16
76 19
76 24
76 31
76 34
76 35
76 43
76 44
76 51
76 53
76 54
76 68
76 70
76 72
76 74
77 0
77 12
77 16
77 18
77 21
77 25
77 35
77 37
77 47
77 62
77 64
77 68
78 1
78 3
78 4
78 5
78 10
78 12
78 16
78 24
78 25
78 27
78 32
78 34
78 40
78 43
78 46
78 49
78 50
78 52
78 55
78 56
78 61
78 62
78 67
78 70
78 75
79 1
79 11
79 12
79 21
79 24
79 26
79 27
79 28
79 45
79 46
79 59
79 63
79 65
79 71
79 73
0 1 2 3 4 5 6 7 8 9 10 11 12 13 14 15
