80 1264 6
0 1
0 10
0 24
0 26
0 39
0 41
0 44
0 45
0 50
0 56
0 57
0 67
0 71
0 74
0 79
1 0
1 2
1 5
1 18
1 25
1 30
1 35
1 41
1 53
1 55
1 62
1 66
1 77
2 1
2 9
2 20
2 23
2 25
2 29
2 30
2 39
2 42
2 52
2 55
2 58
2 59
2 70
2 72
3 8
3 9
3 19
3 21
3 28
3 31
3 35
3 42
3 45
3 50
3 51
3 59
3 60
3 63
3 64
3 68
3 72
3 73
3 75
4 7
4 9
4 13
4 21
4 22
4 32
4 39
4 53
4 63
4 65
4 68
4 71
4 74
5 1
5 7
5 8
5 9
5 10
5 18
5 19
5 27
5 32
5 33
5 45
5 49
5 50
5 53
5 54
5 61
5 73
5 75
5 76
6 15
6 23
6 26
6 35
6 37
6 39
6 41
6 46
6 50
6 57
6 61
6 66
6 67
6 73
6 74
6 75
6 79
7 4
7 5
7 9
7 27
7 31
7 44
7 46
7 48
7 56
7 57
7 60
7 71
7 72
7 75
7 76
8 3
8 5
8 9
8 15
8 25
8 29
8 36
8 39
8 40
8 49
8 60
8 63
8 65
9 2
9 3
9 4
9 5
9 7
9 8
9 13
9 21
9 22
9 35
9 38
9 39
9 40
9 55
9 56
9 61
9 62
9 65
9 67
9 69
9 71
9 73
9 79
10 0
10 5
10 18
10 19
10 20
10 29
10 32
10 42
10 53
10 54
10 57
10 62
10 67
10 68
10 73
10 76
10 78
11 15
11 26
11 29
11 33
11 42
11 46
11 47
11 51
11 52
11 56
11 58
11 63
11 66
11 69
11 72
11 73
11 74
11 76
11 77
12 13
12 15
12 18
12 30
12 34
12 36
12 42
12 46
12 51
12 53
12 55
12 57
12 59
12 76
13 4
13 9
13 12
13 14
13 16
13 20
13 26
13 27
13 34
13 35
13 37
13 41
13 43
13 48
13 57
13 77
13 78
14 13
14 18
14 19
14 24
14 30
14 31
14 43
14 46
14 74
14 75
15 6
15 8
15 11
15 12
15 25
15 28
15 30
15 35
15 39
15 51
15 57
15 58
15 74
15 76
16 13
16 17
16 21
16 25
16 26
16 28
16 37
16 39
16 48
16 52
16 60
16 68
16 69
16 72
16 76
16 77
17 16
17 23
17 27
17 34
17 49
17 51
17 60
17 74
18 1
18 5
18 10
18 12
18 14
18 26
18 28
18 29
18 35
18 39
18 41
18 42
18 58
18 64
18 69
18 71
18 76
19 3
19 5
19 10
19 14
19 25
19 26
19 33
19 35
19 40
19 42
19 44
19 51
19 66
19 76
20 2
20 10
20 13
20 21
20 26
20 29
20 30
20 38
20 39
20 41
20 45
20 47
20 52
20 55
20 57
20 63
20 68
20 72
20 75
20 79
21 3
21 4
21 9
21 16
21 20
21 22
21 24
21 37
21 39
21 40
21 48
21 52
21 53
21 61
21 63
21 70
21 73
22 4
22 9
22 21
22 26
22 29
22 32
22 39
22 41
22 42
22 43
22 48
22 53
22 57
22 61
22 64
22 71
22 77
23 2
23 6
23 17
23 43
23 48
23 53
23 58
23 61
23 63
23 65
23 66
23 69
23 71
23 74
23 75
23 76
24 0
24 14
24 21
24 27
24 28
24 41
24 44
24 47
24 49
24 53
24 55
24 58
24 63
24 64
25 1
25 2
25 8
25 15
25 16
25 19
25 31
25 38
25 41
25 42
25 43
25 52
25 58
25 74
26 0
26 6
26 11
26 13
26 16
26 18
26 19
26 20
26 22
26 27
26 37
26 38
26 39
26 41
26 42
26 45
26 47
26 48
26 50
26 51
26 53
26 54
26 65
26 71
27 5
27 7
27 13
27 17
27 24
27 26
27 32
27 36
27 39
27 40
27 45
27 46
27 49
27 55
27 58
27 59
27 68
27 70
27 78
28 3
28 15
28 16
28 18
28 24
28 31
28 32
28 36
28 37
28 48
28 54
28 60
28 61
28 70
29 2
29 8
29 10
29 11
29 18
29 20
29 22
29 44
29 51
29 53
29 62
29 63
29 71
29 72
29 75
30 1
30 2
30 12
30 14
30 15
30 20
30 33
30 34
30 43
30 49
30 51
30 54
30 61
30 65
30 69
30 71
30 73
30 75
30 79
31 3
31 7
31 14
31 25
31 28
31 33
31 35
31 39
31 40
31 42
31 45
31 51
31 57
31 64
31 69
32 4
32 5
32 10
32 22
32 27
32 28
32 35
32 36
32 38
32 41
32 44
32 47
32 53
32 59
32 61
32 63
32 64
32 66
32 70
32 75
32 79
33 5
33 11
33 19
33 30
33 31
33 34
33 37
33 40
33 44
33 50
33 51
33 54
33 56
33 58
33 59
33 61
33 63
33 70
33 72
33 75
33 77
34 12
34 13
34 17
34 30
34 33
34 44
34 46
34 49
34 50
34 58
34 60
34 66
34 68
34 73
35 1
35 3
35 6
35 9
35 13
35 15
35 18
35 19
35 31
35 32
35 38
35 39
35 41
35 51
35 56
35 63
35 77
36 8
36 12
36 27
36 28
36 32
36 40
36 42
36 43
36 47
36 57
36 63
36 68
37 6
37 13
37 16
37 21
37 26
37 28
37 33
37 43
37 45
37 50
37 72
37 73
37 76
37 79
38 9
38 20
38 25
38 26
38 32
38 35
38 43
38 44
38 53
38 63
38 65
38 67
38 69
38 74
38 76
39 0
39 2
39 4
39 6
39 8
39 9
39 15
39 16
39 18
39 20
39 21
39 22
39 26
39 27
39 31
39 35
39 40
39 52
39 56
39 57
39 64
39 71
39 72
39 75
39 76
39 79
40 8
40 9
40 19
40 21
40 27
40 31
40 33
40 36
40 39
40 48
40 55
40 57
40 64
40 70
40 74
41 0
41 1
41 6
41 13
41 18
41 20
41 22
41 24
41 25
41 26
41 32
41 35
41 51
41 63
41 69
41 71
41 74
41 78
42 2
42 3
42 10
42 11
42 12
42 18
42 19
42 22
42 25
42 26
42 31
42 36
42 60
42 64
42 67
42 68
42 69
42 77
42 78
42 79
43 13
43 14
43 22
43 23
43 25
43 30
43 36
43 37
43 38
43 48
43 50
43 64
43 70
43 74
44 0
44 7
44 19
44 24
44 29
44 32
44 33
44 34
44 38
44 51
44 57
44 58
44 65
44 69
44 74
44 75
44 76
44 79
45 0
45 3
45 5
45 20
45 26
45 27
45 31
45 37
45 48
45 59
45 60
45 71
45 76
45 77
46 6
46 7
46 11
46 12
46 14
46 27
46 34
46 49
46 51
46 56
46 61
46 63
46 64
46 71
46 74
46 76
47 11
47 20
47 24
47 26
47 32
47 36
47 51
47 54
47 55
47 75
48 7
48 13
48 16
48 21
48 22
48 23
48 26
48 28
48 40
48 43
48 45
48 50
48 52
48 59
48 68
48 69
48 79
49 5
49 8
49 17
49 24
49 27
49 30
49 34
49 46
49 52
49 55
49 67
49 75
49 76
50 0
50 3
50 5
50 6
50 26
50 33
50 34
50 37
50 43
50 48
50 51
50 52
50 67
50 70
50 77
51 3
51 11
51 12
51 15
51 17
51 19
51 26
51 29
51 30
51 31
51 33
51 35
51 41
51 44
51 46
51 47
51 50
51 59
51 62
51 64
51 68
51 79
52 2
52 11
52 16
52 20
52 21
52 25
52 39
52 48
52 49
52 50
52 62
52 65
52 77
52 79
53 1
53 4
53 5
53 10
53 12
53 21
53 22
53 23
53 24
53 26
53 29
53 32
53 38
53 71
54 5
54 10
54 26
54 28
54 30
54 33
54 47
54 62
55 1
55 2
55 9
55 12
55 20
55 24
55 27
55 40
55 47
55 49
55 58
55 66
55 68
55 71
55 72
56 0
56 7
56 9
56 11
56 33
56 35
56 39
56 46
56 57
56 58
56 76
57 0
57 6
57 7
57 10
57 12
57 13
57 15
57 20
57 22
57 31
57 36
57 39
57 40
57 44
57 56
57 61
57 62
57 70
57 73
57 75
57 78
58 2
58 11
58 15
58 18
58 23
58 24
58 25
58 27
58 33
58 34
58 44
58 55
58 56
58 64
58 68
58 76
59 2
59 3
59 12
59 27
59 32
59 33
59 45
59 48
59 51
59 71
59 75
59 77
59 79
60 3
60 7
60 8
60 16
60 17
60 28
60 34
60 42
60 45
60 61
60 63
60 69
60 70
61 5
61 6
61 9
61 21
61 22
61 23
61 28
61 30
61 32
61 33
61 46
61 57
61 60
61 77
61 78
61 79
62 1
62 9
62 10
62 29
62 51
62 52
62 54
62 57
62 64
62 72
62 73
62 78
63 3
63 4
63 8
63 11
63 20
63 21
63 23
63 24
63 29
63 32
63 33
63 35
63 36
63 38
63 41
63 46
63 60
63 66
63 71
64 3
64 18
64 22
64 24
64 31
64 32
64 39
64 40
64 42
64 43
64 46
64 51
64 58
64 62
64 66
64 79
65 4
65 8
65 9
65 23
65 26
65 30
65 38
65 44
65 52
65 68
65 72
65 78
66 1
66 6
66 11
66 19
66 23
66 32
66 34
66 55
66 63
66 64
66 75
66 79
67 0
67 6
67 9
67 10
67 38
67 42
67 49
67 50
67 69
67 70
68 3
68 4
68 10
68 16
68 20
68 27
68 34
68 36
68 42
68 48
68 51
68 55
68 58
68 65
68 73
68 77
69 9
69 11
69 16
69 18
69 23
69 30
69 31
69 38
69 41
69 42
69 44
69 48
69 60
69 67
69 72
70 2
70 21
70 27
70 28
70 32
70 33
70 40
70 43
70 50
70 57
70 60
70 67
70 76
71 0
71 4
71 7
71 9
71 18
71 22
71 23
71 26
71 29
71 30
71 39
71 41
71 45
71 46
71 53
71 55
71 59
71 63
71 72
71 75
71 79
72 2
72 3
72 7
72 11
72 16
72 20
72 29
72 33
72 37
72 39
72 55
72 62
72 65
72 69
72 71
73 3
73 5
73 6
73 9
73 10
73 11
73 21
73 30
73 34
73 37
73 57
73 62
73 68
73 79
74 0
74 4
74 6
74 11
74 14
74 15
74 17
74 23
74 25
74 38
74 40
74 41
74 43
74 44
74 46
74 75
74 76
75 3
75 5
75 6
75 7
75 14
75 20
75 23
75 29
75 30
75 32
75 33
75 39
75 44
75 47
75 49
75 57
75 59
75 66
75 71
75 74
75 77
76 5
76 7
76 10
76 11
76 12
76 15
76 16
76 18
76 19
76 23
76 37
76 38
76 39
76 44
76 45
76 46
76 49
76 56
76 58
76 70
76 74
76 79
77 1
77 11
77 13
77 16
77 22
77 33
77 35
77 42
77 45
77 50
77 52
77 59
77 61
77 68
77 75
78 10
78 13
78 27
78 41
78 42
78 57
78 61
78 62
78 65
79 0
79 6
79 9
79 20
79 30
79 32
79 37
79 39
79 42
79 44
79 48
79 51
79 52
79 59
79 61
79 64
79 66
79 71
79 73
79 76
0 1 2 3 4 5
