80 320 8
0 39
0 41
0 45
0 50
0 56
0 79
1 41
1 55
1 62
2 20
2 39
3 19
3 31
3 50
3 59
3 73
4 13
4 32
4 39
4 53
5 10
5 18
5 50
5 53
5 54
5 61
5 73
5 76
6 23
6 50
6 57
6 61
6 66
6 74
7 44
7 48
7 57
7 71
8 49
8 60
9 73
9 79
10 5
10 29
10 57
10 73
11 29
11 42
11 51
11 66
11 74
11 76
12 76
13 4
13 14
13 16
13 34
13 35
13 41
13 57
14 13
14 18
14 19
14 24
14 31
15 35
15 39
15 51
16 13
16 69
17 60
18 5
18 14
18 28
18 29
18 39
18 42
18 69
18 71
19 3
19 14
19 33
20 2
20 38
20 55
21 39
22 26
22 39
22 41
22 57
22 64
23 6
23 63
23 69
24 14
24 28
24 41
25 31
25 58
26 22
26 39
26 42
26 45
26 65
26 71
27 40
27 49
27 58
27 59
27 68
28 18
28 24
28 36
28 37
28 61
28 70
29 10
29 11
29 18
29 62
29 75
30 33
30 43
30 69
30 79
31 3
31 14
31 25
31 42
31 57
32 4
32 41
32 53
32 63
32 64
32 70
33 19
33 30
33 37
33 40
33 54
33 59
33 77
34 13
34 44
34 49
35 13
35 15
35 77
36 28
36 63
37 28
37 33
38 20
38 69
38 76
39 0
39 2
39 4
39 15
39 18
39 21
39 22
39 26
39 76
39 79
40 27
40 33
41 0
41 1
41 13
41 22
41 24
41 32
41 74
42 11
42 18
42 26
42 31
42 67
42 79
43 30
43 70
44 7
44 34
44 75
45 0
45 26
45 59
46 63
46 64
46 71
47 75
48 7
48 68
48 79
49 8
49 27
49 34
50 0
50 3
50 5
50 6
50 52
50 77
51 11
51 15
52 50
52 62
52 65
53 4
53 5
53 32
53 71
54 5
54 33
55 1
55 20
55 66
55 72
56 0
56 58
56 76
57 6
57 7
57 10
57 13
57 22
57 31
57 62
57 78
58 25
58 27
58 56
59 3
59 27
59 33
59 45
60 8
60 17
60 63
60 69
61 5
61 6
61 28
61 79
62 1
62 29
62 52
62 57
63 23
63 32
63 36
63 46
63 60
64 22
64 32
64 46
64 66
65 26
65 52
65 72
66 6
66 11
66 55
66 64
66 75
67 42
67 70
68 27
68 48
69 16
69 18
69 23
69 30
69 38
69 60
70 28
70 32
70 43
70 67
71 7
71 18
71 26
71 46
71 53
72 55
72 65
73 3
73 5
73 9
73 10
74 6
74 11
74 41
74 76
75 29
75 44
75 47
75 66
75 77
76 5
76 11
76 12
76 38
76 39
76 56
76 74
77 33
77 35
77 50
77 75
78 57
79 0
79 9
79 30
79 39
79 42
79 48
79 61
0 1 2 3 4 5 6 7
