80 320 8
0 1
0 14
0 24
0 35
0 37
0 45
0 58
0 66
0 69
1 0
1 3
1 22
1 58
1 70
1 76
2 27
2 30
3 1
3 13
3 14
3 21
3 61
4 38
4 45
4 51
5 6
5 10
5 27
5 33
5 64
6 5
6 58
6 64
7 27
7 44
7 46
8 37
8 46
9 40
9 56
10 5
10 46
10 54
10 66
10 73
11 14
12 55
12 57
13 3
13 67
14 0
14 3
14 11
14 26
14 54
14 75
15 76
15 77
16 48
16 70
16 76
17 39
17 46
17 50
18 21
18 31
18 40
19 29
19 64
20 67
20 71
20 73
21 3
21 18
21 50
21 78
22 1
22 30
23 24
23 27
23 38
23 47
23 61
23 68
24 0
24 23
24 39
24 53
24 59
24 63
24 64
25 29
25 58
25 75
26 14
26 28
26 41
26 79
27 2
27 5
27 7
27 23
27 38
27 55
27 59
27 68
28 26
28 66
28 74
29 19
29 25
29 30
29 33
29 44
29 63
30 2
30 22
30 29
30 51
30 73
31 18
31 41
31 50
31 55
31 58
31 66
31 76
32 46
32 50
32 75
33 5
33 29
33 37
33 48
33 49
33 56
34 43
34 54
34 62
34 77
35 0
35 41
35 43
36 49
36 51
36 53
36 58
36 69
37 0
37 8
37 33
37 40
37 53
37 63
38 4
38 23
38 27
38 61
39 17
39 24
40 9
40 18
40 37
40 55
41 26
41 31
41 35
41 59
42 53
42 69
43 34
43 35
43 65
44 7
44 29
45 0
45 4
45 65
46 7
46 8
46 10
46 17
46 32
47 23
48 16
48 33
48 52
49 33
49 36
50 17
50 21
50 31
50 32
51 4
51 30
51 36
51 66
51 71
51 74
52 48
52 54
52 64
52 70
53 24
53 36
53 37
53 42
53 70
53 72
54 10
54 14
54 34
54 52
54 65
54 68
54 73
55 12
55 27
55 31
55 40
56 9
56 33
56 67
57 12
58 0
58 1
58 6
58 25
58 31
58 36
59 24
59 27
59 41
59 77
60 78
61 3
61 23
61 38
62 34
62 65
62 70
63 24
63 29
63 37
64 5
64 6
64 19
64 24
64 52
64 77
65 43
65 45
65 54
65 62
66 0
66 10
66 28
66 31
66 51
66 69
66 70
66 71
66 74
67 13
67 20
67 56
67 78
67 79
68 23
68 27
68 54
68 76
69 0
69 36
69 42
69 66
69 72
70 1
70 16
70 52
70 53
70 62
70 66
70 73
71 20
71 51
71 66
71 77
72 53
72 69
73 10
73 20
73 30
73 54
73 70
74 28
74 51
74 66
74 79
75 14
75 25
75 32
75 78
76 1
76 15
76 16
76 31
76 68
77 15
77 34
77 59
77 64
77 71
78 21
78 60
78 67
78 75
79 26
79 67
79 74
0 1 2 3 4 5 6 7
