80 700 8
0 5
0 11
0 15
0 22
0 23
0 40
0 47
0 62
0 72
0 73
1 12
1 22
1 23
1 27
1 38
1 44
1 45
1 49
1 50
1 58
1 61
1 66
1 74
1 79
2 6
2 40
2 45
2 52
2 65
3 12
3 13
3 23
3 30
3 39
3 49
3 67
3 70
4 18
4 35
4 39
4 61
4 69
5 0
5 15
5 23
5 25
5 28
5 52
5 63
6 2
6 23
6 42
6 52
6 64
6 73
7 14
7 37
7 47
7 54
7 59
7 74
8 19
8 24
8 53
8 55
8 56
8 62
8 74
9 10
9 24
9 25
9 35
10 9
10 23
10 28
10 41
10 42
10 54
10 60
10 63
10 65
10 73
11 0
11 12
11 13
11 21
11 29
11 37
11 42
11 51
11 59
11 70
12 1
12 3
12 11
12 20
12 22
12 33
12 36
12 40
12 42
12 45
12 47
12 48
12 58
12 60
12 65
12 68
12 78
12 79
13 3
13 11
13 20
13 29
13 35
13 51
13 62
13 71
13 75
14 7
14 23
14 25
14 37
14 40
14 53
14 61
14 74
14 76
14 77
15 0
15 5
15 20
15 22
15 31
16 23
16 25
16 43
16 51
16 53
16 64
16 78
16 79
17 19
17 29
17 35
17 47
17 78
18 4
18 19
18 28
18 32
18 46
18 53
18 56
18 61
18 68
18 73
18 74
19 8
19 17
19 18
19 21
19 47
19 49
19 53
19 54
19 76
19 78
20 12
20 13
20 15
20 35
20 47
20 73
20 77
21 11
21 19
21 56
21 74
22 0
22 1
22 12
22 15
22 24
22 36
22 38
22 70
22 79
23 0
23 1
23 3
23 5
23 6
23 10
23 14
23 16
23 25
23 52
23 55
23 59
23 60
23 63
23 64
23 75
23 79
24 8
24 9
24 22
24 29
24 38
24 44
24 59
24 60
24 75
24 76
25 5
25 9
25 14
25 16
25 23
25 42
25 44
25 57
25 63
25 70
25 75
25 77
26 29
26 36
26 45
26 49
26 50
26 56
26 68
26 77
27 1
27 32
27 45
27 51
27 59
28 5
28 10
28 18
28 33
28 36
28 40
28 49
28 54
28 63
29 11
29 13
29 17
29 24
29 26
29 43
29 49
29 52
30 3
30 37
30 38
30 43
30 44
30 69
30 71
31 15
31 37
31 45
31 57
31 68
32 18
32 27
32 34
32 55
32 57
32 65
33 12
33 28
33 34
33 44
33 45
33 55
33 78
34 32
34 33
34 39
34 46
34 50
34 51
34 57
34 58
34 66
34 73
34 76
35 4
35 9
35 13
35 17
35 20
35 41
35 45
35 61
35 63
35 68
35 71
35 74
36 12
36 22
36 26
36 28
36 44
36 49
36 60
36 76
37 7
37 11
37 14
37 30
37 31
37 41
37 47
37 60
37 64
37 70
37 75
37 76
38 1
38 22
38 24
38 30
38 46
38 60
38 63
38 64
38 79
39 3
39 4
39 34
39 43
39 53
39 64
40 0
40 2
40 12
40 14
40 28
40 49
41 10
41 35
41 37
41 44
41 47
41 50
41 58
41 64
42 6
42 10
42 11
42 12
42 25
42 55
42 63
43 16
43 29
43 30
43 39
43 52
43 59
43 64
43 65
43 70
44 1
44 24
44 25
44 30
44 33
44 36
44 41
44 45
44 51
44 54
44 61
44 79
45 1
45 2
45 12
45 26
45 27
45 31
45 33
45 35
45 44
45 48
45 52
45 64
45 66
45 72
46 18
46 34
46 38
46 66
46 71
46 74
47 0
47 7
47 12
47 17
47 19
47 20
47 37
47 41
47 50
47 74
48 12
48 45
48 55
48 65
48 68
48 72
49 1
49 3
49 19
49 26
49 28
49 29
49 36
49 40
49 55
49 60
49 64
49 69
50 1
50 26
50 34
50 41
50 47
50 54
50 64
50 75
51 11
51 13
51 16
51 27
51 34
51 44
51 54
51 68
51 76
52 2
52 5
52 6
52 23
52 29
52 43
52 45
52 55
52 56
52 58
52 59
52 79
53 8
53 14
53 16
53 18
53 19
53 39
53 59
53 64
53 70
53 72
53 78
54 7
54 10
54 19
54 28
54 44
54 50
54 51
54 66
54 69
54 74
55 8
55 23
55 32
55 33
55 42
55 48
55 49
55 52
55 56
56 8
56 18
56 21
56 26
56 52
56 55
56 77
57 25
57 31
57 32
57 34
57 63
57 71
58 1
58 12
58 34
58 41
58 52
58 62
58 63
58 70
59 7
59 11
59 23
59 24
59 27
59 43
59 52
59 53
59 72
60 10
60 12
60 23
60 24
60 36
60 37
60 38
60 49
60 62
60 68
61 1
61 4
61 14
61 18
61 35
61 44
61 69
61 70
61 79
62 0
62 8
62 13
62 58
62 60
62 64
62 67
62 75
63 5
63 10
63 23
63 25
63 28
63 35
63 38
63 42
63 57
63 58
63 75
64 6
64 16
64 23
64 37
64 38
64 39
64 41
64 43
64 45
64 49
64 50
64 53
64 62
64 77
65 2
65 10
65 12
65 32
65 43
65 48
65 66
65 69
65 70
65 77
66 1
66 34
66 45
66 46
66 54
66 65
66 71
66 78
67 3
67 62
67 75
67 78
68 12
68 18
68 26
68 31
68 35
68 48
68 51
68 60
68 76
69 4
69 30
69 49
69 54
69 61
69 65
69 77
69 79
70 3
70 11
70 22
70 25
70 37
70 43
70 53
70 58
70 61
70 65
70 75
70 77
71 13
71 30
71 35
71 46
71 57
71 66
72 0
72 45
72 48
72 53
72 59
72 75
72 77
73 0
73 6
73 10
73 18
73 20
73 34
73 78
74 1
74 7
74 8
74 14
74 18
74 21
74 35
74 46
74 47
74 54
75 13
75 23
75 24
75 25
75 37
75 50
75 62
75 63
75 67
75 70
75 72
76 14
76 19
76 24
76 34
76 36
76 37
76 51
76 68
77 14
77 20
77 25
77 26
77 56
77 64
77 65
77 69
77 70
77 72
78 12
78 16
78 17
78 19
78 33
78 53
78 66
78 67
78 73
79 1
79 12
79 16
79 22
79 23
79 38
79 44
79 52
79 61
79 69
0 1 2 3 4 5 6 7
