80 320 16
0 9
0 18
0 22
0 30
0 33
0 35
0 36
0 48
0 54
0 59
0 72
0 79
1 5
1 23
1 27
1 64
1 68
1 79
2 18
2 56
3 59
4 36
4 56
4 68
5 1
5 44
5 56
5 77
6 17
6 25
6 30
6 76
6 79
7 18
7 50
7 71
8 11
8 21
8 25
8 27
8 42
8 48
8 50
8 55
9 0
9 18
9 26
9 68
10 34
10 68
10 76
10 78
11 8
11 46
11 63
11 73
12 16
12 17
12 22
12 32
13 17
13 28
13 29
13 73
14 24
14 35
14 42
14 61
15 26
15 28
16 12
17 6
17 12
17 13
17 26
17 58
17 64
17 66
18 0
18 2
18 7
18 9
18 23
18 39
18 44
18 54
18 73
19 45
19 48
19 54
20 47
20 53
20 78
21 8
21 34
22 0
22 12
22 34
22 45
22 54
22 76
23 1
23 18
23 77
24 14
24 30
24 34
24 35
24 76
25 6
25 8
25 31
25 53
25 69
26 9
26 15
26 17
26 31
26 36
26 40
26 44
26 53
26 61
26 72
26 75
27 1
27 8
27 37
27 52
28 13
28 15
28 32
28 48
28 55
28 59
29 13
29 53
29 76
30 0
30 6
30 24
30 59
30 66
31 25
31 26
31 44
31 53
31 78
32 12
32 28
32 72
33 0
33 66
34 10
34 21
34 22
34 24
34 75
35 0
35 14
35 24
35 41
35 52
35 78
36 0
36 4
36 26
36 70
36 79
37 27
38 47
38 50
39 18
39 59
39 76
39 79
40 26
40 50
41 35
41 59
41 67
42 8
42 14
42 69
43 79
44 5
44 18
44 26
44 31
44 67
45 19
45 22
45 75
46 11
46 58
47 20
47 38
47 53
48 0
48 8
48 19
48 28
48 79
49 68
50 7
50 8
50 38
50 40
50 51
50 53
50 59
51 50
51 55
51 78
52 27
52 35
52 63
53 20
53 25
53 26
53 29
53 31
53 47
53 50
53 57
53 70
54 0
54 18
54 19
54 22
55 8
55 28
55 51
55 72
56 2
56 4
56 5
57 53
58 17
58 46
58 62
59 0
59 3
59 28
59 30
59 39
59 41
59 50
59 70
60 62
60 64
60 65
61 14
61 26
61 71
62 58
62 60
62 72
63 11
63 52
64 1
64 17
64 60
65 60
65 75
66 17
66 30
66 33
66 74
67 41
67 44
68 1
68 4
68 9
68 10
68 49
68 74
69 25
69 42
69 75
70 36
70 53
70 59
71 7
71 61
72 0
72 26
72 32
72 55
72 62
73 11
73 13
73 18
74 66
74 68
75 26
75 34
75 45
75 65
75 69
76 6
76 10
76 22
76 24
76 29
76 39
77 5
77 23
78 10
78 20
78 31
78 35
78 51
79 0
79 1
79 6
79 36
79 39
79 43
79 48
0 1 2 3 4 5 6 7 8 9 10 11 12 13 14 15
