80 700 8
0 14
0 18
0 28
0 31
0 32
0 34
0 40
0 45
0 53
0 57
0 76
1 15
1 20
1 21
1 60
1 75
1 78
2 10
2 44
2 51
2 61
3 5
3 18
3 36
3 53
3 70
3 71
3 77
4 5
4 13
4 27
4 32
4 42
4 50
4 68
4 74
4 76
5 3
5 4
5 29
5 39
5 42
5 64
5 71
6 9
6 26
6 29
6 33
6 55
6 67
7 53
7 57
7 61
8 25
8 26
8 28
8 53
8 66
8 67
8 70
8 71
9 6
9 10
9 11
9 15
9 26
9 39
9 46
9 57
9 59
9 61
9 70
9 75
10 2
10 9
10 17
10 19
10 40
10 43
10 50
10 52
10 56
10 62
10 63
10 66
10 76
10 78
11 9
11 17
11 30
11 45
11 47
11 49
11 61
11 68
11 70
12 15
12 35
12 44
12 50
12 79
13 4
13 15
13 28
13 35
13 44
13 55
13 58
13 61
13 68
13 72
14 0
14 21
14 30
14 31
14 38
14 46
14 50
14 60
14 67
14 75
14 78
15 1
15 9
15 12
15 13
15 19
15 33
15 42
15 47
15 51
15 55
15 57
15 75
16 21
16 33
16 69
16 77
17 10
17 11
17 18
17 26
17 28
17 31
17 34
17 47
17 48
17 75
18 0
18 3
18 17
18 21
18 28
18 30
18 37
18 41
18 52
18 56
18 62
18 71
18 76
19 10
19 15
19 34
19 36
19 38
19 46
19 70
19 72
20 1
20 21
20 29
20 32
20 39
20 48
20 55
20 65
20 70
20 78
21 1
21 14
21 16
21 18
21 20
21 25
21 33
21 51
21 59
21 64
21 70
21 79
22 28
22 43
22 54
22 56
23 30
23 35
23 46
23 52
23 54
23 74
24 30
24 50
24 76
24 77
24 78
25 8
25 21
25 44
25 64
25 76
25 78
26 6
26 8
26 9
26 17
26 34
26 35
26 38
26 39
26 41
26 57
26 59
26 61
26 67
26 69
27 4
27 32
27 53
27 77
28 0
28 8
28 13
28 17
28 18
28 22
28 47
28 55
28 58
28 66
28 74
29 5
29 6
29 20
29 38
29 42
29 47
29 48
29 52
29 57
30 11
30 14
30 18
30 23
30 24
30 39
30 44
30 56
30 59
30 64
30 65
30 73
31 0
31 14
31 17
31 57
31 66
31 68
32 0
32 4
32 20
32 27
32 68
32 72
33 6
33 15
33 16
33 21
33 50
33 57
33 59
33 60
33 73
33 75
34 0
34 17
34 19
34 26
34 50
34 54
34 58
35 12
35 13
35 23
35 26
35 61
35 71
36 3
36 19
36 45
36 48
36 58
36 61
36 65
37 18
37 39
37 40
37 42
37 43
37 64
38 14
38 19
38 26
38 29
38 39
38 44
38 51
38 55
38 63
39 5
39 9
39 20
39 26
39 30
39 37
39 38
39 59
39 65
40 0
40 10
40 37
40 46
40 57
40 70
41 18
41 26
41 43
41 46
41 51
41 70
41 76
41 79
42 4
42 5
42 15
42 29
42 37
42 43
42 49
42 51
42 54
42 55
42 60
42 65
42 67
42 71
43 10
43 22
43 37
43 41
43 42
43 47
43 60
43 66
43 69
43 71
44 2
44 12
44 13
44 25
44 30
44 38
44 50
44 51
44 52
44 62
44 69
44 77
45 0
45 11
45 36
45 57
45 58
45 74
46 9
46 14
46 19
46 23
46 40
46 41
46 59
46 61
46 66
47 11
47 15
47 17
47 28
47 29
47 43
47 49
47 52
47 61
47 74
48 17
48 20
48 29
48 36
48 51
48 58
48 69
48 75
49 11
49 42
49 47
49 50
49 61
49 64
49 70
50 4
50 10
50 12
50 14
50 24
50 33
50 34
50 44
50 49
50 67
51 2
51 15
51 21
51 38
51 41
51 42
51 44
51 48
51 57
51 59
51 73
51 78
52 10
52 18
52 23
52 29
52 44
52 47
52 53
52 56
52 60
52 62
53 0
53 3
53 7
53 8
53 27
53 52
53 56
53 72
54 22
54 23
54 34
54 42
54 62
54 67
55 6
55 13
55 15
55 20
55 28
55 38
55 42
55 59
55 63
55 64
56 10
56 18
56 22
56 30
56 52
56 53
56 58
56 66
56 70
56 78
57 0
57 7
57 9
57 15
57 26
57 29
57 31
57 33
57 40
57 45
57 51
57 63
57 64
57 73
58 13
58 28
58 34
58 36
58 45
58 48
58 56
58 59
58 60
58 71
58 75
59 9
59 21
59 26
59 30
59 33
59 39
59 46
59 51
59 55
59 58
59 72
59 77
60 1
60 14
60 33
60 42
60 43
60 52
60 58
60 67
60 71
60 78
61 2
61 7
61 9
61 11
61 13
61 26
61 35
61 36
61 46
61 47
61 49
61 62
61 68
61 74
62 10
62 18
62 44
62 52
62 54
62 61
62 65
63 10
63 38
63 55
63 57
63 79
64 5
64 21
64 25
64 30
64 37
64 49
64 55
64 57
64 79
65 20
65 30
65 36
65 39
65 42
65 62
65 67
65 77
66 8
66 10
66 28
66 31
66 43
66 46
66 56
66 67
66 73
66 76
67 6
67 8
67 14
67 26
67 42
67 50
67 54
67 60
67 65
67 66
68 4
68 11
68 13
68 31
68 32
68 61
68 70
68 71
68 79
69 16
69 26
69 43
69 44
69 48
69 78
70 3
70 8
70 9
70 11
70 19
70 20
70 21
70 40
70 41
70 49
70 56
70 68
70 72
70 76
70 77
71 3
71 5
71 8
71 18
71 35
71 42
71 43
71 58
71 60
71 68
72 13
72 19
72 32
72 53
72 59
72 70
72 76
73 30
73 33
73 51
73 57
73 66
73 75
74 4
74 23
74 28
74 45
74 47
74 61
74 75
75 1
75 9
75 14
75 15
75 17
75 33
75 48
75 58
75 73
75 74
75 79
76 0
76 4
76 10
76 18
76 24
76 25
76 41
76 66
76 70
76 72
77 3
77 16
77 24
77 27
77 44
77 59
77 65
77 70
78 1
78 10
78 14
78 20
78 24
78 25
78 51
78 56
78 60
78 69
79 12
79 21
79 41
79 63
79 64
79 68
79 75
0 1 2 3 4 5 6 7
