80 700 8
0 9
0 15
0 16
0 18
0 19
0 20
0 22
0 34
0 36
0 45
0 51
0 52
0 60
0 62
0 63
0 64
0 67
0 77
0 79
1 10
1 11
1 17
1 25
1 53
1 62
1 69
2 10
2 15
2 23
2 32
2 42
2 46
2 47
3 17
3 42
3 44
3 45
3 70
4 17
4 26
4 31
4 36
4 42
4 43
4 47
4 59
4 69
4 70
4 75
5 10
5 15
5 28
5 40
5 43
5 50
5 54
5 60
5 61
5 71
5 73
5 76
5 78
6 8
6 11
6 20
6 36
6 37
6 38
6 50
6 52
6 64
6 67
6 70
6 78
7 38
7 45
7 65
7 68
7 74
7 77
8 6
8 33
8 42
8 44
8 53
8 55
9 0
9 12
9 14
9 19
9 22
9 40
9 41
9 42
9 47
9 52
9 78
10 1
10 2
10 5
10 24
10 32
10 36
10 48
10 67
10 68
10 75
10 78
11 1
11 6
11 25
11 56
11 61
11 66
11 77
12 9
12 26
12 38
12 43
12 56
12 63
12 65
12 77
13 38
13 40
13 44
13 48
13 70
14 9
14 19
14 25
14 34
14 53
14 56
14 75
15 0
15 2
15 5
15 35
15 45
15 65
15 74
15 76
16 0
16 20
16 29
16 30
16 58
16 62
16 68
16 71
16 79
17 1
17 3
17 4
17 26
17 39
17 47
17 54
17 58
17 59
17 67
17 77
18 0
18 34
18 41
18 56
18 67
18 72
19 0
19 9
19 14
19 61
19 79
20 0
20 6
20 16
20 43
20 44
20 45
20 53
20 62
20 65
20 68
20 70
20 73
20 75
20 76
21 28
21 37
21 38
21 46
22 0
22 9
22 36
22 49
22 56
22 59
22 75
23 2
23 24
23 25
23 79
24 10
24 23
24 30
24 31
24 32
24 34
24 43
24 53
24 61
25 1
25 11
25 14
25 23
25 27
25 36
25 55
25 57
25 66
26 4
26 12
26 17
26 34
26 40
26 45
26 48
26 63
27 25
27 30
27 42
27 47
27 48
27 63
27 74
27 77
27 79
28 5
28 21
28 32
28 43
28 54
28 64
28 65
28 70
28 73
29 16
29 32
29 43
29 52
29 56
29 63
29 79
30 16
30 24
30 27
30 31
30 33
30 37
30 40
30 44
30 49
30 56
30 60
30 74
31 4
31 24
31 30
31 33
31 44
31 60
31 71
31 75
31 76
32 2
32 10
32 24
32 28
32 29
32 61
32 79
33 8
33 30
33 31
33 50
33 52
33 59
33 60
33 63
33 64
33 68
33 74
33 78
34 0
34 14
34 18
34 24
34 26
34 38
34 48
34 53
34 69
34 73
35 15
35 37
35 45
35 71
36 0
36 4
36 6
36 10
36 22
36 25
36 41
36 57
36 59
36 62
36 64
36 70
37 6
37 21
37 30
37 35
37 49
37 52
37 59
37 63
37 70
37 71
37 73
37 77
38 6
38 7
38 12
38 13
38 21
38 34
38 46
38 59
38 63
38 65
38 71
39 17
39 41
39 49
39 51
39 56
39 58
39 60
39 72
39 73
40 5
40 9
40 13
40 26
40 30
40 67
40 68
40 76
41 9
41 18
41 36
41 39
41 44
41 45
41 65
42 2
42 3
42 4
42 8
42 9
42 27
42 52
42 72
42 78
43 4
43 5
43 12
43 20
43 24
43 28
43 29
43 51
43 64
44 3
44 8
44 13
44 20
44 30
44 31
44 41
44 47
44 77
45 0
45 3
45 7
45 15
45 20
45 26
45 35
45 41
45 46
45 50
45 58
45 60
46 2
46 21
46 38
46 45
46 50
46 51
46 53
46 64
46 68
46 72
46 74
47 2
47 4
47 9
47 17
47 27
47 44
47 51
47 56
47 60
47 65
47 72
48 10
48 13
48 26
48 27
48 34
48 67
49 22
49 30
49 37
49 39
49 53
49 60
49 63
49 64
49 71
49 75
50 5
50 6
50 33
50 45
50 46
50 63
51 0
51 39
51 43
51 46
51 47
51 52
51 55
51 62
51 79
52 0
52 6
52 9
52 29
52 33
52 37
52 42
52 51
52 60
52 68
52 69
53 1
53 8
53 14
53 20
53 24
53 34
53 46
53 49
53 65
53 75
54 5
54 17
54 28
54 56
54 76
55 8
55 25
55 51
55 57
55 61
55 70
55 72
55 77
56 11
56 12
56 14
56 18
56 22
56 29
56 30
56 39
56 47
56 54
56 73
57 25
57 36
57 55
57 60
57 77
58 16
58 17
58 39
58 45
58 70
58 79
59 4
59 17
59 22
59 33
59 36
59 37
59 38
59 64
59 65
59 73
59 75
60 0
60 5
60 30
60 31
60 33
60 39
60 45
60 47
60 49
60 52
60 57
60 66
60 68
61 5
61 11
61 19
61 24
61 32
61 55
62 0
62 1
62 16
62 20
62 36
62 51
62 67
62 78
63 0
63 12
63 26
63 27
63 29
63 33
63 37
63 38
63 49
63 50
63 65
64 0
64 6
64 28
64 33
64 36
64 43
64 46
64 49
64 59
65 7
65 12
65 15
65 20
65 28
65 38
65 41
65 47
65 53
65 59
65 63
65 77
66 11
66 25
66 60
67 0
67 6
67 10
67 17
67 18
67 40
67 48
67 62
67 74
67 76
68 7
68 10
68 16
68 20
68 33
68 40
68 46
68 52
68 60
69 1
69 4
69 34
69 52
69 76
70 3
70 4
70 6
70 13
70 20
70 28
70 36
70 37
70 55
70 58
71 5
71 16
71 31
71 35
71 37
71 38
71 49
72 18
72 39
72 42
72 46
72 47
72 55
72 75
73 5
73 20
73 28
73 34
73 37
73 39
73 56
73 59
73 75
74 7
74 15
74 27
74 30
74 33
74 46
74 67
75 4
75 10
75 14
75 20
75 22
75 31
75 49
75 53
75 59
75 72
75 73
75 79
76 5
76 15
76 20
76 31
76 40
76 54
76 67
76 69
77 0
77 7
77 11
77 12
77 17
77 27
77 37
77 44
77 55
77 57
77 65
78 5
78 6
78 9
78 10
78 33
78 42
78 62
79 0
79 16
79 19
79 23
79 27
79 29
79 32
79 51
79 58
79 75
0 1 2 3 4 5 6 7
