80 320 20
0 5
0 14
0 30
0 57
1 44
1 56
1 75
2 39
2 45
2 76
3 7
3 11
3 60
3 76
4 16
4 33
4 48
5 0
5 16
5 20
5 48
6 13
6 20
6 26
6 41
6 68
7 3
7 9
7 29
7 37
7 42
7 43
7 45
8 32
8 35
8 47
9 7
9 26
9 35
9 46
9 49
9 59
10 14
10 28
10 30
10 32
10 63
11 3
11 33
11 62
12 20
12 70
13 6
13 34
13 58
14 0
14 10
14 17
14 22
14 33
14 48
14 68
15 32
15 43
15 61
16 4
16 5
16 54
16 68
17 14
17 25
17 28
18 29
18 30
18 35
18 38
18 57
18 70
19 45
19 48
19 58
19 60
20 5
20 6
20 12
20 25
20 51
20 58
21 33
22 14
22 35
23 25
23 30
23 39
24 34
24 47
24 63
25 17
25 20
25 23
25 28
25 54
25 69
25 75
26 6
26 9
26 57
27 39
27 40
27 56
27 67
27 76
28 10
28 17
28 25
28 40
28 45
28 70
29 7
29 18
29 65
29 71
29 72
29 78
30 0
30 10
30 18
30 23
30 34
30 37
30 44
30 54
30 67
30 68
30 69
31 49
32 8
32 10
32 15
32 34
32 54
32 62
32 66
32 76
33 4
33 11
33 14
33 21
33 49
33 56
33 76
33 77
34 13
34 24
34 30
34 32
34 58
35 8
35 9
35 18
35 22
35 74
35 76
36 38
36 70
37 7
37 30
38 18
38 36
39 2
39 23
39 27
40 27
40 28
40 46
41 6
41 59
42 7
43 7
43 15
43 44
43 52
43 79
44 1
44 30
44 43
44 66
45 2
45 7
45 19
45 28
45 79
46 9
46 40
47 8
47 24
47 53
47 60
48 4
48 5
48 14
48 19
48 63
49 9
49 31
49 33
49 51
50 54
50 56
51 20
51 49
52 43
52 54
52 57
52 72
53 47
53 62
54 16
54 25
54 30
54 32
54 50
54 52
54 73
55 59
55 62
55 71
55 76
56 1
56 27
56 33
56 50
56 74
56 76
56 78
57 0
57 18
57 26
57 52
58 13
58 19
58 20
58 34
58 74
59 9
59 41
59 55
60 3
60 19
60 47
60 74
61 15
61 67
61 70
62 11
62 32
62 53
62 55
63 10
63 24
63 48
63 71
64 67
64 75
65 29
65 78
66 32
66 44
66 70
67 27
67 30
67 61
67 64
68 6
68 14
68 16
68 30
69 25
69 30
70 12
70 18
70 28
70 36
70 61
70 66
71 29
71 55
71 63
71 74
72 29
72 52
73 54
73 77
73 78
74 35
74 56
74 58
74 60
74 71
74 76
75 1
75 25
75 64
76 2
76 3
76 27
76 32
76 33
76 35
76 55
76 56
76 74
77 33
77 73
78 29
78 56
78 65
78 73
79 43
79 45
0 1 2 3 4 5 6 7 8 9 10 11 12 13 14 15 16 17 18 19
