75 221 19
0 71
1 16
1 18
1 28
2 10
2 57
3 65
4 1
4 16
4 59
5 29
6 20
6 48
6 66
7 8
7 22
8 7
8 46
9 14
9 21
9 65
9 66
10 2
10 41
10 43
10 62
11 17
11 32
11 41
12 15
12 51
13 74
14 9
15 12
15 39
15 68
16 1
16 4
16 21
16 44
16 70
17 51
18 1
18 41
19 29
19 35
20 6
20 44
21 9
21 15
21 16
21 23
22 7
22 35
22 37
22 65
23 24
23 39
23 54
23 56
23 58
24 53
25 15
25 18
25 28
25 65
26 1
27 43
27 72
28 1
28 25
28 58
28 72
29 7
29 26
29 30
29 40
29 64
30 2
30 40
31 7
31 44
31 51
31 74
32 11
32 16
32 71
33 21
33 55
34 37
34 72
35 19
35 32
35 33
36 8
36 22
36 38
36 54
37 22
37 34
37 44
37 52
38 12
38 36
38 47
38 58
39 19
39 23
39 50
39 70
40 30
41 10
41 11
41 18
41 72
42 69
42 70
43 10
43 54
43 61
43 64
44 20
44 31
45 19
45 54
45 72
46 8
46 16
46 20
46 29
46 52
46 59
46 69
47 21
47 38
47 61
48 6
49 45
50 39
50 51
50 52
50 55
51 12
51 17
51 22
51 31
51 66
52 1
52 37
52 50
53 7
53 24
53 27
54 1
54 23
54 45
55 27
55 50
56 0
56 4
56 23
57 2
57 41
57 42
58 23
58 28
58 38
58 42
58 67
58 74
59 13
59 70
60 27
60 41
60 71
61 43
61 51
62 10
62 38
63 50
63 64
63 74
64 29
64 43
64 48
64 73
65 9
65 22
65 25
65 54
66 0
66 6
66 7
66 9
66 68
66 72
67 58
68 15
68 35
69 42
70 16
70 30
70 42
70 59
71 0
71 32
71 60
72 27
72 28
72 34
72 36
72 41
72 45
72 64
73 37
73 49
74 13
74 26
74 31
74 58
74 63
11 19 63 23 47 29 73 41 53 43 27 30 48 16 26 33 34 67 52
