100 317 50
0 86
1 9
1 71
1 72
1 81
2 16
2 32
2 42
2 79
3 13
3 17
3 41
3 62
3 80
4 33
4 60
4 69
4 97
5 26
5 64
5 68
5 92
6 34
7 18
8 60
9 1
9 40
9 69
9 81
10 19
10 38
10 84
11 22
11 56
11 66
12 56
12 82
12 96
13 25
13 45
13 50
13 68
13 83
13 91
13 93
14 94
15 29
15 63
15 67
16 27
16 66
16 79
17 18
17 36
17 59
18 7
18 17
18 46
18 58
18 86
19 10
19 89
20 32
20 34
20 60
21 63
21 66
21 73
21 88
22 11
22 30
22 38
22 75
22 77
22 95
22 98
23 74
24 97
26 5
26 54
26 79
26 96
27 16
28 4
28 53
29 26
29 39
29 83
30 18
30 22
30 36
30 69
31 2
31 52
31 56
32 2
32 6
32 20
32 72
32 76
32 98
33 4
33 55
33 92
34 6
34 20
34 35
34 83
35 43
35 92
36 17
36 27
36 30
36 44
36 51
36 53
37 69
38 10
38 22
38 82
39 0
39 29
39 76
40 9
40 43
40 93
41 3
41 26
41 67
41 84
41 98
42 2
42 41
42 71
43 35
43 40
43 72
43 74
43 81
43 91
44 36
44 86
45 53
45 95
46 18
46 88
46 95
47 16
48 49
48 90
48 99
49 74
49 80
50 13
51 78
52 31
52 96
53 28
53 36
53 45
53 56
54 14
54 26
54 61
54 78
54 96
55 33
55 68
55 80
56 11
56 12
56 17
56 31
56 92
57 71
58 18
59 44
59 75
60 4
60 8
60 20
61 77
62 3
62 92
63 21
63 67
63 87
64 5
64 33
64 70
64 86
64 89
65 25
65 38
65 84
66 11
66 16
66 21
66 78
66 95
66 96
67 10
67 15
67 20
67 63
67 73
68 5
68 55
68 78
69 4
69 9
69 13
69 37
69 52
69 72
70 19
70 46
70 64
70 72
70 98
71 1
71 42
71 48
71 57
71 61
71 92
72 1
72 32
72 43
72 69
72 70
72 78
74 23
74 26
74 30
74 43
74 49
74 57
74 70
74 96
74 98
75 58
75 59
76 4
76 32
76 39
76 69
76 83
77 22
77 61
78 54
78 66
78 72
79 1
79 16
79 26
79 30
80 3
80 29
80 55
80 81
81 9
81 80
81 99
82 12
82 38
82 87
83 13
84 10
84 41
84 65
84 88
86 0
86 44
86 64
87 63
87 82
88 18
88 84
89 19
89 41
89 64
89 91
90 48
91 13
91 43
91 89
92 5
92 33
92 35
92 56
92 71
92 83
92 91
93 2
93 13
94 14
94 82
94 85
95 43
95 45
95 66
96 12
96 26
96 52
96 54
96 66
97 4
97 24
98 0
98 22
98 41
98 70
98 74
99 77
99 81
99 84
43 81 57 87 19 58 26 80 42 66 56 53 90 94 35 61 15 54 49 82 17 10 37 18 78 24 83 96 51 22 59 48 60 39 84 16 65 92 68 8 33 99 20 69 4 93 88 50 45 32
