80 182 6
0 11
0 28
0 33
0 44
0 72
1 18
1 42
1 57
1 78
2 35
3 8
3 22
3 52
3 54
3 61
3 75
4 9
4 28
5 17
5 59
5 69
6 9
6 19
6 42
6 50
7 79
8 3
8 19
8 44
9 4
9 6
9 19
10 32
11 0
11 19
11 30
11 56
11 66
12 0
12 21
12 54
13 53
14 44
14 56
15 26
16 8
16 21
16 45
17 5
17 70
18 1
18 73
19 6
19 8
19 53
20 54
22 3
24 64
25 37
25 45
25 47
26 15
26 54
27 29
27 61
28 0
28 4
28 29
28 57
29 27
29 28
29 35
30 11
32 10
33 0
33 55
33 69
33 74
34 13
35 29
35 56
36 58
36 74
37 25
38 25
38 75
39 40
39 54
40 39
40 76
41 56
42 6
42 57
42 67
43 3
43 65
44 0
44 8
44 14
44 51
44 62
45 16
45 18
45 25
45 54
45 68
45 74
46 31
46 70
47 27
48 72
49 64
50 2
50 6
50 54
50 56
51 29
51 44
52 3
53 19
54 3
54 12
54 20
54 26
54 39
54 45
54 50
54 64
56 0
56 14
56 35
56 41
57 28
59 5
59 20
60 8
61 3
61 16
61 67
61 69
62 44
63 9
63 19
63 33
64 15
64 49
65 43
66 11
66 75
67 11
67 42
67 76
67 78
68 10
68 23
68 45
69 5
69 16
69 33
70 46
70 75
71 10
71 76
72 0
72 48
74 33
74 36
74 45
74 68
74 79
75 3
75 6
75 52
75 70
77 23
77 71
78 1
78 55
78 67
79 45
79 47
79 74
0 1 2 3 4 5
