80 202 6
0 9
0 58
1 55
1 58
2 13
2 35
2 41
2 53
2 59
2 67
3 69
4 40
4 47
4 74
5 6
5 23
5 45
5 63
6 4
6 5
6 12
6 58
7 23
7 27
8 11
8 67
8 73
9 0
9 71
9 73
10 70
11 8
11 58
11 66
12 6
12 42
12 56
13 2
13 22
13 23
13 28
13 41
14 0
14 15
14 29
14 78
15 14
15 20
15 77
16 27
16 43
16 70
17 13
17 43
18 58
18 67
19 30
19 72
20 15
21 73
22 13
22 15
22 29
23 5
23 7
23 13
24 63
24 69
25 28
27 7
27 16
27 40
27 49
27 65
28 13
28 25
28 32
28 61
28 70
29 14
29 38
29 46
29 69
30 19
30 40
31 47
32 28
32 60
33 32
33 69
34 44
34 70
34 73
35 2
36 26
37 44
38 29
38 47
38 65
38 74
39 41
40 4
40 30
40 41
40 47
40 54
40 64
41 2
41 40
41 58
42 12
42 51
43 16
43 17
43 29
43 66
44 19
44 34
44 37
44 71
45 5
46 26
46 68
47 4
47 31
47 40
47 71
48 25
48 60
49 27
50 65
50 76
51 42
51 71
51 77
52 4
52 53
53 33
54 12
54 40
55 1
55 75
56 12
56 79
57 68
58 0
58 1
58 6
58 11
58 41
59 2
60 48
60 77
62 31
63 5
63 24
64 40
64 67
65 27
65 38
65 50
66 11
66 43
67 2
67 8
67 18
67 64
68 46
69 3
69 24
69 29
69 33
69 73
70 16
70 28
70 34
71 9
71 44
71 46
71 47
71 51
72 19
73 8
73 9
73 21
73 34
73 69
74 4
74 10
74 38
74 75
74 76
75 11
75 74
75 79
76 50
76 74
77 15
78 52
79 51
79 68
79 75
0 1 2 3 4 5
