80 931 8
0 13
0 40
0 44
0 47
0 49
0 52
0 57
0 63
0 64
0 66
0 69
0 70
0 73
0 77
0 78
0 79
1 2
1 3
1 8
1 12
1 14
1 19
1 41
1 43
1 56
1 63
1 74
1 78
2 1
2 21
2 29
2 48
2 49
2 53
2 57
2 62
2 64
2 79
3 1
3 17
3 20
3 23
3 29
3 30
3 41
3 47
3 51
3 53
3 62
3 63
3 75
4 6
4 12
4 13
4 15
4 19
4 22
4 25
4 46
4 60
4 61
4 64
4 68
4 74
4 79
5 20
5 26
5 28
5 30
5 32
5 35
5 41
5 50
5 55
5 56
5 60
5 62
5 75
6 16
6 19
6 20
6 24
6 27
6 35
6 43
6 45
6 47
6 52
6 63
6 64
6 69
7 10
7 18
7 20
7 38
7 53
7 59
7 61
7 66
7 68
7 71
7 74
7 77
8 1
8 10
8 18
8 22
8 24
8 38
8 39
8 43
8 67
8 72
9 11
9 12
9 18
9 22
9 35
9 46
9 77
9 79
10 7
10 8
10 34
10 42
10 51
10 53
10 55
10 70
10 71
11 30
11 33
11 57
11 59
11 71
11 73
11 78
12 1
12 2
12 4
12 9
12 17
12 21
12 27
12 28
12 41
12 49
12 55
12 56
12 62
12 66
12 70
12 71
12 78
12 79
13 0
13 4
13 14
13 16
13 28
13 31
13 50
13 53
13 57
13 59
13 61
13 63
13 79
14 1
14 4
14 13
14 15
14 21
14 23
14 54
14 63
14 79
15 14
15 17
15 20
15 21
15 23
15 27
15 29
15 34
15 52
15 57
15 60
15 64
15 72
15 78
16 6
16 13
16 21
16 23
16 25
16 41
16 44
16 53
16 73
16 76
17 3
17 8
17 15
17 22
17 28
17 31
17 46
17 50
17 61
17 76
18 7
18 8
18 26
18 33
18 36
18 41
18 43
18 49
18 51
18 56
19 1
19 4
19 6
19 39
19 55
19 64
19 71
19 73
20 3
20 5
20 6
20 9
20 15
20 29
20 41
20 43
20 44
20 59
20 69
20 73
21 12
21 14
21 15
21 33
21 38
21 50
21 57
21 68
21 73
21 75
22 4
22 8
22 31
22 38
22 46
22 52
22 53
22 59
22 67
22 74
23 3
23 14
23 32
23 34
23 44
23 45
23 51
23 53
23 55
23 67
23 73
24 2
24 7
24 8
24 13
24 29
24 30
24 32
24 33
24 54
24 68
24 70
24 71
24 76
25 4
25 11
25 16
25 47
25 55
25 57
25 61
25 63
26 3
26 5
26 6
26 18
26 21
26 28
26 33
26 34
26 38
26 39
26 40
26 46
26 51
26 66
26 68
26 72
27 12
27 15
27 21
27 33
27 38
27 43
27 47
27 50
27 58
27 66
27 77
28 12
28 17
28 22
28 24
28 26
28 53
28 56
28 65
28 68
28 71
28 74
29 2
29 16
29 20
29 23
29 48
29 49
29 51
29 56
29 63
29 68
29 72
29 78
30 3
30 5
30 21
30 24
30 46
31 3
31 13
31 17
31 20
31 35
31 39
31 44
31 45
31 52
31 53
31 62
31 65
31 71
32 2
32 3
32 16
32 23
32 28
32 41
32 45
32 52
32 67
32 71
33 11
33 18
33 26
33 27
33 32
33 35
33 42
33 47
33 52
33 62
33 70
33 78
34 0
34 2
34 6
34 10
34 13
34 16
34 26
34 30
34 35
34 37
34 38
34 48
34 49
34 66
34 68
34 71
35 5
35 9
35 26
35 27
35 31
35 33
35 34
35 40
35 46
35 47
35 51
35 60
35 65
35 68
35 74
36 18
36 22
36 31
36 47
36 62
36 63
36 76
37 8
37 34
37 48
37 49
37 51
37 53
37 54
37 57
37 65
37 77
38 8
38 21
38 22
38 24
38 26
38 27
38 34
38 42
38 44
38 50
38 69
38 71
38 77
39 8
39 13
39 28
39 58
39 64
39 65
39 69
39 77
40 0
40 8
40 25
40 26
40 28
40 35
40 42
40 47
40 50
40 57
40 65
40 66
40 71
40 72
41 1
41 5
41 7
41 16
41 18
41 32
41 42
41 44
41 48
41 56
41 63
41 64
41 74
41 79
42 3
42 4
42 10
42 14
42 22
42 29
42 38
42 40
42 44
42 50
42 57
42 72
43 1
43 27
43 36
43 44
43 50
43 58
43 61
43 66
43 68
44 0
44 4
44 8
44 10
44 16
44 20
44 23
44 25
44 34
44 41
44 43
44 46
44 52
44 77
45 22
45 23
45 37
45 53
45 59
45 69
45 75
46 9
46 17
46 22
46 26
46 30
46 35
46 47
46 58
46 61
46 65
46 74
47 0
47 19
47 27
47 35
47 39
47 40
47 43
47 48
47 50
47 51
47 60
47 64
48 0
48 24
48 29
48 34
48 37
48 57
49 0
49 2
49 7
49 18
49 29
49 31
49 34
49 46
49 53
49 60
49 61
49 64
49 67
49 77
49 78
50 5
50 17
50 20
50 21
50 22
50 27
50 33
50 36
50 38
50 40
50 42
50 66
50 67
50 69
50 74
50 75
51 3
51 4
51 23
51 26
51 35
51 37
51 47
51 59
51 61
51 71
51 73
52 0
52 3
52 6
52 10
52 21
52 22
52 25
52 28
52 31
52 33
52 53
52 65
52 74
53 3
53 7
53 10
53 12
53 16
53 28
53 29
53 31
53 45
53 48
53 49
53 52
53 64
53 66
54 11
54 14
54 15
54 31
54 32
54 37
54 53
54 57
54 61
54 75
54 76
55 3
55 5
55 12
55 19
55 23
55 25
55 49
55 58
55 61
55 66
55 68
55 70
56 1
56 5
56 12
56 18
56 28
56 51
56 59
56 61
56 66
56 76
57 2
57 3
57 11
57 13
57 15
57 21
57 24
57 26
57 34
57 37
57 42
57 53
57 67
57 74
58 2
58 27
58 40
58 43
58 46
58 53
58 55
58 56
58 68
58 77
59 3
59 7
59 13
59 20
59 22
59 28
59 45
59 51
59 56
59 62
59 64
60 1
60 4
60 5
60 26
60 35
60 39
60 47
60 49
60 58
60 67
60 71
60 75
61 4
61 7
61 13
61 15
61 34
61 43
61 46
61 49
61 51
61 54
61 55
61 57
61 58
61 64
61 65
61 71
61 75
62 5
62 6
62 9
62 12
62 27
62 29
62 33
62 36
62 48
62 49
62 72
63 3
63 6
63 14
63 21
63 25
63 29
63 30
63 36
63 40
63 41
63 44
63 48
63 69
64 0
64 2
64 4
64 13
64 19
64 31
64 41
64 49
64 52
64 61
64 66
64 71
64 74
64 76
65 2
65 20
65 27
65 31
65 37
65 39
65 46
65 52
65 61
65 72
65 77
66 6
66 12
66 34
66 51
66 53
66 56
66 58
66 65
66 70
66 73
66 79
67 0
67 8
67 22
67 23
67 39
67 48
67 49
67 50
67 57
67 60
67 64
67 72
67 77
68 1
68 7
68 21
68 27
68 29
68 43
68 47
68 52
68 55
68 56
68 58
68 71
69 0
69 3
69 6
69 20
69 36
69 38
69 39
69 40
69 41
69 56
69 63
69 75
70 0
70 5
70 10
70 16
70 24
70 33
70 44
70 49
70 55
70 68
70 77
71 0
71 7
71 10
71 11
71 12
71 14
71 19
71 20
71 24
71 26
71 28
71 31
71 38
71 51
71 52
71 60
71 61
71 68
71 69
71 73
71 74
72 15
72 26
72 40
72 54
72 55
72 62
72 65
72 67
72 76
73 0
73 16
73 19
73 20
73 23
73 27
73 39
73 66
73 75
73 76
74 1
74 4
74 18
74 22
74 28
74 41
74 46
74 47
74 50
74 52
74 55
74 57
75 3
75 5
75 9
75 37
75 43
75 45
75 50
75 55
75 60
75 61
75 68
75 69
75 73
76 5
76 16
76 36
76 44
76 55
76 56
76 72
76 73
76 75
76 77
76 79
77 0
77 7
77 9
77 15
77 16
77 27
77 37
77 38
77 58
77 62
77 65
77 70
77 76
78 0
78 1
78 11
78 15
78 29
78 33
78 46
78 49
79 0
79 16
79 38
79 53
79 56
79 66
79 69
79 74
79 76
0 1 2 3 4 5 6 7
