80 242 16
0 2
0 42
1 9
1 12
2 0
2 30
2 54
2 62
2 78
3 31
3 41
3 78
4 10
4 65
4 72
4 77
5 13
5 14
5 23
5 36
5 45
6 21
6 33
6 41
6 53
6 58
7 16
7 23
7 74
8 65
9 1
9 75
10 4
10 8
10 35
10 47
10 48
10 61
10 69
10 77
11 23
11 38
12 1
12 7
12 16
12 68
13 5
13 11
13 21
13 55
14 5
15 18
15 35
15 42
15 63
16 12
16 38
16 50
16 57
17 7
17 21
17 26
17 43
18 25
18 47
18 52
18 73
19 35
20 24
20 54
20 62
21 6
21 57
21 79
22 0
22 10
22 16
22 18
22 42
22 47
23 5
23 7
23 19
23 46
23 52
24 20
24 55
24 63
24 75
25 15
25 32
25 36
25 41
25 48
25 71
25 73
26 17
26 27
26 73
27 26
27 50
27 53
27 54
28 44
28 75
29 34
29 40
29 64
30 2
30 36
31 3
31 35
31 41
31 67
32 25
32 36
32 41
32 43
32 70
33 6
33 10
34 68
34 74
35 31
35 43
36 5
36 25
36 28
36 30
36 32
36 54
36 55
37 49
37 50
37 71
38 11
38 66
39 19
39 71
40 65
40 79
41 6
41 25
41 32
42 0
42 15
42 77
43 17
43 35
44 39
45 5
45 34
45 78
46 3
46 4
46 15
46 23
47 10
47 14
47 18
47 22
47 53
48 25
49 37
49 69
50 9
50 16
50 27
50 75
51 73
52 18
53 6
53 27
53 67
53 69
54 2
54 20
54 41
55 13
55 24
55 36
56 16
56 72
57 16
57 34
57 65
58 6
58 67
59 28
60 31
61 10
62 20
62 26
63 15
63 46
63 54
64 65
65 4
65 40
65 57
65 64
66 15
66 38
67 10
67 13
67 31
67 53
67 58
68 12
68 15
68 32
68 34
68 70
69 47
69 49
70 12
70 62
70 71
71 25
71 37
71 39
71 59
71 70
72 4
73 1
73 18
73 25
73 26
74 7
74 25
74 34
75 9
75 24
76 18
77 4
77 10
77 42
78 3
78 30
78 45
79 21
79 40
0 1 2 3 4 5 6 7 8 9 10 11 12 13 14 15
