80 931 20
0 6
0 10
0 14
0 19
0 23
0 26
0 29
0 33
0 38
0 39
0 48
0 52
0 58
0 61
0 65
0 67
1 3
1 6
1 7
1 14
1 16
1 19
1 31
1 34
1 35
1 47
1 56
1 59
1 63
2 3
2 20
2 26
2 31
2 42
3 1
3 2
3 7
3 8
3 10
3 11
3 14
3 17
3 36
3 37
3 59
3 65
3 70
3 74
4 30
4 36
4 54
4 59
4 66
4 73
5 17
5 32
5 41
5 44
5 57
5 68
5 70
5 73
5 76
6 0
6 1
6 7
6 14
6 17
6 22
6 36
6 39
6 44
6 47
6 53
6 66
6 67
6 72
7 1
7 6
7 14
7 23
7 30
7 35
7 37
7 39
7 46
7 55
7 65
7 67
7 74
7 78
8 0
8 3
8 14
8 24
8 26
8 33
8 37
8 39
8 43
8 47
8 68
8 70
8 72
8 73
8 76
9 2
9 3
9 16
9 18
9 21
9 25
9 37
9 38
9 48
9 60
9 64
10 0
10 2
10 22
10 51
10 53
10 54
10 56
10 59
10 74
10 75
10 76
11 3
11 19
11 24
11 25
11 32
11 40
11 44
11 48
11 49
11 52
11 60
11 67
11 72
11 79
12 16
12 32
12 35
12 41
12 47
12 57
12 59
12 61
12 62
12 72
12 76
12 77
12 79
13 16
13 21
13 38
13 45
13 51
13 54
13 63
13 69
14 0
14 1
14 3
14 7
14 8
14 22
14 29
14 31
14 37
14 38
14 40
14 43
14 45
14 50
14 58
14 67
14 70
15 4
15 17
15 32
15 44
15 46
15 48
15 49
15 54
15 55
15 68
15 74
15 76
16 1
16 9
16 12
16 17
16 22
16 28
16 36
16 41
16 52
16 75
16 79
17 3
17 4
17 6
17 21
17 36
17 48
17 63
17 65
17 67
17 69
18 4
18 21
18 52
18 56
18 59
18 64
18 69
18 72
18 76
19 0
19 1
19 11
19 23
19 26
19 41
19 63
20 8
20 21
20 22
20 23
20 27
20 30
20 35
20 40
20 41
20 62
20 66
20 73
21 0
21 9
21 13
21 17
21 18
21 20
21 26
21 28
21 32
21 34
21 45
21 66
21 67
22 6
22 16
22 20
22 27
22 33
22 38
22 42
22 45
22 66
22 72
22 75
22 77
23 0
23 7
23 19
23 20
23 22
23 26
23 28
23 32
23 38
23 41
23 42
23 43
23 45
23 50
23 52
23 62
23 70
24 3
24 8
24 26
24 42
24 44
24 45
24 55
24 71
24 78
25 9
25 11
25 32
25 37
25 61
25 62
25 63
25 64
26 0
26 2
26 41
26 42
26 54
26 56
26 58
26 65
26 68
26 76
26 78
27 8
27 9
27 16
27 17
27 20
27 44
27 46
27 48
27 50
27 52
27 67
28 16
28 21
28 22
28 23
28 34
28 56
28 60
28 72
28 74
28 75
28 78
29 7
29 39
29 41
29 48
29 63
29 66
29 70
29 79
30 7
30 20
30 34
30 36
30 43
30 51
30 52
30 74
31 1
31 7
31 14
31 20
31 35
31 41
31 43
31 46
31 47
31 67
31 69
31 70
31 77
32 5
32 11
32 15
32 21
32 23
32 27
32 40
32 48
32 61
32 68
33 8
33 21
33 22
33 24
33 35
33 36
33 37
33 50
33 53
33 60
33 67
34 1
34 21
34 28
34 30
34 31
34 49
34 50
35 1
35 7
35 12
35 26
35 30
35 31
35 33
35 34
35 36
35 44
35 49
35 53
35 56
35 62
35 67
35 73
35 74
35 77
35 79
36 4
36 11
36 17
36 22
36 28
36 30
36 33
36 35
36 42
36 70
36 71
36 78
37 3
37 7
37 8
37 9
37 14
37 22
37 28
37 33
37 49
37 65
37 68
37 69
38 0
38 9
38 14
38 22
38 23
38 42
38 44
38 63
38 68
38 71
39 3
39 6
39 7
39 8
39 29
39 30
39 36
39 41
39 45
39 55
39 58
39 63
40 50
40 57
40 60
40 73
41 5
41 19
41 20
41 21
41 22
41 26
41 29
41 31
41 54
41 55
41 58
41 63
41 65
42 2
42 14
42 19
42 22
42 23
42 31
42 38
42 53
42 55
42 60
42 62
42 67
42 68
42 77
43 11
43 20
43 23
43 30
43 44
43 46
43 48
43 62
43 63
43 71
43 76
43 78
44 0
44 5
44 10
44 11
44 15
44 24
44 27
44 28
44 30
44 31
44 37
44 38
44 52
44 53
44 60
44 64
44 66
44 67
44 79
45 3
45 4
45 8
45 14
45 21
45 23
45 24
45 39
45 41
45 49
45 61
45 70
45 73
45 74
46 1
46 15
46 27
46 31
46 40
46 42
46 43
46 45
46 53
46 59
46 60
47 6
47 12
47 31
47 50
47 51
47 58
47 64
47 77
47 78
47 79
48 0
48 9
48 17
48 23
48 27
48 32
48 43
48 52
48 59
48 71
49 11
49 15
49 34
49 37
49 53
49 63
49 64
49 71
49 78
50 5
50 9
50 14
50 27
50 33
50 34
50 36
50 43
50 47
50 54
50 57
50 60
50 66
50 68
50 71
50 77
51 10
51 13
51 42
51 47
51 49
51 50
51 58
51 64
51 75
51 79
52 0
52 5
52 11
52 16
52 23
52 27
52 29
52 48
52 54
52 57
52 77
53 6
53 7
53 17
53 27
53 33
53 35
53 44
53 49
53 63
53 69
54 4
54 13
54 17
54 26
54 34
54 40
54 52
54 64
54 74
55 1
55 16
55 28
55 39
55 41
55 51
55 53
55 56
55 62
55 65
55 75
55 78
56 1
56 10
56 26
56 28
56 35
56 52
56 62
56 64
57 0
57 11
57 12
57 13
57 27
57 42
57 50
57 52
57 73
57 75
58 0
58 8
58 14
58 26
58 39
58 41
58 47
58 51
58 66
58 72
58 77
59 1
59 12
59 18
59 24
59 44
59 46
59 53
59 62
59 67
59 68
59 70
59 75
59 78
60 3
60 9
60 28
60 31
60 33
60 40
60 52
60 62
60 67
60 70
60 75
61 0
61 1
61 16
61 25
61 57
61 72
61 78
62 14
62 20
62 25
62 26
62 35
62 42
62 43
62 48
62 49
62 56
62 59
62 60
62 75
62 77
63 2
63 20
63 25
63 38
63 39
63 41
63 49
63 59
63 64
63 74
64 1
64 7
64 9
64 12
64 18
64 24
64 25
64 26
64 29
64 38
64 44
64 45
64 47
64 48
64 49
64 51
64 56
64 71
64 72
64 74
64 77
65 0
65 8
65 17
65 55
65 59
65 76
65 77
66 4
66 6
66 20
66 22
66 29
66 44
66 45
66 50
66 57
66 58
66 59
66 71
66 73
67 0
67 5
67 6
67 11
67 14
67 17
67 31
67 33
67 35
67 40
67 58
67 59
67 60
67 73
67 77
68 5
68 8
68 37
68 38
68 42
68 52
68 58
68 59
68 78
69 10
69 13
69 17
69 18
69 19
69 28
69 45
69 48
69 53
69 68
69 77
70 3
70 5
70 8
70 11
70 14
70 15
70 20
70 29
70 36
70 49
70 60
70 69
70 77
71 26
71 27
71 36
71 38
71 46
71 49
71 50
71 51
71 56
71 66
71 72
72 6
72 8
72 11
72 12
72 16
72 18
72 22
72 27
72 47
72 48
72 58
72 61
72 78
73 3
73 4
73 5
73 20
73 31
73 34
73 35
73 40
73 45
73 57
73 63
73 64
73 66
73 68
73 78
74 3
74 15
74 45
74 54
74 56
74 58
74 64
74 78
75 10
75 13
75 16
75 20
75 22
75 23
75 24
75 28
75 39
75 51
75 55
75 58
75 60
75 62
76 8
76 10
76 12
76 22
76 23
76 26
76 43
76 53
76 62
76 67
77 4
77 9
77 10
77 12
77 15
77 20
77 22
77 32
77 36
77 50
77 52
77 58
77 62
77 64
77 65
77 67
77 69
77 76
77 79
78 24
78 26
78 28
78 36
78 43
78 49
78 54
78 59
78 61
78 68
78 72
78 73
78 74
78 76
78 79
79 10
79 12
79 13
79 14
79 16
79 20
79 28
79 44
79 47
79 48
79 52
79 56
79 77
79 78
0 1 2 3 4 5 6 7 8 9 10 11 12 13 14 15 16 17 18 19
