80 238 16
0 9
0 15
0 16
0 36
0 45
0 62
0 63
0 77
1 10
1 17
1 53
1 62
2 10
2 42
2 46
3 42
3 44
4 70
5 10
5 40
5 60
5 61
5 71
6 8
6 11
6 36
6 50
6 78
7 77
8 6
8 42
8 55
9 0
9 22
9 42
9 47
9 52
9 78
10 1
10 2
10 5
10 75
10 78
11 6
11 56
11 61
11 66
12 38
12 63
12 77
13 40
13 48
14 34
14 53
15 0
16 0
16 20
16 79
17 1
17 47
17 54
17 58
18 34
18 56
19 79
20 16
20 45
20 70
20 75
21 28
21 37
21 38
22 9
22 36
23 25
23 79
24 30
24 43
25 23
25 27
25 55
26 40
27 25
27 63
27 74
27 79
28 21
28 43
28 54
28 70
29 43
29 63
30 24
30 49
30 56
30 74
31 71
32 79
33 64
34 14
34 18
34 69
35 45
35 71
36 0
36 6
36 22
36 57
36 70
37 21
37 52
37 70
37 73
37 77
38 12
38 21
38 46
38 59
39 51
39 56
39 60
39 73
40 5
40 13
40 26
40 67
41 45
41 65
42 2
42 3
42 8
42 9
43 24
43 28
43 29
43 51
43 64
44 3
45 0
45 20
45 35
45 41
46 2
46 38
46 51
46 53
46 64
47 9
47 17
47 51
48 13
49 30
50 6
51 39
51 43
51 46
51 47
51 62
51 79
52 9
52 37
52 68
52 69
53 1
53 14
53 46
54 17
54 28
54 56
54 76
55 25
55 72
55 77
56 11
56 18
56 30
56 39
56 54
57 36
58 17
59 38
60 5
60 39
60 68
61 5
61 11
62 0
62 1
62 51
62 67
63 0
63 27
63 29
64 33
64 43
64 46
65 41
65 77
66 11
67 40
67 62
68 52
68 60
69 34
69 52
69 76
70 4
70 20
70 28
70 36
70 37
71 5
71 31
71 35
72 55
73 37
73 39
74 27
74 30
75 10
75 20
76 54
76 69
77 0
77 7
77 12
77 37
77 55
77 65
78 6
78 9
78 10
79 16
79 19
79 23
79 27
79 32
79 51
0 1 2 3 4 5 6 7 8 9 10 11 12 13 14 15
