80 242 6
0 10
0 20
0 42
0 54
0 58
1 6
1 37
1 51
1 54
1 59
2 15
3 12
3 67
4 17
4 53
4 58
4 67
4 71
5 9
5 50
5 59
5 68
5 72
5 76
6 1
6 13
6 32
7 15
7 19
8 29
8 51
9 5
9 72
10 0
10 33
10 52
11 0
11 15
11 50
11 52
11 68
12 2
12 3
12 39
12 63
12 70
13 6
13 32
13 55
14 26
15 2
15 7
15 11
15 53
15 68
16 9
16 14
16 29
17 4
18 13
18 31
18 36
18 62
19 7
19 51
19 59
20 0
20 6
20 28
20 35
21 39
21 46
21 48
23 11
23 35
23 76
23 79
24 15
24 27
24 48
24 57
24 73
25 14
25 30
25 63
26 30
27 24
27 28
27 50
28 20
28 27
28 34
28 44
28 65
28 75
29 16
29 38
29 41
29 53
30 25
30 39
30 51
30 69
31 49
32 40
32 47
33 10
33 69
34 20
34 28
34 30
34 42
34 43
35 52
35 68
36 18
36 48
37 38
37 55
37 71
37 76
38 29
38 52
39 12
39 21
39 22
39 30
39 50
40 30
40 65
41 29
41 50
42 0
42 43
42 55
42 62
42 70
43 42
43 55
44 28
44 56
44 71
45 18
45 32
45 53
45 68
46 17
46 21
46 37
46 55
47 16
47 56
47 66
48 21
48 36
48 45
48 60
49 8
49 31
49 39
50 5
50 9
50 40
50 41
51 8
51 30
51 59
51 61
52 11
53 4
53 29
53 45
53 57
54 0
54 1
54 11
54 60
55 0
55 13
55 37
55 46
55 69
56 6
56 44
56 47
56 74
57 24
58 0
58 3
58 4
58 21
59 5
59 19
59 51
60 23
60 54
60 61
61 56
61 60
61 64
62 18
62 42
63 12
63 25
64 61
65 28
65 40
66 47
66 77
67 3
67 4
68 5
68 15
68 35
68 45
68 47
69 30
70 12
70 42
71 4
71 15
71 35
71 37
71 44
71 77
72 5
74 7
74 17
74 46
75 28
75 32
75 78
76 5
76 23
76 37
76 61
77 48
77 66
78 75
79 23
79 39
79 62
0 1 2 3 4 5
