80 931 16
0 7
0 28
0 29
0 30
0 37
0 44
0 52
0 55
0 68
0 71
0 76
1 5
1 20
1 23
1 27
1 31
1 37
1 41
1 48
1 55
1 63
1 75
1 77
2 4
2 12
2 20
2 23
2 29
2 44
2 57
2 61
2 63
2 65
2 69
3 13
3 17
3 28
3 39
3 47
3 52
3 71
3 77
4 2
4 20
4 43
4 44
4 54
4 71
4 72
5 1
5 26
5 29
5 36
5 37
5 41
5 49
5 59
5 61
5 77
6 13
6 14
6 17
6 20
6 25
6 27
6 31
6 33
6 35
6 51
6 53
6 56
6 57
6 58
6 65
6 69
6 75
7 0
7 4
7 13
7 28
7 33
7 43
7 46
7 61
7 66
7 71
8 9
8 13
8 15
8 19
8 24
8 31
8 40
8 44
8 45
8 47
8 58
8 79
9 3
9 6
9 12
9 16
9 32
9 34
9 35
9 38
9 49
9 59
9 74
9 78
10 19
10 26
10 32
10 41
10 66
10 67
10 74
10 76
10 78
11 4
11 17
11 25
11 36
11 41
11 48
11 49
11 53
11 60
11 73
11 76
12 2
12 9
12 13
12 14
12 20
12 24
12 42
12 45
12 46
12 47
12 52
12 63
12 72
13 6
13 7
13 12
13 15
13 26
13 33
13 36
13 42
13 44
13 46
13 50
13 59
13 62
13 71
13 72
13 75
13 79
14 6
14 12
14 18
14 31
14 47
14 49
14 51
14 52
14 62
14 65
14 73
15 5
15 11
15 13
15 14
15 17
15 20
15 27
15 39
15 41
15 47
15 48
15 53
15 54
15 58
15 63
15 64
15 65
15 66
15 71
15 72
16 1
16 9
16 21
16 33
16 56
16 60
16 67
16 71
17 3
17 6
17 12
17 15
17 24
17 25
17 26
17 37
17 40
17 57
17 59
17 61
17 63
17 69
17 71
17 73
17 77
17 79
18 17
18 22
18 30
18 34
18 45
18 58
18 64
18 75
19 2
19 8
19 10
19 16
19 25
19 26
19 29
19 30
19 40
19 51
19 54
19 58
19 79
20 1
20 8
20 10
20 15
20 43
20 50
20 70
20 74
20 75
21 2
21 26
21 35
21 42
21 43
21 47
21 49
21 65
21 75
21 76
22 18
22 26
22 28
22 33
22 48
22 53
22 57
22 58
22 61
22 65
22 75
23 1
23 2
23 7
23 25
23 35
23 39
23 44
23 48
23 49
23 59
23 71
23 74
23 78
24 8
24 12
24 17
24 27
24 44
24 51
24 54
24 60
24 65
24 66
24 72
24 73
24 76
25 0
25 3
25 6
25 11
25 17
25 19
25 23
25 27
25 33
25 34
25 35
25 53
25 54
25 68
25 69
26 5
26 10
26 13
26 17
26 19
26 21
26 22
26 37
26 43
26 49
26 52
26 59
26 69
27 1
27 15
27 39
27 71
28 0
28 7
28 17
28 22
28 43
28 51
28 52
28 63
28 70
28 78
29 0
29 2
29 19
29 31
29 33
29 43
29 47
29 48
29 49
29 55
29 65
29 73
30 0
30 18
30 19
30 24
30 35
30 38
30 49
30 61
30 72
30 77
31 1
31 6
31 7
31 14
31 15
31 29
31 30
31 44
31 50
31 59
31 61
31 70
32 10
32 33
32 36
32 38
32 47
32 52
32 65
32 69
32 75
32 77
32 78
33 6
33 7
33 14
33 16
33 21
33 22
33 25
33 31
33 50
33 52
33 70
33 73
33 78
34 0
34 9
34 25
34 35
34 36
34 52
34 62
34 63
34 65
34 66
34 72
34 76
34 78
35 9
35 21
35 23
35 25
35 39
35 48
35 57
35 77
36 5
36 10
36 11
36 20
36 46
36 47
36 55
36 58
36 62
36 64
36 71
36 78
37 0
37 1
37 5
37 17
37 23
37 25
37 26
37 41
37 44
37 50
37 52
37 55
37 61
37 67
37 74
37 76
38 4
38 5
38 8
38 11
38 12
38 32
38 35
38 50
38 62
38 63
38 64
38 65
38 68
38 78
39 3
39 15
39 24
39 27
39 38
39 53
39 68
39 73
39 77
40 8
40 11
40 17
40 19
40 29
40 41
40 69
40 70
40 71
41 1
41 2
41 11
41 13
41 15
41 27
41 37
41 40
41 42
41 51
41 63
41 65
41 66
41 70
42 12
42 13
42 41
42 49
42 54
42 58
42 71
42 76
43 7
43 19
43 20
43 25
43 26
43 28
43 35
43 41
43 44
43 64
43 75
44 0
44 4
44 8
44 13
44 15
44 21
44 23
44 28
44 31
44 46
44 76
45 2
45 8
45 18
45 51
45 52
45 54
45 56
45 58
45 61
45 62
45 69
45 73
45 77
46 7
46 12
46 13
46 14
46 17
46 20
46 29
46 36
46 49
46 52
46 56
46 67
46 76
47 3
47 22
47 24
47 29
47 67
48 1
48 8
48 15
48 21
48 22
48 29
48 35
48 55
48 58
48 64
48 69
49 5
49 9
49 11
49 21
49 26
49 65
49 71
49 72
49 78
50 13
50 17
50 20
50 21
50 31
50 33
50 37
50 38
50 54
50 55
50 70
50 74
51 6
51 14
51 23
51 24
51 41
51 45
51 54
51 63
51 67
51 70
52 3
52 4
52 12
52 14
52 26
52 31
52 33
52 34
52 37
52 45
52 46
52 47
52 54
52 71
53 11
53 15
53 16
53 49
53 75
53 78
54 4
54 15
54 20
54 23
54 42
54 51
54 52
54 73
54 74
55 1
55 11
55 20
55 27
55 29
55 36
55 37
55 42
55 48
55 50
55 60
55 65
55 68
55 79
56 6
56 16
56 45
56 46
56 53
56 57
56 79
57 2
57 6
57 20
57 22
57 29
57 30
57 35
57 44
57 51
57 52
57 60
58 6
58 10
58 19
58 22
58 47
58 48
58 66
58 68
58 73
59 2
59 5
59 9
59 17
59 25
59 26
59 31
59 32
59 38
59 39
59 45
59 63
59 79
60 2
60 8
60 57
60 58
60 61
60 74
60 77
61 5
61 17
61 22
61 30
61 33
61 37
61 45
61 59
61 60
61 63
61 64
61 67
61 70
61 76
61 78
62 4
62 9
62 11
62 13
62 14
62 23
62 26
62 27
62 34
62 36
62 37
62 45
62 48
62 57
62 65
62 68
62 69
62 73
63 1
63 2
63 4
63 7
63 15
63 17
63 28
63 34
63 38
63 51
63 58
63 59
63 60
63 69
64 18
64 19
64 21
64 26
64 36
64 37
64 38
64 43
64 47
64 48
64 52
64 74
65 5
65 6
65 21
65 24
65 29
65 32
65 34
65 35
65 38
65 62
65 70
65 72
66 10
66 24
66 34
66 41
66 44
66 58
66 60
66 68
66 77
66 78
67 4
67 7
67 18
67 47
67 54
67 61
67 68
67 72
67 73
68 0
68 15
68 25
68 27
68 29
68 46
68 53
68 55
68 62
68 72
68 75
68 78
69 2
69 6
69 14
69 17
69 25
69 32
69 45
69 48
69 62
69 63
69 79
70 3
70 28
70 33
70 41
70 46
70 50
70 51
70 57
70 61
70 73
70 74
71 5
71 15
71 16
71 27
71 36
71 37
71 38
71 40
71 42
71 44
71 47
71 49
71 52
71 53
71 60
71 70
71 73
71 75
71 78
71 79
72 4
72 12
72 24
72 25
72 30
72 57
72 67
72 68
73 11
73 21
73 24
73 26
73 29
73 33
73 36
73 39
73 43
73 45
73 50
73 58
73 59
73 62
73 67
73 70
73 77
74 0
74 9
74 16
74 20
74 23
74 24
74 46
74 50
74 51
74 54
74 60
74 72
74 77
75 1
75 6
75 13
75 20
75 21
75 22
75 31
75 32
75 33
75 45
75 64
75 66
75 71
76 0
76 10
76 18
76 24
76 28
76 30
76 37
76 38
76 42
76 54
76 58
76 61
76 62
76 68
76 69
77 1
77 3
77 17
77 26
77 32
77 33
77 35
77 59
77 60
77 66
77 73
77 74
78 8
78 9
78 20
78 23
78 28
78 32
78 33
78 35
78 36
78 49
78 53
78 61
78 66
78 68
78 69
78 71
79 8
79 13
79 16
79 17
79 19
79 55
79 56
79 59
79 69
79 71
79 72
0 1 2 3 4 5 6 7 8 9 10 11 12 13 14 15
