80 522 20
0 2
0 25
0 27
0 42
0 45
0 50
0 52
0 64
0 68
0 76
1 7
1 19
1 51
1 56
1 57
1 74
1 78
2 0
2 9
2 11
2 13
2 15
2 46
2 50
2 52
2 57
2 70
3 31
3 39
3 49
3 66
4 6
4 11
4 15
4 25
4 63
4 79
5 37
5 72
6 8
6 9
6 33
6 54
7 1
7 24
7 29
7 49
7 57
8 6
8 20
8 22
8 33
8 34
8 37
8 50
9 2
9 5
9 6
9 27
9 32
9 38
9 49
10 12
10 35
10 42
10 49
10 55
10 57
11 2
11 4
11 8
11 15
11 19
11 26
11 27
11 34
12 26
12 28
12 32
12 37
12 61
12 62
13 2
13 14
13 26
13 41
13 56
13 61
13 71
14 0
14 13
14 16
14 29
14 38
14 56
14 63
14 65
14 67
15 2
15 3
15 24
15 36
15 48
15 64
15 72
16 23
16 28
17 24
17 36
17 42
17 46
17 47
17 49
17 72
17 74
17 75
18 51
18 60
19 1
19 11
19 21
19 26
19 27
19 43
19 70
19 74
20 32
20 36
20 45
20 63
20 64
20 70
21 6
21 19
21 44
21 45
21 51
21 52
22 8
22 40
22 61
22 72
22 78
23 17
23 41
23 71
23 72
24 15
24 17
24 26
24 31
24 38
24 55
24 59
24 61
24 69
25 0
25 4
25 8
25 16
25 19
25 32
25 33
25 46
25 48
25 77
25 78
26 11
26 13
26 19
26 24
26 32
26 40
26 56
26 60
27 0
27 10
27 19
27 40
27 44
27 45
27 64
27 73
27 74
28 7
28 12
28 14
28 39
28 42
28 48
28 71
28 72
29 28
29 38
29 62
29 70
29 76
30 31
30 73
31 3
31 18
31 30
31 33
31 54
31 67
32 9
32 12
32 25
32 26
32 37
32 38
32 40
32 47
32 49
32 52
32 60
32 71
33 8
33 25
33 31
33 39
33 57
33 60
33 67
33 78
34 11
34 58
34 62
35 10
35 48
35 65
35 78
36 14
36 17
36 19
36 20
36 22
36 60
36 63
37 8
37 12
37 32
37 40
37 44
37 45
37 49
37 63
37 66
37 70
37 75
38 9
38 13
38 24
38 32
38 68
38 73
39 3
39 36
39 46
39 58
39 79
40 26
40 69
40 73
40 79
41 13
41 23
41 35
41 59
41 60
41 65
42 0
42 3
42 10
42 16
42 17
42 46
42 69
43 0
43 47
43 56
43 74
44 21
44 35
44 37
44 56
44 66
45 0
45 15
45 27
45 37
45 47
45 74
45 76
45 77
46 2
46 35
46 39
46 42
46 64
46 74
46 76
47 17
47 29
47 32
47 45
47 58
47 68
48 1
48 15
48 20
48 28
48 35
48 50
48 68
49 7
49 9
49 10
49 17
49 33
49 37
49 71
49 74
50 0
50 2
50 7
50 8
50 22
50 44
50 48
50 52
50 57
50 58
50 76
51 1
51 18
51 21
51 31
51 67
51 73
51 74
52 2
52 21
52 41
52 49
52 50
52 65
52 68
52 77
53 57
53 68
54 6
54 13
54 48
54 61
54 66
55 45
55 56
56 1
56 13
56 19
56 44
56 58
56 69
57 1
57 2
57 4
57 7
57 9
57 10
57 50
57 53
58 3
58 6
58 50
58 63
58 67
59 7
59 24
59 41
59 44
59 67
59 69
60 2
60 6
60 7
60 18
60 26
60 33
60 36
60 41
60 46
60 65
61 12
61 13
61 22
61 33
61 71
62 12
62 25
62 32
62 34
62 65
62 72
63 36
63 37
63 60
63 68
63 69
63 75
64 15
64 20
64 27
64 46
64 47
64 48
64 77
65 35
65 41
65 52
66 3
66 44
66 45
66 50
66 54
66 56
66 72
66 73
66 75
67 3
67 14
67 31
67 33
67 46
67 56
67 58
67 59
67 73
68 0
68 30
68 38
68 48
68 53
68 63
68 71
69 24
69 42
69 63
70 19
70 20
70 23
70 29
70 44
70 65
70 69
70 74
70 79
71 8
71 13
71 28
71 32
71 45
71 49
71 61
71 68
72 5
72 9
72 15
72 23
72 27
72 28
72 47
72 57
72 59
72 66
72 71
73 30
73 38
73 40
73 51
73 60
73 67
73 69
74 1
74 17
74 27
74 43
74 46
74 51
75 17
75 20
75 36
75 37
75 40
75 42
75 53
75 63
75 66
75 77
76 3
76 14
76 23
76 29
76 45
76 50
76 79
77 20
77 25
77 36
77 45
77 52
77 64
77 75
78 1
78 22
78 25
78 27
78 35
79 0
79 4
79 39
79 76
0 1 2 3 4 5 6 7 8 9 10 11 12 13 14 15 16 17 18 19
