80 204 8
0 13
0 60
0 61
1 22
1 37
1 65
2 52
2 68
3 44
4 11
4 38
5 16
5 59
5 69
6 18
6 43
6 48
7 28
7 35
7 56
8 29
8 45
8 61
9 31
9 41
10 23
10 43
11 4
11 65
12 60
12 61
13 0
13 38
13 51
13 78
14 0
14 5
14 21
14 29
14 44
14 79
15 32
15 49
16 5
16 55
16 72
17 12
17 27
17 64
17 66
17 75
18 6
18 42
19 24
19 40
19 79
20 49
20 50
20 79
21 14
21 78
22 1
22 60
23 10
24 13
24 19
24 28
24 56
25 40
25 78
26 34
26 59
27 17
27 74
28 7
29 8
29 14
29 45
29 47
29 57
29 64
30 23
30 68
31 9
31 72
32 15
32 61
33 51
35 7
35 54
35 60
36 73
37 1
37 39
37 77
38 4
38 13
38 30
38 49
38 77
38 78
39 37
39 68
40 19
40 25
40 75
41 9
43 6
43 10
43 58
43 60
43 73
44 3
44 65
44 66
45 8
46 69
47 29
47 68
48 6
48 53
49 20
49 62
49 70
50 13
50 67
51 13
51 33
52 2
52 51
52 79
53 48
54 35
54 59
54 61
55 16
55 74
56 7
56 24
57 29
58 43
58 64
58 67
59 5
59 26
60 0
60 12
60 22
60 23
60 28
60 35
60 43
61 0
61 8
61 12
61 32
62 49
63 16
63 61
64 17
64 29
64 68
65 1
65 44
65 75
66 17
66 44
67 5
67 23
67 50
67 58
67 71
68 39
68 47
68 64
69 5
69 45
69 46
70 29
70 49
71 67
72 16
72 31
73 13
73 43
74 27
74 79
75 17
75 30
75 40
75 65
76 19
77 37
77 38
78 13
78 21
78 25
78 38
79 14
79 19
79 20
79 52
79 53
79 74
0 1 2 3 4 5 6 7
