80 931 6
0 2
0 14
0 25
0 27
0 42
0 43
0 45
0 50
0 52
0 63
0 68
0 70
0 76
0 78
0 79
1 7
1 10
1 11
1 16
1 18
1 19
1 26
1 38
1 42
1 45
1 51
1 57
1 63
1 77
2 0
2 5
2 11
2 13
2 15
2 32
2 48
2 50
2 57
2 58
2 60
2 70
3 10
3 15
3 39
3 49
3 55
3 59
3 76
4 5
4 11
4 15
4 19
4 24
4 48
4 50
4 57
4 63
5 2
5 4
5 9
5 23
5 37
5 42
5 45
5 50
5 57
5 72
6 4
6 8
6 9
6 21
6 26
6 33
6 49
6 51
6 54
6 56
6 58
6 60
7 1
7 19
7 28
7 29
7 31
7 49
7 57
7 60
7 68
8 2
8 6
8 11
8 20
8 22
8 25
8 28
8 33
8 34
8 37
8 43
8 54
8 71
8 78
9 2
9 15
9 18
9 21
9 27
9 32
9 38
9 41
9 46
9 49
9 57
9 72
10 0
10 1
10 12
10 27
10 38
10 42
10 49
10 55
10 57
10 67
10 72
10 78
11 1
11 4
11 26
11 27
11 31
11 34
11 45
11 74
12 5
12 10
12 20
12 25
12 26
12 31
12 32
12 43
12 47
12 48
12 52
12 59
12 61
12 62
13 2
13 14
13 25
13 26
13 38
13 41
13 47
13 49
13 52
13 54
13 56
13 59
13 61
13 66
13 69
13 79
14 0
14 13
14 16
14 29
14 34
14 36
14 38
14 55
14 56
14 64
14 65
14 67
14 76
15 3
15 9
15 11
15 24
15 35
15 37
15 39
15 45
15 48
15 64
15 72
16 1
16 14
16 15
16 19
16 23
16 25
16 34
16 37
16 41
16 42
16 54
16 65
16 66
17 23
17 42
17 44
17 46
17 49
17 57
17 74
17 75
17 77
18 1
18 23
18 31
18 35
18 40
18 43
18 46
18 51
18 60
18 79
19 1
19 4
19 7
19 11
19 21
19 25
19 26
19 36
19 43
19 44
19 45
19 48
19 56
19 70
19 74
20 21
20 32
20 39
20 48
20 64
20 70
20 75
20 79
21 6
21 9
21 14
21 19
21 20
21 32
21 34
21 44
21 49
21 52
21 78
22 8
22 21
22 28
22 33
22 36
22 40
22 50
22 61
22 72
22 78
23 5
23 17
23 18
23 41
23 48
23 67
23 70
23 71
23 72
23 76
24 4
24 7
24 8
24 10
24 15
24 17
24 22
24 26
24 31
24 32
24 55
24 59
24 61
24 69
24 75
25 0
25 4
25 8
25 12
25 13
25 20
25 34
25 40
25 46
25 47
25 48
25 57
25 61
25 62
25 78
26 1
26 3
26 11
26 12
26 19
26 24
26 32
26 40
26 46
26 48
26 60
26 66
26 69
26 76
27 0
27 9
27 19
27 40
27 44
27 45
27 50
27 61
27 72
27 78
28 7
28 12
28 14
28 16
28 22
28 47
28 48
28 51
28 71
28 72
29 7
29 28
29 32
29 35
29 38
29 46
29 56
29 63
29 66
29 68
29 70
29 79
30 8
30 32
30 54
30 60
30 67
30 69
30 73
31 3
31 7
31 11
31 18
31 30
31 36
31 43
31 51
31 56
31 59
31 65
31 69
31 76
31 77
32 2
32 12
32 20
32 21
32 25
32 29
32 30
32 37
32 38
32 43
32 46
32 47
32 49
32 52
32 54
32 60
32 65
32 71
33 6
33 8
33 25
33 29
33 31
33 39
33 49
33 52
33 57
33 60
33 61
33 67
33 78
34 0
34 8
34 11
34 16
34 51
34 53
34 58
34 67
34 76
35 10
35 15
35 17
35 29
35 39
35 44
35 48
35 53
35 59
35 65
35 75
35 76
35 78
36 11
36 14
36 15
36 17
36 20
36 22
36 43
36 58
36 60
36 63
36 64
36 75
36 77
37 5
37 8
37 12
37 45
37 50
37 61
37 66
37 75
38 1
38 9
38 10
38 14
38 24
38 29
38 47
38 63
38 68
38 71
39 13
39 15
39 19
39 20
39 25
39 28
39 33
39 35
39 36
39 46
39 57
39 62
39 76
39 79
40 16
40 22
40 25
40 26
40 27
40 32
40 37
40 41
40 43
40 62
40 69
40 73
40 79
41 9
41 13
41 23
41 30
41 31
41 35
41 40
41 47
41 50
41 52
41 58
41 59
41 60
41 66
41 73
41 78
42 0
42 1
42 3
42 5
42 16
42 17
42 28
42 46
42 63
42 69
42 70
43 0
43 12
43 18
43 19
43 31
43 32
43 36
43 64
43 68
43 69
43 71
43 74
44 17
44 19
44 27
44 35
44 37
44 50
44 59
44 61
44 64
44 66
44 71
44 79
45 1
45 9
45 15
45 19
45 20
45 21
45 27
45 47
45 50
45 51
45 74
46 2
46 9
46 17
46 18
46 26
46 28
46 32
46 35
46 60
46 67
46 74
47 13
47 16
47 17
47 28
47 29
47 32
47 38
47 43
47 45
47 51
47 58
47 64
47 68
47 72
48 1
48 11
48 12
48 15
48 19
48 20
48 23
48 25
48 26
48 28
48 35
48 50
48 54
48 58
48 64
48 69
48 75
48 79
49 6
49 9
49 13
49 17
49 28
49 32
49 37
49 52
49 60
49 74
50 2
50 4
50 5
50 7
50 8
50 22
50 27
50 45
50 48
50 58
50 79
51 6
51 18
51 21
51 26
51 31
51 47
51 67
51 74
52 0
52 2
52 13
52 21
52 32
52 41
52 50
52 65
52 69
52 71
52 77
52 79
53 22
53 24
53 57
53 63
53 67
54 6
54 16
54 20
54 31
54 32
54 46
55 3
55 10
55 14
55 20
55 45
55 54
55 56
55 60
55 62
56 1
56 6
56 13
56 19
56 26
56 31
56 43
56 44
56 55
56 58
56 67
56 69
57 1
57 4
57 8
57 9
57 17
57 19
57 25
57 33
57 50
57 72
58 2
58 3
58 6
58 24
58 36
58 39
58 41
58 47
58 48
58 50
58 56
58 59
58 63
58 67
58 69
58 73
58 77
59 3
59 7
59 9
59 10
59 12
59 35
59 44
59 57
59 58
59 62
59 67
59 69
59 72
59 73
60 2
60 6
60 18
60 32
60 33
60 41
60 46
60 49
60 64
60 65
60 77
61 22
61 24
61 25
61 27
61 33
61 37
61 44
61 54
61 56
61 57
61 64
61 71
62 12
62 17
62 21
62 25
62 29
62 32
62 34
62 47
62 55
62 59
62 72
63 1
63 4
63 14
63 20
63 29
63 36
63 37
63 38
63 42
63 53
63 60
63 68
63 69
63 75
63 79
64 0
64 27
64 36
64 44
64 46
64 48
64 60
64 72
64 77
65 14
65 32
65 41
65 52
65 62
65 73
66 3
66 13
66 29
66 37
66 44
66 45
66 50
66 54
66 55
66 56
66 75
67 3
67 14
67 21
67 26
67 31
67 33
67 42
67 46
67 51
67 53
67 56
67 59
68 0
68 27
68 30
68 38
68 43
68 47
68 48
68 52
68 53
68 55
68 63
68 71
69 8
69 13
69 24
69 26
69 30
69 40
69 43
69 48
69 56
69 58
69 59
69 70
69 73
70 0
70 2
70 3
70 20
70 23
70 29
70 34
70 37
70 44
70 65
70 74
70 79
71 6
71 8
71 13
71 23
71 32
71 45
71 49
71 50
71 68
71 72
72 5
72 9
72 10
72 15
72 17
72 23
72 28
72 57
72 59
72 62
72 64
72 66
72 71
73 2
73 27
73 30
73 38
73 40
73 41
73 51
73 58
73 59
73 60
73 65
73 66
73 67
74 0
74 1
74 4
74 11
74 27
74 38
74 43
74 46
74 49
74 70
74 72
74 73
75 17
75 20
75 23
75 35
75 36
75 40
75 42
75 48
75 53
75 63
75 66
75 77
76 0
76 14
76 26
76 29
76 34
76 35
76 39
76 45
76 46
76 48
76 50
76 79
77 17
77 20
77 25
77 26
77 31
77 32
77 36
77 45
77 52
77 56
77 58
77 75
78 0
78 1
78 8
78 10
78 21
78 22
78 25
78 27
78 33
78 35
78 41
79 0
79 4
79 20
79 29
79 32
79 40
79 48
79 52
79 63
79 70
79 76
0 1 2 3 4 5
