80 223 16
0 28
0 32
0 34
0 76
1 15
2 10
3 5
3 18
3 53
4 27
4 42
4 68
4 76
5 3
6 9
6 33
7 61
8 66
8 70
9 6
10 2
10 17
10 19
10 43
10 50
10 52
10 63
10 76
11 47
12 44
12 79
13 15
13 55
14 46
14 50
15 1
15 13
15 19
15 42
16 33
17 10
17 34
18 37
18 56
18 71
18 76
19 10
19 15
19 34
19 38
20 32
21 33
21 70
22 54
23 35
23 52
24 50
24 78
25 64
25 76
26 34
26 57
26 67
27 4
28 0
28 17
28 66
29 38
29 47
30 56
30 64
30 65
31 0
31 66
32 0
32 20
33 6
33 15
33 16
33 21
33 57
33 59
33 75
34 0
34 17
34 19
34 26
34 50
35 23
35 71
36 61
37 18
37 39
37 40
37 42
38 19
38 29
38 44
38 55
39 37
40 37
40 46
40 70
41 76
42 4
42 15
42 37
42 54
42 55
42 60
43 10
43 66
43 69
43 71
44 12
44 30
44 38
44 50
44 52
44 69
45 57
46 14
46 40
46 66
47 11
47 15
47 29
47 52
48 36
48 75
49 61
49 70
50 10
50 14
50 24
50 34
50 44
51 59
51 78
52 10
52 23
52 44
52 47
52 56
52 62
53 3
53 72
54 22
54 42
55 42
56 18
56 30
56 52
57 26
57 33
57 45
57 64
57 73
58 75
59 33
59 51
59 72
59 77
60 42
60 71
61 7
61 49
62 52
62 65
63 10
64 25
64 30
64 37
64 57
64 79
65 62
65 67
65 77
66 8
66 28
66 31
66 43
66 46
66 73
66 76
67 26
67 65
68 4
69 43
69 44
70 8
70 21
70 40
70 49
70 76
70 77
71 35
71 43
71 60
72 53
72 59
73 51
73 57
73 66
74 75
75 33
75 48
75 58
75 74
76 0
76 4
76 10
76 18
76 25
76 41
76 66
76 70
77 59
77 65
77 70
78 25
78 51
79 12
0 1 2 3 4 5 6 7 8 9 10 11 12 13 14 15
