80 522 6
0 1
0 31
0 37
0 51
0 57
1 0
1 2
1 4
1 19
1 28
1 35
1 43
1 47
1 64
1 68
1 70
1 78
2 1
2 5
2 6
2 9
2 14
2 15
2 31
2 37
2 44
2 51
3 8
3 15
3 29
3 36
3 55
4 48
4 59
4 63
4 65
5 2
5 26
5 31
5 34
5 67
6 2
6 7
6 8
6 12
6 22
6 51
6 59
6 68
7 6
7 18
7 62
7 67
7 72
7 73
8 6
8 10
8 16
8 22
8 28
8 32
8 37
8 68
8 76
9 2
9 6
9 18
9 30
9 34
9 36
9 38
9 42
9 46
9 79
10 8
10 12
10 28
10 35
10 64
10 75
11 13
11 15
11 23
11 34
11 53
11 61
11 64
11 77
12 10
12 21
12 61
13 3
13 7
13 11
13 21
13 24
13 27
13 39
13 48
13 55
13 68
14 2
14 19
14 21
14 29
14 43
14 55
15 2
15 3
15 4
15 11
15 20
15 30
15 41
15 47
15 52
16 8
16 36
16 43
16 48
16 78
17 37
17 39
17 67
17 79
18 7
18 9
18 20
18 35
18 58
19 8
19 14
19 27
19 38
19 40
19 49
19 61
19 64
19 67
20 15
20 17
20 18
20 41
20 57
20 77
21 14
21 26
21 48
21 71
21 73
21 77
22 6
22 7
22 26
22 44
22 51
22 75
23 11
23 25
23 31
23 42
23 45
23 46
23 71
24 27
24 31
24 42
24 69
25 32
25 40
25 48
25 52
25 63
25 64
25 66
25 78
26 21
26 22
26 25
26 34
26 50
26 53
26 54
27 20
27 24
27 52
27 58
27 59
27 69
27 73
28 1
28 8
28 45
28 66
28 78
29 0
29 3
29 7
29 14
29 60
30 6
30 9
30 15
30 43
30 52
30 56
30 65
31 0
31 2
31 5
31 18
31 23
31 24
31 42
31 52
31 59
31 64
32 5
32 8
32 25
32 27
32 51
32 62
32 69
32 70
33 20
33 39
33 48
33 59
33 60
33 68
33 70
34 11
34 26
34 41
34 52
35 3
35 10
35 33
35 36
35 37
35 42
35 50
36 9
36 16
36 35
36 53
36 65
37 0
37 2
37 8
37 11
37 17
37 35
37 40
37 58
37 73
37 77
38 4
38 12
38 40
38 57
38 63
38 67
39 17
39 33
39 43
39 45
39 52
39 66
39 77
40 3
40 6
40 7
40 19
40 25
40 37
40 41
40 61
40 65
40 72
40 78
41 15
41 20
41 22
41 27
41 40
41 51
41 60
41 69
41 72
42 1
42 9
42 31
42 35
42 54
42 61
42 72
43 1
43 21
43 30
43 39
43 48
43 71
43 78
44 2
44 35
44 50
45 23
45 30
45 39
45 43
45 52
46 9
46 14
46 18
46 40
46 60
46 74
47 1
47 50
47 55
47 64
48 8
48 13
48 16
48 25
48 43
48 61
49 1
49 51
49 55
49 64
49 65
50 26
50 35
50 44
50 53
50 64
50 78
51 0
51 2
51 13
51 22
51 26
51 32
51 41
51 49
51 71
51 72
51 75
52 15
52 25
52 30
52 31
52 34
52 45
52 64
52 65
52 66
52 78
53 11
53 19
53 36
53 43
53 50
53 64
53 69
53 72
54 6
54 11
54 26
54 33
54 34
54 42
54 47
54 50
54 53
54 65
55 3
55 13
55 42
55 70
56 0
56 28
56 30
56 34
56 36
56 58
56 69
57 0
57 36
57 73
57 78
58 18
58 37
58 78
59 4
59 14
59 27
59 31
59 46
59 60
59 74
60 14
60 29
60 33
60 41
60 46
60 55
60 59
60 78
61 11
61 33
61 42
61 48
61 63
61 66
61 79
62 8
62 21
62 30
62 58
62 64
63 12
63 38
63 47
63 61
63 67
63 72
63 73
63 76
64 1
64 10
64 11
64 19
64 25
64 40
64 42
64 47
64 49
64 50
64 62
64 68
65 4
65 40
65 49
65 52
66 39
66 41
66 43
66 52
66 61
66 71
67 5
67 7
67 17
67 19
67 22
67 38
67 63
68 1
68 6
68 33
68 64
69 27
69 43
69 53
69 56
69 62
70 1
70 4
70 8
70 79
71 7
71 13
71 21
71 23
71 44
71 51
71 79
72 7
72 40
72 42
72 51
72 73
73 2
73 17
73 27
73 37
73 57
73 63
73 72
74 54
74 55
74 64
74 65
75 10
75 22
75 51
75 58
76 8
76 47
76 48
76 63
77 11
77 20
77 21
77 34
77 37
77 71
78 1
78 16
78 28
78 40
78 43
78 47
78 52
79 17
79 58
79 61
79 71
0 1 2 3 4 5
