80 242 8
0 8
0 19
0 22
0 41
0 46
0 65
0 66
0 68
1 38
1 65
2 72
3 32
4 9
4 30
4 72
5 14
5 21
5 27
5 40
6 17
6 27
6 36
6 49
6 75
7 8
8 0
8 7
8 39
8 61
8 74
9 0
9 4
9 14
9 47
11 25
11 30
11 77
12 24
12 37
12 69
13 36
13 37
13 46
13 68
14 5
14 56
14 74
15 41
16 28
16 34
16 76
17 6
17 15
18 41
18 52
19 0
19 24
19 44
19 62
19 79
20 74
21 5
21 25
21 33
21 61
22 0
22 9
22 11
22 64
23 20
23 41
23 46
23 54
23 62
24 12
24 19
25 21
25 36
25 51
25 71
26 47
26 76
27 5
27 6
27 22
27 28
27 38
27 49
28 27
28 31
28 50
28 57
28 63
29 13
29 31
29 32
29 68
29 78
30 4
30 11
30 64
30 66
31 28
31 29
32 3
32 29
32 46
33 21
33 47
34 16
34 18
34 41
34 51
35 2
35 15
35 42
35 62
35 64
36 6
36 12
36 25
37 13
37 74
38 1
38 64
39 75
40 5
40 14
40 48
40 53
40 61
41 0
41 23
41 51
43 0
43 74
44 41
45 60
45 67
45 78
46 0
46 13
46 23
46 79
47 9
47 26
47 76
47 77
48 40
48 54
48 65
49 6
49 27
49 51
49 67
50 28
50 29
50 49
51 49
51 73
52 15
52 17
52 18
53 8
53 40
53 63
53 70
54 23
54 48
54 65
55 53
55 67
56 22
57 28
57 68
58 54
58 73
59 77
60 45
60 78
61 8
61 21
62 19
63 28
63 53
64 18
64 30
64 35
65 0
65 3
65 48
66 7
66 30
66 76
67 22
67 45
67 49
67 55
68 13
68 29
68 54
68 73
68 76
69 12
69 32
69 33
69 66
70 29
70 41
70 53
71 25
71 35
71 43
72 2
72 4
73 51
73 68
73 79
74 8
74 14
74 16
74 37
74 39
74 43
75 6
75 39
75 69
75 78
76 16
76 47
76 68
76 77
77 8
77 59
77 76
78 29
79 10
79 16
79 19
79 46
79 70
79 73
0 1 2 3 4 5 6 7
