80 931 6
0 1
0 14
0 15
0 24
0 29
0 35
0 37
0 40
0 44
0 45
0 55
0 58
0 69
1 0
1 3
1 12
1 22
1 41
1 58
1 66
1 69
1 70
1 72
1 76
1 79
2 14
2 27
2 30
2 39
2 47
2 55
2 75
2 78
3 1
3 11
3 13
3 21
3 32
3 44
3 46
3 47
3 50
3 57
3 58
3 64
3 70
4 11
4 18
4 38
4 44
4 51
4 53
4 58
4 66
4 76
5 6
5 8
5 10
5 27
5 32
5 33
5 34
5 37
5 47
5 54
5 55
5 56
5 63
5 64
5 67
5 71
5 75
5 78
6 5
6 7
6 18
6 26
6 30
6 40
6 58
6 64
6 72
7 6
7 8
7 20
7 27
7 43
7 44
7 45
7 46
7 53
7 60
7 74
7 79
8 5
8 11
8 13
8 37
8 42
8 46
8 50
8 57
8 59
8 62
8 63
9 12
9 16
9 18
9 19
9 30
9 39
9 40
9 50
9 75
9 77
10 0
10 5
10 14
10 21
10 35
10 45
10 46
10 50
10 56
10 57
10 58
10 63
10 71
10 75
10 77
11 4
11 8
11 13
11 14
11 44
11 47
11 52
11 58
11 62
12 1
12 4
12 7
12 9
12 28
12 29
12 31
12 39
12 46
12 47
12 52
12 55
12 64
12 72
12 73
12 75
13 3
13 11
13 16
13 18
13 21
13 23
13 29
13 33
13 42
13 43
13 55
13 67
13 78
14 0
14 2
14 3
14 11
14 16
14 18
14 21
14 26
14 39
14 48
14 50
14 55
14 58
14 61
14 68
14 70
14 71
14 75
14 76
15 0
15 5
15 19
15 21
15 26
15 33
15 44
15 47
15 50
15 66
15 67
15 76
15 77
16 8
16 9
16 14
16 34
16 42
16 48
16 70
16 72
17 9
17 20
17 21
17 29
17 37
17 38
17 39
17 46
17 50
17 51
17 56
17 64
17 73
17 76
18 4
18 6
18 9
18 13
18 14
18 19
18 21
18 27
18 40
18 48
18 63
18 66
18 72
19 9
19 30
19 31
19 39
19 49
19 64
19 75
20 43
20 48
20 50
20 71
20 73
21 7
21 10
21 17
21 18
21 31
21 33
21 36
21 49
21 59
21 71
21 78
22 1
22 14
22 23
22 30
22 40
22 53
22 54
22 61
22 66
23 18
23 22
23 24
23 27
23 29
23 31
23 38
23 49
23 61
23 68
23 72
24 0
24 23
24 38
24 41
24 52
24 53
24 54
24 64
25 5
25 11
25 29
25 31
25 36
25 38
25 41
25 42
25 53
25 58
25 59
25 69
25 75
26 2
26 6
26 28
26 41
26 44
26 64
26 66
26 69
26 70
26 79
27 0
27 30
27 35
27 41
27 59
27 72
27 77
28 2
28 4
28 26
28 35
28 36
28 66
28 70
28 74
28 76
29 0
29 12
29 13
29 16
29 17
29 19
29 23
29 25
29 26
29 30
29 33
29 44
29 45
29 57
29 58
29 71
30 2
30 4
30 6
30 9
30 22
30 27
30 55
30 73
30 75
31 5
31 15
31 16
31 18
31 23
31 28
31 29
31 36
31 41
31 43
31 50
31 55
31 56
31 64
31 65
31 66
32 3
32 4
32 5
32 9
32 35
32 46
32 47
32 50
32 55
32 64
32 72
32 75
32 76
33 5
33 13
33 15
33 16
33 20
33 37
33 43
33 48
33 52
33 54
33 57
33 61
33 74
33 77
34 5
34 16
34 21
34 24
34 41
34 43
34 46
34 52
34 54
34 56
34 57
34 62
34 77
35 0
35 27
35 29
35 40
35 42
35 50
35 58
35 74
35 77
35 79
36 6
36 13
36 24
36 26
36 27
36 38
36 39
36 49
36 51
36 53
36 58
36 69
36 75
37 10
37 17
37 33
37 40
37 53
37 57
37 63
37 72
37 75
37 76
38 8
38 17
38 23
38 25
38 27
38 31
38 36
38 39
38 51
38 53
38 75
39 2
39 8
39 9
39 12
39 14
39 19
39 24
39 36
39 38
39 52
39 73
40 6
40 9
40 18
40 22
40 35
40 37
40 48
40 55
40 61
40 63
40 68
40 72
40 77
41 1
41 3
41 25
41 31
41 34
41 35
41 49
41 57
41 58
41 59
41 60
41 69
41 72
42 8
42 16
42 22
42 25
42 27
42 35
42 36
42 37
42 51
42 53
42 54
42 57
42 64
42 70
42 73
43 13
43 31
43 33
43 34
43 35
43 50
43 51
43 52
43 55
43 65
43 66
43 79
44 0
44 4
44 6
44 21
44 29
44 31
44 47
44 55
44 58
44 61
44 79
45 2
45 4
45 15
45 19
45 29
45 43
45 56
45 58
45 65
46 3
46 7
46 8
46 10
46 12
46 26
46 34
46 78
47 3
47 5
47 11
47 12
47 23
47 32
47 44
47 63
47 68
48 2
48 13
48 14
48 16
48 18
48 20
48 33
48 40
48 52
48 73
49 9
49 19
49 21
49 33
49 36
49 41
49 43
49 55
49 66
50 3
50 7
50 8
50 10
50 11
50 14
50 15
50 17
50 20
50 21
50 35
50 37
50 61
50 73
51 4
51 13
51 17
51 30
51 31
51 36
51 38
51 43
51 54
51 63
51 66
51 67
51 71
51 72
51 75
51 77
52 3
52 11
52 21
52 24
52 33
52 34
52 43
52 48
52 54
52 63
52 70
53 7
53 10
53 22
53 24
53 25
53 42
53 70
53 72
54 0
54 10
54 14
54 25
54 33
54 42
54 51
54 52
54 62
54 65
54 67
54 68
54 70
54 73
55 0
55 2
55 5
55 14
55 27
55 30
55 31
55 33
55 37
55 44
55 49
55 53
55 54
55 56
55 59
55 73
56 5
56 9
56 10
56 17
56 31
56 33
56 45
56 46
56 47
56 76
57 2
57 12
57 19
57 33
57 61
57 65
57 79
58 0
58 1
58 3
58 4
58 6
58 10
58 14
58 25
58 29
58 31
58 34
58 36
58 44
58 45
58 68
58 69
59 3
59 8
59 21
59 24
59 27
59 32
59 41
59 46
59 48
59 55
59 58
59 74
59 77
59 79
60 14
60 41
60 44
60 49
60 52
60 63
60 64
60 71
60 77
60 78
61 3
61 22
61 23
61 38
61 40
61 47
61 50
61 56
62 8
62 11
62 15
62 27
62 47
62 65
62 66
62 70
62 75
63 2
63 7
63 10
63 18
63 24
63 27
63 29
63 37
63 47
63 52
63 58
63 71
63 76
64 5
64 6
64 12
64 17
64 19
64 26
64 31
64 32
64 42
64 52
64 56
64 60
64 69
64 77
65 43
65 47
65 52
65 54
65 57
65 62
65 74
66 0
66 1
66 4
66 10
66 15
66 16
66 18
66 22
66 26
66 28
66 51
66 53
66 54
66 62
66 69
66 70
66 71
66 73
66 74
66 79
67 3
67 20
67 21
67 24
67 26
67 27
67 51
67 56
67 57
67 68
67 79
68 14
68 27
68 47
68 58
69 0
69 1
69 25
69 26
69 30
69 36
69 38
69 42
69 58
69 66
69 72
69 79
70 1
70 14
70 16
70 26
70 28
70 37
70 39
70 51
70 52
70 54
70 57
70 62
70 66
70 71
70 72
70 73
71 4
71 5
71 14
71 20
71 21
71 29
71 51
71 59
71 60
71 63
71 72
71 75
72 1
72 6
72 12
72 16
72 18
72 20
72 27
72 28
72 32
72 37
72 40
72 41
72 51
72 52
72 53
72 69
72 71
73 10
73 12
73 19
73 20
73 37
73 48
73 54
73 55
73 56
73 59
73 66
73 68
73 70
74 7
74 28
74 35
74 46
74 51
74 59
74 66
75 5
75 9
75 10
75 12
75 16
75 19
75 25
75 32
75 34
75 36
75 51
75 58
75 62
75 69
75 71
75 78
76 1
76 14
76 16
76 17
76 19
76 28
76 31
76 32
76 37
76 42
76 56
76 68
77 15
77 19
77 27
77 33
77 34
77 40
77 43
77 59
77 60
77 71
77 79
78 2
78 5
78 13
78 40
78 55
78 60
78 65
78 67
78 75
79 1
79 7
79 26
79 35
79 41
79 43
79 57
79 62
79 63
79 66
79 67
79 69
79 74
79 77
0 1 2 3 4 5
