80 522 8
0 3
0 9
0 12
0 18
0 24
0 33
0 41
0 46
0 48
0 49
0 55
0 60
0 64
0 77
1 5
1 18
1 28
1 29
1 41
1 44
1 58
1 61
1 63
1 78
2 3
2 30
2 42
2 55
2 57
2 62
3 0
3 2
3 9
3 10
3 33
3 66
4 20
4 25
4 31
4 43
4 54
5 1
5 6
5 15
5 20
5 51
5 61
5 63
6 4
6 5
6 12
6 40
6 56
6 70
6 71
6 76
7 0
7 21
7 42
7 60
7 77
8 3
8 9
8 41
8 72
9 0
9 8
9 15
9 23
9 31
9 33
9 37
9 38
9 58
9 59
9 62
9 74
10 3
10 13
10 15
10 22
10 25
10 38
10 62
11 26
11 57
12 0
12 6
12 35
12 42
12 46
12 55
13 10
13 17
13 53
13 61
14 5
14 15
14 23
14 24
14 60
14 61
15 9
15 10
15 12
15 61
15 71
15 74
15 77
16 20
16 37
16 50
16 53
16 54
16 55
16 58
16 74
17 16
17 19
17 42
17 53
17 54
17 57
17 64
17 69
18 0
18 1
18 33
18 51
18 57
18 71
19 0
19 17
19 24
19 27
19 46
19 53
19 69
20 5
20 37
20 48
20 58
21 5
21 7
21 18
21 36
22 10
22 55
22 77
23 9
23 16
23 30
23 38
23 45
23 61
23 78
24 0
24 6
24 14
24 19
24 51
24 52
24 57
25 2
25 4
25 10
25 31
25 36
25 37
25 56
25 63
25 71
25 73
26 11
26 31
26 44
26 54
26 63
26 77
27 16
27 31
27 35
27 41
27 43
27 54
27 61
28 1
28 8
28 32
28 34
28 78
29 1
29 37
29 40
29 43
29 47
29 53
29 64
29 70
29 72
29 79
30 4
30 64
30 74
31 6
31 8
31 35
31 45
31 49
31 61
31 65
31 71
31 79
32 20
32 31
32 47
32 51
32 70
33 0
33 9
33 35
33 67
34 6
34 28
34 39
34 60
34 72
35 12
35 27
35 49
35 52
35 79
36 21
36 25
36 54
36 56
37 2
37 16
37 20
37 22
37 46
37 51
38 7
38 9
38 10
38 15
38 23
38 28
38 43
38 61
39 24
39 33
39 34
39 40
39 50
39 55
39 59
39 61
39 62
39 64
40 14
40 29
40 39
40 50
40 65
40 73
41 1
41 11
41 26
41 44
41 63
42 2
42 12
42 17
42 34
42 49
42 63
43 4
43 19
43 29
44 1
44 17
44 26
44 41
44 50
44 69
44 70
45 5
45 23
45 31
45 51
45 65
46 12
46 37
46 52
46 53
46 55
46 57
47 29
47 30
47 46
47 51
47 63
48 0
48 18
48 62
48 75
49 31
49 42
49 55
49 68
50 0
50 16
50 23
50 39
50 40
50 44
50 51
50 52
50 59
51 18
51 24
51 37
51 45
51 47
51 50
51 62
51 66
52 13
52 35
52 68
52 74
53 16
53 17
53 19
53 56
53 58
53 64
53 65
54 4
54 17
54 26
54 27
54 36
54 57
54 77
55 0
55 2
55 16
55 39
55 46
55 49
56 2
56 6
56 25
56 36
56 37
56 46
56 49
56 54
56 73
56 75
56 79
57 11
57 17
57 24
57 35
57 46
57 54
57 58
57 59
57 60
57 70
58 1
58 9
58 16
58 17
58 20
58 42
58 47
58 52
58 53
58 63
58 64
58 74
58 76
59 48
59 57
59 73
60 0
60 2
60 5
60 7
60 14
60 34
60 48
60 57
60 65
61 1
61 15
61 27
61 29
61 31
61 38
61 62
61 64
61 65
62 2
62 9
62 10
62 39
62 61
62 74
63 0
63 1
63 5
63 25
63 26
63 47
63 51
63 59
63 66
63 67
63 68
63 71
63 78
64 0
64 17
64 30
64 35
64 39
64 53
64 58
64 60
64 61
64 65
64 72
65 2
65 32
65 40
65 45
65 53
65 64
65 75
65 77
66 3
66 6
66 43
66 51
66 63
66 68
66 77
67 5
67 61
67 75
68 37
68 49
68 52
68 66
69 8
69 17
69 19
69 22
69 44
69 73
70 6
70 27
70 29
70 32
70 44
70 46
70 50
70 57
70 62
71 15
71 25
71 31
71 35
71 47
71 59
71 63
71 74
72 8
72 29
72 52
72 64
72 73
73 51
73 56
73 65
73 72
74 12
74 15
74 28
74 30
74 36
74 52
75 48
75 56
75 65
75 67
75 76
76 6
76 19
76 68
76 75
77 0
77 7
77 22
77 26
77 57
77 62
77 66
77 67
78 1
78 23
78 49
78 63
78 71
79 29
79 35
79 56
0 1 2 3 4 5 6 7
