80 931 16
0 1
0 7
0 12
0 14
0 28
0 30
0 32
0 38
0 57
0 59
0 65
0 78
1 0
1 16
1 25
1 37
1 44
1 45
1 50
1 54
1 56
1 57
1 65
1 67
1 69
1 70
1 79
2 8
2 14
2 22
2 27
2 46
2 48
2 57
2 76
3 7
3 11
3 19
3 23
3 26
3 27
3 39
3 41
3 62
3 76
4 3
4 6
4 27
4 33
4 34
4 38
4 42
4 48
4 53
4 64
4 66
4 69
5 0
5 11
5 23
5 37
5 48
5 52
5 56
5 57
5 59
6 2
6 4
6 12
6 13
6 18
6 19
6 20
6 22
6 26
6 27
6 39
6 40
6 41
6 44
6 74
7 0
7 9
7 19
7 21
7 22
7 29
7 34
7 35
7 37
7 42
7 43
7 53
7 71
7 78
8 2
8 28
8 32
8 35
8 47
8 63
8 74
8 77
9 1
9 7
9 18
9 21
9 24
9 26
9 35
9 40
9 44
9 46
9 47
9 57
9 59
9 76
10 14
10 16
10 19
10 20
10 28
10 30
10 32
10 33
10 42
10 50
10 54
10 55
10 59
10 63
10 65
10 76
10 78
11 3
11 5
11 10
11 15
11 27
11 44
11 49
11 50
11 52
11 60
11 62
11 63
11 67
12 0
12 6
12 11
12 17
12 20
12 27
12 36
12 38
12 40
12 47
12 59
12 65
12 70
12 73
13 6
13 14
13 16
13 26
13 28
13 43
13 47
13 56
13 58
13 62
13 68
14 0
14 2
14 3
14 10
14 13
14 15
14 17
14 18
14 21
14 28
14 33
14 45
14 46
14 48
14 61
14 68
14 72
14 75
15 2
15 16
15 20
15 23
15 24
15 29
15 30
15 37
15 39
15 42
15 43
15 58
15 61
15 70
16 1
16 4
16 5
16 13
16 25
16 26
16 34
16 40
16 47
16 54
16 59
16 63
16 67
16 68
16 71
17 12
17 14
17 25
17 28
17 30
17 36
17 40
17 53
17 56
17 77
17 78
17 79
18 14
18 24
18 27
18 30
18 35
18 38
18 48
18 51
18 70
19 6
19 7
19 29
19 40
19 45
19 48
19 58
19 60
19 67
19 70
20 0
20 5
20 10
20 13
20 16
20 25
20 48
20 57
20 58
20 59
20 64
21 7
21 9
21 14
21 27
21 41
21 45
21 47
21 49
21 52
21 53
21 62
21 68
21 71
22 6
22 14
22 15
22 26
22 35
22 36
22 38
22 51
23 3
23 15
23 19
23 25
23 28
23 30
23 31
23 51
23 62
23 63
23 68
24 9
24 18
24 34
24 47
24 52
24 58
24 68
24 78
25 1
25 16
25 17
25 19
25 20
25 26
25 28
25 29
25 54
25 63
25 72
25 75
26 2
26 3
26 6
26 15
26 16
26 19
26 25
26 38
26 39
26 44
26 51
26 57
26 69
27 2
27 3
27 4
27 6
27 7
27 11
27 16
27 18
27 21
27 26
27 36
27 62
27 66
27 70
27 76
28 0
28 8
28 13
28 14
28 16
28 17
28 23
28 25
28 29
28 40
28 46
28 62
28 70
29 4
29 10
29 13
29 18
29 20
29 25
29 28
29 32
29 38
29 39
29 43
29 45
29 53
29 65
29 71
29 72
29 78
30 0
30 7
30 15
30 23
30 33
30 34
30 37
30 54
30 58
30 67
30 68
30 69
30 77
31 4
31 29
31 35
31 43
31 48
31 49
31 55
31 61
31 66
31 67
31 71
32 4
32 8
32 10
32 12
32 15
32 34
32 41
32 52
32 54
32 66
32 67
32 69
32 70
32 76
33 10
33 11
33 14
33 20
33 21
33 30
33 34
33 38
33 39
33 42
33 46
33 49
33 60
33 77
34 3
34 4
34 13
34 23
34 24
34 25
34 27
34 30
34 32
34 33
34 37
34 47
34 58
34 64
34 71
35 9
35 22
35 25
35 29
35 36
35 39
35 41
35 46
35 51
35 54
35 58
35 61
35 69
35 72
35 74
36 4
36 5
36 12
36 17
36 27
36 30
36 38
36 48
36 49
36 56
36 70
36 73
36 77
36 79
37 1
37 5
37 15
37 34
37 54
38 4
38 12
38 18
38 26
38 29
38 33
38 51
38 63
39 2
39 6
39 23
39 26
39 27
39 29
39 33
39 35
39 44
39 47
39 50
39 52
39 53
39 62
39 63
39 70
39 78
40 6
40 9
40 10
40 12
40 14
40 16
40 18
40 19
40 27
40 28
40 46
40 47
40 49
40 54
40 58
40 76
41 3
41 6
41 10
41 21
41 32
41 35
41 56
41 59
42 3
42 9
42 10
42 27
42 34
42 75
43 7
43 8
43 15
43 31
43 36
43 44
43 52
43 73
43 79
44 1
44 6
44 9
44 11
44 26
44 30
44 65
44 66
44 67
45 1
45 2
45 7
45 19
45 28
45 29
45 41
45 49
45 58
45 60
45 68
45 74
45 77
45 79
46 9
46 14
46 19
46 28
46 35
46 51
46 61
46 70
46 77
46 78
47 9
47 12
47 16
47 21
47 22
47 24
47 34
47 39
47 68
48 2
48 4
48 5
48 14
48 15
48 18
48 19
48 20
48 22
48 35
48 46
48 50
48 57
48 60
49 9
49 18
49 21
49 36
49 38
49 40
49 44
49 51
49 56
49 74
49 75
49 79
50 1
50 11
50 29
50 48
50 51
50 52
50 54
50 55
50 58
50 65
50 68
50 70
50 76
51 18
51 20
51 26
51 32
51 35
51 48
51 49
51 50
51 66
52 5
52 15
52 21
52 23
52 24
52 32
52 39
52 43
52 44
52 56
52 63
52 69
53 4
53 7
53 17
53 29
53 31
53 47
53 54
53 62
53 65
53 77
53 79
54 1
54 8
54 10
54 16
54 30
54 32
54 35
54 36
54 40
54 50
54 52
54 56
54 63
54 68
54 71
55 10
55 17
55 31
55 50
55 76
55 77
56 1
56 13
56 15
56 19
56 27
56 29
56 33
56 36
56 44
56 49
56 50
56 52
56 54
56 60
56 73
56 78
57 0
57 1
57 5
57 9
57 18
57 20
57 26
57 34
57 48
57 52
57 62
58 4
58 10
58 13
58 15
58 19
58 24
58 30
58 34
58 36
58 45
58 47
58 50
58 59
58 61
58 73
58 74
58 78
59 9
59 16
59 20
59 41
59 55
59 58
59 72
59 77
59 78
60 3
60 8
60 11
60 43
60 47
60 48
60 52
60 56
60 65
60 74
61 14
61 15
61 31
61 35
61 52
61 58
61 62
61 67
61 70
61 73
62 10
62 13
62 21
62 23
62 27
62 28
62 32
62 53
62 55
62 57
62 61
63 8
63 9
63 10
63 11
63 24
63 26
63 39
63 48
63 53
63 66
63 67
63 71
64 0
64 20
64 32
64 51
64 67
64 68
64 75
64 78
65 0
65 1
65 12
65 29
65 45
65 50
65 57
65 60
65 64
65 66
65 67
65 72
65 78
66 4
66 27
66 29
66 30
66 31
66 32
66 44
66 51
66 65
67 1
67 11
67 27
67 30
67 31
67 44
67 49
67 50
67 56
67 61
67 64
67 65
68 6
68 16
68 21
68 24
68 26
68 45
68 50
68 54
68 61
68 62
68 64
68 71
68 77
68 79
69 1
69 4
69 19
69 25
69 35
69 47
69 52
69 66
70 1
70 15
70 18
70 32
70 39
70 46
70 56
70 61
70 66
71 16
71 21
71 31
71 34
71 38
71 47
71 54
71 55
71 68
71 73
71 74
71 75
72 14
72 25
72 35
72 47
72 51
72 52
72 59
72 68
73 3
73 22
73 36
73 54
73 56
73 57
73 75
74 6
74 7
74 8
74 26
74 35
74 45
74 56
74 60
74 65
74 71
74 76
75 1
75 17
75 25
75 37
75 42
75 49
75 71
75 73
75 77
76 2
76 10
76 30
76 32
76 33
76 35
76 40
76 50
76 54
76 55
76 56
76 74
77 6
77 8
77 17
77 21
77 33
77 35
77 36
77 39
77 45
77 46
77 59
77 68
77 73
77 75
78 0
78 7
78 10
78 17
78 39
78 56
78 58
78 59
78 64
78 65
78 73
79 13
79 17
79 19
79 29
79 36
79 45
79 53
79 57
0 1 2 3 4 5 6 7 8 9 10 11 12 13 14 15
