80 931 20
0 5
0 10
0 11
0 13
0 26
0 27
0 34
0 42
0 45
0 46
0 60
0 64
0 68
0 69
0 72
0 75
0 78
1 36
1 38
1 40
1 41
1 44
1 48
1 49
1 51
1 57
1 70
1 78
2 14
2 21
2 34
2 46
3 4
3 11
3 26
3 28
3 31
3 32
3 46
3 49
3 52
3 53
3 69
3 73
3 75
4 10
4 31
4 33
4 51
4 53
4 57
4 58
4 69
4 71
4 78
5 0
5 9
5 27
5 54
5 61
5 64
5 67
5 73
5 76
5 77
5 79
6 10
6 11
6 25
6 32
6 49
6 52
6 61
6 63
6 74
6 79
7 0
7 12
7 20
7 26
7 30
7 34
7 51
7 59
7 60
7 62
7 67
7 71
8 7
8 34
8 42
8 59
8 66
8 69
9 5
9 34
9 45
9 56
9 62
9 63
9 66
9 75
9 78
9 79
10 0
10 4
10 15
10 21
10 32
10 35
10 51
10 60
10 62
10 69
10 76
11 0
11 3
11 6
11 14
11 15
11 17
11 39
11 44
11 46
11 47
11 55
11 56
11 58
11 67
12 7
12 13
12 19
12 22
12 35
12 43
12 51
12 57
12 61
12 62
12 64
12 65
12 76
12 79
13 0
13 16
13 17
13 20
13 26
13 27
13 38
13 41
13 43
13 48
13 50
13 55
13 70
13 78
14 0
14 3
14 4
14 17
14 19
14 27
14 33
14 46
14 48
14 54
14 55
14 56
14 58
14 64
14 65
14 70
14 72
14 75
15 2
15 5
15 8
15 10
15 17
15 25
15 37
15 44
15 46
15 49
15 50
15 51
15 52
15 53
15 69
16 12
16 13
16 19
16 22
16 23
16 39
16 41
16 46
16 48
16 62
16 71
16 74
16 77
17 5
17 11
17 13
17 14
17 15
17 19
17 34
17 35
17 51
17 56
17 57
17 60
17 63
17 65
17 67
17 71
17 76
18 7
18 23
18 26
18 30
18 32
18 48
18 60
18 62
18 66
18 69
18 74
19 12
19 14
19 17
19 36
19 42
19 43
19 45
19 51
19 69
19 77
19 78
20 7
20 13
20 15
20 21
20 25
20 48
20 57
20 60
20 71
20 74
21 2
21 10
21 16
21 20
21 24
21 34
21 44
21 45
21 46
21 48
21 69
21 71
21 73
21 76
22 14
22 21
22 23
22 29
22 33
22 40
22 43
22 47
22 49
22 52
22 55
22 66
23 16
23 20
23 22
23 25
23 43
23 45
23 54
24 19
24 21
24 36
24 56
24 64
24 68
25 4
25 17
25 20
25 26
25 36
25 39
25 41
25 57
25 67
25 75
25 79
26 0
26 7
26 17
26 18
26 25
26 32
26 47
26 48
26 61
26 67
27 0
27 31
27 39
27 41
27 49
27 51
27 65
28 3
28 10
28 37
28 56
28 59
28 69
28 70
28 71
28 72
29 3
29 4
29 31
29 32
29 41
29 48
29 58
29 63
29 69
29 78
30 7
30 21
30 27
30 29
30 39
30 46
30 54
30 55
30 57
30 69
30 70
30 75
31 2
31 27
31 29
31 44
31 46
31 54
31 55
31 73
32 3
32 6
32 10
32 18
32 26
32 29
32 42
32 45
32 46
32 57
32 59
32 78
33 2
33 4
33 14
33 22
33 37
33 41
33 44
33 48
33 56
33 59
33 75
33 76
34 8
34 21
34 41
34 56
34 59
34 63
34 66
34 72
34 78
35 5
35 9
35 10
35 12
35 17
35 26
35 36
35 37
35 41
35 45
35 48
35 57
35 58
35 67
35 70
36 1
36 25
36 30
36 34
36 35
36 43
36 45
36 47
36 49
36 50
36 51
36 58
36 59
36 68
37 7
37 13
37 15
37 28
37 33
37 44
37 48
37 73
37 76
38 1
38 13
38 16
38 47
38 52
38 53
38 59
38 72
38 73
39 14
39 16
39 25
39 27
39 30
39 60
39 66
39 78
40 1
40 18
40 22
40 26
40 31
40 32
40 48
40 57
40 67
40 70
40 71
40 78
40 79
41 1
41 11
41 13
41 14
41 25
41 27
41 33
41 34
41 44
41 46
41 47
41 55
41 56
41 69
41 73
41 77
42 4
42 46
42 50
42 58
42 59
42 61
42 64
42 65
43 12
43 13
43 19
43 22
43 23
43 28
43 38
43 50
43 51
43 69
44 1
44 15
44 19
44 29
44 30
44 31
44 33
44 37
44 50
44 68
44 69
44 73
44 76
45 0
45 19
45 21
45 22
45 23
45 28
45 36
45 70
45 77
45 78
46 2
46 3
46 8
46 11
46 15
46 19
46 20
46 21
46 24
46 30
46 31
46 32
46 38
46 41
46 48
46 59
46 62
46 63
46 64
46 65
47 11
47 31
47 35
47 40
47 41
47 51
47 64
47 77
47 78
48 1
48 12
48 13
48 16
48 20
48 21
48 28
48 33
48 37
48 38
48 46
48 54
48 58
48 63
48 71
48 73
49 1
49 3
49 6
49 22
49 27
49 36
49 43
49 54
49 58
49 62
49 64
49 73
49 77
50 9
50 15
50 16
50 25
50 28
50 36
50 42
50 44
50 68
50 76
51 1
51 3
51 4
51 10
51 11
51 17
51 19
51 27
51 36
51 46
51 59
51 67
51 79
52 6
52 30
52 35
52 36
52 43
52 68
52 72
52 76
53 0
53 1
53 3
53 7
53 9
53 26
53 38
53 41
53 43
53 47
53 48
53 56
53 66
53 70
53 73
53 76
53 79
54 5
54 11
54 14
54 31
54 38
54 42
54 48
54 49
54 52
54 63
54 66
55 11
55 13
55 14
55 18
55 41
55 43
55 65
55 74
55 75
56 9
56 14
56 17
56 24
56 28
56 33
56 53
56 62
57 4
57 12
57 17
57 25
57 27
57 29
57 35
57 52
58 4
58 10
58 11
58 16
58 19
58 29
58 35
58 36
58 45
58 47
58 48
58 53
58 56
58 62
58 74
59 8
59 22
59 28
59 33
59 36
59 38
59 42
59 51
59 55
59 61
59 62
60 0
60 10
60 12
60 18
60 33
60 35
60 39
60 59
60 62
60 64
60 69
60 78
61 5
61 6
61 12
61 16
61 26
61 38
61 40
61 42
61 48
61 51
61 55
61 59
61 62
61 69
61 74
62 1
62 4
62 9
62 10
62 14
62 16
62 18
62 27
62 49
62 56
62 58
62 59
62 61
62 64
62 68
62 71
62 78
63 3
63 6
63 9
63 10
63 22
63 29
63 30
63 34
63 46
63 47
63 54
63 69
64 0
64 5
64 12
64 21
64 46
64 47
64 49
64 52
64 62
64 67
64 68
64 72
64 76
64 79
65 3
65 14
65 17
65 42
65 55
65 66
65 68
65 72
65 75
66 0
66 8
66 15
66 18
66 34
66 39
66 46
66 54
66 57
66 67
66 77
67 11
67 17
67 23
67 26
67 27
67 35
67 50
67 51
68 0
68 28
68 35
68 44
68 46
68 50
68 62
68 65
68 71
69 0
69 8
69 15
69 18
69 19
69 20
69 21
69 30
69 49
69 51
69 54
69 60
69 61
69 77
69 78
70 1
70 3
70 14
70 30
70 35
70 40
70 45
70 54
70 69
70 71
71 4
71 7
71 16
71 17
71 28
71 48
71 62
71 67
71 68
71 72
71 73
71 79
72 0
72 14
72 19
72 28
72 34
72 52
72 54
72 63
72 65
72 71
73 5
73 10
73 11
73 19
73 20
73 21
73 30
73 37
73 38
73 41
73 44
73 47
73 49
73 53
73 66
73 71
73 72
74 6
74 14
74 16
74 18
74 20
74 58
74 61
74 64
74 67
75 0
75 3
75 9
75 14
75 23
75 25
75 32
75 33
75 52
75 55
75 62
75 65
75 79
76 10
76 12
76 16
76 17
76 19
76 20
76 21
76 27
76 33
76 37
76 53
76 58
76 64
76 77
77 3
77 5
77 16
77 41
77 45
77 46
77 47
77 49
77 55
77 66
77 69
77 74
77 76
78 0
78 1
78 4
78 9
78 19
78 22
78 29
78 32
78 34
78 40
78 45
78 47
78 51
78 56
78 60
78 62
79 1
79 5
79 6
79 25
79 33
79 39
79 51
79 58
79 64
79 71
79 75
0 1 2 3 4 5 6 7 8 9 10 11 12 13 14 15 16 17 18 19
