80 931 20
0 4
0 7
0 8
0 9
0 14
0 25
0 26
0 30
0 31
0 32
0 46
0 48
0 53
0 54
0 56
0 58
0 61
0 64
0 65
0 69
0 71
0 74
0 76
0 79
1 2
1 17
1 26
1 31
1 34
1 40
1 50
1 55
1 59
1 60
1 78
2 1
2 5
2 18
2 35
2 40
2 47
2 58
2 62
2 74
3 21
3 22
3 39
3 55
3 56
3 60
3 62
3 68
3 71
3 79
4 0
4 6
4 9
4 17
4 29
4 36
4 46
4 47
4 54
4 59
4 61
4 65
4 73
4 75
5 0
5 2
5 8
5 21
5 22
5 26
5 27
5 31
5 40
5 42
5 44
5 56
5 76
5 79
6 4
6 9
6 25
6 29
6 47
6 49
6 54
6 56
6 57
6 65
6 70
6 77
6 79
7 0
7 11
7 12
7 17
7 23
7 32
7 34
7 40
7 43
7 45
7 49
7 55
7 58
7 69
7 73
7 74
8 0
8 5
8 9
8 12
8 23
8 30
8 35
8 40
8 42
8 50
8 77
8 78
9 0
9 2
9 4
9 6
9 8
9 12
9 29
9 43
9 54
9 79
10 1
10 21
10 40
10 45
10 51
10 53
10 67
10 70
11 7
11 10
11 14
11 16
11 20
11 22
11 23
11 53
11 59
11 61
11 76
12 8
12 9
12 13
12 16
12 22
12 26
12 38
12 39
12 46
12 52
12 53
12 57
12 59
12 61
12 68
13 0
13 7
13 19
13 31
13 43
13 45
13 54
13 56
13 60
14 0
14 11
14 19
14 29
14 34
14 36
14 42
14 45
14 52
14 53
14 63
14 69
14 72
15 3
15 9
15 21
15 29
15 37
15 46
15 59
15 63
15 65
15 72
15 76
16 19
16 22
16 28
16 55
16 59
16 62
16 70
16 74
16 78
17 4
17 12
17 24
17 25
17 28
17 50
17 61
17 62
17 63
17 71
17 76
18 1
18 7
18 20
18 21
18 22
18 23
18 25
18 28
18 35
18 44
18 45
18 46
18 51
18 56
18 61
18 67
18 70
18 76
19 4
19 7
19 8
19 13
19 41
19 62
19 68
19 69
19 74
20 11
20 18
20 21
20 33
20 36
20 43
20 47
20 60
20 79
21 15
21 20
21 24
21 30
21 31
21 43
21 52
21 54
21 73
22 3
22 5
22 9
22 12
22 18
22 25
22 34
22 45
22 57
22 59
22 65
22 77
22 78
22 79
23 3
23 7
23 11
23 36
23 44
23 51
23 53
23 61
23 65
23 74
24 4
24 17
24 33
24 35
24 39
24 40
24 41
24 51
24 53
24 66
24 67
24 69
24 71
24 75
25 0
25 17
25 18
25 22
25 36
25 37
25 44
25 48
25 61
25 64
25 65
25 72
25 76
26 1
26 5
26 6
26 12
26 13
26 37
26 48
26 61
26 66
26 73
26 78
27 5
27 18
27 41
27 43
27 47
27 48
27 49
27 63
27 70
27 72
27 76
28 16
28 17
28 35
28 42
28 48
28 51
28 54
28 55
28 67
28 79
29 8
29 9
29 14
29 18
29 32
29 40
29 46
29 49
29 57
29 61
29 70
29 71
29 72
29 79
30 4
30 8
30 13
30 19
30 21
30 32
30 42
30 53
30 56
30 58
30 75
30 79
31 0
31 1
31 5
31 21
31 29
31 34
31 41
31 43
31 64
31 66
31 67
31 73
31 78
32 7
32 26
32 36
32 37
32 38
32 40
32 44
32 45
32 55
32 58
32 63
32 76
33 1
33 6
33 24
33 25
33 29
33 41
33 44
33 49
33 56
33 57
33 71
33 74
34 7
34 14
34 22
34 26
34 31
34 42
34 45
34 49
34 57
34 67
34 68
34 74
35 2
35 18
35 28
35 48
35 59
35 64
35 76
36 4
36 14
36 32
36 37
36 40
36 41
36 44
36 50
36 61
36 65
37 28
37 31
37 32
37 48
37 54
37 79
38 1
38 12
38 30
38 32
38 47
38 60
38 71
38 76
39 3
39 10
39 12
39 44
39 46
39 48
39 50
39 64
39 66
39 68
39 75
40 1
40 2
40 5
40 10
40 14
40 23
40 24
40 26
40 29
40 36
40 50
40 52
40 54
40 58
40 60
40 64
40 69
41 0
41 3
41 19
41 20
41 24
41 25
41 27
41 31
41 33
41 34
41 35
41 36
41 52
41 55
41 64
41 66
41 67
41 68
41 79
42 5
42 8
42 14
42 23
42 28
42 30
42 34
42 44
42 47
42 67
42 75
42 77
42 78
42 79
43 3
43 7
43 16
43 21
43 27
43 31
43 37
43 40
43 51
44 1
44 5
44 18
44 25
44 27
44 35
44 36
44 39
44 42
44 53
44 74
44 79
45 5
45 7
45 13
45 14
45 16
45 18
45 21
45 28
45 34
45 39
45 50
45 66
45 67
46 0
46 4
46 14
46 18
46 20
46 29
46 39
46 41
46 51
46 57
46 61
46 66
46 79
47 2
47 4
47 15
47 20
47 26
47 27
47 38
47 42
47 48
47 56
47 78
48 0
48 1
48 19
48 25
48 26
48 27
48 28
48 29
48 47
48 59
48 74
49 23
49 26
49 28
49 29
49 33
49 44
49 56
49 60
49 78
50 0
50 17
50 31
50 41
50 45
50 60
50 70
50 71
50 77
51 10
51 18
51 20
51 24
51 31
51 36
51 55
51 65
51 67
51 70
51 74
51 75
51 77
52 3
52 12
52 21
52 40
52 68
53 0
53 10
53 14
53 18
53 23
53 24
53 30
53 32
53 72
54 0
54 9
54 13
54 16
54 20
54 26
54 36
54 37
54 40
54 43
54 45
54 50
54 59
54 60
54 67
54 78
55 1
55 7
55 16
55 19
55 41
55 44
55 51
55 53
55 61
55 76
56 0
56 2
56 3
56 5
56 13
56 25
56 26
56 30
56 35
56 47
56 51
56 53
56 77
57 6
57 22
57 32
57 33
57 34
57 46
57 66
58 0
58 7
58 19
58 24
58 26
58 27
58 30
58 32
58 61
58 69
58 73
58 78
59 3
59 4
59 6
59 11
59 12
59 15
59 16
59 22
59 48
59 50
59 75
60 1
60 3
60 7
60 20
60 40
60 43
60 48
60 49
60 50
60 54
60 61
60 66
60 76
60 77
61 0
61 10
61 11
61 12
61 23
61 25
61 26
61 49
61 55
61 60
61 63
61 64
61 74
62 2
62 8
62 16
62 54
62 61
62 65
62 69
63 14
63 17
63 28
63 32
63 40
63 50
63 55
63 61
63 70
63 73
63 75
64 0
64 15
64 25
64 27
64 31
64 35
64 39
64 41
64 54
64 55
64 71
64 72
64 73
65 0
65 4
65 6
65 12
65 22
65 25
65 50
65 68
65 71
66 24
66 26
66 39
66 44
66 45
66 46
66 50
66 60
66 68
67 18
67 28
67 29
67 34
67 41
67 42
67 45
67 53
67 54
67 61
67 76
67 77
67 79
68 3
68 16
68 19
68 34
68 44
68 52
68 53
68 55
68 66
68 71
68 72
69 0
69 7
69 14
69 18
69 19
69 24
69 26
69 41
69 42
69 58
69 65
69 75
70 10
70 16
70 18
70 27
70 51
70 63
70 79
71 0
71 2
71 3
71 17
71 23
71 24
71 32
71 33
71 40
71 45
71 50
71 64
71 65
71 68
72 2
72 15
72 18
72 20
72 23
72 25
72 27
72 29
72 53
72 62
72 64
72 68
72 70
72 76
73 3
73 4
73 7
73 15
73 19
73 21
73 31
73 58
73 63
73 64
73 65
74 0
74 7
74 16
74 19
74 22
74 33
74 34
74 35
74 44
74 48
74 51
74 54
75 1
75 5
75 6
75 24
75 30
75 39
75 59
75 69
76 0
76 5
76 11
76 15
76 16
76 17
76 18
76 25
76 32
76 35
76 38
76 50
76 54
76 55
76 60
76 67
76 72
77 6
77 16
77 24
77 44
77 47
77 51
77 52
77 56
77 60
77 65
78 7
78 8
78 10
78 19
78 22
78 31
78 32
78 42
78 47
78 49
78 54
78 58
79 0
79 5
79 6
79 9
79 13
79 20
79 23
79 28
79 30
79 35
79 41
79 42
79 44
79 66
79 69
79 70
0 1 2 3 4 5 6 7 8 9 10 11 12 13 14 15 16 17 18 19
