80 190 6
0 31
0 72
0 73
0 74
1 14
1 20
2 35
2 58
3 4
3 63
4 3
5 6
5 22
5 77
6 5
6 7
6 26
6 49
6 56
6 72
7 6
7 33
7 48
7 59
8 40
8 55
9 51
10 26
11 13
11 74
12 27
12 37
12 58
13 18
13 57
14 1
14 33
15 62
15 65
16 73
16 76
17 27
17 73
18 13
18 58
19 28
19 72
20 1
20 42
20 45
21 41
21 66
21 70
21 77
22 5
22 28
22 65
23 20
24 56
24 66
24 71
24 74
25 46
25 64
25 66
26 6
26 10
27 12
27 17
27 38
27 45
28 19
28 22
29 33
29 37
30 51
31 0
31 52
31 54
31 69
31 77
32 47
32 63
33 5
33 7
33 14
33 29
34 12
35 23
35 66
36 76
37 29
38 79
39 0
39 58
40 8
40 31
40 48
40 56
41 21
42 60
43 12
43 63
44 57
45 11
45 20
45 27
45 47
45 58
46 48
47 32
47 45
47 68
48 7
48 40
48 46
48 79
49 6
49 20
49 64
50 58
51 9
51 63
52 29
52 31
53 17
54 31
55 8
55 24
56 6
56 40
56 76
57 44
58 2
58 12
58 18
58 39
58 45
58 50
58 66
58 76
59 7
59 73
59 76
60 12
60 42
60 62
61 48
62 20
62 60
63 43
64 25
64 29
64 49
65 15
65 22
65 66
66 21
66 24
66 25
66 35
66 63
66 65
66 79
68 47
69 31
71 24
72 0
72 6
72 19
72 22
72 26
72 53
72 57
72 67
73 0
73 3
73 16
73 78
74 0
74 11
74 24
75 10
76 0
76 36
77 5
77 21
78 73
79 46
79 48
0 1 2 3 4 5
