80 522 16
0 14
0 27
0 42
0 49
0 54
0 56
0 57
0 67
0 71
1 11
1 18
1 36
1 56
1 64
1 78
2 3
2 4
2 21
2 24
2 33
2 45
2 54
2 55
2 57
2 65
2 72
3 2
3 16
3 36
3 58
3 75
4 2
4 11
4 24
4 29
4 41
4 44
4 62
5 4
5 17
5 36
5 42
5 47
5 70
5 71
6 23
6 28
6 41
6 77
7 40
7 41
7 52
8 10
8 21
8 40
8 45
8 46
8 52
8 55
9 4
9 39
9 78
10 11
10 40
10 48
10 57
11 10
11 31
11 34
11 40
11 56
11 59
11 65
11 73
11 76
12 18
12 20
12 49
12 56
12 67
13 1
13 21
13 37
13 40
13 61
13 74
14 0
14 18
14 47
14 67
14 71
15 9
15 16
15 27
15 38
15 39
15 45
15 48
15 51
15 58
15 71
15 77
16 3
16 20
16 33
16 39
16 43
16 62
16 68
16 79
17 25
17 28
17 36
17 40
17 60
17 61
18 1
18 7
18 12
18 36
18 58
18 71
19 0
19 26
19 27
19 28
19 62
19 65
19 68
19 79
20 12
20 16
20 28
20 39
20 44
20 65
20 68
21 2
21 8
21 13
21 29
21 31
21 35
21 72
22 44
22 56
22 78
23 7
23 28
23 32
23 43
23 57
23 62
23 72
23 75
23 77
24 2
24 4
24 6
24 29
24 52
24 57
25 14
25 17
25 26
25 30
25 32
25 56
25 57
25 66
25 72
25 77
26 25
26 44
26 47
27 0
27 15
27 17
27 19
27 37
27 43
27 70
28 17
28 23
28 34
28 35
28 54
28 63
29 30
29 53
29 54
29 71
30 9
30 25
30 29
30 37
30 66
30 77
31 21
31 36
31 60
31 73
32 13
32 15
32 33
32 49
32 60
32 70
33 2
33 16
33 32
33 52
33 54
33 58
33 59
33 65
33 76
34 11
34 28
34 37
34 50
35 21
35 27
35 28
35 47
35 62
35 74
36 1
36 3
36 5
36 17
36 31
36 50
36 64
37 13
37 30
37 69
37 73
38 15
38 26
38 52
38 63
38 79
39 20
39 24
39 57
39 60
39 63
39 69
39 75
40 8
40 10
40 11
40 13
40 15
40 17
40 41
40 53
40 59
40 70
40 72
40 78
41 4
41 6
41 7
41 19
41 40
41 51
41 78
42 0
42 4
42 5
42 17
42 53
42 72
43 7
43 16
43 23
43 36
43 60
44 8
44 20
44 22
44 45
44 52
44 56
44 67
44 73
45 2
45 15
45 41
45 52
45 64
45 66
46 3
46 8
46 68
46 75
47 5
47 26
47 35
48 6
48 15
48 50
48 57
48 62
48 71
49 0
49 1
49 12
49 26
49 63
49 72
50 21
50 33
50 34
50 36
50 48
50 56
50 60
50 73
51 15
51 41
51 53
51 55
51 68
51 71
52 0
52 7
52 8
52 18
52 24
52 33
52 38
52 45
52 63
52 64
52 65
52 71
52 77
52 79
53 29
53 42
53 51
53 57
53 65
53 71
53 78
54 0
54 2
54 22
54 29
54 62
55 2
55 8
55 20
55 30
55 51
55 61
55 66
55 71
56 0
56 1
56 5
56 12
56 22
56 25
56 33
56 44
56 45
56 50
56 76
57 2
57 10
57 24
57 53
57 67
58 18
58 34
58 37
58 45
58 64
59 9
59 11
59 28
59 33
59 40
59 49
59 61
59 62
60 17
60 31
60 43
60 62
60 72
61 13
61 17
61 53
61 59
61 69
61 71
61 78
62 4
62 16
62 23
62 33
62 35
62 45
62 75
62 76
63 38
63 39
63 44
63 49
63 52
63 55
64 1
64 34
64 36
64 52
64 65
64 70
64 71
65 2
65 19
65 33
65 43
65 52
65 64
66 17
66 20
66 45
67 12
67 44
67 51
67 54
68 19
68 20
68 37
68 46
68 49
68 51
68 57
68 76
69 15
69 29
69 34
69 39
69 48
69 57
69 61
69 74
70 19
70 27
70 44
70 64
70 65
71 0
71 2
71 5
71 29
71 49
71 53
71 55
71 61
71 64
71 77
72 3
72 23
72 25
72 40
72 42
72 46
72 47
72 49
72 60
73 5
73 11
73 37
73 44
73 49
73 50
73 66
74 35
74 62
75 3
75 12
75 15
75 23
75 39
75 44
75 46
75 62
75 70
75 78
76 4
76 11
76 15
76 54
76 56
77 6
77 13
77 15
77 19
77 25
77 30
77 40
77 52
77 58
77 71
78 1
78 5
78 9
78 41
78 61
78 75
79 2
79 6
79 16
79 19
79 38
79 52
0 1 2 3 4 5 6 7 8 9 10 11 12 13 14 15
