80 194 20
0 10
0 20
0 42
0 54
0 58
1 6
1 37
1 54
2 15
3 58
4 17
4 53
4 67
4 71
5 9
5 50
5 68
5 72
5 76
6 1
6 13
6 20
6 32
6 56
7 15
7 19
8 29
8 49
9 5
9 16
9 50
10 0
10 33
11 0
11 15
11 68
12 39
12 63
12 70
13 6
13 18
13 55
14 16
14 26
15 2
15 7
15 11
15 71
16 9
16 29
16 47
17 4
17 46
18 13
18 62
19 7
19 51
19 59
20 0
20 6
20 35
21 39
21 46
21 48
21 58
22 39
24 15
24 57
24 73
25 30
26 14
26 30
27 28
27 50
28 34
28 75
29 8
29 16
29 38
29 41
30 25
30 26
30 39
32 6
32 40
32 75
33 10
33 69
34 20
34 28
34 42
34 43
35 20
35 23
35 52
35 68
35 71
36 18
37 55
37 71
38 29
38 52
39 12
39 21
39 22
39 30
39 49
39 50
39 79
40 30
40 50
41 29
41 50
42 0
42 34
42 62
42 70
43 55
44 71
45 32
45 53
46 17
46 55
46 74
47 16
47 56
48 21
48 45
48 60
49 31
49 39
50 5
50 9
50 11
50 27
50 39
50 40
50 41
51 8
51 19
52 10
52 35
52 38
53 4
53 45
54 0
54 1
54 60
55 0
55 13
55 37
55 43
55 46
56 6
56 44
56 61
56 74
58 0
58 4
58 21
59 19
59 51
60 23
60 61
61 64
62 42
62 79
63 12
64 61
65 28
66 47
66 77
67 3
67 4
68 5
68 11
69 33
70 42
71 4
71 35
71 44
72 5
72 9
73 24
74 46
75 32
75 78
76 5
76 61
77 71
78 75
79 23
79 39
79 62
0 1 2 3 4 5 6 7 8 9 10 11 12 13 14 15 16 17 18 19
