80 242 6
0 14
0 27
0 42
0 49
0 54
0 57
0 67
0 71
1 49
1 78
2 33
2 54
2 65
2 72
2 79
3 46
3 58
3 75
4 9
4 29
4 42
5 17
5 42
5 56
5 73
6 24
7 40
7 52
8 46
9 4
9 15
10 11
10 40
10 57
11 31
11 56
11 73
12 18
12 20
12 56
12 75
13 40
14 0
14 25
15 9
15 27
15 40
15 48
15 69
16 15
16 68
16 79
17 5
17 42
17 61
17 66
18 7
18 36
18 58
19 0
19 27
19 28
19 41
20 12
20 28
20 66
20 68
21 31
22 44
22 54
22 78
23 75
23 77
24 2
24 39
24 52
25 14
25 26
25 56
25 57
26 44
26 47
26 49
27 0
27 19
27 35
27 37
27 70
28 19
29 4
30 37
30 55
30 77
31 11
31 21
31 73
32 13
32 60
33 2
33 16
33 50
33 56
33 58
33 59
34 11
34 37
35 27
35 74
36 18
36 43
37 27
37 30
37 34
37 58
37 73
38 52
39 15
40 7
40 8
40 10
40 17
40 59
40 72
41 19
42 0
42 4
42 5
42 17
43 16
43 27
44 26
44 45
44 56
44 63
44 73
44 75
45 41
45 44
45 56
45 62
46 3
46 72
47 26
47 72
48 15
48 62
48 69
49 0
49 1
49 26
49 32
49 59
49 72
50 34
50 48
50 60
51 15
51 41
51 68
52 0
52 7
52 8
52 18
52 24
52 38
52 63
52 65
53 57
53 61
53 71
54 0
54 2
54 22
55 30
56 5
56 12
56 25
56 44
56 45
57 0
57 2
57 25
58 3
58 37
59 9
59 49
59 61
59 62
60 50
60 62
61 53
62 48
62 59
62 60
62 74
63 44
63 52
64 36
64 71
65 2
65 20
66 17
66 20
66 73
68 20
69 15
69 29
69 48
70 19
70 27
70 32
70 40
71 14
71 49
71 51
71 55
71 61
72 2
72 46
72 47
72 49
73 5
73 11
73 37
73 50
73 66
74 35
74 62
75 3
75 12
75 23
75 44
76 11
77 15
77 19
77 23
77 30
78 5
78 9
78 61
79 2
79 16
0 1 2 3 4 5
