80 522 20
0 10
0 39
0 41
0 45
0 56
0 67
0 79
1 18
1 25
1 30
1 55
1 62
2 39
2 42
2 58
2 59
2 72
3 19
3 31
3 50
3 51
3 59
3 72
3 73
4 13
4 32
4 53
4 63
4 71
5 10
5 45
5 49
5 50
5 53
5 61
5 73
6 23
6 50
6 57
6 61
6 73
6 74
7 44
7 48
7 57
7 71
8 36
8 39
8 60
8 63
8 65
9 35
9 39
9 40
9 55
9 62
9 79
10 0
10 5
10 29
10 32
10 57
10 67
10 73
10 78
11 15
11 29
11 33
11 42
11 51
11 52
11 58
11 63
11 66
11 73
11 74
11 76
12 18
12 46
12 51
12 53
12 57
12 76
13 4
13 12
13 16
13 27
13 34
13 35
13 37
13 43
13 57
14 13
14 18
14 19
14 24
14 30
14 43
14 75
15 8
15 11
15 28
15 35
15 39
15 51
15 57
15 58
15 74
15 76
16 26
16 28
16 39
16 69
16 76
17 16
17 51
18 5
18 12
18 14
18 28
18 29
18 39
18 41
18 42
18 69
18 71
19 3
19 14
19 33
20 2
20 10
20 38
20 45
20 52
20 55
20 63
21 4
21 20
21 39
21 48
21 61
22 26
22 39
22 41
22 43
22 53
22 57
22 61
22 64
22 71
22 77
23 53
23 63
23 69
23 75
24 0
24 14
24 27
24 28
24 41
24 47
24 55
24 63
25 1
25 31
25 42
25 58
26 16
26 22
26 37
26 39
26 42
26 53
26 65
26 71
27 17
27 24
27 36
27 39
27 40
27 58
27 59
27 68
27 78
28 15
28 16
28 18
28 24
28 37
28 48
28 60
28 61
28 70
29 10
29 11
29 22
29 44
29 51
29 62
29 63
29 72
29 75
30 12
30 20
30 43
30 49
30 54
30 65
30 75
30 79
31 3
31 7
31 14
31 39
31 40
32 5
32 10
32 36
32 38
32 41
32 53
32 61
32 70
33 19
33 30
33 37
33 40
33 54
33 56
33 59
33 61
33 72
33 77
34 44
34 46
34 49
34 50
34 58
34 66
35 9
35 15
35 63
36 27
36 28
36 32
36 40
36 43
36 63
37 13
37 26
37 28
37 33
37 43
37 45
37 76
37 79
38 9
38 20
38 26
38 32
38 44
38 74
39 0
39 2
39 4
39 8
39 16
39 21
39 27
39 35
39 40
39 76
40 9
40 31
40 33
40 36
40 39
41 0
41 1
41 13
41 18
41 22
41 24
41 32
41 71
41 74
41 78
42 2
42 11
42 22
42 26
42 31
42 64
42 78
42 79
43 13
43 22
43 30
43 36
43 37
43 70
44 29
44 32
44 34
44 38
44 51
44 74
45 0
45 26
45 37
45 59
45 77
46 7
46 12
46 14
46 34
46 51
46 63
46 64
46 71
47 24
47 75
48 26
48 28
48 40
48 45
48 59
48 68
48 79
49 5
49 8
49 27
49 67
49 75
50 0
50 3
50 6
50 34
50 51
50 52
50 77
51 3
51 12
51 15
51 30
51 41
51 47
51 50
52 11
52 20
52 50
52 65
52 77
53 4
53 5
53 12
53 23
53 32
53 71
54 5
54 28
54 33
55 1
55 9
55 20
55 66
56 0
56 33
56 58
57 6
57 7
57 10
57 15
57 20
57 22
57 31
57 61
57 62
57 70
57 78
58 2
58 11
58 25
59 2
59 3
59 12
59 27
59 45
59 79
60 7
60 8
60 16
60 17
60 42
60 45
60 63
60 69
61 6
61 21
61 28
61 32
61 60
61 77
61 78
61 79
62 1
62 9
62 29
62 52
62 57
62 64
62 73
63 4
63 11
63 23
63 24
63 32
63 36
63 46
63 60
63 66
64 18
64 22
64 32
64 42
64 46
64 58
64 62
64 66
65 8
65 9
65 30
65 68
65 72
66 6
66 11
66 34
66 63
66 75
67 0
67 42
67 49
68 4
68 27
68 48
68 55
68 65
68 73
69 16
69 30
69 31
69 38
69 44
69 67
70 28
70 57
70 67
71 7
71 18
71 26
71 46
71 72
72 2
72 3
72 7
72 33
72 37
72 39
72 55
72 65
73 3
73 5
73 9
73 10
73 11
73 62
74 4
74 6
74 11
74 14
74 15
74 38
74 41
74 43
74 44
74 76
75 6
75 14
75 30
75 44
75 47
75 66
75 77
76 5
76 7
76 11
76 15
76 16
76 23
76 38
76 39
76 56
76 74
77 22
77 33
77 35
77 45
77 50
77 52
77 59
77 75
78 13
78 27
78 41
78 42
78 61
78 62
79 20
79 39
79 48
79 61
79 73
0 1 2 3 4 5 6 7 8 9 10 11 12 13 14 15 16 17 18 19
