80 522 6
0 2
0 9
0 18
0 20
0 34
0 37
0 43
0 50
0 53
0 54
0 57
0 58
1 21
1 23
1 25
1 34
1 36
1 39
1 42
1 48
1 56
1 57
1 63
1 65
1 66
1 76
2 0
2 3
2 17
2 30
2 76
3 2
3 36
3 42
3 55
3 59
3 72
3 79
4 0
4 3
4 15
4 61
4 74
4 77
5 4
5 10
5 14
5 69
6 5
6 27
6 28
6 57
7 44
7 51
7 58
7 67
8 13
8 15
8 58
8 59
8 78
9 0
9 32
9 66
10 35
10 56
10 75
11 10
11 23
11 54
11 75
12 24
12 48
12 50
12 55
12 75
13 8
13 20
13 32
13 47
13 50
13 51
13 57
13 64
14 5
14 6
14 23
14 75
15 8
15 18
15 20
15 22
15 41
15 48
15 56
15 58
15 65
15 71
16 20
16 35
16 51
16 54
16 55
16 56
16 69
17 2
17 65
17 70
18 0
18 2
18 7
18 15
18 20
18 25
18 35
18 42
18 51
18 57
18 59
19 20
19 32
19 33
19 41
19 53
20 0
20 7
20 13
20 15
20 16
20 18
20 19
20 33
20 60
21 1
21 23
21 31
21 33
21 38
21 54
21 59
21 72
22 41
22 62
22 69
22 70
23 1
23 14
23 50
23 71
24 12
24 56
24 61
24 63
24 74
24 77
25 0
25 1
25 35
25 36
25 40
25 41
25 46
25 54
25 55
25 56
26 3
26 28
26 31
26 33
26 40
26 44
26 52
26 55
26 57
26 73
26 74
26 76
27 25
27 29
27 37
27 43
27 46
27 66
27 75
28 6
28 8
28 26
28 31
28 45
28 47
29 22
29 27
29 37
29 65
30 17
30 36
30 38
30 40
30 76
30 78
31 28
31 72
31 73
31 79
32 9
32 13
32 19
32 23
32 34
32 37
32 46
32 55
32 57
32 61
32 67
32 73
33 19
33 21
33 22
33 51
33 67
34 0
34 1
34 6
34 19
34 32
34 45
34 48
34 51
34 61
35 10
35 18
35 25
35 26
35 61
35 69
35 76
36 1
36 5
36 30
36 33
36 44
36 45
36 50
36 51
36 66
36 74
36 75
37 0
37 27
37 40
37 41
37 52
37 60
37 62
38 15
38 30
38 43
38 52
38 53
38 61
38 73
38 78
39 1
39 27
39 46
39 65
40 25
40 26
40 30
40 60
40 73
41 19
41 22
41 59
41 65
41 74
41 75
42 1
42 3
42 15
42 18
42 46
43 35
43 38
43 39
43 65
44 16
44 26
44 36
44 54
45 28
45 34
45 36
45 44
45 78
46 9
46 25
46 27
46 32
46 36
46 39
46 42
46 53
46 61
46 72
47 13
47 28
47 51
47 55
47 56
47 59
48 1
48 12
48 36
48 47
48 50
49 60
50 13
50 48
50 49
50 52
50 56
50 60
50 75
50 79
51 7
51 13
51 16
51 36
51 47
51 69
51 79
52 26
52 37
52 49
52 50
52 56
52 72
52 75
53 0
53 19
53 21
53 38
53 45
53 46
53 59
53 68
53 75
53 77
54 11
54 16
54 44
54 45
54 64
54 65
54 70
54 73
55 0
55 12
55 16
55 25
55 26
55 27
56 1
56 10
56 25
56 52
56 58
56 71
56 74
56 75
56 79
57 0
57 1
57 6
57 7
57 13
57 18
57 47
57 55
57 68
57 74
58 0
58 7
58 66
59 3
59 8
59 18
59 19
59 20
59 21
59 23
59 41
59 56
59 60
59 61
59 78
60 6
60 20
60 31
60 35
60 37
60 40
60 49
60 50
60 68
60 70
60 78
61 4
61 24
61 30
61 34
61 35
61 46
61 59
62 0
62 9
62 18
62 29
62 32
62 37
62 46
62 69
62 74
62 77
63 1
63 3
63 24
63 51
63 54
63 65
64 5
64 13
64 41
64 45
64 49
64 57
65 1
65 16
65 17
65 27
65 39
65 43
65 54
65 63
66 1
66 36
66 71
67 32
67 33
67 47
67 57
68 2
68 34
68 53
68 60
68 79
69 22
69 35
69 51
70 17
70 22
70 57
70 60
70 72
71 14
71 15
71 23
71 24
71 64
72 1
72 21
72 46
72 52
72 70
73 26
73 31
73 38
73 40
73 69
74 4
74 36
74 42
74 56
74 57
74 62
74 75
75 10
75 14
75 16
75 36
75 38
75 41
75 50
75 52
75 53
75 56
75 60
75 74
76 2
76 15
76 30
76 35
76 41
76 63
77 1
77 4
77 24
77 33
77 35
77 53
77 62
78 8
78 30
78 59
78 60
79 3
79 13
79 31
79 50
79 55
0 1 2 3 4 5
