80 931 20
0 1
0 13
0 14
0 16
0 18
0 20
0 25
0 31
0 32
0 42
0 47
0 48
0 58
0 59
0 60
0 61
0 63
0 69
0 75
1 0
1 2
1 5
1 10
1 14
1 15
1 30
1 41
1 50
1 51
1 57
2 1
2 16
2 23
2 25
2 28
2 33
2 58
2 66
3 25
3 26
3 27
3 29
3 31
3 32
3 38
3 56
3 69
4 9
4 15
4 19
4 32
4 36
4 45
4 50
4 61
4 63
4 66
4 67
4 74
5 1
5 14
5 19
5 23
5 34
5 36
5 44
5 51
5 53
5 62
5 64
5 66
5 70
5 71
5 76
5 79
6 16
6 18
6 27
6 30
6 40
6 44
6 51
6 53
6 65
6 73
6 76
6 78
6 79
7 9
7 20
7 21
7 49
7 51
7 56
7 64
7 72
8 13
8 20
8 24
8 35
8 39
8 41
8 45
8 53
8 54
8 59
8 73
8 77
9 4
9 7
9 8
9 12
9 21
9 23
9 32
9 33
9 37
9 38
9 47
9 54
9 56
9 58
9 67
9 70
10 1
10 4
10 9
10 15
10 23
10 33
10 42
10 50
10 52
10 65
10 74
10 75
11 0
11 5
11 12
11 13
11 19
11 22
11 24
11 27
11 44
11 46
11 48
11 49
11 50
11 53
11 59
11 60
11 67
11 72
11 75
12 9
12 11
12 16
12 17
12 18
12 20
12 36
12 38
12 47
12 55
12 61
12 66
13 0
13 4
13 8
13 15
13 17
13 24
13 25
13 36
13 42
13 56
13 60
13 62
13 63
13 65
13 73
13 74
14 0
14 1
14 4
14 5
14 16
14 22
14 23
14 31
14 43
14 48
14 64
14 70
14 73
14 74
14 76
15 1
15 10
15 13
15 20
15 30
15 38
15 39
15 50
15 52
15 65
15 67
15 70
16 0
16 2
16 6
16 7
16 14
16 18
16 28
16 29
16 31
16 61
16 65
17 0
17 19
17 22
17 24
17 28
17 31
17 33
17 36
17 40
17 46
17 53
17 55
17 59
17 64
17 66
17 72
17 75
18 0
18 2
18 6
18 12
18 16
18 24
18 48
18 65
18 67
18 70
18 79
19 4
19 5
19 11
19 17
19 32
19 34
19 38
19 46
19 50
19 63
20 0
20 7
20 8
20 12
20 13
20 15
20 33
20 39
20 44
20 61
20 63
20 75
20 77
20 79
21 3
21 9
21 37
21 43
21 44
21 50
21 55
21 56
21 59
21 60
21 64
21 68
22 2
22 9
22 17
22 30
22 39
22 44
22 48
22 53
22 63
22 73
22 74
22 75
22 79
23 5
23 10
23 25
23 28
23 33
23 38
23 44
23 46
23 49
23 53
23 63
23 65
23 71
23 73
24 8
24 11
24 15
24 18
24 32
24 43
24 44
24 46
24 55
24 60
24 75
25 2
25 13
25 15
25 23
25 40
25 41
25 46
25 66
25 67
25 68
26 3
26 4
26 9
26 15
26 22
26 28
26 29
26 33
26 40
26 49
26 56
26 57
26 60
26 62
26 79
27 3
27 6
27 24
27 46
27 49
27 59
27 67
27 68
27 72
27 78
28 10
28 16
28 17
28 23
28 26
28 29
28 37
28 40
28 43
28 47
28 49
28 56
28 60
28 61
28 73
28 76
28 78
29 3
29 6
29 12
29 26
29 28
29 34
29 39
29 40
29 47
29 78
29 79
30 1
30 3
30 6
30 7
30 15
30 19
30 50
30 52
30 59
30 60
30 64
30 70
30 73
30 76
31 25
31 27
31 28
31 33
31 35
31 44
31 49
31 54
31 60
31 68
31 72
32 0
32 3
32 4
32 9
32 19
32 20
32 24
32 47
32 54
32 56
32 62
32 64
32 68
33 2
33 3
33 6
33 17
33 20
33 23
33 35
33 37
33 54
33 66
33 69
34 17
34 25
34 29
34 30
34 37
34 42
34 62
34 73
34 74
34 78
35 10
35 23
35 33
35 38
35 39
35 45
35 46
35 49
35 68
35 69
35 78
36 1
36 5
36 13
36 25
36 39
36 43
36 48
36 52
36 53
36 56
36 59
36 67
36 74
37 3
37 17
37 21
37 28
37 33
37 34
37 41
37 43
37 49
37 59
37 78
38 9
38 12
38 15
38 22
38 23
38 42
38 43
38 45
38 51
38 61
38 64
38 76
39 8
39 15
39 26
39 29
39 30
39 35
39 36
39 63
39 66
39 67
39 71
39 75
39 77
40 6
40 12
40 17
40 25
40 29
40 56
40 65
40 70
40 72
41 8
41 14
41 19
41 25
41 38
41 43
41 56
41 68
42 10
42 13
42 25
42 34
42 47
42 54
42 77
43 14
43 21
43 24
43 37
43 38
43 39
44 1
44 6
44 11
44 20
44 22
44 24
44 26
44 68
44 79
45 4
45 12
45 15
45 18
45 28
45 35
45 38
45 47
45 66
45 69
45 78
45 79
46 0
46 11
46 17
46 23
46 24
46 35
46 39
46 54
46 55
46 56
46 58
46 61
46 64
46 66
47 0
47 2
47 19
47 29
47 42
47 45
47 48
47 51
47 64
48 0
48 11
48 18
48 22
48 31
48 34
48 36
48 47
48 50
48 53
48 71
48 72
49 7
49 23
49 26
49 34
49 37
49 53
49 61
49 69
50 1
50 4
50 9
50 15
50 19
50 21
50 30
50 35
50 48
50 55
50 58
50 63
50 68
50 69
50 76
51 1
51 5
51 6
51 7
51 11
51 31
51 48
52 0
52 10
52 15
52 19
52 40
52 48
52 51
53 3
53 5
53 8
53 11
53 13
53 15
53 17
53 18
53 23
53 39
53 48
53 66
53 74
54 6
54 8
54 18
54 23
54 31
54 32
54 44
54 56
54 76
55 1
55 8
55 17
55 18
55 21
55 22
55 24
55 46
55 62
55 66
55 77
55 78
56 7
56 9
56 13
56 21
56 23
56 26
56 28
56 35
56 36
56 40
56 54
56 55
56 69
56 75
56 78
57 54
57 59
57 61
57 65
58 0
58 4
58 9
58 21
58 24
58 42
58 46
58 50
58 78
59 0
59 8
59 9
59 11
59 17
59 24
59 36
59 57
59 67
59 77
60 0
60 11
60 13
60 21
60 26
60 29
60 30
60 31
60 52
60 61
61 0
61 12
61 13
61 14
61 16
61 20
61 22
61 26
61 31
61 36
61 38
61 46
61 49
61 57
61 60
61 64
61 66
62 17
62 19
62 26
62 27
62 32
62 49
62 52
62 55
62 64
62 69
62 72
63 0
63 4
63 13
63 15
63 19
63 20
63 34
63 38
63 46
63 50
63 72
64 5
64 22
64 30
64 32
64 45
64 46
64 47
64 61
64 67
64 72
65 9
65 10
65 13
65 16
65 24
65 40
65 48
65 57
65 77
65 79
66 2
66 4
66 12
66 33
66 39
66 42
66 44
66 45
66 46
66 48
66 53
66 55
66 76
66 78
67 4
67 9
67 11
67 15
67 18
67 25
67 27
67 36
67 39
67 44
67 46
67 55
67 59
67 64
68 25
68 27
68 31
68 32
68 41
68 44
68 73
68 78
69 0
69 3
69 23
69 33
69 42
69 45
69 50
69 55
70 1
70 5
70 14
70 15
70 18
70 24
70 27
70 30
70 31
70 40
70 44
70 45
70 48
70 51
70 54
70 61
70 74
71 4
71 5
71 7
71 18
71 23
71 47
71 72
71 74
71 75
72 4
72 6
72 14
72 17
72 28
72 31
72 40
72 48
72 63
72 68
72 70
72 73
72 74
73 8
73 10
73 13
73 14
73 20
73 21
73 22
73 23
73 25
73 28
73 30
73 68
73 72
74 7
74 17
74 34
74 55
74 62
74 70
74 72
75 0
75 10
75 11
75 17
75 20
75 24
75 27
75 39
75 71
76 5
76 28
76 30
76 48
76 50
76 54
76 66
76 68
77 8
77 17
77 32
77 34
77 35
77 40
77 55
77 59
77 65
77 68
77 73
77 78
77 79
78 3
78 24
78 26
78 27
78 28
78 29
78 34
78 37
78 51
78 55
78 56
78 58
78 60
78 68
78 74
78 77
79 5
79 10
79 18
79 20
79 22
79 26
79 29
79 34
79 44
79 45
79 54
79 65
79 77
0 1 2 3 4 5 6 7 8 9 10 11 12 13 14 15 16 17 18 19
