80 522 20
0 1
0 24
0 27
0 35
0 40
0 45
0 54
0 55
0 58
0 66
1 0
1 3
1 12
1 41
1 58
1 69
1 70
1 76
2 26
2 27
2 30
2 45
2 48
2 57
2 75
3 1
3 11
3 14
3 32
3 50
3 61
4 12
4 38
4 45
4 51
5 6
5 15
5 25
5 31
5 33
5 34
5 37
5 63
5 64
6 5
6 7
6 58
6 64
7 21
7 50
7 74
8 13
8 37
8 39
8 42
8 59
8 62
8 63
9 12
9 56
10 5
10 21
10 35
10 37
10 45
10 46
10 54
10 58
10 63
10 66
10 73
11 3
11 4
11 8
11 14
11 25
11 50
11 52
11 58
11 62
12 1
12 4
12 7
12 9
12 31
12 39
12 52
12 57
12 64
13 3
13 8
13 21
13 23
13 42
13 51
13 67
14 0
14 16
14 18
14 22
14 54
14 60
15 31
15 33
15 50
15 66
15 77
16 33
16 34
16 48
16 70
16 76
17 20
17 39
17 46
17 50
18 4
18 21
18 23
18 31
18 66
19 29
19 31
19 64
19 75
19 76
19 77
20 17
20 33
20 71
20 72
20 73
21 3
21 7
21 10
21 13
21 18
21 49
21 50
21 71
21 78
22 1
22 14
22 53
23 18
23 24
23 27
23 29
23 38
23 49
23 61
24 0
24 23
24 34
24 38
24 39
24 53
24 59
24 63
24 64
24 67
25 5
25 11
25 29
25 31
25 58
25 69
25 75
26 2
26 14
26 28
26 29
26 41
26 46
26 67
26 70
26 79
27 0
27 2
27 5
27 7
27 30
27 38
27 55
27 67
27 68
27 77
28 26
28 31
28 35
28 66
28 74
28 76
29 16
29 19
29 23
29 25
29 26
29 30
29 33
29 45
29 63
30 2
30 19
30 22
30 27
30 29
30 55
30 73
31 12
31 15
31 16
31 18
31 21
31 28
31 41
31 50
31 51
31 55
31 56
31 58
31 64
31 66
31 76
32 3
32 4
32 47
32 50
32 75
33 5
33 13
33 15
33 16
33 29
33 37
33 48
33 49
34 5
34 16
34 24
34 54
34 62
34 77
35 0
35 10
35 27
35 28
35 41
35 42
35 74
35 77
36 6
36 21
36 38
36 39
36 49
36 51
36 53
36 58
36 69
36 75
37 0
37 5
37 10
37 40
37 50
37 53
37 63
37 75
38 23
38 36
38 61
39 8
39 12
39 24
39 36
39 52
39 70
39 73
40 0
40 9
40 18
40 35
40 37
40 48
40 55
40 78
41 1
41 31
41 34
41 35
41 59
41 69
42 8
42 35
42 53
42 76
43 13
43 34
43 35
43 52
44 7
44 29
44 47
44 58
44 60
45 0
45 2
45 4
45 29
45 43
45 65
46 7
46 8
46 10
46 12
46 17
46 26
46 32
46 59
46 74
47 23
47 65
48 2
48 16
48 40
49 21
49 33
49 36
49 55
50 3
50 9
50 11
50 15
50 17
50 31
50 32
50 35
51 30
51 66
51 75
52 11
52 12
52 39
52 43
52 48
52 63
52 64
52 70
53 37
53 38
53 42
53 55
53 70
54 5
54 14
54 34
54 52
54 62
54 65
54 68
54 70
54 73
55 12
55 27
55 31
55 40
55 43
55 53
55 59
55 78
56 33
56 46
56 64
56 67
56 76
57 2
57 12
57 19
57 61
57 67
57 79
58 0
58 1
58 10
58 11
58 36
58 44
58 75
59 3
59 24
59 25
59 27
59 46
59 77
60 44
60 49
60 63
60 77
60 78
61 23
61 44
61 57
62 8
62 11
62 34
62 54
63 8
63 10
63 27
63 29
63 40
63 52
63 60
63 71
64 5
64 6
64 12
64 19
64 24
64 56
64 69
64 77
65 31
65 43
65 45
65 62
65 74
66 18
66 22
66 31
66 51
66 69
66 70
66 71
66 73
67 20
67 24
67 56
67 68
67 78
67 79
68 23
68 54
68 58
68 67
68 76
69 0
69 1
69 25
69 36
69 41
69 42
69 58
69 64
69 66
69 72
70 1
70 28
70 39
70 52
70 53
70 54
70 62
70 66
70 73
71 5
71 21
71 51
71 66
71 77
72 20
72 32
72 53
72 69
73 10
73 17
73 20
73 30
73 39
73 54
73 56
73 66
74 7
74 51
74 59
74 66
75 2
75 9
75 14
75 25
75 32
75 36
75 37
75 38
75 51
75 69
75 78
76 1
76 15
76 16
76 28
76 42
76 68
77 19
77 27
77 34
77 35
77 43
77 60
77 79
78 5
78 21
78 55
78 75
79 26
79 41
79 63
79 67
79 69
79 74
79 77
0 1 2 3 4 5 6 7 8 9 10 11 12 13 14 15 16 17 18 19
