80 931 8
0 2
0 13
0 16
0 20
0 22
0 30
0 38
0 41
0 43
0 46
0 54
0 55
0 68
0 69
0 75
0 77
1 6
1 22
1 24
1 28
1 30
1 32
1 45
1 47
1 51
1 69
2 0
2 7
2 10
2 14
2 20
2 25
2 26
2 30
2 35
2 63
2 66
2 69
2 72
2 73
2 75
3 32
3 57
3 64
3 73
3 75
4 5
4 17
4 27
4 33
4 36
4 40
4 48
4 58
4 63
4 76
5 4
5 17
5 30
5 37
5 45
5 48
5 49
5 50
5 54
5 65
5 66
5 67
5 68
5 71
6 1
6 17
6 18
6 25
6 36
6 49
6 50
6 56
6 64
6 71
6 72
6 76
7 2
7 12
7 27
7 34
7 41
7 56
7 60
7 61
7 67
7 73
8 12
8 15
8 23
8 24
8 40
8 66
8 68
8 69
8 79
9 4
9 33
9 42
9 50
9 56
9 67
9 70
9 73
9 77
10 0
10 2
10 4
10 16
10 18
10 36
10 47
10 56
10 70
10 74
10 76
11 4
11 10
11 30
11 32
11 35
11 50
11 52
11 56
11 73
12 8
12 24
12 36
12 57
12 59
12 61
13 0
13 2
13 23
13 36
13 47
13 55
13 69
13 73
14 16
14 20
14 21
14 32
14 37
14 44
14 50
14 61
14 63
14 65
14 69
14 71
14 73
14 77
15 8
15 17
15 23
15 30
15 37
15 38
15 57
15 62
15 64
15 69
15 71
15 72
16 0
16 10
16 14
16 17
16 18
16 20
16 23
16 32
16 39
16 51
16 56
16 67
16 71
16 77
17 5
17 6
17 20
17 22
17 24
17 28
17 42
17 48
17 52
17 54
17 63
17 66
17 76
18 2
18 5
18 6
18 10
18 16
18 22
18 39
18 41
18 42
18 47
18 49
18 53
18 58
18 66
18 79
19 3
19 21
19 22
19 24
19 26
19 31
19 36
19 37
19 40
19 45
19 47
19 48
19 59
19 67
19 68
19 79
20 0
20 2
20 5
20 16
20 17
20 27
20 29
20 37
20 38
20 40
20 42
20 47
20 51
21 0
21 2
21 13
21 14
21 19
21 25
21 32
21 40
21 44
21 68
21 78
22 0
22 1
22 18
22 29
22 42
22 54
22 65
22 70
22 72
22 74
23 8
23 15
23 16
23 24
23 39
23 41
23 52
23 53
23 55
23 62
23 63
23 66
23 68
23 70
23 73
24 1
24 2
24 23
24 29
24 31
24 34
24 44
24 55
24 57
24 64
24 70
25 6
25 12
25 18
25 39
25 41
25 48
25 54
25 55
25 57
25 62
25 66
26 2
26 7
26 16
26 19
26 29
26 36
26 41
26 44
26 47
26 59
26 60
26 69
26 71
27 4
27 10
27 20
27 34
27 39
27 48
27 52
27 57
27 67
27 71
28 1
28 57
28 64
28 67
28 70
29 11
29 20
29 24
29 26
29 28
29 32
29 43
29 47
29 52
29 53
29 67
29 77
30 0
30 1
30 15
30 22
30 25
30 31
30 32
30 43
30 50
30 52
30 54
30 58
30 62
30 67
30 69
30 76
30 79
31 7
31 8
31 19
31 30
31 43
31 49
31 51
31 58
31 65
31 70
31 76
31 79
32 1
32 4
32 11
32 14
32 16
32 21
32 29
32 41
32 46
32 54
32 61
32 67
32 75
32 78
32 79
33 4
33 5
33 9
33 15
33 43
33 45
33 54
33 75
33 78
34 27
34 36
34 47
34 52
34 54
34 55
34 61
34 70
35 2
35 11
35 18
35 37
35 45
35 49
35 50
35 55
35 73
36 6
36 12
36 13
36 17
36 19
36 20
36 34
36 39
36 40
36 41
36 64
37 5
37 14
37 19
37 24
37 28
37 45
37 50
37 58
37 66
38 11
38 15
38 18
38 25
38 41
38 42
38 50
38 54
38 65
39 16
39 18
39 23
39 27
39 44
39 59
39 63
39 74
39 78
40 4
40 15
40 20
40 21
40 23
40 25
40 28
40 33
40 36
40 43
40 48
40 50
40 55
40 74
40 75
41 18
41 20
41 23
41 25
41 26
41 50
41 54
41 56
41 74
41 79
42 9
42 17
42 18
42 20
42 35
42 38
42 45
42 46
42 52
42 59
42 72
42 73
42 74
42 76
43 0
43 16
43 21
43 24
43 29
43 30
43 31
43 32
43 33
43 40
43 50
43 52
43 69
43 71
44 11
44 21
44 26
44 29
44 45
44 46
44 58
44 62
44 66
44 76
44 79
45 1
45 2
45 5
45 10
45 19
45 33
45 37
45 44
45 49
45 65
45 68
45 70
45 74
46 13
46 18
46 20
46 24
46 30
46 32
46 39
46 42
46 47
46 48
46 50
46 53
46 55
46 59
46 62
46 63
47 0
47 1
47 10
47 13
47 15
47 18
47 20
47 26
47 29
47 31
47 34
47 46
47 52
47 78
48 4
48 5
48 19
48 27
48 35
48 40
48 46
48 72
48 78
49 6
49 8
49 18
49 20
49 31
49 35
49 45
49 48
49 53
49 55
49 69
50 5
50 6
50 11
50 18
50 28
50 30
50 33
50 35
50 37
50 38
50 40
50 46
50 51
50 55
50 61
50 68
50 71
50 74
51 1
51 4
51 17
51 20
51 22
51 30
51 46
51 50
51 57
51 66
51 77
52 14
52 18
52 27
52 29
52 30
52 33
52 34
52 35
52 42
52 43
52 49
52 56
52 66
53 19
53 23
53 26
53 30
53 43
53 49
53 57
54 0
54 17
54 22
54 26
54 32
54 33
54 34
54 38
54 41
54 62
55 0
55 22
55 23
55 25
55 34
55 35
55 42
55 49
55 57
55 69
56 6
56 9
56 11
56 16
56 17
56 20
56 51
56 62
56 68
56 73
56 77
57 3
57 24
57 25
57 27
57 28
57 37
57 51
57 53
57 62
57 63
57 65
57 71
57 73
58 18
58 20
58 37
58 44
58 47
58 62
58 68
58 71
58 74
59 1
59 3
59 12
59 27
59 29
59 42
59 46
59 58
59 75
59 78
60 31
60 47
60 74
61 7
61 8
61 12
61 14
61 27
61 32
61 44
61 50
61 64
61 71
61 77
61 78
62 0
62 3
62 6
62 21
62 22
62 23
62 25
62 40
62 46
62 47
62 54
62 57
62 58
62 66
62 76
63 4
63 14
63 17
63 19
63 39
63 57
63 64
63 67
63 68
63 71
63 72
64 6
64 7
64 15
64 24
64 28
64 36
64 46
64 53
64 61
64 63
64 65
64 67
64 72
64 77
64 79
65 3
65 5
65 14
65 22
65 26
65 38
65 64
65 72
66 2
66 5
66 8
66 18
66 23
66 25
66 28
66 30
66 37
66 49
66 51
66 52
66 62
66 72
67 2
67 6
67 7
67 9
67 16
67 19
67 30
67 32
67 44
67 52
67 63
67 70
67 74
67 76
68 0
68 5
68 8
68 9
68 19
68 21
68 23
68 38
68 44
68 45
68 56
68 63
68 72
68 74
69 0
69 8
69 13
69 14
69 15
69 22
69 25
69 26
69 27
69 30
69 35
69 54
69 55
69 60
69 76
70 9
70 22
70 23
70 27
70 64
70 65
70 72
70 75
70 76
71 6
71 15
71 16
71 23
71 26
71 27
71 43
71 45
71 50
71 57
71 58
71 63
71 70
71 73
71 78
72 2
72 6
72 38
72 40
72 48
72 51
72 55
72 56
72 58
72 60
72 63
72 65
72 66
72 68
72 69
72 70
72 75
72 79
73 2
73 9
73 11
73 14
73 15
73 30
73 35
73 39
73 57
73 58
73 60
73 70
74 10
74 22
74 39
74 41
74 42
74 45
74 50
74 53
74 57
74 58
74 60
74 67
75 0
75 2
75 3
75 29
75 32
75 39
75 44
75 46
75 59
75 63
75 70
75 72
76 4
76 6
76 31
76 42
76 54
76 58
76 62
76 67
76 69
77 0
77 3
77 9
77 11
77 20
77 29
77 30
77 51
77 57
77 69
77 75
77 79
78 26
78 32
78 47
78 48
78 57
78 58
78 59
78 61
78 71
78 74
78 79
79 1
79 7
79 18
79 19
79 30
79 32
79 40
79 44
79 46
79 54
79 57
79 72
79 77
79 78
0 1 2 3 4 5 6 7
