80 931 8
0 9
0 18
0 20
0 22
0 28
0 30
0 31
0 33
0 35
0 36
0 42
0 47
0 51
0 54
0 59
0 62
0 65
0 66
0 71
0 72
0 78
0 79
1 5
1 9
1 14
1 27
1 30
1 31
1 46
1 52
1 64
1 67
1 68
1 70
2 8
2 12
2 18
2 25
2 39
2 40
3 6
3 10
3 29
3 36
3 50
3 65
3 77
4 6
4 15
4 21
4 25
4 31
4 36
4 45
4 51
4 56
4 67
5 1
5 10
5 18
5 26
5 36
5 38
5 43
5 44
5 56
5 63
5 68
5 76
5 77
6 4
6 7
6 16
6 17
6 22
6 25
6 30
6 33
6 45
6 51
6 68
6 69
6 74
6 76
6 77
6 79
7 6
7 9
7 18
7 21
7 28
7 35
7 37
7 38
7 41
7 50
7 62
7 68
7 71
7 77
7 78
8 11
8 12
8 21
8 24
8 27
8 29
8 31
8 37
8 42
8 48
8 55
8 62
8 66
8 74
8 76
9 0
9 1
9 4
9 18
9 26
9 46
9 50
9 52
9 54
9 64
9 68
10 3
10 5
10 30
10 34
10 55
10 56
10 65
10 68
10 76
10 78
11 8
11 17
11 19
11 31
11 37
11 45
11 46
11 47
11 54
11 62
11 73
12 2
12 13
12 16
12 17
12 22
12 24
12 29
12 32
12 41
12 51
12 55
12 56
12 73
13 9
13 12
13 17
13 28
13 29
13 32
13 41
13 44
13 62
13 63
13 66
13 73
13 76
13 78
14 0
14 1
14 2
14 19
14 24
14 28
14 35
14 41
14 42
14 46
14 61
14 71
15 4
15 10
15 26
15 36
15 44
15 47
15 59
15 61
15 62
16 6
16 12
16 30
16 49
16 54
16 67
16 71
16 79
17 6
17 11
17 12
17 21
17 26
17 32
17 34
17 58
17 64
17 66
17 70
18 0
18 5
18 7
18 16
18 20
18 23
18 25
18 34
18 39
18 44
18 54
18 60
18 61
18 66
18 69
18 73
19 7
19 14
19 34
19 37
19 45
19 54
19 70
19 73
20 0
20 18
20 47
20 53
20 54
20 60
20 71
20 74
20 78
21 7
21 8
21 17
21 41
21 55
21 76
22 0
22 6
22 29
22 32
22 34
22 37
22 41
22 46
22 52
22 54
22 55
22 61
22 66
22 67
22 69
22 75
23 0
23 1
23 3
23 18
23 29
23 33
23 35
23 37
23 60
23 66
23 77
24 8
24 12
24 14
24 30
24 34
24 49
24 63
24 74
24 76
24 78
25 2
25 4
25 6
25 8
25 20
25 26
25 31
25 38
25 47
25 53
25 66
25 67
25 68
26 5
26 9
26 16
26 17
26 25
26 31
26 36
26 44
26 48
26 50
26 51
26 53
26 54
26 61
26 69
26 75
27 3
27 8
27 22
27 59
27 68
27 77
27 79
28 0
28 13
28 14
28 15
28 32
28 40
28 47
28 48
28 55
28 78
29 1
29 8
29 13
29 22
29 34
29 41
29 43
29 44
29 48
29 64
29 71
29 73
29 76
30 0
30 1
30 6
30 10
30 16
30 24
30 44
30 48
30 51
30 58
30 59
30 78
31 1
31 3
31 4
31 6
31 8
31 11
31 25
31 38
31 44
31 50
31 53
31 55
31 56
31 63
31 66
31 67
31 70
31 77
31 78
32 13
32 17
32 28
32 33
32 36
32 41
32 45
32 51
32 56
32 72
32 74
32 75
32 78
33 4
33 6
33 23
33 29
33 32
33 39
33 41
33 43
33 46
33 53
33 66
33 79
34 7
34 17
34 18
34 21
34 22
34 29
34 36
34 54
34 61
34 62
34 65
34 67
34 72
34 75
34 77
35 0
35 7
35 24
35 41
35 50
35 52
35 59
35 62
35 69
35 72
36 8
36 32
36 34
36 35
36 68
36 72
36 73
37 7
37 8
37 20
37 22
37 27
37 50
37 54
37 56
37 60
37 61
37 62
38 5
38 7
38 25
38 36
38 41
38 47
38 56
39 0
39 2
39 20
39 33
39 41
39 53
39 59
39 60
39 63
39 64
39 69
39 76
39 79
40 2
40 26
40 28
40 32
40 50
40 52
40 54
40 64
40 65
40 78
41 1
41 12
41 14
41 22
41 27
41 29
41 30
41 32
41 33
41 35
41 39
41 43
41 48
41 54
41 59
41 67
42 0
42 8
42 46
42 55
42 57
42 59
42 69
42 72
42 74
43 8
43 13
43 21
43 41
43 61
43 66
43 71
43 72
44 5
44 6
44 15
44 18
44 26
44 29
44 30
44 50
44 54
44 64
44 67
44 72
45 4
45 6
45 11
45 15
45 19
45 22
45 31
45 32
45 74
46 7
46 9
46 11
46 22
46 25
46 28
46 29
46 52
46 58
46 59
47 0
47 11
47 15
47 23
47 24
47 25
47 28
47 32
47 48
47 53
47 69
47 70
48 0
48 9
48 18
48 19
48 26
48 28
48 29
48 30
48 32
48 41
48 42
48 43
48 46
48 47
48 62
48 70
48 72
48 74
48 78
49 9
49 16
49 26
49 30
49 52
49 54
49 68
50 3
50 8
50 9
50 26
50 35
50 37
50 38
50 42
50 45
50 51
50 52
50 58
50 71
51 0
51 1
51 4
51 6
51 7
51 12
51 26
51 32
51 45
51 67
51 75
51 78
52 1
52 24
52 27
52 30
52 40
52 46
52 49
52 50
52 63
52 70
52 71
52 78
53 12
53 20
53 26
53 29
53 34
53 37
53 42
53 47
53 50
53 57
53 61
53 70
53 71
54 0
54 9
54 16
54 19
54 20
54 22
54 26
54 34
54 40
54 46
54 49
54 74
55 8
55 10
55 16
55 21
55 22
55 31
55 51
55 72
56 2
56 4
56 5
56 10
56 12
56 23
56 37
56 47
56 54
56 58
56 66
57 1
57 42
57 51
57 53
57 59
57 60
58 18
58 20
58 30
58 46
58 50
58 56
58 74
59 0
59 3
59 27
59 28
59 30
59 34
59 35
59 39
59 41
59 42
59 46
59 50
59 56
59 57
59 60
59 70
59 71
59 74
60 1
60 4
60 18
60 20
60 37
60 57
60 59
60 62
60 64
60 65
60 68
60 73
60 75
61 7
61 18
61 21
61 22
61 26
61 34
61 37
61 43
61 49
61 66
61 75
62 0
62 7
62 10
62 13
62 15
62 19
62 20
62 35
62 58
62 60
62 71
62 76
63 11
63 13
63 15
63 24
63 26
63 52
63 72
63 73
64 4
64 9
64 12
64 23
64 29
64 33
64 39
64 41
64 44
64 45
64 46
64 54
64 60
64 75
65 0
65 3
65 31
65 34
65 40
65 54
65 56
65 57
65 60
65 72
65 75
65 78
66 0
66 13
66 17
66 18
66 25
66 26
66 30
66 31
66 43
66 54
66 56
66 61
66 74
66 77
67 1
67 9
67 16
67 22
67 25
67 31
67 44
67 56
67 74
68 4
68 5
68 6
68 7
68 10
68 13
68 25
68 27
68 29
68 49
68 50
68 52
68 60
68 74
69 3
69 14
69 18
69 22
69 25
69 35
69 39
69 54
69 75
69 79
70 1
70 17
70 19
70 31
70 36
70 47
70 48
70 53
70 57
70 68
70 78
71 0
71 3
71 7
71 12
71 14
71 16
71 20
71 21
71 26
71 43
71 50
71 53
71 56
71 61
71 72
71 76
72 0
72 3
72 19
72 26
72 34
72 35
72 42
72 43
72 62
72 65
72 73
72 75
73 6
73 11
73 13
73 18
73 19
73 36
73 37
73 60
73 72
73 78
74 8
74 16
74 27
74 32
74 37
74 40
74 48
74 54
74 58
74 59
74 66
74 68
74 69
74 78
75 6
75 10
75 22
75 26
75 32
75 34
75 39
75 45
75 51
75 60
75 61
75 64
75 69
75 72
75 73
76 10
76 13
76 21
76 22
76 26
76 39
76 45
76 50
76 69
76 71
77 5
77 13
77 16
77 23
77 31
77 34
77 51
77 66
77 68
78 0
78 7
78 18
78 24
78 25
78 30
78 31
78 32
78 33
78 35
78 48
78 52
78 63
78 65
78 72
78 73
78 74
79 0
79 1
79 33
79 36
79 43
79 48
79 69
0 1 2 3 4 5 6 7
