80 314 20
0 5
0 8
0 12
0 53
0 56
0 61
0 65
0 69
0 75
0 77
1 32
1 37
1 43
1 62
1 70
2 64
2 66
3 22
3 42
3 66
4 6
4 9
4 28
4 30
4 73
5 0
5 33
5 36
5 40
5 46
5 47
5 78
6 4
6 49
6 51
7 37
7 42
7 69
8 0
8 23
8 24
8 40
9 4
9 21
9 38
9 70
9 76
10 30
10 72
11 12
11 27
11 40
11 55
11 60
12 0
12 11
12 22
13 18
13 69
13 78
14 15
14 20
14 68
14 71
14 73
15 14
15 38
16 21
16 35
16 42
16 47
16 54
16 57
16 60
17 42
17 65
17 74
18 13
18 23
18 38
18 41
18 49
18 52
18 60
19 25
19 33
19 46
20 14
20 24
20 39
20 50
20 53
20 65
21 9
21 16
21 37
22 3
22 12
22 39
22 48
22 57
23 8
23 18
24 8
24 20
24 25
24 52
24 60
25 19
25 46
26 37
26 47
26 78
26 79
27 11
27 39
27 43
27 65
28 4
28 8
28 32
28 33
28 42
28 59
28 66
29 54
30 4
30 43
31 54
31 76
31 78
32 1
32 28
32 39
33 5
33 19
33 28
33 73
34 37
34 38
34 70
35 16
35 69
36 5
36 49
36 53
36 58
37 1
37 7
37 21
37 26
37 34
37 65
37 73
38 15
38 18
38 34
38 65
38 73
38 78
39 20
39 22
39 27
39 32
39 63
40 5
40 8
40 11
40 30
41 18
41 57
41 74
42 3
42 7
42 16
42 17
42 28
43 1
43 27
43 30
43 48
43 56
43 57
44 52
44 54
45 61
46 5
46 6
46 19
46 25
47 5
47 16
47 26
47 51
47 66
48 22
48 43
48 74
48 77
49 6
49 18
49 36
49 53
49 58
50 20
50 51
50 59
51 6
51 47
51 50
51 60
52 18
52 24
52 44
53 0
53 20
53 36
53 49
53 55
53 58
54 16
54 29
54 31
54 44
54 68
54 75
55 11
55 53
55 61
56 0
56 43
57 16
57 22
57 41
57 43
57 64
58 36
58 49
58 53
59 28
59 50
59 67
59 76
60 11
60 16
60 18
60 24
60 51
61 0
61 45
61 55
61 68
62 1
63 39
63 67
64 2
64 57
64 70
65 0
65 17
65 20
65 27
65 37
65 38
66 2
66 3
66 28
66 47
67 59
67 63
67 71
68 14
68 54
68 61
69 0
69 7
69 13
69 35
70 1
70 9
70 34
70 64
70 72
70 77
71 14
71 67
71 74
72 10
72 70
73 4
73 14
73 33
73 37
73 38
73 78
74 17
74 41
74 48
74 71
75 0
75 54
76 9
76 31
76 59
77 0
77 48
77 70
78 5
78 13
78 26
78 31
78 38
78 73
79 26
0 1 2 3 4 5 6 7 8 9 10 11 12 13 14 15 16 17 18 19
