80 235 20
0 10
0 44
0 52
1 50
1 51
1 53
2 17
2 39
3 33
3 42
3 72
4 45
5 8
5 77
6 23
6 67
7 22
7 24
7 36
7 64
8 5
8 65
8 68
9 18
9 44
9 57
9 62
10 0
10 33
10 41
10 70
10 74
11 21
11 59
12 35
13 14
13 22
13 32
13 69
14 13
14 40
14 73
14 77
15 21
15 38
15 54
16 26
16 58
17 2
17 38
17 47
17 59
18 9
18 57
19 22
19 74
19 75
20 29
20 71
21 11
21 15
21 77
22 0
22 7
22 13
22 19
22 25
23 6
23 71
24 7
24 37
24 39
24 74
25 22
25 30
25 39
26 16
26 28
26 51
26 61
26 69
26 74
26 78
27 41
28 26
29 20
29 47
29 55
29 65
30 25
32 13
32 78
33 3
33 10
33 70
34 69
34 71
35 12
35 53
36 7
36 45
36 71
37 24
37 42
38 17
38 50
38 61
39 24
39 25
39 64
40 14
40 51
40 58
40 66
41 10
41 27
41 31
42 3
42 37
42 51
42 77
43 54
43 65
44 0
44 9
44 48
44 61
44 73
44 78
45 4
45 36
46 61
47 17
47 29
47 59
48 44
48 63
49 66
50 1
50 38
51 1
51 26
51 40
51 42
51 56
51 74
51 79
52 0
52 66
52 67
53 1
53 35
54 15
54 43
54 66
55 29
56 51
57 9
57 18
57 59
58 16
58 40
58 65
58 67
59 11
59 17
59 47
59 57
59 60
60 59
61 26
61 38
61 44
61 46
61 68
61 79
62 9
62 69
63 48
63 71
64 7
64 39
65 8
65 29
65 43
65 58
65 71
65 78
66 40
66 49
66 52
66 54
66 77
67 6
67 52
67 58
67 71
68 8
68 61
69 13
69 26
69 34
69 62
69 76
70 10
70 33
71 20
71 23
71 34
71 36
71 63
71 65
71 67
72 3
73 14
73 44
74 19
74 24
74 26
74 51
75 19
75 77
76 69
77 5
77 14
77 21
77 42
77 66
77 75
78 26
78 32
78 44
78 65
79 51
79 61
0 1 2 3 4 5 6 7 8 9 10 11 12 13 14 15 16 17 18 19
