80 522 20
0 4
0 6
0 10
0 20
0 24
0 27
0 28
0 38
0 40
0 45
0 66
0 75
1 18
1 40
1 41
1 46
1 50
1 64
1 75
2 3
2 8
2 24
2 29
2 31
2 33
2 52
2 60
2 61
3 2
3 7
3 11
3 27
3 42
3 43
3 61
4 0
4 8
4 20
4 66
4 74
4 79
5 0
5 35
5 41
5 61
5 70
6 0
6 18
6 27
6 38
6 60
6 62
7 8
7 29
7 44
7 46
7 61
8 2
8 7
8 29
8 31
8 48
9 3
9 31
9 57
9 60
9 66
9 75
9 77
10 0
10 19
10 32
10 42
10 44
10 52
10 55
11 3
11 16
11 20
11 25
11 44
11 46
11 53
12 28
12 37
12 49
12 51
12 58
12 66
12 74
13 31
13 34
13 37
13 39
13 41
13 71
13 72
14 9
14 31
14 33
14 36
14 41
14 48
15 3
15 28
15 30
15 36
15 41
15 44
15 51
15 58
15 67
16 11
16 19
16 33
16 34
16 37
16 53
17 19
17 33
17 39
17 49
17 50
17 51
17 54
17 77
18 1
18 33
18 49
18 76
19 16
19 17
19 23
19 31
19 36
19 47
19 50
19 51
19 55
19 61
19 77
19 78
20 0
20 4
20 11
20 13
20 24
20 28
20 36
20 37
20 38
20 43
20 64
20 75
21 15
21 34
21 69
22 33
22 44
22 50
22 57
22 59
22 60
22 64
22 66
22 68
22 69
23 0
23 20
23 41
23 56
24 0
24 2
24 20
24 39
24 68
24 76
25 11
25 26
25 52
25 55
25 58
25 67
25 74
25 77
25 79
26 3
26 14
26 25
26 41
26 68
27 0
27 6
27 26
27 36
27 41
27 54
27 61
27 62
27 68
27 76
27 78
28 12
28 15
28 43
28 73
29 2
29 8
29 16
29 37
29 59
29 65
29 73
29 75
30 12
30 15
30 36
30 50
31 2
31 6
31 8
31 14
31 17
31 19
31 55
31 75
32 10
32 37
32 42
32 47
32 76
33 2
33 14
33 16
33 18
34 16
34 21
34 47
34 51
34 53
34 55
34 66
34 77
34 78
35 5
35 17
35 44
35 68
35 71
36 14
36 15
36 19
36 20
36 22
36 37
36 42
36 56
36 57
36 68
37 12
37 16
37 32
38 5
38 6
38 20
38 29
38 41
38 42
38 43
38 57
38 62
39 17
39 24
39 32
39 44
39 46
39 52
39 57
39 67
40 0
40 1
40 16
40 77
41 1
41 13
41 23
41 26
41 27
41 38
41 67
42 3
42 4
42 10
42 32
42 36
42 38
42 44
42 47
42 64
43 19
43 38
43 54
43 74
44 7
44 11
44 15
44 22
44 35
44 37
44 42
44 57
44 65
45 6
45 53
46 1
46 7
46 11
46 14
46 54
46 77
47 12
47 32
47 34
47 42
47 51
48 0
48 2
48 8
48 46
48 52
48 70
49 12
49 18
49 19
49 50
49 64
50 1
50 19
50 22
50 30
50 49
50 51
50 58
50 74
51 12
51 15
51 17
51 24
51 34
51 58
51 62
51 77
51 78
52 6
52 7
52 10
52 23
52 25
52 39
52 48
52 65
53 11
53 16
53 34
53 45
53 63
53 68
53 78
54 9
54 27
54 43
54 46
54 58
54 77
55 2
55 6
55 19
55 25
55 31
55 34
55 39
55 41
55 64
55 66
55 67
56 24
57 8
57 9
57 22
57 36
57 38
57 39
57 41
57 63
58 12
58 39
58 50
58 51
59 22
59 42
59 64
59 73
60 2
60 9
60 59
60 77
60 79
61 2
61 3
61 5
61 17
61 19
61 27
61 41
61 55
61 70
62 6
62 38
62 58
62 66
63 25
63 44
63 49
64 1
64 2
64 20
64 22
64 30
64 42
64 49
64 77
65 29
65 52
65 59
65 72
66 0
66 9
66 55
66 62
67 3
67 5
67 15
67 36
67 39
67 46
67 55
67 77
68 13
68 18
68 26
68 27
68 35
68 53
68 74
68 77
69 5
69 22
69 28
69 54
69 71
69 78
70 29
70 32
70 48
70 61
71 12
71 13
71 35
71 69
72 5
72 14
72 54
72 65
72 78
73 18
73 28
73 29
73 38
73 59
74 4
74 6
74 25
74 32
74 44
74 50
74 76
75 0
75 1
75 20
75 31
75 42
75 66
75 71
75 76
75 79
76 18
76 19
76 45
76 75
77 9
77 25
77 40
77 46
77 51
77 64
77 67
77 68
78 0
78 19
78 26
78 30
78 34
78 39
78 51
78 69
78 74
79 4
79 25
79 30
79 52
79 71
79 75
0 1 2 3 4 5 6 7 8 9 10 11 12 13 14 15 16 17 18 19
