80 522 6
0 11
0 33
0 39
0 41
0 72
1 2
1 8
1 11
1 12
1 14
1 38
1 54
1 62
1 73
1 76
2 1
2 6
2 18
2 19
2 22
2 31
2 51
2 52
2 66
2 70
2 74
3 9
3 13
3 24
3 46
3 72
4 20
4 21
4 26
4 28
4 51
4 74
5 12
5 27
5 38
5 61
5 74
6 2
6 4
6 12
6 31
6 51
6 60
6 74
7 43
7 47
7 68
8 33
8 39
8 42
8 79
9 16
9 21
9 68
10 5
10 24
10 40
10 46
10 54
10 55
10 73
10 76
10 77
11 0
11 18
11 23
11 26
11 28
11 35
11 39
11 44
11 49
11 52
11 70
12 1
12 3
12 6
12 20
12 28
12 37
12 49
12 56
12 58
13 3
13 6
13 17
13 40
13 46
13 60
13 62
13 65
14 6
14 7
14 10
14 19
14 22
14 64
14 72
14 73
15 30
15 47
15 65
15 77
16 9
16 17
16 30
16 41
16 43
16 45
16 46
16 54
16 68
17 16
17 21
17 31
17 44
17 51
17 68
18 2
18 11
18 36
18 40
18 42
18 53
18 55
18 60
18 61
18 64
19 2
19 14
19 23
19 24
19 28
19 29
19 43
19 53
19 72
19 75
19 79
20 12
20 38
20 55
21 4
21 9
21 17
21 30
21 43
21 50
21 53
21 57
21 72
21 76
22 2
22 37
22 44
22 52
22 58
22 67
22 70
22 76
22 79
23 19
23 41
23 57
23 59
23 65
23 78
24 3
24 50
24 59
24 62
25 12
25 21
25 39
25 51
25 65
25 66
25 67
26 11
26 28
26 37
26 43
26 48
26 54
26 67
26 68
26 70
26 73
27 5
27 34
27 36
27 44
27 46
27 60
27 62
27 72
28 0
28 4
28 10
28 12
28 19
28 25
28 38
28 50
28 66
28 77
29 12
29 13
29 19
29 49
29 52
29 56
29 57
29 77
30 20
30 21
30 40
30 52
30 75
31 2
31 17
31 41
32 7
32 26
33 0
33 36
33 48
33 50
33 69
33 77
34 19
34 27
34 35
34 60
35 11
35 28
35 32
35 47
35 49
35 60
35 69
35 77
36 1
36 15
36 18
36 27
36 45
36 46
36 57
36 65
36 71
37 12
37 22
37 25
37 43
37 60
37 63
37 64
37 73
38 1
38 5
38 28
38 50
38 57
39 0
39 8
39 11
39 43
39 68
39 78
40 7
40 10
40 30
41 0
41 3
41 16
41 17
41 31
41 40
41 46
41 72
41 75
42 4
42 8
42 79
43 16
43 26
43 37
43 39
43 77
44 11
44 17
44 22
44 72
45 36
45 53
46 10
46 16
46 27
46 49
46 55
47 7
47 35
47 61
48 26
48 29
48 33
48 50
48 52
48 56
48 59
48 63
49 6
49 11
49 12
49 19
49 29
49 35
49 63
50 21
50 24
50 33
50 48
50 65
50 77
51 2
51 14
51 17
51 28
51 59
51 66
51 71
51 75
51 76
52 2
52 11
52 30
52 56
53 18
53 19
53 46
53 65
53 67
53 74
54 1
54 10
54 16
54 24
54 26
54 47
54 61
54 79
55 15
55 20
55 46
55 72
56 8
56 12
56 18
56 48
56 52
56 59
56 71
57 7
57 21
57 23
57 29
57 36
57 38
57 39
57 59
58 70
59 15
59 48
59 51
59 53
59 56
59 68
59 69
60 1
60 6
60 22
60 26
60 35
60 37
60 38
60 63
60 73
61 5
61 16
61 17
61 18
61 42
61 47
61 64
61 66
61 72
61 79
62 1
62 24
62 30
62 36
62 40
63 3
63 6
63 37
63 48
63 49
63 64
63 71
64 14
64 18
64 37
64 54
64 61
64 65
65 5
65 13
65 15
65 18
65 25
65 48
65 64
65 76
66 2
66 25
66 29
66 45
66 51
66 61
67 13
67 18
67 22
67 25
67 26
67 37
67 53
68 7
68 9
68 16
68 26
68 39
68 40
68 55
68 59
68 78
69 0
69 12
69 26
69 29
69 33
69 35
69 36
69 73
70 2
70 11
70 22
71 17
71 29
71 36
71 39
71 47
71 56
71 57
71 58
71 63
72 0
72 3
72 14
72 41
72 61
73 1
73 10
73 14
73 26
73 46
73 60
73 61
74 2
74 3
74 4
74 6
74 78
75 19
75 30
75 41
75 43
75 51
76 1
76 9
76 21
76 22
76 51
76 65
76 67
76 79
77 2
77 10
77 15
77 28
77 29
77 33
77 43
77 50
78 23
78 39
78 54
78 65
78 74
79 19
79 22
79 31
79 42
79 57
79 61
79 73
79 76
0 1 2 3 4 5
