125 1500 13
0 1
0 2
0 3
0 4
0 5
0 10
0 15
0 20
0 25
0 50
0 75
0 100
1 0
1 2
1 3
1 4
1 6
1 11
1 16
1 21
1 26
1 51
1 76
1 101
2 0
2 1
2 3
2 4
2 7
2 12
2 17
2 22
2 27
2 52
2 77
2 102
3 0
3 1
3 2
3 4
3 8
3 13
3 18
3 23
3 28
3 53
3 78
3 103
4 0
4 1
4 2
4 3
4 9
4 14
4 19
4 24
4 29
4 54
4 79
4 104
5 0
5 6
5 7
5 8
5 9
5 10
5 15
5 20
5 30
5 55
5 80
5 105
6 1
6 5
6 7
6 8
6 9
6 11
6 16
6 21
6 31
6 56
6 81
6 106
7 2
7 5
7 6
7 8
7 9
7 12
7 17
7 22
7 32
7 57
7 82
7 107
8 3
8 5
8 6
8 7
8 9
8 13
8 18
8 23
8 33
8 58
8 83
8 108
9 4
9 5
9 6
9 7
9 8
9 14
9 19
9 24
9 34
9 59
9 84
9 109
10 0
10 5
10 11
10 12
10 13
10 14
10 15
10 20
10 35
10 60
10 85
10 110
11 1
11 6
11 10
11 12
11 13
11 14
11 16
11 21
11 36
11 61
11 86
11 111
12 2
12 7
12 10
12 11
12 13
12 14
12 17
12 22
12 37
12 62
12 87
12 112
13 3
13 8
13 10
13 11
13 12
13 14
13 18
13 23
13 38
13 63
13 88
13 113
14 4
14 9
14 10
14 11
14 12
14 13
14 19
14 24
14 39
14 64
14 89
14 114
15 0
15 5
15 10
15 16
15 17
15 18
15 19
15 20
15 40
15 65
15 90
15 115
16 1
16 6
16 11
16 15
16 17
16 18
16 19
16 21
16 41
16 66
16 91
16 116
17 2
17 7
17 12
17 15
17 16
17 18
17 19
17 22
17 42
17 67
17 92
17 117
18 3
18 8
18 13
18 15
18 16
18 17
18 19
18 23
18 43
18 68
18 93
18 118
19 4
19 9
19 14
19 15
19 16
19 17
19 18
19 24
19 44
19 69
19 94
19 119
20 0
20 5
20 10
20 15
20 21
20 22
20 23
20 24
20 45
20 70
20 95
20 120
21 1
21 6
21 11
21 16
21 20
21 22
21 23
21 24
21 46
21 71
21 96
21 121
22 2
22 7
22 12
22 17
22 20
22 21
22 23
22 24
22 47
22 72
22 97
22 122
23 3
23 8
23 13
23 18
23 20
23 21
23 22
23 24
23 48
23 73
23 98
23 123
24 4
24 9
24 14
24 19
24 20
24 21
24 22
24 23
24 49
24 74
24 99
24 124
25 0
25 26
25 27
25 28
25 29
25 30
25 35
25 40
25 45
25 50
25 75
25 100
26 1
26 25
26 27
26 28
26 29
26 31
26 36
26 41
26 46
26 51
26 76
26 101
27 2
27 25
27 26
27 28
27 29
27 32
27 37
27 42
27 47
27 52
27 77
27 102
28 3
28 25
28 26
28 27
28 29
28 33
28 38
28 43
28 48
28 53
28 78
28 103
29 4
29 25
29 26
29 27
29 28
29 34
29 39
29 44
29 49
29 54
29 79
29 104
30 5
30 25
30 31
30 32
30 33
30 34
30 35
30 40
30 45
30 55
30 80
30 105
31 6
31 26
31 30
31 32
31 33
31 34
31 36
31 41
31 46
31 56
31 81
31 106
32 7
32 27
32 30
32 31
32 33
32 34
32 37
32 42
32 47
32 57
32 82
32 107
33 8
33 28
33 30
33 31
33 32
33 34
33 38
33 43
33 48
33 58
33 83
33 108
34 9
34 29
34 30
34 31
34 32
34 33
34 39
34 44
34 49
34 59
34 84
34 109
35 10
35 25
35 30
35 36
35 37
35 38
35 39
35 40
35 45
35 60
35 85
35 110
36 11
36 26
36 31
36 35
36 37
36 38
36 39
36 41
36 46
36 61
36 86
36 111
37 12
37 27
37 32
37 35
37 36
37 38
37 39
37 42
37 47
37 62
37 87
37 112
38 13
38 28
38 33
38 35
38 36
38 37
38 39
38 43
38 48
38 63
38 88
38 113
39 14
39 29
39 34
39 35
39 36
39 37
39 38
39 44
39 49
39 64
39 89
39 114
40 15
40 25
40 30
40 35
40 41
40 42
40 43
40 44
40 45
40 65
40 90
40 115
41 16
41 26
41 31
41 36
41 40
41 42
41 43
41 44
41 46
41 66
41 91
41 116
42 17
42 27
42 32
42 37
42 40
42 41
42 43
42 44
42 47
42 67
42 92
42 117
43 18
43 28
43 33
43 38
43 40
43 41
43 42
43 44
43 48
43 68
43 93
43 118
44 19
44 29
44 34
44 39
44 40
44 41
44 42
44 43
44 49
44 69
44 94
44 119
45 20
45 25
45 30
45 35
45 40
45 46
45 47
45 48
45 49
45 70
45 95
45 120
46 21
46 26
46 31
46 36
46 41
46 45
46 47
46 48
46 49
46 71
46 96
46 121
47 22
47 27
47 32
47 37
47 42
47 45
47 46
47 48
47 49
47 72
47 97
47 122
48 23
48 28
48 33
48 38
48 43
48 45
48 46
48 47
48 49
48 73
48 98
48 123
49 24
49 29
49 34
49 39
49 44
49 45
49 46
49 47
49 48
49 74
49 99
49 124
50 0
50 25
50 51
50 52
50 53
50 54
50 55
50 60
50 65
50 70
50 75
50 100
51 1
51 26
51 50
51 52
51 53
51 54
51 56
51 61
51 66
51 71
51 76
51 101
52 2
52 27
52 50
52 51
52 53
52 54
52 57
52 62
52 67
52 72
52 77
52 102
53 3
53 28
53 50
53 51
53 52
53 54
53 58
53 63
53 68
53 73
53 78
53 103
54 4
54 29
54 50
54 51
54 52
54 53
54 59
54 64
54 69
54 74
54 79
54 104
55 5
55 30
55 50
55 56
55 57
55 58
55 59
55 60
55 65
55 70
55 80
55 105
56 6
56 31
56 51
56 55
56 57
56 58
56 59
56 61
56 66
56 71
56 81
56 106
57 7
57 32
57 52
57 55
57 56
57 58
57 59
57 62
57 67
57 72
57 82
57 107
58 8
58 33
58 53
58 55
58 56
58 57
58 59
58 63
58 68
58 73
58 83
58 108
59 9
59 34
59 54
59 55
59 56
59 57
59 58
59 64
59 69
59 74
59 84
59 109
60 10
60 35
60 50
60 55
60 61
60 62
60 63
60 64
60 65
60 70
60 85
60 110
61 11
61 36
61 51
61 56
61 60
61 62
61 63
61 64
61 66
61 71
61 86
61 111
62 12
62 37
62 52
62 57
62 60
62 61
62 63
62 64
62 67
62 72
62 87
62 112
63 13
63 38
63 53
63 58
63 60
63 61
63 62
63 64
63 68
63 73
63 88
63 113
64 14
64 39
64 54
64 59
64 60
64 61
64 62
64 63
64 69
64 74
64 89
64 114
65 15
65 40
65 50
65 55
65 60
65 66
65 67
65 68
65 69
65 70
65 90
65 115
66 16
66 41
66 51
66 56
66 61
66 65
66 67
66 68
66 69
66 71
66 91
66 116
67 17
67 42
67 52
67 57
67 62
67 65
67 66
67 68
67 69
67 72
67 92
67 117
68 18
68 43
68 53
68 58
68 63
68 65
68 66
68 67
68 69
68 73
68 93
68 118
69 19
69 44
69 54
69 59
69 64
69 65
69 66
69 67
69 68
69 74
69 94
69 119
70 20
70 45
70 50
70 55
70 60
70 65
70 71
70 72
70 73
70 74
70 95
70 120
71 21
71 46
71 51
71 56
71 61
71 66
71 70
71 72
71 73
71 74
71 96
71 121
72 22
72 47
72 52
72 57
72 62
72 67
72 70
72 71
72 73
72 74
72 97
72 122
73 23
73 48
73 53
73 58
73 63
73 68
73 70
73 71
73 72
73 74
73 98
73 123
74 24
74 49
74 54
74 59
74 64
74 69
74 70
74 71
74 72
74 73
74 99
74 124
75 0
75 25
75 50
75 76
75 77
75 78
75 79
75 80
75 85
75 90
75 95
75 100
76 1
76 26
76 51
76 75
76 77
76 78
76 79
76 81
76 86
76 91
76 96
76 101
77 2
77 27
77 52
77 75
77 76
77 78
77 79
77 82
77 87
77 92
77 97
77 102
78 3
78 28
78 53
78 75
78 76
78 77
78 79
78 83
78 88
78 93
78 98
78 103
79 4
79 29
79 54
79 75
79 76
79 77
79 78
79 84
79 89
79 94
79 99
79 104
80 5
80 30
80 55
80 75
80 81
80 82
80 83
80 84
80 85
80 90
80 95
80 105
81 6
81 31
81 56
81 76
81 80
81 82
81 83
81 84
81 86
81 91
81 96
81 106
82 7
82 32
82 57
82 77
82 80
82 81
82 83
82 84
82 87
82 92
82 97
82 107
83 8
83 33
83 58
83 78
83 80
83 81
83 82
83 84
83 88
83 93
83 98
83 108
84 9
84 34
84 59
84 79
84 80
84 81
84 82
84 83
84 89
84 94
84 99
84 109
85 10
85 35
85 60
85 75
85 80
85 86
85 87
85 88
85 89
85 90
85 95
85 110
86 11
86 36
86 61
86 76
86 81
86 85
86 87
86 88
86 89
86 91
86 96
86 111
87 12
87 37
87 62
87 77
87 82
87 85
87 86
87 88
87 89
87 92
87 97
87 112
88 13
88 38
88 63
88 78
88 83
88 85
88 86
88 87
88 89
88 93
88 98
88 113
89 14
89 39
89 64
89 79
89 84
89 85
89 86
89 87
89 88
89 94
89 99
89 114
90 15
90 40
90 65
90 75
90 80
90 85
90 91
90 92
90 93
90 94
90 95
90 115
91 16
91 41
91 66
91 76
91 81
91 86
91 90
91 92
91 93
91 94
91 96
91 116
92 17
92 42
92 67
92 77
92 82
92 87
92 90
92 91
92 93
92 94
92 97
92 117
93 18
93 43
93 68
93 78
93 83
93 88
93 90
93 91
93 92
93 94
93 98
93 118
94 19
94 44
94 69
94 79
94 84
94 89
94 90
94 91
94 92
94 93
94 99
94 119
95 20
95 45
95 70
95 75
95 80
95 85
95 90
95 96
95 97
95 98
95 99
95 120
96 21
96 46
96 71
96 76
96 81
96 86
96 91
96 95
96 97
96 98
96 99
96 121
97 22
97 47
97 72
97 77
97 82
97 87
97 92
97 95
97 96
97 98
97 99
97 122
98 23
98 48
98 73
98 78
98 83
98 88
98 93
98 95
98 96
98 97
98 99
98 123
99 24
99 49
99 74
99 79
99 84
99 89
99 94
99 95
99 96
99 97
99 98
99 124
100 0
100 25
100 50
100 75
100 101
100 102
100 103
100 104
100 105
100 110
100 115
100 120
101 1
101 26
101 51
101 76
101 100
101 102
101 103
101 104
101 106
101 111
101 116
101 121
102 2
102 27
102 52
102 77
102 100
102 101
102 103
102 104
102 107
102 112
102 117
102 122
103 3
103 28
103 53
103 78
103 100
103 101
103 102
103 104
103 108
103 113
103 118
103 123
104 4
104 29
104 54
104 79
104 100
104 101
104 102
104 103
104 109
104 114
104 119
104 124
105 5
105 30
105 55
105 80
105 100
105 106
105 107
105 108
105 109
105 110
105 115
105 120
106 6
106 31
106 56
106 81
106 101
106 105
106 107
106 108
106 109
106 111
106 116
106 121
107 7
107 32
107 57
107 82
107 102
107 105
107 106
107 108
107 109
107 112
107 117
107 122
108 8
108 33
108 58
108 83
108 103
108 105
108 106
108 107
108 109
108 113
108 118
108 123
109 9
109 34
109 59
109 84
109 104
109 105
109 106
109 107
109 108
109 114
109 119
109 124
110 10
110 35
110 60
110 85
110 100
110 105
110 111
110 112
110 113
110 114
110 115
110 120
111 11
111 36
111 61
111 86
111 101
111 106
111 110
111 112
111 113
111 114
111 116
111 121
112 12
112 37
112 62
112 87
112 102
112 107
112 110
112 111
112 113
112 114
112 117
112 122
113 13
113 38
113 63
113 88
113 103
113 108
113 110
113 111
113 112
113 114
113 118
113 123
114 14
114 39
114 64
114 89
114 104
114 109
114 110
114 111
114 112
114 113
114 119
114 124
115 15
115 40
115 65
115 90
115 100
115 105
115 110
115 116
115 117
115 118
115 119
115 120
116 16
116 41
116 66
116 91
116 101
116 106
116 111
116 115
116 117
116 118
116 119
116 121
117 17
117 42
117 67
117 92
117 102
117 107
117 112
117 115
117 116
117 118
117 119
117 122
118 18
118 43
118 68
118 93
118 103
118 108
118 113
118 115
118 116
118 117
118 119
118 123
119 19
119 44
119 69
119 94
119 104
119 109
119 114
119 115
119 116
119 117
119 118
119 124
120 20
120 45
120 70
120 95
120 100
120 105
120 110
120 115
120 121
120 122
120 123
120 124
121 21
121 46
121 71
121 96
121 101
121 106
121 111
121 116
121 120
121 122
121 123
121 124
122 22
122 47
122 72
122 97
122 102
122 107
122 112
122 117
122 120
122 121
122 123
122 124
123 23
123 48
123 73
123 98
123 103
123 108
123 113
123 118
123 120
123 121
123 122
123 124
124 24
124 49
124 74
124 99
124 104
124 109
124 114
124 119
124 120
124 121
124 122
124 123
2 11 19 30 48 51 64 67 83 95 104 112 116
