729 8736 76
0 1
0 2
0 3
0 6
0 9
0 18
0 27
0 54
0 81
0 162
0 243
0 486
1 0
1 2
1 4
1 7
1 10
1 19
1 28
1 55
1 82
1 163
1 244
1 487
2 0
2 1
2 5
2 8
2 11
2 20
2 29
2 56
2 83
2 164
2 245
2 488
3 0
3 4
3 5
3 6
3 12
3 21
3 30
3 57
3 84
3 165
3 246
3 489
4 1
4 3
4 5
4 7
4 13
4 22
4 31
4 58
4 85
4 166
4 247
4 490
5 2
5 3
5 4
5 8
5 14
5 23
5 32
5 59
5 86
5 167
5 248
5 491
6 0
6 3
6 7
6 8
6 15
6 24
6 33
6 60
6 87
6 168
6 249
6 492
7 1
7 4
7 6
7 8
7 16
7 25
7 34
7 61
7 88
7 169
7 250
7 493
8 2
8 5
8 6
8 7
8 17
8 26
8 35
8 62
8 89
8 170
8 251
8 494
9 0
9 10
9 11
9 12
9 15
9 18
9 36
9 63
9 90
9 171
9 252
9 495
10 1
10 9
10 11
10 13
10 16
10 19
10 37
10 64
10 91
10 172
10 253
10 496
11 2
11 9
11 10
11 14
11 17
11 20
11 38
11 65
11 92
11 173
11 254
11 497
12 3
12 9
12 13
12 14
12 15
12 21
12 39
12 66
12 93
12 174
12 255
12 498
13 4
13 10
13 12
13 14
13 16
13 22
13 40
13 67
13 94
13 175
13 256
13 499
14 5
14 11
14 12
14 13
14 17
14 23
14 41
14 68
14 95
14 176
14 257
14 500
15 6
15 9
15 12
15 16
15 17
15 24
15 42
15 69
15 96
15 177
15 258
15 501
16 7
16 10
16 13
16 15
16 17
16 25
16 43
16 70
16 97
16 178
16 259
16 502
17 8
17 11
17 14
17 15
17 16
17 26
17 44
17 71
17 98
17 179
17 260
17 503
18 0
18 9
18 19
18 20
18 21
18 24
18 45
18 72
18 99
18 180
18 261
18 504
19 1
19 10
19 18
19 20
19 22
19 25
19 46
19 73
19 100
19 181
19 262
19 505
20 2
20 11
20 18
20 19
20 23
20 26
20 47
20 74
20 101
20 182
20 263
20 506
21 3
21 12
21 18
21 22
21 23
21 24
21 48
21 75
21 102
21 183
21 264
21 507
22 4
22 13
22 19
22 21
22 23
22 25
22 49
22 76
22 103
22 184
22 265
22 508
23 5
23 14
23 20
23 21
23 22
23 26
23 50
23 77
23 104
23 185
23 266
23 509
24 6
24 15
24 18
24 21
24 25
24 26
24 51
24 78
24 105
24 186
24 267
24 510
25 7
25 16
25 19
25 22
25 24
25 26
25 52
25 79
25 106
25 187
25 268
25 511
26 8
26 17
26 20
26 23
26 24
26 25
26 53
26 80
26 107
26 188
26 269
26 512
27 0
27 28
27 29
27 30
27 33
27 36
27 45
27 54
27 108
27 189
27 270
27 513
28 1
28 27
28 29
28 31
28 34
28 37
28 46
28 55
28 109
28 190
28 271
28 514
29 2
29 27
29 28
29 32
29 35
29 38
29 47
29 56
29 110
29 191
29 272
29 515
30 3
30 27
30 31
30 32
30 33
30 39
30 48
30 57
30 111
30 192
30 273
30 516
31 4
31 28
31 30
31 32
31 34
31 40
31 49
31 58
31 112
31 193
31 274
31 517
32 5
32 29
32 30
32 31
32 35
32 41
32 50
32 59
32 113
32 194
32 275
32 518
33 6
33 27
33 30
33 34
33 35
33 42
33 51
33 60
33 114
33 195
33 276
33 519
34 7
34 28
34 31
34 33
34 35
34 43
34 52
34 61
34 115
34 196
34 277
34 520
35 8
35 29
35 32
35 33
35 34
35 44
35 53
35 62
35 116
35 197
35 278
35 521
36 9
36 27
36 37
36 38
36 39
36 42
36 45
36 63
36 117
36 198
36 279
36 522
37 10
37 28
37 36
37 38
37 40
37 43
37 46
37 64
37 118
37 199
37 280
37 523
38 11
38 29
38 36
38 37
38 41
38 44
38 47
38 65
38 119
38 200
38 281
38 524
39 12
39 30
39 36
39 40
39 41
39 42
39 48
39 66
39 120
39 201
39 282
39 525
40 13
40 31
40 37
40 39
40 41
40 43
40 49
40 67
40 121
40 202
40 283
40 526
41 14
41 32
41 38
41 39
41 40
41 44
41 50
41 68
41 122
41 203
41 284
41 527
42 15
42 33
42 36
42 39
42 43
42 44
42 51
42 69
42 123
42 204
42 285
42 528
43 16
43 34
43 37
43 40
43 42
43 44
43 52
43 70
43 124
43 205
43 286
43 529
44 17
44 35
44 38
44 41
44 42
44 43
44 53
44 71
44 125
44 206
44 287
44 530
45 18
45 27
45 36
45 46
45 47
45 48
45 51
45 72
45 126
45 207
45 288
45 531
46 19
46 28
46 37
46 45
46 47
46 49
46 52
46 73
46 127
46 208
46 289
46 532
47 20
47 29
47 38
47 45
47 46
47 50
47 53
47 74
47 128
47 209
47 290
47 533
48 21
48 30
48 39
48 45
48 49
48 50
48 51
48 75
48 129
48 210
48 291
48 534
49 22
49 31
49 40
49 46
49 48
49 50
49 52
49 76
49 130
49 211
49 292
49 535
50 23
50 32
50 41
50 47
50 48
50 49
50 53
50 77
50 131
50 212
50 293
50 536
51 24
51 33
51 42
51 45
51 48
51 52
51 53
51 78
51 132
51 213
51 294
51 537
52 25
52 34
52 43
52 46
52 49
52 51
52 53
52 79
52 133
52 214
52 295
52 538
53 26
53 35
53 44
53 47
53 50
53 51
53 52
53 80
53 134
53 215
53 296
53 539
54 0
54 27
54 55
54 56
54 57
54 60
54 63
54 72
54 135
54 216
54 297
54 540
55 1
55 28
55 54
55 56
55 58
55 61
55 64
55 73
55 136
55 217
55 298
55 541
56 2
56 29
56 54
56 55
56 59
56 62
56 65
56 74
56 137
56 218
56 299
56 542
57 3
57 30
57 54
57 58
57 59
57 60
57 66
57 75
57 138
57 219
57 300
57 543
58 4
58 31
58 55
58 57
58 59
58 61
58 67
58 76
58 139
58 220
58 301
58 544
59 5
59 32
59 56
59 57
59 58
59 62
59 68
59 77
59 140
59 221
59 302
59 545
60 6
60 33
60 54
60 57
60 61
60 62
60 69
60 78
60 141
60 222
60 303
60 546
61 7
61 34
61 55
61 58
61 60
61 62
61 70
61 79
61 142
61 223
61 304
61 547
62 8
62 35
62 56
62 59
62 60
62 61
62 71
62 80
62 143
62 224
62 305
62 548
63 9
63 36
63 54
63 64
63 65
63 66
63 69
63 72
63 144
63 225
63 306
63 549
64 10
64 37
64 55
64 63
64 65
64 67
64 70
64 73
64 145
64 226
64 307
64 550
65 11
65 38
65 56
65 63
65 64
65 68
65 71
65 74
65 146
65 227
65 308
65 551
66 12
66 39
66 57
66 63
66 67
66 68
66 69
66 75
66 147
66 228
66 309
66 552
67 13
67 40
67 58
67 64
67 66
67 68
67 70
67 76
67 148
67 229
67 310
67 553
68 14
68 41
68 59
68 65
68 66
68 67
68 71
68 77
68 149
68 230
68 311
68 554
69 15
69 42
69 60
69 63
69 66
69 70
69 71
69 78
69 150
69 231
69 312
69 555
70 16
70 43
70 61
70 64
70 67
70 69
70 71
70 79
70 151
70 232
70 313
70 556
71 17
71 44
71 62
71 65
71 68
71 69
71 70
71 80
71 152
71 233
71 314
71 557
72 18
72 45
72 54
72 63
72 73
72 74
72 75
72 78
72 153
72 234
72 315
72 558
73 19
73 46
73 55
73 64
73 72
73 74
73 76
73 79
73 154
73 235
73 316
73 559
74 20
74 47
74 56
74 65
74 72
74 73
74 77
74 80
74 155
74 236
74 317
74 560
75 21
75 48
75 57
75 66
75 72
75 76
75 77
75 78
75 156
75 237
75 318
75 561
76 22
76 49
76 58
76 67
76 73
76 75
76 77
76 79
76 157
76 238
76 319
76 562
77 23
77 50
77 59
77 68
77 74
77 75
77 76
77 80
77 158
77 239
77 320
77 563
78 24
78 51
78 60
78 69
78 72
78 75
78 79
78 80
78 159
78 240
78 321
78 564
79 25
79 52
79 61
79 70
79 73
79 76
79 78
79 80
79 160
79 241
79 322
79 565
80 26
80 53
80 62
80 71
80 74
80 77
80 78
80 79
80 161
80 242
80 323
80 566
81 0
81 82
81 83
81 84
81 87
81 90
81 99
81 108
81 135
81 162
81 324
81 567
82 1
82 81
82 83
82 85
82 88
82 91
82 100
82 109
82 136
82 163
82 325
82 568
83 2
83 81
83 82
83 86
83 89
83 92
83 101
83 110
83 137
83 164
83 326
83 569
84 3
84 81
84 85
84 86
84 87
84 93
84 102
84 111
84 138
84 165
84 327
84 570
85 4
85 82
85 84
85 86
85 88
85 94
85 103
85 112
85 139
85 166
85 328
85 571
86 5
86 83
86 84
86 85
86 89
86 95
86 104
86 113
86 140
86 167
86 329
86 572
87 6
87 81
87 84
87 88
87 89
87 96
87 105
87 114
87 141
87 168
87 330
87 573
88 7
88 82
88 85
88 87
88 89
88 97
88 106
88 115
88 142
88 169
88 331
88 574
89 8
89 83
89 86
89 87
89 88
89 98
89 107
89 116
89 143
89 170
89 332
89 575
90 9
90 81
90 91
90 92
90 93
90 96
90 99
90 117
90 144
90 171
90 333
90 576
91 10
91 82
91 90
91 92
91 94
91 97
91 100
91 118
91 145
91 172
91 334
91 577
92 11
92 83
92 90
92 91
92 95
92 98
92 101
92 119
92 146
92 173
92 335
92 578
93 12
93 84
93 90
93 94
93 95
93 96
93 102
93 120
93 147
93 174
93 336
93 579
94 13
94 85
94 91
94 93
94 95
94 97
94 103
94 121
94 148
94 175
94 337
94 580
95 14
95 86
95 92
95 93
95 94
95 98
95 104
95 122
95 149
95 176
95 338
95 581
96 15
96 87
96 90
96 93
96 97
96 98
96 105
96 123
96 150
96 177
96 339
96 582
97 16
97 88
97 91
97 94
97 96
97 98
97 106
97 124
97 151
97 178
97 340
97 583
98 17
98 89
98 92
98 95
98 96
98 97
98 107
98 125
98 152
98 179
98 341
98 584
99 18
99 81
99 90
99 100
99 101
99 102
99 105
99 126
99 153
99 180
99 342
99 585
100 19
100 82
100 91
100 99
100 101
100 103
100 106
100 127
100 154
100 181
100 343
100 586
101 20
101 83
101 92
101 99
101 100
101 104
101 107
101 128
101 155
101 182
101 344
101 587
102 21
102 84
102 93
102 99
102 103
102 104
102 105
102 129
102 156
102 183
102 345
102 588
103 22
103 85
103 94
103 100
103 102
103 104
103 106
103 130
103 157
103 184
103 346
103 589
104 23
104 86
104 95
104 101
104 102
104 103
104 107
104 131
104 158
104 185
104 347
104 590
105 24
105 87
105 96
105 99
105 102
105 106
105 107
105 132
105 159
105 186
105 348
105 591
106 25
106 88
106 97
106 100
106 103
106 105
106 107
106 133
106 160
106 187
106 349
106 592
107 26
107 89
107 98
107 101
107 104
107 105
107 106
107 134
107 161
107 188
107 350
107 593
108 27
108 81
108 109
108 110
108 111
108 114
108 117
108 126
108 135
108 189
108 351
108 594
109 28
109 82
109 108
109 110
109 112
109 115
109 118
109 127
109 136
109 190
109 352
109 595
110 29
110 83
110 108
110 109
110 113
110 116
110 119
110 128
110 137
110 191
110 353
110 596
111 30
111 84
111 108
111 112
111 114
111 120
111 129
111 138
111 192
111 354
111 597
112 31
112 85
112 109
112 111
112 113
112 115
112 121
112 130
112 139
112 193
112 355
112 598
113 32
113 86
113 110
113 112
113 116
113 122
113 131
113 140
113 194
113 356
113 599
114 33
114 87
114 108
114 111
114 115
114 116
114 123
114 132
114 141
114 195
114 357
114 600
115 34
115 88
115 109
115 112
115 114
115 116
115 124
115 133
115 142
115 196
115 358
115 601
116 35
116 89
116 110
116 113
116 114
116 115
116 125
116 134
116 143
116 197
116 359
116 602
117 36
117 90
117 108
117 118
117 119
117 120
117 123
117 126
117 144
117 198
117 360
117 603
118 37
118 91
118 109
118 117
118 119
118 121
118 124
118 127
118 145
118 199
118 361
118 604
119 38
119 92
119 110
119 117
119 118
119 122
119 125
119 128
119 146
119 200
119 362
119 605
120 39
120 93
120 111
120 117
120 121
120 122
120 123
120 129
120 147
120 201
120 363
120 606
121 40
121 94
121 112
121 118
121 120
121 122
121 124
121 130
121 148
121 202
121 364
121 607
122 41
122 95
122 113
122 119
122 120
122 121
122 125
122 131
122 149
122 203
122 365
122 608
123 42
123 96
123 114
123 117
123 120
123 124
123 125
123 132
123 150
123 204
123 366
123 609
124 43
124 97
124 115
124 118
124 121
124 123
124 125
124 133
124 151
124 205
124 367
124 610
125 44
125 98
125 116
125 119
125 122
125 123
125 124
125 134
125 152
125 206
125 368
125 611
126 45
126 99
126 108
126 117
126 127
126 128
126 129
126 132
126 153
126 207
126 369
126 612
127 46
127 100
127 109
127 118
127 126
127 128
127 130
127 133
127 154
127 208
127 370
127 613
128 47
128 101
128 110
128 119
128 126
128 127
128 131
128 134
128 155
128 209
128 371
128 614
129 48
129 102
129 111
129 120
129 126
129 130
129 131
129 132
129 156
129 210
129 372
129 615
130 49
130 103
130 112
130 121
130 127
130 129
130 131
130 133
130 157
130 211
130 373
130 616
131 50
131 104
131 113
131 122
131 128
131 129
131 130
131 134
131 158
131 212
131 374
131 617
132 51
132 105
132 114
132 123
132 126
132 129
132 133
132 134
132 159
132 213
132 375
132 618
133 52
133 106
133 115
133 124
133 127
133 130
133 132
133 134
133 160
133 214
133 376
133 619
134 53
134 107
134 116
134 125
134 128
134 131
134 132
134 133
134 161
134 215
134 377
134 620
135 54
135 81
135 108
135 136
135 137
135 138
135 141
135 144
135 153
135 216
135 378
135 621
136 55
136 82
136 109
136 135
136 137
136 139
136 142
136 145
136 154
136 217
136 379
136 622
137 56
137 83
137 110
137 135
137 136
137 140
137 143
137 146
137 155
137 218
137 380
137 623
138 57
138 84
138 111
138 135
138 139
138 140
138 141
138 147
138 156
138 219
138 381
138 624
139 58
139 85
139 112
139 136
139 138
139 140
139 142
139 148
139 157
139 220
139 382
139 625
140 59
140 86
140 113
140 137
140 138
140 139
140 143
140 149
140 158
140 221
140 383
140 626
141 60
141 87
141 114
141 135
141 138
141 142
141 143
141 150
141 159
141 222
141 384
141 627
142 61
142 88
142 115
142 136
142 139
142 141
142 143
142 151
142 160
142 223
142 385
142 628
143 62
143 89
143 116
143 137
143 140
143 141
143 142
143 152
143 161
143 224
143 386
143 629
144 63
144 90
144 117
144 135
144 145
144 146
144 147
144 150
144 153
144 225
144 387
144 630
145 64
145 91
145 118
145 136
145 144
145 146
145 148
145 151
145 154
145 226
145 388
145 631
146 65
146 92
146 119
146 137
146 144
146 145
146 149
146 152
146 155
146 227
146 389
146 632
147 66
147 93
147 120
147 138
147 144
147 148
147 149
147 150
147 156
147 228
147 390
147 633
148 67
148 94
148 121
148 139
148 145
148 147
148 149
148 151
148 157
148 229
148 391
148 634
149 68
149 95
149 122
149 140
149 146
149 147
149 148
149 152
149 158
149 230
149 392
149 635
150 69
150 96
150 123
150 141
150 144
150 147
150 151
150 152
150 159
150 231
150 393
150 636
151 70
151 97
151 124
151 142
151 145
151 148
151 150
151 152
151 160
151 232
151 394
151 637
152 71
152 98
152 125
152 143
152 146
152 149
152 150
152 151
152 161
152 233
152 395
152 638
153 72
153 99
153 126
153 135
153 144
153 154
153 155
153 156
153 159
153 234
153 396
153 639
154 73
154 100
154 127
154 136
154 145
154 153
154 155
154 157
154 160
154 235
154 397
154 640
155 74
155 101
155 128
155 137
155 146
155 153
155 154
155 158
155 161
155 236
155 398
155 641
156 75
156 102
156 129
156 138
156 147
156 153
156 157
156 158
156 159
156 237
156 399
156 642
157 76
157 103
157 130
157 139
157 148
157 154
157 156
157 158
157 160
157 238
157 400
157 643
158 77
158 104
158 131
158 140
158 149
158 155
158 156
158 157
158 161
158 239
158 401
158 644
159 78
159 105
159 132
159 141
159 150
159 153
159 156
159 160
159 161
159 240
159 402
159 645
160 79
160 106
160 133
160 142
160 151
160 154
160 157
160 159
160 161
160 241
160 403
160 646
161 80
161 107
161 134
161 143
161 152
161 155
161 158
161 159
161 160
161 242
161 404
161 647
162 0
162 81
162 163
162 164
162 165
162 168
162 171
162 180
162 189
162 216
162 405
162 648
163 1
163 82
163 162
163 164
163 166
163 169
163 172
163 181
163 190
163 217
163 406
163 649
164 2
164 83
164 162
164 163
164 167
164 170
164 173
164 182
164 191
164 218
164 407
164 650
165 3
165 84
165 162
165 166
165 167
165 168
165 174
165 183
165 192
165 219
165 408
165 651
166 4
166 85
166 163
166 165
166 167
166 169
166 175
166 184
166 193
166 220
166 409
166 652
167 5
167 86
167 164
167 165
167 166
167 170
167 176
167 185
167 194
167 221
167 410
167 653
168 6
168 87
168 162
168 165
168 169
168 170
168 177
168 186
168 195
168 222
168 411
168 654
169 7
169 88
169 163
169 166
169 168
169 170
169 178
169 187
169 196
169 223
169 412
169 655
170 8
170 89
170 164
170 167
170 168
170 169
170 179
170 188
170 197
170 224
170 413
170 656
171 9
171 90
171 162
171 172
171 173
171 174
171 177
171 180
171 198
171 225
171 657
172 10
172 91
172 163
172 171
172 173
172 175
172 178
172 181
172 199
172 226
172 415
172 658
173 11
173 92
173 164
173 171
173 172
173 176
173 179
173 182
173 200
173 227
173 416
173 659
174 12
174 93
174 165
174 171
174 175
174 176
174 177
174 183
174 201
174 228
174 417
174 660
175 13
175 94
175 166
175 172
175 174
175 176
175 178
175 184
175 202
175 229
175 418
175 661
176 14
176 95
176 167
176 173
176 174
176 175
176 179
176 185
176 203
176 230
176 419
176 662
177 15
177 96
177 168
177 171
177 174
177 178
177 179
177 186
177 204
177 231
177 420
177 663
178 16
178 97
178 169
178 172
178 175
178 177
178 179
178 187
178 205
178 232
178 421
178 664
179 17
179 98
179 170
179 173
179 176
179 177
179 178
179 188
179 206
179 233
179 422
179 665
180 18
180 99
180 162
180 171
180 181
180 182
180 183
180 186
180 207
180 234
180 423
180 666
181 19
181 100
181 163
181 172
181 180
181 182
181 184
181 187
181 208
181 235
181 424
181 667
182 20
182 101
182 164
182 173
182 180
182 181
182 185
182 188
182 209
182 236
182 425
182 668
183 21
183 102
183 165
183 174
183 180
183 184
183 185
183 186
183 210
183 237
183 426
183 669
184 22
184 103
184 166
184 175
184 181
184 183
184 185
184 187
184 211
184 238
184 427
184 670
185 23
185 104
185 167
185 176
185 182
185 183
185 184
185 188
185 212
185 239
185 428
185 671
186 24
186 105
186 168
186 177
186 180
186 183
186 187
186 188
186 213
186 240
186 429
186 672
187 25
187 106
187 169
187 178
187 181
187 184
187 186
187 188
187 214
187 241
187 430
187 673
188 26
188 107
188 170
188 179
188 182
188 185
188 186
188 187
188 215
188 242
188 431
188 674
189 27
189 108
189 162
189 190
189 191
189 192
189 195
189 198
189 207
189 216
189 432
189 675
190 28
190 109
190 163
190 189
190 191
190 193
190 196
190 199
190 208
190 217
190 433
190 676
191 29
191 110
191 164
191 189
191 190
191 194
191 197
191 200
191 209
191 218
191 434
191 677
192 30
192 111
192 165
192 189
192 193
192 194
192 195
192 201
192 210
192 219
192 435
192 678
193 31
193 112
193 166
193 190
193 192
193 194
193 196
193 202
193 211
193 220
193 436
193 679
194 32
194 113
194 167
194 191
194 192
194 193
194 197
194 203
194 212
194 221
194 437
194 680
195 33
195 114
195 168
195 189
195 192
195 196
195 197
195 204
195 213
195 222
195 438
195 681
196 34
196 115
196 169
196 190
196 193
196 195
196 197
196 205
196 214
196 223
196 439
196 682
197 35
197 116
197 170
197 191
197 194
197 195
197 196
197 206
197 215
197 224
197 440
197 683
198 36
198 117
198 171
198 189
198 199
198 200
198 201
198 204
198 207
198 225
198 441
198 684
199 37
199 118
199 172
199 190
199 198
199 200
199 202
199 205
199 208
199 226
199 442
199 685
200 38
200 119
200 173
200 191
200 198
200 199
200 203
200 206
200 209
200 227
200 443
200 686
201 39
201 120
201 174
201 192
201 198
201 202
201 203
201 204
201 210
201 228
201 444
201 687
202 40
202 121
202 175
202 193
202 199
202 201
202 203
202 205
202 211
202 229
202 445
202 688
203 41
203 122
203 176
203 194
203 200
203 201
203 202
203 206
203 212
203 230
203 446
203 689
204 42
204 123
204 177
204 195
204 198
204 201
204 205
204 206
204 213
204 231
204 447
204 690
205 43
205 124
205 178
205 196
205 199
205 202
205 204
205 206
205 214
205 232
205 448
205 691
206 44
206 125
206 179
206 197
206 200
206 203
206 204
206 205
206 215
206 233
206 449
206 692
207 45
207 126
207 180
207 189
207 198
207 208
207 209
207 210
207 213
207 234
207 450
207 693
208 46
208 127
208 181
208 190
208 199
208 207
208 209
208 211
208 235
208 451
208 694
209 47
209 128
209 182
209 191
209 200
209 207
209 208
209 212
209 215
209 236
209 452
209 695
210 48
210 129
210 183
210 192
210 201
210 207
210 211
210 212
210 213
210 237
210 453
210 696
211 49
211 130
211 184
211 193
211 202
211 208
211 210
211 212
211 214
211 238
211 454
211 697
212 50
212 131
212 185
212 194
212 203
212 209
212 210
212 211
212 215
212 239
212 455
212 698
213 51
213 132
213 186
213 195
213 204
213 207
213 210
213 214
213 215
213 240
213 456
213 699
214 52
214 133
214 187
214 196
214 205
214 211
214 213
214 215
214 241
214 457
214 700
215 53
215 134
215 188
215 197
215 206
215 209
215 212
215 213
215 214
215 242
215 458
215 701
216 54
216 135
216 162
216 189
216 217
216 218
216 219
216 222
216 225
216 234
216 459
216 702
217 55
217 136
217 163
217 190
217 216
217 218
217 220
217 223
217 226
217 235
217 460
217 703
218 56
218 137
218 164
218 191
218 216
218 217
218 221
218 224
218 227
218 236
218 461
218 704
219 57
219 138
219 165
219 192
219 216
219 220
219 221
219 222
219 228
219 237
219 462
219 705
220 58
220 139
220 166
220 193
220 217
220 219
220 221
220 223
220 229
220 238
220 463
220 706
221 59
221 140
221 167
221 194
221 218
221 219
221 220
221 224
221 230
221 239
221 464
221 707
222 60
222 141
222 168
222 195
222 216
222 219
222 223
222 224
222 231
222 240
222 465
222 708
223 61
223 142
223 169
223 196
223 217
223 220
223 222
223 224
223 232
223 241
223 466
223 709
224 62
224 143
224 170
224 197
224 218
224 221
224 222
224 223
224 233
224 242
224 467
224 710
225 63
225 144
225 171
225 198
225 216
225 226
225 227
225 228
225 231
225 234
225 468
225 711
226 64
226 145
226 172
226 199
226 217
226 225
226 227
226 229
226 232
226 235
226 469
226 712
227 65
227 146
227 173
227 200
227 218
227 225
227 226
227 230
227 233
227 236
227 470
227 713
228 66
228 147
228 174
228 201
228 219
228 225
228 229
228 230
228 231
228 237
228 471
228 714
229 67
229 148
229 175
229 202
229 220
229 226
229 228
229 230
229 232
229 238
229 472
229 715
230 68
230 149
230 176
230 203
230 221
230 227
230 228
230 229
230 233
230 239
230 473
230 716
231 69
231 150
231 177
231 204
231 222
231 225
231 228
231 232
231 233
231 240
231 474
231 717
232 70
232 151
232 178
232 205
232 223
232 226
232 229
232 231
232 233
232 241
232 475
232 718
233 71
233 152
233 179
233 206
233 224
233 227
233 230
233 231
233 232
233 242
233 476
233 719
234 72
234 153
234 180
234 207
234 216
234 225
234 235
234 236
234 237
234 240
234 477
234 720
235 73
235 154
235 181
235 208
235 217
235 226
235 234
235 236
235 238
235 241
235 478
235 721
236 74
236 155
236 182
236 209
236 218
236 227
236 234
236 235
236 239
236 242
236 479
236 722
237 75
237 156
237 183
237 210
237 219
237 228
237 234
237 238
237 239
237 240
237 480
237 723
238 76
238 157
238 184
238 211
238 220
238 229
238 235
238 237
238 239
238 241
238 481
238 724
239 77
239 158
239 185
239 212
239 221
239 230
239 236
239 237
239 238
239 242
239 482
239 725
240 78
240 159
240 186
240 213
240 222
240 231
240 234
240 237
240 241
240 242
240 483
240 726
241 79
241 160
241 187
241 214
241 223
241 232
241 235
241 238
241 240
241 242
241 484
241 727
242 80
242 161
242 188
242 215
242 224
242 233
242 236
242 239
242 240
242 241
242 485
242 728
243 0
243 244
243 245
243 246
243 249
243 252
243 261
243 270
243 297
243 324
243 405
243 486
244 1
244 243
244 245
244 247
244 250
244 253
244 262
244 271
244 298
244 325
244 406
244 487
245 2
245 243
245 244
245 248
245 251
245 254
245 263
245 272
245 299
245 326
245 407
245 488
246 3
246 243
246 247
246 248
246 249
246 255
246 264
246 273
246 300
246 327
246 408
246 489
247 4
247 244
247 246
247 248
247 250
247 256
247 265
247 274
247 301
247 328
247 409
247 490
248 5
248 245
248 246
248 247
248 251
248 257
248 266
248 275
248 302
248 329
248 410
248 491
249 6
249 243
249 246
249 250
249 251
249 258
249 267
249 276
249 303
249 330
249 411
249 492
250 7
250 244
250 247
250 249
250 251
250 259
250 268
250 277
250 304
250 331
250 412
250 493
251 8
251 245
251 248
251 249
251 250
251 260
251 269
251 278
251 305
251 332
251 413
251 494
252 9
252 243
252 253
252 254
252 255
252 258
252 261
252 279
252 306
252 333
252 414
252 495
253 10
253 244
253 252
253 254
253 256
253 259
253 262
253 280
253 307
253 334
253 415
253 496
254 11
254 245
254 252
254 253
254 257
254 260
254 263
254 281
254 308
254 335
254 416
254 497
255 12
255 246
255 252
255 256
255 257
255 258
255 264
255 282
255 309
255 336
255 417
255 498
256 13
256 247
256 253
256 255
256 257
256 259
256 265
256 283
256 310
256 337
256 418
256 499
257 14
257 248
257 254
257 255
257 256
257 260
257 266
257 284
257 311
257 338
257 419
257 500
258 15
258 249
258 252
258 255
258 259
258 260
258 267
258 285
258 312
258 339
258 420
258 501
259 16
259 250
259 253
259 256
259 258
259 260
259 268
259 286
259 313
259 340
259 421
259 502
260 17
260 251
260 254
260 257
260 258
260 259
260 269
260 287
260 314
260 341
260 422
260 503
261 18
261 243
261 252
261 262
261 263
261 264
261 267
261 288
261 315
261 342
261 423
261 504
262 19
262 244
262 253
262 261
262 263
262 265
262 268
262 289
262 316
262 343
262 424
262 505
263 20
263 245
263 254
263 261
263 262
263 266
263 269
263 290
263 317
263 344
263 425
263 506
264 21
264 246
264 255
264 261
264 265
264 266
264 267
264 291
264 318
264 345
264 426
264 507
265 22
265 247
265 256
265 262
265 264
265 266
265 268
265 292
265 319
265 346
265 427
265 508
266 23
266 248
266 257
266 263
266 264
266 265
266 269
266 293
266 320
266 347
266 428
266 509
267 24
267 249
267 258
267 261
267 264
267 268
267 269
267 294
267 321
267 348
267 429
267 510
268 25
268 250
268 259
268 262
268 265
268 267
268 269
268 295
268 322
268 349
268 430
268 511
269 26
269 251
269 260
269 263
269 266
269 267
269 268
269 296
269 323
269 350
269 431
269 512
270 27
270 243
270 271
270 272
270 273
270 276
270 279
270 288
270 297
270 351
270 432
270 513
271 28
271 244
271 270
271 272
271 274
271 277
271 280
271 289
271 298
271 352
271 433
271 514
272 29
272 245
272 270
272 271
272 275
272 278
272 281
272 290
272 299
272 353
272 434
272 515
273 30
273 246
273 270
273 274
273 275
273 276
273 282
273 291
273 300
273 354
273 435
273 516
274 31
274 247
274 271
274 273
274 275
274 277
274 283
274 292
274 301
274 355
274 436
274 517
275 32
275 248
275 272
275 273
275 274
275 278
275 284
275 293
275 302
275 356
275 437
275 518
276 33
276 249
276 270
276 273
276 277
276 278
276 285
276 294
276 303
276 357
276 438
276 519
277 34
277 250
277 271
277 274
277 276
277 278
277 286
277 295
277 304
277 358
277 439
277 520
278 35
278 251
278 272
278 275
278 276
278 277
278 287
278 296
278 305
278 359
278 440
278 521
279 36
279 252
279 270
279 280
279 281
279 282
279 285
279 288
279 306
279 360
279 441
279 522
280 37
280 253
280 271
280 279
280 281
280 283
280 286
280 289
280 307
280 361
280 442
280 523
281 38
281 254
281 272
281 279
281 280
281 284
281 287
281 290
281 308
281 362
281 443
281 524
282 39
282 255
282 273
282 279
282 283
282 284
282 285
282 291
282 309
282 363
282 444
282 525
283 40
283 256
283 274
283 280
283 282
283 284
283 286
283 292
283 310
283 364
283 445
283 526
284 41
284 257
284 275
284 281
284 282
284 283
284 287
284 293
284 311
284 365
284 446
284 527
285 42
285 258
285 276
285 279
285 282
285 286
285 287
285 294
285 312
285 366
285 447
285 528
286 43
286 259
286 277
286 280
286 283
286 285
286 287
286 295
286 313
286 367
286 448
286 529
287 44
287 260
287 278
287 281
287 284
287 285
287 286
287 296
287 314
287 368
287 449
287 530
288 45
288 261
288 270
288 279
288 289
288 290
288 291
288 294
288 315
288 369
288 450
288 531
289 46
289 262
289 271
289 280
289 288
289 290
289 292
289 295
289 316
289 370
289 451
289 532
290 47
290 263
290 272
290 281
290 288
290 289
290 293
290 296
290 317
290 371
290 452
290 533
291 48
291 264
291 273
291 282
291 288
291 292
291 293
291 294
291 318
291 372
291 453
291 534
292 49
292 265
292 274
292 283
292 289
292 291
292 293
292 295
292 319
292 373
292 454
292 535
293 50
293 266
293 275
293 284
293 290
293 291
293 292
293 296
293 320
293 374
293 455
293 536
294 51
294 267
294 276
294 285
294 288
294 291
294 295
294 296
294 321
294 375
294 456
294 537
295 52
295 268
295 277
295 286
295 289
295 292
295 294
295 296
295 322
295 376
295 457
295 538
296 53
296 269
296 278
296 287
296 290
296 293
296 294
296 295
296 323
296 377
296 458
296 539
297 54
297 243
297 270
297 298
297 299
297 300
297 303
297 306
297 315
297 378
297 459
297 540
298 55
298 244
298 271
298 297
298 299
298 301
298 304
298 307
298 316
298 379
298 460
298 541
299 56
299 245
299 272
299 297
299 298
299 302
299 305
299 308
299 317
299 380
299 461
299 542
300 57
300 246
300 273
300 297
300 301
300 302
300 303
300 309
300 318
300 381
300 462
300 543
301 58
301 247
301 274
301 298
301 300
301 302
301 304
301 310
301 319
301 382
301 463
301 544
302 59
302 248
302 275
302 299
302 300
302 301
302 305
302 311
302 320
302 383
302 464
302 545
303 60
303 249
303 276
303 297
303 300
303 304
303 305
303 312
303 321
303 384
303 465
303 546
304 61
304 250
304 277
304 298
304 301
304 303
304 305
304 313
304 322
304 385
304 466
304 547
305 62
305 251
305 278
305 299
305 302
305 303
305 304
305 314
305 323
305 386
305 467
305 548
306 63
306 252
306 279
306 297
306 307
306 308
306 309
306 312
306 315
306 387
306 468
306 549
307 64
307 253
307 280
307 298
307 306
307 308
307 310
307 313
307 316
307 388
307 469
307 550
308 65
308 254
308 281
308 299
308 306
308 307
308 311
308 314
308 317
308 389
308 470
308 551
309 66
309 255
309 282
309 300
309 306
309 310
309 311
309 312
309 318
309 390
309 471
309 552
310 67
310 256
310 283
310 301
310 307
310 309
310 311
310 313
310 319
310 391
310 472
310 553
311 68
311 257
311 284
311 302
311 308
311 309
311 310
311 314
311 320
311 392
311 473
311 554
312 69
312 258
312 285
312 303
312 306
312 309
312 313
312 314
312 321
312 393
312 474
312 555
313 70
313 259
313 286
313 304
313 307
313 310
313 312
313 314
313 322
313 394
313 475
313 556
314 71
314 260
314 287
314 305
314 308
314 311
314 312
314 313
314 323
314 395
314 476
314 557
315 72
315 261
315 288
315 297
315 306
315 316
315 317
315 318
315 321
315 396
315 477
315 558
316 73
316 262
316 289
316 298
316 307
316 315
316 317
316 319
316 322
316 397
316 478
316 559
317 74
317 263
317 290
317 299
317 308
317 315
317 316
317 320
317 323
317 398
317 479
317 560
318 75
318 264
318 291
318 300
318 309
318 315
318 319
318 320
318 321
318 399
318 480
318 561
319 76
319 265
319 292
319 301
319 310
319 316
319 318
319 320
319 322
319 400
319 481
319 562
320 77
320 266
320 293
320 302
320 311
320 317
320 318
320 319
320 323
320 401
320 482
320 563
321 78
321 267
321 294
321 303
321 312
321 315
321 318
321 322
321 323
321 402
321 483
321 564
322 79
322 268
322 295
322 304
322 313
322 316
322 319
322 321
322 323
322 403
322 484
322 565
323 80
323 269
323 296
323 305
323 314
323 317
323 320
323 321
323 322
323 404
323 485
323 566
324 81
324 243
324 325
324 326
324 327
324 330
324 333
324 342
324 351
324 378
324 405
324 567
325 82
325 244
325 324
325 326
325 331
325 334
325 343
325 352
325 379
325 406
325 568
326 83
326 245
326 324
326 325
326 329
326 332
326 335
326 344
326 353
326 380
326 407
326 569
327 84
327 246
327 324
327 328
327 329
327 330
327 336
327 345
327 354
327 381
327 408
327 570
328 85
328 247
328 327
328 329
328 331
328 337
328 346
328 355
328 382
328 409
328 571
329 86
329 248
329 326
329 327
329 328
329 332
329 338
329 347
329 356
329 383
329 410
329 572
330 87
330 249
330 324
330 327
330 331
330 332
330 339
330 348
330 357
330 384
330 411
330 573
331 88
331 250
331 325
331 328
331 330
331 332
331 340
331 349
331 358
331 385
331 412
331 574
332 89
332 251
332 326
332 329
332 330
332 331
332 341
332 350
332 359
332 386
332 413
332 575
333 90
333 252
333 324
333 334
333 335
333 336
333 339
333 342
333 360
333 387
333 414
333 576
334 91
334 253
334 325
334 333
334 335
334 337
334 340
334 343
334 361
334 388
334 415
334 577
335 92
335 254
335 326
335 333
335 334
335 338
335 341
335 344
335 362
335 389
335 416
335 578
336 93
336 255
336 327
336 333
336 337
336 338
336 339
336 345
336 363
336 390
336 417
336 579
337 94
337 256
337 328
337 334
337 336
337 338
337 340
337 346
337 364
337 391
337 418
337 580
338 95
338 257
338 329
338 335
338 336
338 337
338 341
338 347
338 365
338 392
338 419
338 581
339 96
339 258
339 330
339 333
339 336
339 340
339 341
339 348
339 366
339 393
339 420
339 582
340 97
340 259
340 331
340 334
340 337
340 339
340 341
340 349
340 367
340 394
340 421
340 583
341 98
341 260
341 332
341 335
341 338
341 339
341 340
341 350
341 368
341 395
341 422
341 584
342 99
342 261
342 324
342 333
342 343
342 344
342 345
342 348
342 369
342 396
342 423
342 585
343 100
343 262
343 325
343 334
343 342
343 344
343 346
343 349
343 370
343 397
343 424
343 586
344 101
344 263
344 326
344 335
344 342
344 343
344 347
344 350
344 371
344 398
344 425
344 587
345 102
345 264
345 327
345 336
345 342
345 346
345 347
345 348
345 372
345 399
345 426
345 588
346 103
346 265
346 328
346 337
346 343
346 345
346 347
346 349
346 373
346 400
346 427
346 589
347 104
347 266
347 329
347 338
347 344
347 345
347 346
347 350
347 374
347 401
347 428
347 590
348 105
348 267
348 330
348 339
348 342
348 345
348 349
348 350
348 375
348 402
348 429
348 591
349 106
349 268
349 331
349 340
349 343
349 346
349 348
349 350
349 376
349 403
349 430
349 592
350 107
350 269
350 332
350 341
350 344
350 347
350 348
350 349
350 377
350 404
350 431
350 593
351 108
351 270
351 324
351 352
351 353
351 354
351 357
351 360
351 369
351 378
351 432
351 594
352 109
352 271
352 325
352 351
352 353
352 355
352 358
352 361
352 370
352 379
352 433
352 595
353 110
353 272
353 326
353 351
353 352
353 356
353 359
353 362
353 371
353 380
353 434
353 596
354 111
354 273
354 327
354 351
354 355
354 356
354 357
354 363
354 372
354 381
354 435
354 597
355 112
355 274
355 328
355 352
355 354
355 356
355 358
355 364
355 373
355 382
355 436
355 598
356 113
356 275
356 329
356 353
356 354
356 355
356 359
356 365
356 374
356 383
356 437
356 599
357 114
357 276
357 330
357 351
357 354
357 358
357 359
357 366
357 375
357 384
357 438
357 600
358 115
358 277
358 331
358 352
358 355
358 357
358 359
358 367
358 376
358 385
358 439
358 601
359 116
359 278
359 332
359 353
359 356
359 357
359 358
359 368
359 377
359 386
359 440
359 602
360 117
360 279
360 333
360 351
360 361
360 362
360 363
360 366
360 369
360 387
360 441
360 603
361 118
361 280
361 334
361 352
361 360
361 362
361 364
361 367
361 370
361 388
361 442
361 604
362 119
362 281
362 335
362 353
362 360
362 361
362 365
362 368
362 371
362 389
362 443
362 605
363 120
363 282
363 336
363 354
363 360
363 364
363 365
363 366
363 372
363 390
363 444
363 606
364 121
364 283
364 337
364 355
364 361
364 363
364 365
364 367
364 373
364 391
364 445
364 607
365 122
365 284
365 338
365 356
365 362
365 363
365 364
365 368
365 374
365 392
365 446
365 608
366 123
366 285
366 339
366 357
366 360
366 363
366 367
366 368
366 375
366 393
366 447
366 609
367 124
367 286
367 340
367 358
367 361
367 364
367 366
367 368
367 376
367 394
367 448
367 610
368 125
368 287
368 341
368 359
368 362
368 365
368 366
368 367
368 377
368 395
368 449
368 611
369 126
369 288
369 342
369 351
369 360
369 370
369 371
369 372
369 375
369 396
369 450
369 612
370 127
370 289
370 343
370 352
370 361
370 369
370 371
370 373
370 376
370 397
370 451
370 613
371 128
371 290
371 344
371 353
371 362
371 369
371 370
371 374
371 377
371 398
371 452
371 614
372 129
372 291
372 345
372 354
372 363
372 369
372 373
372 374
372 375
372 399
372 453
372 615
373 130
373 292
373 346
373 355
373 364
373 370
373 372
373 374
373 376
373 400
373 454
373 616
374 131
374 293
374 347
374 356
374 365
374 371
374 372
374 373
374 377
374 401
374 455
374 617
375 132
375 294
375 348
375 357
375 366
375 369
375 372
375 376
375 377
375 402
375 456
375 618
376 133
376 295
376 349
376 358
376 367
376 370
376 373
376 375
376 377
376 403
376 457
376 619
377 134
377 296
377 350
377 359
377 368
377 371
377 374
377 375
377 376
377 404
377 458
377 620
378 135
378 297
378 324
378 351
378 379
378 380
378 381
378 384
378 387
378 396
378 459
378 621
379 136
379 298
379 325
379 352
379 378
379 380
379 382
379 385
379 388
379 397
379 460
379 622
380 137
380 299
380 326
380 353
380 378
380 379
380 383
380 386
380 389
380 398
380 461
380 623
381 138
381 300
381 327
381 354
381 378
381 382
381 383
381 384
381 390
381 399
381 462
381 624
382 139
382 301
382 328
382 355
382 379
382 381
382 383
382 385
382 391
382 400
382 463
382 625
383 140
383 302
383 329
383 356
383 380
383 381
383 382
383 386
383 392
383 401
383 464
383 626
384 141
384 303
384 330
384 357
384 378
384 381
384 385
384 386
384 393
384 402
384 465
384 627
385 142
385 304
385 331
385 358
385 379
385 382
385 384
385 386
385 394
385 403
385 466
385 628
386 143
386 305
386 332
386 359
386 380
386 383
386 384
386 385
386 395
386 404
386 467
386 629
387 144
387 306
387 333
387 360
387 378
387 388
387 389
387 390
387 393
387 396
387 468
387 630
388 145
388 307
388 334
388 361
388 379
388 387
388 389
388 391
388 394
388 397
388 469
388 631
389 146
389 308
389 335
389 362
389 380
389 387
389 388
389 392
389 395
389 398
389 470
389 632
390 147
390 309
390 336
390 363
390 381
390 387
390 391
390 392
390 393
390 399
390 471
390 633
391 148
391 310
391 337
391 364
391 382
391 388
391 390
391 392
391 394
391 400
391 472
391 634
392 149
392 311
392 338
392 365
392 383
392 389
392 390
392 391
392 395
392 401
392 473
392 635
393 150
393 312
393 339
393 366
393 384
393 387
393 390
393 394
393 395
393 402
393 474
393 636
394 151
394 313
394 340
394 367
394 385
394 388
394 391
394 393
394 395
394 403
394 475
394 637
395 152
395 314
395 341
395 368
395 386
395 389
395 392
395 393
395 394
395 404
395 476
395 638
396 153
396 315
396 342
396 369
396 378
396 387
396 397
396 398
396 399
396 402
396 477
396 639
397 154
397 316
397 343
397 370
397 379
397 388
397 396
397 398
397 400
397 403
397 478
397 640
398 155
398 317
398 344
398 371
398 380
398 389
398 396
398 397
398 401
398 404
398 479
398 641
399 156
399 318
399 345
399 372
399 381
399 390
399 396
399 400
399 401
399 402
399 480
399 642
400 157
400 319
400 346
400 373
400 382
400 391
400 397
400 399
400 401
400 403
400 481
400 643
401 158
401 320
401 347
401 374
401 383
401 392
401 398
401 399
401 400
401 404
401 482
401 644
402 159
402 321
402 348
402 375
402 384
402 393
402 396
402 399
402 403
402 404
402 483
402 645
403 160
403 322
403 349
403 376
403 385
403 394
403 397
403 400
403 402
403 404
403 484
403 646
404 161
404 323
404 350
404 377
404 386
404 395
404 398
404 401
404 402
404 403
404 485
404 647
405 162
405 243
405 324
405 406
405 407
405 408
405 411
405 414
405 423
405 432
405 459
405 648
406 163
406 244
406 325
406 405
406 407
406 409
406 412
406 415
406 424
406 433
406 460
406 649
407 164
407 245
407 326
407 405
407 406
407 410
407 413
407 416
407 425
407 434
407 461
407 650
408 165
408 246
408 327
408 405
408 409
408 410
408 411
408 417
408 426
408 435
408 462
408 651
409 166
409 247
409 328
409 406
409 408
409 410
409 412
409 418
409 427
409 436
409 463
409 652
410 167
410 248
410 329
410 407
410 408
410 409
410 413
410 419
410 428
410 437
410 464
410 653
411 168
411 249
411 330
411 405
411 408
411 412
411 413
411 420
411 429
411 438
411 465
411 654
412 169
412 250
412 331
412 406
412 409
412 411
412 413
412 421
412 430
412 439
412 466
412 655
413 170
413 251
413 332
413 407
413 410
413 411
413 412
413 422
413 431
413 440
413 467
413 656
414 252
414 333
414 405
414 415
414 416
414 417
414 420
414 423
414 441
414 468
414 657
415 172
415 253
415 334
415 406
415 414
415 416
415 418
415 421
415 424
415 442
415 469
415 658
416 173
416 254
416 335
416 407
416 414
416 415
416 419
416 422
416 425
416 443
416 470
416 659
417 174
417 255
417 336
417 408
417 414
417 418
417 419
417 420
417 426
417 444
417 471
417 660
418 175
418 256
418 337
418 409
418 415
418 417
418 419
418 421
418 427
418 445
418 472
418 661
419 176
419 257
419 338
419 410
419 416
419 417
419 418
419 422
419 428
419 446
419 473
419 662
420 177
420 258
420 339
420 411
420 414
420 417
420 421
420 422
420 429
420 447
420 474
420 663
421 178
421 259
421 340
421 412
421 415
421 418
421 420
421 422
421 430
421 448
421 475
421 664
422 179
422 260
422 341
422 413
422 416
422 419
422 420
422 421
422 431
422 449
422 476
422 665
423 180
423 261
423 342
423 405
423 414
423 424
423 425
423 426
423 429
423 450
423 477
423 666
424 181
424 262
424 343
424 406
424 415
424 423
424 425
424 427
424 430
424 451
424 478
424 667
425 182
425 263
425 344
425 407
425 416
425 423
425 424
425 428
425 431
425 452
425 479
425 668
426 183
426 264
426 345
426 408
426 417
426 423
426 427
426 428
426 429
426 453
426 480
426 669
427 184
427 265
427 346
427 409
427 418
427 424
427 426
427 428
427 430
427 454
427 481
427 670
428 185
428 266
428 347
428 410
428 419
428 425
428 426
428 427
428 431
428 455
428 482
428 671
429 186
429 267
429 348
429 411
429 420
429 423
429 426
429 430
429 431
429 456
429 483
429 672
430 187
430 268
430 349
430 412
430 421
430 424
430 427
430 429
430 431
430 457
430 484
430 673
431 188
431 269
431 350
431 413
431 422
431 425
431 428
431 429
431 430
431 458
431 485
431 674
432 189
432 270
432 351
432 405
432 433
432 434
432 435
432 438
432 441
432 450
432 459
432 675
433 190
433 271
433 352
433 406
433 432
433 434
433 436
433 439
433 442
433 451
433 460
433 676
434 191
434 272
434 353
434 407
434 432
434 433
434 437
434 440
434 443
434 452
434 461
434 677
435 192
435 273
435 354
435 408
435 432
435 436
435 437
435 438
435 444
435 453
435 462
435 678
436 193
436 274
436 355
436 409
436 433
436 435
436 437
436 439
436 445
436 454
436 463
436 679
437 194
437 275
437 356
437 410
437 434
437 435
437 436
437 440
437 446
437 455
437 464
437 680
438 195
438 276
438 357
438 411
438 432
438 435
438 440
438 447
438 456
438 465
438 681
439 196
439 277
439 358
439 412
439 433
439 436
439 440
439 448
439 457
439 466
439 682
440 197
440 278
440 359
440 413
440 434
440 437
440 438
440 439
440 449
440 458
440 467
440 683
441 198
441 279
441 360
441 414
441 432
441 442
441 443
441 444
441 447
441 450
441 468
441 684
442 199
442 280
442 361
442 415
442 433
442 441
442 443
442 445
442 448
442 451
442 469
442 685
443 200
443 281
443 362
443 416
443 434
443 441
443 442
443 446
443 449
443 452
443 470
443 686
444 201
444 282
444 363
444 417
444 435
444 441
444 445
444 446
444 447
444 453
444 471
444 687
445 202
445 283
445 364
445 418
445 436
445 442
445 444
445 446
445 448
445 454
445 472
445 688
446 203
446 284
446 365
446 419
446 437
446 443
446 444
446 445
446 449
446 455
446 473
446 689
447 204
447 285
447 366
447 420
447 438
447 441
447 444
447 448
447 449
447 456
447 474
447 690
448 205
448 286
448 367
448 421
448 439
448 442
448 445
448 447
448 449
448 457
448 475
448 691
449 206
449 287
449 368
449 422
449 440
449 443
449 446
449 447
449 448
449 458
449 476
449 692
450 207
450 288
450 369
450 423
450 432
450 441
450 451
450 452
450 453
450 456
450 477
450 693
451 208
451 289
451 370
451 424
451 433
451 442
451 450
451 452
451 454
451 457
451 478
451 694
452 209
452 290
452 371
452 425
452 434
452 443
452 450
452 451
452 455
452 458
452 479
452 695
453 210
453 291
453 372
453 426
453 435
453 444
453 450
453 454
453 455
453 456
453 480
453 696
454 211
454 292
454 373
454 427
454 436
454 445
454 451
454 453
454 455
454 457
454 481
454 697
455 212
455 293
455 374
455 428
455 437
455 446
455 452
455 453
455 454
455 458
455 482
455 698
456 213
456 294
456 375
456 429
456 438
456 447
456 450
456 453
456 457
456 458
456 483
456 699
457 214
457 295
457 376
457 430
457 439
457 448
457 451
457 454
457 456
457 458
457 484
457 700
458 215
458 296
458 377
458 431
458 440
458 449
458 452
458 455
458 456
458 457
458 485
458 701
459 216
459 297
459 378
459 405
459 432
459 460
459 461
459 462
459 465
459 468
459 477
459 702
460 217
460 298
460 379
460 406
460 433
460 459
460 461
460 463
460 466
460 469
460 478
460 703
461 218
461 299
461 380
461 407
461 434
461 459
461 460
461 464
461 467
461 470
461 479
461 704
462 219
462 300
462 381
462 408
462 435
462 459
462 463
462 464
462 465
462 471
462 480
462 705
463 220
463 301
463 382
463 409
463 436
463 460
463 462
463 464
463 466
463 472
463 481
463 706
464 221
464 302
464 383
464 410
464 437
464 461
464 462
464 463
464 467
464 473
464 482
464 707
465 222
465 303
465 384
465 411
465 438
465 459
465 462
465 466
465 467
465 474
465 483
465 708
466 223
466 304
466 385
466 412
466 439
466 460
466 463
466 465
466 467
466 475
466 484
466 709
467 224
467 305
467 386
467 413
467 440
467 461
467 464
467 465
467 466
467 476
467 485
467 710
468 225
468 306
468 387
468 414
468 441
468 459
468 469
468 470
468 471
468 474
468 477
468 711
469 226
469 307
469 388
469 415
469 442
469 460
469 468
469 470
469 472
469 475
469 478
469 712
470 227
470 308
470 389
470 416
470 443
470 461
470 468
470 469
470 473
470 476
470 479
470 713
471 228
471 309
471 390
471 417
471 444
471 462
471 468
471 472
471 473
471 474
471 480
471 714
472 229
472 310
472 391
472 418
472 445
472 463
472 469
472 471
472 473
472 475
472 481
472 715
473 230
473 311
473 392
473 419
473 446
473 464
473 470
473 471
473 472
473 476
473 482
473 716
474 231
474 312
474 393
474 420
474 447
474 465
474 468
474 471
474 475
474 476
474 483
474 717
475 232
475 313
475 394
475 421
475 448
475 466
475 469
475 472
475 474
475 476
475 484
475 718
476 233
476 314
476 395
476 422
476 449
476 467
476 470
476 473
476 474
476 475
476 485
476 719
477 234
477 315
477 396
477 423
477 450
477 459
477 468
477 478
477 479
477 480
477 483
477 720
478 235
478 316
478 397
478 424
478 451
478 460
478 469
478 477
478 479
478 481
478 484
478 721
479 236
479 317
479 398
479 425
479 452
479 461
479 470
479 477
479 478
479 482
479 485
479 722
480 237
480 318
480 399
480 426
480 453
480 462
480 471
480 477
480 481
480 482
480 483
480 723
481 238
481 319
481 400
481 427
481 454
481 463
481 472
481 478
481 480
481 482
481 484
481 724
482 239
482 320
482 401
482 428
482 455
482 464
482 473
482 479
482 480
482 481
482 485
482 725
483 240
483 321
483 402
483 429
483 456
483 465
483 474
483 477
483 480
483 484
483 485
483 726
484 241
484 322
484 403
484 430
484 457
484 466
484 475
484 478
484 481
484 483
484 485
484 727
485 242
485 323
485 404
485 431
485 458
485 467
485 476
485 479
485 482
485 483
485 484
485 728
486 0
486 243
486 487
486 488
486 489
486 492
486 495
486 504
486 513
486 540
486 567
486 648
487 1
487 244
487 486
487 488
487 490
487 493
487 496
487 505
487 514
487 541
487 568
487 649
488 2
488 245
488 486
488 487
488 491
488 494
488 497
488 506
488 515
488 542
488 569
488 650
489 3
489 246
489 486
489 490
489 491
489 492
489 498
489 507
489 516
489 543
489 570
489 651
490 4
490 247
490 487
490 489
490 491
490 493
490 499
490 508
490 517
490 544
490 571
490 652
491 5
491 248
491 488
491 489
491 490
491 494
491 500
491 509
491 518
491 545
491 572
491 653
492 6
492 249
492 486
492 489
492 493
492 494
492 501
492 510
492 519
492 546
492 573
492 654
493 7
493 250
493 487
493 490
493 492
493 494
493 502
493 511
493 520
493 547
493 574
493 655
494 8
494 251
494 488
494 491
494 492
494 493
494 503
494 512
494 521
494 548
494 575
494 656
495 9
495 252
495 486
495 496
495 497
495 498
495 501
495 504
495 522
495 549
495 576
495 657
496 10
496 253
496 487
496 495
496 497
496 499
496 502
496 505
496 523
496 550
496 577
496 658
497 11
497 254
497 488
497 495
497 496
497 500
497 503
497 506
497 524
497 551
497 578
497 659
498 12
498 255
498 489
498 495
498 499
498 500
498 501
498 507
498 525
498 552
498 579
498 660
499 13
499 256
499 490
499 496
499 498
499 500
499 502
499 508
499 526
499 553
499 580
499 661
500 14
500 257
500 491
500 497
500 498
500 499
500 503
500 509
500 527
500 554
500 581
500 662
501 15
501 258
501 492
501 495
501 498
501 502
501 503
501 510
501 528
501 555
501 582
501 663
502 16
502 259
502 493
502 496
502 499
502 501
502 503
502 511
502 529
502 556
502 583
502 664
503 17
503 260
503 494
503 497
503 500
503 501
503 502
503 512
503 530
503 557
503 584
503 665
504 18
504 261
504 486
504 495
504 505
504 506
504 507
504 510
504 531
504 558
504 585
504 666
505 19
505 262
505 487
505 496
505 504
505 506
505 508
505 511
505 532
505 559
505 586
505 667
506 20
506 263
506 488
506 497
506 504
506 505
506 509
506 512
506 533
506 560
506 587
506 668
507 21
507 264
507 489
507 498
507 504
507 508
507 509
507 510
507 534
507 561
507 588
507 669
508 22
508 265
508 490
508 499
508 505
508 507
508 509
508 511
508 535
508 562
508 589
508 670
509 23
509 266
509 491
509 500
509 506
509 507
509 508
509 512
509 536
509 563
509 590
509 671
510 24
510 267
510 492
510 501
510 504
510 507
510 511
510 512
510 537
510 564
510 591
510 672
511 25
511 268
511 493
511 502
511 505
511 508
511 510
511 512
511 538
511 565
511 592
511 673
512 26
512 269
512 494
512 503
512 506
512 509
512 510
512 511
512 539
512 566
512 593
512 674
513 27
513 270
513 486
513 514
513 515
513 516
513 519
513 522
513 531
513 540
513 594
513 675
514 28
514 271
514 487
514 513
514 515
514 517
514 520
514 523
514 532
514 541
514 595
514 676
515 29
515 272
515 488
515 513
515 514
515 518
515 521
515 524
515 533
515 542
515 596
515 677
516 30
516 273
516 489
516 513
516 517
516 518
516 519
516 525
516 534
516 543
516 597
516 678
517 31
517 274
517 490
517 514
517 516
517 518
517 520
517 526
517 535
517 544
517 598
517 679
518 32
518 275
518 491
518 515
518 516
518 517
518 521
518 527
518 536
518 545
518 599
518 680
519 33
519 276
519 492
519 513
519 516
519 520
519 521
519 528
519 537
519 546
519 600
519 681
520 34
520 277
520 493
520 514
520 517
520 519
520 521
520 529
520 538
520 547
520 601
520 682
521 35
521 278
521 494
521 515
521 518
521 519
521 520
521 530
521 539
521 548
521 602
521 683
522 36
522 279
522 495
522 513
522 523
522 524
522 525
522 528
522 531
522 549
522 603
522 684
523 37
523 280
523 496
523 514
523 522
523 524
523 526
523 529
523 532
523 550
523 604
523 685
524 38
524 281
524 497
524 515
524 522
524 523
524 527
524 530
524 533
524 551
524 605
524 686
525 39
525 282
525 498
525 516
525 522
525 526
525 527
525 528
525 534
525 552
525 606
525 687
526 40
526 283
526 499
526 517
526 523
526 525
526 527
526 529
526 535
526 553
526 607
526 688
527 41
527 284
527 500
527 518
527 524
527 525
527 526
527 530
527 536
527 554
527 608
527 689
528 42
528 285
528 501
528 519
528 522
528 525
528 529
528 530
528 537
528 555
528 609
528 690
529 43
529 286
529 502
529 520
529 523
529 526
529 528
529 530
529 538
529 556
529 610
529 691
530 44
530 287
530 503
530 521
530 524
530 527
530 528
530 529
530 539
530 557
530 611
530 692
531 45
531 288
531 504
531 513
531 522
531 532
531 533
531 534
531 537
531 558
531 612
531 693
532 46
532 289
532 505
532 514
532 523
532 531
532 533
532 535
532 538
532 559
532 613
532 694
533 47
533 290
533 506
533 515
533 524
533 531
533 532
533 536
533 539
533 560
533 614
533 695
534 48
534 291
534 507
534 516
534 525
534 531
534 535
534 536
534 537
534 561
534 615
534 696
535 49
535 292
535 508
535 517
535 526
535 532
535 534
535 536
535 538
535 562
535 616
535 697
536 50
536 293
536 509
536 518
536 527
536 533
536 534
536 535
536 539
536 563
536 617
536 698
537 51
537 294
537 510
537 519
537 528
537 531
537 534
537 538
537 539
537 564
537 618
537 699
538 52
538 295
538 511
538 520
538 529
538 532
538 535
538 537
538 539
538 565
538 619
538 700
539 53
539 296
539 512
539 521
539 530
539 533
539 536
539 537
539 538
539 566
539 620
539 701
540 54
540 297
540 486
540 513
540 541
540 542
540 543
540 546
540 549
540 558
540 621
540 702
541 55
541 298
541 487
541 514
541 540
541 542
541 544
541 547
541 550
541 559
541 622
541 703
542 56
542 299
542 488
542 515
542 540
542 541
542 545
542 548
542 551
542 560
542 623
542 704
543 57
543 300
543 489
543 516
543 540
543 544
543 545
543 546
543 552
543 561
543 624
543 705
544 58
544 301
544 490
544 517
544 541
544 543
544 545
544 547
544 553
544 562
544 625
544 706
545 59
545 302
545 491
545 518
545 542
545 543
545 544
545 548
545 554
545 563
545 626
545 707
546 60
546 303
546 492
546 519
546 540
546 543
546 547
546 548
546 555
546 564
546 627
546 708
547 61
547 304
547 493
547 520
547 541
547 544
547 546
547 548
547 556
547 565
547 628
547 709
548 62
548 305
548 494
548 521
548 542
548 545
548 546
548 547
548 557
548 566
548 629
548 710
549 63
549 306
549 495
549 522
549 540
549 550
549 551
549 552
549 555
549 558
549 630
549 711
550 64
550 307
550 496
550 523
550 541
550 549
550 551
550 553
550 556
550 559
550 631
550 712
551 65
551 308
551 497
551 524
551 542
551 549
551 550
551 554
551 557
551 560
551 632
551 713
552 66
552 309
552 498
552 525
552 543
552 549
552 553
552 554
552 555
552 561
552 633
552 714
553 67
553 310
553 499
553 526
553 544
553 550
553 552
553 554
553 556
553 562
553 634
553 715
554 68
554 311
554 500
554 527
554 545
554 551
554 552
554 553
554 557
554 563
554 635
554 716
555 69
555 312
555 501
555 528
555 546
555 549
555 552
555 556
555 557
555 564
555 636
555 717
556 70
556 313
556 502
556 529
556 547
556 550
556 553
556 555
556 557
556 565
556 637
556 718
557 71
557 314
557 503
557 530
557 548
557 551
557 554
557 555
557 556
557 566
557 638
557 719
558 72
558 315
558 504
558 531
558 540
558 549
558 559
558 560
558 561
558 564
558 639
558 720
559 73
559 316
559 505
559 532
559 541
559 550
559 558
559 560
559 562
559 565
559 640
559 721
560 74
560 317
560 506
560 533
560 542
560 551
560 558
560 559
560 563
560 566
560 641
560 722
561 75
561 318
561 507
561 534
561 543
561 552
561 558
561 562
561 563
561 564
561 642
561 723
562 76
562 319
562 508
562 535
562 544
562 553
562 559
562 561
562 563
562 565
562 643
562 724
563 77
563 320
563 509
563 536
563 545
563 554
563 560
563 561
563 562
563 566
563 644
563 725
564 78
564 321
564 510
564 537
564 546
564 555
564 558
564 561
564 565
564 566
564 645
564 726
565 79
565 322
565 511
565 538
565 547
565 556
565 559
565 562
565 564
565 566
565 646
565 727
566 80
566 323
566 512
566 539
566 548
566 557
566 560
566 563
566 564
566 565
566 647
566 728
567 81
567 324
567 486
567 568
567 569
567 570
567 573
567 576
567 585
567 594
567 621
567 648
568 82
568 325
568 487
568 567
568 569
568 571
568 574
568 577
568 586
568 595
568 622
568 649
569 83
569 326
569 488
569 567
569 568
569 572
569 575
569 578
569 587
569 596
569 623
569 650
570 84
570 327
570 489
570 567
570 571
570 572
570 573
570 579
570 588
570 597
570 624
570 651
571 85
571 328
571 490
571 568
571 570
571 572
571 574
571 580
571 589
571 598
571 625
571 652
572 86
572 329
572 491
572 569
572 570
572 571
572 575
572 581
572 590
572 599
572 626
572 653
573 87
573 330
573 492
573 567
573 570
573 574
573 575
573 582
573 591
573 600
573 627
573 654
574 88
574 331
574 493
574 568
574 571
574 573
574 575
574 583
574 592
574 601
574 628
574 655
575 89
575 332
575 494
575 569
575 572
575 573
575 574
575 584
575 593
575 602
575 629
575 656
576 90
576 333
576 495
576 567
576 577
576 578
576 579
576 582
576 585
576 603
576 630
576 657
577 91
577 334
577 496
577 568
577 576
577 578
577 580
577 583
577 586
577 604
577 631
577 658
578 92
578 335
578 497
578 569
578 576
578 577
578 581
578 584
578 587
578 605
578 632
578 659
579 93
579 336
579 498
579 570
579 576
579 580
579 581
579 582
579 588
579 606
579 633
579 660
580 94
580 337
580 499
580 571
580 577
580 579
580 581
580 583
580 589
580 607
580 634
580 661
581 95
581 338
581 500
581 572
581 578
581 579
581 580
581 584
581 590
581 608
581 635
581 662
582 96
582 339
582 501
582 573
582 576
582 579
582 583
582 584
582 591
582 609
582 636
582 663
583 97
583 340
583 502
583 574
583 577
583 580
583 582
583 584
583 592
583 610
583 637
583 664
584 98
584 341
584 503
584 575
584 578
584 581
584 582
584 583
584 593
584 611
584 638
584 665
585 99
585 342
585 504
585 567
585 576
585 586
585 587
585 588
585 591
585 612
585 639
585 666
586 100
586 343
586 505
586 568
586 577
586 585
586 587
586 589
586 592
586 613
586 640
586 667
587 101
587 344
587 506
587 569
587 578
587 585
587 586
587 590
587 593
587 614
587 641
587 668
588 102
588 345
588 507
588 570
588 579
588 585
588 589
588 590
588 591
588 615
588 642
588 669
589 103
589 346
589 508
589 571
589 580
589 586
589 588
589 590
589 592
589 616
589 643
589 670
590 104
590 347
590 509
590 572
590 581
590 587
590 588
590 589
590 593
590 617
590 644
590 671
591 105
591 348
591 510
591 573
591 582
591 585
591 588
591 592
591 593
591 618
591 645
591 672
592 106
592 349
592 511
592 574
592 583
592 586
592 589
592 591
592 593
592 619
592 646
592 673
593 107
593 350
593 512
593 575
593 584
593 587
593 590
593 591
593 592
593 620
593 647
593 674
594 108
594 351
594 513
594 567
594 595
594 596
594 597
594 600
594 603
594 612
594 621
594 675
595 109
595 352
595 514
595 568
595 594
595 596
595 598
595 601
595 604
595 613
595 622
595 676
596 110
596 353
596 515
596 569
596 594
596 595
596 599
596 602
596 605
596 614
596 623
596 677
597 111
597 354
597 516
597 570
597 594
597 598
597 599
597 600
597 606
597 615
597 624
597 678
598 112
598 355
598 517
598 571
598 595
598 597
598 599
598 601
598 607
598 616
598 625
598 679
599 113
599 356
599 518
599 572
599 596
599 597
599 598
599 602
599 608
599 617
599 626
599 680
600 114
600 357
600 519
600 573
600 594
600 597
600 601
600 602
600 609
600 618
600 627
600 681
601 115
601 358
601 520
601 574
601 595
601 598
601 600
601 602
601 610
601 619
601 628
601 682
602 116
602 359
602 521
602 575
602 596
602 599
602 600
602 601
602 611
602 620
602 629
602 683
603 117
603 360
603 522
603 576
603 594
603 604
603 605
603 606
603 609
603 612
603 630
603 684
604 118
604 361
604 523
604 577
604 595
604 603
604 605
604 607
604 610
604 613
604 631
604 685
605 119
605 362
605 524
605 578
605 596
605 603
605 604
605 608
605 611
605 614
605 632
605 686
606 120
606 363
606 525
606 579
606 597
606 603
606 607
606 608
606 609
606 615
606 633
606 687
607 121
607 364
607 526
607 580
607 598
607 604
607 606
607 608
607 610
607 616
607 634
607 688
608 122
608 365
608 527
608 581
608 599
608 605
608 606
608 607
608 611
608 617
608 635
608 689
609 123
609 366
609 528
609 582
609 600
609 603
609 606
609 610
609 611
609 618
609 636
609 690
610 124
610 367
610 529
610 583
610 601
610 604
610 607
610 609
610 611
610 619
610 637
610 691
611 125
611 368
611 530
611 584
611 602
611 605
611 608
611 609
611 610
611 620
611 638
611 692
612 126
612 369
612 531
612 585
612 594
612 603
612 613
612 614
612 615
612 618
612 639
612 693
613 127
613 370
613 532
613 586
613 595
613 604
613 612
613 614
613 616
613 619
613 640
613 694
614 128
614 371
614 533
614 587
614 596
614 605
614 612
614 613
614 617
614 620
614 641
614 695
615 129
615 372
615 534
615 588
615 597
615 606
615 612
615 616
615 617
615 618
615 642
615 696
616 130
616 373
616 535
616 589
616 598
616 607
616 613
616 615
616 617
616 619
616 643
616 697
617 131
617 374
617 536
617 590
617 599
617 608
617 614
617 615
617 616
617 620
617 644
617 698
618 132
618 375
618 537
618 591
618 600
618 609
618 612
618 615
618 619
618 620
618 645
618 699
619 133
619 376
619 538
619 592
619 601
619 610
619 613
619 616
619 618
619 620
619 646
619 700
620 134
620 377
620 539
620 593
620 602
620 611
620 614
620 617
620 618
620 619
620 647
620 701
621 135
621 378
621 540
621 567
621 594
621 622
621 623
621 624
621 627
621 630
621 639
621 702
622 136
622 379
622 541
622 568
622 595
622 621
622 623
622 625
622 628
622 631
622 640
622 703
623 137
623 380
623 542
623 569
623 596
623 621
623 622
623 626
623 629
623 632
623 641
623 704
624 138
624 381
624 543
624 570
624 597
624 621
624 625
624 626
624 627
624 633
624 642
624 705
625 139
625 382
625 544
625 571
625 598
625 622
625 624
625 626
625 628
625 634
625 643
625 706
626 140
626 383
626 545
626 572
626 599
626 623
626 624
626 625
626 629
626 635
626 644
626 707
627 141
627 384
627 546
627 573
627 600
627 621
627 624
627 628
627 629
627 636
627 645
627 708
628 142
628 385
628 547
628 574
628 601
628 622
628 625
628 627
628 629
628 637
628 646
628 709
629 143
629 386
629 548
629 575
629 602
629 623
629 626
629 627
629 628
629 638
629 647
629 710
630 144
630 387
630 549
630 576
630 603
630 621
630 631
630 632
630 633
630 636
630 639
630 711
631 145
631 388
631 550
631 577
631 604
631 622
631 630
631 632
631 634
631 637
631 640
631 712
632 146
632 389
632 551
632 578
632 605
632 623
632 630
632 631
632 635
632 638
632 641
632 713
633 147
633 390
633 552
633 579
633 606
633 624
633 630
633 634
633 635
633 636
633 642
633 714
634 148
634 391
634 553
634 580
634 607
634 625
634 631
634 633
634 635
634 637
634 643
634 715
635 149
635 392
635 554
635 581
635 608
635 626
635 632
635 633
635 634
635 638
635 644
635 716
636 150
636 393
636 555
636 582
636 609
636 627
636 630
636 633
636 637
636 638
636 645
636 717
637 151
637 394
637 556
637 583
637 610
637 628
637 631
637 634
637 636
637 638
637 646
637 718
638 152
638 395
638 557
638 584
638 611
638 629
638 632
638 635
638 636
638 637
638 647
638 719
639 153
639 396
639 558
639 585
639 612
639 621
639 630
639 640
639 641
639 642
639 645
639 720
640 154
640 397
640 559
640 586
640 613
640 622
640 631
640 639
640 641
640 643
640 646
640 721
641 155
641 398
641 560
641 587
641 614
641 623
641 632
641 639
641 640
641 644
641 647
641 722
642 156
642 399
642 561
642 588
642 615
642 624
642 633
642 639
642 643
642 644
642 645
642 723
643 157
643 400
643 562
643 589
643 616
643 625
643 634
643 640
643 642
643 644
643 646
643 724
644 158
644 401
644 563
644 590
644 617
644 626
644 635
644 641
644 642
644 643
644 647
644 725
645 159
645 402
645 564
645 591
645 618
645 627
645 636
645 639
645 642
645 646
645 647
645 726
646 160
646 403
646 565
646 592
646 619
646 628
646 637
646 640
646 643
646 645
646 647
646 727
647 161
647 404
647 566
647 593
647 620
647 629
647 638
647 641
647 644
647 645
647 646
647 728
648 162
648 405
648 486
648 567
648 649
648 650
648 651
648 654
648 657
648 666
648 675
648 702
649 163
649 406
649 487
649 568
649 648
649 650
649 652
649 655
649 658
649 667
649 676
649 703
650 164
650 407
650 488
650 569
650 648
650 649
650 653
650 656
650 659
650 668
650 677
650 704
651 165
651 408
651 489
651 570
651 648
651 652
651 653
651 654
651 660
651 669
651 678
651 705
652 166
652 409
652 490
652 571
652 649
652 651
652 653
652 655
652 661
652 670
652 679
652 706
653 167
653 410
653 491
653 572
653 650
653 651
653 652
653 656
653 662
653 680
653 707
654 168
654 411
654 492
654 573
654 648
654 651
654 655
654 656
654 663
654 672
654 681
654 708
655 169
655 412
655 493
655 574
655 649
655 652
655 654
655 656
655 664
655 673
655 682
655 709
656 170
656 413
656 494
656 575
656 650
656 653
656 654
656 655
656 665
656 674
656 683
656 710
657 171
657 414
657 495
657 576
657 648
657 658
657 659
657 660
657 663
657 666
657 684
657 711
658 172
658 415
658 496
658 577
658 649
658 657
658 659
658 661
658 664
658 667
658 685
658 712
659 173
659 416
659 497
659 578
659 650
659 657
659 658
659 662
659 665
659 668
659 686
659 713
660 174
660 417
660 498
660 579
660 651
660 657
660 661
660 662
660 663
660 669
660 687
660 714
661 175
661 418
661 499
661 580
661 652
661 658
661 660
661 662
661 664
661 670
661 688
661 715
662 176
662 419
662 500
662 581
662 653
662 659
662 660
662 661
662 665
662 671
662 689
662 716
663 177
663 420
663 501
663 582
663 654
663 657
663 660
663 664
663 665
663 672
663 690
663 717
664 178
664 421
664 502
664 583
664 655
664 658
664 661
664 663
664 665
664 673
664 691
664 718
665 179
665 422
665 503
665 584
665 656
665 659
665 662
665 663
665 664
665 674
665 692
665 719
666 180
666 423
666 504
666 585
666 648
666 657
666 667
666 668
666 669
666 672
666 693
666 720
667 181
667 424
667 505
667 586
667 649
667 658
667 666
667 668
667 670
667 673
667 694
667 721
668 182
668 425
668 506
668 587
668 650
668 659
668 666
668 667
668 671
668 674
668 695
668 722
669 183
669 426
669 507
669 588
669 651
669 660
669 666
669 670
669 671
669 672
669 696
669 723
670 184
670 427
670 508
670 589
670 652
670 661
670 667
670 669
670 671
670 673
670 697
670 724
671 185
671 428
671 509
671 590
671 662
671 668
671 669
671 670
671 674
671 698
671 725
672 186
672 429
672 510
672 591
672 654
672 663
672 666
672 669
672 673
672 674
672 699
672 726
673 187
673 430
673 511
673 592
673 655
673 664
673 667
673 670
673 672
673 674
673 700
673 727
674 188
674 431
674 512
674 593
674 656
674 665
674 668
674 671
674 672
674 673
674 701
674 728
675 189
675 432
675 513
675 594
675 648
675 676
675 677
675 678
675 681
675 684
675 693
675 702
676 190
676 433
676 514
676 595
676 649
676 675
676 677
676 679
676 682
676 685
676 694
676 703
677 191
677 434
677 515
677 596
677 650
677 675
677 676
677 680
677 683
677 686
677 695
677 704
678 192
678 435
678 516
678 597
678 651
678 675
678 679
678 680
678 681
678 687
678 696
678 705
679 193
679 436
679 517
679 598
679 652
679 676
679 678
679 680
679 682
679 688
679 697
679 706
680 194
680 437
680 518
680 599
680 653
680 677
680 678
680 679
680 683
680 689
680 698
680 707
681 195
681 438
681 519
681 600
681 654
681 675
681 678
681 682
681 683
681 690
681 699
681 708
682 196
682 439
682 520
682 601
682 655
682 676
682 679
682 681
682 683
682 691
682 700
682 709
683 197
683 440
683 521
683 602
683 656
683 677
683 680
683 681
683 682
683 692
683 701
683 710
684 198
684 441
684 522
684 603
684 657
684 675
684 685
684 686
684 687
684 690
684 693
684 711
685 199
685 442
685 523
685 604
685 658
685 676
685 684
685 686
685 688
685 691
685 694
685 712
686 200
686 443
686 524
686 605
686 659
686 677
686 684
686 685
686 689
686 692
686 695
686 713
687 201
687 444
687 525
687 606
687 660
687 678
687 684
687 688
687 689
687 690
687 696
687 714
688 202
688 445
688 526
688 607
688 661
688 679
688 685
688 687
688 689
688 691
688 697
688 715
689 203
689 446
689 527
689 608
689 662
689 680
689 686
689 687
689 688
689 692
689 698
689 716
690 204
690 447
690 528
690 609
690 663
690 681
690 684
690 687
690 691
690 692
690 699
690 717
691 205
691 448
691 529
691 610
691 664
691 682
691 685
691 688
691 690
691 692
691 700
691 718
692 206
692 449
692 530
692 611
692 665
692 683
692 686
692 689
692 690
692 691
692 701
692 719
693 207
693 450
693 531
693 612
693 666
693 675
693 684
693 694
693 695
693 696
693 699
693 720
694 208
694 451
694 532
694 613
694 667
694 676
694 685
694 693
694 695
694 697
694 700
694 721
695 209
695 452
695 533
695 614
695 668
695 677
695 686
695 693
695 694
695 698
695 701
695 722
696 210
696 453
696 534
696 615
696 669
696 678
696 687
696 693
696 697
696 698
696 699
696 723
697 211
697 454
697 535
697 616
697 670
697 679
697 688
697 694
697 696
697 698
697 700
697 724
698 212
698 455
698 536
698 617
698 671
698 680
698 689
698 695
698 696
698 697
698 701
698 725
699 213
699 456
699 537
699 618
699 672
699 681
699 690
699 693
699 696
699 700
699 701
699 726
700 214
700 457
700 538
700 619
700 673
700 682
700 691
700 694
700 697
700 699
700 701
700 727
701 215
701 458
701 539
701 620
701 674
701 683
701 692
701 695
701 698
701 699
701 700
701 728
702 216
702 459
702 540
702 621
702 648
702 675
702 703
702 704
702 705
702 708
702 711
702 720
703 217
703 460
703 541
703 622
703 649
703 676
703 702
703 704
703 706
703 709
703 712
703 721
704 218
704 461
704 542
704 623
704 650
704 677
704 702
704 703
704 707
704 710
704 713
704 722
705 219
705 462
705 543
705 624
705 651
705 678
705 702
705 706
705 707
705 708
705 714
705 723
706 220
706 463
706 544
706 625
706 652
706 679
706 703
706 705
706 707
706 709
706 715
706 724
707 221
707 464
707 545
707 626
707 653
707 680
707 704
707 705
707 706
707 710
707 716
707 725
708 222
708 465
708 546
708 627
708 654
708 681
708 702
708 705
708 709
708 710
708 717
708 726
709 223
709 466
709 547
709 628
709 655
709 682
709 703
709 706
709 708
709 710
709 718
709 727
710 224
710 467
710 548
710 629
710 656
710 683
710 704
710 707
710 708
710 709
710 719
710 728
711 225
711 468
711 549
711 630
711 657
711 684
711 702
711 712
711 713
711 714
711 717
711 720
712 226
712 469
712 550
712 631
712 658
712 685
712 703
712 711
712 713
712 715
712 718
712 721
713 227
713 470
713 551
713 632
713 659
713 686
713 704
713 711
713 712
713 716
713 719
713 722
714 228
714 471
714 552
714 633
714 660
714 687
714 705
714 711
714 715
714 716
714 717
714 723
715 229
715 472
715 553
715 634
715 661
715 688
715 706
715 712
715 714
715 716
715 718
715 724
716 230
716 473
716 554
716 635
716 662
716 689
716 707
716 713
716 714
716 715
716 719
716 725
717 231
717 474
717 555
717 636
717 663
717 690
717 708
717 711
717 714
717 718
717 719
717 726
718 232
718 475
718 556
718 637
718 664
718 691
718 709
718 712
718 715
718 717
718 719
718 727
719 233
719 476
719 557
719 638
719 665
719 692
719 710
719 713
719 716
719 717
719 718
719 728
720 234
720 477
720 558
720 639
720 666
720 693
720 702
720 711
720 721
720 722
720 723
720 726
721 235
721 478
721 559
721 640
721 667
721 694
721 703
721 712
721 720
721 722
721 724
721 727
722 236
722 479
722 560
722 641
722 668
722 695
722 704
722 713
722 720
722 721
722 725
722 728
723 237
723 480
723 561
723 642
723 669
723 696
723 705
723 714
723 720
723 724
723 725
723 726
724 238
724 481
724 562
724 643
724 670
724 697
724 706
724 715
724 721
724 723
724 725
724 727
725 239
725 482
725 563
725 644
725 671
725 698
725 707
725 716
725 722
725 723
725 724
725 728
726 240
726 483
726 564
726 645
726 672
726 699
726 708
726 717
726 720
726 723
726 727
726 728
727 241
727 484
727 565
727 646
727 673
727 700
727 709
727 718
727 721
727 724
727 726
727 728
728 242
728 485
728 566
728 647
728 674
728 701
728 710
728 719
728 722
728 725
728 726
728 727
2 13 16 29 42 61 72 77 100 105 107 108 110 111 113 122 142 145 164 165 171 208 211 214 219 233 260 263 264 280 291 297 302 322 325 328 331 349 365 369 374 393 398 399 414 430 438 439 440 472 479 492 505 517 525 539 551 552 578 579 594 610 612 629 633 637 643 653 655 657 662 671 686 687 703 726
