512 3440 64
0 1
0 2
0 8
0 16
0 32
0 64
0 128
0 256
1 3
1 5
1 9
1 33
1 65
1 129
1 257
2 0
2 3
2 6
2 10
2 34
2 130
2 258
3 1
3 7
3 11
3 19
3 35
3 67
3 131
3 259
4 0
4 6
4 12
4 20
4 36
4 68
4 132
4 260
5 4
5 7
5 13
5 69
5 261
6 2
6 4
6 7
6 14
6 22
6 134
6 262
7 6
7 15
7 23
7 39
7 71
7 135
7 263
8 0
8 9
8 10
8 12
8 24
8 40
8 136
9 1
9 8
9 11
9 13
9 73
9 265
10 2
10 8
10 14
10 42
10 138
10 266
11 3
11 10
11 15
11 27
11 43
11 139
12 4
12 8
12 14
12 28
12 44
12 76
12 140
12 268
13 5
13 12
13 15
13 45
13 269
14 15
14 46
14 270
15 7
15 13
15 31
15 47
15 143
16 0
16 17
16 18
16 20
16 80
16 144
16 272
17 1
17 19
17 81
17 273
18 2
18 22
18 26
18 146
18 274
19 3
19 18
19 23
19 51
19 83
19 147
19 275
20 4
20 16
20 22
20 52
20 148
21 5
21 17
21 20
21 23
21 29
21 53
21 85
21 149
21 277
22 30
22 54
22 86
22 278
23 7
23 19
23 22
23 31
23 55
23 87
23 151
23 279
24 16
24 25
24 26
24 88
25 9
25 17
25 24
25 89
25 153
25 281
26 10
26 24
26 27
26 58
26 90
26 154
26 282
27 11
27 19
27 25
27 26
27 31
27 59
27 155
27 283
28 12
28 20
28 24
28 29
28 30
28 92
28 156
28 284
29 13
29 21
29 25
29 28
29 31
29 61
29 157
29 285
30 14
30 22
30 26
30 28
30 31
30 62
30 158
31 15
31 27
31 29
31 30
31 63
31 95
31 287
32 0
32 33
32 34
32 40
32 48
32 96
32 160
32 288
33 41
33 97
33 161
33 289
34 32
34 35
34 38
34 42
34 50
34 98
34 290
35 3
35 33
35 34
35 39
35 51
35 99
35 163
35 291
36 4
36 32
36 164
36 292
37 5
37 33
37 36
37 39
37 45
37 101
37 165
37 293
38 6
38 34
38 36
38 39
38 102
38 166
39 7
39 35
39 37
39 38
39 47
39 55
39 103
39 167
39 295
40 41
40 42
40 44
40 56
40 168
40 296
41 9
41 33
41 40
41 43
41 45
41 105
41 169
41 297
42 40
42 43
42 46
42 58
42 106
42 170
42 298
43 11
43 35
43 41
43 42
43 47
43 59
43 107
43 171
43 299
44 12
44 36
44 40
44 60
44 172
44 300
45 13
45 37
45 41
45 44
45 109
45 173
46 14
46 38
46 44
46 47
46 110
46 174
46 302
47 39
47 43
47 45
47 46
47 111
47 175
47 303
48 16
48 49
48 50
48 52
48 56
48 112
48 304
49 17
49 33
49 48
49 51
49 57
49 113
50 18
50 34
50 51
50 54
50 58
50 114
51 19
51 35
51 49
51 50
51 55
51 59
51 115
51 179
51 307
52 20
52 36
52 48
52 54
52 60
52 116
52 180
53 21
53 37
53 49
53 52
53 55
53 61
53 117
53 309
54 22
54 38
54 50
54 52
54 55
54 62
54 118
54 182
54 310
55 23
55 53
55 119
55 183
55 311
56 24
56 40
56 48
56 57
56 58
56 60
56 120
56 184
57 25
57 41
57 59
57 61
57 185
57 313
58 26
58 42
58 50
58 56
58 59
58 122
58 186
58 314
59 27
59 57
59 58
59 63
59 123
59 187
60 28
60 44
60 52
60 56
60 61
60 62
60 124
61 45
61 53
61 57
61 125
61 189
61 317
62 30
62 46
62 58
62 63
62 126
62 190
62 318
63 31
63 47
63 55
63 61
63 62
63 191
63 319
64 0
64 65
64 66
64 68
64 72
64 80
65 64
65 73
65 193
65 321
66 2
66 64
66 70
66 98
66 194
66 322
67 65
67 66
67 71
67 75
67 99
67 195
67 323
68 69
68 70
68 76
68 100
68 196
69 5
69 65
69 71
69 77
69 85
69 197
69 325
70 6
70 66
70 71
70 78
70 86
70 102
70 198
70 326
71 67
71 79
71 87
72 8
72 73
72 74
72 88
72 104
72 200
72 328
73 9
73 72
73 89
73 201
73 329
74 10
74 66
74 72
74 75
74 78
74 90
75 11
75 67
75 73
75 74
75 79
75 91
75 107
75 203
75 331
76 12
76 72
76 77
76 78
76 92
76 108
76 204
76 332
77 13
77 69
77 73
77 76
77 79
77 93
77 109
77 205
78 14
78 74
78 79
78 94
78 110
78 206
78 334
79 15
79 71
79 75
79 77
79 78
79 95
79 111
79 207
80 16
80 81
80 82
80 84
80 88
80 112
80 208
81 17
81 65
81 80
81 83
81 85
81 89
81 113
81 209
81 337
82 18
82 66
82 114
82 210
82 338
83 19
83 67
83 82
83 87
83 91
83 115
83 211
83 339
84 20
84 68
84 85
84 92
84 116
84 212
84 340
85 69
85 81
85 84
85 87
85 93
85 117
85 213
85 341
86 22
86 70
86 82
86 84
86 87
86 118
86 214
86 342
87 23
87 71
87 83
87 85
87 86
87 95
87 119
87 215
87 343
88 24
88 72
88 89
88 90
88 92
88 216
88 344
89 25
89 81
89 88
89 93
89 121
89 217
89 345
90 26
90 74
90 82
90 88
90 91
90 218
91 27
91 83
91 89
91 123
91 219
91 347
92 93
92 94
92 124
92 220
93 29
93 85
93 89
93 92
93 125
93 349
94 30
94 78
94 86
94 90
94 92
94 126
94 222
94 350
95 31
95 79
95 91
95 93
95 94
95 127
95 223
95 351
96 32
96 64
96 97
96 98
96 112
96 224
96 352
97 33
97 65
97 96
97 99
97 105
97 113
97 225
98 34
98 66
98 96
98 99
98 102
98 106
98 226
98 354
99 35
99 67
99 97
99 98
99 103
99 115
99 227
100 36
100 68
100 96
100 101
100 116
100 356
101 37
101 69
101 97
101 103
101 109
101 117
102 38
102 98
102 100
102 103
102 110
102 118
102 230
103 39
103 71
103 111
103 119
103 231
103 359
104 40
104 72
104 96
104 106
104 232
105 41
105 73
105 104
105 107
105 233
105 361
106 42
106 74
106 98
106 104
106 107
106 110
106 122
106 234
106 362
107 43
107 75
107 99
107 106
107 111
107 123
107 363
108 44
108 76
108 100
108 104
108 109
108 110
108 124
108 364
109 45
109 105
109 108
109 111
110 46
110 78
110 102
110 106
110 108
110 111
110 238
110 366
111 47
111 79
111 110
111 367
112 48
112 96
112 113
112 114
112 240
112 368
113 49
113 81
113 97
113 112
113 117
113 121
113 241
113 369
114 50
114 98
114 112
114 118
114 122
114 242
115 83
115 113
115 114
115 119
115 123
115 243
115 371
116 52
116 112
116 117
116 124
116 244
117 53
117 113
117 116
117 119
117 125
117 245
117 373
118 54
118 102
118 116
118 119
118 126
118 246
118 374
119 55
119 87
119 115
119 118
119 127
119 375
120 56
120 88
120 104
120 112
120 121
120 122
120 124
120 248
120 376
121 57
121 89
121 105
121 120
121 123
121 249
121 377
122 90
122 106
122 114
122 120
122 126
122 250
122 378
123 59
123 91
123 107
123 115
123 121
123 122
123 127
123 251
123 379
124 60
124 108
124 125
124 252
124 380
125 61
125 93
125 109
125 117
125 121
125 124
125 253
125 381
126 62
126 94
126 110
126 118
126 122
126 124
126 127
126 254
126 382
127 63
127 95
127 111
127 119
127 125
127 255
128 0
128 129
128 130
128 144
128 160
128 192
128 384
129 1
129 133
129 137
129 145
129 161
129 193
129 385
130 2
130 131
130 134
130 138
130 146
130 194
130 386
131 129
131 130
131 135
131 139
131 163
131 387
132 4
132 128
132 134
132 140
132 148
132 164
132 388
133 5
133 129
133 132
133 135
133 149
133 165
133 197
134 6
134 130
134 132
134 135
134 150
134 166
134 198
134 390
135 7
135 133
135 199
135 391
136 8
136 128
136 137
136 138
136 140
136 152
136 168
136 200
137 9
137 139
137 141
137 153
137 201
137 393
138 130
138 136
138 139
138 142
138 170
139 11
139 131
139 137
139 138
139 143
139 155
139 171
139 203
140 136
140 141
140 142
140 156
140 172
140 204
140 396
141 13
141 133
141 137
141 140
141 143
141 157
141 173
141 397
142 14
142 134
142 138
142 143
142 174
142 398
143 15
143 135
143 159
143 175
144 16
144 128
144 145
144 146
144 152
144 176
144 208
144 400
145 17
145 147
145 149
145 401
146 18
146 144
146 147
146 150
146 178
146 210
146 402
147 19
147 131
147 145
147 155
147 179
147 211
148 132
148 144
148 150
148 156
148 212
148 404
149 21
149 145
149 148
149 151
149 157
149 181
149 405
150 22
150 134
150 146
150 148
150 151
150 182
150 406
151 23
151 135
151 147
151 150
151 159
151 183
151 215
151 407
152 24
152 136
152 144
152 153
152 154
152 156
152 184
152 216
153 25
153 145
153 152
153 155
153 157
153 185
153 217
154 138
154 146
154 152
154 155
154 186
154 218
154 410
155 27
155 153
155 154
155 159
155 219
155 411
156 28
156 140
156 148
156 152
156 157
156 158
156 188
157 149
157 153
157 159
157 189
157 221
157 413
158 142
158 150
158 154
158 190
158 222
158 414
159 31
159 151
159 158
159 191
159 223
159 415
160 128
160 161
160 162
160 164
160 168
160 176
160 224
160 416
161 129
161 163
161 169
161 417
162 34
162 130
162 160
162 163
162 178
163 131
163 161
163 167
163 179
163 227
163 419
164 36
164 160
164 165
164 166
164 172
164 180
164 228
164 420
165 161
165 164
165 181
165 421
166 38
166 134
166 162
166 174
166 182
166 230
167 39
167 135
167 163
167 165
167 166
167 183
167 423
168 40
168 136
168 160
168 169
168 172
168 232
168 424
169 41
169 137
169 161
169 168
169 171
169 173
169 185
169 233
169 425
170 162
170 168
170 171
170 174
170 186
170 234
170 426
171 43
171 163
171 169
171 175
171 187
171 235
172 44
172 164
172 168
172 174
172 188
172 428
173 141
173 165
173 172
173 189
173 237
173 429
174 46
174 142
174 166
174 170
174 172
174 175
174 238
175 167
175 171
175 173
175 174
175 191
176 48
176 144
176 160
176 177
176 180
176 184
176 240
176 432
177 49
177 145
177 161
177 176
177 179
177 181
177 185
177 241
177 433
178 50
178 162
178 176
178 186
178 242
178 434
179 51
179 147
179 163
179 178
179 183
179 187
179 243
179 435
180 52
180 148
180 164
180 176
180 188
180 244
181 53
181 149
181 165
181 177
181 180
181 183
181 189
181 437
182 54
182 178
182 180
182 183
182 190
182 246
182 438
183 55
183 151
183 182
183 191
183 439
184 152
184 168
184 176
184 186
184 188
184 440
185 169
185 184
185 189
185 441
186 58
186 154
186 178
186 187
186 250
186 442
187 59
187 155
187 171
187 185
187 191
188 60
188 156
188 172
188 180
188 184
188 189
188 190
188 252
188 444
189 61
189 173
189 185
189 188
189 191
189 253
189 445
190 158
190 174
190 182
190 186
190 188
190 191
190 254
190 446
191 159
191 183
191 190
191 255
192 64
192 128
192 193
192 194
192 196
192 200
192 208
193 65
193 129
193 192
193 195
193 197
193 201
193 225
193 449
194 66
194 130
194 195
194 198
194 202
194 210
194 226
194 450
195 67
195 131
195 193
195 194
195 199
195 203
195 211
195 451
196 132
196 192
196 197
196 198
196 212
196 228
197 69
197 133
197 193
197 196
197 199
197 205
197 229
197 453
198 70
198 194
198 196
198 199
198 206
198 214
198 230
198 454
199 71
199 135
199 195
199 197
199 198
199 207
199 215
199 231
199 455
200 72
200 136
200 201
200 204
200 216
200 232
200 456
201 73
201 137
201 193
201 203
201 205
202 74
202 138
202 200
202 203
202 218
202 234
202 458
203 75
203 139
203 201
203 202
203 207
203 219
203 235
204 140
204 196
204 200
204 205
204 220
204 236
205 141
205 204
205 207
205 221
205 237
205 461
206 78
206 142
206 202
206 204
206 207
206 238
206 462
207 143
207 223
207 239
207 463
208 80
208 144
208 192
208 210
208 212
208 216
208 464
209 81
209 145
209 193
209 208
209 217
209 241
210 82
210 146
210 208
210 211
210 214
210 218
210 242
210 466
211 83
211 147
211 195
211 209
211 215
211 219
211 467
212 84
212 148
212 196
212 208
212 220
212 244
212 468
213 85
213 149
213 197
213 209
213 212
213 215
213 221
214 150
214 198
214 212
214 215
214 222
214 246
214 470
215 199
215 211
215 213
215 223
216 152
216 200
216 208
216 218
216 220
216 248
216 472
217 89
217 201
217 216
217 219
217 221
217 249
217 473
218 90
218 210
218 216
218 250
218 474
219 91
219 155
219 203
219 217
219 218
219 223
219 475
220 156
220 212
220 216
220 221
220 222
220 252
221 93
221 157
221 205
221 213
221 217
221 220
221 253
221 477
222 94
222 206
222 218
222 220
222 254
223 95
223 159
223 215
223 221
223 222
223 479
224 160
224 192
224 225
224 226
224 228
224 232
224 240
224 480
225 97
225 161
225 193
225 224
225 227
225 229
225 233
225 241
225 481
226 98
226 162
226 194
226 224
226 227
226 230
226 234
226 242
227 99
227 163
227 195
227 225
227 226
227 243
228 100
228 164
228 196
228 229
228 236
228 244
228 484
229 101
229 165
229 197
229 225
229 237
229 245
230 198
230 228
230 238
230 486
231 167
231 227
231 229
231 230
231 239
231 247
231 487
232 104
232 168
232 224
232 234
232 236
232 488
233 201
233 225
233 232
233 237
233 249
234 170
234 202
234 226
234 235
234 238
234 250
234 490
235 107
235 203
235 227
235 233
235 234
235 239
236 108
236 172
236 204
236 237
236 238
236 252
237 109
237 205
237 233
237 236
237 253
238 110
238 234
238 239
238 254
238 494
239 111
239 175
239 207
239 235
239 237
239 238
240 176
240 208
240 224
240 241
240 242
240 248
240 496
241 113
241 177
241 209
241 240
241 243
241 245
241 249
241 497
242 114
242 178
242 210
242 226
242 243
242 246
242 250
242 498
243 115
243 179
243 211
243 241
243 242
243 499
244 212
244 228
244 240
244 245
244 246
244 252
245 117
245 181
245 213
245 229
245 241
245 247
245 253
245 501
246 182
246 230
246 242
247 119
247 183
247 215
247 231
247 243
247 246
247 503
248 120
248 184
248 216
248 232
248 249
248 250
248 252
248 504
249 121
249 185
249 217
249 248
249 251
249 253
250 122
250 218
250 242
250 248
250 254
250 506
251 123
251 187
251 219
251 235
251 243
251 249
251 250
251 255
251 507
252 188
252 220
252 244
252 253
252 254
252 508
253 189
253 221
253 237
253 249
253 252
253 255
253 509
254 190
254 222
254 238
254 246
254 252
254 255
254 510
255 127
255 223
255 239
255 247
255 251
255 511
256 0
256 257
256 258
256 260
256 264
256 272
256 288
256 320
256 384
257 1
257 259
257 261
257 265
257 273
257 289
257 385
258 2
258 256
258 262
258 266
258 274
258 290
258 322
259 3
259 257
259 258
259 263
259 267
259 275
259 291
259 323
259 387
260 4
260 256
260 261
260 262
260 276
260 292
260 324
261 263
261 269
261 293
261 325
261 389
262 6
262 258
262 260
262 263
262 270
262 294
263 7
263 259
263 261
263 271
263 327
263 391
264 8
264 256
264 265
264 266
264 268
264 280
264 296
265 9
265 257
265 264
265 269
265 281
265 329
266 258
266 267
266 270
266 282
266 298
266 330
267 11
267 259
267 265
267 266
267 299
267 331
267 395
268 260
268 264
268 269
268 284
268 300
268 332
268 396
269 13
269 261
269 265
269 271
269 285
269 301
269 333
269 397
270 14
270 262
270 266
270 268
270 271
270 302
270 398
271 15
271 263
271 267
271 270
271 287
271 303
271 399
272 256
272 273
272 276
272 304
272 336
273 17
273 257
273 272
273 277
273 305
274 258
274 272
274 275
274 278
274 306
274 338
274 402
275 19
275 259
275 273
275 283
275 339
275 403
276 20
276 260
276 272
276 277
276 278
277 261
277 279
277 309
277 341
277 405
278 262
278 286
278 310
278 342
279 23
279 263
279 275
279 278
279 311
279 407
280 24
280 264
280 272
280 281
280 284
280 312
280 344
281 25
281 273
281 283
281 285
281 313
281 345
281 409
282 266
282 274
282 280
282 283
282 286
282 346
282 410
283 27
283 267
283 275
283 281
283 282
283 287
283 315
283 411
284 28
284 268
284 276
284 280
284 286
284 316
285 29
285 277
285 281
285 284
285 349
285 413
286 30
286 270
286 278
286 282
286 287
286 414
287 271
287 279
287 283
287 285
287 286
287 319
287 351
288 32
288 256
288 289
288 292
288 296
288 304
288 352
288 416
289 33
289 257
289 293
289 297
289 305
289 353
290 258
290 288
290 291
290 294
290 306
290 418
291 35
291 289
291 290
291 295
291 307
291 355
291 419
292 36
292 260
292 293
292 294
292 420
293 37
293 261
293 301
293 309
293 421
294 38
294 310
294 358
294 422
295 39
295 263
295 293
295 294
295 303
295 311
295 423
296 40
296 264
296 288
296 298
296 300
296 360
297 41
297 265
297 289
297 296
297 299
297 313
297 361
298 42
298 266
298 290
298 296
298 299
298 302
298 362
298 426
299 43
299 267
299 291
299 297
299 298
299 315
299 363
299 427
300 44
300 292
300 296
300 302
300 316
300 428
301 45
301 293
301 297
301 300
301 303
301 317
301 365
301 429
302 270
302 294
302 298
302 300
302 303
302 318
302 366
302 430
303 271
303 295
303 299
303 301
303 319
303 367
303 431
304 272
304 288
304 305
304 306
304 308
304 432
305 49
305 273
305 289
305 304
305 307
305 309
305 313
306 50
306 290
306 304
306 310
306 314
306 370
306 434
307 51
307 275
307 291
307 305
307 306
307 371
307 435
308 52
308 276
308 292
308 304
308 310
308 316
308 372
308 436
309 53
309 277
309 305
309 308
309 311
309 317
309 373
309 437
310 54
310 278
310 294
310 306
310 308
310 318
310 374
311 55
311 279
311 307
311 310
311 319
311 375
311 439
312 56
312 280
312 296
312 304
312 313
312 314
312 316
312 376
312 440
313 57
313 305
313 315
313 441
314 58
314 282
314 298
314 306
314 312
314 315
314 318
315 59
315 283
315 299
315 307
315 314
315 319
315 379
315 443
316 60
316 284
316 300
316 308
316 312
316 317
316 318
316 380
316 444
317 285
317 301
317 313
317 319
318 286
318 302
318 310
318 314
318 316
318 319
318 382
318 446
319 63
319 318
319 383
319 447
320 64
320 322
320 324
320 336
320 352
321 65
321 257
321 320
321 323
321 325
321 329
321 337
321 353
321 449
322 66
322 258
322 326
322 338
322 354
322 450
323 259
323 322
323 327
323 331
323 339
323 355
323 451
324 68
324 260
324 320
324 332
324 340
324 356
324 452
325 69
325 321
325 324
325 327
325 333
325 341
325 357
325 453
326 262
326 322
326 324
326 327
326 334
326 342
326 358
326 454
327 71
327 263
327 325
327 326
327 335
327 343
327 359
327 455
328 264
328 320
328 329
328 330
328 332
328 344
328 360
328 456
329 73
329 321
329 328
329 331
329 333
329 361
329 457
330 74
330 322
330 328
330 331
330 334
330 346
330 362
331 323
331 329
331 347
331 363
331 459
332 333
332 334
332 348
332 364
332 460
333 77
333 269
333 325
333 329
333 335
333 349
333 365
334 78
334 270
334 326
334 332
334 335
334 350
334 366
334 462
335 79
335 271
335 331
335 334
335 351
335 367
336 80
336 337
336 338
336 340
336 344
336 368
336 464
337 81
337 273
337 321
337 339
337 341
337 369
337 465
338 82
338 274
338 322
338 336
338 339
338 346
338 370
338 466
339 83
339 338
339 343
339 347
339 371
339 467
340 276
340 324
340 341
340 342
340 348
340 372
340 468
341 85
341 325
341 340
341 343
341 349
342 86
342 278
342 326
342 338
342 343
342 350
343 87
343 279
343 327
343 339
343 351
343 375
343 471
344 88
344 328
344 336
344 346
345 281
345 329
345 337
345 344
345 349
345 377
345 473
346 90
346 282
346 330
346 338
346 344
346 347
346 350
346 474
347 283
347 345
347 351
347 379
348 92
348 284
348 332
348 344
348 349
348 350
348 380
348 476
349 93
349 285
349 333
349 341
349 348
349 351
349 381
350 286
350 346
350 348
350 351
350 382
350 478
351 95
351 287
351 349
351 383
351 479
352 96
352 288
352 320
352 353
352 354
352 368
352 480
353 97
353 289
353 321
353 355
353 357
353 361
353 369
354 98
354 290
354 322
354 358
354 362
354 370
355 99
355 291
355 353
355 354
355 359
355 371
355 483
356 100
356 292
356 324
356 352
356 357
356 364
356 484
357 101
357 293
357 325
357 356
357 359
357 365
357 373
358 102
358 294
358 326
358 354
358 356
358 366
358 486
359 103
359 295
359 327
359 355
359 357
359 358
359 367
359 487
360 104
360 296
360 328
360 352
360 361
360 362
360 364
361 297
361 329
361 353
361 360
361 363
361 365
361 377
361 489
362 106
362 330
362 354
362 360
362 363
362 366
362 378
362 490
363 107
363 299
363 331
363 355
363 367
363 379
364 108
364 300
364 360
364 366
364 380
364 492
365 109
365 301
365 357
365 361
365 364
365 367
365 381
366 110
366 302
366 358
366 364
366 367
366 494
367 111
367 335
367 359
367 363
367 383
368 112
368 304
368 369
368 370
368 372
368 376
368 496
369 305
369 337
369 353
369 368
369 371
369 373
369 377
369 497
370 114
370 306
370 338
370 368
370 371
370 374
370 378
370 498
371 115
371 339
371 355
371 369
371 375
371 379
371 499
372 116
372 340
372 356
372 373
372 374
372 500
373 341
373 369
373 375
374 118
374 310
374 342
374 358
374 370
374 372
374 382
374 502
375 119
375 311
375 359
375 373
375 374
375 503
376 120
376 344
376 360
376 377
376 378
376 380
376 504
377 121
377 313
377 345
377 369
377 381
377 505
378 122
378 314
378 346
378 379
379 123
379 363
379 371
379 377
379 383
380 124
380 316
380 364
380 372
380 376
380 381
380 508
381 317
381 349
381 365
381 373
381 377
381 383
381 509
382 350
382 366
382 378
382 380
382 383
382 510
383 127
383 375
383 379
383 511
384 256
384 385
384 386
384 392
384 400
384 448
385 257
385 384
385 387
385 393
385 417
385 449
386 130
386 258
386 384
386 387
386 394
386 418
386 450
387 259
387 385
387 386
387 395
387 419
387 451
388 132
388 260
388 384
388 389
388 390
388 396
388 404
388 420
389 133
389 385
389 388
389 391
389 397
389 421
389 453
390 134
390 262
390 386
390 388
390 391
390 398
390 406
390 422
391 387
391 389
391 390
391 407
391 423
391 455
392 136
392 264
392 384
392 394
392 408
392 424
392 456
393 137
393 265
393 385
393 392
393 395
393 409
393 425
393 457
394 138
394 266
394 386
394 392
394 395
394 398
394 410
394 426
394 458
395 139
395 267
395 393
395 394
395 399
395 411
395 427
395 459
396 140
396 268
396 392
396 398
396 412
396 428
396 460
397 141
397 269
397 393
397 396
397 413
397 429
397 461
398 142
398 270
398 390
398 396
398 414
398 462
399 143
399 271
399 391
399 395
399 397
399 398
399 431
399 463
400 272
400 384
400 401
400 402
400 404
400 408
400 432
400 464
401 145
401 273
401 385
401 400
401 403
401 433
401 465
402 146
402 386
402 400
402 410
402 434
403 147
403 387
403 401
403 402
403 407
403 435
403 467
404 276
404 388
404 400
404 405
404 406
404 412
404 436
404 468
405 149
405 277
405 389
405 401
405 404
405 469
406 150
406 278
406 390
406 402
406 407
406 414
406 438
406 470
407 279
407 391
407 403
407 405
407 415
408 152
408 280
408 400
408 410
408 440
408 472
409 153
409 393
409 401
409 408
409 411
409 413
409 441
409 473
410 154
410 402
410 408
410 411
411 155
411 283
411 395
411 403
411 409
411 415
411 475
412 156
412 284
412 396
412 404
412 408
412 413
412 444
412 476
413 157
413 285
413 397
413 405
413 409
413 412
413 445
413 477
414 158
414 286
414 406
414 410
414 412
414 415
414 446
414 478
415 159
415 287
415 399
415 407
415 411
415 413
415 414
415 447
416 288
416 384
416 417
416 418
416 420
416 424
416 432
416 480
417 289
417 385
417 416
417 419
417 421
417 425
417 433
417 481
418 162
418 290
418 419
418 422
418 426
418 482
419 291
419 387
419 427
419 435
419 483
420 164
420 292
420 421
420 422
420 428
420 436
420 484
421 165
421 293
421 389
421 417
421 420
421 423
421 429
421 437
421 485
422 166
422 294
422 390
422 420
422 423
422 430
422 438
422 486
423 167
423 295
423 391
423 419
423 421
423 422
423 431
423 439
424 168
424 296
424 416
424 425
424 428
424 440
424 488
425 297
425 393
425 417
425 427
425 429
425 441
426 170
426 394
426 418
426 424
426 427
426 430
426 442
426 490
427 171
427 299
427 395
427 419
427 425
427 426
427 431
427 443
427 491
428 172
428 300
428 430
428 444
429 173
429 425
429 428
429 431
429 445
429 493
430 174
430 302
430 398
430 422
430 426
430 428
430 446
430 494
431 175
431 430
431 447
431 495
432 176
432 400
432 416
432 433
432 434
432 436
432 440
432 496
433 177
433 305
433 401
433 432
433 437
433 441
433 497
434 178
434 306
434 402
434 418
434 432
434 435
434 438
434 442
435 179
435 433
435 434
435 439
435 443
436 180
436 404
436 420
436 432
436 437
436 438
436 444
437 181
437 309
437 405
437 421
437 433
437 436
437 439
437 445
438 182
438 310
438 406
438 422
438 434
438 436
438 439
438 446
438 502
439 183
439 311
439 407
439 435
439 437
439 438
439 447
439 503
440 184
440 312
440 408
440 424
440 432
440 441
440 442
440 444
440 504
441 185
441 313
441 409
441 433
441 440
441 445
441 505
442 186
442 314
442 410
442 426
442 434
442 440
442 443
442 446
443 187
443 315
443 411
443 427
443 435
443 441
443 442
443 447
443 507
444 428
444 436
444 508
445 189
445 317
445 413
445 429
445 437
445 441
445 444
445 447
446 190
446 318
446 414
446 444
446 447
446 510
447 191
447 439
447 443
447 445
447 446
447 511
448 192
448 320
448 449
448 452
448 456
448 464
449 193
449 385
449 448
449 451
449 457
449 465
449 481
450 194
450 386
450 448
450 451
450 454
450 482
451 195
451 323
451 387
451 449
451 450
451 455
451 467
451 483
452 196
452 324
452 388
452 460
452 468
452 484
453 325
453 449
453 452
453 455
453 461
453 469
453 485
454 326
454 390
454 450
454 452
454 455
454 462
454 470
454 486
455 199
455 327
455 391
455 451
455 463
455 471
455 487
456 328
456 448
456 457
456 458
456 460
456 472
457 201
457 329
457 393
457 449
457 456
457 459
457 461
457 473
458 330
458 450
458 456
458 459
458 490
459 203
459 395
459 451
459 457
459 458
459 463
459 475
459 491
460 204
460 396
460 461
460 462
460 476
461 333
461 397
461 453
461 457
461 463
461 493
462 206
462 454
462 458
462 478
462 494
463 335
463 399
463 455
463 459
463 461
463 462
463 495
464 208
464 336
464 400
464 448
464 465
464 466
464 468
464 472
464 496
465 209
465 337
465 401
465 464
465 467
465 469
465 473
465 497
466 338
466 402
466 450
466 470
466 474
466 498
467 339
467 451
467 466
467 475
467 499
468 212
468 340
468 404
468 464
468 469
468 470
468 476
468 500
469 213
469 341
469 405
469 468
469 471
469 501
470 342
470 406
470 454
470 466
470 468
470 471
470 478
470 502
471 215
471 407
471 467
471 469
471 479
471 503
472 216
472 344
472 408
472 456
472 464
472 473
472 474
472 476
473 409
473 472
473 475
474 218
474 346
474 410
474 458
474 472
474 475
474 478
474 506
475 219
475 347
475 411
475 459
475 473
475 474
475 479
476 220
476 348
476 412
476 460
476 472
476 477
476 478
476 508
477 221
477 349
477 461
477 469
477 473
477 479
477 509
478 222
478 350
478 414
478 470
478 474
478 479
478 510
479 223
479 415
479 463
479 475
479 477
479 478
480 352
480 416
480 448
480 482
481 353
481 417
481 480
481 485
482 226
482 354
482 418
482 450
482 483
482 486
482 490
482 498
483 227
483 355
483 451
483 481
483 487
483 491
483 499
484 228
484 420
484 452
484 480
484 485
484 486
484 492
484 500
485 229
485 357
485 421
485 481
485 484
485 487
485 493
485 501
486 230
486 358
486 422
486 454
486 482
486 484
486 494
486 502
487 231
487 359
487 423
487 485
487 486
487 495
487 503
488 360
488 424
488 456
488 480
488 489
488 490
488 492
488 504
489 233
489 361
489 425
489 457
489 481
489 488
489 493
490 362
490 426
490 458
490 482
490 488
490 491
490 494
491 235
491 363
491 427
491 483
491 489
491 490
491 495
491 507
492 236
492 428
492 460
492 484
492 493
492 494
493 237
493 365
493 429
493 461
493 492
493 495
493 509
494 238
494 366
494 430
494 462
494 486
494 492
494 510
495 239
495 367
495 491
495 494
495 511
496 368
496 432
496 480
496 497
496 498
496 500
497 241
497 433
497 465
497 481
497 496
497 499
497 505
498 242
498 370
498 434
498 466
498 482
498 496
498 499
498 502
498 506
499 371
499 435
499 467
499 483
499 497
499 498
499 503
499 507
500 244
500 372
500 436
500 468
500 484
500 496
500 501
500 508
501 245
501 373
501 437
501 469
501 497
501 503
501 509
502 246
502 470
502 498
502 500
502 503
502 510
503 247
503 375
503 471
503 487
503 501
503 502
503 511
504 248
504 440
504 472
504 496
504 505
504 506
504 508
505 249
505 377
505 441
505 473
505 489
505 497
505 504
505 507
505 509
506 250
506 378
506 442
506 474
506 490
506 504
506 507
506 510
507 251
507 379
507 443
507 475
507 491
507 499
507 505
507 506
508 476
508 492
508 500
508 504
508 509
508 510
509 253
509 445
509 493
509 501
509 505
510 254
510 446
510 494
510 502
510 506
511 255
511 383
511 447
511 479
511 503
511 507
511 509
511 510
11 14 17 21 40 47 49 54 64 71 90 92 98 101 123 124 130 141 150 152 163 164 186 189 196 201 211 223 233 238 240 247 260 264 274 287 289 300 311 314 323 333 342 345 358 363 368 381 385 391 411 412 418 431 436 441 458 462 464 469 485 488 499 510
