160 3774 7
0 4
0 13
0 14
0 22
0 26
0 29
0 30
0 32
0 34
0 37
0 47
0 50
0 56
0 62
0 64
0 79
0 84
0 85
0 86
0 88
0 89
0 94
0 96
0 103
0 105
0 117
0 123
0 130
0 139
0 147
0 155
1 5
1 6
1 7
1 13
1 21
1 34
1 35
1 39
1 46
1 53
1 57
1 79
1 85
1 88
1 111
1 130
1 132
1 141
1 145
1 146
1 154
2 5
2 6
2 10
2 16
2 31
2 35
2 38
2 40
2 42
2 45
2 47
2 54
2 61
2 64
2 70
2 73
2 75
2 88
2 89
2 91
2 108
2 110
2 112
2 120
2 146
2 148
2 152
2 158
3 7
3 18
3 21
3 36
3 42
3 46
3 60
3 61
3 69
3 78
3 80
3 84
3 107
3 120
3 122
3 128
3 135
3 137
3 146
3 150
3 152
3 153
3 158
4 0
4 5
4 7
4 17
4 18
4 41
4 51
4 54
4 62
4 71
4 76
4 84
4 90
4 93
4 113
4 117
4 119
4 131
4 140
4 142
4 151
4 152
5 1
5 3
5 4
5 6
5 14
5 18
5 23
5 26
5 28
5 30
5 31
5 36
5 37
5 43
5 44
5 49
5 68
5 81
5 83
5 88
5 90
5 95
5 96
5 97
5 105
5 110
5 111
5 117
5 123
5 134
5 135
5 138
5 139
5 143
5 156
6 2
6 5
6 8
6 25
6 29
6 36
6 38
6 41
6 44
6 45
6 49
6 50
6 55
6 75
6 97
6 99
6 101
6 109
6 118
6 129
6 134
6 148
6 151
6 153
6 154
7 0
7 1
7 4
7 14
7 21
7 27
7 31
7 38
7 67
7 74
7 80
7 81
7 83
7 84
7 94
7 96
7 101
7 102
7 109
7 115
7 118
7 119
7 120
7 122
7 134
7 137
7 142
7 145
7 147
7 157
8 3
8 15
8 17
8 27
8 33
8 41
8 81
8 93
8 95
8 110
8 116
8 118
8 130
8 133
8 137
8 141
8 157
9 5
9 11
9 31
9 36
9 38
9 57
9 59
9 61
9 86
9 90
9 93
9 100
9 104
9 108
9 122
9 127
9 128
9 132
9 151
9 154
9 157
10 2
10 7
10 16
10 17
10 23
10 29
10 31
10 36
10 38
10 44
10 46
10 49
10 61
10 63
10 73
10 74
10 82
10 94
10 101
10 105
10 113
10 118
10 123
10 124
10 128
10 132
11 1
11 17
11 45
11 70
11 71
11 82
11 94
11 104
11 106
11 119
11 135
11 142
12 18
12 30
12 34
12 35
12 40
12 46
12 68
12 88
12 91
12 95
12 97
12 107
12 117
12 122
12 130
12 138
12 142
12 145
12 152
12 156
12 158
13 0
13 7
13 29
13 36
13 41
13 53
13 54
13 55
13 56
13 57
13 63
13 69
13 72
13 106
13 109
13 114
13 115
13 117
13 122
13 125
13 126
13 133
13 135
13 137
13 139
13 152
13 153
14 0
14 4
14 7
14 11
14 23
14 34
14 37
14 42
14 48
14 51
14 64
14 65
14 73
14 74
14 80
14 82
14 96
14 107
14 112
14 125
14 131
14 132
14 143
14 152
14 153
14 155
15 20
15 21
15 59
15 63
15 70
15 80
15 88
15 94
15 98
15 102
15 104
15 105
15 109
15 111
15 114
15 115
15 117
15 119
15 121
15 130
15 132
15 147
15 148
15 150
15 159
16 2
16 10
16 17
16 24
16 28
16 30
16 34
16 43
16 46
16 52
16 53
16 67
16 70
16 76
16 85
16 95
16 99
16 100
16 115
16 143
16 148
16 150
17 4
17 8
17 14
17 21
17 22
17 32
17 34
17 42
17 47
17 49
17 55
17 60
17 70
17 72
17 87
17 95
17 100
17 112
17 141
18 4
18 5
18 27
18 30
18 38
18 39
18 57
18 60
18 65
18 72
18 76
18 78
18 81
18 93
18 96
18 117
18 123
18 128
18 132
18 153
19 10
19 26
19 43
19 44
19 45
19 49
19 58
19 59
19 62
19 64
19 65
19 66
19 78
19 83
19 88
19 89
19 92
19 96
19 98
19 103
19 107
19 110
19 113
19 116
19 124
19 144
19 159
20 2
20 10
20 15
20 22
20 28
20 30
20 35
20 39
20 55
20 57
20 65
20 84
20 85
20 89
20 94
20 98
20 104
20 109
20 114
20 127
20 132
20 133
20 138
20 142
20 155
20 158
20 159
21 1
21 5
21 7
21 16
21 17
21 26
21 30
21 55
21 60
21 63
21 64
21 65
21 67
21 85
21 87
21 92
21 101
21 108
21 146
21 153
21 158
21 159
22 0
22 16
22 17
22 23
22 25
22 34
22 43
22 45
22 62
22 63
22 67
22 77
22 78
22 81
22 99
22 117
22 118
22 119
22 121
22 125
22 131
22 136
22 139
22 150
22 151
22 152
22 157
22 159
23 2
23 5
23 14
23 16
23 22
23 30
23 39
23 42
23 43
23 68
23 87
23 114
23 120
23 129
23 130
23 136
23 142
23 148
23 150
23 154
24 0
24 8
24 23
24 26
24 42
24 44
24 52
24 53
24 60
24 70
24 71
24 75
24 85
24 90
24 97
24 111
24 127
24 135
24 138
24 148
24 155
24 157
24 158
25 6
25 22
25 30
25 32
25 35
25 36
25 37
25 38
25 82
25 84
25 89
25 91
25 107
25 110
25 113
25 121
25 122
25 124
25 129
25 135
25 142
25 147
25 152
25 158
26 0
26 1
26 14
26 15
26 17
26 19
26 21
26 24
26 31
26 35
26 41
26 44
26 49
26 50
26 53
26 69
26 72
26 78
26 86
26 89
26 92
26 108
26 109
26 118
26 121
26 132
26 135
26 150
26 152
27 7
27 8
27 29
27 33
27 42
27 50
27 83
27 84
27 87
27 90
27 91
27 95
27 103
27 112
27 117
27 124
27 126
27 129
27 139
27 153
28 5
28 10
28 16
28 30
28 31
28 41
28 42
28 64
28 66
28 75
28 86
28 93
28 94
28 95
28 103
28 104
28 107
28 110
28 113
28 133
28 135
28 136
28 157
29 0
29 6
29 7
29 10
29 12
29 27
29 31
29 36
29 39
29 48
29 51
29 55
29 61
29 65
29 81
29 91
29 95
29 98
29 100
29 112
29 114
29 145
29 157
30 12
30 16
30 18
30 20
30 21
30 23
30 28
30 39
30 51
30 56
30 58
30 59
30 61
30 65
30 67
30 68
30 76
30 79
30 83
30 98
30 108
30 110
30 111
30 113
30 121
30 124
30 140
30 143
30 147
30 153
30 158
31 4
31 5
31 7
31 8
31 9
31 18
31 28
31 51
31 57
31 66
31 76
31 90
31 91
31 97
31 100
31 105
31 115
31 118
31 126
31 135
31 139
31 146
31 152
32 2
32 25
32 29
32 34
32 40
32 49
32 50
32 60
32 64
32 70
32 79
32 80
32 81
32 82
32 96
32 97
32 98
32 127
32 128
32 137
32 155
32 159
33 8
33 27
33 36
33 47
33 55
33 64
33 78
33 83
33 88
33 94
33 99
33 100
33 107
33 109
33 127
33 135
33 136
33 148
33 151
34 0
34 12
34 14
34 17
34 22
34 40
34 42
34 44
34 49
34 60
34 66
34 68
34 71
34 77
34 113
34 114
34 115
34 119
34 122
34 127
34 128
34 130
34 134
34 139
34 149
34 153
34 158
35 1
35 2
35 11
35 20
35 22
35 25
35 36
35 37
35 38
35 39
35 48
35 51
35 56
35 65
35 71
35 79
35 110
35 117
35 118
35 131
35 144
35 148
36 6
36 9
36 24
36 25
36 29
36 44
36 46
36 51
36 79
36 84
36 85
36 86
36 97
36 101
36 109
36 127
36 128
36 136
36 151
37 5
37 6
37 24
37 30
37 44
37 58
37 61
37 72
37 78
37 79
37 81
37 84
37 93
37 98
37 102
37 103
37 106
37 110
37 113
37 120
37 125
37 131
37 136
37 139
37 151
37 154
38 2
38 6
38 7
38 9
38 10
38 25
38 35
38 45
38 57
38 76
38 80
38 84
38 101
38 116
38 120
38 126
38 127
38 134
38 135
38 142
38 148
38 155
38 157
39 1
39 13
39 18
39 20
39 22
39 24
39 30
39 32
39 35
39 41
39 43
39 48
39 51
39 58
39 59
39 73
39 81
39 86
39 88
39 96
39 105
39 110
39 113
39 132
39 142
39 150
39 152
40 0
40 2
40 8
40 12
40 45
40 46
40 56
40 57
40 58
40 86
40 95
40 101
40 105
40 107
40 114
40 119
40 136
40 137
40 140
40 158
41 6
41 8
41 13
41 27
41 31
41 39
41 45
41 55
41 60
41 69
41 86
41 87
41 91
41 93
41 99
41 107
41 108
41 124
41 139
41 141
41 145
41 146
41 152
41 153
41 158
42 6
42 11
42 12
42 14
42 24
42 28
42 34
42 61
42 80
42 81
42 89
42 92
42 112
42 117
42 119
42 121
42 123
42 127
42 133
42 137
42 140
42 143
42 153
43 5
43 16
43 22
43 39
43 53
43 65
43 67
43 72
43 73
43 76
43 103
43 111
43 118
43 119
43 130
43 132
43 135
43 141
43 144
43 147
43 149
43 158
44 5
44 10
44 20
44 24
44 25
44 26
44 34
44 36
44 53
44 55
44 61
44 87
44 98
44 108
44 113
44 115
44 119
44 121
44 123
44 124
44 140
44 144
44 147
44 156
45 2
45 6
45 9
45 11
45 19
45 22
45 27
45 38
45 40
45 41
45 70
45 75
45 77
45 81
45 82
45 83
45 91
45 95
45 96
45 100
45 108
45 112
45 119
45 136
45 138
45 150
45 151
46 1
46 3
46 10
46 12
46 28
46 48
46 54
46 76
46 106
46 108
46 113
46 114
46 118
46 126
46 133
46 134
46 135
46 136
46 146
46 151
46 152
46 153
46 157
47 0
47 17
47 18
47 25
47 26
47 33
47 37
47 61
47 63
47 64
47 67
47 72
47 77
47 80
47 83
47 93
47 101
47 106
47 111
47 115
47 140
47 148
47 154
48 4
48 29
48 35
48 46
48 56
48 62
48 64
48 65
48 68
48 70
48 82
48 86
48 87
48 96
48 103
48 111
48 119
48 123
48 127
48 128
48 141
48 157
49 6
49 10
49 16
49 19
49 21
49 44
49 50
49 54
49 59
49 68
49 70
49 83
49 84
49 86
49 94
49 112
49 113
49 114
49 118
49 120
49 124
49 128
49 134
49 143
49 147
49 149
49 154
49 155
50 0
50 6
50 10
50 26
50 27
50 51
50 52
50 57
50 67
50 70
50 72
50 74
50 81
50 92
50 96
50 97
50 110
50 111
50 118
50 132
50 144
50 145
50 153
51 3
51 4
51 14
51 29
51 30
51 31
51 35
51 36
51 39
51 50
51 58
51 63
51 86
51 93
51 109
51 112
51 113
51 115
51 121
51 133
51 139
51 142
52 0
52 1
52 11
52 16
52 20
52 28
52 50
52 57
52 65
52 67
52 68
52 79
52 88
52 89
52 92
52 95
52 96
52 97
52 98
52 104
52 105
52 106
52 108
52 113
52 119
52 123
52 132
52 133
52 141
52 145
52 149
52 152
52 157
53 8
53 11
53 13
53 16
53 21
53 26
53 43
53 52
53 74
53 87
53 106
53 107
53 121
53 123
53 124
53 125
53 131
53 145
53 153
54 2
54 11
54 13
54 23
54 40
54 55
54 66
54 68
54 75
54 76
54 89
54 91
54 108
54 109
54 111
54 116
54 125
54 134
54 135
54 136
54 146
54 147
54 155
55 13
55 15
55 17
55 20
55 29
55 33
55 35
55 41
55 49
55 62
55 72
55 81
55 98
55 102
55 103
55 111
55 132
55 146
55 158
56 0
56 13
56 40
56 50
56 51
56 69
56 75
56 93
56 103
56 106
56 112
56 116
56 120
56 130
56 131
56 133
56 134
56 135
56 136
56 143
56 152
56 154
57 1
57 7
57 9
57 13
57 20
57 29
57 30
57 31
57 38
57 40
57 50
57 58
57 66
57 91
57 98
57 105
57 112
57 118
57 144
57 146
57 151
57 152
57 156
58 8
58 19
58 22
58 37
58 39
58 41
58 45
58 47
58 51
58 57
58 78
58 86
58 87
58 89
58 96
58 99
58 111
58 118
58 119
58 130
58 134
58 145
58 149
58 150
58 154
58 157
59 19
59 23
59 26
59 41
59 47
59 49
59 54
59 58
59 61
59 67
59 68
59 72
59 98
59 109
59 113
59 129
59 134
59 139
59 147
59 150
60 3
60 17
60 21
60 32
60 34
60 36
60 37
60 41
60 64
60 76
60 78
60 102
60 108
60 113
60 116
60 127
60 129
60 131
60 132
60 140
60 147
60 159
61 2
61 8
61 9
61 10
61 17
61 29
61 42
61 44
61 47
61 59
61 83
61 88
61 91
61 100
61 103
61 105
61 109
61 122
61 133
61 140
61 142
61 147
61 150
61 155
62 0
62 3
62 7
62 19
62 22
62 27
62 31
62 48
62 55
62 68
62 74
62 84
62 89
62 90
62 106
62 115
62 120
62 129
62 145
62 146
62 152
62 159
63 13
63 21
63 22
63 32
63 47
63 50
63 51
63 70
63 88
63 100
63 105
63 107
63 109
63 119
63 124
63 130
63 138
63 151
63 152
64 0
64 14
64 15
64 19
64 38
64 48
64 50
64 61
64 69
64 70
64 78
64 82
64 89
64 96
64 106
64 110
64 117
64 126
64 131
64 135
64 141
64 143
64 148
64 157
65 1
65 13
65 14
65 18
65 19
65 21
65 27
65 30
65 43
65 44
65 48
65 52
65 69
65 70
65 80
65 85
65 88
65 93
65 101
65 110
65 113
65 116
65 124
65 138
65 146
65 147
66 19
66 28
66 34
66 54
66 57
66 63
66 67
66 87
66 101
66 112
66 123
66 124
66 129
66 132
66 133
66 137
66 153
66 157
67 11
67 12
67 16
67 21
67 22
67 24
67 30
67 38
67 43
67 47
67 54
67 59
67 66
67 68
67 71
67 76
67 78
67 86
67 94
67 96
67 100
67 124
67 128
67 129
67 133
67 134
67 149
68 1
68 12
68 30
68 32
68 34
68 36
68 48
68 49
68 54
68 62
68 67
68 79
68 86
68 93
68 107
68 111
68 117
68 120
68 132
68 154
68 157
69 3
69 13
69 19
69 26
69 41
69 47
69 51
69 64
69 65
69 76
69 93
69 98
69 100
69 101
69 110
69 116
69 125
69 141
69 154
69 156
70 2
70 11
70 16
70 17
70 24
70 32
70 45
70 49
70 63
70 65
70 81
70 97
70 102
70 115
70 118
70 133
70 143
70 153
71 4
71 11
71 14
71 35
71 67
71 73
71 74
71 80
71 90
71 93
71 101
71 107
71 109
71 125
71 132
71 133
71 138
71 146
71 149
71 150
72 13
72 17
72 18
72 20
72 26
72 27
72 34
72 37
72 42
72 47
72 50
72 60
72 75
72 79
72 84
72 85
72 88
72 90
72 95
72 96
72 105
72 126
72 127
72 134
72 136
73 10
73 14
73 26
73 41
73 43
73 56
73 71
73 90
73 96
73 111
73 115
73 120
73 124
73 127
73 135
73 140
73 142
73 153
74 7
74 10
74 13
74 14
74 23
74 42
74 50
74 53
74 58
74 71
74 86
74 92
74 103
74 105
74 108
74 114
74 118
74 121
74 126
74 129
74 131
74 138
74 148
74 149
74 150
74 151
74 153
74 158
75 2
75 6
75 16
75 26
75 28
75 44
75 45
75 54
75 56
75 72
75 78
75 79
75 83
75 88
75 96
75 102
75 106
75 109
75 120
75 127
75 136
75 137
75 143
75 152
75 153
76 43
76 51
76 69
76 81
76 89
76 105
76 114
76 140
76 143
76 147
76 148
76 153
76 158
77 22
77 32
77 34
77 45
77 69
77 81
77 88
77 89
77 101
77 105
77 111
77 117
77 130
77 133
77 159
78 3
78 18
78 19
78 26
78 33
78 37
78 41
78 55
78 60
78 64
78 67
78 75
78 83
78 86
78 87
78 102
78 131
78 137
78 140
78 148
78 158
79 0
79 30
79 32
79 35
79 36
79 55
79 68
79 75
79 78
79 86
79 90
79 92
79 97
79 101
79 102
79 129
79 130
79 140
79 145
79 156
79 159
80 3
80 5
80 7
80 11
80 15
80 32
80 38
80 47
80 63
80 65
80 68
80 71
80 86
80 89
80 94
80 96
80 100
80 112
80 113
80 116
80 122
80 123
80 124
80 135
80 154
80 159
81 1
81 5
81 7
81 18
81 22
81 32
81 39
81 42
81 45
81 63
81 73
81 76
81 92
81 94
81 104
81 120
81 130
81 131
81 139
81 143
81 153
81 157
82 10
82 14
82 17
82 18
82 32
82 48
82 49
82 54
82 64
82 86
82 105
82 120
82 121
82 123
82 126
82 131
82 140
82 149
83 4
83 5
83 7
83 10
83 18
83 33
83 45
83 49
83 58
83 69
83 75
83 78
83 79
83 87
83 89
83 91
83 93
83 96
83 102
83 103
83 104
83 105
83 111
83 114
83 129
83 134
83 143
83 147
83 157
84 0
84 10
84 20
84 36
84 37
84 38
84 41
84 54
84 60
84 62
84 75
84 78
84 79
84 89
84 93
84 98
84 99
84 102
84 104
84 114
84 120
84 123
84 144
84 158
85 0
85 18
85 21
85 23
85 24
85 35
85 40
85 54
85 58
85 60
85 65
85 66
85 72
85 78
85 89
85 95
85 100
85 105
85 123
85 124
85 127
85 150
85 151
86 0
86 9
86 12
86 26
86 28
86 30
86 39
86 40
86 41
86 49
86 58
86 64
86 65
86 67
86 74
86 78
86 79
86 80
86 89
86 99
86 100
86 115
86 122
86 123
86 131
86 136
86 146
86 150
87 17
87 18
87 19
87 21
87 41
87 42
87 44
87 48
87 53
87 58
87 66
87 71
87 77
87 79
87 81
87 114
87 115
87 118
87 121
87 125
87 130
87 131
87 133
87 134
87 144
87 149
88 0
88 1
88 2
88 3
88 5
88 30
88 33
88 39
88 46
88 47
88 52
88 55
88 57
88 61
88 63
88 65
88 72
88 75
88 77
88 89
88 90
88 91
88 97
88 102
88 111
88 129
88 134
88 139
89 0
89 1
89 2
89 20
89 26
89 27
89 37
89 47
89 52
89 54
89 58
89 64
89 77
89 80
89 84
89 86
89 88
89 95
89 97
89 108
89 109
89 130
89 132
89 136
89 137
89 140
89 158
89 159
90 4
90 5
90 9
90 24
90 27
90 30
90 59
90 62
90 71
90 72
90 73
90 79
90 84
90 88
90 92
90 99
90 125
90 132
90 142
90 148
90 150
90 153
90 157
91 2
91 13
91 25
91 31
91 37
91 41
91 45
91 52
91 54
91 61
91 69
91 70
91 83
91 88
91 97
91 98
91 99
91 106
91 117
91 132
91 145
91 148
91 154
92 18
92 26
92 42
92 50
92 52
92 72
92 74
92 75
92 80
92 84
92 90
92 91
92 95
92 102
92 109
92 112
92 124
92 132
92 135
92 151
92 154
92 156
93 4
93 8
93 18
93 19
93 22
93 25
93 28
93 37
93 41
93 46
93 47
93 48
93 51
93 53
93 56
93 57
93 65
93 70
93 81
93 82
93 84
93 85
93 96
93 97
93 99
93 103
93 105
93 109
93 110
93 132
93 142
93 150
94 0
94 15
94 28
94 36
94 42
94 67
94 75
94 80
94 82
94 101
94 104
94 121
94 126
94 129
94 139
94 142
94 146
95 8
95 16
95 23
95 27
95 28
95 40
95 43
95 46
95 52
95 62
95 72
95 85
95 89
95 96
95 99
95 107
95 124
95 130
95 131
95 139
95 144
95 153
95 155
95 159
96 0
96 5
96 7
96 12
96 14
96 19
96 39
96 48
96 50
96 52
96 58
96 64
96 67
96 73
96 75
96 93
96 97
96 100
96 115
96 117
96 137
96 139
96 141
96 143
96 145
96 148
96 149
96 150
96 154
96 157
96 158
97 12
97 21
97 32
97 33
97 36
97 42
97 52
97 79
97 91
97 93
97 96
97 101
97 104
97 114
97 120
97 125
97 130
97 133
97 134
97 139
97 147
97 152
97 159
98 8
98 19
98 29
98 32
98 37
98 44
98 52
98 54
98 55
98 59
98 63
98 69
98 70
98 73
98 78
98 84
98 95
98 96
98 100
98 109
98 110
98 114
98 123
98 132
98 149
99 16
99 22
99 39
99 41
99 42
99 60
99 61
99 68
99 75
99 86
99 90
99 91
99 95
99 106
99 112
99 117
99 120
99 125
99 130
100 9
100 17
100 24
100 29
100 31
100 32
100 33
100 45
100 61
100 63
100 67
100 69
100 85
100 86
100 96
100 98
100 104
100 105
100 113
100 116
100 118
100 130
100 139
100 144
100 147
100 155
100 157
101 7
101 20
101 29
101 33
101 35
101 36
101 38
101 40
101 43
101 47
101 65
101 66
101 71
101 77
101 79
101 84
101 94
101 97
101 117
101 123
101 126
101 129
101 146
101 158
101 159
102 4
102 7
102 37
102 56
102 60
102 64
102 72
102 75
102 78
102 79
102 83
102 84
102 86
102 88
102 92
102 113
102 123
102 128
102 130
102 132
102 141
102 151
102 154
102 155
102 158
103 0
103 28
103 31
103 37
103 55
103 61
103 73
103 78
103 83
103 93
103 105
103 109
103 123
103 128
103 129
103 130
103 131
103 139
103 144
104 9
104 10
104 11
104 15
104 20
104 28
104 29
104 37
104 50
104 52
104 55
104 71
104 81
104 84
104 94
104 97
104 100
104 110
104 114
104 115
104 122
104 126
104 135
104 141
104 145
104 147
104 148
105 0
105 10
105 15
105 39
105 40
105 52
105 53
105 57
105 63
105 70
105 74
105 77
105 83
105 93
105 97
105 113
105 123
105 146
105 151
105 152
106 0
106 11
106 13
106 17
106 35
106 43
106 46
106 47
106 56
106 62
106 69
106 75
106 113
106 131
106 135
106 141
106 154
106 159
107 4
107 6
107 12
107 14
107 15
107 16
107 19
107 25
107 28
107 33
107 40
107 41
107 52
107 53
107 63
107 68
107 71
107 95
107 99
107 110
107 122
107 128
107 133
108 2
108 3
108 9
108 11
108 21
108 26
108 30
108 41
108 44
108 46
108 52
108 60
108 74
108 89
108 101
108 113
108 118
108 120
108 135
108 138
108 143
108 145
108 152
108 157
109 6
109 7
109 15
109 20
109 26
109 28
109 31
109 33
109 36
109 48
109 63
109 89
109 90
109 92
109 93
109 112
109 114
109 121
109 125
109 128
109 130
109 131
109 133
109 144
109 146
110 2
110 5
110 8
110 16
110 19
110 28
110 30
110 36
110 39
110 46
110 57
110 64
110 65
110 67
110 92
110 104
110 107
110 112
110 117
110 121
110 125
110 128
110 136
110 142
110 144
111 1
111 5
111 8
111 12
111 20
111 25
111 43
111 55
111 68
111 72
111 73
111 75
111 76
111 77
111 79
111 88
111 94
111 97
111 112
111 115
111 131
111 150
111 153
112 2
112 14
112 16
112 17
112 22
112 27
112 29
112 45
112 49
112 66
112 80
112 84
112 89
112 99
112 107
112 110
112 113
112 121
112 130
112 135
112 136
112 139
112 142
112 143
112 145
112 147
113 4
113 5
113 10
113 19
113 28
113 31
113 37
113 44
113 45
113 49
113 51
113 52
113 57
113 59
113 65
113 71
113 73
113 100
113 101
113 105
113 108
113 112
113 116
113 119
113 121
113 134
113 135
113 141
113 145
113 146
113 154
113 155
114 17
114 20
114 29
114 35
114 40
114 45
114 49
114 74
114 83
114 87
114 93
114 98
114 100
114 104
114 109
114 124
114 132
114 139
115 1
115 9
115 13
115 15
115 26
115 31
115 34
115 38
115 44
115 46
115 47
115 73
115 79
115 85
115 86
115 87
115 96
115 104
115 118
115 129
115 130
115 137
115 159
116 8
116 10
116 38
116 54
116 63
116 71
116 80
116 88
116 93
116 100
116 101
116 119
116 137
116 141
116 143
116 149
116 154
116 157
117 3
117 13
117 15
117 18
117 22
117 27
117 38
117 42
117 59
117 64
117 68
117 69
117 86
117 99
117 105
117 110
117 126
117 137
117 148
117 149
117 153
117 158
118 2
118 7
118 10
118 18
118 22
118 35
118 39
118 46
118 49
118 50
118 58
118 70
118 74
118 76
118 79
118 86
118 90
118 100
118 102
118 115
118 125
118 126
118 132
118 140
118 142
118 148
118 151
119 1
119 4
119 11
119 12
119 22
119 35
119 40
119 43
119 44
119 52
119 57
119 60
119 63
119 75
119 113
119 116
119 121
119 123
119 132
119 139
119 140
119 141
119 148
119 151
120 2
120 3
120 7
120 14
120 31
120 38
120 49
120 56
120 62
120 68
120 73
120 74
120 75
120 84
120 91
120 97
120 108
120 125
120 127
120 140
120 141
120 147
120 150
120 154
120 156
120 158
121 0
121 7
121 15
121 16
121 22
121 25
121 26
121 27
121 30
121 35
121 42
121 51
121 53
121 67
121 73
121 82
121 85
121 87
121 108
121 110
121 112
121 113
121 149
121 152
121 154
121 156
122 3
122 12
122 13
122 14
122 18
122 24
122 25
122 42
122 46
122 47
122 83
122 84
122 86
122 107
122 135
122 148
122 153
123 0
123 5
123 6
123 10
123 18
123 19
123 22
123 42
123 44
123 66
123 80
123 85
123 98
123 101
123 102
123 103
123 105
123 119
123 130
123 134
123 135
123 142
123 146
123 149
123 150
124 10
124 15
124 17
124 19
124 25
124 30
124 41
124 44
124 49
124 53
124 63
124 65
124 68
124 85
124 92
124 95
124 102
124 114
124 141
124 142
125 13
125 18
125 22
125 35
125 37
125 54
125 57
125 61
125 69
125 90
125 99
125 109
125 118
125 127
125 139
125 148
125 150
125 152
125 153
126 7
126 13
126 14
126 18
126 19
126 26
126 28
126 32
126 38
126 46
126 60
126 64
126 74
126 79
126 82
126 104
126 118
126 124
126 130
126 131
126 133
126 138
126 139
126 142
126 143
126 147
126 150
126 157
127 9
127 21
127 33
127 38
127 42
127 60
127 65
127 73
127 85
127 98
127 118
127 120
127 122
127 123
127 137
127 140
127 141
127 154
127 157
128 3
128 10
128 16
128 18
128 32
128 36
128 37
128 48
128 49
128 103
128 107
128 109
128 110
128 122
128 131
128 132
128 134
128 135
128 147
128 151
129 1
129 19
129 23
129 38
129 50
129 62
129 64
129 67
129 74
129 79
129 94
129 103
129 115
129 124
129 133
129 135
129 136
129 137
129 140
129 158
130 0
130 5
130 12
130 23
130 34
130 43
130 58
130 63
130 73
130 79
130 81
130 89
130 97
130 105
130 108
130 109
130 112
130 113
130 115
130 117
130 127
130 132
130 136
130 153
130 156
130 157
130 158
131 2
131 4
131 8
131 22
131 24
131 35
131 44
131 53
131 60
131 76
131 77
131 86
131 87
131 103
131 106
131 109
131 128
131 135
131 144
131 159
132 1
132 10
132 14
132 15
132 18
132 20
132 21
132 37
132 39
132 43
132 50
132 52
132 55
132 58
132 61
132 66
132 68
132 70
132 71
132 78
132 80
132 89
132 91
132 92
132 99
132 102
132 109
132 118
132 128
132 134
132 138
132 151
132 159
133 5
133 9
133 20
133 32
133 41
133 46
133 50
133 51
133 52
133 61
133 66
133 67
133 71
133 77
133 86
133 87
133 96
133 97
133 98
133 101
133 109
133 118
133 126
133 128
133 134
133 141
133 149
133 150
133 157
133 159
134 6
134 7
134 20
134 25
134 34
134 38
134 49
134 51
134 52
134 54
134 56
134 58
134 67
134 72
134 80
134 87
134 88
134 96
134 97
134 109
134 113
134 117
134 126
134 133
134 136
134 157
135 1
135 11
135 12
135 14
135 20
135 24
135 26
135 28
135 30
135 31
135 38
135 46
135 54
135 92
135 104
135 106
135 108
135 112
135 113
135 121
135 123
135 128
135 129
135 136
135 142
135 149
135 151
135 159
136 0
136 8
136 24
136 33
136 36
136 37
136 40
136 45
136 46
136 54
136 75
136 78
136 86
136 89
136 110
136 129
136 130
136 135
136 143
136 150
136 152
137 3
137 6
137 7
137 8
137 32
137 40
137 42
137 51
137 65
137 66
137 75
137 78
137 79
137 89
137 95
137 96
137 113
137 115
137 116
137 117
137 143
137 145
137 146
137 147
137 149
137 158
138 5
138 8
138 12
138 13
138 20
138 24
138 25
138 26
138 30
138 32
138 44
138 45
138 56
138 61
138 63
138 65
138 71
138 104
138 106
138 118
138 126
138 130
138 132
138 140
138 141
138 143
138 158
138 159
139 4
139 5
139 22
139 27
139 34
139 44
139 46
139 51
139 81
139 91
139 94
139 95
139 100
139 103
139 104
139 107
139 112
139 114
139 119
139 125
139 126
139 142
139 143
139 144
139 146
139 158
140 8
140 30
140 40
140 42
140 44
140 56
140 60
140 71
140 73
140 76
140 78
140 85
140 89
140 95
140 96
140 97
140 118
140 119
140 120
140 127
140 128
140 129
140 135
140 143
140 149
140 153
141 1
141 4
141 8
141 16
141 17
141 18
141 41
141 43
141 48
141 60
141 96
141 97
141 102
141 104
141 113
141 119
141 120
141 121
141 124
141 133
141 138
141 142
141 146
141 156
142 4
142 7
142 8
142 17
142 23
142 25
142 46
142 51
142 68
142 90
142 93
142 94
142 110
142 112
142 118
142 123
142 124
142 126
142 135
142 139
142 141
142 149
142 156
142 157
143 0
143 5
143 11
143 14
143 16
143 17
143 42
143 45
143 49
143 56
143 64
143 70
143 74
143 76
143 81
143 96
143 112
143 116
143 123
143 126
143 136
143 147
143 157
144 19
144 35
144 42
144 43
144 44
144 50
144 57
144 87
144 95
144 100
144 101
144 109
144 112
144 126
144 129
144 149
144 152
145 7
145 9
145 36
145 50
145 53
145 58
145 62
145 69
145 91
145 104
145 108
145 113
145 117
145 128
145 139
145 155
145 159
146 1
146 2
146 3
146 12
146 16
146 18
146 21
146 31
146 41
146 46
146 54
146 55
146 57
146 62
146 94
146 109
146 112
146 113
146 119
146 122
146 130
146 137
146 139
146 149
146 158
147 0
147 7
147 15
147 30
147 33
147 40
147 43
147 44
147 54
147 59
147 65
147 76
147 83
147 100
147 104
147 107
147 112
147 120
147 128
147 137
147 155
148 2
148 6
148 16
148 26
148 33
148 38
148 64
148 76
148 77
148 78
148 90
148 91
148 96
148 107
148 109
148 117
148 119
148 122
148 128
148 154
149 34
149 43
149 66
149 67
149 74
149 82
149 87
149 94
149 98
149 101
149 106
149 117
149 120
149 123
149 127
149 134
149 135
149 140
149 141
149 142
149 144
149 146
149 154
150 13
150 15
150 16
150 17
150 19
150 22
150 23
150 26
150 29
150 31
150 33
150 39
150 54
150 56
150 59
150 77
150 80
150 81
150 85
150 86
150 89
150 90
150 93
150 96
150 111
150 112
150 120
150 123
150 126
150 133
150 134
150 136
150 155
150 156
151 14
151 15
151 22
151 36
151 37
151 45
151 46
151 57
151 63
151 74
151 78
151 85
151 90
151 92
151 102
151 108
151 118
151 120
151 128
151 133
151 135
151 142
152 0
152 2
152 3
152 4
152 9
152 13
152 18
152 20
152 22
152 25
152 26
152 31
152 39
152 46
152 56
152 57
152 62
152 63
152 66
152 75
152 84
152 110
152 118
152 121
152 144
153 3
153 13
153 14
153 18
153 21
153 25
153 27
153 30
153 31
153 32
153 42
153 46
153 50
153 53
153 57
153 66
153 74
153 75
153 76
153 78
153 88
153 91
153 95
153 108
153 117
153 122
153 125
153 130
153 133
153 139
153 156
153 157
153 158
154 0
154 1
154 6
154 10
154 23
154 26
154 30
154 37
154 64
154 68
154 91
154 92
154 96
154 102
154 106
154 113
154 120
154 121
154 127
154 137
154 149
155 7
155 14
155 20
155 32
155 36
155 38
155 40
155 45
155 49
155 54
155 74
155 95
155 102
155 113
155 118
155 145
155 147
155 150
155 151
155 153
155 156
155 159
156 26
156 44
156 52
156 62
156 63
156 69
156 73
156 79
156 92
156 98
156 104
156 112
156 114
156 121
156 130
156 131
156 134
156 141
156 142
156 144
156 153
156 155
156 159
157 3
157 8
157 9
157 22
157 24
157 38
157 61
157 62
157 64
157 66
157 81
157 83
157 86
157 87
157 90
157 100
157 108
157 127
157 130
157 132
157 133
157 137
157 141
157 142
157 143
157 149
157 153
158 3
158 5
158 12
158 20
158 21
158 24
158 25
158 30
158 34
158 40
158 43
158 63
158 74
158 84
158 86
158 89
158 101
158 102
158 129
158 130
158 139
158 146
158 159
159 1
159 6
159 16
159 19
159 21
159 22
159 32
159 51
159 59
159 62
159 71
159 77
159 79
159 89
159 95
159 101
159 106
159 110
159 115
159 131
159 132
159 135
159 137
159 138
159 154
159 155
159 158
0 1 2 3 4 5 6
