160 1198 7
0 2
0 29
0 32
0 37
0 49
0 59
0 70
0 75
0 82
0 85
0 102
0 112
0 129
0 132
0 137
0 151
0 158
1 7
1 11
1 28
1 53
1 54
1 55
1 57
1 112
2 0
2 13
2 59
2 63
2 79
2 91
3 28
3 29
3 32
3 49
3 94
3 113
3 128
3 139
3 147
4 46
4 98
4 107
4 158
5 33
5 43
5 73
5 129
5 136
6 23
6 38
6 51
6 55
6 70
6 81
6 110
6 142
7 1
7 62
7 86
7 90
7 95
7 110
7 140
8 34
8 36
8 68
8 84
8 92
8 113
8 121
8 123
8 128
8 130
8 140
8 144
9 27
9 69
9 87
9 112
9 130
9 151
10 5
10 25
10 51
10 53
10 60
10 72
10 78
10 103
10 107
10 134
10 145
10 156
11 1
11 13
11 17
11 67
11 80
11 88
11 118
11 119
11 128
12 10
12 19
12 78
12 82
12 98
13 51
13 81
13 104
13 105
13 115
14 11
14 20
14 74
14 80
14 124
14 141
15 7
15 32
15 36
15 78
15 109
15 113
15 148
15 157
16 19
16 30
16 75
16 92
16 133
17 0
17 3
17 24
17 45
17 97
17 135
18 27
18 80
18 85
18 122
18 155
18 156
19 62
19 71
19 87
19 117
19 147
19 149
19 157
20 14
20 24
20 35
20 41
20 43
20 54
20 61
20 68
20 71
20 85
20 135
20 139
20 144
21 6
21 32
21 58
21 67
21 69
21 78
21 90
21 128
21 133
21 155
22 36
22 38
22 83
22 86
22 118
22 126
22 138
22 152
23 6
23 16
23 75
23 83
23 103
23 140
24 53
24 55
24 57
24 72
25 15
25 75
25 98
25 123
25 145
25 157
26 80
26 95
26 108
26 116
26 125
27 9
27 10
27 18
27 55
27 88
27 109
27 111
27 123
27 128
27 136
27 144
27 156
27 158
28 1
28 64
28 75
28 103
28 105
28 115
28 137
29 0
29 3
29 25
29 62
29 65
29 70
29 78
29 92
29 108
29 124
29 145
29 150
30 16
30 39
30 68
30 70
30 72
30 148
31 24
31 34
31 93
31 102
31 105
31 119
31 145
31 159
32 0
32 9
32 21
32 52
32 62
32 83
32 88
32 91
32 150
32 152
33 40
33 44
33 61
33 81
33 101
33 107
34 31
34 48
34 76
34 96
34 103
34 110
34 149
35 20
35 50
35 52
35 70
35 72
35 104
35 114
35 118
36 2
36 8
36 15
36 22
36 28
36 38
36 43
36 62
36 80
36 83
36 108
36 122
37 0
37 46
37 71
37 119
37 126
37 133
37 147
37 148
38 22
38 36
38 114
38 156
39 30
39 38
39 94
39 102
39 146
40 32
40 33
40 50
40 90
40 92
40 104
40 106
40 142
41 0
41 96
41 124
41 151
42 62
42 85
42 108
42 137
42 142
43 5
43 49
43 77
43 85
43 91
43 155
44 33
44 67
44 91
44 101
44 111
44 152
45 17
45 75
45 83
45 115
45 117
45 150
46 4
46 37
46 71
46 72
46 97
46 104
46 109
46 141
46 145
47 35
47 80
47 108
48 11
48 56
48 61
48 100
48 112
48 118
48 152
49 0
49 3
49 39
49 44
49 46
49 90
49 92
49 93
49 105
49 115
49 128
50 35
50 59
50 84
50 150
51 6
51 13
51 85
51 103
51 117
51 131
51 144
51 146
52 32
52 51
52 57
52 106
52 145
52 152
53 1
53 24
53 26
53 30
53 57
53 58
53 63
53 82
53 128
53 150
54 1
54 20
54 38
54 41
54 81
54 110
54 139
54 150
54 152
55 1
55 6
55 11
55 89
55 95
55 147
55 159
56 17
56 39
56 48
56 84
56 108
56 110
56 126
56 146
56 150
56 156
57 1
57 52
57 53
57 71
57 118
57 135
57 155
58 53
58 63
58 88
58 93
58 110
58 122
58 127
58 147
59 0
59 2
59 50
59 68
59 76
59 126
59 141
60 26
60 29
60 33
60 104
60 112
60 122
60 140
61 20
61 34
61 47
61 93
61 103
61 142
61 159
62 19
62 21
62 36
62 63
62 80
62 100
62 107
62 109
62 110
62 132
62 150
63 2
63 53
63 58
63 62
63 116
64 68
64 97
64 159
65 67
65 81
65 111
65 121
65 124
65 126
65 145
66 23
66 31
66 70
66 92
66 102
66 130
67 7
67 11
67 20
67 28
67 44
67 45
67 65
67 72
67 106
67 112
67 153
68 8
68 30
68 64
69 6
69 9
69 21
69 39
69 80
69 89
69 119
69 129
69 147
70 29
70 66
70 92
70 115
71 20
71 37
71 46
71 57
71 95
71 99
71 129
71 150
72 5
72 24
72 35
72 46
72 126
73 5
73 20
73 56
73 88
73 102
73 141
74 9
74 60
74 95
74 105
75 5
75 23
75 25
75 28
75 29
75 39
75 68
75 82
75 88
75 102
75 105
75 109
75 136
76 59
76 65
76 81
76 84
76 99
76 112
76 116
76 156
77 20
77 75
77 97
77 104
77 128
77 144
78 2
78 10
78 12
78 15
78 21
78 29
78 83
78 97
78 112
78 118
78 127
78 134
78 142
78 144
79 72
79 85
79 126
79 151
79 152
80 11
80 36
80 47
80 62
80 63
80 66
80 133
80 138
81 6
81 13
81 29
81 33
81 54
81 76
81 89
81 100
81 150
81 158
82 0
82 10
82 12
82 15
82 53
82 75
82 89
82 105
82 157
83 5
83 22
83 32
83 36
83 79
83 89
83 95
83 106
83 145
84 23
84 43
84 50
84 59
84 74
84 76
84 87
84 95
84 106
84 119
84 132
85 18
85 42
85 43
85 51
85 79
85 131
85 133
86 7
86 13
86 78
86 112
86 144
87 0
87 9
87 72
87 84
87 92
87 100
87 104
87 133
87 155
87 156
88 3
88 11
88 32
88 58
88 75
88 146
89 12
89 31
89 37
89 55
89 69
89 81
89 83
89 96
89 117
89 126
90 2
90 7
90 21
90 36
90 40
90 49
90 53
90 115
90 129
91 2
91 4
91 32
91 42
91 43
91 44
91 107
91 113
92 8
92 16
92 29
92 40
92 49
92 54
92 66
92 84
92 105
92 109
92 134
93 31
93 36
93 52
93 61
93 129
93 132
93 139
93 149
94 39
95 5
95 7
95 26
95 71
95 74
95 77
95 82
95 84
96 2
96 15
96 34
96 40
96 44
96 68
96 89
96 123
97 17
97 29
97 46
97 64
97 72
97 77
97 78
97 109
97 129
97 145
98 12
98 25
98 57
98 108
98 119
98 128
99 62
99 76
99 121
99 132
99 143
99 152
100 60
100 81
100 87
100 102
100 105
100 123
101 31
101 44
101 53
101 92
101 117
101 126
102 0
102 31
102 39
102 66
102 73
102 100
102 106
102 117
102 135
102 153
103 10
103 28
103 34
103 60
103 110
103 112
103 134
103 138
103 139
104 13
104 35
104 40
104 46
104 87
104 116
104 159
105 13
105 28
105 72
105 74
105 82
105 92
105 100
105 142
106 40
106 52
106 67
106 102
106 124
106 150
107 4
107 63
107 119
107 128
108 26
108 29
108 42
108 47
108 56
108 98
108 100
108 113
108 116
108 119
108 131
108 143
109 15
109 27
109 46
109 62
109 75
109 79
109 92
109 97
109 106
109 118
110 6
110 42
110 54
110 58
110 62
110 73
110 74
110 103
110 126
110 128
111 27
111 29
111 43
111 65
111 67
111 77
111 114
111 153
112 0
112 1
112 9
112 34
112 48
112 60
112 67
112 76
112 78
112 86
112 94
112 103
112 117
112 149
112 154
113 3
113 19
113 41
113 69
113 91
113 120
113 121
113 122
113 152
114 1
114 13
114 35
114 97
114 118
114 136
115 28
115 29
115 45
115 66
115 70
115 90
115 134
116 3
116 21
116 26
116 63
116 76
116 87
116 108
116 130
116 150
117 4
117 19
117 51
117 58
117 89
117 101
117 102
117 129
117 132
117 142
118 22
118 35
118 47
118 48
118 57
118 109
118 110
118 119
118 132
118 136
119 11
119 31
119 34
119 37
119 68
119 84
119 98
119 107
119 153
119 155
119 159
120 85
120 146
120 154
121 4
121 8
121 29
121 61
121 99
121 112
121 113
121 140
121 151
122 10
122 60
122 67
122 113
122 145
123 8
123 25
123 27
123 33
123 38
123 79
123 96
123 99
123 100
123 140
124 0
124 14
124 41
124 65
124 74
124 87
124 127
124 133
125 26
125 109
125 133
125 141
125 143
125 155
126 37
126 39
126 56
126 72
126 79
126 83
126 89
126 110
126 150
127 49
127 58
127 78
127 105
127 120
127 139
127 144
128 8
128 11
128 21
128 27
128 104
128 107
128 110
128 142
128 144
128 153
129 0
129 24
129 69
129 71
129 93
129 97
129 138
130 8
130 9
130 25
130 66
130 73
130 116
130 158
131 85
131 108
131 109
131 138
131 158
132 0
132 38
132 55
132 84
132 93
132 99
132 103
132 115
132 117
132 118
132 131
132 136
133 13
133 16
133 21
133 37
133 124
133 125
133 134
133 145
134 10
134 62
134 78
134 81
134 92
134 103
134 114
134 115
134 128
134 133
135 50
135 55
135 62
135 102
136 5
136 67
136 75
136 81
136 118
136 132
137 0
137 28
137 35
137 42
137 132
137 144
138 54
138 80
139 3
139 20
139 21
139 91
139 93
139 120
139 137
139 152
140 7
140 8
140 23
140 155
141 30
141 42
141 46
141 73
141 99
141 105
141 125
142 6
142 61
142 78
142 85
142 117
142 128
143 69
143 99
143 108
143 126
143 144
143 145
143 159
144 8
144 20
144 24
144 27
144 36
144 51
144 73
144 86
144 95
144 115
144 125
144 127
144 137
144 143
145 10
145 25
145 29
145 31
145 46
145 52
145 65
145 79
145 83
145 97
145 122
145 133
145 143
146 33
146 51
146 152
147 3
147 6
147 19
147 37
147 58
147 154
148 15
148 37
148 53
148 64
149 19
149 62
149 93
149 112
149 145
150 29
150 50
150 54
150 71
150 81
150 123
150 126
150 154
150 155
151 0
151 41
151 47
151 79
151 121
152 32
152 48
152 54
152 99
152 139
153 67
153 71
153 90
153 102
153 119
154 62
154 63
154 133
154 147
155 16
155 18
155 30
155 49
155 84
155 87
155 140
155 149
155 150
156 10
156 18
156 38
156 56
156 76
156 87
156 104
157 15
157 19
157 25
157 121
158 0
158 15
158 27
158 81
158 130
158 131
158 155
159 29
159 31
159 61
159 64
159 113
159 119
159 143
0 1 2 3 4 5 6
