160 3774 12
0 8
0 31
0 33
0 39
0 51
0 54
0 56
0 59
0 60
0 62
0 68
0 71
0 76
0 80
0 81
0 93
0 100
0 102
0 103
0 107
0 112
0 113
0 114
0 115
0 119
0 127
0 133
0 137
0 142
0 146
1 16
1 21
1 22
1 23
1 46
1 47
1 58
1 77
1 79
1 80
1 82
1 83
1 94
1 97
1 105
1 109
1 131
1 139
1 147
1 154
1 157
2 8
2 20
2 21
2 26
2 35
2 52
2 54
2 56
2 64
2 74
2 75
2 77
2 82
2 100
2 105
2 108
2 109
2 111
2 125
2 130
2 132
2 133
2 135
2 136
2 139
2 143
2 145
2 153
2 157
3 20
3 27
3 28
3 29
3 31
3 37
3 47
3 48
3 67
3 68
3 69
3 75
3 97
3 110
3 113
3 117
3 118
3 129
3 131
3 143
3 156
4 8
4 12
4 21
4 24
4 29
4 36
4 41
4 54
4 55
4 68
4 71
4 80
4 93
4 95
4 97
4 110
4 113
4 114
4 115
4 134
4 147
5 7
5 13
5 14
5 40
5 41
5 53
5 55
5 57
5 61
5 68
5 80
5 97
5 101
5 104
5 113
5 119
5 126
5 129
5 132
5 133
5 141
5 143
5 155
5 156
5 158
6 18
6 21
6 23
6 32
6 34
6 35
6 57
6 62
6 70
6 81
6 82
6 86
6 87
6 96
6 102
6 118
6 124
6 130
6 137
6 140
6 144
6 150
6 155
6 159
7 12
7 27
7 32
7 44
7 50
7 52
7 58
7 62
7 85
7 87
7 88
7 96
7 97
7 107
7 109
7 111
7 113
7 116
7 121
7 122
7 127
7 128
7 131
7 139
7 149
8 0
8 2
8 3
8 4
8 10
8 28
8 33
8 51
8 60
8 62
8 63
8 64
8 66
8 73
8 75
8 77
8 96
8 115
8 131
8 158
8 159
9 7
9 24
9 44
9 54
9 55
9 59
9 65
9 75
9 91
9 98
9 99
9 103
9 120
9 123
9 126
9 129
9 131
9 137
9 138
10 4
10 8
10 14
10 28
10 37
10 39
10 53
10 57
10 62
10 73
10 82
10 90
10 92
10 99
10 100
10 110
10 121
10 124
10 126
10 132
10 133
10 137
10 140
11 1
11 15
11 19
11 20
11 25
11 32
11 47
11 49
11 55
11 69
11 79
11 90
11 93
11 94
11 104
11 114
11 127
11 152
11 154
12 4
12 7
12 11
12 13
12 19
12 30
12 31
12 39
12 41
12 58
12 66
12 72
12 75
12 78
12 82
12 92
12 98
12 105
12 110
12 113
12 119
12 123
12 136
12 142
12 152
12 156
12 158
13 5
13 22
13 30
13 48
13 62
13 64
13 75
13 82
13 85
13 87
13 88
13 93
13 98
13 100
13 103
13 104
13 110
13 112
13 116
13 117
13 132
13 144
13 152
13 155
13 156
13 157
14 5
14 28
14 40
14 58
14 62
14 68
14 73
14 78
14 83
14 84
14 85
14 88
14 92
14 99
14 106
14 110
14 118
14 119
14 124
14 130
14 141
14 144
14 146
14 152
15 5
15 11
15 23
15 24
15 26
15 30
15 35
15 65
15 70
15 80
15 82
15 89
15 91
15 98
15 100
15 102
15 110
15 135
15 143
15 146
15 148
15 149
15 151
15 155
16 17
16 18
16 23
16 24
16 30
16 47
16 58
16 73
16 79
16 80
16 84
16 85
16 88
16 91
16 94
16 101
16 102
16 104
16 114
16 116
16 131
16 132
16 144
17 33
17 35
17 42
17 46
17 51
17 55
17 57
17 65
17 68
17 70
17 75
17 78
17 83
17 84
17 93
17 97
17 103
17 118
17 159
18 6
18 16
18 28
18 34
18 42
18 46
18 52
18 53
18 54
18 65
18 69
18 74
18 76
18 96
18 102
18 105
18 129
18 147
18 155
19 2
19 45
19 50
19 52
19 59
19 60
19 61
19 63
19 68
19 74
19 77
19 84
19 88
19 93
19 94
19 113
19 126
19 131
19 139
19 143
19 144
19 154
19 158
20 6
20 11
20 18
20 25
20 32
20 40
20 63
20 72
20 77
20 80
20 87
20 90
20 99
20 105
20 107
20 110
20 121
20 124
20 125
20 139
20 143
20 150
20 153
21 0
21 1
21 2
21 4
21 30
21 33
21 40
21 49
21 65
21 66
21 75
21 76
21 86
21 97
21 104
21 107
21 116
21 117
21 118
21 121
21 124
21 130
21 133
21 143
21 151
21 155
22 29
22 31
22 33
22 35
22 38
22 40
22 50
22 65
22 69
22 76
22 78
22 79
22 83
22 85
22 91
22 98
22 109
22 110
22 114
22 115
22 118
22 126
22 129
22 134
22 141
22 144
22 145
22 158
23 1
23 6
23 13
23 16
23 28
23 35
23 39
23 41
23 42
23 49
23 57
23 60
23 63
23 74
23 75
23 82
23 84
23 86
23 91
23 94
23 98
23 133
23 135
23 141
23 145
23 146
23 151
23 155
23 158
24 4
24 9
24 15
24 17
24 21
24 22
24 33
24 38
24 44
24 54
24 69
24 79
24 102
24 104
24 105
24 113
24 114
24 115
24 121
24 126
24 132
24 136
24 139
25 4
25 11
25 18
25 20
25 27
25 28
25 29
25 41
25 45
25 54
25 72
25 73
25 77
25 88
25 99
25 103
25 119
25 123
25 126
25 136
25 137
25 150
25 155
26 2
26 3
26 15
26 28
26 33
26 40
26 49
26 51
26 55
26 65
26 70
26 79
26 82
26 83
26 84
26 88
26 93
26 95
26 98
26 116
26 119
26 128
26 129
26 153
27 18
27 28
27 68
27 70
27 78
27 83
27 84
27 92
27 93
27 95
27 107
27 125
27 130
27 137
27 140
27 157
28 6
28 10
28 17
28 23
28 26
28 27
28 30
28 31
28 50
28 51
28 59
28 63
28 71
28 72
28 76
28 89
28 90
28 91
28 107
28 108
28 113
28 118
28 135
28 138
28 153
28 155
28 156
29 4
29 6
29 7
29 22
29 26
29 31
29 45
29 48
29 50
29 65
29 80
29 85
29 86
29 93
29 104
29 105
29 107
29 131
29 132
29 139
29 146
30 12
30 15
30 16
30 19
30 21
30 28
30 31
30 34
30 36
30 47
30 48
30 50
30 51
30 55
30 56
30 68
30 69
30 71
30 89
30 91
30 93
30 98
30 99
30 108
30 110
30 116
30 117
30 120
30 122
30 136
30 139
30 140
30 152
30 155
31 0
31 12
31 14
31 22
31 23
31 28
31 29
31 30
31 41
31 43
31 50
31 54
31 62
31 80
31 87
31 90
31 104
31 105
31 107
31 115
31 123
31 131
31 134
31 135
31 138
31 140
31 151
31 154
32 1
32 11
32 27
32 41
32 42
32 45
32 49
32 54
32 56
32 70
32 72
32 77
32 90
32 102
32 109
32 113
32 118
32 131
32 136
32 139
32 142
32 144
33 0
33 8
33 17
33 22
33 24
33 35
33 38
33 42
33 45
33 49
33 60
33 61
33 82
33 98
33 114
33 115
33 119
33 120
33 135
33 142
33 145
33 147
33 156
34 8
34 17
34 18
34 20
34 30
34 37
34 41
34 53
34 60
34 63
34 67
34 68
34 78
34 79
34 86
34 92
34 95
34 99
34 100
34 104
34 111
34 117
34 120
34 132
34 136
34 138
34 141
34 156
35 2
35 6
35 17
35 22
35 23
35 55
35 60
35 67
35 79
35 83
35 92
35 93
35 97
35 111
35 120
35 122
35 135
35 137
35 149
36 4
36 39
36 41
36 46
36 49
36 50
36 55
36 63
36 71
36 81
36 84
36 92
36 98
36 112
36 114
36 127
36 134
36 135
36 140
36 148
36 151
36 153
36 157
37 3
37 10
37 27
37 38
37 43
37 48
37 57
37 63
37 66
37 71
37 80
37 92
37 95
37 106
37 110
37 116
37 128
37 137
37 138
38 4
38 12
38 15
38 19
38 22
38 24
38 33
38 37
38 41
38 42
38 48
38 49
38 53
38 56
38 58
38 60
38 71
38 72
38 73
38 74
38 82
38 84
38 95
38 97
38 98
38 104
38 109
38 113
38 126
38 127
38 131
38 151
38 153
38 155
39 0
39 10
39 11
39 12
39 36
39 45
39 48
39 50
39 56
39 68
39 70
39 74
39 84
39 85
39 86
39 93
39 96
39 101
39 110
39 111
39 118
39 127
39 131
40 18
40 20
40 21
40 22
40 26
40 64
40 72
40 85
40 87
40 95
40 97
40 100
40 102
40 107
40 113
40 119
40 123
40 125
40 127
40 136
40 140
40 155
40 159
41 0
41 5
41 12
41 25
41 32
41 33
41 36
41 37
41 38
41 79
41 80
41 98
41 107
41 118
41 122
41 133
41 142
41 146
42 4
42 9
42 10
42 16
42 17
42 27
42 32
42 33
42 36
42 38
42 40
42 45
42 49
42 54
42 67
42 73
42 77
42 89
42 94
42 104
42 105
42 111
42 128
42 130
42 132
42 133
42 141
42 142
42 148
42 152
42 158
43 2
43 3
43 23
43 31
43 35
43 39
43 50
43 53
43 58
43 59
43 63
43 82
43 113
43 119
43 120
43 133
43 135
43 139
43 144
43 145
44 7
44 9
44 23
44 25
44 45
44 47
44 50
44 57
44 69
44 76
44 77
44 79
44 83
44 85
44 87
44 90
44 95
44 102
44 104
44 107
44 124
44 126
44 128
44 134
44 139
44 143
44 150
44 155
45 17
45 19
45 25
45 30
45 32
45 33
45 39
45 42
45 44
45 55
45 69
45 73
45 78
45 84
45 90
45 93
45 104
45 105
45 107
45 127
45 140
45 145
45 149
45 151
46 2
46 7
46 11
46 17
46 18
46 35
46 41
46 58
46 59
46 62
46 64
46 70
46 75
46 78
46 79
46 95
46 102
46 104
46 113
46 115
46 121
46 123
46 127
46 134
46 143
46 145
46 154
46 157
46 158
46 159
47 1
47 3
47 9
47 24
47 37
47 44
47 45
47 48
47 49
47 51
47 52
47 82
47 86
47 103
47 104
47 105
47 108
47 111
47 122
47 135
47 140
47 142
48 18
48 20
48 29
48 37
48 39
48 60
48 78
48 85
48 87
48 93
48 105
48 112
48 113
48 117
48 126
48 128
48 131
48 134
48 138
48 155
48 156
48 157
48 158
49 1
49 5
49 21
49 26
49 33
49 36
49 38
49 42
49 47
49 51
49 54
49 78
49 94
49 95
49 97
49 100
49 105
49 108
49 114
49 116
49 134
49 135
49 138
49 141
49 150
49 153
50 7
50 19
50 22
50 26
50 29
50 36
50 43
50 44
50 47
50 55
50 82
50 83
50 98
50 99
50 109
50 115
50 131
50 138
50 144
50 145
50 157
50 159
51 0
51 11
51 17
51 23
51 26
51 28
51 30
51 39
51 40
51 46
51 47
51 49
51 69
51 72
51 73
51 80
51 84
51 86
51 91
51 101
51 105
51 106
51 111
51 115
51 121
51 125
51 130
51 148
51 150
51 157
52 14
52 17
52 28
52 40
52 45
52 54
52 57
52 60
52 66
52 79
52 80
52 83
52 95
52 96
52 101
52 130
52 135
52 136
52 143
52 144
52 147
52 157
53 2
53 5
53 34
53 36
53 38
53 43
53 45
53 56
53 65
53 86
53 112
53 124
53 125
53 127
53 151
53 156
54 0
54 2
54 4
54 9
54 18
54 23
54 31
54 32
54 42
54 43
54 49
54 51
54 63
54 69
54 70
54 71
54 78
54 80
54 87
54 91
54 99
54 100
54 106
54 110
54 113
54 133
54 154
54 155
55 3
55 11
55 15
55 26
55 30
55 36
55 45
55 50
55 57
55 72
55 75
55 76
55 88
55 91
55 96
55 103
55 109
55 119
55 120
55 123
55 126
55 130
55 140
55 141
55 142
55 146
55 156
56 2
56 8
56 20
56 22
56 26
56 30
56 32
56 38
56 39
56 51
56 53
56 74
56 83
56 87
56 100
56 110
56 117
56 132
56 141
56 144
57 5
57 6
57 10
57 17
57 28
57 44
57 52
57 55
57 68
57 84
57 100
57 101
57 112
57 133
57 145
58 14
58 38
58 44
58 46
58 60
58 72
58 76
58 82
58 86
58 88
58 94
58 100
58 113
58 120
58 127
58 131
58 135
58 141
58 147
58 157
59 23
59 31
59 35
59 46
59 56
59 61
59 69
59 88
59 110
59 113
59 119
59 123
59 125
59 133
59 136
59 143
59 155
60 0
60 8
60 9
60 19
60 26
60 38
60 48
60 52
60 58
60 64
60 66
60 72
60 77
60 81
60 83
60 100
60 103
60 104
60 120
60 123
60 131
60 132
60 135
60 136
60 153
60 156
60 157
60 159
61 19
61 22
61 24
61 33
61 59
61 63
61 65
61 73
61 88
61 91
61 94
61 98
61 101
61 106
61 115
61 121
61 128
61 129
61 137
61 145
61 146
61 148
61 155
62 6
62 7
62 8
62 12
62 13
62 14
62 32
62 36
62 52
62 64
62 67
62 80
62 84
62 93
62 99
62 121
62 131
62 140
62 146
62 148
62 157
63 8
63 19
63 20
63 21
63 28
63 32
63 37
63 42
63 43
63 57
63 60
63 66
63 67
63 69
63 82
63 92
63 96
63 101
63 106
63 108
63 132
63 134
63 136
63 142
63 145
63 154
63 157
64 2
64 8
64 21
64 25
64 40
64 46
64 48
64 62
64 72
64 75
64 79
64 83
64 86
64 89
64 95
64 105
64 108
64 110
64 111
64 114
64 125
64 126
64 133
64 139
64 147
64 148
64 155
64 156
64 157
65 0
65 18
65 21
65 22
65 26
65 29
65 47
65 53
65 55
65 79
65 82
65 89
65 96
65 101
65 108
65 125
65 134
65 138
65 139
65 141
65 142
65 145
65 148
65 150
65 155
66 8
66 14
66 29
66 37
66 43
66 60
66 63
66 89
66 94
66 95
66 97
66 101
66 106
66 118
66 123
66 139
66 147
66 152
66 155
66 157
67 3
67 7
67 16
67 35
67 42
67 60
67 61
67 62
67 63
67 73
67 86
67 89
67 93
67 100
67 103
67 107
67 108
67 120
67 123
67 127
67 129
67 139
67 148
67 150
68 0
68 3
68 5
68 12
68 14
68 17
68 19
68 35
68 39
68 61
68 62
68 81
68 86
68 110
68 134
68 156
69 3
69 11
69 16
69 20
69 22
69 30
69 31
69 44
69 45
69 46
69 56
69 60
69 63
69 67
69 71
69 72
69 76
69 77
69 83
69 89
69 96
69 102
69 110
69 115
69 135
69 137
69 142
69 147
69 158
70 26
70 36
70 39
70 45
70 46
70 60
70 68
70 71
70 73
70 80
70 103
70 105
70 109
70 114
70 115
70 120
70 129
70 146
70 153
70 155
71 0
71 4
71 8
71 9
71 14
71 16
71 28
71 36
71 37
71 54
71 69
71 75
71 83
71 87
71 95
71 104
71 107
71 108
71 112
71 115
71 120
71 122
71 127
71 129
71 139
71 149
71 154
72 12
72 15
72 20
72 21
72 24
72 28
72 32
72 38
72 40
72 43
72 51
72 55
72 57
72 58
72 60
72 64
72 74
72 81
72 82
72 86
72 94
72 98
72 100
72 101
72 111
72 118
72 119
72 120
72 121
72 136
72 144
72 148
72 151
72 153
73 14
73 22
73 25
73 38
73 42
73 61
73 67
73 75
73 92
73 95
73 111
73 112
73 125
73 127
73 137
73 140
73 143
73 145
73 154
73 157
73 159
74 10
74 18
74 19
74 23
74 32
74 36
74 39
74 49
74 56
74 72
74 88
74 93
74 115
74 119
74 120
74 122
74 123
74 124
74 125
74 132
74 140
74 141
74 150
74 151
74 158
75 0
75 2
75 6
75 9
75 12
75 17
75 21
75 23
75 55
75 64
75 71
75 73
75 79
75 96
75 112
75 118
75 124
75 128
75 132
75 140
75 148
75 151
75 153
76 0
76 18
76 21
76 22
76 28
76 44
76 55
76 58
76 63
76 67
76 69
76 107
76 111
76 116
76 126
76 131
76 133
76 136
77 1
77 8
77 11
77 18
77 19
77 25
77 32
77 35
77 42
77 44
77 60
77 63
77 66
77 69
77 73
77 76
77 98
77 101
77 105
77 113
77 130
77 131
77 137
77 142
77 145
77 152
77 153
78 10
78 13
78 17
78 18
78 22
78 30
78 34
78 35
78 46
78 48
78 49
78 54
78 62
78 64
78 70
78 80
78 109
78 120
78 123
78 131
78 150
78 158
79 1
79 7
79 9
79 11
79 16
79 22
79 24
79 26
79 30
79 31
79 32
79 34
79 35
79 44
79 56
79 57
79 64
79 65
79 86
79 87
79 107
79 119
79 124
79 125
79 133
79 147
79 148
79 154
80 0
80 1
80 16
80 17
80 18
80 29
80 31
80 37
80 41
80 54
80 62
80 68
80 70
80 78
80 86
80 94
80 109
80 114
80 120
80 121
80 124
80 125
80 128
80 131
80 139
80 142
80 144
80 150
80 151
80 155
80 156
80 158
81 0
81 1
81 27
81 33
81 50
81 61
81 72
81 82
81 86
81 90
81 94
81 107
81 108
81 109
81 110
81 111
81 118
82 2
82 6
82 7
82 12
82 13
82 15
82 26
82 32
82 33
82 43
82 50
82 58
82 63
82 66
82 72
82 77
82 85
82 108
82 110
82 119
82 120
82 135
82 139
82 144
82 148
82 150
82 158
83 1
83 14
83 17
83 22
83 26
83 27
83 33
83 35
83 45
83 50
83 56
83 62
83 64
83 69
83 79
83 92
83 102
83 110
83 130
83 140
83 142
83 149
83 152
83 158
84 8
84 17
84 19
84 23
84 26
84 36
84 38
84 39
84 41
84 45
84 57
84 62
84 68
84 76
84 77
84 85
84 89
84 101
84 113
84 114
84 125
84 134
84 136
84 138
85 7
85 9
85 10
85 13
85 14
85 16
85 30
85 39
85 40
85 44
85 45
85 46
85 52
85 82
85 84
85 88
85 89
85 102
85 105
85 106
85 108
85 116
85 123
85 133
85 139
85 142
85 146
85 148
85 158
86 6
86 26
86 34
86 37
86 39
86 41
86 49
86 51
86 62
86 64
86 67
86 71
86 72
86 81
86 97
86 103
86 111
86 119
86 123
86 133
86 139
86 146
86 149
86 151
87 6
87 7
87 12
87 13
87 17
87 20
87 40
87 44
87 48
87 50
87 54
87 71
87 73
87 83
87 93
87 97
87 100
87 104
87 109
87 120
87 125
87 128
87 134
87 140
87 143
87 146
87 153
88 1
88 7
88 13
88 14
88 18
88 19
88 25
88 37
88 50
88 53
88 68
88 69
88 85
88 106
88 114
88 115
88 124
88 126
88 129
88 133
88 139
88 145
88 150
89 28
89 31
89 42
89 60
89 64
89 69
89 79
89 84
89 85
89 92
89 98
89 103
89 104
89 109
89 125
89 127
89 133
89 135
89 139
89 141
89 146
89 150
89 151
89 159
90 3
90 4
90 7
90 11
90 16
90 18
90 20
90 28
90 32
90 45
90 74
90 91
90 107
90 113
90 114
90 126
90 128
90 131
90 138
90 143
90 153
91 1
91 9
91 15
91 16
91 22
91 23
91 28
91 30
91 49
91 51
91 54
91 90
91 100
91 101
91 108
91 117
91 120
91 129
91 134
91 139
91 148
91 150
91 156
92 10
92 12
92 14
92 19
92 27
92 34
92 36
92 46
92 62
92 73
92 83
92 89
92 107
92 112
92 114
92 118
92 127
92 132
92 142
92 143
92 152
93 0
93 6
93 9
93 11
93 12
93 13
93 14
93 17
93 19
93 26
93 30
93 35
93 39
93 41
93 45
93 51
93 62
93 67
93 72
93 73
93 75
93 84
93 87
93 96
93 105
93 117
93 118
93 124
93 133
93 138
94 11
94 16
94 23
94 26
94 58
94 67
94 80
94 81
94 92
94 97
94 99
94 102
94 106
94 108
94 110
94 133
94 134
94 136
94 152
94 154
95 1
95 4
95 22
95 27
95 37
95 38
95 40
95 46
95 55
95 64
95 66
95 67
95 71
95 73
95 97
95 100
95 106
95 107
95 115
95 128
95 130
95 145
95 149
95 150
95 155
96 6
96 7
96 8
96 18
96 39
96 52
96 55
96 63
96 65
96 75
96 89
96 93
96 104
96 111
96 120
96 122
96 126
96 130
96 132
96 138
96 141
96 149
96 159
97 4
97 5
97 7
97 21
97 38
97 40
97 49
97 62
97 66
97 87
97 94
97 95
97 105
97 109
97 111
97 112
97 120
97 127
97 130
97 142
97 149
97 156
97 159
98 9
98 12
98 13
98 22
98 23
98 26
98 38
98 60
98 72
98 77
98 89
98 96
98 111
98 118
98 123
98 124
98 129
98 134
98 136
98 142
98 144
98 147
99 4
99 10
99 14
99 20
99 26
99 34
99 38
99 50
99 54
99 62
99 67
99 74
99 94
99 103
99 107
99 109
99 111
99 112
99 116
99 119
99 133
99 141
99 150
99 151
99 157
100 0
100 2
100 12
100 13
100 24
100 40
100 49
100 54
100 56
100 57
100 59
100 60
100 64
100 71
100 72
100 87
100 104
100 112
100 114
100 115
100 117
100 124
100 151
100 153
100 157
101 5
101 13
101 16
101 25
101 39
101 51
101 52
101 57
101 63
101 65
101 66
101 77
101 84
101 91
101 107
101 116
101 127
101 142
101 153
101 155
101 157
102 0
102 6
102 15
102 16
102 20
102 24
102 26
102 32
102 40
102 44
102 46
102 69
102 71
102 75
102 81
102 83
102 84
102 111
102 124
102 133
102 139
102 140
102 145
103 0
103 4
103 7
103 9
103 13
103 16
103 17
103 20
103 23
103 54
103 55
103 67
103 75
103 77
103 86
103 95
103 98
103 99
103 104
103 110
103 119
103 147
103 149
104 5
104 11
104 13
104 21
104 22
104 31
104 38
104 39
104 42
104 46
104 60
104 61
104 71
104 74
104 84
104 87
104 89
104 95
104 96
104 100
104 103
104 105
104 110
104 111
104 113
104 114
104 137
104 148
104 153
104 158
105 1
105 10
105 18
105 20
105 21
105 29
105 42
105 45
105 47
105 48
105 51
105 63
105 64
105 69
105 85
105 97
105 98
105 104
105 111
105 114
105 116
105 119
105 130
105 143
105 156
105 159
106 7
106 10
106 14
106 21
106 37
106 40
106 51
106 52
106 54
106 61
106 63
106 66
106 71
106 88
106 104
106 112
106 133
106 136
106 140
106 142
106 145
106 146
107 0
107 1
107 3
107 13
107 19
107 20
107 25
107 27
107 28
107 29
107 31
107 39
107 41
107 42
107 44
107 45
107 67
107 71
107 90
107 92
107 99
107 106
107 120
107 140
107 144
107 148
107 150
107 151
107 152
107 158
107 159
108 2
108 3
108 13
108 17
108 28
108 30
108 47
108 49
108 55
108 63
108 64
108 65
108 71
108 76
108 79
108 82
108 91
108 94
108 109
108 122
108 123
108 126
108 131
108 145
108 150
109 1
109 7
109 22
109 28
109 31
109 38
109 70
109 71
109 87
109 89
109 92
109 96
109 99
109 104
109 108
109 114
109 116
109 123
109 135
109 150
110 1
110 3
110 4
110 11
110 13
110 15
110 22
110 30
110 37
110 39
110 42
110 54
110 56
110 59
110 64
110 69
110 76
110 81
110 94
110 103
110 104
110 119
110 120
110 128
110 129
110 135
110 138
110 141
110 144
110 158
111 2
111 7
111 15
111 34
111 35
111 39
111 51
111 64
111 73
111 76
111 81
111 83
111 86
111 88
111 94
111 97
111 102
111 112
111 122
111 137
111 142
111 143
111 157
112 0
112 8
112 11
112 37
112 48
112 52
112 53
112 56
112 57
112 72
112 75
112 80
112 92
112 97
112 100
112 106
112 111
112 113
112 114
112 117
112 122
112 142
112 145
113 0
113 3
113 7
113 24
113 28
113 30
113 32
113 35
113 40
113 43
113 48
113 58
113 76
113 80
113 84
113 90
113 121
113 140
113 144
113 147
113 154
114 0
114 4
114 10
114 12
114 22
114 24
114 30
114 36
114 49
114 64
114 70
114 86
114 92
114 96
114 100
114 104
114 105
114 112
114 115
114 116
114 124
114 129
114 130
114 133
114 136
114 143
114 145
114 155
114 156
115 0
115 4
115 6
115 8
115 11
115 22
115 31
115 33
115 36
115 44
115 46
115 51
115 58
115 70
115 71
115 74
115 88
115 93
115 98
115 101
115 114
115 116
115 122
115 124
115 125
115 128
115 130
115 132
115 136
115 142
115 153
116 1
116 7
116 16
116 20
116 21
116 22
116 26
116 30
116 37
116 54
116 75
116 76
116 85
116 99
116 101
116 105
116 109
116 114
116 115
116 130
116 139
116 140
116 151
116 154
116 155
116 158
117 3
117 13
117 21
117 27
117 34
117 45
117 48
117 63
117 67
117 90
117 91
117 93
117 100
117 114
117 127
117 130
117 132
117 150
117 153
117 159
118 14
118 17
118 22
118 28
118 32
118 35
118 39
118 45
118 66
118 70
118 71
118 75
118 81
118 82
118 87
118 89
118 92
118 93
118 98
118 121
118 140
118 142
118 143
118 158
118 159
119 0
119 12
119 14
119 25
119 26
119 31
119 33
119 36
119 43
119 55
119 59
119 65
119 72
119 73
119 74
119 82
119 99
119 105
119 110
119 126
119 135
119 136
119 144
119 147
119 148
119 149
119 151
120 5
120 9
120 11
120 23
120 30
120 34
120 35
120 38
120 39
120 43
120 46
120 58
120 70
120 74
120 78
120 82
120 83
120 87
120 91
120 96
120 97
120 110
120 117
120 121
120 125
120 130
120 138
120 141
120 147
120 149
120 150
120 152
120 159
121 10
121 20
121 21
121 23
121 24
121 29
121 44
121 51
121 53
121 54
121 61
121 62
121 65
121 66
121 72
121 75
121 80
121 91
121 113
121 117
121 118
121 120
121 125
121 128
121 137
121 139
121 140
121 144
121 145
121 157
122 0
122 26
122 30
122 35
122 37
122 39
122 41
122 59
122 71
122 73
122 74
122 75
122 96
122 101
122 111
122 115
122 132
122 136
122 138
122 145
122 154
123 9
123 12
123 29
123 40
123 60
123 74
123 85
123 86
123 88
123 98
123 108
123 109
123 115
123 120
123 127
123 150
123 153
123 158
124 6
124 9
124 14
124 21
124 53
124 75
124 79
124 88
124 90
124 100
124 102
124 114
124 115
124 150
124 151
124 159
125 2
125 18
125 20
125 41
125 51
125 53
125 57
125 65
125 67
125 73
125 80
125 82
125 84
125 87
125 94
125 98
125 114
125 120
125 140
125 143
125 144
125 151
125 158
126 5
126 9
126 18
126 22
126 24
126 25
126 38
126 42
126 44
126 48
126 55
126 64
126 74
126 108
126 130
126 138
126 148
126 151
127 7
127 11
127 26
127 36
127 39
127 45
127 58
127 64
127 67
127 89
127 92
127 101
127 121
127 123
127 128
127 135
127 138
127 146
127 152
127 153
128 0
128 1
128 7
128 11
128 26
128 31
128 37
128 42
128 44
128 48
128 49
128 60
128 87
128 90
128 95
128 110
128 114
128 121
128 127
128 139
128 140
129 3
129 4
129 5
129 18
129 26
129 56
129 61
129 84
129 88
129 98
129 100
129 110
129 114
129 117
129 133
129 135
129 140
129 150
130 2
130 6
130 8
130 14
130 18
130 21
130 44
130 61
130 75
130 77
130 83
130 91
130 96
130 97
130 105
130 113
130 114
130 115
130 116
130 117
130 120
130 126
130 149
131 3
131 7
131 8
131 9
131 16
131 28
131 29
131 30
131 38
131 39
131 48
131 50
131 62
131 64
131 69
131 71
131 76
131 77
131 78
131 90
131 98
131 102
131 108
131 122
131 124
131 139
131 141
131 144
131 149
132 2
132 5
132 10
132 13
132 14
132 24
132 29
132 34
132 42
132 67
132 74
132 75
132 92
132 115
132 117
132 122
132 128
132 139
133 0
133 2
133 5
133 10
133 12
133 21
133 23
133 41
133 42
133 43
133 60
133 64
133 76
133 79
133 85
133 89
133 93
133 96
133 99
133 104
133 106
133 109
133 128
133 129
133 147
133 151
134 16
134 22
134 25
134 34
134 36
134 48
134 53
134 54
134 63
134 65
134 68
134 69
134 84
134 87
134 91
134 94
134 107
134 118
135 2
135 11
135 14
135 15
135 23
135 33
135 36
135 43
135 52
135 75
135 87
135 89
135 92
135 97
135 107
135 108
135 109
135 110
135 119
135 128
135 129
135 141
135 156
135 159
136 2
136 4
136 16
136 25
136 30
136 32
136 47
136 51
136 52
136 57
136 59
136 60
136 63
136 72
136 76
136 97
136 106
136 114
136 115
136 140
136 148
136 149
136 150
137 0
137 2
137 6
137 8
137 9
137 10
137 12
137 17
137 19
137 37
137 61
137 69
137 73
137 77
137 101
137 111
137 114
137 121
137 141
137 142
137 154
138 0
138 9
138 18
138 28
138 30
138 31
138 35
138 37
138 48
138 49
138 65
138 84
138 86
138 90
138 96
138 102
138 110
138 120
138 122
138 127
138 148
138 149
138 153
138 156
139 1
139 2
139 7
139 19
139 24
139 30
139 31
139 32
139 44
139 49
139 65
139 71
139 80
139 82
139 85
139 86
139 87
139 89
139 91
139 97
139 102
139 121
139 127
139 131
139 132
139 135
139 140
139 148
140 10
140 27
140 30
140 36
140 40
140 45
140 47
140 57
140 62
140 73
140 74
140 76
140 83
140 87
140 102
140 113
140 114
140 121
140 125
140 128
140 129
140 138
140 139
140 151
140 156
141 22
141 26
141 31
141 34
141 36
141 40
141 42
141 49
141 56
141 74
141 82
141 89
141 103
141 105
141 120
141 123
141 145
141 148
141 152
141 156
141 159
142 2
142 12
142 17
142 32
142 33
142 41
142 44
142 47
142 55
142 56
142 62
142 63
142 65
142 69
142 70
142 77
142 83
142 85
142 88
142 92
142 98
142 106
142 111
142 115
142 118
142 121
142 126
142 141
142 150
143 1
143 2
143 5
143 14
143 16
143 19
143 24
143 29
143 44
143 46
143 53
143 59
143 63
143 66
143 72
143 75
143 77
143 85
143 90
143 92
143 105
143 111
143 118
143 127
143 140
143 159
144 6
144 13
144 21
144 22
144 30
144 43
144 50
144 52
144 72
144 90
144 98
144 103
144 110
144 113
144 158
144 159
145 0
145 2
145 22
145 33
145 43
145 45
145 46
145 50
145 65
145 73
145 75
145 77
145 88
145 102
145 103
145 104
145 106
145 114
145 116
145 120
145 121
145 122
145 134
145 141
145 146
145 148
145 154
145 157
146 0
146 14
146 43
146 61
146 62
146 76
146 85
146 87
146 89
146 100
146 105
146 106
146 115
146 116
146 127
146 145
146 154
147 1
147 4
147 18
147 40
147 43
147 64
147 66
147 69
147 70
147 83
147 98
147 103
147 113
147 133
147 154
148 11
148 15
148 20
148 33
148 42
148 49
148 51
148 61
148 62
148 64
148 65
148 67
148 72
148 75
148 79
148 85
148 91
148 104
148 108
148 112
148 117
148 119
148 126
148 138
148 141
148 145
149 0
149 15
149 23
149 24
149 35
149 45
149 64
149 68
149 69
149 71
149 82
149 83
149 86
149 88
149 95
149 96
149 97
149 120
149 124
149 125
149 130
149 136
149 148
149 153
149 159
150 8
150 20
150 29
150 49
150 51
150 53
150 59
150 65
150 74
150 80
150 82
150 88
150 89
150 95
150 99
150 107
150 108
150 109
150 110
150 121
150 123
150 124
150 129
150 136
150 142
150 146
150 157
151 8
151 11
151 14
151 23
151 31
151 38
151 43
151 50
151 53
151 72
151 74
151 75
151 86
151 89
151 99
151 100
151 118
151 120
151 124
151 125
151 126
151 137
151 140
151 143
151 154
152 11
152 12
152 13
152 14
152 16
152 31
152 37
152 42
152 50
152 66
152 78
152 83
152 94
152 107
152 108
152 157
152 159
153 2
153 12
153 20
153 36
153 38
153 49
153 60
153 72
153 75
153 81
153 87
153 95
153 96
153 100
153 115
153 135
153 138
153 149
154 11
154 19
154 31
154 46
154 54
154 60
154 72
154 73
154 79
154 86
154 94
154 116
154 118
154 121
154 137
154 140
154 146
154 148
154 151
155 13
155 15
155 18
155 21
155 61
155 64
155 65
155 66
155 84
155 92
155 109
155 116
156 3
156 11
156 12
156 26
156 33
156 34
156 53
156 60
156 64
156 80
156 92
156 105
156 112
156 114
156 115
156 140
156 141
156 157
157 1
157 15
157 27
157 28
157 45
157 46
157 50
157 51
157 52
157 53
157 57
157 58
157 60
157 62
157 64
157 66
157 73
157 78
157 81
157 100
157 102
157 108
157 111
157 121
157 145
157 152
157 156
158 5
158 14
158 18
158 19
158 21
158 22
158 42
158 48
158 57
158 80
158 83
158 84
158 85
158 104
158 107
158 110
158 116
158 118
158 123
159 8
159 17
159 32
159 34
159 40
159 46
159 50
159 79
159 96
159 105
159 107
159 117
159 118
159 120
159 124
159 128
159 135
159 141
159 143
159 144
159 149
159 150
0 1 2 3 4 5 6 7 8 9 10 11
