160 479 24
0 3
0 18
0 32
0 75
0 110
0 113
0 130
0 145
0 147
1 6
1 27
1 66
2 13
2 15
2 25
2 91
2 128
3 0
3 59
3 63
3 65
3 84
4 15
4 28
4 69
4 120
5 16
5 57
6 17
6 81
7 25
7 132
7 146
8 36
8 49
8 97
9 39
10 12
10 28
10 64
11 14
11 111
11 132
12 129
13 1
13 2
13 18
13 96
13 118
14 11
14 108
14 117
15 2
15 4
15 23
15 58
15 73
15 74
15 159
16 94
17 0
17 6
17 47
17 151
18 0
18 6
18 7
19 76
19 124
20 21
20 22
20 94
20 145
21 12
21 20
21 27
21 45
21 91
21 133
21 144
21 148
22 20
22 28
22 61
22 79
23 15
23 78
23 116
23 149
24 25
24 49
25 2
25 7
25 24
25 108
26 35
26 66
27 1
27 77
27 134
28 4
28 7
28 10
28 22
28 74
28 106
28 112
28 134
29 59
29 126
29 145
30 66
30 138
30 142
31 121
31 144
32 0
33 28
33 51
33 75
33 107
33 113
33 131
33 149
34 46
34 91
34 147
35 26
35 30
35 49
35 81
36 11
36 50
36 132
37 33
37 89
38 88
38 127
39 9
39 68
39 85
39 118
40 55
41 33
41 135
42 78
42 101
43 24
43 50
43 55
43 115
43 151
45 19
45 21
45 64
45 133
46 60
46 71
46 137
47 17
47 43
47 79
47 136
48 61
48 155
49 8
49 24
49 35
49 71
49 76
49 84
49 98
49 117
49 121
50 36
50 43
50 53
50 153
51 33
51 55
51 71
51 73
51 129
51 135
51 140
51 156
52 77
52 148
53 12
53 50
53 90
54 65
54 115
54 155
56 5
56 105
56 123
56 155
56 156
57 5
57 61
57 73
58 47
58 93
59 3
59 29
59 90
59 95
59 142
61 22
61 48
61 57
61 118
61 157
63 3
63 84
63 123
63 130
64 10
64 51
64 62
64 125
65 3
65 54
65 99
65 124
66 1
66 26
66 30
67 92
67 99
67 156
68 80
68 82
68 138
69 4
69 55
70 68
70 122
71 46
71 49
71 51
71 105
72 38
73 15
73 51
73 84
73 107
74 15
74 76
74 126
75 0
75 14
75 33
75 79
75 88
75 96
75 109
76 74
77 143
78 23
78 42
78 122
78 140
79 22
79 75
79 116
80 68
80 76
81 35
82 54
82 139
83 7
83 71
83 96
83 109
83 111
83 149
83 154
84 3
84 49
84 77
84 94
84 154
85 130
86 114
86 121
87 96
88 75
88 96
88 141
88 153
89 37
89 38
89 75
89 125
90 1
90 53
90 59
90 107
91 2
91 21
91 34
91 104
91 149
93 8
93 157
94 16
94 84
94 120
95 0
95 59
95 114
96 13
96 75
96 88
97 74
99 107
100 146
101 27
101 42
101 129
101 134
102 131
104 108
104 145
105 71
105 128
106 19
107 33
107 55
107 90
107 99
107 146
108 25
108 104
108 140
109 75
110 0
110 13
110 109
111 83
112 18
112 41
112 74
113 0
113 29
113 111
113 134
114 95
115 24
115 43
116 23
116 79
116 129
117 14
117 49
118 13
118 39
118 61
118 100
118 152
118 157
119 131
119 151
120 4
120 94
120 153
121 49
121 74
121 86
121 120
121 152
122 36
122 70
122 78
122 99
123 45
123 63
123 141
123 153
124 13
124 19
124 44
124 65
125 64
125 89
126 29
126 74
127 38
128 2
128 132
128 135
128 154
129 51
129 101
129 116
129 150
130 57
130 63
130 85
131 33
131 68
131 90
131 99
131 102
131 108
131 119
131 132
132 11
132 36
132 128
132 131
133 45
133 115
134 101
134 113
135 31
135 51
135 133
136 47
136 140
137 46
138 9
138 30
138 142
139 82
139 150
140 78
140 108
141 15
141 88
141 123
142 12
142 14
142 30
142 59
142 138
142 152
144 21
144 47
144 101
145 20
146 7
146 97
147 0
147 34
148 42
149 23
149 33
149 83
149 147
150 4
150 129
151 17
151 43
151 87
151 119
152 86
153 34
153 88
153 120
153 123
154 83
154 128
155 54
155 56
155 59
155 94
155 103
155 105
156 51
156 56
157 13
157 61
157 93
157 118
158 146
159 93
0 1 2 3 4 5 6 7 8 9 10 11 12 13 14 15 16 17 18 19 20 21 22 23
