160 1198 7
0 7
0 16
0 25
0 38
0 41
0 43
0 51
0 81
0 99
0 113
0 128
0 135
1 2
1 6
1 25
1 59
1 75
1 102
1 106
1 107
1 130
1 140
2 1
2 28
2 29
2 92
2 135
3 23
3 35
3 51
3 71
3 124
3 132
3 139
3 148
4 40
4 42
4 71
4 78
4 83
4 108
4 113
4 116
5 31
5 75
5 77
5 105
5 146
6 1
6 9
6 17
6 37
6 68
6 74
6 92
6 106
6 121
7 0
7 19
7 44
7 80
7 81
7 84
7 86
7 95
7 158
8 45
8 73
8 74
8 85
8 140
9 6
9 24
9 29
9 33
9 45
9 51
9 113
9 128
10 0
10 22
10 44
10 47
10 73
10 98
10 107
10 127
10 128
10 147
11 12
11 22
11 40
11 66
11 87
11 105
11 134
11 140
12 19
12 70
12 84
12 144
13 19
13 30
13 55
13 88
13 109
13 126
13 149
14 3
14 5
14 6
14 22
14 23
14 57
14 58
14 76
14 89
14 92
14 107
14 114
14 150
14 154
15 16
15 17
15 74
15 84
15 88
15 108
15 133
16 0
16 15
16 20
16 21
16 29
16 35
16 60
16 76
16 83
16 108
16 122
16 127
16 144
16 148
17 6
17 15
17 61
17 80
17 97
17 106
17 112
18 12
18 55
18 93
18 121
18 131
18 144
18 150
18 158
19 7
19 45
19 48
19 57
19 79
19 82
19 94
19 101
19 105
19 106
19 127
19 142
20 16
20 21
20 24
20 34
20 37
20 82
20 85
20 138
20 147
20 148
20 152
21 35
21 62
22 10
22 11
22 14
22 43
22 44
22 53
22 69
22 75
22 88
22 91
22 107
22 116
23 3
23 14
23 25
23 32
23 71
23 73
23 80
23 112
23 141
24 9
24 20
24 37
24 47
24 76
24 91
24 97
24 120
24 135
25 0
25 1
25 12
25 24
25 44
25 53
25 59
25 66
25 88
25 97
25 98
25 123
26 61
26 108
26 128
26 131
26 148
26 149
27 24
27 63
27 70
27 81
27 139
28 2
28 27
28 117
28 132
29 2
29 9
29 10
29 16
29 37
29 82
29 84
29 135
29 142
29 150
29 158
30 7
30 11
30 13
30 38
30 41
30 62
30 72
30 79
30 81
30 107
30 114
30 123
30 134
30 159
31 35
31 43
31 58
31 81
31 87
31 145
32 23
32 39
32 50
32 65
32 76
32 110
32 119
32 153
33 9
33 38
33 62
33 83
33 103
33 134
33 138
33 153
33 156
33 158
34 20
34 39
34 48
34 56
34 85
34 96
34 103
35 3
35 16
35 31
35 40
35 42
35 74
35 99
36 30
36 61
36 89
36 129
36 152
37 3
37 7
37 20
37 75
37 139
37 151
38 0
38 14
38 33
38 72
38 87
38 96
38 122
38 140
38 149
39 0
39 30
39 34
39 45
39 60
39 64
39 118
39 136
40 11
40 72
40 74
40 99
40 144
41 0
41 5
41 30
41 50
41 112
42 4
42 50
42 55
42 73
42 121
42 149
43 0
43 31
43 55
43 65
43 83
43 122
43 129
43 135
43 158
44 10
44 25
44 34
44 82
44 86
44 90
44 140
44 159
45 8
45 9
45 12
45 38
45 39
45 55
45 66
45 77
45 97
45 108
45 110
45 119
45 142
45 143
45 156
46 58
46 81
46 95
46 103
46 115
46 119
46 120
46 129
46 156
47 10
47 24
47 68
47 74
47 98
47 128
47 134
47 146
47 147
48 19
48 34
48 54
48 64
48 117
49 79
49 113
49 141
49 149
49 152
50 32
50 38
50 41
50 106
50 128
51 9
51 23
51 43
51 124
52 15
52 35
52 38
52 58
52 115
52 141
53 23
53 25
53 77
53 79
53 84
53 92
53 97
53 136
53 144
54 48
54 72
54 85
54 100
54 114
54 128
54 129
54 141
54 152
55 3
55 13
55 18
55 30
55 43
55 45
55 98
55 100
56 59
56 60
56 62
56 85
56 105
56 123
56 131
56 157
57 14
57 19
57 53
57 82
57 95
57 118
57 136
58 14
58 30
58 46
58 67
58 69
58 72
58 113
58 131
58 134
58 154
59 1
59 16
59 25
59 36
59 42
59 49
59 61
59 71
59 87
59 132
59 140
60 39
60 56
60 76
60 111
60 112
61 14
61 17
61 36
61 59
62 21
62 30
62 56
62 92
63 15
63 153
64 4
64 30
64 48
64 58
64 73
64 100
65 43
65 83
65 103
65 139
65 146
66 25
66 45
66 47
66 75
66 76
66 78
66 99
66 102
66 150
67 71
67 95
67 107
67 116
68 6
68 22
68 23
68 47
68 91
68 145
69 22
69 33
69 43
69 58
69 125
69 133
70 12
70 83
70 90
70 105
70 128
71 3
71 23
71 33
71 59
71 67
71 98
71 115
71 128
71 129
71 134
72 30
72 38
72 40
72 58
73 8
73 10
73 23
73 42
73 64
73 98
73 119
73 125
74 6
74 11
74 15
74 35
74 47
74 72
74 79
74 98
74 131
75 1
75 37
75 83
75 84
75 98
75 144
75 156
76 16
76 24
76 60
76 66
76 77
76 84
76 104
76 152
77 5
77 19
77 45
77 73
77 76
77 84
77 135
77 136
77 144
77 145
78 4
78 16
78 80
78 85
78 91
78 126
78 148
78 150
79 7
79 41
79 49
79 53
79 62
79 74
79 80
79 91
79 98
80 5
80 7
80 17
80 20
80 22
80 23
80 69
80 79
80 81
80 103
81 7
81 14
81 27
81 30
81 31
81 46
81 75
81 101
81 112
81 118
81 120
81 126
81 142
81 155
82 19
82 20
82 27
82 29
82 44
82 47
82 80
82 156
83 4
83 16
83 43
83 65
83 67
83 75
83 94
83 99
84 7
84 12
84 29
84 53
84 74
84 75
84 76
84 77
84 81
84 85
84 94
84 97
84 102
84 104
85 8
85 20
85 32
85 34
85 51
85 54
85 74
85 84
85 86
85 95
85 107
85 151
86 6
86 85
86 100
86 111
87 11
87 31
87 33
87 38
87 39
87 59
87 121
87 145
88 3
88 15
88 69
88 89
88 108
88 141
88 145
89 14
89 19
89 36
89 88
89 104
89 116
89 150
90 19
90 70
91 22
91 24
91 62
91 68
91 79
91 112
91 114
91 116
91 138
92 2
92 38
92 53
92 96
92 117
92 124
92 140
92 142
93 18
93 87
93 140
93 156
94 83
94 87
94 114
94 125
94 129
94 132
94 139
95 7
95 46
95 57
95 67
95 85
96 2
96 28
96 34
96 70
96 92
96 100
96 111
97 17
97 24
97 25
97 45
97 84
97 121
97 132
98 47
98 55
98 71
98 73
98 74
98 79
98 85
98 102
98 140
98 149
99 0
99 35
99 40
99 66
99 114
99 149
100 40
100 53
100 64
100 86
100 96
100 109
100 123
100 126
100 138
101 29
101 81
101 97
101 105
101 114
101 129
101 143
101 145
101 155
102 1
102 32
102 66
102 98
102 120
102 129
102 140
102 156
103 10
103 23
103 33
103 34
103 46
103 47
103 65
103 80
103 104
103 117
103 137
104 76
104 81
104 89
104 136
105 5
105 11
105 19
105 22
105 56
105 65
105 101
105 116
105 130
105 154
106 1
106 6
106 19
106 26
106 37
106 50
106 82
106 119
106 122
106 132
106 133
106 152
106 158
107 1
107 22
107 30
107 72
107 85
107 136
107 140
108 4
108 15
108 26
108 34
108 45
108 88
108 148
109 4
109 13
109 45
109 62
109 100
109 129
109 132
109 142
109 147
110 45
110 123
110 149
110 153
110 154
111 60
111 86
111 96
111 121
111 124
112 23
112 37
112 81
112 91
112 110
112 143
113 9
113 49
113 89
113 139
114 14
114 30
114 54
114 89
114 94
114 99
114 101
115 0
115 32
115 46
115 52
115 57
115 71
115 83
115 95
115 142
116 4
116 5
116 56
116 67
116 91
116 122
116 130
117 28
117 48
117 92
117 120
117 127
117 136
117 137
117 145
117 150
117 156
118 3
118 10
118 123
118 125
119 45
119 106
119 149
120 102
120 104
120 146
120 147
120 152
121 6
121 18
121 30
121 42
121 87
121 97
121 111
121 113
122 15
122 16
122 42
122 105
122 106
122 108
122 116
123 25
123 30
123 44
123 100
123 110
123 127
123 141
124 69
124 78
124 138
124 145
124 150
125 59
125 73
125 94
125 118
125 123
125 127
125 131
126 13
126 39
126 60
126 73
126 78
126 81
126 100
126 147
127 19
127 117
127 123
127 125
127 128
127 144
127 146
128 0
128 9
128 26
128 47
128 50
128 52
128 53
128 72
128 127
128 139
128 140
128 145
129 28
129 36
129 45
129 71
129 94
129 102
129 109
129 137
129 145
129 155
130 1
130 34
130 66
130 99
131 18
131 26
131 56
131 58
131 74
132 3
132 9
132 28
132 43
132 74
132 94
132 97
132 149
133 5
133 67
133 69
133 80
133 92
133 106
133 118
133 138
133 156
134 11
134 71
134 128
134 136
134 152
134 154
135 0
135 20
135 29
135 64
135 77
135 152
136 0
136 28
136 39
136 50
136 58
136 68
136 77
136 107
136 117
136 134
136 155
137 13
137 74
138 15
138 68
138 91
138 93
138 100
138 133
139 27
139 45
139 94
139 108
139 125
139 128
139 149
140 1
140 5
140 28
140 29
140 38
140 44
140 93
140 98
140 102
140 107
140 108
140 134
141 23
141 52
141 54
141 77
141 119
141 144
141 150
142 29
142 45
142 63
142 81
142 82
142 92
142 115
142 134
143 101
143 102
143 157
144 12
144 16
144 37
144 40
144 77
144 104
144 113
144 141
145 31
145 37
145 68
145 88
145 101
145 117
145 124
145 129
146 47
146 65
146 103
146 127
146 133
146 141
147 20
147 28
147 62
147 69
148 3
148 20
148 26
148 53
148 57
148 78
148 92
148 108
149 13
149 26
149 38
149 40
149 49
149 57
149 73
149 99
149 132
149 139
150 18
150 66
150 72
150 89
150 115
150 117
150 123
150 124
150 155
151 37
151 46
151 154
152 3
152 4
152 14
152 20
152 36
152 49
152 54
152 76
152 120
152 134
152 135
153 32
153 33
153 63
153 129
154 17
154 38
154 58
154 100
154 110
154 134
154 151
155 54
155 81
155 84
155 99
155 101
155 136
156 33
156 37
156 75
156 82
156 93
156 102
156 117
156 133
157 19
157 25
157 56
157 87
157 95
157 126
157 143
157 144
157 154
158 33
158 51
158 63
158 77
158 106
159 30
159 31
159 44
159 104
159 111
0 1 2 3 4 5 6
