160 3774 40
0 4
0 12
0 18
0 25
0 34
0 37
0 42
0 44
0 45
0 47
0 50
0 51
0 72
0 75
0 80
0 83
0 84
0 86
0 92
0 98
0 99
0 100
0 104
0 115
0 117
0 121
0 131
0 134
0 152
1 6
1 26
1 51
1 53
1 56
1 60
1 62
1 68
1 74
1 75
1 87
1 91
1 92
1 97
1 105
1 109
1 126
1 139
1 149
1 159
2 10
2 11
2 14
2 23
2 26
2 30
2 40
2 53
2 55
2 59
2 63
2 68
2 70
2 75
2 80
2 81
2 83
2 94
2 102
2 117
2 121
2 124
2 135
2 139
2 141
2 142
2 149
3 5
3 20
3 25
3 28
3 36
3 49
3 53
3 54
3 58
3 59
3 64
3 74
3 81
3 84
3 85
3 87
3 94
3 111
3 113
3 120
3 129
3 137
3 139
3 141
3 146
3 148
3 157
3 158
4 0
4 3
4 13
4 21
4 29
4 40
4 43
4 45
4 47
4 53
4 61
4 65
4 72
4 75
4 94
4 102
4 114
4 127
4 130
4 133
4 134
4 135
4 145
4 157
5 3
5 14
5 22
5 33
5 37
5 38
5 42
5 51
5 66
5 70
5 75
5 76
5 83
5 89
5 90
5 96
5 100
5 101
5 106
5 122
5 128
5 130
5 132
5 135
5 138
5 159
6 1
6 10
6 14
6 16
6 19
6 24
6 38
6 43
6 44
6 45
6 72
6 73
6 77
6 83
6 98
6 100
6 107
6 110
6 117
6 123
6 125
6 138
6 143
7 9
7 15
7 20
7 27
7 28
7 37
7 59
7 65
7 68
7 95
7 101
7 117
7 134
7 136
7 142
7 149
7 152
7 159
8 18
8 20
8 23
8 25
8 42
8 44
8 48
8 55
8 69
8 78
8 81
8 83
8 88
8 92
8 97
8 101
8 102
8 105
8 110
8 117
8 130
8 132
8 134
8 157
9 26
9 30
9 36
9 39
9 44
9 52
9 75
9 76
9 78
9 84
9 85
9 89
9 96
9 106
9 110
9 115
9 117
9 119
9 120
9 127
9 129
9 133
9 139
9 144
9 149
9 155
10 12
10 14
10 16
10 33
10 45
10 51
10 59
10 68
10 74
10 78
10 89
10 94
10 102
10 103
10 108
10 124
10 135
10 137
10 150
10 152
11 0
11 2
11 66
11 67
11 69
11 79
11 81
11 104
11 117
11 136
11 138
11 140
11 148
11 153
11 156
11 158
12 0
12 10
12 17
12 25
12 28
12 44
12 47
12 51
12 53
12 56
12 61
12 78
12 85
12 92
12 138
12 141
12 148
12 150
12 157
12 159
13 4
13 15
13 24
13 32
13 35
13 40
13 43
13 44
13 56
13 70
13 80
13 88
13 89
13 100
13 115
13 123
13 125
13 144
13 151
13 152
13 153
14 2
14 5
14 6
14 10
14 16
14 17
14 19
14 23
14 29
14 33
14 34
14 40
14 43
14 44
14 60
14 70
14 81
14 85
14 89
14 92
14 94
14 102
14 112
14 114
14 115
14 127
14 133
14 134
14 137
14 148
15 7
15 19
15 31
15 44
15 56
15 61
15 65
15 76
15 103
15 126
15 150
16 4
16 6
16 14
16 18
16 24
16 41
16 49
16 65
16 67
16 71
16 72
16 84
16 91
16 105
16 107
16 117
16 120
16 126
16 132
16 133
16 134
16 139
16 140
16 143
16 144
17 1
17 10
17 12
17 14
17 16
17 19
17 22
17 29
17 31
17 35
17 43
17 61
17 63
17 77
17 79
17 90
17 91
17 95
17 105
17 106
17 117
17 148
17 155
17 157
18 0
18 1
18 8
18 27
18 28
18 31
18 35
18 46
18 49
18 52
18 67
18 71
18 74
18 76
18 82
18 92
18 97
18 104
18 114
18 128
18 130
18 137
18 141
18 152
18 156
19 6
19 7
19 14
19 20
19 25
19 27
19 33
19 35
19 46
19 51
19 59
19 77
19 93
19 94
19 106
19 117
19 120
19 127
19 143
19 144
19 147
19 156
19 159
20 2
20 3
20 5
20 7
20 8
20 10
20 19
20 25
20 28
20 33
20 38
20 40
20 50
20 54
20 62
20 70
20 84
20 97
20 98
20 105
20 107
20 111
20 119
20 141
20 155
20 159
21 4
21 45
21 56
21 62
21 75
21 94
21 96
21 101
21 106
21 108
21 112
21 115
21 120
21 123
21 124
21 129
21 132
21 133
21 140
21 159
22 5
22 17
22 24
22 36
22 46
22 47
22 58
22 60
22 86
22 103
22 104
22 110
22 114
22 122
22 130
22 138
22 149
22 155
22 159
23 8
23 11
23 14
23 31
23 33
23 35
23 36
23 39
23 41
23 45
23 58
23 61
23 74
23 77
23 83
23 87
23 88
23 91
23 94
23 102
23 111
23 123
23 124
23 133
23 139
23 145
23 151
24 16
24 25
24 42
24 50
24 52
24 56
24 60
24 68
24 73
24 74
24 90
24 100
24 106
24 114
24 117
24 118
24 119
24 122
24 128
24 135
24 144
24 145
25 0
25 3
25 8
25 19
25 20
25 24
25 31
25 33
25 36
25 44
25 45
25 64
25 71
25 76
25 88
25 95
25 97
25 108
25 116
25 123
25 136
25 138
25 159
26 2
26 9
26 23
26 31
26 33
26 34
26 50
26 71
26 75
26 82
26 97
26 108
26 111
26 114
26 121
26 125
26 129
26 147
26 152
26 153
27 12
27 18
27 23
27 28
27 33
27 52
27 55
27 62
27 63
27 80
27 85
27 89
27 90
27 91
27 104
27 105
27 107
27 111
27 113
27 127
27 131
27 135
27 141
27 147
27 149
28 13
28 18
28 20
28 22
28 27
28 41
28 43
28 58
28 59
28 79
28 88
28 102
28 103
28 109
28 111
28 121
28 123
28 132
28 154
28 158
29 4
29 17
29 36
29 39
29 41
29 44
29 58
29 60
29 70
29 84
29 90
29 95
29 97
29 100
29 105
29 122
29 124
29 138
29 140
29 141
29 149
29 151
29 152
30 0
30 2
30 4
30 18
30 34
30 43
30 55
30 57
30 68
30 69
30 75
30 76
30 78
30 92
30 93
30 100
30 103
30 110
30 144
30 146
31 12
31 15
31 23
31 25
31 26
31 33
31 35
31 36
31 38
31 40
31 56
31 64
31 66
31 70
31 83
31 85
31 89
31 94
31 99
31 102
31 104
31 107
31 111
31 121
31 122
31 131
32 33
32 36
32 47
32 48
32 50
32 53
32 55
32 71
32 72
32 77
32 82
32 90
32 100
32 106
32 119
32 135
32 144
32 146
32 155
32 157
33 19
33 20
33 23
33 25
33 26
33 37
33 44
33 48
33 57
33 66
33 68
33 69
33 75
33 83
33 87
33 94
33 101
33 105
33 108
33 115
33 122
33 124
33 131
33 134
33 146
33 149
33 152
34 0
34 3
34 6
34 15
34 30
34 45
34 49
34 57
34 77
34 78
34 83
34 85
34 86
34 90
34 97
34 113
34 118
34 121
34 125
34 133
34 138
34 140
34 141
34 142
34 146
34 158
35 17
35 18
35 19
35 23
35 33
35 38
35 41
35 47
35 48
35 51
35 57
35 59
35 61
35 68
35 87
35 88
35 91
35 93
35 96
35 100
35 101
35 107
35 108
35 119
35 121
35 129
35 131
35 132
35 133
35 138
35 147
35 149
35 151
35 154
36 14
36 22
36 23
36 29
36 32
36 35
36 41
36 42
36 44
36 45
36 62
36 69
36 73
36 86
36 87
36 88
36 90
36 91
36 94
36 101
36 103
36 105
36 110
36 116
36 117
36 118
36 128
36 131
36 133
36 151
36 155
37 0
37 5
37 7
37 9
37 19
37 20
37 38
37 59
37 65
37 75
37 90
37 92
37 95
37 101
37 105
37 107
37 111
37 117
37 125
37 126
37 131
37 134
37 154
38 20
38 31
38 34
38 37
38 42
38 51
38 53
38 56
38 60
38 71
38 99
38 100
38 101
38 108
38 127
38 137
38 139
38 148
39 23
39 33
39 46
39 52
39 54
39 60
39 62
39 64
39 70
39 76
39 77
39 80
39 81
39 83
39 96
39 103
39 106
39 107
39 131
39 142
39 144
39 152
39 155
39 156
40 2
40 13
40 27
40 31
40 46
40 51
40 56
40 57
40 71
40 77
40 81
40 87
40 88
40 93
40 104
40 107
40 112
40 114
40 117
40 126
40 135
40 139
40 146
40 147
41 9
41 19
41 23
41 29
41 49
41 51
41 85
41 88
41 93
41 96
41 100
41 105
41 108
41 110
41 124
41 127
41 131
41 132
41 138
41 147
41 156
41 159
42 4
42 5
42 14
42 19
42 24
42 31
42 38
42 49
42 66
42 87
42 88
42 116
42 117
42 134
42 141
42 147
42 151
42 156
42 159
43 2
43 4
43 6
43 14
43 28
43 30
43 33
43 34
43 47
43 52
43 63
43 72
43 89
43 94
43 109
43 116
43 119
43 128
43 139
44 6
44 7
44 8
44 9
44 10
44 12
44 14
44 15
44 19
44 28
44 29
44 33
44 36
44 42
44 46
44 48
44 49
44 50
44 57
44 65
44 68
44 70
44 71
44 72
44 75
44 76
44 92
44 104
44 110
44 120
44 134
44 138
44 146
45 0
45 6
45 10
45 19
45 23
45 36
45 47
45 52
45 57
45 77
45 82
45 85
45 110
45 119
45 124
45 126
45 129
45 130
45 134
45 139
45 152
46 9
46 15
46 19
46 22
46 37
46 39
46 40
46 49
46 57
46 61
46 62
46 79
46 80
46 82
46 89
46 101
46 109
46 111
46 119
46 145
46 147
47 3
47 12
47 32
47 35
47 42
47 43
47 56
47 59
47 65
47 76
47 77
47 79
47 80
47 81
47 86
47 92
47 93
47 104
47 105
47 112
47 119
47 122
47 133
48 0
48 2
48 9
48 20
48 35
48 44
48 47
48 53
48 59
48 63
48 67
48 83
48 90
48 93
48 103
48 107
48 114
48 122
48 127
48 129
48 132
48 137
48 147
48 155
48 158
49 7
49 16
49 18
49 33
49 34
49 41
49 44
49 48
49 57
49 66
49 76
49 84
49 85
49 102
49 106
49 113
49 122
49 136
49 141
49 144
49 147
50 0
50 23
50 24
50 26
50 30
50 44
50 53
50 57
50 60
50 62
50 70
50 82
50 85
50 97
50 99
50 106
50 108
50 118
50 123
50 135
50 140
50 143
50 147
50 154
50 157
50 158
51 0
51 1
51 40
51 41
51 53
51 55
51 56
51 64
51 77
51 83
51 84
51 86
51 90
51 102
51 103
51 109
51 114
51 121
51 123
51 134
51 146
51 155
51 156
52 0
52 7
52 9
52 17
52 24
52 36
52 39
52 43
52 45
52 80
52 88
52 104
52 105
52 129
52 135
52 136
52 141
52 145
52 147
53 4
53 12
53 27
53 32
53 38
53 48
53 51
53 58
53 76
53 89
53 90
53 93
53 95
53 104
53 108
53 111
53 128
53 130
53 133
53 135
53 144
53 146
53 151
53 155
53 158
54 2
54 9
54 13
54 29
54 31
54 50
54 57
54 61
54 62
54 72
54 73
54 84
54 88
54 110
54 113
54 130
54 137
54 142
54 150
54 155
54 158
55 2
55 8
55 12
55 23
55 27
55 30
55 32
55 34
55 51
55 53
55 56
55 58
55 64
55 71
55 76
55 80
55 85
55 93
55 101
55 105
55 121
55 135
55 140
55 147
55 152
55 155
56 1
56 12
56 13
56 14
56 21
56 24
56 31
56 38
56 40
56 51
56 59
56 63
56 65
56 69
56 73
56 74
56 77
56 95
56 102
56 110
56 121
56 143
56 148
56 155
57 30
57 32
57 34
57 35
57 36
57 45
57 46
57 49
57 50
57 51
57 54
57 63
57 74
57 75
57 80
57 81
57 94
57 95
57 98
57 105
57 110
57 117
57 120
57 123
57 132
57 147
57 150
57 154
57 157
58 1
58 12
58 22
58 23
58 25
58 43
58 53
58 55
58 79
58 98
58 100
58 111
58 113
58 127
58 136
58 137
58 140
58 150
59 2
59 3
59 7
59 19
59 24
59 28
59 35
59 36
59 56
59 64
59 68
59 72
59 90
59 103
59 123
59 131
59 132
59 136
59 137
59 159
60 14
60 22
60 24
60 34
60 38
60 39
60 50
60 65
60 68
60 70
60 71
60 79
60 87
60 94
60 97
60 98
60 101
60 109
60 126
60 131
60 138
60 140
60 143
60 146
60 148
60 157
61 3
61 12
61 15
61 17
61 23
61 35
61 54
61 57
61 67
61 71
61 73
61 82
61 87
61 91
61 113
61 126
61 130
61 136
62 1
62 4
62 21
62 32
62 39
62 46
62 50
62 59
62 67
62 74
62 76
62 79
62 82
62 90
62 92
62 110
62 115
62 116
62 128
62 131
62 132
62 133
62 135
62 146
62 151
62 153
62 156
63 1
63 2
63 17
63 20
63 27
63 30
63 43
63 47
63 48
63 56
63 57
63 64
63 71
63 79
63 85
63 91
63 104
63 105
63 114
63 116
63 118
63 121
63 126
63 130
63 136
63 143
63 148
63 156
64 3
64 8
64 12
64 25
64 28
64 31
64 39
64 51
64 59
64 67
64 74
64 79
64 81
64 88
64 91
64 92
64 94
64 95
64 98
64 113
64 114
64 139
64 140
64 151
64 157
65 7
65 15
65 37
65 44
65 45
65 47
65 51
65 56
65 58
65 79
65 85
65 87
65 88
65 97
65 109
65 112
65 113
65 123
65 126
65 132
65 138
65 142
65 143
66 5
66 11
66 27
66 33
66 36
66 42
66 64
66 69
66 70
66 73
66 77
66 84
66 85
66 91
66 102
66 105
66 107
66 108
66 119
66 125
66 134
66 143
66 145
66 149
66 157
67 11
67 18
67 47
67 50
67 62
67 64
67 66
67 68
67 76
67 98
67 99
67 101
67 102
67 113
67 115
67 117
67 118
67 127
67 132
67 153
67 154
68 7
68 10
68 19
68 44
68 59
68 60
68 65
68 67
68 74
68 75
68 81
68 83
68 85
68 94
68 96
68 102
68 103
68 104
68 124
68 135
68 154
69 6
69 11
69 14
69 23
69 30
69 31
69 33
69 34
69 40
69 46
69 56
69 66
69 77
69 85
69 104
69 106
69 107
69 113
69 119
69 128
69 132
69 139
69 144
69 147
69 151
70 2
70 5
70 8
70 13
70 14
70 20
70 22
70 35
70 39
70 44
70 50
70 66
70 82
70 107
70 120
70 123
70 130
70 133
70 137
70 143
70 149
70 152
71 16
71 18
71 26
71 32
71 38
71 40
71 41
71 44
71 55
71 60
71 61
71 74
71 76
71 77
71 82
71 84
71 102
71 106
71 107
71 111
71 120
71 121
71 125
71 134
71 136
71 143
71 144
71 149
71 151
71 158
71 159
72 0
72 4
72 6
72 16
72 33
72 43
72 44
72 51
72 52
72 54
72 58
72 59
72 89
72 92
72 98
72 103
72 106
72 115
72 118
72 145
72 150
72 154
73 6
73 18
73 19
73 36
73 45
73 46
73 54
73 56
73 61
73 66
73 71
73 80
73 87
73 99
73 100
73 101
73 105
73 115
73 118
73 120
73 124
73 125
73 128
73 129
73 134
73 136
73 139
73 142
74 1
74 10
74 18
74 23
74 28
74 36
74 38
74 42
74 44
74 48
74 54
74 56
74 57
74 61
74 64
74 68
74 70
74 71
74 80
74 89
74 105
74 109
74 110
74 112
74 117
74 123
74 124
74 125
74 141
74 159
75 0
75 1
75 4
75 5
75 9
75 21
75 26
75 33
75 37
75 57
75 60
75 68
75 85
75 87
75 95
75 117
75 118
75 122
75 124
75 134
75 141
75 144
75 145
75 149
75 150
75 154
76 6
76 15
76 18
76 36
76 39
76 45
76 47
76 49
76 53
76 55
76 62
76 67
76 82
76 87
76 93
76 98
76 103
76 109
76 115
76 120
76 130
76 132
76 134
76 135
76 138
76 139
76 143
77 7
77 17
77 18
77 19
77 23
77 32
77 34
77 40
77 41
77 45
77 47
77 56
77 66
77 71
77 90
77 94
77 109
77 111
77 119
77 136
78 8
78 9
78 10
78 33
78 34
78 36
78 63
78 82
78 83
78 86
78 91
78 116
78 124
78 125
78 126
78 127
78 134
78 150
78 156
79 3
79 11
79 17
79 22
79 28
79 31
79 53
79 56
79 58
79 60
79 63
79 64
79 81
79 85
79 89
79 98
79 99
79 101
79 118
79 120
79 126
79 127
79 129
79 131
79 137
79 139
79 144
80 0
80 2
80 13
80 19
80 27
80 39
80 46
80 47
80 48
80 52
80 55
80 75
80 84
80 101
80 103
80 128
80 132
80 135
80 139
80 140
80 147
80 154
80 158
81 2
81 3
81 8
81 11
81 16
81 24
81 39
81 47
81 64
81 68
81 71
81 76
81 78
81 80
81 85
81 89
81 93
81 106
81 113
81 114
81 117
81 120
81 123
81 126
81 130
81 134
81 135
81 137
81 151
81 157
81 158
82 18
82 19
82 32
82 41
82 45
82 46
82 47
82 49
82 62
82 71
82 76
82 78
82 87
82 88
82 92
82 96
82 102
82 104
82 108
82 112
82 114
82 127
82 129
82 140
82 142
82 152
83 0
83 4
83 6
83 8
83 23
83 31
83 47
83 48
83 61
83 68
83 78
83 81
83 86
83 90
83 101
83 127
83 131
83 137
83 144
83 148
83 152
84 0
84 3
84 9
84 16
84 20
84 29
84 40
84 46
84 49
84 51
84 53
84 64
84 66
84 92
84 104
84 113
84 114
84 123
84 136
84 138
84 140
84 153
85 3
85 9
85 11
85 14
85 24
85 30
85 31
85 33
85 34
85 41
85 45
85 50
85 65
85 68
85 69
85 74
85 75
85 92
85 96
85 131
85 155
85 158
86 0
86 17
86 34
86 36
86 47
86 51
86 71
86 78
86 83
86 91
86 93
86 110
86 121
86 128
86 130
86 135
86 139
86 142
86 146
86 153
86 155
86 158
87 1
87 5
87 11
87 23
87 35
87 36
87 40
87 60
87 65
87 73
87 75
87 76
87 82
87 97
87 117
87 127
87 129
87 137
87 149
87 152
88 1
88 8
88 9
88 13
88 21
88 25
88 28
88 40
88 41
88 42
88 52
88 64
88 65
88 72
88 78
88 105
88 117
88 124
88 129
88 133
88 137
88 138
88 144
89 5
89 9
89 10
89 13
89 21
89 32
89 43
89 62
89 79
89 81
89 86
89 88
89 93
89 103
89 106
89 115
89 121
89 122
89 134
89 147
89 159
90 4
90 5
90 29
90 32
90 36
90 38
90 48
90 52
90 53
90 55
90 58
90 59
90 67
90 72
90 77
90 78
90 83
90 93
90 98
90 108
90 110
90 126
90 139
90 149
90 150
91 23
91 24
91 27
91 28
91 31
91 61
91 63
91 64
91 66
91 70
91 73
91 86
91 93
91 96
91 106
91 115
91 124
91 126
91 134
91 141
91 143
91 154
92 0
92 1
92 8
92 14
92 23
92 30
92 44
92 47
92 49
92 57
92 64
92 68
92 69
92 77
92 80
92 82
92 84
92 85
92 94
92 106
92 112
92 116
92 124
92 125
92 135
92 142
92 147
92 149
92 153
92 154
92 155
92 156
93 3
93 10
93 19
93 27
93 35
93 40
93 41
93 47
93 48
93 55
93 67
93 76
93 89
93 91
93 107
93 111
93 117
93 118
93 119
93 126
93 129
93 133
93 151
93 154
93 157
94 2
94 4
94 10
94 14
94 19
94 21
94 23
94 36
94 43
94 52
94 57
94 64
94 65
94 66
94 77
94 81
94 101
94 126
94 130
94 131
94 134
94 136
94 154
95 1
95 7
95 17
95 25
95 29
95 37
95 56
95 57
95 64
95 85
95 94
95 112
95 114
95 118
95 121
95 130
95 141
95 146
95 149
96 1
96 5
96 8
96 19
96 21
96 24
96 36
96 41
96 42
96 44
96 57
96 61
96 81
96 85
96 112
96 113
96 119
96 131
96 135
96 141
96 142
96 145
96 147
96 153
96 158
97 18
97 26
97 29
97 32
97 34
97 37
97 62
97 68
97 75
97 77
97 87
97 111
97 113
97 120
97 125
97 133
97 135
97 138
97 152
97 155
98 0
98 6
98 20
98 37
98 58
98 64
98 67
98 69
98 76
98 79
98 90
98 110
98 116
98 117
98 122
98 127
98 130
98 132
98 135
98 144
99 0
99 1
99 3
99 23
99 26
99 28
99 50
99 55
99 67
99 71
99 79
99 102
99 124
99 132
99 136
99 140
99 142
99 145
99 153
99 154
99 158
100 0
100 5
100 6
100 13
100 30
100 32
100 36
100 38
100 41
100 66
100 69
100 73
100 83
100 111
100 112
100 114
100 118
100 134
100 140
100 144
100 149
101 7
101 19
101 36
101 37
101 38
101 44
101 46
101 55
101 67
101 79
101 104
101 109
101 117
101 120
101 137
101 141
101 142
101 146
102 8
102 12
102 14
102 18
102 19
102 23
102 24
102 28
102 51
102 56
102 59
102 64
102 66
102 67
102 68
102 82
102 93
102 99
102 101
102 104
102 123
102 124
102 125
102 129
102 133
102 140
102 141
102 144
102 149
102 152
102 155
102 159
103 8
103 10
103 22
103 26
103 28
103 30
103 36
103 39
103 46
103 51
103 68
103 72
103 76
103 77
103 82
103 89
103 99
103 104
103 105
103 114
103 116
103 128
103 130
103 131
103 132
103 138
103 140
103 144
103 150
103 155
104 0
104 18
104 21
104 22
104 25
104 31
104 40
104 44
104 47
104 68
104 102
104 103
104 116
104 118
104 122
104 129
104 142
104 151
104 156
104 157
105 8
105 11
105 17
105 20
105 27
105 28
105 29
105 33
105 37
105 41
105 52
105 55
105 57
105 63
105 74
105 96
105 107
105 108
105 113
105 119
105 124
105 125
105 134
105 144
105 145
105 156
106 5
106 9
106 14
106 19
106 21
106 32
106 33
106 39
106 47
106 50
106 69
106 71
106 89
106 92
106 129
106 131
106 148
106 149
106 151
106 157
107 3
107 16
107 18
107 20
107 27
107 31
107 37
107 39
107 40
107 47
107 48
107 66
107 69
107 71
107 72
107 105
107 122
107 128
107 129
107 131
107 132
107 140
107 152
107 154
107 155
108 10
108 17
108 27
108 29
108 35
108 38
108 41
108 48
108 50
108 53
108 61
108 66
108 84
108 90
108 105
108 115
108 124
108 126
108 139
108 141
108 142
108 150
108 155
109 1
109 8
109 46
109 60
109 61
109 63
109 77
109 101
109 110
109 114
109 120
109 153
109 158
110 6
110 8
110 9
110 17
110 28
110 30
110 32
110 41
110 44
110 45
110 64
110 74
110 84
110 86
110 90
110 102
110 107
110 109
110 118
110 122
110 123
110 132
110 144
110 145
110 153
110 154
110 157
110 159
111 3
111 7
111 11
111 18
111 23
111 25
111 27
111 28
111 31
111 33
111 37
111 53
111 58
111 70
111 71
111 93
111 97
111 100
111 105
111 114
111 123
111 135
111 149
111 151
111 152
111 158
112 8
112 14
112 21
112 40
112 47
112 51
112 56
112 73
112 74
112 78
112 80
112 92
112 95
112 96
112 100
112 117
112 131
112 134
112 137
112 140
112 143
112 144
112 148
112 155
112 159
113 1
113 3
113 20
113 27
113 28
113 34
113 42
113 58
113 61
113 64
113 65
113 66
113 71
113 74
113 84
113 97
113 114
113 122
113 130
113 132
113 133
113 135
113 137
113 140
113 153
113 156
113 157
114 4
114 7
114 14
114 18
114 22
114 28
114 29
114 36
114 37
114 40
114 45
114 63
114 81
114 82
114 84
114 91
114 95
114 96
114 97
114 103
114 108
114 109
114 111
114 113
114 118
114 134
114 137
114 140
114 149
114 151
115 0
115 9
115 13
115 15
115 17
115 33
115 42
115 59
115 62
115 67
115 69
115 72
115 73
115 78
115 89
115 91
115 108
115 111
115 134
115 138
115 149
116 36
116 43
116 62
116 75
116 76
116 78
116 79
116 85
116 87
116 91
116 92
116 103
116 104
116 124
116 131
116 132
116 133
116 150
116 156
117 0
117 2
117 8
117 11
117 16
117 18
117 19
117 24
117 36
117 40
117 42
117 67
117 74
117 75
117 86
117 87
117 88
117 93
117 105
117 112
117 119
117 124
117 128
117 129
117 139
117 146
117 154
118 11
118 24
118 28
118 34
118 36
118 50
118 59
118 63
118 67
118 72
118 73
118 77
118 79
118 90
118 93
118 95
118 97
118 100
118 122
118 123
118 137
118 143
118 147
118 153
118 155
118 157
119 9
119 20
119 33
119 35
119 36
119 43
119 45
119 47
119 66
119 77
119 86
119 93
119 96
119 104
119 105
119 146
119 156
119 158
120 0
120 3
120 9
120 20
120 25
120 44
120 56
120 57
120 76
120 81
120 89
120 93
120 108
120 121
120 129
120 136
120 139
120 150
120 155
120 159
121 2
121 13
121 26
121 35
121 41
121 43
121 62
121 63
121 86
121 89
121 94
121 95
121 120
121 122
121 127
121 135
121 140
121 154
122 8
122 21
122 22
122 24
122 31
122 33
122 55
122 72
122 75
122 78
122 89
122 98
122 104
122 110
122 113
122 118
122 121
122 127
122 128
122 131
122 134
122 137
122 147
122 153
122 154
122 155
123 8
123 13
123 15
123 18
123 21
123 23
123 25
123 27
123 38
123 50
123 51
123 53
123 65
123 70
123 74
123 84
123 118
123 128
123 145
123 146
123 150
124 2
124 10
124 11
124 21
124 23
124 26
124 29
124 33
124 34
124 43
124 45
124 58
124 68
124 73
124 74
124 75
124 77
124 78
124 91
124 92
124 105
124 107
124 108
124 116
124 117
124 120
124 138
124 155
124 159
125 8
125 13
125 21
125 23
125 26
125 27
125 65
125 66
125 70
125 73
125 74
125 85
125 92
125 97
125 102
125 105
125 109
125 112
125 126
125 147
125 150
125 152
126 1
126 10
126 16
126 37
126 40
126 45
126 46
126 59
126 60
126 61
126 63
126 65
126 68
126 78
126 91
126 94
126 108
126 121
126 128
126 135
126 143
126 146
126 156
126 158
127 1
127 4
127 9
127 14
127 18
127 25
127 27
127 38
127 41
127 54
127 56
127 67
127 78
127 79
127 82
127 83
127 84
127 87
127 88
127 104
127 109
127 122
127 137
127 141
127 148
127 153
127 154
127 156
128 0
128 4
128 9
128 11
128 20
128 53
128 55
128 62
128 73
128 83
128 86
128 99
128 107
128 117
128 119
128 120
128 123
128 126
128 138
128 142
128 146
128 148
129 10
129 16
129 21
129 35
129 45
129 58
129 69
129 71
129 73
129 82
129 87
129 88
129 102
129 104
129 105
129 111
129 117
129 131
129 136
129 141
129 145
129 146
129 154
130 5
130 11
130 18
130 22
130 43
130 53
130 59
130 63
130 73
130 76
130 80
130 81
130 82
130 94
130 95
130 103
130 104
130 113
130 143
130 146
130 151
130 154
131 0
131 1
131 13
131 18
131 27
131 33
131 36
131 39
131 59
131 62
131 79
131 85
131 91
131 94
131 96
131 103
131 106
131 107
131 112
131 114
131 116
131 122
131 123
131 129
131 137
131 141
131 148
131 152
131 157
132 4
132 5
132 8
132 31
132 35
132 41
132 48
132 55
132 59
132 65
132 67
132 69
132 76
132 98
132 99
132 103
132 110
132 113
132 114
132 127
132 150
132 154
133 4
133 6
133 9
133 14
133 16
133 17
133 21
133 23
133 34
133 36
133 46
133 47
133 51
133 53
133 70
133 72
133 82
133 93
133 102
133 106
133 113
133 116
133 117
133 136
133 142
133 143
134 0
134 5
134 7
134 8
134 14
134 16
134 26
134 33
134 34
134 37
134 38
134 44
134 45
134 51
134 66
134 71
134 76
134 78
134 89
134 91
134 100
134 105
134 106
134 112
134 114
134 115
134 136
134 140
134 146
134 148
134 158
135 2
135 4
135 24
135 27
135 40
135 46
135 50
135 53
135 55
135 68
135 76
135 80
135 86
135 92
135 97
135 98
135 101
135 111
135 113
135 114
135 116
135 120
135 121
135 126
135 137
135 140
135 143
135 148
135 150
135 157
136 7
136 8
136 11
136 25
136 39
136 40
136 49
136 52
136 59
136 63
136 73
136 84
136 99
136 101
136 120
136 127
136 129
136 131
136 134
136 138
136 149
136 153
137 1
137 3
137 14
137 38
137 40
137 48
137 54
137 58
137 59
137 63
137 81
137 88
137 112
137 114
137 118
137 127
137 131
137 133
137 135
137 139
137 144
137 147
137 148
138 5
138 6
138 11
138 12
138 22
138 29
138 34
138 44
138 51
138 58
138 65
138 67
138 78
138 84
138 88
138 97
138 101
138 108
138 115
138 124
138 128
138 132
138 133
138 140
138 144
138 149
139 2
139 3
139 11
139 13
139 17
139 23
139 36
139 38
139 40
139 43
139 45
139 60
139 62
139 63
139 64
139 73
139 74
139 79
139 90
139 95
139 108
139 117
139 120
139 127
139 128
139 133
139 137
139 147
139 155
140 0
140 14
140 16
140 21
140 29
140 34
140 50
140 55
140 60
140 64
140 76
140 78
140 80
140 82
140 83
140 84
140 90
140 100
140 102
140 103
140 107
140 112
140 113
140 114
140 121
140 134
140 138
140 144
140 149
140 159
141 2
141 5
141 12
141 14
141 18
141 20
141 27
141 29
141 30
141 34
141 42
141 49
141 74
141 75
141 95
141 96
141 98
141 101
141 102
141 108
141 127
141 129
141 131
141 151
141 152
141 157
142 2
142 7
142 10
142 16
142 18
142 39
142 54
142 62
142 65
142 69
142 78
142 82
142 92
142 99
142 101
142 108
142 120
142 121
142 128
142 136
142 147
143 19
143 50
143 55
143 56
143 61
143 63
143 65
143 66
143 70
143 76
143 88
143 91
143 111
143 112
143 115
143 118
143 126
143 130
143 133
143 136
143 145
144 13
144 17
144 19
144 24
144 30
144 39
144 42
144 53
144 64
144 67
144 71
144 75
144 83
144 88
144 102
144 103
144 105
144 110
144 112
144 125
144 151
144 152
144 156
145 4
145 5
145 9
145 16
145 24
145 46
145 52
145 54
145 63
145 72
145 75
145 78
145 96
145 110
145 111
145 123
145 129
145 143
145 147
146 2
146 3
146 9
146 20
146 32
146 34
146 40
146 44
146 51
146 53
146 60
146 62
146 86
146 95
146 99
146 105
146 118
146 123
146 126
146 134
146 142
146 151
146 154
146 158
146 159
147 4
147 12
147 19
147 27
147 35
147 40
147 42
147 46
147 48
147 50
147 52
147 60
147 62
147 69
147 72
147 89
147 92
147 94
147 96
147 103
147 105
147 118
147 139
147 142
147 145
147 151
147 156
148 3
148 17
148 38
148 54
148 63
148 76
148 103
148 105
148 106
148 116
148 128
148 131
148 132
148 134
148 137
148 151
149 1
149 2
149 7
149 12
149 16
149 17
149 24
149 27
149 29
149 33
149 35
149 58
149 70
149 71
149 83
149 87
149 90
149 100
149 114
149 115
149 118
149 140
149 150
149 155
149 156
150 10
150 12
150 27
150 38
150 57
150 68
150 72
150 78
150 103
150 123
150 125
150 132
150 135
150 136
150 149
150 157
151 21
151 23
151 29
151 35
151 36
151 37
151 42
151 53
151 64
151 71
151 75
151 93
151 111
151 115
151 126
151 130
151 138
151 141
151 144
151 146
151 147
151 158
152 9
152 10
152 26
152 29
152 33
152 40
152 63
152 70
152 74
152 77
152 83
152 87
152 97
152 101
152 107
152 111
152 124
152 128
152 146
152 149
152 150
152 153
152 158
153 11
153 13
153 22
153 26
153 28
153 34
153 58
153 82
153 84
153 86
153 92
153 99
153 100
153 110
153 118
153 121
153 122
153 127
153 139
154 1
154 21
154 28
154 35
154 36
154 39
154 63
154 68
154 72
154 79
154 80
154 89
154 91
154 92
154 93
154 94
154 95
154 107
154 115
154 121
154 127
154 128
154 146
154 155
155 6
155 17
155 20
155 39
155 48
155 51
155 54
155 56
155 71
155 86
155 92
155 102
155 103
155 107
155 108
155 112
155 133
155 139
155 142
155 149
155 154
155 158
156 3
156 11
156 19
156 31
156 36
156 51
156 63
156 78
156 97
156 105
156 112
156 116
156 119
156 125
156 141
156 144
156 147
156 158
157 3
157 8
157 11
157 12
157 16
157 17
157 24
157 32
157 35
157 52
157 53
157 64
157 66
157 75
157 93
157 106
157 110
157 111
157 131
157 135
157 141
157 150
157 152
158 3
158 8
158 11
158 12
158 31
158 34
158 53
158 54
158 71
158 72
158 74
158 80
158 81
158 85
158 86
158 89
158 92
158 94
158 99
158 100
158 111
158 119
158 126
158 129
158 134
158 149
158 151
158 152
158 156
159 0
159 1
159 12
159 14
159 17
159 19
159 21
159 22
159 24
159 37
159 40
159 41
159 42
159 61
159 69
159 74
159 76
159 78
159 89
159 91
159 97
159 98
159 99
159 102
159 110
159 112
159 118
159 120
159 124
159 146
0 1 2 3 4 5 6 7 8 9 10 11 12 13 14 15 16 17 18 19 20 21 22 23 24 25 26 27 28 29 30 31 32 33 34 35 36 37 38 39
