160 360 12
0 54
0 130
0 132
0 150
1 99
2 15
2 76
2 93
2 152
3 26
4 17
4 95
4 138
5 60
5 105
5 137
6 27
6 40
6 54
6 74
6 120
6 130
7 31
7 100
8 18
8 122
8 150
8 151
9 91
10 26
11 74
11 153
12 156
13 17
13 54
13 65
13 82
13 109
13 121
14 52
14 121
15 2
15 105
16 68
17 4
17 13
18 8
19 89
19 110
20 69
22 13
22 40
23 54
24 62
24 72
24 73
24 139
25 125
26 10
26 33
26 39
26 69
27 6
27 67
27 86
27 101
27 117
27 144
28 29
28 142
29 28
29 37
29 103
30 57
30 67
30 68
30 83
30 117
31 7
31 63
32 86
32 93
33 26
34 62
34 86
34 99
34 116
34 155
35 88
35 118
36 87
36 114
36 148
36 158
37 29
37 103
38 16
38 43
38 64
38 74
38 103
39 8
39 26
39 77
39 125
39 136
40 6
40 56
40 121
40 153
41 48
41 150
42 65
42 88
43 38
43 82
43 106
43 111
44 11
44 122
44 145
45 59
45 117
45 153
46 21
48 41
48 85
48 112
48 133
48 157
49 38
49 86
50 10
51 67
52 14
52 80
52 82
52 88
53 129
54 0
54 6
54 23
54 135
54 137
55 113
57 154
58 104
58 127
59 45
59 93
60 5
61 40
61 95
62 23
62 24
62 34
63 31
63 78
64 38
65 13
65 42
65 47
65 85
67 30
67 45
67 136
67 140
67 141
68 132
69 20
69 26
69 137
70 154
71 99
71 107
71 142
72 77
72 91
73 24
73 129
73 153
74 6
74 27
74 123
75 13
75 150
76 73
77 0
77 39
77 44
77 80
77 86
77 123
77 138
77 147
77 156
78 25
79 26
79 117
79 128
82 9
82 52
82 118
83 30
84 1
84 97
84 150
85 65
86 14
86 27
86 32
86 34
86 49
86 77
88 3
88 35
88 42
88 52
89 34
89 48
89 106
90 159
91 134
93 32
93 59
94 136
95 4
95 61
96 36
96 38
96 109
98 99
99 1
99 4
99 34
99 58
99 71
99 98
100 7
100 142
101 27
102 34
102 108
102 158
103 16
103 29
103 38
103 155
104 58
104 115
105 5
105 15
105 21
105 137
106 43
106 89
106 102
107 71
107 82
108 102
109 13
109 96
109 135
110 19
110 125
110 126
111 43
112 48
113 55
115 104
115 117
116 9
116 34
116 40
116 53
116 81
116 127
117 27
117 30
117 45
117 66
117 78
118 138
119 152
120 6
120 153
121 13
121 40
122 44
122 150
123 74
124 147
125 8
125 39
126 110
126 141
128 15
128 21
128 79
129 53
129 73
129 119
130 0
130 6
131 143
131 151
132 0
134 141
135 51
135 109
136 67
137 5
137 54
137 69
137 105
138 4
139 24
139 39
139 126
141 19
141 67
141 103
141 126
141 134
142 35
142 71
142 100
143 55
143 92
145 44
146 142
146 159
147 77
147 124
149 26
150 0
150 8
150 75
150 84
150 156
151 8
152 2
152 52
152 119
153 11
153 40
153 45
153 73
153 155
155 34
155 62
155 137
155 153
156 77
156 150
158 102
158 143
159 90
159 121
159 146
0 1 2 3 4 5 6 7 8 9 10 11
