160 479 7
0 43
0 61
0 63
0 75
0 84
0 94
0 119
0 126
0 148
0 151
1 42
1 46
1 53
1 59
1 63
1 77
1 136
1 158
2 10
2 29
2 33
2 38
2 53
3 101
3 142
4 90
4 119
4 125
5 34
5 156
6 66
6 75
6 115
7 69
8 70
8 126
10 2
10 24
10 49
10 127
11 5
11 49
11 68
11 121
13 118
13 144
14 17
15 22
16 101
16 135
17 1
17 14
17 52
17 57
17 130
18 30
18 88
18 93
18 100
18 135
19 113
19 144
20 6
20 34
20 62
20 81
21 56
21 71
21 151
21 153
21 158
22 15
22 89
22 117
23 103
23 138
24 46
24 108
25 8
25 19
25 57
26 16
26 33
26 57
26 115
27 78
27 95
27 146
28 103
28 155
29 2
30 18
30 134
31 9
31 50
31 133
32 6
32 62
32 86
33 2
33 26
33 51
33 61
33 114
33 124
33 143
34 20
34 35
34 90
34 124
34 146
35 64
35 81
35 86
35 127
36 17
36 43
36 53
36 54
36 155
37 103
37 147
38 2
38 130
39 16
39 59
39 134
40 52
40 100
41 50
41 94
42 1
42 5
42 92
42 155
43 0
43 40
43 56
43 66
43 120
44 46
44 59
44 67
44 103
45 19
45 55
45 102
46 1
46 24
46 60
46 122
46 149
47 158
49 10
49 11
49 124
50 11
50 103
50 145
51 1
51 33
51 98
52 17
52 40
52 99
53 1
53 2
53 36
54 15
54 36
54 82
55 45
56 21
56 43
56 115
56 130
57 25
57 26
57 27
57 99
57 101
57 119
58 69
58 83
58 146
59 0
59 1
59 39
59 44
59 62
59 90
59 108
59 114
60 46
60 93
60 99
60 130
61 0
61 34
61 110
61 122
62 20
62 39
62 59
62 85
62 115
63 0
63 1
63 97
64 35
64 96
64 150
64 152
65 149
66 18
66 43
66 106
66 158
67 44
67 104
67 140
68 29
69 7
69 33
69 58
69 70
69 108
70 69
70 74
70 126
71 72
71 76
72 71
72 95
72 98
72 105
73 92
73 112
73 122
73 138
74 62
74 70
74 90
75 0
75 6
75 26
75 99
76 132
77 1
77 122
77 123
78 27
80 106
80 107
80 118
82 139
83 0
83 58
83 98
84 0
84 131
84 158
85 159
86 32
86 35
86 108
86 121
87 78
87 96
87 100
87 115
88 4
89 22
90 74
91 84
91 97
91 117
91 130
91 139
93 18
93 146
93 155
93 157
94 0
94 41
95 27
95 72
95 73
95 94
95 103
95 147
96 64
96 123
96 129
97 63
97 91
97 143
98 69
98 83
98 103
99 52
99 57
99 60
99 65
99 75
99 132
99 133
99 149
100 18
101 3
101 44
101 84
101 105
101 141
102 38
102 43
102 138
103 23
103 37
103 74
103 98
104 67
105 101
105 127
106 66
106 80
106 132
107 80
107 136
108 24
108 59
108 86
109 4
110 79
110 130
111 28
111 82
112 36
112 73
112 116
112 123
113 14
113 143
114 33
114 34
114 48
114 145
115 26
115 56
115 87
115 104
115 126
116 43
116 112
117 91
117 146
118 80
118 103
119 4
120 34
120 43
120 136
121 11
121 86
121 102
121 136
121 159
122 46
122 61
122 79
122 124
123 44
123 77
123 96
123 135
124 33
124 34
124 49
124 122
124 125
125 4
125 115
125 124
126 8
126 70
126 73
126 115
127 10
127 35
127 42
127 114
127 156
128 95
129 96
129 157
130 17
130 38
130 56
130 60
130 67
130 91
130 110
131 101
131 157
132 11
132 32
132 106
132 134
134 132
135 16
135 18
135 109
135 123
135 147
135 153
136 1
136 107
136 120
136 143
136 157
137 61
137 98
137 116
138 23
138 102
139 13
139 46
139 82
139 123
140 67
140 116
141 101
141 144
142 3
142 12
142 19
143 33
143 97
143 136
143 145
143 156
144 19
144 155
145 50
145 143
146 27
146 34
146 58
146 93
146 117
147 37
147 57
147 95
148 0
148 102
149 99
150 64
151 21
151 99
151 138
152 60
153 21
153 111
153 135
154 119
155 36
156 5
157 93
157 129
157 131
157 136
157 147
158 1
158 47
158 66
158 84
159 85
159 121
159 157
0 1 2 3 4 5 6
