160 360 7
0 6
0 34
0 39
0 96
0 121
0 129
0 155
1 21
1 75
1 101
2 132
2 139
3 56
3 69
4 82
4 141
4 145
4 150
5 6
6 0
6 5
6 85
6 156
7 107
8 81
8 122
9 13
9 60
9 120
10 86
11 115
12 79
13 9
13 62
13 93
13 111
13 125
13 140
14 17
14 110
14 143
15 27
15 145
16 129
17 0
17 13
17 14
17 76
17 146
19 86
19 101
20 102
23 115
24 14
24 73
25 63
25 147
26 88
27 15
27 103
28 9
28 33
28 71
29 140
30 89
31 114
32 48
32 81
32 87
32 95
32 122
33 54
33 111
34 0
34 42
34 101
35 38
35 85
36 2
36 41
36 88
37 76
37 150
38 35
38 44
38 119
38 155
39 0
39 128
39 148
40 117
41 36
41 138
41 146
42 34
42 137
43 139
44 38
44 71
45 78
45 123
46 122
47 135
48 32
48 79
48 159
49 66
49 109
49 149
50 16
50 137
52 21
52 65
52 74
52 116
52 155
53 97
54 61
54 123
55 31
55 77
55 134
56 3
56 90
56 103
56 155
58 107
59 76
61 54
61 80
61 143
62 11
62 63
62 71
62 99
62 123
62 147
63 12
63 25
63 72
64 100
65 52
66 49
67 79
67 149
68 71
69 3
69 57
70 71
71 28
71 60
71 68
71 70
71 93
71 127
71 142
71 158
72 63
72 136
73 24
74 39
74 52
74 97
75 1
75 31
75 117
76 17
76 37
76 59
77 55
77 113
77 117
77 138
77 143
79 12
79 67
79 102
80 106
80 155
81 8
81 32
81 42
81 83
81 156
82 4
83 56
83 81
83 96
83 145
84 22
84 47
84 76
85 6
85 20
86 10
86 99
86 107
87 32
88 24
88 26
88 36
88 99
88 103
88 129
88 134
89 30
89 118
90 56
90 101
91 132
92 159
93 13
94 117
94 124
94 144
95 110
95 133
96 0
96 115
96 151
97 53
97 108
98 153
99 0
99 62
99 86
99 88
99 100
99 128
99 135
100 64
100 71
100 99
101 19
101 121
102 20
102 61
102 79
102 135
103 27
103 56
103 88
105 85
105 115
105 154
107 7
107 58
107 86
107 132
107 155
108 48
108 129
109 49
109 140
110 145
111 33
111 142
112 94
112 118
113 77
114 146
115 96
116 52
116 104
116 122
117 17
117 40
117 50
117 70
117 75
117 158
118 9
119 38
119 125
120 9
120 22
120 130
120 132
120 136
120 150
121 0
121 65
121 101
122 8
122 17
122 32
122 46
123 31
124 94
125 13
125 119
126 62
127 27
127 71
128 39
128 99
128 148
129 0
129 39
129 94
130 120
131 13
132 2
132 91
132 98
132 107
132 143
133 95
134 55
134 88
135 12
135 47
135 94
135 99
135 102
136 72
138 41
138 77
139 2
140 29
140 66
140 109
141 4
141 42
141 51
141 73
143 14
143 61
143 132
145 4
145 15
145 117
146 114
148 39
148 128
150 4
150 37
150 51
150 120
151 96
151 113
152 126
152 156
153 121
154 105
155 18
155 38
155 56
155 80
155 107
156 6
156 81
156 152
157 2
157 99
157 119
157 123
158 71
159 48
159 92
0 1 2 3 4 5 6
