160 1198 24
0 1
0 53
0 59
0 60
0 63
0 75
0 77
0 83
0 84
0 89
0 111
0 119
0 126
0 148
0 151
1 0
1 9
1 17
1 42
1 46
1 51
1 53
1 59
1 63
1 77
1 97
1 151
2 10
2 26
2 33
2 48
2 126
2 141
3 17
3 63
3 101
3 112
3 137
3 142
4 11
4 40
4 90
4 109
4 134
5 11
5 34
5 58
5 117
5 156
6 8
6 20
6 21
6 32
6 38
6 42
6 66
6 69
6 117
6 154
7 9
7 54
7 69
7 72
7 77
7 80
7 132
7 145
7 146
8 6
8 12
8 25
8 29
8 55
8 61
8 65
8 70
8 94
8 126
9 1
9 7
9 13
9 20
9 21
9 31
9 121
10 2
10 14
10 24
10 30
10 38
10 49
10 98
10 112
11 4
11 18
11 20
11 49
11 50
11 78
11 121
11 132
11 137
11 146
11 157
12 42
12 98
12 99
12 130
12 144
13 9
13 37
13 86
13 118
13 122
13 144
14 17
14 53
14 87
14 108
14 113
15 22
15 36
15 42
15 54
15 73
15 89
15 148
16 39
16 48
16 59
16 89
16 101
16 123
16 135
17 1
17 14
17 36
17 52
17 57
17 62
17 75
17 84
17 98
17 99
17 104
17 121
17 130
18 11
18 30
18 55
18 66
18 75
18 88
18 93
18 100
18 117
18 135
18 140
18 153
18 155
19 32
19 45
19 59
19 94
19 113
19 123
19 134
19 142
19 143
19 144
20 9
20 11
20 37
20 62
20 81
20 98
20 116
20 118
20 146
21 6
21 9
21 26
21 56
21 66
21 71
21 151
21 153
22 38
22 52
22 58
22 89
22 105
22 117
23 103
23 115
23 120
23 156
24 46
24 117
25 8
25 17
25 19
25 31
25 57
25 63
25 77
25 100
25 113
25 142
26 2
26 16
26 21
26 33
26 45
26 57
26 73
26 75
26 99
26 115
26 135
27 55
27 57
27 78
27 95
27 109
27 155
28 39
28 45
28 80
28 111
29 2
29 8
29 18
29 68
30 18
30 89
30 95
30 102
30 147
31 19
31 25
31 50
31 87
31 96
32 6
32 35
32 86
32 116
32 132
33 26
33 51
33 61
33 69
33 114
33 124
33 129
33 135
33 141
33 143
33 150
34 5
34 6
34 20
34 35
34 61
34 66
34 100
34 102
34 104
34 114
34 129
34 159
35 34
35 64
35 81
35 86
35 121
35 127
36 15
36 17
36 43
36 48
36 52
36 53
36 54
36 60
36 90
36 92
36 97
36 106
36 112
36 155
37 13
37 20
37 38
37 103
37 147
38 2
38 74
38 90
38 96
38 102
38 130
38 150
39 37
39 58
39 134
40 4
40 43
40 55
40 100
40 138
41 16
41 39
41 50
41 60
41 62
41 87
41 94
41 102
42 1
42 5
42 6
42 12
42 15
42 92
42 121
42 127
43 0
43 40
43 47
43 64
43 66
43 70
43 102
43 116
43 120
43 156
44 48
44 59
44 83
44 101
44 103
44 124
44 131
45 23
45 26
45 28
45 55
45 82
45 90
45 104
45 109
46 1
46 24
46 44
46 60
46 122
46 133
46 139
46 149
47 43
47 91
47 92
47 125
47 137
47 147
47 158
48 2
48 16
48 44
48 65
48 96
48 103
48 114
48 132
48 141
48 156
49 10
49 11
49 67
49 120
49 124
50 9
50 15
50 31
50 41
50 47
50 84
50 103
50 145
50 150
51 1
51 98
51 125
51 130
51 148
52 22
52 27
52 36
52 40
52 76
52 99
52 100
53 0
53 1
53 2
53 15
53 36
53 68
53 72
53 79
53 85
54 7
54 15
54 36
54 49
54 82
54 113
54 128
55 8
55 18
55 27
55 41
55 45
55 57
55 95
55 152
56 10
56 43
56 76
56 115
56 130
57 17
57 22
57 25
57 26
57 27
57 39
57 55
57 70
57 79
57 99
57 101
57 104
57 114
57 119
57 147
57 151
58 5
58 22
58 39
58 69
58 83
58 96
58 109
58 119
58 142
58 146
59 0
59 1
59 19
59 39
59 44
59 62
59 89
59 90
59 108
59 114
59 158
60 0
60 36
60 41
60 46
60 86
60 93
60 130
60 152
61 0
61 5
61 8
61 33
61 34
61 77
61 80
61 100
61 104
61 112
61 122
61 137
61 159
62 20
62 32
62 39
62 41
62 52
62 59
62 60
62 74
62 85
62 115
62 127
63 0
63 1
63 3
63 25
63 38
63 39
63 82
63 126
64 35
64 43
64 82
64 96
64 99
64 139
64 145
64 152
65 8
65 43
65 48
65 57
65 99
65 107
65 126
65 149
66 6
66 18
66 34
66 73
66 96
66 108
66 158
67 44
67 104
67 130
67 140
68 11
68 23
68 29
68 53
68 80
68 136
69 6
69 33
69 58
69 59
69 98
69 108
69 132
70 3
70 8
70 58
70 69
70 74
70 126
70 157
71 72
71 76
71 98
71 128
71 129
72 7
72 53
72 71
72 116
72 134
73 62
73 66
73 92
73 112
73 138
73 139
74 23
74 28
74 38
74 64
74 70
74 90
74 103
74 147
74 158
75 0
75 6
75 17
75 18
75 26
75 39
75 68
75 99
75 121
75 149
76 20
76 52
76 56
76 71
76 132
77 1
77 25
77 61
77 64
77 93
77 105
77 118
77 122
77 137
77 138
78 5
78 27
78 87
79 36
79 49
79 53
79 106
79 110
79 134
79 139
79 154
79 157
80 7
80 28
80 68
80 83
80 85
80 88
80 107
80 152
81 2
81 35
81 136
82 55
82 64
82 87
82 94
82 99
82 111
82 113
82 154
83 44
83 58
83 80
83 98
83 99
84 0
84 50
84 57
84 88
84 91
84 101
84 117
84 119
84 158
84 159
85 53
85 80
85 98
85 127
85 138
85 143
86 13
86 32
86 108
86 109
86 128
87 32
87 63
87 96
87 100
87 114
87 115
87 159
88 4
88 41
88 84
88 109
89 15
89 16
89 151
89 152
90 34
90 36
90 38
90 59
90 72
90 74
90 91
90 105
90 124
90 142
91 47
91 85
91 90
91 96
91 117
91 130
92 5
92 42
92 47
92 73
92 112
93 13
93 18
93 69
93 77
93 104
93 119
93 146
93 155
93 157
94 0
94 8
94 19
94 50
94 60
94 95
95 24
95 27
95 30
95 64
95 72
95 73
95 94
95 103
95 122
95 137
95 147
96 38
96 48
96 64
96 66
96 87
96 123
96 129
96 151
96 156
97 1
97 36
97 60
97 63
97 67
97 91
97 143
98 10
98 17
98 20
98 32
98 72
98 83
98 85
98 95
98 119
98 137
98 138
99 12
99 17
99 41
99 52
99 54
99 60
99 64
99 65
99 75
99 82
99 94
99 132
99 149
99 151
100 47
100 61
100 97
100 121
100 129
100 152
101 11
101 16
101 57
101 84
101 102
101 105
101 131
101 138
102 16
102 30
102 34
102 38
102 41
102 45
102 101
102 121
102 138
102 141
102 144
102 153
103 23
103 28
103 37
103 48
103 50
103 74
103 95
103 98
103 118
104 17
104 45
104 67
104 93
104 116
104 133
105 63
105 72
105 73
105 77
105 90
105 101
105 115
105 127
105 136
105 151
106 8
106 11
106 29
106 36
106 66
106 80
106 131
106 132
106 148
106 152
107 80
108 14
108 24
108 59
108 66
108 69
108 86
108 121
108 149
109 4
109 27
109 43
109 45
109 64
109 88
109 126
109 135
109 153
110 61
110 68
111 0
111 28
111 35
111 82
111 103
111 144
111 153
112 3
112 36
112 61
112 73
112 92
112 116
112 123
112 132
112 134
113 3
113 19
113 69
113 82
113 103
113 126
114 33
114 36
114 48
114 57
114 87
114 127
114 141
115 6
115 23
115 26
115 35
115 47
115 56
115 62
115 87
115 104
115 105
115 125
115 126
115 129
116 20
116 32
116 33
116 43
116 72
116 137
116 140
117 22
117 146
117 156
117 159
118 13
118 20
118 68
118 77
118 80
118 131
118 135
118 143
119 0
119 4
119 58
119 93
119 98
119 154
120 23
120 34
120 43
120 49
120 136
121 11
121 70
121 75
121 86
121 102
121 108
121 136
121 150
121 159
122 13
122 36
122 46
122 61
122 73
122 77
122 79
122 80
122 95
122 124
123 44
123 77
123 96
123 112
123 119
123 135
123 139
124 0
124 33
124 34
124 49
124 83
124 90
124 125
125 4
125 47
125 51
125 87
125 115
125 124
125 130
126 0
126 8
126 32
126 35
126 65
126 73
126 129
127 10
127 35
127 42
127 62
127 105
127 156
128 29
128 54
128 71
128 86
128 95
128 155
128 156
129 6
129 71
129 96
129 100
129 157
130 12
130 38
130 49
130 51
130 91
130 107
130 110
130 125
130 137
130 139
130 156
131 19
131 84
131 101
131 118
131 146
131 147
132 7
132 11
132 32
132 71
132 76
132 99
132 106
132 112
132 114
132 134
133 31
133 46
133 81
133 99
134 26
134 30
134 39
134 79
135 16
135 18
135 33
135 54
135 138
135 147
136 1
136 38
136 53
136 68
136 81
136 107
136 143
136 157
137 11
137 61
137 77
137 95
137 98
137 116
137 126
137 128
137 130
138 23
138 40
138 73
138 82
138 85
138 98
138 101
138 135
138 147
138 151
139 13
139 46
139 64
139 73
139 79
139 82
139 91
139 123
139 156
139 158
140 9
140 18
140 67
140 116
141 2
141 33
141 101
141 114
141 144
142 3
142 12
142 18
142 19
142 21
142 25
142 58
142 73
142 90
142 150
143 19
143 33
143 85
143 97
143 113
143 118
143 136
143 145
143 156
144 12
144 19
144 111
144 141
145 53
145 56
145 64
145 73
145 85
145 114
145 151
146 7
146 27
146 34
146 63
146 93
147 30
147 37
147 91
147 95
147 102
147 131
147 135
147 138
147 157
148 0
148 14
148 15
148 29
148 38
148 51
148 77
148 102
148 106
149 46
149 75
149 99
149 108
149 119
150 13
150 50
150 64
150 121
150 142
151 0
151 21
151 57
151 73
151 89
151 99
151 105
151 107
151 112
151 138
152 43
152 55
152 60
152 80
152 100
152 106
152 137
153 121
153 135
154 6
154 68
154 82
155 8
155 18
155 28
155 42
155 93
155 128
155 144
156 4
156 5
156 23
156 96
156 117
156 137
156 139
156 143
157 11
157 30
157 79
157 87
157 93
157 122
157 129
157 131
157 136
157 147
158 1
158 5
158 21
158 47
158 59
158 66
158 84
158 139
158 142
159 61
159 84
159 85
159 117
159 121
159 129
159 157
0 1 2 3 4 5 6 7 8 9 10 11 12 13 14 15 16 17 18 19 20 21 22 23
