160 479 24
0 41
0 59
0 81
0 102
0 115
0 145
1 46
1 77
1 94
2 8
2 75
2 100
2 145
3 55
3 90
3 97
3 113
4 115
5 53
5 61
6 21
6 35
6 70
6 75
6 115
7 29
7 97
7 113
7 149
8 137
9 93
10 82
10 132
10 133
11 49
11 69
11 94
11 151
12 19
12 123
13 152
14 28
14 84
14 119
15 24
15 65
16 73
16 79
16 143
17 35
17 93
18 34
18 88
19 12
19 77
19 92
20 34
20 124
21 6
21 33
21 105
21 121
21 130
22 29
22 38
22 61
22 116
22 126
22 129
23 86
23 135
24 15
24 38
24 61
24 79
24 139
25 44
25 64
25 99
26 65
26 79
26 86
26 98
27 42
27 93
27 125
28 14
28 52
28 91
29 22
30 15
30 55
30 113
30 116
31 89
31 90
31 104
31 107
31 135
31 152
32 41
32 62
32 70
32 79
33 21
33 61
33 115
33 119
33 156
34 18
34 20
34 86
34 136
35 6
35 68
35 92
36 42
36 112
36 157
37 43
37 47
37 112
38 24
38 82
38 131
39 11
39 51
39 93
40 102
40 113
41 0
41 32
41 79
41 80
42 36
42 40
42 77
42 141
43 133
44 9
44 25
44 115
44 121
44 134
45 42
45 55
46 58
46 69
46 75
46 78
46 102
46 145
46 158
47 48
47 50
48 47
48 138
48 158
49 138
49 148
50 47
50 98
50 115
50 145
51 8
51 39
52 66
52 96
52 143
53 5
53 65
53 112
54 18
54 31
54 99
54 134
55 3
55 30
55 45
55 109
55 119
55 140
56 0
56 59
56 79
57 63
58 46
58 86
58 131
59 0
59 56
59 113
59 123
60 66
60 81
61 5
61 22
61 24
61 33
61 65
61 98
61 128
62 32
62 78
62 121
62 131
62 146
63 117
63 136
64 2
64 25
65 15
65 26
65 53
65 82
65 108
66 52
66 60
67 34
67 117
67 120
68 14
68 30
68 35
69 11
69 83
70 6
70 73
70 142
70 147
71 14
72 20
72 81
73 77
73 112
74 49
74 140
74 141
75 2
75 6
75 46
76 113
76 140
77 19
77 25
77 73
77 84
77 103
77 105
77 113
77 137
78 13
78 27
78 62
78 109
78 150
79 11
79 16
79 24
79 26
79 32
79 41
79 56
79 57
79 86
79 124
80 20
80 41
81 0
81 60
81 68
81 72
81 109
82 7
82 10
82 65
82 110
83 35
83 69
83 142
84 77
84 93
85 40
85 133
86 26
86 34
86 64
86 79
86 97
86 111
86 123
87 54
87 100
88 55
88 124
89 31
89 103
89 109
90 3
90 31
90 74
91 15
91 148
92 14
92 19
92 35
92 36
92 155
93 17
93 39
93 67
93 84
94 1
94 92
94 110
94 133
96 114
97 3
97 7
97 38
97 86
97 105
98 50
98 61
98 103
98 134
99 25
100 2
100 87
100 146
101 84
101 153
102 0
102 16
102 40
102 46
102 139
103 77
103 95
103 98
104 31
104 45
105 21
105 77
105 93
105 97
106 107
106 140
107 25
108 2
108 76
108 126
109 78
109 96
110 82
110 94
111 15
111 86
111 104
111 157
112 37
112 53
112 73
112 117
113 3
113 7
113 30
113 59
113 140
113 147
114 0
115 0
115 4
115 6
115 31
115 44
115 50
115 123
115 142
115 153
116 22
116 130
116 151
117 120
117 159
118 140
119 33
119 99
120 67
120 117
121 21
121 44
121 154
122 7
123 12
123 59
123 86
123 108
123 115
124 44
124 79
124 88
125 94
125 144
126 108
127 26
127 71
128 60
128 61
128 115
129 22
130 42
130 116
131 58
131 62
131 98
131 144
133 10
133 94
133 128
134 54
134 98
135 23
135 110
135 139
135 159
136 34
136 106
137 8
137 151
138 31
138 49
139 20
139 24
139 85
139 135
140 55
140 74
140 76
140 106
140 107
140 113
140 118
141 31
141 42
141 74
142 115
143 15
143 16
143 59
144 6
144 125
145 0
145 2
146 100
147 70
147 113
148 49
148 91
149 95
150 78
150 88
151 8
151 11
151 36
151 116
152 31
153 70
153 75
154 71
154 121
154 137
154 148
155 54
155 92
156 33
157 36
157 111
158 46
0 1 2 3 4 5 6 7 8 9 10 11 12 13 14 15 16 17 18 19 20 21 22 23
