160 477 24
0 10
0 43
0 55
0 60
0 114
0 127
1 9
1 44
1 60
1 117
1 156
2 39
2 100
3 79
3 82
3 90
3 127
3 149
4 13
4 122
5 31
5 109
6 8
6 16
6 50
7 14
7 59
7 137
8 6
8 65
8 95
9 1
10 0
10 41
10 95
11 41
11 54
12 22
12 69
12 93
12 136
12 147
13 4
13 154
13 157
14 7
14 17
14 59
14 60
14 73
14 80
14 83
14 88
14 98
14 102
15 44
15 85
15 119
15 131
16 6
16 132
17 14
17 99
17 106
18 136
18 141
18 154
19 49
19 76
19 109
20 62
20 101
21 134
22 12
22 65
23 63
23 83
24 48
24 65
24 113
24 151
25 41
25 87
25 129
26 54
26 59
26 60
26 96
27 30
27 53
27 95
28 102
28 159
29 115
30 27
30 59
31 5
31 136
32 63
32 155
33 85
33 136
34 56
35 49
35 148
36 51
36 88
37 139
38 104
38 148
39 2
39 46
39 50
39 53
39 58
39 74
40 65
41 10
41 11
41 25
41 78
41 104
41 123
42 114
42 140
43 0
43 81
44 1
44 15
44 117
45 85
45 153
46 39
46 60
46 75
46 93
46 135
46 156
46 157
47 60
48 24
48 102
49 19
49 35
49 56
49 107
49 139
49 149
50 6
50 39
50 73
51 36
52 139
53 27
53 39
53 66
53 154
54 11
54 26
54 112
54 148
54 153
55 0
56 34
56 49
56 86
57 75
57 111
57 121
57 134
57 159
58 39
58 92
58 140
59 7
59 14
59 26
59 30
59 89
59 131
60 0
60 1
60 14
60 26
60 46
60 47
60 67
60 73
60 107
60 117
60 134
60 136
61 81
61 97
62 20
62 72
62 102
63 23
63 32
63 91
63 107
63 121
63 132
64 101
64 119
64 132
65 8
65 22
65 24
65 40
65 92
65 141
65 151
66 53
66 108
67 60
67 115
68 131
69 12
69 75
69 90
70 127
71 138
72 62
72 110
73 14
73 50
73 60
73 93
73 109
74 39
74 91
74 98
75 46
75 57
75 69
75 88
76 19
76 78
76 89
76 120
76 157
77 145
77 149
78 41
78 76
78 130
79 3
80 14
80 93
81 43
81 61
81 131
82 3
82 138
83 14
83 23
84 114
85 15
85 33
85 45
85 103
86 56
86 131
87 25
87 121
88 14
88 36
88 75
88 158
89 59
89 76
90 3
90 69
90 98
91 63
91 74
91 125
92 58
92 65
92 143
92 156
93 12
93 46
93 73
93 80
93 102
93 119
94 123
94 125
95 8
95 10
95 27
95 146
96 26
96 115
96 116
96 133
96 139
97 61
97 107
98 14
98 74
98 90
99 17
99 116
99 131
100 2
100 121
100 124
101 20
101 64
102 14
102 28
102 48
102 62
102 93
102 121
103 107
103 154
104 38
104 41
105 120
106 17
107 49
107 60
107 63
107 97
107 103
108 66
109 5
109 19
110 72
110 115
110 148
111 57
111 137
112 54
112 116
113 24
114 0
114 42
114 84
115 29
115 67
115 96
115 110
115 148
116 96
116 99
116 112
117 1
117 44
117 60
117 143
118 137
119 15
119 64
119 93
120 76
120 105
120 131
120 148
121 57
121 63
121 87
121 100
121 102
122 4
122 145
123 41
123 94
124 100
124 154
125 91
125 94
125 137
126 142
126 144
127 0
127 3
127 70
127 155
128 143
129 25
129 122
129 149
129 150
130 78
130 141
131 15
131 59
131 68
131 81
131 86
131 99
131 120
132 16
132 63
132 64
132 137
133 96
134 21
134 57
134 60
135 46
136 12
136 18
136 31
136 33
136 60
137 7
137 111
137 118
137 125
137 132
138 71
138 82
138 151
139 37
139 49
139 52
139 96
140 42
140 58
141 18
141 65
141 130
142 126
142 148
143 92
143 117
143 128
144 126
145 77
145 122
146 95
146 153
147 12
148 35
148 38
148 54
148 110
148 115
148 120
148 142
148 152
149 3
149 49
149 77
149 129
150 129
151 24
151 65
151 138
152 148
153 45
153 54
153 146
154 13
154 18
154 53
154 103
154 124
155 32
155 127
155 159
156 1
156 46
156 92
157 13
157 46
157 76
158 88
159 28
159 57
159 155
0 1 2 3 4 5 6 7 8 9 10 11 12 13 14 15 16 17 18 19 20 21 22 23
