160 1198 12
0 24
0 64
0 83
0 86
0 108
0 117
0 118
0 140
0 142
0 143
0 152
1 45
1 73
1 92
1 104
1 156
2 23
2 30
2 32
2 35
2 36
2 54
2 68
2 75
2 95
2 130
2 145
2 146
3 26
3 73
3 97
3 104
3 113
3 119
3 157
4 17
4 28
4 42
4 73
4 74
4 101
4 106
4 144
4 156
5 21
5 31
5 55
5 63
5 102
5 136
5 143
6 10
6 67
6 73
6 78
6 85
6 132
6 147
6 157
7 16
7 89
7 103
7 106
7 123
7 131
7 139
7 152
8 9
8 31
8 41
8 51
8 59
8 61
8 72
8 97
8 139
9 30
9 39
9 53
9 62
9 93
9 129
9 130
9 146
9 148
9 150
10 6
10 48
10 59
10 90
10 101
10 113
10 116
10 154
11 46
11 65
11 135
11 140
12 29
12 69
12 70
12 71
12 77
12 102
12 131
13 88
13 156
13 157
14 43
14 93
14 104
14 105
14 109
14 127
15 11
15 76
15 93
15 98
15 138
15 142
15 146
15 151
16 7
16 50
16 88
16 89
16 92
16 110
16 149
17 4
17 14
17 25
17 44
17 69
17 107
17 110
17 115
17 117
17 131
17 136
17 147
17 148
18 53
18 63
18 65
18 74
18 77
18 80
18 84
18 88
18 128
18 145
18 150
19 38
19 41
19 90
19 101
19 146
19 148
20 51
20 80
20 138
20 159
21 5
21 75
21 134
21 141
21 143
22 49
22 68
22 78
22 99
22 127
23 2
23 35
23 76
23 87
23 92
23 115
23 119
23 136
24 0
24 4
24 50
24 72
24 82
24 103
24 112
25 17
25 32
25 60
25 86
25 119
25 132
26 79
26 124
26 125
26 130
26 136
26 139
27 10
27 26
27 28
27 53
27 60
27 64
27 68
27 71
27 82
27 103
27 119
27 145
27 158
28 5
28 17
28 43
28 53
28 68
28 92
28 107
28 116
28 133
29 3
29 12
29 63
29 85
29 145
30 2
30 9
30 16
30 74
30 83
30 90
30 103
31 5
31 8
31 32
31 60
31 67
31 116
31 129
32 2
32 25
32 31
32 43
32 82
32 88
32 99
32 108
32 130
32 149
33 60
33 66
33 77
33 95
33 102
33 105
33 112
33 127
34 52
34 58
34 69
34 88
34 121
35 2
35 23
35 50
35 98
35 126
35 132
36 2
36 5
36 58
36 79
36 98
36 107
36 133
37 29
37 40
37 66
37 96
37 136
37 142
38 46
38 54
38 76
38 109
38 120
39 9
39 103
39 112
39 143
40 37
40 41
40 44
40 81
40 98
41 8
41 19
41 40
41 73
41 157
42 0
42 4
42 11
42 152
42 154
43 5
43 28
43 32
43 89
43 94
43 108
43 113
43 139
43 148
43 157
44 17
44 40
44 88
44 133
44 147
45 1
45 35
45 64
45 66
45 94
45 112
46 11
46 30
46 38
46 49
46 66
46 112
46 127
46 128
47 76
47 91
47 92
47 114
47 116
47 122
47 157
48 10
48 55
48 71
48 106
48 108
48 133
48 145
49 42
49 44
49 51
49 54
49 87
49 93
49 94
49 134
49 146
50 5
50 24
50 83
50 89
50 113
50 134
50 143
51 8
51 20
51 49
51 62
51 82
51 97
52 61
52 115
52 121
52 148
53 9
53 19
53 27
53 28
53 75
53 80
53 92
53 107
53 126
53 139
54 2
54 6
54 38
54 49
54 65
54 69
54 72
54 82
54 85
54 88
55 18
55 80
55 95
55 97
55 100
55 106
55 131
56 79
56 138
57 24
57 62
57 82
57 121
57 157
58 34
58 43
58 91
58 94
58 116
58 117
59 8
59 84
59 94
59 96
59 108
59 114
59 118
60 25
60 27
60 95
60 100
60 137
61 8
61 73
61 93
61 98
61 140
61 155
61 156
62 51
62 57
62 101
62 105
62 149
63 1
63 5
63 18
63 29
63 36
63 74
63 96
63 116
63 138
64 0
64 27
64 96
64 159
65 11
65 16
65 18
65 69
65 71
65 98
65 104
65 144
66 33
66 37
66 41
66 45
66 53
66 89
66 105
66 110
66 141
66 148
66 149
66 154
66 155
67 14
67 19
67 26
67 89
67 150
68 2
68 22
68 27
68 28
68 30
68 89
68 118
68 127
68 128
68 159
69 12
69 31
69 54
69 65
69 131
69 135
69 136
69 145
69 147
70 71
70 88
70 93
70 99
70 110
70 131
71 12
71 48
71 70
71 125
71 149
72 8
72 24
72 54
72 57
72 68
72 70
73 1
73 3
73 4
73 6
73 62
73 126
73 131
73 149
73 151
73 154
74 4
74 9
74 18
74 75
74 109
74 111
74 117
74 143
74 147
75 2
75 21
75 50
75 53
75 154
76 38
76 67
76 83
76 97
77 12
77 18
77 33
77 67
77 79
77 104
77 111
78 6
78 22
78 75
78 137
78 142
78 143
78 151
79 3
79 36
79 77
79 107
79 122
79 126
79 141
79 148
80 29
80 53
80 88
80 96
80 105
81 32
81 39
81 40
81 107
81 113
81 152
81 155
81 156
82 4
82 27
82 32
82 38
82 47
82 51
82 54
82 87
82 91
82 112
82 120
82 140
82 143
83 0
83 30
83 50
83 54
83 101
83 104
83 129
84 18
84 82
84 89
84 104
84 105
84 112
84 115
84 138
85 6
85 29
85 53
85 54
85 75
86 0
86 10
86 25
86 81
86 90
86 93
86 95
86 120
86 129
86 130
86 133
86 141
87 3
87 49
87 82
87 124
87 131
87 153
88 13
88 16
88 54
88 70
88 80
88 105
88 106
88 122
89 66
89 68
89 84
89 128
89 132
90 5
90 10
90 12
90 30
90 86
90 105
90 128
90 156
91 30
91 38
91 47
91 58
91 64
91 82
91 89
91 92
91 95
91 152
92 1
92 16
92 28
92 34
92 47
92 53
92 91
92 124
92 127
92 133
93 14
93 15
93 25
93 45
93 49
93 70
93 86
93 105
93 106
93 117
93 118
93 123
93 146
93 147
94 45
94 49
94 59
94 136
94 153
94 159
95 2
95 33
95 47
95 55
95 60
95 91
95 105
95 106
95 140
95 155
96 37
96 63
96 70
96 77
96 80
96 94
96 131
96 139
97 8
97 51
97 55
97 76
97 94
98 15
98 35
98 40
98 61
98 63
98 65
98 115
98 118
98 149
99 22
99 32
99 41
99 49
99 70
99 106
99 107
99 124
99 142
100 55
100 60
100 75
100 85
100 87
100 123
100 141
100 146
100 158
101 6
101 10
101 23
101 77
101 139
101 146
101 157
102 5
102 12
102 42
102 58
102 83
102 110
102 111
102 131
103 7
103 30
103 39
103 45
104 1
104 3
104 28
104 30
104 58
104 60
104 77
104 83
104 128
104 133
104 153
105 33
105 62
105 66
105 73
105 80
105 86
105 90
105 93
105 95
105 101
105 141
105 144
105 148
106 0
106 4
106 53
106 55
106 88
106 93
106 95
106 99
106 105
106 120
107 17
107 53
107 79
107 81
107 113
107 159
108 0
108 32
108 43
108 59
108 154
108 159
109 4
109 14
109 48
109 74
109 115
109 126
110 16
110 66
110 102
110 117
111 74
111 77
111 102
111 123
111 140
111 147
111 150
112 24
112 33
112 39
112 45
112 67
112 77
112 84
112 152
113 10
113 15
113 37
113 43
113 76
113 108
114 9
114 24
114 47
114 126
114 157
115 17
115 23
115 65
115 84
115 98
115 109
115 134
115 142
116 46
116 96
116 158
117 0
117 2
117 66
117 83
117 93
118 68
118 93
118 98
118 100
118 114
118 121
118 126
118 136
118 150
119 3
119 15
119 25
119 27
119 34
119 68
119 107
119 126
119 131
120 82
120 86
120 136
120 148
121 57
121 118
121 128
121 131
121 132
121 133
121 153
121 155
121 159
122 10
122 67
122 79
122 88
122 113
122 129
122 134
122 137
123 7
123 20
123 88
123 100
123 111
123 129
123 135
123 156
124 26
124 27
124 31
124 87
124 92
124 99
124 106
124 127
124 142
124 156
125 6
125 23
125 26
125 43
125 71
125 72
125 153
126 35
126 79
126 109
126 114
126 119
126 120
126 140
127 33
127 42
127 46
127 68
127 76
127 92
127 130
127 146
127 155
127 158
128 46
128 55
128 68
128 83
128 89
128 90
128 91
128 104
128 121
128 153
129 24
129 31
129 40
129 83
129 121
129 122
129 154
130 26
130 29
130 32
130 55
130 85
130 86
131 7
131 12
131 17
131 69
131 70
131 71
131 73
131 87
131 96
131 102
131 121
131 142
131 144
132 25
132 44
132 113
132 145
133 13
133 28
133 31
133 36
133 44
133 48
133 99
133 104
133 138
133 151
134 21
134 41
134 49
134 50
134 52
134 73
134 122
135 11
135 123
135 137
135 148
135 153
136 8
136 17
136 26
136 37
136 69
136 75
136 78
136 94
136 123
136 156
137 2
137 14
137 21
137 39
137 60
137 67
137 78
137 122
137 147
138 4
138 15
138 31
138 56
138 84
138 106
138 133
139 8
139 43
139 53
139 96
139 101
139 142
140 45
140 46
140 61
140 70
140 82
140 93
140 95
140 159
141 21
141 79
141 100
141 105
141 155
142 0
142 32
142 58
142 78
142 99
142 120
142 123
142 131
142 139
143 5
143 21
143 39
143 50
143 74
143 81
143 82
143 89
143 151
143 157
144 42
144 65
144 129
144 154
144 156
145 2
145 18
145 29
145 48
145 77
145 132
145 146
146 2
146 6
146 15
146 19
146 27
146 49
146 100
146 101
146 127
146 145
146 156
147 6
147 16
147 17
147 35
147 44
147 69
147 71
147 74
147 91
147 93
147 111
147 137
147 139
147 142
148 0
148 19
148 33
148 43
148 63
148 75
148 79
148 142
148 154
149 3
149 32
149 62
149 66
149 71
149 98
150 9
150 18
150 47
150 55
150 67
150 111
150 118
150 125
150 155
151 4
151 15
151 49
151 73
151 83
151 87
151 97
151 130
151 132
151 143
151 156
152 0
152 7
152 21
152 35
152 42
152 112
153 2
153 68
153 73
153 87
153 94
153 104
153 121
153 125
153 135
153 157
154 18
154 42
154 66
154 72
154 75
154 144
154 147
155 8
155 95
155 120
155 121
155 126
155 127
155 141
155 150
156 1
156 13
156 29
156 61
156 63
156 66
156 95
156 107
156 124
156 144
156 146
156 150
157 6
157 13
157 41
157 57
157 114
157 143
157 153
158 27
158 56
158 100
158 117
158 127
158 135
159 20
159 24
159 64
159 94
159 140
159 155
0 1 2 3 4 5 6 7 8 9 10 11
