160 1198 24
0 1
0 6
0 9
0 24
0 39
0 55
0 63
0 79
0 97
0 98
0 149
1 0
1 37
1 86
1 129
1 150
1 156
2 35
2 52
2 85
2 124
3 13
3 30
3 41
3 46
3 50
3 93
3 157
4 0
4 13
4 29
4 66
4 140
4 146
4 148
4 156
5 12
5 30
5 67
5 84
5 90
5 150
5 154
5 155
6 0
6 29
6 46
6 48
6 80
6 103
6 113
7 20
7 33
7 37
7 82
7 147
8 6
8 13
8 28
8 40
8 140
9 0
9 29
9 46
9 49
9 58
9 67
9 104
9 123
9 129
9 145
10 13
10 24
10 43
10 67
10 85
10 89
10 92
10 94
10 96
10 103
10 148
11 6
11 15
11 55
11 76
11 107
11 122
11 133
11 158
12 13
12 17
12 47
12 56
12 121
12 139
12 140
13 3
13 4
13 8
13 10
13 14
13 37
13 85
13 105
13 109
13 132
13 135
14 28
14 34
14 39
14 42
14 50
14 70
14 103
14 143
14 146
15 11
15 24
15 65
15 79
15 111
15 112
15 132
15 142
15 149
16 26
16 62
16 92
16 101
16 112
16 140
16 144
17 12
17 39
17 42
17 78
17 94
17 115
17 137
17 151
18 24
18 47
18 88
18 100
18 150
18 158
19 22
19 25
19 77
19 87
19 96
19 98
19 119
19 139
19 142
19 151
20 7
20 15
20 23
20 30
20 34
20 50
20 53
20 79
20 86
20 98
21 33
21 37
21 38
21 52
21 66
21 83
21 104
21 137
21 143
22 19
22 57
22 85
22 116
22 125
22 159
23 60
23 66
23 71
23 77
23 127
23 151
24 0
24 18
24 48
24 52
24 79
24 82
24 108
24 129
25 22
25 32
25 33
25 50
25 76
25 78
25 119
25 124
25 127
25 134
25 150
26 0
26 16
26 34
26 82
26 91
26 145
26 158
27 4
27 30
27 40
27 59
27 88
27 89
27 148
28 8
28 14
28 39
28 58
28 68
28 85
28 108
28 125
28 138
28 146
29 9
29 115
29 154
30 3
30 5
30 20
30 27
30 63
30 135
30 146
31 89
31 97
31 123
31 133
32 6
32 13
32 25
32 34
32 64
32 83
32 112
33 21
33 24
33 25
33 62
33 81
33 84
33 107
33 154
34 20
34 65
34 68
34 73
34 100
34 104
34 128
34 136
34 145
34 150
34 155
35 2
35 30
35 46
35 52
35 55
35 78
35 88
35 107
36 12
36 84
36 103
37 1
37 7
37 21
37 88
37 111
37 116
37 118
37 120
37 147
37 152
37 157
38 43
38 72
38 107
38 128
38 130
38 139
39 0
39 4
39 5
39 14
39 28
39 38
39 42
39 74
39 89
39 139
40 8
40 21
40 43
40 47
40 48
40 77
40 125
41 3
41 33
41 60
42 14
42 17
42 20
42 47
42 63
42 88
42 111
42 118
43 10
43 38
43 40
43 46
43 55
43 57
43 67
43 91
43 131
43 158
44 16
44 79
44 92
45 48
45 72
45 128
45 131
45 143
46 3
46 8
46 9
46 14
46 35
46 43
46 115
46 124
46 146
47 12
47 40
47 42
47 64
47 67
47 88
47 93
47 94
47 112
47 130
47 141
47 151
47 153
48 6
48 40
48 45
48 93
48 121
48 126
48 131
48 139
48 151
49 9
49 16
49 68
49 81
49 83
49 144
49 156
50 3
50 14
50 25
50 67
50 81
50 86
50 114
50 116
50 156
51 72
51 95
51 119
51 142
51 148
51 150
52 2
52 24
52 58
52 130
52 157
53 15
53 20
53 32
53 43
53 56
53 67
53 84
53 90
53 103
53 135
53 142
53 158
54 13
54 56
54 58
54 59
54 66
54 150
55 0
55 11
55 43
55 45
55 74
55 121
55 158
56 47
56 53
56 54
56 59
56 86
56 98
56 110
57 34
57 43
57 56
57 61
57 97
57 125
58 28
58 52
58 54
58 71
58 75
58 80
58 84
58 115
58 123
58 156
59 20
59 27
59 54
59 106
59 113
59 115
59 142
59 147
59 157
60 23
60 41
60 55
60 80
60 89
60 104
60 106
60 130
60 141
60 148
61 92
61 108
62 16
62 33
62 88
62 104
62 116
63 3
63 30
63 42
63 61
63 71
63 77
63 83
63 109
63 113
63 121
63 125
63 150
64 24
64 47
64 84
64 97
64 101
64 120
65 15
65 29
65 34
65 39
65 104
65 139
66 4
66 21
66 35
66 54
66 92
66 104
66 117
66 146
67 9
67 10
67 47
67 88
67 112
67 114
67 120
67 125
67 127
67 134
68 28
68 49
68 57
68 116
68 128
68 154
69 20
69 93
69 97
69 110
70 4
70 14
70 25
70 131
70 153
71 6
71 35
71 74
71 99
71 105
71 121
71 128
71 143
72 32
72 45
72 97
72 114
72 122
72 127
73 34
73 47
73 49
73 134
73 137
74 1
74 37
74 39
74 71
74 103
75 58
75 77
75 110
75 119
76 25
76 104
76 123
76 125
76 133
76 148
76 156
77 40
77 63
77 75
77 84
77 110
77 111
77 127
77 130
77 135
77 147
78 13
78 17
78 25
78 86
78 114
78 146
79 24
79 42
79 90
79 149
80 4
80 6
80 11
80 41
80 76
80 126
80 127
80 136
81 41
81 49
81 50
81 65
81 73
81 90
81 101
81 109
81 118
82 7
82 25
82 104
82 134
82 157
83 7
83 19
83 21
83 32
83 49
83 128
83 136
83 147
83 148
84 5
84 33
84 35
84 36
84 53
84 58
84 77
84 119
84 130
85 2
85 10
85 13
85 22
85 28
85 57
85 130
85 151
85 159
86 1
86 6
86 41
86 48
86 50
86 56
86 84
86 90
86 104
86 115
87 19
87 32
87 88
87 111
87 126
87 136
88 18
88 43
88 47
88 87
88 89
88 101
88 132
89 6
89 10
89 27
89 31
89 39
89 60
89 88
89 97
89 115
89 121
89 139
89 141
90 5
90 53
90 81
90 86
90 92
90 107
90 108
90 115
90 124
90 128
90 138
90 157
91 17
91 26
91 108
91 115
91 139
91 141
92 10
92 30
92 44
92 66
92 84
92 90
92 144
93 6
93 12
93 40
93 48
93 99
93 104
93 118
93 121
93 127
93 136
94 10
94 31
94 98
94 112
94 136
95 32
95 46
95 71
95 90
95 104
95 119
95 133
95 144
96 10
96 19
96 52
96 90
96 94
96 138
97 0
97 10
97 31
97 60
97 64
97 69
97 72
97 75
97 82
97 109
97 130
97 136
97 144
97 152
98 19
98 20
98 47
98 56
98 75
98 94
98 158
99 31
99 93
99 122
99 129
99 144
99 153
100 34
100 125
100 135
101 16
101 63
101 64
101 81
101 88
101 106
101 118
101 147
102 8
102 78
102 103
102 109
102 110
102 129
103 10
103 14
103 53
103 74
103 119
104 21
104 34
104 62
104 66
104 76
104 82
104 93
104 95
104 139
105 13
105 36
105 43
105 71
105 138
105 146
105 149
106 39
106 45
106 59
106 60
106 101
106 103
106 111
106 126
106 149
107 0
107 27
107 33
107 35
107 38
107 69
107 127
107 134
107 146
108 28
108 37
108 65
108 90
108 91
109 13
109 63
109 82
109 97
110 56
110 69
110 75
110 77
110 103
110 158
111 30
111 37
111 66
111 68
111 77
111 87
111 116
111 126
111 132
111 144
111 157
112 15
112 16
112 32
112 59
112 67
112 73
112 94
112 155
113 6
113 59
113 63
113 81
113 87
113 89
113 97
113 132
113 151
113 156
114 25
114 50
114 132
114 149
115 17
115 29
115 46
115 79
115 89
115 90
115 125
115 133
116 11
116 17
116 22
116 50
116 62
116 68
116 88
116 111
116 126
116 131
116 146
117 14
117 40
117 66
117 94
117 118
117 120
117 122
117 146
118 29
118 42
118 61
118 81
118 93
118 101
118 117
118 138
118 155
119 19
119 49
119 71
119 75
119 84
119 95
119 125
119 132
120 23
120 37
120 67
120 102
120 117
120 158
121 12
121 16
121 28
121 48
121 55
121 63
121 65
121 74
121 89
121 93
121 109
121 136
121 148
122 72
122 99
122 141
122 151
122 152
123 9
123 31
123 41
123 54
123 76
123 102
123 139
123 151
123 152
124 2
124 25
124 46
124 151
124 157
125 3
125 22
125 63
125 100
125 157
126 48
126 80
126 87
126 101
126 106
126 116
126 120
127 21
127 23
127 25
127 67
127 72
127 77
127 88
127 93
127 98
127 107
127 141
128 30
128 38
128 68
128 70
128 90
128 115
128 134
129 1
129 9
129 24
129 73
129 91
129 149
130 38
130 44
130 46
130 52
130 60
130 77
130 84
130 97
130 145
130 154
131 38
131 43
131 48
131 61
131 70
131 157
132 88
132 119
132 142
132 146
133 49
133 53
133 95
133 115
134 10
134 25
134 51
134 65
134 67
134 73
134 82
134 107
135 13
135 53
135 77
135 100
135 123
136 24
136 34
136 38
136 80
136 83
136 93
136 94
136 97
137 17
137 21
137 139
138 61
138 63
138 90
138 96
138 118
138 151
139 12
139 15
139 39
139 48
139 55
139 65
139 77
139 142
140 12
141 16
141 47
141 89
141 91
141 122
141 127
141 130
142 19
142 53
142 139
142 150
142 157
143 14
143 21
143 57
143 64
143 65
143 71
144 16
144 49
144 69
144 92
144 97
144 99
144 126
144 152
144 157
145 26
145 34
145 51
145 85
145 91
145 103
145 114
145 122
145 130
145 152
145 159
146 4
146 14
146 28
146 30
146 66
146 105
146 107
146 117
146 132
146 141
146 157
147 37
147 59
147 75
147 77
147 83
147 91
147 101
147 125
148 6
148 10
148 51
148 54
148 60
148 68
148 70
148 72
148 76
148 83
148 158
149 0
149 15
149 70
149 79
149 105
149 110
149 129
149 144
149 155
150 1
150 5
150 18
150 24
150 25
150 34
150 40
150 51
150 64
150 110
150 142
150 149
150 152
151 5
151 48
151 70
151 72
151 85
151 93
151 113
151 122
151 123
151 124
151 138
152 24
152 37
152 75
152 97
152 123
152 144
152 145
152 150
153 99
153 132
153 150
154 29
154 33
154 34
154 51
154 68
154 74
154 111
155 5
155 96
155 114
155 118
155 157
156 1
156 4
156 50
156 58
156 66
156 76
156 113
156 119
156 157
157 3
157 8
157 27
157 37
157 59
157 86
157 90
157 111
157 142
157 144
157 146
157 156
158 18
158 26
158 43
158 55
158 81
158 98
158 110
158 115
158 148
158 156
159 4
159 40
159 143
159 145
0 1 2 3 4 5 6 7 8 9 10 11 12 13 14 15 16 17 18 19 20 21 22 23
