160 453 40
0 4
0 24
0 26
0 63
0 79
0 98
1 150
2 35
3 93
3 157
4 0
4 29
4 80
4 159
5 12
5 151
6 8
6 80
7 33
7 37
7 82
8 6
8 140
8 157
9 49
9 104
10 13
10 24
10 67
10 85
10 92
10 96
10 97
10 134
11 15
12 5
12 13
12 36
12 47
13 10
13 12
13 78
13 85
13 132
13 135
14 39
14 50
15 11
15 79
15 142
16 92
16 101
16 121
17 78
18 150
19 83
20 42
20 69
21 66
21 127
21 137
21 143
22 159
23 120
23 127
23 151
24 0
24 10
24 33
24 52
24 79
24 136
25 32
25 76
26 0
26 158
27 30
28 39
28 58
28 68
28 85
28 121
29 4
29 115
29 118
29 154
30 27
30 92
30 111
31 97
31 133
32 25
32 53
32 87
32 95
33 7
33 24
33 25
33 62
33 81
33 84
34 57
34 100
34 128
34 136
34 150
35 2
35 46
35 52
35 71
35 78
36 12
37 7
37 111
37 116
38 72
38 130
38 139
39 14
39 28
40 43
40 117
41 81
41 123
42 20
42 47
43 40
43 57
43 88
43 105
43 131
44 79
45 143
46 35
46 115
46 130
47 12
47 42
48 121
48 139
49 9
49 119
50 14
50 20
50 81
51 134
52 24
52 35
52 58
52 130
53 32
53 67
53 84
53 103
53 135
54 56
54 66
55 121
55 158
56 54
56 86
56 110
57 43
57 61
57 97
57 125
58 28
58 52
59 112
59 142
59 157
60 80
60 106
61 57
61 63
61 131
62 33
62 88
62 104
63 0
63 42
63 71
63 77
63 83
63 109
63 138
64 97
65 81
65 121
65 134
66 21
66 54
66 111
66 156
67 10
67 53
67 112
67 134
68 28
68 116
69 20
69 93
69 144
71 35
71 63
71 74
71 95
71 119
72 38
72 127
73 112
74 71
74 103
74 154
75 97
75 110
75 152
76 25
76 80
76 123
77 63
77 110
77 139
78 13
78 17
78 35
78 102
79 0
79 15
79 24
79 44
80 4
80 6
80 76
81 33
81 41
81 50
81 65
81 109
81 158
82 7
82 109
83 19
83 63
83 147
83 148
84 33
84 53
84 119
85 10
85 13
85 28
86 56
86 90
86 115
86 157
87 32
87 136
88 43
88 62
88 127
88 132
89 97
89 115
90 86
90 96
91 147
92 10
92 16
92 30
93 69
93 99
93 118
93 127
94 112
95 32
95 71
96 52
96 90
96 155
97 0
97 10
97 31
97 57
97 60
97 64
97 75
97 89
97 113
97 144
98 0
99 153
100 34
101 16
102 78
102 109
102 120
103 53
103 74
104 9
104 62
105 146
106 60
106 111
106 149
107 127
108 24
109 63
109 81
109 82
109 102
109 121
110 56
110 77
110 103
111 30
111 37
111 66
111 106
111 144
111 154
112 59
112 67
112 94
113 97
114 132
114 149
114 155
115 29
115 86
115 89
115 133
116 37
116 62
116 68
116 126
117 40
117 122
118 29
118 93
119 71
119 84
119 132
119 156
120 23
120 102
120 117
121 16
121 28
121 48
121 55
121 65
121 109
122 117
122 145
122 152
123 41
123 76
124 46
124 157
125 57
126 116
126 144
127 21
127 23
127 72
127 88
127 93
127 107
127 141
128 34
128 70
129 149
130 38
130 44
130 46
130 52
130 145
131 43
131 61
131 157
132 13
132 88
132 114
132 119
132 142
132 153
133 31
133 115
134 10
134 51
134 65
134 67
135 13
135 53
136 34
136 87
137 21
138 63
139 38
139 48
139 77
140 8
142 15
142 59
142 132
142 157
143 21
143 45
144 69
144 97
144 111
144 126
144 149
145 122
145 130
145 159
146 105
147 83
147 91
149 106
149 114
149 129
149 144
150 1
150 18
150 34
151 5
151 23
152 75
152 122
153 99
153 132
154 29
154 74
154 111
155 96
155 114
156 66
156 119
157 3
157 8
157 59
157 86
157 124
157 131
157 142
158 26
158 55
158 81
159 4
159 22
159 145
0 1 2 3 4 5 6 7 8 9 10 11 12 13 14 15 16 17 18 19 20 21 22 23 24 25 26 27 28 29 30 31 32 33 34 35 36 37 38 39
