160 1198 40
0 13
0 37
0 40
0 50
0 64
0 96
0 106
0 121
0 130
0 136
0 152
1 13
1 57
1 65
1 81
1 89
1 135
1 154
2 5
2 23
2 35
2 38
2 54
2 64
2 75
2 110
2 120
3 7
3 21
3 62
3 108
3 120
3 150
3 157
4 7
4 14
4 18
4 51
4 62
4 71
4 113
4 139
5 2
5 18
5 26
5 28
5 31
5 113
5 139
6 36
6 38
6 44
6 50
6 99
6 123
6 154
7 3
7 67
7 137
7 147
7 155
7 157
8 31
8 93
8 111
8 133
8 136
8 138
8 140
8 141
9 36
9 38
9 57
9 104
9 127
9 133
10 16
10 20
10 36
10 38
10 49
10 50
10 104
10 116
10 118
10 123
10 132
11 35
11 52
11 53
11 119
11 135
12 34
12 35
12 42
12 117
12 119
12 138
12 142
12 158
13 0
13 1
13 29
13 36
13 39
13 41
13 63
13 106
13 125
13 135
13 153
14 4
14 5
14 37
14 82
14 126
14 131
14 135
14 151
15 70
15 88
15 102
15 117
15 130
15 132
15 150
16 10
16 17
16 24
16 34
16 75
16 100
16 141
17 4
17 10
17 22
17 49
17 70
17 87
17 95
17 114
18 3
18 38
18 47
18 122
18 123
18 152
19 43
19 49
19 64
19 65
19 69
19 103
19 126
20 10
20 30
20 55
20 84
20 85
20 104
20 127
20 134
20 135
21 1
21 5
21 16
21 26
21 49
21 87
21 92
21 101
21 153
21 159
22 17
22 23
22 58
22 93
22 151
22 152
22 159
23 2
23 14
23 22
23 24
23 43
23 59
23 68
23 85
23 95
23 129
23 130
23 142
23 148
24 16
24 23
24 75
24 90
24 100
24 131
25 6
25 30
25 35
25 91
25 110
25 122
25 158
26 21
26 41
26 47
26 53
26 78
26 89
27 29
27 33
27 41
27 72
27 87
27 89
27 117
27 124
27 126
27 153
28 5
28 66
28 86
28 107
28 136
29 0
29 13
29 39
29 55
29 61
29 81
29 104
29 157
30 5
30 25
30 28
30 59
30 113
30 121
30 135
30 158
31 5
31 10
31 51
31 66
31 76
31 105
31 135
32 39
32 50
32 64
32 68
32 77
32 97
32 128
33 27
33 36
33 88
33 94
33 97
33 100
33 135
33 136
34 12
34 40
34 68
34 113
34 115
34 119
34 149
35 2
35 11
35 22
35 25
35 36
35 37
35 38
35 51
35 106
35 121
35 125
35 131
35 144
35 148
36 6
36 9
36 10
36 44
36 51
36 94
36 145
36 155
37 0
37 5
37 35
37 44
37 72
37 91
37 98
37 104
37 120
37 136
37 139
38 2
38 9
38 10
38 35
38 76
38 101
38 126
39 13
39 29
39 32
39 96
39 118
40 0
40 12
40 32
40 34
40 86
40 95
40 136
41 13
41 26
41 27
41 31
41 45
41 60
41 69
41 133
41 141
42 17
42 87
42 117
43 72
43 95
43 103
43 106
43 141
44 6
44 19
44 36
44 37
44 55
44 98
44 108
44 124
44 139
45 11
45 75
45 96
45 113
45 114
45 143
45 151
45 155
46 76
46 110
46 122
46 133
46 136
47 18
47 26
47 69
47 72
47 88
47 93
47 154
48 14
48 29
48 70
48 87
48 128
48 141
49 10
49 17
49 19
49 21
49 34
49 120
49 143
50 0
50 6
50 32
50 51
50 63
50 70
50 72
50 74
50 92
50 104
51 3
51 4
51 31
51 36
51 56
51 63
51 93
51 113
52 11
52 57
52 88
52 104
52 106
52 107
52 133
52 145
52 149
53 26
53 93
53 123
53 131
54 2
54 46
54 66
54 98
54 109
54 134
54 135
55 13
55 44
55 81
55 103
55 111
56 0
56 30
56 40
56 103
56 135
56 136
56 150
57 1
57 9
57 52
57 93
57 112
58 22
58 40
58 59
58 96
58 132
58 149
58 157
59 15
59 23
59 30
59 47
59 49
59 68
59 90
59 98
59 150
59 159
60 24
60 36
60 41
60 78
60 108
60 113
60 119
60 126
60 127
60 129
60 141
61 64
61 88
61 100
61 133
61 157
62 3
62 4
62 68
63 13
63 50
63 80
63 81
63 98
63 105
63 109
63 156
64 0
64 2
64 19
64 61
64 96
64 143
64 148
65 1
65 19
65 35
65 44
65 69
65 110
65 138
65 146
66 28
66 67
66 85
66 133
67 7
67 30
67 66
67 96
67 129
68 32
68 52
68 59
68 67
68 80
68 120
69 19
69 41
69 47
69 56
69 65
69 77
69 101
69 106
69 117
69 125
69 145
69 156
70 48
70 50
70 81
70 97
70 98
70 143
71 4
71 80
71 93
71 125
71 159
72 27
72 37
72 43
72 47
72 50
72 55
72 105
72 111
73 103
73 113
73 124
73 127
73 130
73 153
73 156
74 50
74 92
74 103
74 153
75 2
75 16
75 24
75 45
75 78
75 83
75 106
75 153
76 38
76 60
76 81
76 143
76 147
76 158
77 32
77 69
77 88
77 130
77 133
78 26
78 60
78 64
78 67
78 84
78 85
78 86
78 87
78 98
78 102
78 132
78 153
79 30
79 35
79 37
79 102
79 111
79 118
80 68
80 86
80 113
80 124
80 132
80 134
80 159
81 1
81 5
81 29
81 39
81 63
81 70
81 76
81 87
81 120
81 153
82 10
82 14
82 105
82 120
82 121
82 126
82 149
83 30
83 45
83 75
83 79
83 105
83 129
83 147
84 3
84 20
84 37
84 78
84 93
85 20
85 65
85 78
85 89
85 115
85 121
85 124
85 150
86 28
86 40
86 51
86 67
86 78
86 80
86 136
86 158
87 17
87 21
87 27
87 48
87 78
87 115
87 118
87 125
87 130
87 149
88 2
88 5
88 15
88 33
88 47
88 52
88 55
88 61
88 97
88 111
89 1
89 42
89 76
89 85
89 130
89 158
89 159
90 4
90 99
90 148
90 151
90 153
91 12
91 25
91 70
91 97
91 99
91 117
91 148
91 153
92 50
92 74
92 102
92 151
93 8
93 22
93 47
93 48
93 53
93 57
93 71
93 99
93 110
93 132
93 150
94 33
94 36
94 81
94 82
94 101
94 104
94 126
94 146
95 12
95 29
95 40
95 43
95 72
95 131
95 139
96 0
96 52
96 64
96 67
96 72
96 75
96 97
96 98
96 117
96 133
96 139
96 158
97 6
97 21
97 32
97 33
97 70
97 96
97 130
97 147
98 20
98 54
98 63
98 69
98 70
98 78
98 96
98 100
98 110
98 114
98 133
98 156
99 39
99 58
99 68
99 90
99 91
99 93
99 95
99 107
99 117
99 130
100 16
100 98
100 116
100 118
100 144
100 155
101 38
101 66
101 94
101 97
101 108
101 116
101 117
101 133
101 159
102 7
102 15
102 72
102 75
102 78
102 88
102 151
103 31
103 37
103 56
103 74
103 123
103 130
103 131
103 139
104 9
104 15
104 29
104 37
104 52
104 94
104 122
104 141
104 145
105 39
105 74
105 82
105 83
105 93
105 130
106 13
106 43
106 62
106 69
106 75
106 131
106 141
107 3
107 16
107 25
107 28
107 41
107 52
108 11
108 45
108 101
108 135
109 51
109 54
109 63
109 93
109 112
109 114
109 130
109 132
110 25
110 93
110 98
110 128
110 136
110 144
110 152
110 159
111 55
111 72
111 83
111 88
111 112
111 153
112 2
112 66
112 109
112 139
113 10
113 31
113 34
113 45
113 49
113 51
113 73
113 80
114 15
114 17
114 40
114 45
114 76
114 83
114 87
114 98
114 132
114 156
115 62
115 86
115 87
115 130
116 56
116 71
116 100
116 137
116 143
116 154
117 12
117 15
117 27
117 35
117 91
117 96
117 99
117 126
117 148
118 39
118 74
118 90
118 100
118 138
118 152
119 11
119 12
119 60
119 139
119 151
120 2
120 3
120 23
120 37
120 49
120 68
120 81
120 151
120 158
121 7
121 30
121 35
121 53
121 73
121 85
121 152
122 18
122 25
122 34
122 46
123 6
123 18
123 53
123 130
124 92
124 95
124 102
124 126
125 13
125 69
125 71
125 87
125 148
125 152
126 13
126 19
126 27
126 32
126 38
126 60
126 72
126 82
126 94
126 124
126 130
126 138
126 144
126 147
127 9
127 20
127 98
127 140
128 32
128 48
128 67
128 107
128 110
128 132
128 133
128 140
128 148
128 151
129 23
129 27
129 60
129 66
129 67
129 74
129 83
130 0
130 43
130 73
130 77
130 87
130 89
130 97
130 99
130 105
130 123
130 126
130 127
130 146
130 153
130 156
131 24
131 53
131 76
131 78
131 81
131 95
131 103
131 106
131 111
131 144
132 15
132 20
132 37
132 70
132 78
132 80
132 93
132 102
132 114
132 128
132 157
133 8
133 9
133 20
133 41
133 61
133 71
133 77
133 96
133 98
133 151
134 34
134 54
134 80
134 87
134 109
134 136
134 150
135 1
135 11
135 13
135 14
135 24
135 30
135 31
135 33
135 54
135 108
136 8
136 23
136 28
136 33
136 37
136 45
136 54
136 56
136 75
136 86
136 112
136 134
137 75
137 145
137 157
138 12
138 24
138 30
138 44
138 61
138 118
138 126
138 140
139 4
139 5
139 37
139 44
139 95
139 103
139 114
139 153
140 8
140 42
140 60
140 120
140 128
140 135
140 138
141 4
141 41
141 43
141 48
141 97
141 104
141 106
141 127
141 142
141 156
142 25
142 39
142 90
142 135
142 141
143 45
143 64
143 70
143 74
143 76
143 81
143 116
144 35
144 57
144 84
144 87
144 95
144 100
144 101
144 126
144 156
145 7
145 29
145 52
145 62
145 128
145 137
146 31
146 65
146 94
147 0
147 7
147 76
147 83
147 97
147 107
148 23
148 35
148 38
148 64
148 91
148 107
148 117
148 128
149 52
149 58
149 82
149 87
149 101
149 120
149 123
150 15
150 22
150 39
150 56
150 59
150 71
150 74
150 93
150 112
150 125
150 134
150 155
151 15
151 90
151 119
151 133
151 142
152 0
152 22
152 25
152 110
152 118
153 13
153 21
153 31
153 34
153 57
153 73
153 74
153 75
153 81
153 90
153 91
153 139
153 156
154 1
154 6
154 47
154 116
154 159
155 7
155 36
155 100
155 102
155 150
156 69
156 98
156 114
156 130
156 141
156 150
157 3
157 7
157 29
157 100
157 130
157 132
157 137
158 3
158 12
158 24
158 30
158 43
158 86
158 96
159 21
159 22
159 59
159 71
159 79
159 80
159 89
159 110
159 133
159 154
159 155
0 1 2 3 4 5 6 7 8 9 10 11 12 13 14 15 16 17 18 19 20 21 22 23 24 25 26 27 28 29 30 31 32 33 34 35 36 37 38 39
