160 3774 24
0 1
0 16
0 18
0 19
0 35
0 48
0 51
0 53
0 58
0 59
0 70
0 75
0 91
0 100
0 104
0 105
0 111
0 113
0 116
0 119
0 131
0 133
0 137
0 139
0 143
1 0
1 8
1 16
1 17
1 31
1 38
1 51
1 53
1 55
1 57
1 74
1 80
1 94
1 100
1 107
1 108
1 127
1 130
1 144
2 10
2 20
2 34
2 61
2 62
2 81
2 86
2 87
2 90
2 92
2 99
2 107
2 110
2 133
2 137
2 144
2 155
2 159
3 8
3 12
3 14
3 19
3 24
3 30
3 32
3 36
3 41
3 44
3 48
3 57
3 68
3 70
3 74
3 91
3 96
3 103
3 112
3 129
3 139
3 143
3 145
3 153
3 157
4 29
4 36
4 40
4 41
4 47
4 50
4 57
4 71
4 91
4 105
4 106
4 111
4 116
4 120
4 121
4 122
4 135
4 140
4 150
4 153
4 158
5 7
5 11
5 14
5 21
5 31
5 33
5 38
5 46
5 49
5 74
5 77
5 78
5 79
5 81
5 90
5 95
5 96
5 107
5 121
5 133
5 151
6 18
6 23
6 24
6 31
6 32
6 36
6 40
6 44
6 48
6 51
6 62
6 65
6 83
6 84
6 93
6 95
6 100
6 101
6 109
6 117
6 124
6 135
6 156
6 158
6 159
7 17
7 18
7 19
7 23
7 26
7 40
7 53
7 56
7 58
7 74
7 76
7 84
7 85
7 86
7 89
7 94
7 95
7 98
7 104
7 112
7 117
7 119
7 124
7 125
7 127
7 128
7 138
7 150
7 155
7 158
7 159
8 3
8 33
8 43
8 44
8 50
8 59
8 60
8 61
8 64
8 65
8 69
8 72
8 73
8 77
8 82
8 84
8 93
8 97
8 100
8 101
8 107
8 116
8 135
8 140
8 153
9 2
9 5
9 10
9 23
9 42
9 60
9 62
9 72
9 83
9 91
9 92
9 93
9 111
9 124
9 141
10 9
10 13
10 15
10 28
10 37
10 39
10 43
10 45
10 48
10 55
10 61
10 64
10 67
10 77
10 78
10 94
10 95
10 96
10 103
10 115
10 132
10 135
10 137
10 143
10 156
11 5
11 10
11 18
11 32
11 34
11 38
11 39
11 49
11 55
11 63
11 68
11 76
11 79
11 80
11 101
11 110
11 117
11 129
11 133
11 142
11 152
11 155
11 159
12 0
12 4
12 24
12 57
12 63
12 64
12 75
12 76
12 77
12 83
12 90
12 94
12 96
12 115
12 122
12 138
12 143
12 145
13 1
13 8
13 10
13 14
13 21
13 35
13 37
13 38
13 41
13 43
13 52
13 57
13 64
13 73
13 81
13 84
13 100
13 116
13 118
13 124
13 129
13 148
13 149
13 154
13 156
14 3
14 11
14 13
14 16
14 30
14 31
14 36
14 44
14 58
14 60
14 64
14 65
14 66
14 68
14 70
14 72
14 78
14 81
14 87
14 91
14 107
14 111
14 134
14 136
14 138
14 140
14 142
14 147
14 157
15 31
15 44
15 50
15 58
15 60
15 64
15 74
15 76
15 84
15 95
15 98
15 113
15 118
15 122
15 123
15 127
15 132
15 156
15 157
16 0
16 1
16 13
16 14
16 23
16 27
16 29
16 31
16 32
16 33
16 37
16 39
16 55
16 61
16 62
16 68
16 69
16 70
16 78
16 99
16 101
16 110
16 111
16 120
16 122
16 127
16 140
16 143
16 144
16 147
16 149
16 158
17 1
17 7
17 25
17 39
17 42
17 47
17 52
17 58
17 66
17 78
17 81
17 105
17 127
17 138
17 143
17 155
17 158
18 0
18 7
18 11
18 12
18 27
18 29
18 37
18 48
18 51
18 55
18 59
18 65
18 78
18 89
18 91
18 93
18 95
18 100
18 108
18 112
18 120
18 122
18 125
18 127
18 130
18 153
19 0
19 3
19 9
19 12
19 17
19 18
19 20
19 23
19 29
19 53
19 57
19 76
19 99
19 115
19 117
19 146
19 147
19 152
19 153
19 156
19 158
20 2
20 7
20 22
20 24
20 36
20 49
20 52
20 57
20 62
20 65
20 89
20 91
20 113
20 130
20 140
20 147
20 154
20 155
21 13
21 23
21 24
21 45
21 73
21 83
21 84
21 90
21 92
21 97
21 98
21 117
21 122
21 123
21 127
21 131
21 134
21 138
21 139
21 142
21 148
22 16
22 20
22 25
22 29
22 39
22 40
22 46
22 49
22 55
22 59
22 62
22 63
22 69
22 105
22 106
22 109
22 117
22 133
22 136
22 139
22 150
22 153
23 0
23 6
23 9
23 19
23 21
23 24
23 27
23 38
23 40
23 51
23 60
23 68
23 69
23 70
23 84
23 85
23 104
23 109
23 111
23 114
23 119
23 127
23 135
23 149
23 152
23 154
23 155
24 8
24 20
24 30
24 31
24 33
24 37
24 40
24 41
24 43
24 44
24 46
24 66
24 72
24 77
24 81
24 96
24 102
24 111
24 114
24 115
24 117
24 122
24 123
24 127
24 129
24 130
24 134
24 155
25 17
25 22
25 27
25 30
25 35
25 37
25 46
25 47
25 56
25 58
25 63
25 72
25 88
25 102
25 110
25 119
25 121
25 131
25 139
25 145
25 148
25 153
25 159
26 7
26 27
26 30
26 38
26 53
26 59
26 75
26 84
26 97
26 100
26 105
26 109
26 113
26 114
26 119
26 130
26 142
26 150
26 152
27 2
27 16
27 23
27 25
27 26
27 47
27 48
27 49
27 53
27 54
27 65
27 77
27 79
27 91
27 95
27 100
27 104
27 105
27 114
27 116
27 118
27 121
27 122
27 127
27 139
27 147
27 153
28 10
28 33
28 38
28 54
28 64
28 71
28 73
28 82
28 88
28 97
28 100
28 101
28 104
28 109
28 114
28 116
28 118
28 121
28 123
28 128
28 129
28 140
28 142
28 151
28 153
28 159
29 1
29 4
29 18
29 19
29 23
29 37
29 41
29 42
29 43
29 54
29 64
29 75
29 89
29 90
29 101
29 102
29 106
29 111
29 121
29 134
29 135
29 140
29 141
29 147
29 153
30 3
30 13
30 14
30 24
30 36
30 37
30 40
30 42
30 44
30 48
30 57
30 58
30 60
30 70
30 88
30 90
30 96
30 121
30 134
30 137
30 147
30 148
30 152
30 153
30 156
31 5
31 6
31 14
31 15
31 16
31 24
31 32
31 43
31 52
31 53
31 59
31 60
31 67
31 92
31 103
31 104
31 106
31 107
31 119
31 129
31 133
31 138
31 143
31 145
31 152
31 154
31 157
32 36
32 59
32 62
32 82
32 95
32 99
32 103
32 114
32 126
32 132
32 133
32 136
32 140
32 153
33 1
33 23
33 28
33 36
33 44
33 49
33 56
33 57
33 58
33 60
33 64
33 74
33 80
33 88
33 106
33 112
33 113
33 117
33 121
33 124
33 126
33 130
33 152
33 155
33 158
33 159
34 2
34 5
34 31
34 39
34 50
34 51
34 54
34 59
34 67
34 77
34 80
34 85
34 90
34 92
34 96
34 110
34 111
34 118
34 124
34 133
34 137
34 143
34 156
35 0
35 14
35 34
35 36
35 45
35 51
35 53
35 63
35 70
35 78
35 80
35 81
35 82
35 102
35 114
35 120
35 122
35 125
35 128
35 129
35 135
35 137
35 155
36 3
36 6
36 14
36 20
36 33
36 48
36 71
36 87
36 100
36 106
36 111
36 121
36 124
36 135
36 142
36 154
37 10
37 16
37 19
37 24
37 27
37 29
37 41
37 59
37 62
37 79
37 86
37 88
37 98
37 100
37 107
37 116
37 127
37 130
37 131
37 133
37 134
37 140
37 155
37 159
38 1
38 11
38 12
38 21
38 23
38 26
38 28
38 40
38 44
38 54
38 68
38 74
38 87
38 96
38 114
38 120
38 126
38 128
38 129
38 133
38 142
38 146
38 150
38 155
38 158
39 1
39 4
39 10
39 11
39 13
39 16
39 17
39 22
39 25
39 31
39 33
39 34
39 51
39 54
39 55
39 64
39 72
39 74
39 81
39 86
39 93
39 109
39 111
39 115
39 121
39 122
39 133
39 135
39 137
39 146
39 154
39 155
39 156
40 4
40 6
40 7
40 19
40 22
40 23
40 24
40 36
40 38
40 39
40 49
40 52
40 56
40 77
40 92
40 96
40 97
40 100
40 108
40 117
40 121
40 122
40 126
40 128
40 130
40 151
40 159
41 3
41 4
41 9
41 10
41 13
41 24
41 28
41 29
41 32
41 53
41 55
41 64
41 65
41 69
41 91
41 95
41 100
41 136
41 137
41 147
41 150
41 152
41 156
42 1
42 9
42 15
42 17
42 22
42 29
42 31
42 62
42 67
42 68
42 86
42 90
42 92
42 98
42 99
42 110
42 111
42 114
42 124
42 140
42 146
43 8
43 10
43 13
43 22
43 24
43 29
43 48
43 51
43 61
43 63
43 64
43 68
43 80
43 82
43 84
43 89
43 90
43 91
43 100
43 103
43 106
43 120
43 135
43 139
43 152
44 3
44 6
44 8
44 14
44 15
44 19
44 24
44 26
44 30
44 33
44 38
44 47
44 63
44 64
44 67
44 71
44 74
44 92
44 94
44 105
44 110
44 121
44 126
44 130
44 140
44 141
44 157
44 158
45 13
45 21
45 46
45 56
45 57
45 58
45 71
45 73
45 78
45 102
45 105
45 106
45 117
45 123
45 124
45 129
45 132
45 134
45 145
45 152
45 157
46 5
46 14
46 22
46 24
46 25
46 40
46 45
46 48
46 51
46 53
46 58
46 72
46 74
46 81
46 86
46 94
46 99
46 113
46 120
46 141
46 142
46 146
46 147
46 158
47 4
47 14
47 17
47 27
47 53
47 58
47 64
47 73
47 79
47 91
47 94
47 98
47 106
47 107
47 118
47 119
47 125
47 129
47 143
47 150
47 151
47 154
48 0
48 2
48 3
48 10
48 18
48 19
48 26
48 30
48 49
48 66
48 69
48 70
48 74
48 80
48 82
48 83
48 89
48 90
48 92
48 93
48 98
48 103
48 108
48 113
48 115
48 130
48 134
48 137
48 139
48 156
48 158
49 5
49 11
49 20
49 32
49 33
49 40
49 47
49 48
49 55
49 58
49 59
49 64
49 69
49 72
49 78
49 79
49 101
49 107
49 108
49 109
49 111
49 117
49 131
49 137
49 139
49 147
49 150
49 151
49 153
49 157
49 159
50 2
50 8
50 15
50 19
50 21
50 30
50 34
50 51
50 52
50 55
50 58
50 66
50 75
50 82
50 85
50 86
50 89
50 96
50 98
50 107
50 118
50 123
50 130
50 140
50 157
51 17
51 22
51 23
51 34
51 39
51 43
51 46
51 53
51 56
51 65
51 69
51 79
51 81
51 124
51 135
51 136
51 137
51 143
51 146
52 9
52 20
52 31
52 38
52 39
52 40
52 50
52 64
52 66
52 75
52 76
52 83
52 84
52 95
52 97
52 102
52 115
52 122
52 128
52 130
52 136
52 139
52 142
52 143
52 151
52 154
52 159
53 1
53 7
53 16
53 19
53 31
53 35
53 41
53 43
53 44
53 47
53 51
53 59
53 63
53 66
53 70
53 78
53 85
53 93
53 96
53 105
53 109
53 119
53 123
53 125
53 134
53 138
53 142
53 147
53 148
53 150
54 5
54 7
54 27
54 29
54 39
54 43
54 59
54 71
54 78
54 82
54 94
54 112
54 113
54 130
54 132
54 133
54 135
54 138
54 139
54 140
54 144
54 146
54 149
54 159
55 4
55 9
55 10
55 11
55 13
55 16
55 18
55 22
55 24
55 30
55 39
55 41
55 49
55 50
55 57
55 63
55 78
55 84
55 88
55 103
55 121
55 124
55 125
55 128
55 129
55 152
55 154
56 7
56 12
56 33
56 37
56 45
56 51
56 58
56 61
56 62
56 63
56 82
56 88
56 91
56 112
56 117
56 119
56 128
56 147
56 152
56 155
56 157
56 158
57 1
57 3
57 12
57 13
57 20
57 30
57 33
57 43
57 45
57 55
57 56
57 62
57 69
57 70
57 101
57 111
57 128
57 135
57 146
57 147
57 154
58 0
58 2
58 6
58 7
58 9
58 12
58 14
58 25
58 27
58 30
58 45
58 46
58 47
58 49
58 50
58 64
58 74
58 75
58 76
58 78
58 93
58 98
58 103
58 105
58 106
58 118
58 140
58 158
59 8
59 11
59 12
59 18
59 22
59 32
59 34
59 37
59 46
59 66
59 69
59 70
59 73
59 84
59 86
59 91
59 105
59 114
59 124
59 128
59 131
59 136
59 137
59 141
59 144
60 0
60 15
60 20
60 23
60 33
60 62
60 64
60 77
60 87
60 93
60 96
60 115
60 127
60 129
60 130
60 133
60 150
60 157
61 4
61 10
61 12
61 50
61 51
61 56
61 57
61 67
61 72
61 74
61 85
61 92
61 108
61 119
61 123
61 139
61 144
61 145
61 146
61 149
61 153
62 2
62 6
62 9
62 12
62 18
62 20
62 28
62 37
62 42
62 58
62 72
62 75
62 85
62 87
62 97
62 111
62 112
62 116
62 120
62 121
62 123
62 126
62 151
62 156
63 11
63 12
63 22
63 25
63 35
63 43
63 44
63 53
63 74
63 91
63 92
63 102
63 104
63 119
63 120
63 121
63 126
63 127
63 136
63 154
63 155
63 156
64 8
64 12
64 13
64 15
64 28
64 29
64 33
64 39
64 41
64 46
64 52
64 60
64 93
64 125
64 134
64 141
64 149
64 155
64 156
65 1
65 2
65 6
65 8
65 14
65 18
65 30
65 34
65 41
65 51
65 60
65 66
65 77
65 89
65 100
65 107
65 116
65 117
65 125
65 135
65 136
65 145
65 150
65 157
65 159
66 4
66 14
66 17
66 24
66 28
66 32
66 48
66 50
66 52
66 53
66 57
66 69
66 72
66 74
66 81
66 99
66 117
66 120
66 128
66 133
66 148
66 159
67 10
67 31
67 34
67 42
67 44
67 58
67 68
67 73
67 74
67 82
67 94
67 106
67 109
67 112
67 115
67 117
67 132
67 141
67 152
67 155
68 3
68 7
68 13
68 14
68 16
68 23
68 28
68 42
68 43
68 50
68 53
68 55
68 58
68 62
68 63
68 70
68 77
68 79
68 82
68 95
68 96
68 101
68 108
68 119
68 122
68 126
68 128
68 131
68 141
68 144
68 157
69 8
69 16
69 22
69 23
69 33
69 39
69 41
69 48
69 51
69 54
69 60
69 66
69 78
69 86
69 100
69 123
69 124
69 134
69 143
69 154
70 0
70 3
70 14
70 23
70 28
70 35
70 49
70 52
70 57
70 68
70 75
70 84
70 93
70 99
70 100
70 118
70 120
70 128
70 133
70 144
70 152
70 153
70 155
71 3
71 4
71 21
71 23
71 33
71 36
71 44
71 54
71 60
71 68
71 79
71 84
71 92
71 95
71 98
71 103
71 117
71 126
71 131
71 132
71 144
71 158
72 8
72 9
72 12
72 14
72 39
72 40
72 49
72 50
72 51
72 61
72 62
72 90
72 106
72 110
72 121
72 123
72 133
72 134
72 137
72 149
72 151
72 155
73 5
73 13
73 21
73 23
73 45
73 47
73 52
73 59
73 70
73 82
73 83
73 88
73 94
73 104
73 105
73 141
73 157
74 3
74 5
74 15
74 21
74 38
74 39
74 41
74 43
74 44
74 46
74 48
74 55
74 58
74 61
74 63
74 66
74 67
74 78
74 93
74 100
74 110
74 113
74 114
74 118
74 150
74 155
74 158
75 0
75 29
75 51
75 58
75 70
75 85
75 95
75 98
75 110
75 116
75 117
75 124
75 126
75 139
75 143
75 144
75 150
75 155
75 156
76 7
76 11
76 15
76 19
76 20
76 34
76 52
76 58
76 68
76 93
76 98
76 107
76 111
76 120
76 135
76 139
76 140
76 150
77 8
77 10
77 12
77 27
77 36
77 40
77 54
77 57
77 60
77 98
77 106
77 107
77 110
77 117
77 118
77 123
77 126
77 135
77 143
77 151
77 154
77 158
78 5
78 9
78 10
78 16
78 17
78 18
78 35
78 45
78 49
78 54
78 58
78 66
78 74
78 81
78 84
78 93
78 94
78 103
78 115
78 116
78 117
78 121
78 137
78 144
78 145
79 5
79 11
79 25
79 27
79 29
79 37
79 47
79 48
79 49
79 71
79 82
79 94
79 97
79 104
79 106
79 120
79 128
79 143
79 144
79 145
80 1
80 5
80 11
80 33
80 36
80 43
80 55
80 61
80 66
80 79
80 90
80 99
80 107
80 109
80 112
80 113
80 114
80 128
80 129
80 135
80 136
80 141
80 152
80 153
80 155
81 2
81 15
81 35
81 41
81 46
81 51
81 66
81 78
81 99
81 101
81 114
81 117
81 122
81 125
81 129
81 130
81 131
81 147
81 155
81 157
82 37
82 43
82 45
82 54
82 56
82 67
82 68
82 79
82 92
82 99
82 102
82 103
82 114
82 115
82 118
82 128
82 137
82 140
82 151
82 158
83 6
83 9
83 12
83 15
83 21
83 27
83 30
83 36
83 46
83 79
83 85
83 90
83 115
83 121
83 129
83 134
83 135
83 136
83 138
83 142
83 157
84 6
84 7
84 8
84 9
84 23
84 26
84 33
84 55
84 59
84 63
84 71
84 78
84 89
84 94
84 112
84 115
84 116
84 119
84 120
84 124
84 134
84 135
84 143
84 145
84 148
85 7
85 12
85 23
85 34
85 50
85 61
85 62
85 75
85 95
85 96
85 97
85 109
85 113
85 115
85 127
85 147
85 151
86 1
86 8
86 18
86 39
86 42
86 47
86 50
86 69
86 88
86 98
86 123
86 130
86 131
86 136
86 138
86 152
87 2
87 10
87 28
87 36
87 47
87 60
87 70
87 71
87 79
87 88
87 90
87 91
87 92
87 97
87 116
87 126
87 131
87 135
87 142
87 144
87 154
88 3
88 5
88 23
88 28
88 30
88 33
88 37
88 73
88 86
88 87
88 92
88 96
88 97
88 100
88 104
88 105
88 110
88 112
88 114
88 120
88 128
88 138
88 142
88 149
88 156
88 157
89 7
89 16
89 18
89 19
89 29
89 42
89 43
89 45
89 69
89 74
89 76
89 91
89 98
89 103
89 108
89 126
89 129
89 131
89 140
89 153
89 159
90 0
90 2
90 5
90 12
90 14
90 17
90 24
90 25
90 29
90 30
90 34
90 43
90 48
90 83
90 85
90 87
90 91
90 93
90 104
90 121
90 135
90 137
90 140
90 157
91 0
91 2
91 3
91 4
91 9
91 17
91 27
91 41
91 43
91 47
91 63
91 81
91 82
91 87
91 88
91 89
91 90
91 95
91 102
91 105
91 107
91 111
91 120
91 131
91 133
91 136
91 137
91 140
91 145
91 150
91 154
92 15
92 21
92 31
92 42
92 45
92 48
92 61
92 63
92 69
92 71
92 77
92 87
92 88
92 94
92 96
92 99
92 103
92 119
92 120
92 121
92 137
92 139
92 142
92 151
92 155
92 159
93 11
93 14
93 18
93 19
93 26
93 31
93 39
93 48
93 64
93 76
93 78
93 90
93 94
93 99
93 102
93 107
93 108
93 139
93 145
93 150
93 155
93 159
94 12
94 18
94 44
94 46
94 47
94 53
94 67
94 79
94 80
94 84
94 92
94 100
94 116
94 117
94 122
94 126
94 138
94 144
94 153
94 154
94 156
95 6
95 10
95 18
95 22
95 24
95 27
95 32
95 33
95 41
95 68
95 75
95 79
95 82
95 85
95 94
95 96
95 100
95 111
95 126
95 128
95 133
95 136
95 142
95 150
95 151
95 159
96 3
96 5
96 8
96 17
96 27
96 34
96 38
96 40
96 46
96 50
96 68
96 85
96 88
96 102
96 105
96 109
96 110
96 116
96 122
96 125
96 126
96 131
96 140
96 142
96 143
96 144
96 155
96 156
96 158
97 8
97 13
97 18
97 21
97 24
97 26
97 27
97 40
97 52
97 54
97 62
97 67
97 69
97 77
97 79
97 80
97 87
97 89
97 99
97 112
97 113
97 121
97 152
97 154
98 15
98 18
98 21
98 24
98 37
98 47
98 48
98 49
98 50
98 64
98 71
98 75
98 76
98 77
98 79
98 102
98 105
98 111
98 125
98 126
98 129
98 134
98 138
98 145
99 2
99 19
99 22
99 29
99 31
99 33
99 37
99 42
99 43
99 46
99 54
99 70
99 71
99 73
99 79
99 80
99 81
99 92
99 93
99 96
99 97
99 103
99 105
99 106
99 107
99 118
99 128
99 132
99 141
99 145
100 0
100 1
100 7
100 8
100 11
100 18
100 27
100 28
100 36
100 37
100 40
100 41
100 43
100 65
100 67
100 74
100 88
100 96
100 105
100 106
100 107
100 108
100 122
100 123
100 124
100 135
100 138
100 142
100 144
101 8
101 16
101 18
101 37
101 49
101 60
101 68
101 74
101 85
101 95
101 104
101 106
101 109
101 110
101 122
101 127
101 131
101 137
101 140
101 157
101 159
102 26
102 29
102 38
102 45
102 52
102 63
102 82
102 91
102 93
102 96
102 105
102 115
102 118
102 119
102 125
102 129
102 138
102 141
102 144
102 151
102 158
102 159
103 3
103 18
103 21
103 31
103 32
103 41
103 43
103 55
103 57
103 58
103 71
103 80
103 89
103 92
103 99
103 104
103 110
103 111
103 112
103 124
103 133
103 136
104 0
104 7
104 9
104 15
104 19
104 23
104 27
104 28
104 32
104 59
104 63
104 73
104 79
104 90
104 103
104 118
104 122
104 129
104 134
104 151
104 158
105 0
105 4
105 19
105 25
105 27
105 30
105 44
105 45
105 53
105 59
105 73
105 78
105 87
105 91
105 98
105 99
105 100
105 101
105 102
105 124
105 126
105 130
105 131
105 144
106 12
106 21
106 22
106 31
106 33
106 43
106 45
106 47
106 58
106 67
106 101
106 113
106 123
106 132
106 136
106 140
106 150
107 1
107 2
107 5
107 8
107 14
107 18
107 31
107 62
107 65
107 76
107 77
107 80
107 91
107 93
107 96
107 99
107 100
107 124
107 132
107 137
107 150
108 1
108 10
108 24
108 48
108 49
108 68
108 72
108 79
108 91
108 100
108 107
108 109
108 112
108 115
108 129
108 152
108 156
109 6
109 22
109 23
109 26
109 28
109 39
109 41
109 47
109 53
109 67
109 85
109 96
109 101
109 115
109 117
109 120
109 141
109 142
109 151
110 2
110 16
110 25
110 34
110 44
110 47
110 53
110 54
110 63
110 72
110 75
110 77
110 88
110 96
110 103
110 123
110 136
110 152
111 0
111 4
111 10
111 14
111 23
111 34
111 36
111 39
111 49
111 50
111 62
111 75
111 76
111 92
111 95
111 112
111 113
111 120
111 123
111 124
111 125
111 129
111 131
111 149
111 151
112 5
112 11
112 18
112 28
112 33
112 52
112 54
112 65
112 67
112 80
112 84
112 88
112 97
112 103
112 111
112 114
112 119
112 124
112 126
112 128
112 129
112 143
112 145
112 147
112 150
113 0
113 2
113 15
113 17
113 26
113 37
113 54
113 60
113 74
113 80
113 85
113 97
113 106
113 111
113 117
113 119
113 129
113 142
113 156
113 158
114 1
114 15
114 23
114 25
114 26
114 27
114 31
114 32
114 35
114 40
114 53
114 58
114 70
114 80
114 82
114 85
114 88
114 120
114 122
114 142
114 144
114 146
114 157
115 19
115 24
115 39
115 48
115 52
115 60
115 67
115 76
115 78
115 86
115 102
115 108
115 109
115 117
115 119
115 120
115 128
115 134
115 138
115 143
115 145
115 150
115 151
115 153
116 0
116 4
116 7
116 8
116 14
116 27
116 37
116 62
116 65
116 78
116 84
116 87
116 114
116 119
116 127
116 141
116 156
116 159
117 6
117 11
117 18
117 19
117 21
117 24
117 33
117 40
117 45
117 48
117 49
117 54
117 56
117 65
117 66
117 70
117 75
117 78
117 81
117 94
117 113
117 115
117 123
117 133
117 142
117 150
117 151
117 152
117 154
118 13
118 27
118 47
118 55
118 58
118 68
118 73
118 77
118 82
118 104
118 113
118 120
118 127
118 133
118 134
118 136
118 138
118 149
118 150
118 154
118 156
118 158
119 0
119 7
119 9
119 25
119 31
119 34
119 38
119 47
119 63
119 70
119 71
119 87
119 112
119 115
119 125
119 133
119 141
119 143
119 150
119 152
119 157
120 2
120 6
120 12
120 16
120 27
120 32
120 35
120 38
120 43
120 45
120 62
120 63
120 66
120 76
120 79
120 80
120 84
120 88
120 90
120 91
120 92
120 109
120 111
120 114
120 118
120 124
120 132
120 137
120 143
120 147
120 155
120 158
121 4
121 7
121 16
121 17
121 26
121 28
121 33
121 40
121 44
121 46
121 55
121 62
121 63
121 78
121 83
121 84
121 87
121 90
121 92
121 101
121 134
121 138
122 4
122 10
122 12
122 15
122 18
122 21
122 27
122 35
122 39
122 46
122 52
122 71
122 80
122 94
122 95
122 96
122 100
122 101
122 114
122 128
122 135
122 138
122 157
122 158
122 159
123 15
123 20
123 24
123 28
123 45
123 53
123 62
123 68
123 69
123 70
123 74
123 77
123 86
123 106
123 110
123 124
123 130
123 131
123 135
124 3
124 7
124 9
124 17
124 18
124 27
124 34
124 36
124 37
124 42
124 45
124 55
124 57
124 59
124 66
124 69
124 75
124 89
124 91
124 93
124 100
124 103
124 107
124 111
124 113
124 118
124 120
124 123
124 126
124 141
124 144
124 153
124 157
125 4
125 21
125 29
125 35
125 40
125 53
125 55
125 57
125 59
125 64
125 65
125 79
125 80
125 81
125 101
125 102
125 104
125 111
125 119
125 129
125 130
125 144
125 145
125 150
126 9
126 33
126 35
126 36
126 40
126 44
126 62
126 63
126 68
126 77
126 80
126 87
126 89
126 94
126 95
126 96
126 98
126 99
126 100
126 103
126 112
126 122
126 124
126 130
126 144
126 145
126 152
127 15
127 17
127 21
127 23
127 61
127 63
127 85
127 100
127 116
127 118
127 129
127 142
127 146
127 148
128 7
128 16
128 28
128 31
128 38
128 40
128 52
128 57
128 61
128 66
128 68
128 80
128 82
128 88
128 95
128 99
128 100
128 108
128 112
128 114
128 115
128 123
128 138
128 142
129 7
129 9
129 11
129 19
129 24
129 28
129 31
129 38
129 44
129 45
129 47
129 56
129 60
129 80
129 98
129 102
129 103
129 104
129 111
129 112
129 113
129 115
129 127
129 130
129 147
129 148
129 149
129 156
130 1
130 11
130 18
130 20
130 23
130 24
130 32
130 33
130 37
130 40
130 48
130 50
130 52
130 79
130 81
130 86
130 97
130 98
130 105
130 117
130 118
130 120
130 126
130 127
130 153
130 158
131 0
131 3
131 7
131 37
131 47
131 49
131 68
131 71
131 89
131 91
131 96
131 105
131 117
131 118
131 122
131 123
131 130
131 139
131 142
131 143
131 145
131 152
131 157
132 45
132 67
132 71
132 76
132 86
132 104
132 106
132 119
132 120
132 128
132 129
132 134
132 139
132 151
132 155
133 0
133 5
133 11
133 16
133 22
133 31
133 36
133 38
133 39
133 42
133 50
133 60
133 66
133 70
133 72
133 73
133 80
133 93
133 95
133 103
133 117
133 118
133 119
133 135
133 136
133 140
133 142
133 149
133 150
134 1
134 7
134 8
134 14
134 16
134 21
134 24
134 29
134 31
134 64
134 72
134 76
134 82
134 104
134 105
134 110
134 115
134 118
134 121
134 131
134 132
134 133
134 138
134 140
134 146
134 148
134 152
134 153
134 154
134 158
135 2
135 4
135 6
135 10
135 14
135 23
135 35
135 36
135 54
135 57
135 62
135 65
135 76
135 81
135 83
135 86
135 87
135 88
135 90
135 97
135 104
135 106
135 113
135 122
135 123
135 132
135 133
135 137
135 153
135 158
136 14
136 22
136 41
136 48
136 51
136 52
136 63
136 64
136 65
136 76
136 86
136 91
136 95
136 98
136 103
136 106
136 110
136 111
136 120
136 126
136 133
136 140
136 148
136 152
136 156
137 0
137 2
137 10
137 15
137 17
137 35
137 41
137 46
137 49
137 59
137 72
137 78
137 85
137 90
137 92
137 101
137 107
137 120
137 135
137 147
137 153
137 154
137 156
137 158
138 7
138 12
138 15
138 17
138 24
138 42
138 53
138 54
138 60
138 65
138 69
138 86
138 88
138 94
138 98
138 100
138 102
138 115
138 118
138 121
138 122
138 123
138 134
138 140
138 152
138 154
139 0
139 19
139 22
139 25
139 27
139 43
139 49
139 52
139 54
139 61
139 76
139 79
139 92
139 94
139 98
139 131
139 132
139 141
139 144
139 145
139 149
139 151
139 152
139 159
140 4
140 14
140 20
140 26
140 29
140 32
140 37
140 50
140 54
140 58
140 61
140 62
140 76
140 82
140 87
140 89
140 90
140 101
140 106
140 113
140 117
140 133
140 141
140 142
140 146
140 149
140 150
141 1
141 5
141 6
141 9
141 21
141 27
141 29
141 44
141 46
141 56
141 59
141 67
141 68
141 70
141 73
141 75
141 80
141 89
141 91
141 99
141 107
141 109
141 118
141 124
141 131
141 139
141 146
141 148
141 153
141 156
142 11
142 21
142 26
142 28
142 36
142 38
142 41
142 46
142 52
142 55
142 81
142 83
142 87
142 88
142 92
142 95
142 109
142 114
142 117
142 128
142 131
142 133
142 135
142 136
142 140
142 144
142 147
142 150
143 0
143 6
143 16
143 17
143 23
143 34
143 35
143 37
143 47
143 51
143 59
143 68
143 73
143 79
143 84
143 96
143 112
143 115
143 118
143 136
143 146
143 151
143 153
144 2
144 16
144 19
144 38
144 41
144 54
144 63
144 68
144 71
144 72
144 75
144 77
144 79
144 96
144 99
144 102
144 111
144 114
144 121
144 125
144 126
144 136
144 139
144 141
144 145
144 147
144 148
144 158
145 12
145 13
145 25
145 27
145 38
145 41
145 44
145 45
145 46
145 50
145 65
145 79
145 84
145 91
145 93
145 94
145 95
145 96
145 99
145 115
145 126
145 131
145 144
146 10
146 19
146 24
146 39
146 42
146 51
146 52
146 54
146 57
146 96
146 114
146 127
146 134
146 139
146 140
146 141
146 143
146 147
146 150
146 156
146 157
146 158
147 10
147 14
147 17
147 19
147 27
147 29
147 30
147 41
147 42
147 49
147 53
147 56
147 57
147 91
147 112
147 122
147 129
147 137
147 141
147 142
147 146
147 154
148 13
148 21
148 28
148 30
148 53
148 57
148 66
148 84
148 100
148 129
148 139
148 141
148 144
148 146
148 149
148 154
149 13
149 16
149 23
149 24
149 28
149 32
149 44
149 54
149 56
149 64
149 72
149 88
149 107
149 129
149 154
149 158
150 4
150 7
150 22
150 35
150 38
150 41
150 49
150 51
150 53
150 65
150 74
150 79
150 81
150 91
150 93
150 95
150 98
150 100
150 107
150 112
150 115
150 117
150 118
150 119
150 120
150 139
150 143
150 146
151 4
151 5
151 40
151 47
151 49
151 52
151 62
151 63
151 79
151 90
151 92
151 95
151 102
151 108
151 109
151 115
151 117
151 134
151 142
151 143
151 149
151 155
151 157
151 159
152 11
152 23
152 26
152 29
152 30
152 31
152 33
152 37
152 41
152 43
152 45
152 55
152 56
152 67
152 70
152 77
152 80
152 85
152 86
152 90
152 108
152 110
152 119
152 120
152 123
152 126
152 131
152 134
152 135
152 136
152 139
152 143
153 0
153 4
153 8
153 12
153 18
153 21
153 25
153 27
153 28
153 29
153 35
153 49
153 68
153 77
153 80
153 89
153 94
153 105
153 106
153 115
153 124
153 134
153 135
153 137
153 143
154 13
154 20
154 23
154 27
154 39
154 51
154 52
154 55
154 62
154 63
154 72
154 77
154 82
154 87
154 91
154 94
154 106
154 110
154 117
154 134
154 137
154 147
154 148
154 149
154 156
155 2
155 7
155 11
155 17
155 20
155 23
155 24
155 37
155 38
155 39
155 43
155 64
155 67
155 70
155 74
155 75
155 80
155 92
155 93
155 109
155 132
155 133
155 136
155 150
155 151
155 153
155 158
156 13
156 19
156 30
156 39
156 41
156 43
156 54
156 57
156 62
156 63
156 64
156 71
156 75
156 94
156 96
156 113
156 118
156 129
156 136
156 137
156 141
156 154
156 157
157 3
157 7
157 14
157 23
157 31
157 32
157 33
157 44
157 46
157 47
157 50
157 56
157 64
157 65
157 68
157 73
157 82
157 86
157 88
157 90
157 101
157 114
157 119
157 146
157 151
158 4
158 7
158 17
158 19
158 22
158 31
158 38
158 44
158 46
158 47
158 56
158 60
158 62
158 77
158 113
158 118
158 120
158 130
158 132
158 137
158 144
158 146
158 155
158 159
159 4
159 6
159 7
159 8
159 11
159 25
159 27
159 28
159 33
159 37
159 40
159 52
159 54
159 59
159 65
159 66
159 72
159 84
159 87
159 89
159 91
159 92
159 93
159 101
159 102
159 122
159 130
159 150
159 158
0 1 2 3 4 5 6 7 8 9 10 11 12 13 14 15 16 17 18 19 20 21 22 23
