160 479 7
0 29
0 49
0 54
0 69
0 72
0 93
0 148
1 9
1 23
1 65
2 12
2 31
2 157
3 4
3 6
3 14
3 58
3 61
3 109
3 123
3 155
4 3
4 79
4 108
4 116
4 140
5 104
5 139
5 153
6 3
6 84
7 17
8 75
8 155
9 29
9 102
9 115
10 14
10 44
10 78
10 90
10 111
11 157
12 2
12 24
12 124
13 105
13 140
14 3
14 10
14 22
14 139
14 149
15 46
15 73
16 44
16 56
16 82
16 108
16 153
17 7
17 11
17 25
18 38
19 80
19 87
19 93
19 116
19 150
20 47
20 49
20 111
21 22
21 133
21 149
22 14
22 25
22 32
22 69
22 75
22 79
23 1
23 158
24 12
24 30
25 17
25 22
25 113
25 140
26 76
26 80
26 103
27 115
27 137
27 156
28 83
28 114
29 0
29 44
30 24
30 80
30 95
31 2
31 63
31 80
31 143
32 22
32 139
33 119
34 0
34 76
34 122
34 151
34 156
35 53
35 62
35 68
35 100
36 71
37 33
37 39
37 59
37 159
38 10
38 31
38 150
38 157
39 37
39 96
39 131
40 60
40 70
40 146
41 12
41 100
41 111
42 12
42 128
42 152
44 16
44 29
44 59
44 76
44 142
44 148
45 17
45 68
46 15
46 77
47 72
47 129
47 148
48 59
49 0
49 20
49 48
49 110
50 101
50 104
51 96
51 110
51 117
52 29
52 73
53 35
53 105
53 147
54 0
54 73
54 121
54 132
55 104
55 117
56 16
56 34
56 79
56 105
56 121
56 154
57 71
57 75
58 3
58 84
58 102
59 37
59 44
59 99
59 115
60 149
61 3
61 71
61 90
62 24
62 35
62 99
62 110
62 124
63 31
63 76
63 153
64 71
64 82
64 133
64 156
66 86
67 103
67 120
67 131
67 150
68 14
68 134
68 156
69 0
69 16
69 22
69 39
69 43
69 86
69 92
69 128
70 0
70 2
70 90
70 147
71 36
71 64
71 83
72 0
72 74
73 54
73 97
73 154
74 72
74 122
75 22
75 146
76 26
76 34
76 88
76 136
77 46
77 112
77 134
78 10
79 4
79 22
79 56
79 146
79 153
80 19
80 26
80 30
80 31
81 83
81 116
81 132
82 64
82 145
83 17
83 71
83 81
83 132
84 7
84 58
85 93
86 18
86 98
86 136
87 19
87 133
88 76
89 103
89 132
89 137
90 10
90 61
90 138
92 14
92 98
93 0
93 19
93 85
94 69
94 111
94 145
94 155
95 138
96 51
96 120
97 98
97 110
98 55
98 77
98 86
99 62
100 35
100 119
100 153
101 50
102 9
102 58
102 108
102 159
103 9
103 67
104 38
104 55
105 53
105 56
106 41
107 126
107 143
108 4
108 16
108 102
108 110
109 3
109 112
110 49
110 62
110 108
111 10
111 20
111 94
112 77
112 109
112 128
112 135
112 146
113 25
113 39
114 137
115 59
115 60
115 79
115 121
116 1
116 4
116 81
117 27
117 51
117 55
118 5
118 134
118 159
119 100
120 43
120 67
120 96
120 114
120 132
120 149
121 115
121 134
122 34
122 74
123 3
123 126
124 65
124 74
124 148
125 139
125 148
126 100
126 123
126 128
126 147
127 131
128 42
128 69
128 112
128 126
128 131
129 25
129 47
129 75
129 124
130 79
130 91
130 135
131 33
131 36
131 39
131 67
131 128
131 143
132 64
132 81
132 89
132 104
133 12
133 21
133 64
133 87
133 152
134 62
134 68
134 77
134 118
134 121
134 142
135 49
135 130
136 76
136 86
136 118
136 145
137 14
138 90
138 95
138 106
138 153
139 5
139 45
139 75
139 109
140 4
140 6
140 13
140 25
140 102
142 44
142 134
143 31
143 101
143 107
143 131
143 141
144 7
144 70
145 94
146 40
146 75
147 26
147 53
147 126
148 4
148 44
148 47
148 59
148 71
148 124
148 125
149 14
149 120
150 14
150 19
150 38
150 92
150 114
150 116
151 13
151 34
151 104
151 117
152 42
152 58
153 5
153 16
153 63
153 79
153 100
154 56
155 3
155 8
155 94
155 150
156 5
156 64
156 96
156 108
157 2
157 38
157 132
158 23
158 44
159 37
159 102
159 118
0 1 2 3 4 5 6
