160 1198 24
0 14
0 34
0 41
0 44
0 49
0 54
0 56
0 66
0 69
0 70
0 93
0 100
0 148
0 156
1 9
1 23
1 30
1 31
1 65
1 98
1 116
1 139
1 155
2 8
2 12
2 23
2 38
2 44
2 62
2 70
2 157
3 4
3 6
3 14
3 28
3 31
3 39
3 44
3 54
3 58
3 89
3 91
3 123
3 144
3 155
4 3
4 51
4 116
4 140
5 54
5 104
5 109
5 118
5 139
5 153
5 156
6 66
6 111
6 140
7 17
7 49
7 84
7 106
7 126
7 140
7 144
8 2
8 14
8 27
8 29
8 51
8 60
8 75
8 91
8 116
8 152
8 155
9 1
9 72
9 103
9 115
9 120
9 131
10 14
10 38
10 44
10 49
10 72
10 77
10 90
10 95
10 109
10 111
10 126
11 17
11 80
11 120
11 133
11 157
12 2
12 24
12 41
12 42
12 54
12 55
12 78
12 96
12 116
12 124
12 140
12 153
13 15
13 30
13 62
13 65
13 105
13 112
13 140
13 151
13 153
14 0
14 3
14 79
14 81
14 88
14 92
14 137
14 149
14 150
15 30
15 46
15 75
15 89
16 3
16 10
16 19
16 22
16 44
16 56
16 69
16 77
16 82
16 99
16 104
16 108
16 145
16 159
17 7
17 25
17 35
17 45
17 83
17 120
17 142
18 2
18 4
18 11
18 20
18 38
18 63
18 86
18 98
19 16
19 80
19 87
19 93
19 115
19 116
19 150
20 13
20 47
20 49
20 63
20 93
20 111
20 114
20 145
21 22
21 44
21 65
21 114
21 117
21 124
21 127
21 133
22 14
22 21
22 25
22 27
22 40
22 69
22 79
22 124
23 1
23 28
23 43
23 118
23 120
23 158
24 30
24 62
24 112
24 124
24 137
24 150
25 17
25 22
25 24
25 33
25 50
25 61
25 74
25 113
25 129
25 140
25 155
26 33
26 53
26 76
26 103
26 153
27 8
27 32
27 48
27 80
27 112
27 117
27 122
27 137
28 36
28 40
28 111
29 0
29 9
29 44
29 52
29 78
29 126
30 1
30 13
30 15
30 24
30 50
30 58
30 70
30 80
30 118
30 157
31 1
31 2
31 3
31 63
31 80
31 102
31 143
31 145
32 22
32 27
32 39
32 61
32 77
32 78
32 114
32 139
33 25
33 26
33 37
33 59
33 119
34 0
34 48
34 56
34 63
34 67
34 151
35 17
35 53
35 62
35 66
35 68
36 28
36 71
36 131
36 144
36 158
37 3
37 33
37 39
37 59
37 70
37 111
38 2
38 18
38 31
38 39
38 63
38 79
38 97
38 104
38 150
38 157
39 28
39 32
39 37
39 38
39 79
39 90
39 113
39 131
39 132
39 145
39 158
40 28
40 29
40 70
40 146
41 0
41 12
42 12
42 66
42 122
42 133
42 138
42 152
43 23
43 54
43 80
43 103
43 120
43 155
44 0
44 2
44 3
44 16
44 21
44 59
44 60
44 68
44 76
44 142
44 158
45 0
45 17
45 68
45 81
45 83
45 113
45 139
46 15
46 113
47 54
47 72
47 129
47 148
47 149
48 27
48 59
48 76
48 126
48 128
48 130
48 149
49 0
49 2
49 7
49 20
49 45
49 48
49 67
49 72
49 76
49 85
49 88
49 110
49 135
50 30
50 62
50 84
50 88
50 101
50 104
50 128
50 140
51 4
51 8
51 54
51 96
51 110
51 117
51 151
52 29
52 59
52 72
52 73
52 84
52 105
52 153
53 57
53 90
53 93
53 105
53 147
54 0
54 3
54 5
54 43
54 47
54 51
54 67
54 68
54 73
54 121
54 132
54 145
55 12
55 44
55 52
55 98
55 120
55 143
56 34
56 73
56 84
56 92
56 97
56 100
56 105
56 110
56 154
57 53
57 71
57 116
57 117
58 3
58 84
58 88
58 102
58 110
58 117
58 152
59 33
59 37
59 44
59 62
59 99
59 108
59 114
59 115
59 148
60 8
60 19
60 40
60 44
60 108
60 143
60 149
61 3
61 52
61 71
61 90
62 24
62 35
62 40
62 50
62 59
62 73
62 99
62 110
63 18
63 20
63 31
63 117
63 152
63 153
64 71
64 79
64 82
64 92
64 125
64 132
64 133
65 1
65 21
65 76
65 83
65 124
65 125
65 126
66 6
66 35
66 42
66 156
67 49
67 54
67 85
67 120
67 128
67 150
68 2
68 14
68 18
68 54
68 89
68 135
68 156
69 0
69 16
69 22
69 39
69 43
69 86
69 92
69 94
69 104
69 123
69 137
69 139
70 2
70 37
70 50
70 67
70 144
70 147
70 152
71 61
71 110
71 148
72 0
72 9
72 24
72 47
72 49
72 52
72 141
73 15
73 52
73 56
73 62
73 75
73 97
73 115
73 154
74 25
74 72
74 92
74 94
74 99
74 122
74 124
74 132
75 8
75 22
75 57
75 67
75 73
75 152
76 23
76 26
76 34
76 44
76 49
76 63
76 88
76 93
76 99
77 10
77 30
77 32
77 46
77 98
77 112
78 10
78 12
78 29
78 32
78 135
79 4
79 14
79 22
79 38
79 39
79 56
79 64
79 73
79 91
79 93
79 107
79 115
79 130
79 146
79 148
79 153
80 26
80 27
80 43
80 47
80 67
80 109
81 23
81 83
81 85
81 103
81 106
81 132
82 16
82 52
82 119
82 142
83 11
83 28
83 29
83 50
83 66
83 71
83 81
83 111
83 132
83 138
84 6
84 50
84 52
84 56
84 75
84 141
85 49
85 67
85 81
85 93
85 102
86 36
86 66
86 91
86 101
87 94
88 14
88 49
88 56
88 58
88 96
88 117
88 122
89 15
89 64
89 68
89 103
89 132
89 137
90 10
90 39
90 70
90 138
90 139
91 3
91 8
91 79
91 102
91 130
91 141
91 142
92 2
92 14
92 15
92 64
92 69
92 81
92 98
92 101
92 134
92 145
93 0
93 19
93 20
93 53
93 76
93 85
93 107
93 111
93 123
93 152
94 12
94 20
94 74
94 87
94 115
94 130
94 137
94 145
94 153
94 155
95 4
95 30
95 72
95 94
95 138
96 12
96 39
96 51
96 76
96 88
96 120
96 134
96 144
96 146
96 147
96 154
96 156
97 38
97 56
97 98
97 110
97 124
97 145
98 1
98 18
98 52
98 55
98 62
98 76
98 77
98 86
98 97
99 16
99 74
99 76
99 138
99 144
99 147
100 0
100 35
100 41
100 45
100 56
100 118
100 119
100 126
100 133
100 154
101 86
101 115
102 9
102 31
102 85
102 108
102 140
102 159
103 9
103 43
103 67
103 81
103 89
103 142
104 10
104 16
104 38
104 50
104 55
104 69
104 131
104 132
104 150
105 6
105 13
105 52
105 53
105 56
105 134
106 3
106 7
106 41
106 135
106 138
107 93
107 126
107 144
107 158
108 4
108 60
108 102
108 110
108 115
108 136
108 145
108 156
109 3
109 5
109 10
109 18
109 24
109 80
109 112
109 128
110 11
110 49
110 71
110 122
110 126
110 158
111 10
111 20
111 28
111 37
111 41
111 83
111 94
111 134
112 27
112 77
112 97
112 109
112 135
112 154
113 14
113 25
113 39
113 45
113 71
113 149
114 20
114 23
114 28
114 32
114 59
114 120
114 129
114 137
114 150
114 156
114 159
115 2
115 9
115 19
115 27
115 59
115 60
115 73
115 79
115 94
115 101
115 108
115 121
115 150
116 1
116 8
116 12
116 19
116 81
116 113
116 150
117 21
117 38
117 55
117 57
117 58
117 90
117 98
117 129
117 131
117 151
117 154
118 5
118 23
118 30
118 100
118 126
118 136
118 137
118 141
118 157
118 159
119 33
119 44
119 46
119 78
119 100
119 117
119 121
119 153
120 9
120 11
120 17
120 23
120 67
120 149
121 54
121 56
121 115
121 124
121 134
122 13
122 34
122 42
122 75
122 110
122 124
122 141
122 143
122 152
123 69
123 93
123 126
124 12
124 24
124 62
124 65
124 74
124 86
124 121
124 127
124 129
124 134
124 148
125 64
125 65
125 121
125 139
125 152
125 155
125 159
126 10
126 20
126 29
126 43
126 48
126 100
126 107
126 128
126 158
127 73
127 117
127 124
127 131
127 137
127 145
127 146
127 149
128 5
128 42
128 50
128 67
128 69
128 91
128 109
128 112
128 126
128 131
129 6
129 25
129 47
129 75
129 77
129 114
129 117
129 124
129 138
130 30
130 40
130 79
130 91
130 138
131 33
131 36
131 39
131 67
131 92
131 117
131 143
131 146
132 30
132 39
132 49
132 54
132 64
132 74
132 83
132 89
132 104
132 120
132 157
133 11
133 12
133 64
133 87
133 100
133 129
133 152
134 62
134 68
134 77
134 92
134 96
134 104
134 105
134 118
134 121
134 124
134 127
134 137
134 142
135 28
135 49
135 78
135 99
135 106
135 130
136 3
136 48
136 76
136 86
136 94
136 108
136 118
136 145
137 24
137 27
137 69
137 89
137 94
137 114
137 140
137 142
137 144
138 56
138 71
138 90
138 95
138 99
138 106
138 130
138 153
139 1
139 14
139 45
139 69
139 75
139 90
139 95
139 109
139 125
139 141
140 4
140 6
140 7
140 12
140 25
140 40
140 50
140 55
140 66
140 102
141 84
141 132
141 139
142 44
142 91
142 103
142 137
142 154
143 0
143 31
143 101
143 107
143 111
143 122
143 141
143 156
144 7
144 70
144 96
144 99
144 100
144 107
144 112
144 137
144 146
144 150
144 155
145 31
145 35
145 38
145 39
145 54
145 82
145 92
145 94
145 97
145 108
145 127
145 136
145 157
146 40
146 75
146 79
146 112
146 127
146 131
146 144
147 26
147 53
147 96
147 99
147 125
147 126
148 0
148 4
148 41
148 44
148 71
148 79
148 125
148 152
149 14
149 21
149 48
149 60
149 127
149 146
149 152
150 24
150 67
150 92
150 104
150 115
150 116
150 119
150 138
150 144
151 9
151 13
151 29
151 89
151 104
151 157
152 8
152 19
152 42
152 58
152 63
152 70
152 75
152 93
152 120
152 122
152 149
152 155
153 5
153 12
153 13
153 16
153 26
153 63
153 79
153 95
153 100
153 138
154 53
154 96
154 100
154 142
155 1
155 3
155 8
155 12
155 94
155 144
155 150
155 152
156 0
156 5
156 27
156 34
156 64
156 68
156 71
156 96
156 108
156 114
156 136
156 143
157 11
157 30
157 118
157 132
157 140
157 145
157 155
158 23
158 39
158 44
158 58
158 107
158 116
158 126
159 16
159 31
159 37
159 76
159 102
159 118
0 1 2 3 4 5 6 7 8 9 10 11 12 13 14 15 16 17 18 19 20 21 22 23
