160 1198 40
0 2
0 20
0 32
0 34
0 53
0 59
0 76
0 78
0 90
0 92
0 123
0 129
1 5
1 64
1 82
1 111
1 113
1 122
1 124
1 142
1 155
2 0
2 29
2 32
2 60
2 61
2 106
2 152
2 157
3 12
3 39
3 63
3 126
3 132
3 145
3 159
4 8
4 20
4 32
4 39
4 49
4 69
4 75
4 95
5 1
5 17
5 33
5 55
5 93
5 94
5 99
5 109
5 114
5 116
5 142
5 150
5 158
6 38
6 71
7 9
7 14
7 40
7 52
7 56
7 87
7 97
7 116
7 129
7 130
7 132
7 145
8 0
8 3
8 4
8 17
8 63
8 70
8 97
8 131
9 7
9 10
9 28
9 43
9 56
9 63
9 73
9 88
9 142
10 9
10 61
10 78
10 107
10 119
10 133
10 153
11 9
11 14
11 31
11 47
11 76
11 133
12 54
12 110
12 125
12 131
12 138
13 14
13 16
13 27
13 32
13 54
13 58
13 75
13 121
13 127
13 155
14 3
14 7
14 11
14 13
14 30
14 51
14 56
14 131
14 135
15 4
15 18
15 36
15 91
15 115
15 121
15 126
15 128
15 136
15 138
15 139
15 156
15 159
16 43
16 51
16 66
16 89
16 94
16 106
16 109
16 147
16 152
16 156
16 157
17 8
17 19
17 36
17 47
17 56
17 67
17 81
17 86
17 91
17 99
17 128
17 134
17 135
17 155
17 156
18 39
18 57
18 62
18 65
18 85
18 93
18 105
18 114
18 123
18 158
19 95
19 110
19 118
19 146
20 0
20 14
20 21
20 41
20 42
20 55
20 61
20 90
20 102
21 20
21 45
21 47
21 87
21 88
21 107
21 108
21 118
21 155
22 78
22 99
22 115
23 42
23 43
23 100
23 134
23 140
23 154
24 44
24 50
24 67
24 92
24 104
24 106
24 119
24 128
24 131
24 153
25 31
25 46
25 62
25 77
25 105
25 138
25 150
26 37
26 91
26 93
26 114
26 134
26 150
27 12
27 13
27 84
27 93
27 107
27 114
27 131
27 151
27 155
28 9
28 12
28 76
28 124
28 137
29 2
29 27
29 51
29 71
29 84
29 124
29 129
29 151
29 157
30 14
30 58
30 74
30 81
30 82
30 107
30 112
30 114
30 155
31 11
31 25
31 43
31 80
31 85
31 129
31 149
31 151
31 153
31 159
32 0
32 2
32 4
32 13
32 16
32 18
32 98
32 125
32 139
32 153
33 5
33 45
33 50
33 66
33 71
33 101
33 126
33 131
33 146
33 157
34 0
34 32
34 106
34 110
34 140
34 159
35 72
35 84
35 95
36 15
36 61
36 89
36 124
36 148
37 9
37 22
37 69
37 81
37 117
37 118
37 131
37 143
37 149
37 150
37 151
38 6
38 13
38 47
38 90
38 100
38 124
38 140
39 0
39 3
39 4
39 5
39 17
39 47
39 67
39 111
39 116
39 120
39 150
40 7
40 94
40 120
40 150
41 6
41 20
41 25
41 47
41 95
41 115
41 120
41 128
41 144
41 150
41 159
42 23
42 34
42 47
42 115
42 126
42 153
42 156
43 3
43 9
43 23
43 31
43 60
43 65
43 75
43 115
44 24
44 105
45 3
45 21
45 33
45 51
45 65
45 77
45 78
45 82
45 86
45 103
45 107
45 121
46 38
46 70
46 79
46 94
46 125
46 158
47 11
47 17
47 39
47 41
47 75
47 83
47 89
47 97
47 100
47 119
47 157
47 159
48 25
48 72
48 80
48 97
48 140
48 147
49 4
49 28
49 77
49 80
49 108
49 116
49 117
50 33
50 48
50 67
50 126
51 16
51 21
51 29
51 45
51 53
51 71
51 118
51 152
52 4
52 6
52 37
52 101
52 103
52 116
52 128
52 141
52 149
53 0
53 39
53 51
53 54
53 61
53 66
53 67
53 87
53 90
53 97
53 138
53 144
53 151
54 12
54 13
54 59
54 72
54 80
54 93
54 135
54 144
55 5
55 20
55 59
55 66
55 123
56 7
56 9
56 17
56 63
56 82
56 99
56 109
56 110
56 127
56 143
57 50
57 77
57 89
57 96
57 102
57 109
57 152
58 13
58 23
58 30
58 60
58 109
59 0
59 16
59 54
59 69
59 94
59 137
59 141
59 159
60 2
60 22
60 43
60 75
60 82
60 84
60 94
60 96
60 108
60 110
60 124
60 138
60 154
61 2
61 36
61 47
61 70
61 110
61 129
62 18
62 25
62 59
62 104
62 142
62 146
63 8
63 9
63 19
63 35
63 56
63 58
64 1
64 34
64 37
64 102
64 129
65 18
65 23
65 43
65 79
65 81
65 84
65 97
65 128
65 137
66 2
66 16
66 33
66 37
66 53
66 67
66 124
66 147
67 17
67 38
67 39
67 50
67 53
67 54
67 66
67 78
67 100
68 69
68 90
69 37
69 59
69 68
69 132
69 157
70 8
70 60
70 136
70 151
71 33
71 51
71 103
71 134
71 148
72 35
72 42
72 48
72 62
72 78
72 94
72 107
72 131
73 5
73 78
73 108
73 118
73 127
73 135
73 156
74 30
75 4
75 13
75 43
75 47
75 91
75 95
75 131
75 146
76 78
76 80
76 90
76 111
76 127
77 22
77 25
77 49
77 57
77 59
77 99
77 107
78 22
78 41
78 45
78 67
78 72
78 73
78 76
78 77
78 133
78 140
78 153
79 13
79 98
80 43
80 48
80 49
80 52
80 54
80 76
80 140
81 17
81 30
81 37
81 116
81 126
81 137
81 139
81 157
82 1
82 37
82 45
82 47
82 53
82 56
82 60
82 89
82 107
82 116
82 124
82 158
83 9
83 32
83 46
83 47
83 80
83 95
83 114
83 123
83 141
83 156
84 29
84 35
84 65
84 129
85 5
85 18
85 67
85 88
85 92
85 96
85 97
85 116
85 121
85 122
85 130
85 132
85 144
85 152
85 155
86 5
86 45
86 49
86 55
86 92
86 110
87 33
87 53
87 88
87 125
87 128
87 151
88 21
88 50
88 85
88 87
88 102
88 118
88 120
88 126
89 36
89 57
89 58
90 0
90 21
90 38
90 68
90 75
90 95
90 97
90 110
90 144
90 148
91 4
91 15
91 17
91 57
91 67
91 75
91 108
91 127
91 135
91 152
92 24
92 58
92 69
92 104
92 105
92 119
92 152
93 4
93 26
93 27
93 54
93 55
93 66
93 99
93 133
93 137
93 139
93 140
94 5
94 16
94 40
94 59
94 60
94 72
94 99
94 105
94 109
94 149
95 19
95 26
95 35
95 41
95 75
95 90
95 124
95 143
95 156
96 39
96 85
96 97
96 151
97 5
97 7
97 8
97 15
97 47
97 65
97 85
97 90
98 79
98 92
98 145
99 5
99 22
99 40
99 66
99 73
99 77
99 93
99 94
99 130
100 38
100 55
100 67
100 144
100 145
101 33
101 104
101 147
102 18
102 36
102 66
102 88
102 89
102 105
102 149
103 0
103 32
103 45
103 71
103 143
103 147
104 24
104 49
104 52
104 62
104 86
104 92
104 101
105 25
105 44
105 92
105 94
105 102
105 115
106 24
106 67
106 84
106 159
107 21
107 27
107 30
107 45
107 72
107 99
107 134
107 140
107 150
107 153
108 9
108 60
108 69
108 73
108 76
108 85
108 91
108 143
108 148
108 158
109 16
109 27
109 56
109 57
109 66
109 90
109 94
109 98
109 132
109 147
109 148
110 12
110 15
110 19
110 60
110 61
110 85
110 90
110 129
111 1
111 6
111 34
111 36
111 66
111 76
111 133
112 30
112 82
112 127
113 1
113 49
113 60
113 62
113 108
113 118
113 155
113 159
114 5
114 18
114 19
114 26
114 27
114 30
114 83
114 111
114 144
114 147
115 15
115 22
115 31
115 42
115 43
115 87
115 105
115 112
115 113
115 136
116 5
116 7
116 46
116 81
116 82
116 105
116 128
116 138
116 158
117 49
117 76
117 130
117 142
117 151
118 28
118 30
118 51
118 88
118 113
118 139
118 152
119 2
119 10
119 24
119 47
119 56
119 92
120 76
120 88
120 125
120 154
121 10
121 13
121 26
121 85
121 157
122 1
122 73
122 85
122 96
122 131
122 135
122 138
122 144
123 0
123 18
123 83
123 110
123 137
124 1
124 28
124 29
124 60
124 66
124 82
124 87
124 95
124 126
124 151
125 12
125 32
125 46
125 61
125 87
125 120
125 143
125 155
126 3
126 15
126 42
126 62
126 88
126 136
126 145
127 13
127 31
127 41
127 56
127 76
127 83
127 112
127 126
127 128
127 140
128 4
128 11
128 15
128 20
128 52
128 63
128 87
128 116
128 153
129 0
129 13
129 15
129 27
129 29
129 36
129 61
129 64
129 84
129 150
130 5
130 7
130 29
130 39
130 81
130 89
130 135
130 138
131 8
131 14
131 24
131 27
131 33
131 37
131 72
131 83
131 106
131 153
132 58
132 69
132 85
132 109
132 134
133 0
133 10
133 44
133 93
133 153
134 17
134 23
134 26
134 68
134 71
134 107
134 132
135 17
135 28
135 31
135 91
135 122
135 124
135 130
135 159
136 28
136 126
136 144
137 15
137 28
137 59
137 62
137 65
137 81
137 96
137 132
137 152
138 12
138 15
138 25
138 53
138 60
138 116
138 122
138 130
139 59
139 80
139 93
140 23
140 34
140 38
140 40
140 48
140 60
140 78
140 80
140 93
141 38
141 59
141 64
141 83
141 153
142 1
142 28
142 36
142 117
143 26
143 37
143 56
143 103
143 108
143 147
144 22
144 53
144 54
144 85
144 90
144 91
144 114
144 122
144 136
144 148
144 157
145 3
145 7
145 82
145 100
146 19
146 33
146 62
146 75
146 117
146 129
147 17
147 48
147 103
147 109
147 114
147 143
148 36
148 37
148 71
148 90
148 123
148 154
149 14
149 37
149 52
149 67
149 94
149 97
149 152
150 5
150 25
150 26
150 37
150 39
150 40
150 41
150 117
150 145
151 29
151 31
151 58
151 87
151 120
151 124
152 2
152 16
152 57
152 85
152 91
152 92
152 94
152 137
152 149
153 25
153 31
153 42
153 44
153 78
153 106
153 128
153 130
153 131
153 133
153 141
153 143
154 23
154 60
154 61
154 120
155 1
155 21
155 26
155 85
155 125
156 15
156 16
156 17
156 42
157 2
157 3
157 10
157 16
157 17
157 26
157 33
157 47
157 54
157 69
157 81
157 92
157 144
158 5
158 18
158 36
158 46
158 51
158 82
158 116
158 121
158 132
158 155
159 15
159 34
159 47
159 59
159 106
159 135
0 1 2 3 4 5 6 7 8 9 10 11 12 13 14 15 16 17 18 19 20 21 22 23 24 25 26 27 28 29 30 31 32 33 34 35 36 37 38 39
