160 1198 7
0 16
0 54
0 77
0 84
0 130
0 132
0 150
0 151
1 14
1 67
1 89
1 99
1 131
1 159
2 15
2 34
2 39
2 64
2 71
2 76
2 82
2 93
2 133
2 152
3 26
3 76
3 113
3 141
4 17
4 79
4 110
4 126
4 138
5 18
5 36
5 56
5 61
5 64
5 80
5 103
5 116
5 118
6 19
6 40
6 52
6 62
6 101
6 110
6 130
6 146
6 158
7 31
7 62
7 69
7 100
7 118
7 155
8 36
8 39
8 49
8 50
8 83
8 85
8 109
8 113
8 121
8 122
8 125
8 127
8 150
8 151
9 45
9 82
9 91
9 94
9 116
9 138
9 146
9 153
10 26
10 50
10 83
10 87
10 96
10 97
10 108
10 116
10 139
10 149
10 158
11 44
11 58
11 93
11 125
11 134
11 136
11 153
12 43
12 54
12 65
12 69
12 73
12 105
12 107
12 117
12 156
12 159
13 4
13 17
13 30
13 54
13 58
13 65
13 75
13 87
13 103
13 109
13 148
14 1
14 13
14 36
14 40
14 52
14 77
14 106
14 121
14 134
14 152
15 2
15 33
15 39
15 105
15 110
15 128
15 141
15 143
15 156
16 0
16 32
16 35
16 38
16 45
16 68
16 83
16 103
16 136
16 150
17 37
17 38
17 75
17 112
17 116
17 127
18 5
18 8
18 38
18 50
18 114
18 135
18 151
18 158
19 89
19 102
19 125
19 132
19 141
20 15
20 29
20 69
20 110
20 154
21 0
21 30
21 46
21 59
21 105
21 128
21 144
22 13
22 25
22 26
22 54
22 64
23 54
23 60
23 79
23 89
23 144
23 150
24 73
24 74
24 103
24 125
24 126
25 69
25 71
25 78
25 100
25 125
25 142
25 149
26 3
26 33
26 39
26 58
26 69
26 79
26 100
26 111
26 116
26 132
27 6
27 18
27 42
27 67
27 74
27 85
27 86
27 91
27 101
27 114
27 117
27 136
27 149
28 97
28 127
28 142
29 5
29 20
29 28
29 37
29 103
29 107
29 144
30 13
30 20
30 21
30 54
30 63
30 70
30 83
30 84
30 94
30 99
30 115
30 127
30 128
30 129
31 7
31 58
31 63
31 88
31 122
32 16
32 35
32 86
32 98
32 114
32 135
32 136
33 26
33 35
33 86
33 93
33 101
33 108
34 2
34 29
34 57
34 80
34 86
34 89
34 99
34 102
34 116
34 117
34 155
35 7
35 16
35 32
35 47
35 88
35 99
35 100
35 146
35 147
35 149
35 159
36 8
36 87
36 96
36 102
36 114
36 132
36 158
37 29
37 103
38 16
38 17
38 28
38 43
38 49
38 64
38 71
38 74
38 75
38 96
38 103
38 105
38 118
38 149
39 2
39 8
39 15
39 26
39 34
39 47
39 55
39 61
39 85
39 105
39 136
39 139
39 145
40 14
40 22
40 42
40 46
40 58
40 94
40 116
40 131
40 153
41 43
41 48
41 52
41 58
41 69
41 85
41 135
41 150
41 156
41 159
42 27
42 40
42 65
42 67
42 83
42 100
42 129
43 4
43 12
43 38
43 61
43 77
43 80
43 82
43 104
43 106
43 111
43 118
43 119
43 151
43 155
44 10
44 11
44 80
44 86
44 88
44 119
44 139
44 145
45 9
45 50
45 59
45 63
45 67
45 74
45 122
45 153
46 21
46 40
46 65
46 68
46 85
46 104
46 106
47 28
47 39
47 41
47 65
47 141
47 150
48 65
48 82
48 85
48 89
48 112
48 131
49 8
49 24
49 38
49 68
49 86
49 129
49 139
49 148
49 150
49 154
50 18
50 45
50 70
50 73
50 157
51 38
51 65
51 67
51 87
51 90
51 107
51 135
51 141
51 159
52 6
52 14
52 80
52 82
52 88
52 95
52 157
53 75
53 121
53 129
54 0
54 6
54 12
54 22
54 56
54 82
54 97
54 120
54 137
55 65
55 70
55 73
55 108
55 113
55 125
55 143
55 150
56 5
56 40
56 54
56 135
57 14
57 30
58 26
58 31
58 41
58 99
58 119
58 127
59 21
59 87
59 93
60 5
60 23
60 48
60 97
60 136
60 151
61 39
61 40
61 43
61 51
61 95
61 97
61 117
61 131
61 139
61 145
62 6
62 23
62 24
62 33
62 34
62 137
62 155
63 30
63 31
63 45
63 57
63 78
63 111
63 154
64 2
64 3
64 5
64 36
64 148
65 13
65 42
65 48
65 51
65 55
65 59
65 85
65 115
65 138
66 102
66 112
66 117
67 27
67 30
67 42
67 45
67 86
67 93
67 114
67 133
68 30
68 46
68 66
69 7
69 10
69 12
69 20
69 26
69 137
69 156
70 30
70 55
70 104
70 154
71 2
71 25
71 107
71 130
71 157
72 24
72 64
72 77
72 87
72 91
72 113
73 12
73 24
73 50
73 55
73 76
73 86
73 108
73 129
73 131
73 153
73 155
74 6
74 11
74 18
74 24
74 27
74 38
74 45
74 104
74 108
74 130
75 6
75 38
75 108
75 129
76 2
76 37
76 48
76 73
76 81
76 83
76 93
76 112
76 123
76 136
76 158
77 0
77 39
77 44
77 72
77 86
77 138
77 152
77 156
78 25
78 63
78 71
78 85
78 97
78 104
78 117
79 4
79 15
79 23
79 30
79 128
79 148
80 5
80 34
80 52
80 77
80 91
80 134
81 55
81 76
81 85
81 95
81 100
81 104
81 142
81 144
81 157
82 2
82 9
82 13
82 16
82 43
82 52
82 100
82 104
82 107
82 128
82 138
83 8
83 16
83 30
83 42
83 44
83 76
83 113
83 153
84 0
84 1
84 85
84 97
84 150
85 27
85 39
85 46
85 48
85 53
85 65
85 104
85 106
85 154
86 14
86 27
86 32
86 44
86 67
86 73
86 77
86 139
87 27
87 36
87 59
87 68
87 91
88 3
88 35
88 42
88 44
88 110
88 127
88 128
88 132
88 156
89 1
89 19
89 48
89 77
89 91
89 146
90 51
90 65
90 108
90 112
90 122
90 136
90 159
91 9
91 87
91 89
91 134
92 38
92 110
92 141
92 143
93 0
93 2
93 6
93 32
93 33
93 59
93 89
93 124
93 142
93 143
94 9
94 30
94 40
94 136
94 145
95 4
95 29
95 52
95 61
95 81
95 118
95 155
96 36
96 38
96 109
96 147
97 18
97 54
97 78
97 84
97 85
97 107
98 99
98 113
99 1
99 4
99 30
99 34
99 35
99 58
99 71
99 98
99 137
100 7
100 25
100 26
100 35
100 42
100 92
100 105
100 112
100 125
100 142
101 33
101 63
101 102
101 106
101 139
102 34
102 36
102 101
102 103
102 106
102 108
102 121
102 158
103 5
103 12
103 13
103 16
103 24
103 29
103 37
103 38
103 39
103 49
103 141
103 155
104 43
104 46
104 58
104 70
104 74
104 78
104 82
104 115
104 146
105 5
105 12
105 15
105 39
105 100
105 114
105 137
105 149
105 153
106 1
106 14
106 43
106 46
106 85
106 89
106 95
106 101
106 109
106 144
107 9
107 12
107 51
107 70
107 71
107 82
107 92
107 97
108 10
108 44
108 73
108 90
109 8
109 13
109 96
109 106
109 135
109 158
110 6
110 19
110 20
110 46
110 56
110 83
110 88
110 92
110 125
110 126
110 132
110 147
110 154
110 157
111 10
111 43
111 53
111 63
111 137
111 146
111 151
112 11
112 24
112 46
112 48
112 76
112 90
112 100
112 101
112 135
113 3
113 8
113 11
113 72
113 83
113 98
113 114
113 129
114 27
114 32
114 36
114 67
114 131
115 30
115 56
115 102
115 104
115 117
115 121
115 129
115 137
116 9
116 10
116 17
116 26
116 27
116 34
116 40
116 53
116 70
116 81
116 102
116 127
116 147
116 158
117 12
117 27
117 30
117 34
117 38
117 45
117 56
117 61
117 66
117 78
117 79
118 5
118 7
118 35
118 43
118 82
118 95
118 138
119 7
119 44
119 58
119 63
119 64
119 109
119 129
119 149
120 6
120 26
120 80
120 153
121 13
121 40
121 82
121 114
121 132
121 159
122 8
122 31
122 44
122 45
122 90
122 102
122 131
123 74
123 76
123 77
123 78
123 103
123 137
124 20
124 27
124 37
124 93
124 113
124 125
124 158
125 9
125 11
125 24
125 25
125 39
125 55
125 100
125 102
125 131
125 150
125 153
125 155
126 4
126 24
126 109
126 141
127 8
127 17
127 28
127 30
127 58
127 88
127 140
127 154
128 15
128 21
128 79
128 82
128 88
128 134
129 7
129 12
129 30
129 42
129 53
129 73
129 113
129 115
130 0
130 6
130 37
130 47
130 71
130 144
130 157
131 1
131 40
131 61
131 73
131 114
131 122
131 125
131 143
131 148
131 151
132 0
132 19
132 36
132 37
132 68
133 2
133 41
133 48
133 61
133 67
133 145
133 146
133 156
134 11
134 14
134 80
134 91
134 128
134 149
134 150
135 41
135 54
135 109
135 120
136 11
136 16
136 27
136 34
136 60
136 64
136 67
136 76
136 90
137 5
137 36
137 38
137 54
137 62
137 69
137 105
137 110
137 111
137 115
137 123
138 9
138 22
138 65
138 77
138 118
139 24
139 42
139 44
139 49
139 61
139 63
139 101
139 126
140 67
140 127
141 3
141 13
141 19
141 51
141 67
141 92
141 134
141 151
142 28
142 32
142 33
142 35
142 59
142 71
142 81
142 92
142 93
142 100
142 108
142 146
142 150
143 15
143 24
143 32
143 55
143 92
143 93
143 156
143 158
144 27
144 71
144 81
144 95
144 106
144 130
144 148
145 37
145 42
145 61
145 94
145 97
145 126
146 9
146 10
146 89
146 104
146 111
146 133
146 142
147 71
147 77
147 96
147 110
147 116
147 124
147 155
148 13
148 29
148 35
148 36
148 79
148 88
148 144
149 10
149 26
149 27
149 35
149 38
149 119
149 134
150 8
150 16
150 23
150 41
150 47
150 49
150 75
150 84
150 122
150 125
150 134
150 142
150 152
151 8
151 18
151 131
151 141
151 154
152 2
152 14
152 39
152 52
152 77
152 84
152 119
152 132
152 150
153 9
153 45
153 73
153 81
153 83
153 105
153 111
153 125
153 155
154 57
154 63
154 70
154 85
155 5
155 34
155 51
155 61
155 73
155 95
155 137
155 153
156 12
156 41
156 129
156 133
156 137
156 143
156 150
156 153
157 48
157 50
157 71
157 73
157 81
157 112
158 6
158 10
158 18
158 109
158 116
158 143
159 1
159 12
159 35
159 36
159 41
159 56
159 90
159 146
0 1 2 3 4 5 6
