160 629 40
0 14
0 19
0 46
0 52
0 56
0 67
0 83
0 155
1 34
1 148
2 46
2 78
2 89
2 157
3 87
4 16
5 8
5 34
5 61
5 72
5 96
5 145
6 12
6 17
6 47
6 52
6 82
6 134
6 138
7 28
7 60
7 135
8 5
9 15
9 110
9 129
10 24
10 36
10 154
11 22
11 25
11 126
11 137
11 155
12 6
13 122
13 125
13 131
13 136
13 151
14 0
14 28
14 29
14 31
14 35
14 63
14 77
14 99
14 118
14 134
14 150
15 9
15 26
15 62
15 65
15 89
15 136
15 148
16 4
16 31
16 52
16 106
16 114
17 6
17 39
17 40
17 137
18 105
18 144
19 0
19 39
19 70
19 92
20 69
20 70
20 85
20 93
20 104
20 138
20 140
21 77
21 122
21 157
22 11
22 85
22 106
23 63
23 109
23 149
24 10
24 38
24 110
24 120
24 149
25 11
25 53
25 85
25 138
25 151
26 15
26 31
26 32
26 64
26 92
27 50
27 97
27 115
27 154
28 7
28 14
28 78
28 107
28 134
28 152
29 14
29 48
29 49
29 101
30 40
30 76
30 127
31 14
31 16
31 26
31 49
31 80
31 105
31 106
31 132
31 139
32 26
32 44
33 43
33 49
33 57
33 66
33 91
33 116
33 122
33 139
33 150
34 1
34 5
34 56
35 14
35 43
35 64
35 68
35 95
35 157
36 10
36 55
36 93
37 110
37 154
38 24
38 78
38 79
38 111
38 123
39 17
39 19
39 83
39 145
40 17
40 30
40 48
40 75
40 88
41 77
41 132
41 140
42 61
43 33
43 35
43 92
44 32
44 50
44 109
45 16
45 57
45 83
45 99
45 101
45 103
46 0
46 2
46 74
46 80
46 138
47 6
48 73
48 104
48 133
48 159
49 29
49 31
49 33
49 60
49 95
49 144
50 27
50 44
50 76
50 129
50 150
51 122
51 130
52 0
52 6
52 16
52 58
52 92
52 112
52 118
52 128
52 150
52 154
53 25
53 135
53 137
53 141
54 64
54 118
55 36
55 83
55 110
55 114
55 115
56 0
56 34
56 70
56 103
57 33
57 45
57 132
58 52
58 73
59 75
59 80
59 93
59 148
60 7
60 49
60 100
60 102
61 5
61 42
61 85
61 129
61 148
62 122
63 14
63 23
63 82
64 26
64 35
64 54
64 74
64 83
65 15
65 134
66 33
66 147
67 0
67 87
67 93
67 94
67 142
67 144
68 35
68 144
69 20
69 89
69 138
70 19
70 20
70 56
70 72
70 114
70 134
70 156
71 112
71 156
72 5
72 70
72 98
72 116
72 132
72 136
73 48
73 88
73 145
74 46
74 64
74 93
74 138
75 40
75 59
75 82
76 30
76 50
76 83
76 84
76 100
76 108
77 14
77 21
77 41
77 158
78 2
78 28
78 38
79 38
79 150
80 31
80 46
80 59
80 95
80 127
81 91
81 122
81 149
82 6
82 63
82 75
82 100
82 119
82 124
82 146
83 0
83 39
83 45
83 55
83 64
83 76
83 151
84 76
85 20
85 22
85 25
85 61
85 122
85 133
85 141
86 94
86 97
86 132
87 3
87 67
88 40
88 73
88 125
89 2
89 15
89 69
89 110
89 129
89 134
90 114
91 33
91 81
91 103
92 19
92 26
92 43
92 52
92 96
92 138
93 20
93 36
93 59
93 67
93 74
94 67
94 86
94 111
95 35
95 49
95 80
95 145
95 150
95 152
96 5
96 92
97 27
97 86
97 145
98 72
98 113
98 153
99 14
99 45
99 135
100 60
100 76
100 82
100 133
100 154
101 29
101 45
101 114
102 60
102 120
103 45
103 56
103 91
104 20
104 48
105 18
105 31
106 16
106 22
106 31
106 150
107 28
107 117
108 76
108 144
109 23
109 44
109 123
110 9
110 24
110 37
110 55
110 89
110 139
110 152
111 38
111 94
111 114
112 52
112 71
113 98
113 135
114 16
114 55
114 70
114 90
114 101
114 111
114 121
115 27
115 55
115 141
116 33
116 72
117 107
117 128
118 14
118 52
118 54
118 138
118 146
119 82
119 133
119 154
120 24
120 102
120 137
120 143
120 149
120 153
121 114
122 13
122 21
122 33
122 51
122 62
122 81
122 85
122 134
122 142
123 38
123 109
123 128
124 151
125 13
125 88
126 11
126 150
127 30
127 80
128 52
128 123
128 141
129 9
129 50
129 61
129 89
130 51
130 146
130 147
131 13
132 31
132 41
132 57
132 72
132 86
132 153
133 48
133 85
133 100
133 119
134 6
134 14
134 28
134 65
134 70
134 89
134 122
135 7
135 53
135 99
135 113
136 13
136 15
136 72
136 151
137 11
137 17
137 102
137 120
137 158
138 6
138 20
138 25
138 46
138 69
138 74
138 92
138 118
138 148
139 31
139 33
139 110
140 20
140 41
140 146
141 53
141 85
141 115
141 128
142 67
142 122
142 158
143 120
144 18
144 49
144 67
144 108
144 156
145 5
145 39
145 73
145 95
145 97
145 158
146 82
146 118
146 130
146 140
147 66
147 130
147 156
148 1
148 15
148 59
148 61
148 138
149 23
149 24
149 81
149 120
150 14
150 33
150 50
150 52
150 79
150 95
150 106
150 126
150 154
151 13
151 25
151 83
151 124
151 136
151 158
152 95
152 110
153 98
153 120
153 132
154 10
154 27
154 37
154 52
154 100
154 119
154 150
154 158
155 0
155 11
156 70
156 71
156 144
156 147
157 2
157 21
157 35
158 77
158 137
158 142
158 145
158 151
158 154
159 48
0 1 2 3 4 5 6 7 8 9 10 11 12 13 14 15 16 17 18 19 20 21 22 23 24 25 26 27 28 29 30 31 32 33 34 35 36 37 38 39
