160 1198 12
0 10
0 31
0 36
0 44
0 58
0 75
0 80
0 88
0 98
0 109
0 122
0 127
1 14
1 154
2 16
2 38
2 70
2 77
2 80
2 90
2 92
2 98
2 101
2 108
2 115
3 31
3 39
3 44
3 60
3 103
3 138
3 141
3 144
3 151
4 28
4 56
4 89
4 100
4 137
5 6
5 32
5 39
5 102
5 116
5 117
5 145
6 1
6 5
6 41
6 44
6 94
6 101
6 119
6 125
6 148
6 149
6 152
6 155
7 35
7 69
7 77
7 106
7 144
8 21
8 22
8 24
8 49
8 51
8 74
8 79
8 105
8 138
8 152
8 154
9 29
9 45
9 54
9 83
9 122
9 141
10 0
10 16
10 38
10 41
10 115
10 117
11 54
11 72
11 83
11 136
12 36
12 80
12 86
12 109
12 110
12 130
13 0
13 21
13 44
13 84
13 107
13 108
13 123
14 1
14 21
14 31
14 36
14 52
14 63
14 85
14 112
14 123
14 141
15 106
15 107
15 109
15 120
16 2
16 10
16 40
16 87
16 102
16 109
17 20
17 42
17 49
17 77
18 5
18 41
18 73
18 75
18 110
18 136
19 44
19 52
19 98
19 114
19 147
19 154
20 17
20 27
20 35
20 45
20 77
20 114
20 120
20 142
21 8
21 13
21 43
21 77
21 108
21 122
21 144
21 155
22 29
22 30
22 33
22 46
22 61
22 76
22 117
22 118
22 125
22 127
22 128
22 144
23 54
23 60
23 87
23 99
23 110
23 120
23 141
23 150
24 6
24 8
24 15
24 31
24 62
24 79
24 97
24 105
24 107
24 114
24 118
24 123
25 45
25 46
25 68
25 73
25 74
25 91
25 123
25 141
25 148
26 18
26 40
26 51
26 109
26 125
26 133
26 140
27 20
27 48
27 56
27 77
27 85
27 88
27 128
27 130
27 137
27 150
28 42
28 52
28 105
28 146
28 152
28 159
29 9
29 33
29 35
29 72
29 88
29 89
29 101
29 106
29 130
30 25
30 69
30 80
30 97
30 154
31 0
31 6
31 14
31 24
31 42
31 49
31 57
31 67
31 92
31 109
31 127
31 154
31 157
32 38
32 53
32 98
32 105
32 127
32 148
32 150
32 153
32 158
33 22
33 29
33 47
33 63
33 73
33 94
33 96
33 111
33 144
34 36
34 51
34 55
34 65
34 138
35 29
35 30
35 56
35 59
35 69
35 92
35 108
35 153
35 159
36 0
36 14
36 84
36 88
36 94
36 115
36 119
36 155
37 46
37 81
37 86
37 106
37 107
37 135
37 159
38 2
38 3
38 14
38 31
38 32
38 52
38 117
38 151
39 3
39 5
39 84
39 105
39 112
39 113
39 148
39 157
40 10
40 26
40 52
40 64
40 65
40 152
41 159
42 29
42 31
42 46
42 54
42 57
42 85
42 142
42 153
43 21
43 74
43 78
43 120
43 154
44 0
44 3
44 6
44 13
44 85
44 120
44 127
44 143
45 9
45 20
45 52
45 70
45 97
45 98
45 117
45 128
45 138
46 0
46 22
46 25
46 42
46 58
46 80
46 89
46 98
46 101
46 110
46 121
46 156
47 33
47 40
47 66
47 100
47 104
47 125
47 143
48 27
48 49
48 56
48 64
48 78
48 83
48 85
48 93
48 111
48 154
48 159
49 8
49 16
49 17
49 23
49 48
49 88
50 59
50 86
50 91
50 102
50 140
51 26
51 34
51 82
51 86
51 103
51 113
51 119
51 156
52 14
52 19
52 28
52 38
52 40
52 59
52 67
52 68
52 153
53 3
53 32
53 77
53 85
53 121
53 142
53 144
54 9
54 18
54 28
54 74
54 98
54 104
54 136
55 34
55 77
55 147
56 4
56 35
56 48
56 57
56 114
56 130
56 136
56 151
57 42
57 56
57 61
57 81
57 151
58 0
58 46
58 69
58 84
58 93
58 150
59 50
59 52
59 69
59 70
59 130
59 133
59 140
59 148
60 12
60 22
60 23
60 68
60 132
60 136
61 7
61 57
61 106
61 125
61 128
61 131
62 24
62 38
62 39
62 64
62 93
62 121
62 153
63 14
63 33
63 81
63 109
64 38
64 40
64 48
64 62
64 68
64 88
64 91
64 92
64 107
64 155
65 25
65 31
65 37
65 96
65 133
65 134
65 152
66 26
66 47
66 74
66 139
66 151
66 152
66 157
67 52
67 87
67 98
67 104
67 148
67 155
68 25
68 33
68 39
68 52
68 60
68 88
68 90
68 101
68 134
69 7
69 139
70 2
70 59
70 117
70 128
71 36
71 133
72 79
72 86
72 106
72 128
72 145
73 10
73 18
73 99
73 117
73 120
73 138
73 156
73 157
74 8
74 42
74 54
74 65
74 66
74 130
75 0
75 34
75 65
75 133
75 134
76 5
76 22
76 111
76 134
76 142
76 149
76 156
77 2
77 7
77 9
77 17
77 20
77 21
77 84
77 89
77 90
77 118
77 140
77 151
78 48
78 89
79 32
79 39
79 70
79 72
79 83
79 85
79 128
79 139
79 150
80 2
80 12
80 30
80 46
80 96
80 109
80 114
80 120
80 121
80 127
80 153
81 19
81 37
81 45
81 57
81 63
81 102
81 134
82 31
82 49
82 51
82 134
82 139
82 140
83 4
83 9
83 11
83 39
83 79
83 85
83 101
83 104
84 9
84 13
84 36
84 39
84 44
84 68
84 75
84 77
84 85
84 107
84 111
84 128
84 149
84 157
85 14
85 27
85 42
85 53
85 65
85 72
85 83
85 84
85 114
85 119
85 123
85 130
85 147
86 5
86 12
86 37
86 51
86 57
86 70
86 98
86 105
86 110
86 143
86 148
87 23
87 106
87 111
87 118
87 123
87 133
88 27
88 49
88 68
88 74
89 29
89 44
89 46
89 47
89 76
89 77
89 78
89 115
89 125
89 147
90 2
90 47
90 77
90 99
90 101
90 114
90 119
90 143
90 158
91 6
91 25
91 50
91 64
91 122
91 129
92 2
92 3
92 29
92 31
92 35
92 64
92 110
92 112
92 114
92 120
93 58
93 102
93 111
93 138
94 6
94 33
94 36
94 41
94 156
94 157
95 81
95 124
95 141
95 147
95 149
96 61
96 62
96 65
96 80
96 135
96 149
96 157
97 24
97 30
97 117
97 135
97 141
97 142
98 0
98 2
98 19
98 26
98 32
98 46
98 54
98 67
98 79
98 106
98 128
99 23
99 106
99 124
99 125
99 130
99 131
99 140
100 4
100 14
100 25
100 47
100 91
100 102
100 133
100 138
100 139
101 2
101 29
101 30
101 46
101 61
101 68
101 83
101 90
101 95
101 111
102 16
102 31
102 37
102 51
102 81
102 93
102 100
102 107
102 133
103 3
103 51
103 81
103 92
103 98
103 110
103 117
103 124
103 138
103 150
104 29
104 67
104 83
104 113
104 115
104 127
104 142
104 156
105 8
105 23
105 39
105 43
105 86
105 88
106 7
106 15
106 29
106 37
106 87
106 98
107 31
107 37
107 71
107 84
107 105
107 115
107 127
107 144
108 2
108 5
108 13
108 21
108 35
108 97
109 12
109 16
109 31
109 48
109 63
109 80
109 110
109 149
110 16
110 18
110 23
110 39
110 46
110 86
110 92
110 133
111 0
111 22
111 28
111 59
111 68
111 76
111 81
111 87
111 93
111 110
111 129
111 139
112 3
112 14
112 29
112 83
112 89
112 92
112 125
113 51
113 64
113 104
113 144
113 157
114 20
114 53
114 90
114 92
115 2
115 24
115 36
115 107
115 120
116 22
116 123
117 5
117 25
117 34
117 45
117 73
117 84
117 97
117 118
117 143
117 152
118 24
118 25
118 42
118 77
118 86
118 100
118 117
119 6
119 36
119 90
119 124
120 15
120 23
120 43
120 44
120 52
120 60
120 73
120 80
120 92
120 145
121 46
121 53
121 54
121 62
121 73
121 80
121 85
121 144
121 152
121 155
122 0
122 9
122 21
122 31
122 65
122 147
122 152
122 159
123 12
123 13
123 14
123 25
123 85
123 87
123 132
124 2
124 95
124 99
124 103
124 106
125 6
125 22
125 26
125 61
125 89
125 99
125 112
126 55
126 140
126 157
127 0
127 22
127 31
127 32
127 44
127 74
127 80
127 104
127 107
127 125
127 126
127 151
128 22
128 27
128 61
128 70
128 72
128 73
128 84
128 98
128 143
129 11
129 38
129 91
129 102
129 135
129 137
129 142
130 5
130 27
130 29
130 56
130 74
130 85
130 99
130 102
130 139
131 38
131 99
131 144
131 145
131 153
132 33
132 69
132 123
133 26
133 36
133 54
133 59
133 65
133 73
133 75
133 87
133 100
133 110
133 129
133 153
134 14
134 23
134 29
134 64
134 65
134 67
134 68
134 73
134 75
134 76
134 81
134 82
134 86
134 142
134 146
135 3
135 37
135 46
135 97
135 117
135 129
135 148
135 157
136 11
136 18
136 66
136 68
136 73
136 137
137 4
137 48
137 53
137 85
137 101
137 134
137 144
137 157
138 8
138 29
138 60
138 73
138 93
138 103
138 129
138 141
138 147
138 154
139 36
139 44
139 69
139 130
139 143
140 26
140 50
140 59
140 77
140 99
141 3
141 9
141 12
141 25
141 52
141 94
141 95
141 97
141 138
141 146
141 148
142 42
142 97
142 104
142 134
142 150
142 152
143 12
143 20
143 33
143 44
143 47
143 86
143 90
143 117
143 128
143 139
143 142
144 16
144 53
144 106
144 113
144 121
144 131
144 138
144 153
144 159
145 5
145 6
145 40
145 49
145 72
145 91
145 93
145 115
145 120
145 131
145 157
145 158
146 28
146 65
146 78
146 141
147 5
147 19
147 42
147 85
147 89
147 95
147 122
148 18
148 25
148 32
148 39
148 67
148 74
148 135
148 141
148 153
149 6
149 63
149 81
149 83
149 95
149 96
149 150
150 23
150 27
150 32
150 33
150 58
150 75
150 116
150 142
150 149
151 3
151 34
151 38
151 57
151 64
151 66
151 77
151 101
151 156
152 3
152 6
152 8
152 28
152 45
152 65
152 79
152 122
152 142
152 147
153 35
153 62
153 135
153 144
154 1
154 8
154 25
154 30
154 43
154 48
154 86
154 96
154 114
154 138
154 159
155 6
155 21
155 67
155 75
155 121
155 149
156 46
156 51
156 76
156 94
156 104
156 132
157 6
157 31
157 39
157 66
157 73
157 84
157 94
157 96
157 135
157 141
157 145
157 156
158 6
158 32
158 52
158 145
159 28
159 35
159 37
159 41
159 48
159 69
159 102
159 140
159 144
159 154
0 1 2 3 4 5 6 7 8 9 10 11
