80 350 6
0 29
0 31
0 51
0 56
0 57
1 0
1 19
1 35
1 42
1 43
1 47
1 49
1 64
1 68
1 78
2 1
2 6
2 14
2 51
2 73
3 15
3 35
3 36
4 1
4 15
4 59
4 65
5 2
5 26
5 67
6 8
6 9
6 12
6 30
6 40
7 6
7 13
7 18
7 22
7 40
7 67
7 71
7 72
7 73
8 3
8 10
8 19
8 28
9 2
9 30
9 42
9 46
9 79
10 28
10 75
11 15
11 34
11 53
11 54
11 64
12 10
12 21
13 3
13 11
13 21
13 24
13 39
13 48
13 71
14 43
14 46
14 55
14 60
15 2
15 30
15 41
15 52
16 8
16 36
16 43
17 37
17 39
17 73
17 79
18 9
18 20
18 31
18 46
19 14
19 49
19 53
19 61
19 67
20 15
20 17
20 27
20 41
21 14
21 26
21 43
21 48
22 6
22 8
22 26
22 41
22 51
22 75
23 11
23 25
23 31
23 71
24 27
24 42
25 32
25 40
25 48
25 52
25 63
25 64
25 66
25 78
26 25
26 50
26 53
27 13
27 19
27 32
27 41
27 69
28 1
28 56
29 3
29 7
29 14
30 52
30 62
31 2
31 5
31 24
32 5
32 8
32 62
33 20
33 39
33 48
33 54
33 60
33 61
33 68
34 5
34 9
34 26
34 41
34 52
34 56
35 10
35 18
35 33
36 9
36 35
36 56
37 0
37 2
37 8
37 11
37 35
37 77
38 4
38 9
38 12
38 19
38 40
38 57
38 63
38 67
39 52
39 66
40 3
40 19
40 37
40 46
40 61
40 65
40 78
41 40
41 51
42 23
42 31
42 35
42 55
43 30
43 39
43 48
43 66
43 69
43 71
44 2
44 22
44 35
44 50
44 71
45 23
45 28
45 30
45 39
45 43
46 23
46 59
46 74
47 15
47 50
47 55
48 4
48 8
48 16
49 51
50 35
50 53
50 64
50 78
51 6
51 13
51 26
51 32
51 71
51 75
52 27
52 31
52 45
52 64
53 36
53 43
53 54
53 64
53 69
53 72
54 6
54 26
54 34
54 42
54 47
54 50
54 74
55 3
55 13
55 49
56 30
56 69
57 20
57 36
57 73
57 78
58 18
58 27
58 37
58 56
58 62
58 75
58 78
59 6
59 14
59 27
59 31
59 33
59 60
60 29
60 41
60 46
60 55
60 78
61 11
61 12
61 42
61 48
61 79
62 7
62 8
62 21
62 64
63 4
63 12
63 47
63 61
63 67
63 72
63 76
64 10
64 19
64 31
64 40
64 42
64 47
64 49
64 68
64 74
65 30
65 36
65 49
65 52
65 54
65 74
66 28
66 41
66 52
66 61
67 17
67 22
68 6
68 8
68 13
69 24
69 32
69 41
69 62
70 1
70 4
70 8
70 32
70 33
70 55
71 21
71 66
71 77
72 40
72 41
72 42
72 51
72 73
73 21
73 27
73 37
73 63
74 55
74 59
76 8
76 47
76 48
77 11
77 20
77 21
77 34
77 39
78 16
78 28
78 43
78 47
78 52
79 58
79 70
79 71
0 1 2 3 4 5
