80 350 20
0 14
0 25
0 42
0 43
0 45
0 64
0 76
0 79
1 7
1 19
1 48
1 51
1 56
1 74
2 0
2 9
2 13
2 57
2 60
3 31
3 42
3 49
3 67
4 11
4 25
4 63
5 72
6 4
6 9
6 21
6 33
6 58
6 60
7 50
7 57
7 59
8 6
8 11
8 22
8 25
8 33
8 34
8 37
8 71
9 5
9 32
10 49
11 2
11 19
11 26
11 27
12 10
12 26
12 37
12 62
13 26
13 41
13 54
13 61
14 13
14 16
14 38
14 56
14 65
14 67
15 2
15 3
15 4
15 11
15 45
16 23
16 25
16 28
17 23
17 36
17 42
17 47
17 49
17 72
18 51
18 60
19 25
19 26
19 27
19 36
19 56
20 8
20 45
20 48
20 63
20 70
20 75
21 19
21 44
21 52
22 36
22 40
23 41
23 70
23 72
24 7
24 15
24 17
24 26
24 31
24 38
24 69
25 32
25 46
25 77
25 78
26 32
26 40
26 56
26 60
27 0
27 9
27 10
27 40
27 44
27 64
27 73
27 78
28 7
28 12
28 14
28 29
28 71
29 7
29 14
29 47
30 73
31 18
31 30
31 51
32 12
32 20
32 49
32 71
33 25
33 31
33 39
33 49
33 60
33 61
33 67
34 11
34 58
34 62
35 10
35 44
36 14
36 15
36 20
36 75
37 5
37 32
37 63
37 66
37 70
37 75
38 9
38 13
38 29
38 32
38 68
39 3
39 28
39 36
39 58
39 79
40 32
40 37
40 75
40 79
41 35
41 59
41 65
42 10
42 16
42 28
42 46
43 19
44 37
44 50
45 21
45 27
45 37
45 47
45 66
45 71
45 74
45 77
46 2
46 17
46 35
46 39
46 60
46 67
46 76
47 32
47 43
47 58
47 68
48 15
48 25
48 28
48 35
49 7
49 9
49 37
49 71
50 0
50 2
50 8
50 22
50 48
50 58
50 76
51 21
51 67
51 73
52 0
52 2
52 32
52 41
52 49
52 50
52 65
52 68
53 75
54 6
54 31
54 48
54 61
54 66
55 10
55 24
55 45
55 56
56 13
56 43
56 44
56 66
57 1
57 4
57 9
57 10
57 33
57 50
57 53
58 3
58 56
58 67
59 24
59 44
59 67
59 69
59 72
60 7
60 32
60 36
60 41
60 63
60 65
61 12
61 22
61 24
61 71
62 25
62 29
62 32
62 72
63 14
63 36
63 58
63 75
64 15
64 20
64 46
64 47
64 48
64 77
65 35
65 62
66 3
66 44
66 50
66 72
66 73
67 31
67 56
67 73
68 0
68 30
68 48
68 53
68 63
68 71
69 40
69 42
69 56
69 63
69 70
69 73
70 2
70 19
70 29
70 44
70 65
71 13
71 23
71 72
72 9
72 15
72 22
72 27
72 28
72 47
72 57
73 38
73 40
73 60
74 17
74 19
74 27
74 43
74 46
74 49
74 51
74 70
75 17
75 42
75 66
76 3
76 14
76 23
76 29
76 45
76 79
77 20
77 36
77 52
77 75
78 1
78 22
78 33
78 35
79 4
79 70
0 1 2 3 4 5 6 7 8 9 10 11 12 13 14 15 16 17 18 19
