80 632 16
0 10
0 16
0 20
0 31
0 33
0 48
0 56
0 60
0 66
0 73
1 10
1 11
1 19
1 24
1 28
1 36
1 73
1 75
2 22
2 38
2 45
2 55
2 61
2 65
2 76
3 0
3 16
3 20
3 28
3 31
3 37
3 39
3 71
3 72
3 77
4 26
4 40
4 45
4 48
4 49
4 52
4 62
4 77
5 48
5 71
5 79
6 19
6 23
6 57
6 61
6 68
6 73
7 2
7 3
7 8
7 14
7 17
7 34
7 43
7 55
7 65
8 17
8 29
8 43
8 47
8 57
8 64
8 68
8 78
8 79
9 26
9 68
9 69
10 3
10 7
10 8
10 21
10 22
10 29
10 35
10 47
10 65
10 68
10 69
10 74
10 78
11 3
11 17
11 30
11 31
11 39
11 61
11 66
11 74
11 78
12 5
12 8
12 17
12 19
12 42
12 47
12 55
12 68
12 69
12 74
12 77
13 4
13 21
13 25
13 37
13 49
13 52
13 69
14 5
14 16
14 21
14 41
14 54
14 74
15 7
15 20
15 45
15 55
15 59
15 62
15 72
15 73
16 11
16 18
16 25
16 29
16 40
17 25
17 75
17 77
18 19
18 20
18 24
18 49
18 51
18 74
18 75
18 77
19 0
19 3
19 5
19 16
19 34
19 37
19 71
20 28
20 40
20 41
20 42
20 53
20 55
20 69
21 6
21 30
21 32
21 44
22 1
22 8
22 11
22 14
22 28
22 40
22 43
22 44
22 52
22 57
22 59
22 76
22 78
23 7
23 12
23 24
23 26
23 43
23 63
23 71
23 72
23 76
24 7
24 8
24 14
24 36
24 37
24 39
24 42
24 67
25 5
25 20
25 28
25 38
25 50
25 71
25 73
25 76
25 77
26 11
26 12
26 19
26 41
26 65
26 70
26 73
26 79
27 1
27 4
27 20
27 73
27 75
28 8
28 12
28 15
28 42
28 48
28 53
28 57
28 61
28 69
29 2
29 5
29 34
29 61
29 63
29 69
30 1
30 15
30 31
30 32
30 33
30 55
30 57
30 76
32 22
32 36
32 44
32 48
32 61
32 70
32 74
32 75
32 78
33 7
33 14
33 20
33 27
33 42
33 62
33 78
34 22
34 23
34 55
34 58
35 17
35 44
35 57
35 60
35 70
36 3
36 6
36 15
36 26
36 31
36 54
36 78
37 10
37 15
37 18
37 25
37 33
37 69
38 9
38 15
38 16
38 17
38 21
38 22
38 24
38 26
38 33
38 36
38 37
38 63
38 70
38 74
38 75
38 78
39 0
39 19
39 34
39 37
39 50
39 68
39 72
40 3
40 5
40 43
40 50
40 57
40 58
41 16
41 18
41 22
41 24
41 42
41 63
41 69
41 70
41 79
42 1
42 3
42 36
42 47
42 56
42 58
42 72
42 79
43 5
43 32
43 42
43 44
43 45
43 72
44 0
44 15
44 36
44 45
44 69
44 77
45 9
45 27
45 28
45 38
45 51
45 67
46 24
46 31
46 32
46 34
46 36
46 42
46 57
46 58
46 62
47 15
47 16
47 27
47 44
47 58
47 63
47 65
48 1
48 6
48 11
48 41
48 50
48 64
48 65
48 79
49 0
49 10
49 14
49 15
49 23
49 33
49 40
49 43
49 58
49 61
49 62
49 71
49 72
49 79
50 2
50 7
50 13
50 20
50 23
50 36
50 59
50 75
51 3
51 5
51 8
51 11
51 27
51 30
51 33
51 41
51 59
51 67
51 68
51 74
52 15
52 26
52 41
52 53
52 67
52 74
53 2
53 11
53 14
53 19
53 21
53 23
53 30
53 37
53 42
53 51
53 70
53 72
54 12
54 21
54 22
54 48
54 49
54 55
54 59
54 71
55 1
55 5
55 11
55 21
55 42
55 47
55 51
56 2
56 4
56 9
56 19
56 20
56 33
56 34
56 66
56 79
57 18
57 32
57 52
57 53
57 55
57 62
57 63
57 65
58 27
58 30
58 31
58 43
58 53
59 3
59 6
59 14
59 25
59 30
59 45
59 48
59 56
59 57
59 68
60 2
60 10
60 14
60 16
60 22
60 29
60 36
60 39
60 47
60 54
60 72
60 73
60 77
61 14
61 18
61 23
61 24
61 36
61 45
61 50
61 51
61 58
61 78
62 8
62 10
62 13
62 29
62 30
62 42
62 60
62 74
63 2
63 10
63 16
63 21
63 22
63 40
63 43
63 55
64 12
64 14
64 31
64 32
64 44
64 45
64 54
64 56
64 60
64 62
64 68
64 72
65 12
65 17
65 33
65 54
65 64
65 66
65 73
66 2
66 6
66 15
66 40
66 43
66 44
66 49
66 64
67 5
67 14
67 17
67 26
67 36
67 42
67 50
67 56
67 59
67 75
68 16
68 22
68 42
68 69
68 70
68 75
69 1
69 6
69 8
69 16
69 19
69 27
69 48
69 62
69 67
69 74
70 11
70 19
70 33
70 36
70 63
70 64
70 65
71 7
71 10
71 26
71 27
71 29
71 45
71 59
72 16
72 17
72 21
72 44
72 54
72 56
72 68
72 69
72 73
73 21
73 42
73 56
73 59
73 75
74 4
74 29
74 31
74 43
74 47
74 73
74 76
75 11
75 28
75 29
75 31
75 46
75 66
75 74
76 1
76 13
76 14
76 18
76 19
76 27
76 32
76 38
76 45
76 52
76 54
76 57
76 62
76 75
77 9
77 31
77 33
77 37
77 57
77 68
77 71
77 76
78 20
78 27
78 71
78 75
79 4
79 19
79 28
79 30
79 35
79 57
79 60
79 72
79 74
79 75
79 78
0 1 2 3 4 5 6 7 8 9 10 11 12 13 14 15
