80 218 8
0 9
0 19
0 41
0 43
0 46
0 68
1 38
1 65
2 35
2 72
3 32
3 65
4 9
4 30
5 14
5 27
6 17
6 27
7 8
7 66
8 0
8 7
8 39
8 61
8 77
9 14
9 47
10 79
11 30
11 77
12 24
12 37
12 69
13 29
13 36
13 37
13 68
14 40
14 56
14 74
15 17
15 35
16 28
16 34
16 74
16 76
16 79
17 6
17 52
18 34
18 41
18 52
18 64
19 24
19 44
19 62
20 23
21 5
21 25
21 33
21 61
22 0
22 9
22 11
22 64
23 54
25 11
25 71
26 47
26 76
27 6
27 22
27 38
27 49
28 16
28 27
28 50
28 57
28 63
29 13
29 31
29 32
29 50
29 68
29 70
30 64
31 28
31 29
32 3
32 46
33 21
33 69
34 16
34 18
34 41
34 51
35 2
35 62
35 64
36 6
36 12
36 13
36 25
37 13
38 1
38 64
39 8
39 74
40 5
40 53
40 61
41 15
41 18
41 23
41 44
41 51
41 70
42 35
43 71
43 74
44 41
45 60
45 67
46 13
46 23
46 79
47 9
47 26
47 33
47 76
47 77
48 40
49 6
49 27
49 51
49 67
50 29
50 49
51 25
51 34
51 41
51 49
51 73
52 15
52 17
52 18
53 8
53 40
53 55
53 63
53 70
54 48
54 58
54 65
54 68
55 53
56 22
57 28
58 54
59 77
60 78
61 21
62 19
62 23
62 35
64 22
64 38
65 0
65 3
65 48
65 54
66 0
66 30
66 69
66 76
67 22
67 55
68 0
68 57
68 76
69 12
69 32
69 33
69 66
69 75
70 41
70 53
71 35
72 2
72 4
73 51
73 58
73 68
73 79
74 8
74 14
74 16
74 20
74 37
74 39
74 43
75 6
75 39
76 26
76 47
76 66
77 8
77 11
77 47
77 59
77 76
78 29
78 45
78 75
79 16
79 19
79 46
79 70
0 1 2 3 4 5 6 7
