80 350 6
0 12
0 16
0 37
0 40
0 41
0 54
1 21
1 24
1 28
1 34
1 37
1 46
1 57
1 63
1 68
2 3
2 37
2 40
2 70
3 0
3 26
3 41
4 13
4 75
5 14
5 23
5 73
6 27
6 33
6 36
6 42
6 48
7 14
7 42
7 45
7 56
8 7
8 10
8 17
8 19
8 26
8 29
8 76
9 32
10 9
10 47
11 2
11 6
11 18
11 36
11 37
11 56
11 72
12 3
12 28
12 43
12 67
12 79
13 33
13 65
14 59
15 2
15 37
15 74
16 22
16 55
16 77
17 30
17 33
17 69
17 73
17 75
18 5
18 26
18 42
18 43
18 70
18 73
18 79
19 2
19 33
19 41
19 46
19 52
20 36
20 44
20 49
20 57
20 63
21 13
21 36
21 42
21 45
21 52
22 29
22 31
22 56
22 64
22 66
22 76
23 12
23 59
23 70
24 16
24 59
24 79
25 0
25 14
25 39
25 40
25 49
25 60
25 64
26 37
26 42
26 64
27 35
27 41
27 42
28 5
28 32
28 51
29 2
29 16
29 20
29 47
29 57
30 29
30 68
31 47
31 48
31 73
32 20
32 31
32 37
32 57
32 60
33 27
33 32
33 50
33 58
34 21
34 55
36 30
36 74
37 21
37 24
37 28
37 67
37 69
37 70
38 12
38 23
38 35
38 44
38 52
39 6
39 27
39 46
39 50
40 29
40 30
40 34
40 39
40 41
40 50
40 53
41 21
41 29
41 31
41 35
41 50
41 78
42 9
43 28
43 31
45 0
45 3
45 70
46 5
46 9
46 14
46 36
46 37
47 52
48 18
48 37
48 58
48 67
49 7
49 54
49 72
49 73
50 19
50 43
50 53
51 9
51 11
51 15
51 16
51 20
51 30
51 40
51 55
51 58
51 71
52 0
52 36
53 8
53 19
53 22
54 21
54 37
54 64
55 9
55 21
55 29
56 23
56 38
56 54
56 55
56 69
56 73
57 9
57 10
57 37
57 49
57 56
57 64
57 65
57 73
57 77
58 1
58 29
58 79
59 3
59 4
59 18
59 22
59 26
59 43
59 60
59 61
59 67
60 9
60 39
60 65
61 28
62 9
62 11
62 17
62 61
62 71
62 75
63 6
63 10
63 65
63 67
63 76
64 1
64 7
64 13
64 21
64 30
64 36
64 43
64 44
64 46
64 52
64 69
64 71
65 11
65 18
65 77
66 0
66 5
66 12
66 28
66 32
66 46
66 51
66 73
67 10
67 24
67 27
67 30
67 62
67 68
67 70
67 71
68 2
68 9
68 16
68 19
68 54
68 58
68 74
68 76
68 77
69 2
69 4
69 6
69 16
69 24
69 34
69 57
69 58
69 61
69 67
69 76
70 40
70 64
71 16
71 44
71 47
71 60
71 66
71 75
72 17
72 51
72 56
72 71
72 74
73 45
73 46
73 67
74 18
74 39
74 49
74 52
75 21
75 27
75 58
76 6
76 13
76 35
76 51
77 4
77 22
77 50
77 59
77 64
77 69
78 1
78 27
78 36
78 51
78 65
78 71
79 17
0 1 2 3 4 5
