80 632 6
0 8
0 9
0 12
0 13
0 19
0 34
0 43
0 44
0 45
0 46
0 47
0 62
0 65
0 68
1 3
1 6
1 49
1 50
1 65
1 68
1 69
1 78
2 14
2 22
2 27
2 36
2 53
2 65
2 67
2 72
2 76
3 0
3 2
3 18
3 22
3 23
3 32
3 37
3 60
3 64
3 65
3 69
4 1
4 20
4 24
4 74
5 21
5 27
5 32
5 39
5 58
5 65
5 71
5 79
6 2
6 3
6 15
6 26
6 36
6 54
6 61
6 75
7 8
7 23
7 37
7 42
7 47
7 66
7 72
7 73
7 76
8 15
8 16
8 41
8 44
8 61
8 73
8 74
8 75
8 77
9 1
9 3
9 4
9 5
9 22
9 32
9 35
9 47
9 49
9 52
9 73
10 12
10 16
10 34
10 37
10 47
11 0
11 16
11 21
11 22
11 30
11 33
11 53
11 66
11 67
11 77
12 3
12 7
12 18
12 19
12 20
12 24
12 27
12 36
12 38
12 42
12 43
12 62
13 23
13 46
13 49
14 3
14 5
14 9
14 45
14 59
14 68
14 72
14 79
15 7
15 17
15 35
15 41
15 51
15 61
16 9
16 50
16 79
17 6
17 7
17 25
17 30
17 31
17 36
17 69
18 26
18 41
18 50
18 61
18 64
19 2
19 10
19 24
19 37
19 66
19 70
19 71
19 79
20 8
20 10
20 26
20 28
20 40
20 49
20 57
20 74
21 4
21 9
21 37
21 49
21 58
21 61
21 66
21 77
22 0
22 27
22 48
22 53
22 56
22 62
22 65
23 2
23 20
23 25
23 29
23 33
23 41
23 44
23 46
23 54
23 62
23 68
23 73
24 0
24 3
24 43
24 66
24 72
24 73
24 77
24 78
25 7
25 11
25 19
25 21
25 38
25 42
25 46
25 51
25 71
26 19
26 57
26 58
26 64
26 76
26 77
27 6
27 21
27 26
27 28
27 38
27 42
27 51
27 56
28 4
28 7
28 11
28 14
28 16
28 19
28 26
28 31
28 33
28 50
28 57
28 61
28 74
29 1
29 11
29 13
29 14
29 16
29 31
29 53
30 4
30 16
30 64
30 67
31 2
31 10
31 13
31 16
31 19
31 35
31 70
32 2
32 10
32 12
32 21
32 29
32 34
32 36
32 37
32 47
32 74
33 3
33 13
33 21
33 47
34 16
34 18
34 47
34 61
34 73
34 75
34 76
35 2
35 25
35 42
35 49
35 71
36 7
36 13
36 19
36 21
36 25
36 28
36 59
36 78
37 12
37 13
37 33
37 53
37 62
37 63
37 73
38 1
38 5
38 8
38 20
38 46
38 57
38 64
38 67
39 1
39 8
39 12
39 29
39 40
39 50
39 57
39 60
39 74
40 5
40 14
40 15
40 18
40 21
40 22
40 25
40 33
40 51
40 53
40 57
40 58
40 76
41 0
41 6
41 34
41 39
41 50
41 51
41 67
41 71
42 20
42 21
42 22
42 24
42 44
42 47
42 64
42 74
43 30
43 54
43 60
43 64
44 10
44 19
44 22
44 25
44 28
44 36
44 37
44 41
44 46
44 55
44 72
44 77
45 17
45 26
45 56
45 65
45 67
45 70
45 78
46 2
46 4
46 9
46 27
46 32
46 36
46 52
47 11
47 16
47 26
47 37
47 43
47 44
47 49
47 62
47 64
47 75
47 77
47 78
48 13
48 19
48 21
48 40
48 42
48 45
48 54
48 55
48 65
48 71
49 6
49 14
49 27
49 28
49 42
49 50
49 51
49 52
49 67
50 9
50 25
50 29
50 31
50 34
50 35
50 43
50 45
50 47
50 54
50 56
51 4
51 30
51 34
51 73
51 74
51 76
52 14
52 15
52 17
52 18
52 23
52 36
52 44
52 53
52 70
53 6
53 8
53 12
53 27
53 30
53 42
53 43
53 51
53 74
54 1
54 5
54 12
54 26
54 53
54 60
54 64
54 65
54 68
55 21
55 35
55 43
55 53
56 14
56 54
56 55
56 69
57 1
57 36
57 41
57 48
57 51
57 54
57 76
58 11
58 13
58 23
58 54
58 66
58 68
58 73
59 4
59 5
59 7
59 51
59 77
60 26
60 29
60 38
60 45
61 12
61 26
61 40
61 53
61 54
62 13
62 19
62 34
62 35
62 39
62 42
62 57
62 59
62 70
62 75
63 18
63 19
63 23
63 28
63 41
63 53
63 65
63 73
64 11
64 22
64 35
64 48
64 52
64 56
64 61
65 36
65 39
65 71
65 74
65 78
66 0
66 1
66 4
66 9
66 20
66 30
66 35
66 41
66 42
66 48
66 52
66 70
67 19
67 22
67 23
67 24
67 27
67 52
67 55
67 74
68 5
68 13
68 29
68 57
68 73
69 7
69 12
69 30
69 32
69 33
69 35
69 45
69 63
69 66
69 68
69 75
70 1
70 4
70 9
70 22
70 29
70 33
70 41
70 48
70 53
70 55
70 68
71 2
71 32
71 43
71 77
72 0
72 1
72 4
72 22
72 25
72 29
72 36
72 40
72 45
72 52
72 56
72 58
72 62
72 69
73 6
73 26
73 28
73 49
74 7
74 14
74 15
74 16
74 37
74 43
74 59
74 60
75 4
75 16
75 21
75 25
75 36
75 39
75 45
75 48
75 56
75 64
76 8
76 16
76 31
76 43
76 47
76 66
76 68
77 5
77 16
77 40
77 55
77 61
77 64
77 66
77 73
77 76
78 12
78 16
78 29
78 39
78 60
78 71
78 73
78 75
79 8
79 10
79 20
79 22
79 32
79 46
79 70
79 73
0 1 2 3 4 5
