80 632 20
0 8
0 10
0 19
0 21
0 23
0 33
0 39
0 44
0 48
0 52
0 57
0 58
0 61
0 67
1 6
1 14
1 35
1 46
1 56
1 61
1 63
2 9
2 26
2 42
3 1
3 2
3 7
3 11
3 17
3 24
3 36
3 39
3 45
3 73
3 74
4 15
4 18
4 36
4 45
4 54
4 59
4 66
4 77
5 32
5 73
6 0
6 17
6 22
6 36
6 44
6 66
6 72
7 1
7 6
7 23
7 30
7 31
7 37
7 46
7 65
7 67
7 78
8 3
8 14
8 27
8 43
8 45
8 47
8 65
8 70
8 72
8 76
9 3
9 16
9 18
9 37
9 38
9 50
9 60
9 64
9 77
10 2
10 3
10 44
10 59
10 69
10 74
10 76
10 77
11 19
11 32
11 36
11 40
11 52
11 57
11 67
11 72
11 79
12 16
12 47
12 57
12 61
12 72
12 76
12 77
12 79
13 16
13 21
13 38
13 45
13 54
13 63
13 75
13 79
14 0
14 3
14 6
14 7
14 37
14 42
14 67
14 79
15 54
15 74
15 76
15 77
16 1
16 22
16 27
16 28
16 41
16 52
16 61
17 4
17 5
17 15
17 16
17 53
18 21
18 52
18 56
18 59
18 64
18 76
19 1
19 23
19 42
19 63
20 2
20 8
20 21
20 23
20 27
20 43
20 73
20 77
20 79
21 9
21 17
21 26
21 32
21 33
21 41
21 66
21 67
22 10
22 14
22 20
22 27
22 42
22 75
22 77
23 22
23 26
23 28
23 38
23 41
23 48
23 50
23 52
23 62
23 75
24 8
24 11
24 44
24 45
24 55
24 59
24 64
24 71
24 78
25 9
25 11
25 37
25 63
25 64
26 0
26 8
26 19
26 24
26 41
26 42
26 56
26 58
26 62
26 64
26 71
26 78
27 9
27 17
27 44
27 48
27 50
28 21
28 22
28 36
28 37
28 56
28 69
28 72
28 74
28 75
28 78
29 0
29 7
29 14
29 41
29 52
29 64
29 66
30 4
30 20
30 35
30 36
30 39
30 51
30 52
31 1
31 2
31 14
31 20
31 41
31 70
31 77
32 12
32 15
32 23
32 25
32 27
32 48
32 68
33 8
33 22
33 24
33 35
33 36
33 37
33 53
34 1
34 21
34 28
34 30
34 31
34 35
34 73
35 7
35 12
35 20
35 26
35 31
35 53
35 67
35 74
35 77
35 79
36 16
36 17
36 22
36 35
36 39
36 42
37 3
37 8
37 22
37 49
38 0
38 14
38 22
38 44
38 71
39 6
39 7
39 8
39 29
39 55
39 58
39 63
39 75
40 14
40 20
40 32
40 50
40 54
40 60
40 67
40 73
41 5
41 12
41 19
41 20
41 22
41 39
41 54
41 55
41 58
42 23
42 24
42 31
42 38
42 46
42 57
42 60
42 62
42 67
43 11
43 14
43 23
43 30
43 31
43 44
43 50
43 62
43 78
44 5
44 11
44 15
44 28
44 30
44 31
44 35
44 37
44 53
44 59
44 60
45 14
45 21
45 22
45 23
45 39
45 41
45 46
45 61
45 70
45 74
46 15
46 27
46 31
46 40
46 43
46 53
47 1
47 6
47 31
47 50
47 64
47 72
47 77
48 9
48 11
48 15
48 17
48 29
48 43
48 52
48 62
48 64
48 71
49 11
49 15
49 34
49 35
49 45
49 51
49 53
49 63
49 70
49 71
49 78
50 5
50 14
50 33
50 34
50 36
50 54
50 57
50 60
50 66
50 77
51 10
51 13
51 42
51 47
51 50
51 64
51 75
51 79
52 5
52 27
52 44
52 54
52 56
52 60
52 68
53 6
53 7
53 10
53 27
53 42
53 59
53 63
53 69
53 76
54 10
54 17
54 26
54 34
55 1
55 7
55 15
55 16
55 28
55 42
55 51
55 53
55 56
56 10
56 35
56 71
57 5
57 13
57 27
57 40
57 52
57 66
57 75
58 8
58 14
58 47
58 51
58 66
58 67
59 1
59 3
59 12
59 46
59 48
59 62
59 68
59 70
59 75
60 3
60 11
60 28
60 31
60 33
60 46
60 62
60 75
61 25
61 32
61 57
62 12
62 14
62 20
62 25
62 35
62 49
62 55
62 56
62 77
63 2
63 17
63 20
63 29
63 38
63 41
63 43
63 59
63 73
63 74
64 1
64 7
64 12
64 38
64 44
64 45
64 49
64 54
64 56
64 63
64 72
64 77
65 0
65 3
65 17
65 26
65 37
65 41
65 55
65 59
65 76
65 77
66 20
66 22
66 44
66 45
66 59
66 73
67 5
67 6
67 17
67 27
67 31
67 33
67 44
67 59
67 60
67 77
68 5
68 8
68 15
68 26
68 37
68 38
68 42
68 50
68 58
68 78
69 13
69 17
69 18
69 19
69 31
69 37
69 45
69 48
69 68
70 3
70 5
70 11
70 14
70 15
70 20
70 23
70 29
70 36
70 60
70 69
70 77
71 27
71 36
71 43
71 46
71 50
71 51
71 64
71 66
72 16
72 18
72 22
72 27
72 48
72 58
72 61
72 71
72 78
73 4
73 8
73 31
73 35
73 45
73 57
73 64
73 67
73 68
74 7
74 30
74 54
74 56
74 58
74 64
75 10
75 16
75 20
75 24
75 55
75 58
75 62
76 5
76 22
76 23
76 26
76 43
76 62
76 67
77 32
77 36
77 42
77 52
77 58
77 69
77 76
78 36
78 47
78 54
78 55
78 59
78 61
78 73
78 74
78 76
79 10
79 16
79 28
79 29
79 44
79 47
79 48
79 52
79 56
79 77
79 78
0 1 2 3 4 5 6 7 8 9 10 11 12 13 14 15 16 17 18 19
