80 632 8
0 14
0 18
0 22
0 23
0 28
0 33
0 36
0 39
0 42
0 47
0 48
0 51
0 54
0 62
0 66
0 72
1 14
1 23
1 30
1 41
1 46
1 57
1 67
1 70
2 8
2 25
2 40
2 56
3 6
3 23
3 27
3 59
3 65
3 69
3 72
4 6
4 9
4 15
4 21
4 25
4 33
4 45
5 1
5 26
5 44
5 56
5 63
5 76
6 16
6 22
6 30
6 33
6 44
6 51
6 69
6 76
6 77
7 6
7 9
7 18
7 34
7 41
7 46
7 50
7 61
7 68
7 71
7 78
8 11
8 12
8 27
8 29
8 36
8 37
8 42
8 43
8 50
8 76
9 0
9 1
9 13
9 18
9 46
9 48
9 50
9 64
9 67
9 68
10 3
10 5
10 56
10 62
10 68
10 76
10 78
11 17
11 45
11 46
11 54
11 73
12 2
12 13
12 16
12 17
12 22
12 24
12 29
12 32
12 51
12 55
12 64
12 71
13 29
13 43
13 73
13 77
14 2
14 42
14 71
15 10
15 26
15 28
15 44
15 45
15 47
15 61
15 62
16 18
16 74
17 6
17 13
17 34
17 58
17 64
17 66
17 70
18 2
18 5
18 25
18 34
18 48
18 54
18 60
18 66
18 69
19 7
19 11
19 14
19 48
19 73
20 0
20 18
20 37
20 39
20 47
20 54
20 58
20 62
20 74
20 78
21 7
21 8
21 17
21 41
22 29
22 41
22 46
22 52
22 54
22 61
22 66
22 76
23 18
23 29
23 33
23 35
23 47
23 77
24 8
24 14
24 30
24 34
24 35
24 47
24 49
24 63
24 76
25 6
25 8
25 20
25 31
25 38
25 47
25 53
25 67
25 68
25 69
25 78
26 9
26 16
26 17
26 25
26 40
26 48
26 50
26 53
26 54
26 76
27 1
27 22
27 37
27 59
27 74
27 77
27 79
28 7
28 13
28 14
28 32
28 40
28 48
28 59
29 1
29 3
29 33
29 34
29 46
29 48
29 53
29 71
29 73
30 0
30 10
30 16
30 48
31 0
31 1
31 3
31 4
31 6
31 8
31 11
31 26
31 44
31 50
31 55
31 63
31 66
31 67
31 70
31 78
32 13
32 17
32 22
32 40
32 48
32 74
33 32
33 39
33 43
33 46
33 53
33 64
33 66
34 10
34 19
34 21
34 22
34 61
34 75
35 0
35 7
35 14
35 50
35 62
35 69
35 72
35 78
36 3
36 4
36 5
36 15
36 26
36 32
36 34
36 35
36 68
36 70
36 73
36 79
37 7
37 11
37 19
37 22
37 23
37 50
37 54
37 56
37 60
37 73
38 5
38 7
38 31
38 36
38 50
38 56
39 2
39 18
39 41
39 53
39 63
39 75
39 76
40 54
40 65
40 74
40 78
41 12
41 13
41 14
41 27
41 29
41 30
41 32
41 33
41 35
41 38
41 64
42 46
42 55
42 59
42 69
43 5
43 21
43 29
43 41
43 61
43 72
43 79
44 13
44 18
44 26
44 29
44 30
44 50
44 67
45 6
45 19
45 22
45 31
45 32
45 50
45 51
45 74
46 14
46 25
46 28
46 48
46 52
46 58
46 64
47 11
47 28
47 32
47 38
47 48
47 53
47 69
47 70
48 8
48 41
48 42
48 43
48 62
48 70
48 78
49 9
49 16
49 26
49 30
49 54
49 68
50 3
50 40
50 42
50 51
50 52
50 53
50 59
50 68
51 1
51 4
51 7
51 26
51 30
51 32
51 57
51 67
51 75
51 77
52 1
52 9
52 24
52 27
52 30
52 35
52 40
52 49
52 70
53 12
53 20
53 31
53 34
53 37
53 42
54 9
54 16
54 19
54 34
54 41
54 44
54 46
54 56
54 69
55 8
55 10
55 16
55 21
55 22
55 28
55 51
55 72
56 4
56 12
56 23
56 31
56 32
56 47
56 58
56 59
57 42
57 53
57 60
58 18
58 30
58 50
59 0
59 15
59 30
59 34
59 35
59 39
59 41
59 46
59 57
59 60
59 70
59 71
60 1
60 4
60 20
60 23
60 39
60 62
60 68
61 14
61 18
61 21
61 26
61 37
61 49
61 53
61 75
62 7
62 8
62 11
62 13
62 19
62 34
62 37
62 58
62 72
62 76
63 11
63 13
63 15
63 26
63 52
63 73
64 1
64 4
64 23
64 29
64 39
64 40
64 44
64 45
64 54
64 60
65 0
65 10
65 31
65 34
65 54
65 56
65 57
65 60
65 72
65 75
65 78
66 8
66 13
66 23
66 25
66 26
66 30
66 43
66 54
66 56
66 61
66 77
67 4
67 16
67 22
67 34
67 41
67 56
68 1
68 4
68 5
68 6
68 13
68 27
68 29
68 52
68 74
69 14
69 22
69 26
69 39
69 75
70 19
70 53
70 57
70 68
70 78
71 0
71 3
71 16
71 20
71 21
71 26
71 43
71 50
71 52
71 53
71 56
71 61
71 62
71 76
72 19
72 26
72 32
72 34
72 36
72 42
72 44
72 48
72 63
72 71
73 6
73 12
73 18
73 60
73 72
74 6
74 8
74 24
74 37
74 42
74 48
74 54
74 58
74 59
74 66
74 67
74 69
75 6
75 10
75 22
75 26
75 32
75 45
75 60
75 64
75 72
75 73
76 13
76 21
76 29
76 45
76 50
76 69
77 3
77 5
77 7
77 16
77 31
77 34
77 68
78 0
78 13
78 18
78 24
78 28
78 30
78 32
78 33
78 51
78 52
78 63
78 72
78 73
78 74
79 0
79 1
79 6
79 16
79 33
79 39
79 48
79 69
0 1 2 3 4 5 6 7
