80 350 20
0 24
0 39
0 45
0 50
0 56
1 18
1 30
1 41
1 55
1 62
2 20
2 39
2 42
2 59
3 19
3 50
4 13
4 21
4 53
4 68
4 71
5 18
5 49
5 53
5 61
6 50
6 61
6 66
6 73
6 75
7 31
7 60
7 71
7 72
8 15
8 39
8 49
8 60
8 63
8 65
9 38
9 40
10 0
10 5
10 57
11 15
11 29
11 33
11 51
11 63
11 73
11 76
12 18
12 30
12 51
12 57
13 12
13 16
13 27
13 35
13 37
13 78
14 13
14 30
14 31
14 43
14 74
15 28
15 35
15 51
15 57
15 58
16 26
16 28
16 60
16 69
16 76
17 16
17 27
17 60
18 14
18 42
18 64
18 69
19 14
19 33
20 10
20 21
20 38
20 55
20 57
20 63
22 26
22 29
22 41
22 43
22 53
22 57
22 77
23 6
23 53
23 69
24 14
24 27
24 28
24 41
24 47
24 55
24 63
25 1
25 31
25 42
26 37
26 39
26 45
26 48
27 36
27 49
28 18
28 37
28 54
29 10
29 18
29 63
30 20
30 43
30 49
30 51
30 65
30 69
30 75
31 3
31 39
31 40
31 57
32 4
32 5
32 10
32 63
33 30
33 56
33 59
33 61
33 72
33 77
34 13
34 49
34 50
35 9
35 39
35 63
36 8
36 28
36 32
36 40
36 63
37 33
37 43
38 26
38 32
38 69
39 4
39 9
39 15
39 16
39 18
39 21
39 22
39 27
39 76
40 27
40 33
40 39
40 48
41 0
41 13
41 18
41 32
41 51
41 71
41 78
42 11
42 22
42 26
42 31
42 60
42 67
42 79
43 13
43 36
43 70
44 7
44 29
44 32
44 34
44 38
44 51
45 5
45 20
45 37
45 77
46 7
46 12
46 14
46 34
46 71
47 75
48 7
48 21
48 28
48 45
48 59
48 68
49 67
49 75
50 5
51 3
51 17
51 29
51 46
51 47
51 50
52 11
52 20
52 50
52 62
52 65
52 77
53 12
53 26
53 32
53 71
54 5
54 30
54 33
55 9
55 68
57 6
57 7
57 13
57 62
57 70
57 78
58 2
58 11
58 25
58 27
58 34
58 56
58 64
59 3
59 12
59 27
59 45
59 77
59 79
60 28
60 45
60 63
61 21
61 22
61 28
61 32
61 57
61 60
61 77
62 9
62 29
62 64
62 73
63 4
63 23
63 46
63 66
64 22
64 32
64 42
64 46
64 66
65 9
65 26
65 72
66 11
66 34
66 55
66 75
67 0
67 10
67 69
67 70
68 27
68 65
69 31
69 44
69 60
70 28
70 32
71 18
71 22
71 26
72 2
72 3
72 29
72 37
72 39
72 55
72 71
73 3
73 5
73 9
73 10
73 68
73 79
74 4
74 6
74 11
74 15
74 38
74 41
74 43
74 44
75 14
75 23
75 29
75 44
75 77
76 5
76 7
76 12
76 15
76 23
76 37
76 38
76 56
76 74
77 35
77 50
78 10
78 27
78 42
78 61
78 62
79 0
79 9
79 20
79 30
79 37
79 39
79 48
79 61
0 1 2 3 4 5 6 7 8 9 10 11 12 13 14 15 16 17 18 19
