80 632 6
0 10
0 14
0 27
0 34
0 42
0 50
0 63
0 64
0 68
0 70
0 74
0 76
0 78
1 7
1 11
1 18
1 45
1 48
1 57
1 74
1 77
2 0
2 8
2 13
2 32
2 48
2 58
2 70
2 73
3 10
3 26
3 31
3 58
3 59
3 66
3 70
4 5
4 6
4 11
4 15
4 19
4 25
4 50
5 2
5 42
5 72
6 8
6 9
6 26
6 51
6 56
6 60
7 19
7 24
7 29
7 49
7 60
7 68
8 20
8 22
8 30
8 43
8 50
8 54
8 69
8 78
9 2
9 5
9 15
9 21
9 27
9 32
9 46
9 49
9 59
9 72
10 1
10 12
10 24
10 35
10 57
10 59
10 67
10 78
11 2
11 8
11 15
11 26
11 34
11 36
11 45
12 5
12 26
12 28
12 32
12 43
12 47
12 48
12 62
13 14
13 26
13 41
13 47
13 49
13 52
13 54
13 56
13 59
13 61
13 69
13 79
14 21
14 28
14 38
14 63
15 2
15 3
15 24
15 36
16 1
16 14
16 15
16 19
16 34
16 37
16 40
16 42
16 47
16 54
16 66
17 23
17 35
17 62
18 9
18 31
18 35
18 40
18 43
18 46
18 79
19 1
19 11
19 21
19 27
19 36
19 43
19 45
19 48
20 12
20 25
20 48
20 55
20 63
20 64
20 75
20 77
21 6
21 20
21 22
21 34
21 44
21 49
22 28
22 50
22 61
22 72
22 78
23 5
23 16
23 18
23 48
23 67
23 75
23 76
24 4
24 8
24 17
24 22
24 26
24 31
24 38
24 61
24 69
24 75
25 0
25 8
25 12
25 13
25 16
25 19
25 32
25 33
25 34
25 40
25 47
25 61
25 62
25 78
26 1
26 19
26 32
26 46
26 48
26 51
26 56
26 67
26 76
27 10
27 11
27 40
27 45
27 50
28 7
28 8
28 16
28 29
28 39
28 47
28 49
28 51
28 71
28 72
29 14
29 32
29 38
29 47
29 62
29 63
29 76
29 79
30 31
30 54
30 60
30 73
31 7
31 11
31 12
31 65
31 69
31 77
32 20
32 21
32 24
32 30
32 38
32 43
32 46
32 47
32 52
32 62
32 79
33 6
33 8
33 22
33 29
33 31
33 57
33 67
34 8
34 14
34 51
34 53
34 58
34 62
34 67
35 15
35 29
35 48
35 76
36 14
36 17
36 20
36 22
36 31
36 58
36 64
36 75
36 77
37 5
37 8
37 12
37 15
37 32
37 40
37 45
37 49
37 61
37 63
37 66
37 75
38 1
38 9
38 10
38 13
38 47
38 63
38 73
39 3
39 13
39 15
39 19
39 20
39 25
39 33
39 35
39 36
39 58
39 62
39 76
39 79
40 22
40 26
40 32
40 62
40 75
40 79
41 9
41 16
41 23
41 30
41 31
41 35
41 40
41 58
41 60
41 65
41 66
42 1
42 3
42 10
42 17
42 28
42 67
42 70
43 0
43 31
43 36
43 40
43 64
43 69
43 71
44 17
44 19
44 27
44 35
44 37
44 59
44 66
44 70
44 71
45 0
45 5
45 9
45 15
45 20
45 21
45 50
45 55
45 66
45 74
46 2
46 17
46 25
46 28
46 29
46 35
46 39
46 42
46 54
46 60
46 67
46 76
47 17
47 41
47 43
47 45
47 51
47 58
47 64
47 68
47 72
48 4
48 11
48 15
48 25
48 28
48 50
48 64
48 75
48 79
49 3
49 6
49 10
49 17
49 32
49 33
49 52
49 60
49 71
50 2
50 5
50 7
50 37
50 41
50 44
50 52
50 57
50 76
50 79
51 1
51 18
51 21
51 31
51 45
51 67
51 73
52 0
52 2
52 12
52 21
52 33
52 41
52 69
53 22
53 24
53 35
53 68
54 6
54 20
54 31
54 32
54 48
54 66
55 3
55 10
55 14
55 24
55 54
55 60
55 62
55 66
56 1
56 14
56 19
56 29
56 31
56 43
56 44
56 55
56 69
57 2
57 4
57 5
57 7
57 8
57 9
57 17
57 19
57 25
57 39
57 53
58 6
58 24
58 48
58 50
58 56
58 59
58 63
58 67
58 73
59 7
59 12
59 24
59 31
59 35
59 41
59 57
59 67
60 2
60 18
60 26
60 32
60 33
60 36
60 64
60 73
60 77
61 12
61 27
61 33
61 44
61 54
61 56
61 57
61 71
62 21
62 47
62 59
63 1
63 4
63 36
63 42
63 53
63 60
63 68
63 69
63 75
64 14
64 15
64 27
64 44
64 46
64 61
64 72
65 14
65 16
65 32
65 35
65 52
65 60
65 62
65 73
66 13
66 26
66 29
66 50
66 56
66 75
67 3
67 14
67 21
67 30
67 31
67 53
67 56
68 27
68 29
68 30
68 38
68 43
68 48
68 52
68 55
69 26
69 30
69 40
69 42
69 48
69 58
69 59
69 70
70 19
70 20
70 23
70 29
70 34
70 37
70 65
70 74
71 6
71 8
71 13
71 23
71 32
71 38
71 45
71 50
71 52
71 68
72 10
72 15
72 17
72 23
72 27
72 57
72 59
72 62
72 66
72 71
73 27
73 40
73 41
73 59
73 66
73 67
73 69
74 4
74 11
74 17
74 19
74 27
74 38
74 43
74 46
74 49
74 51
74 72
74 73
75 17
75 35
75 42
75 53
76 3
76 14
76 31
76 34
76 45
76 48
77 17
77 25
77 26
77 32
77 45
77 52
77 56
77 58
77 64
77 75
78 1
78 21
78 27
78 33
78 35
78 41
79 0
79 4
79 20
79 44
79 52
79 63
79 70
79 76
0 1 2 3 4 5
