80 632 6
0 10
0 14
0 24
0 27
0 29
0 40
0 45
0 54
0 55
0 58
0 66
0 69
1 0
1 3
1 22
1 58
1 69
2 14
2 26
2 30
2 45
2 47
2 57
2 78
3 13
3 21
3 46
3 50
3 52
3 57
3 59
3 61
4 12
4 18
4 28
4 32
4 44
4 45
4 51
4 53
4 58
4 71
5 6
5 34
5 55
5 56
5 63
5 67
5 78
6 18
6 30
6 40
6 44
6 64
7 6
7 8
7 27
7 43
7 45
7 46
7 63
8 5
8 13
8 16
8 37
8 39
8 46
8 50
8 59
8 62
8 63
9 18
9 19
9 32
9 39
9 40
9 49
9 56
10 5
10 35
10 37
10 45
10 50
10 53
10 56
10 63
10 66
10 71
11 3
11 4
11 8
11 14
11 25
11 47
11 52
11 58
11 62
12 1
12 7
12 9
12 39
12 46
12 52
12 64
12 72
12 73
12 75
13 11
13 16
13 18
13 21
13 23
13 33
13 42
13 48
13 51
14 3
14 10
14 16
14 22
14 55
14 60
15 0
15 5
15 19
15 33
15 44
15 45
15 50
15 62
15 66
15 76
15 77
16 9
16 31
16 75
17 9
17 38
17 39
17 46
17 50
17 51
17 73
17 76
18 14
18 23
18 27
18 40
18 63
18 66
19 18
19 45
19 75
19 77
20 7
20 17
20 33
20 43
20 50
20 67
20 72
21 7
21 10
21 14
21 15
21 17
21 18
21 31
21 33
21 36
21 71
22 40
22 53
22 54
22 61
23 22
23 24
23 27
23 47
23 49
23 61
23 68
24 34
24 52
24 53
24 54
24 59
24 63
24 64
25 5
25 29
25 36
25 42
25 53
25 58
25 59
25 75
26 6
26 14
26 15
26 28
26 29
26 36
26 46
26 66
26 69
26 79
27 2
27 5
27 30
27 62
27 63
27 72
28 2
28 12
28 31
28 35
28 36
28 66
28 70
28 76
29 12
29 13
29 16
29 17
29 19
29 23
29 31
29 35
29 44
29 63
29 71
30 4
30 9
30 19
30 22
30 29
30 51
30 73
30 75
31 5
31 12
31 15
31 18
31 19
31 23
31 25
31 43
31 66
32 3
32 5
32 35
32 47
32 55
32 64
32 72
32 75
33 5
33 16
33 29
33 37
33 49
33 56
33 77
34 16
34 21
34 46
34 54
34 56
34 57
34 58
34 62
35 0
35 27
35 50
36 6
36 13
36 24
36 27
36 31
36 38
36 51
36 69
36 75
37 0
37 5
37 17
37 40
37 42
37 53
37 55
37 63
37 70
37 72
37 75
37 76
38 4
38 8
38 23
38 24
38 25
38 27
38 31
38 39
38 61
39 2
39 14
39 19
39 24
39 36
39 70
39 73
40 35
40 48
40 55
40 68
40 78
41 1
41 3
41 24
41 25
41 26
41 27
41 31
41 34
41 35
41 49
41 60
41 72
41 79
42 8
42 16
42 22
42 27
42 35
42 36
42 51
42 69
42 73
43 13
43 33
43 34
43 35
43 50
43 52
43 55
43 79
44 0
44 3
44 7
44 11
44 21
44 26
44 31
44 58
44 60
44 61
45 29
45 43
45 58
46 10
46 32
46 56
46 59
46 78
47 3
47 5
47 12
47 15
47 44
47 62
47 63
47 68
48 2
48 14
48 16
48 18
48 20
48 33
48 59
48 73
49 19
49 21
49 36
49 43
49 55
49 66
50 7
50 9
50 11
50 14
50 21
50 31
50 32
50 37
50 61
50 73
51 31
51 38
51 43
51 54
51 67
51 72
51 75
51 77
52 21
52 33
52 34
52 39
52 48
52 54
52 60
52 64
52 65
53 7
53 36
53 38
53 42
53 66
53 70
53 72
54 5
54 10
54 14
54 25
54 33
54 42
54 55
54 67
55 2
55 12
55 13
55 27
55 30
55 31
55 33
55 44
55 53
55 78
56 17
56 31
56 45
56 47
56 55
56 73
57 8
57 10
57 12
57 19
57 29
57 33
57 37
57 41
57 42
57 61
57 65
57 67
58 3
58 6
58 10
58 14
58 29
58 31
58 35
58 36
58 41
58 69
59 21
59 27
59 32
59 41
59 55
59 58
59 77
59 79
60 7
60 49
60 63
60 71
61 14
61 33
61 40
61 47
61 56
62 54
62 65
63 2
63 40
63 51
63 52
63 58
63 71
63 79
64 3
64 5
64 17
64 19
64 26
64 31
64 42
64 56
64 60
64 69
65 31
65 43
65 45
65 47
65 54
65 74
66 1
66 4
66 16
66 22
66 43
66 51
66 54
66 62
66 70
66 71
66 73
66 79
67 3
67 13
67 15
67 21
67 24
67 26
67 27
67 56
67 79
68 14
68 27
68 54
68 58
68 67
69 25
69 30
69 38
69 41
69 66
69 72
70 1
70 3
70 14
70 16
70 26
70 42
70 51
70 52
70 54
70 57
70 62
70 71
70 73
71 5
71 14
71 20
71 51
71 59
72 1
72 6
72 16
72 18
72 23
72 28
72 40
72 52
72 70
72 71
73 10
73 19
73 20
73 37
73 54
73 55
73 59
73 68
74 7
74 28
74 33
74 35
74 46
74 51
74 59
74 66
75 2
75 5
75 9
75 10
75 14
75 34
75 38
75 58
75 62
75 69
75 71
76 1
76 4
76 14
76 16
76 19
76 31
76 32
76 42
76 56
76 63
76 68
77 9
77 10
77 27
77 34
77 35
77 40
77 43
77 60
77 64
77 71
78 13
78 21
78 60
78 65
78 67
78 75
79 1
79 7
79 35
79 44
79 57
79 62
79 69
79 74
79 77
0 1 2 3 4 5
