80 315 6
0 6
0 13
0 27
0 42
0 58
1 9
1 28
1 39
1 41
1 54
1 61
1 67
1 79
2 6
2 58
2 65
2 70
3 7
3 45
4 27
4 35
4 40
5 24
5 53
6 0
6 2
6 15
6 26
6 37
6 50
6 62
6 69
7 3
8 24
8 27
8 50
9 18
9 43
9 65
10 28
10 50
10 56
11 12
11 27
11 37
11 51
12 11
12 23
12 37
12 47
12 51
12 77
13 0
13 15
13 24
13 51
13 57
13 68
13 70
13 74
14 34
14 56
14 65
14 75
15 6
15 13
15 29
15 56
15 75
16 34
16 60
17 34
17 45
18 9
18 26
18 29
18 67
19 63
20 35
20 57
20 64
20 72
20 79
21 33
21 35
21 43
21 50
21 59
22 28
23 12
23 52
23 61
23 78
24 5
24 8
24 13
24 29
24 31
24 53
24 64
25 30
25 59
26 6
26 18
26 31
26 77
27 0
27 4
27 8
27 11
27 48
27 73
28 1
28 10
28 22
28 75
29 15
29 18
29 24
29 76
30 25
30 50
30 78
31 24
31 26
31 61
31 63
31 78
32 62
32 69
32 72
33 21
33 34
33 37
33 42
33 55
33 59
34 14
34 17
34 33
34 37
34 71
35 4
35 20
35 21
35 73
36 50
36 72
36 79
37 6
37 11
37 12
37 33
37 34
37 39
37 41
38 62
38 68
39 1
39 37
39 52
40 4
40 55
40 70
40 78
41 1
41 37
42 0
42 33
42 70
43 9
43 21
43 49
43 54
43 63
43 77
44 46
44 50
44 76
45 3
45 17
46 44
46 76
47 12
47 48
47 64
48 27
48 47
49 43
49 52
49 68
50 6
50 8
50 10
50 21
50 30
50 36
50 44
50 51
50 52
50 71
50 76
51 11
51 12
51 13
51 50
51 56
52 23
52 39
52 49
52 50
53 5
53 24
54 1
54 43
54 68
54 77
55 33
55 40
55 58
55 64
55 74
56 10
56 15
56 51
56 67
56 73
57 13
57 20
57 68
57 78
58 0
58 2
58 55
59 21
59 25
59 33
59 65
60 16
61 1
61 23
61 31
61 67
62 6
62 32
62 38
62 66
62 72
62 78
63 19
63 31
63 43
63 64
63 69
64 20
64 24
64 47
64 55
64 63
65 2
65 9
65 14
65 59
66 62
66 75
67 1
67 18
67 56
67 61
68 13
68 38
68 49
68 54
68 57
68 77
69 6
69 63
70 2
70 13
70 40
70 42
71 34
71 50
72 20
72 32
72 36
72 62
73 27
73 35
73 56
74 13
74 55
75 14
75 15
75 28
75 66
76 29
76 44
76 46
76 50
77 12
77 26
77 43
77 54
77 68
77 75
78 23
78 30
78 31
78 40
78 57
78 62
79 1
79 20
79 36
0 1 2 3 4 5
