80 177 8
0 27
0 38
0 45
0 48
0 66
1 18
1 64
2 3
2 48
2 52
2 55
3 2
3 7
3 9
3 26
3 43
3 67
4 8
4 74
4 79
5 0
6 27
6 52
6 60
7 52
8 4
8 7
8 29
9 57
9 75
10 55
12 30
13 20
13 31
13 37
13 39
14 33
14 36
14 72
15 3
15 30
15 67
16 29
16 34
16 40
17 33
17 49
17 54
17 61
17 77
19 23
19 49
20 4
21 15
22 57
22 69
23 41
23 56
25 63
25 74
26 41
26 78
27 3
27 76
27 78
28 43
29 37
29 70
30 36
31 6
31 19
32 74
33 18
34 16
34 47
34 66
35 44
36 20
36 67
37 20
38 20
38 29
38 57
38 62
38 73
39 13
39 24
39 55
39 78
40 0
40 16
40 77
41 5
41 14
41 23
41 61
42 4
42 36
42 44
43 38
43 74
44 11
44 37
44 39
44 42
46 11
48 8
48 14
49 12
49 50
49 64
50 1
50 22
50 30
50 49
50 58
51 19
51 47
51 50
51 77
51 78
52 6
52 7
52 10
52 65
53 11
53 16
53 45
53 68
54 9
54 46
54 58
55 19
55 34
56 36
57 41
58 62
59 22
59 65
60 22
60 79
61 3
61 55
63 57
64 20
64 30
64 55
65 59
66 4
66 9
66 22
67 5
67 39
67 55
67 77
68 26
68 27
68 36
68 53
68 77
71 35
71 69
71 75
72 14
73 29
74 25
75 0
76 74
77 19
77 25
77 64
78 0
78 27
78 30
78 51
79 60
79 71
0 1 2 3 4 5 6 7
