80 632 16
0 5
0 8
0 12
0 29
0 40
0 49
0 55
0 56
0 58
0 61
0 65
0 69
0 75
1 3
1 14
1 30
1 43
1 45
1 65
1 79
2 0
2 8
2 11
2 22
2 49
2 64
3 6
3 15
3 22
3 24
3 42
3 46
4 1
4 6
4 9
4 28
4 30
4 37
4 43
4 60
4 63
4 67
4 73
5 12
5 37
5 46
5 47
5 56
5 78
6 42
6 46
6 51
6 60
6 66
7 12
7 19
7 40
7 42
7 45
7 48
8 12
8 25
8 26
8 27
8 39
8 48
8 54
8 69
8 75
8 77
9 0
9 2
9 21
9 24
9 39
9 48
9 49
9 50
9 58
10 2
10 17
10 27
10 30
10 38
10 42
10 49
10 68
10 72
10 73
11 32
11 33
11 35
11 42
11 48
11 55
11 67
11 70
12 3
12 11
12 13
12 23
12 24
12 29
12 45
12 51
12 53
12 57
12 63
12 68
12 73
13 7
13 9
13 17
13 18
13 55
13 70
14 20
14 30
14 62
14 71
14 73
14 75
14 78
15 2
15 6
15 11
15 14
15 17
15 18
15 31
15 32
15 38
16 17
16 35
16 39
16 42
16 47
16 54
16 63
16 64
16 74
17 18
17 26
17 35
17 42
17 78
18 9
18 30
18 41
18 49
18 52
18 57
18 60
19 5
19 11
19 12
19 25
19 28
19 29
19 39
20 2
20 5
20 8
20 18
20 22
20 32
20 47
20 48
20 50
20 54
20 59
20 73
21 16
21 18
21 26
21 33
21 34
21 47
21 76
22 5
22 12
22 14
22 29
22 35
22 36
22 37
22 39
22 49
22 53
22 61
22 62
22 72
22 75
23 8
23 13
23 18
23 20
23 33
23 44
23 46
23 56
24 5
24 8
24 16
24 17
24 20
24 25
24 31
24 34
24 52
24 53
25 16
25 48
25 68
26 20
26 34
26 42
26 47
26 58
26 65
26 74
27 5
27 6
27 11
27 15
27 16
27 18
27 19
27 34
27 39
27 46
27 48
27 68
27 73
28 1
28 3
28 5
28 8
28 16
28 24
28 29
28 35
28 38
28 51
29 4
29 26
29 50
29 54
29 66
29 71
30 23
30 40
30 41
30 43
30 62
30 73
31 2
31 13
31 17
31 46
31 68
32 1
32 28
32 39
32 75
32 76
33 5
33 7
33 10
33 19
33 24
33 26
33 28
33 29
33 37
33 42
33 55
34 1
34 4
34 11
34 29
34 40
34 77
35 14
35 34
35 44
35 58
35 59
35 62
35 63
35 71
35 74
36 5
36 7
36 15
36 24
36 45
36 49
36 50
36 54
36 58
36 62
37 1
37 7
37 14
37 21
37 25
37 26
37 27
37 34
37 41
37 67
37 73
37 76
38 1
38 9
38 14
38 18
38 29
38 34
38 56
38 65
38 73
38 78
39 20
39 35
39 36
39 72
39 79
40 5
40 8
40 11
40 14
40 28
40 35
40 48
40 56
41 0
41 5
41 19
41 34
41 47
41 63
42 5
42 25
42 28
42 29
42 32
42 35
42 41
42 48
42 71
42 75
43 6
43 7
43 10
43 27
43 57
43 74
43 77
43 79
44 0
44 17
44 25
44 34
44 39
44 43
44 52
44 54
44 56
45 15
45 31
45 58
45 70
45 79
46 19
46 25
46 29
46 30
46 39
46 42
46 61
46 64
46 72
46 73
47 19
47 35
47 50
47 51
47 52
47 56
47 69
48 1
48 3
48 22
48 28
48 43
48 44
48 45
48 58
48 65
48 74
48 75
48 77
49 6
49 44
49 53
49 58
50 10
50 14
50 19
50 37
50 42
50 59
50 75
51 13
51 15
51 22
51 50
51 52
51 60
52 9
52 48
52 49
52 50
52 63
53 0
53 20
53 29
53 31
53 36
53 44
53 46
54 31
54 73
55 15
55 53
55 68
55 79
56 6
56 10
56 14
56 18
56 35
56 43
56 57
56 62
57 3
57 15
57 16
57 21
57 22
57 38
57 41
57 67
58 15
58 27
58 53
59 21
59 24
59 28
59 67
59 73
59 76
60 11
60 16
60 22
60 24
60 29
60 37
60 48
60 55
60 63
60 71
61 7
61 8
61 11
61 21
61 31
61 38
61 40
61 43
61 45
61 55
61 60
61 79
62 1
62 7
62 19
62 28
62 46
62 73
62 78
63 2
63 39
63 67
64 11
64 12
64 57
64 62
64 70
64 71
65 13
65 16
65 17
65 20
65 23
65 27
65 34
65 37
65 56
65 57
65 58
65 60
65 70
66 2
66 3
66 14
66 16
66 17
66 18
66 27
66 28
66 47
66 59
66 73
67 29
67 30
67 40
67 47
67 66
67 70
68 14
68 20
68 30
68 36
68 38
68 51
68 54
68 61
69 7
69 12
69 13
69 14
69 35
69 36
69 41
69 45
69 55
69 58
69 60
69 72
70 1
70 9
70 20
70 33
70 34
70 56
70 77
71 2
71 3
71 4
71 21
71 22
71 43
71 53
71 54
71 67
71 74
72 9
72 13
72 24
72 33
72 38
72 51
72 61
72 70
72 71
73 6
73 9
73 33
73 57
73 63
73 70
74 15
74 17
74 30
74 41
74 49
74 51
74 61
74 72
75 11
75 13
75 30
75 40
75 47
75 54
75 66
75 71
76 5
76 9
76 13
76 17
76 19
76 31
76 39
76 46
76 74
77 0
77 12
77 14
77 29
77 53
77 63
77 66
78 4
78 13
78 15
78 23
78 26
78 31
78 73
79 2
79 8
79 26
79 56
79 60
79 62
79 68
79 76
79 78
0 1 2 3 4 5 6 7 8 9 10 11 12 13 14 15
