80 231 20
0 13
0 24
0 26
0 31
0 43
0 62
0 71
1 38
1 51
2 68
3 60
4 12
4 31
4 65
5 9
5 11
5 34
6 59
7 35
7 38
7 40
7 43
7 46
8 41
8 45
8 46
9 17
9 19
10 12
10 25
10 57
11 5
11 36
11 47
11 65
12 4
12 10
12 26
12 46
12 65
12 72
13 0
13 53
13 73
14 30
14 35
15 18
15 42
15 61
15 67
15 72
16 26
17 9
18 49
19 9
19 52
20 30
20 54
20 66
21 24
22 47
23 39
23 70
23 76
24 0
24 21
24 54
24 59
24 68
25 10
25 45
25 52
25 63
25 71
26 0
26 12
26 16
26 37
26 41
26 48
26 51
27 34
28 39
28 74
28 78
29 7
29 42
29 56
30 14
30 20
30 40
30 46
30 74
31 0
31 4
32 71
33 36
33 54
34 27
34 39
35 7
35 14
35 64
36 11
36 33
36 59
36 63
37 26
37 40
37 64
38 1
38 7
39 23
39 28
39 34
39 58
39 77
40 7
40 30
40 37
41 8
41 26
42 15
42 29
42 45
43 0
43 7
44 46
44 72
45 8
45 25
45 42
45 46
46 7
46 8
46 12
46 30
46 44
46 45
46 56
46 64
46 66
47 11
47 22
47 49
47 62
48 26
49 18
49 47
51 1
51 26
51 58
51 60
52 19
52 25
53 13
54 20
54 24
54 33
54 55
54 70
55 54
56 46
56 77
57 10
58 39
58 51
58 59
58 60
59 6
59 24
59 36
59 73
60 3
60 51
60 58
61 15
61 30
61 62
61 79
62 0
62 47
62 61
62 72
63 25
63 36
64 35
64 37
64 46
65 4
65 11
65 12
65 69
66 20
66 46
67 15
68 2
68 24
68 73
68 77
69 65
70 23
70 54
70 76
71 0
71 25
71 32
71 74
72 12
72 15
72 44
72 62
73 13
73 59
73 68
73 75
73 79
74 28
74 30
74 50
74 71
75 73
76 23
76 70
77 39
77 56
77 68
78 28
79 61
79 73
79 74
0 1 2 3 4 5 6 7 8 9 10 11 12 13 14 15 16 17 18 19
