80 632 8
0 34
0 40
0 47
0 48
0 49
0 63
0 66
0 67
0 69
0 70
0 71
0 73
0 77
0 79
1 3
1 12
1 56
1 60
1 74
2 1
2 12
2 21
2 32
2 49
2 57
2 62
3 17
3 23
3 26
3 29
3 31
3 32
3 52
3 53
3 55
3 59
3 63
3 69
3 75
4 6
4 12
4 14
4 19
4 64
5 20
5 26
5 28
5 32
5 50
5 56
5 62
5 75
5 76
6 19
6 24
6 35
6 43
6 47
6 52
6 66
7 20
7 24
7 38
7 49
7 59
7 61
7 68
7 71
7 74
8 1
8 18
8 22
8 37
8 38
8 39
8 40
8 44
9 18
9 20
9 22
9 46
9 62
9 77
10 7
10 8
10 42
10 44
10 51
10 71
11 9
11 25
11 33
11 57
11 59
11 71
12 9
12 21
12 27
12 41
12 55
12 56
12 62
12 66
12 70
12 71
12 78
12 79
13 0
13 4
13 16
13 28
13 34
13 39
13 59
13 64
14 1
14 13
14 54
14 71
15 4
15 14
15 29
15 57
15 60
15 61
15 72
15 77
15 78
16 6
16 23
16 25
16 32
16 77
17 8
17 12
17 15
17 50
17 61
17 76
18 7
18 26
18 33
18 43
18 49
18 74
19 1
19 39
19 55
19 71
19 73
20 3
20 6
20 15
20 50
20 73
21 14
21 15
21 16
21 27
21 30
21 33
21 50
21 52
21 63
21 73
21 75
22 4
22 17
22 31
22 52
22 74
23 14
23 15
23 32
23 34
23 44
23 51
23 53
24 2
24 8
24 13
24 28
24 29
24 30
24 32
24 38
24 70
24 71
24 76
25 4
25 40
25 44
25 47
25 55
25 61
26 6
26 21
26 33
26 34
26 38
26 39
26 46
26 51
26 57
26 60
26 71
27 6
27 15
27 33
27 38
27 47
27 50
28 12
28 17
28 22
28 26
28 32
28 39
28 53
28 59
28 65
28 68
28 71
28 74
29 2
29 16
29 20
29 23
29 49
29 53
29 62
29 63
30 3
30 5
30 11
30 34
30 46
30 63
31 13
31 17
31 20
31 39
31 44
31 53
32 52
32 67
33 24
33 32
33 35
33 47
33 52
33 62
33 70
34 2
34 6
34 10
34 15
34 16
34 35
34 44
34 61
35 5
35 9
35 26
35 27
35 31
35 40
35 51
35 65
35 68
35 74
36 18
36 22
36 31
36 43
36 47
37 34
37 48
37 57
38 21
38 22
38 34
38 42
38 69
38 71
38 77
38 79
39 58
39 60
39 65
39 67
39 69
39 77
40 26
40 28
40 42
40 47
40 58
40 69
40 71
40 72
41 1
41 3
41 5
41 7
41 16
41 18
41 20
41 32
41 42
41 56
41 69
41 74
42 3
42 4
42 14
42 22
42 29
42 33
42 57
43 1
43 8
43 20
43 27
43 44
43 47
43 50
43 75
44 0
44 4
44 16
44 20
44 38
44 41
44 42
44 52
44 77
45 6
45 22
45 23
45 31
45 32
45 37
45 59
45 69
46 4
46 17
46 22
46 35
46 44
46 58
46 74
46 78
47 3
47 19
47 35
47 39
47 46
47 48
47 60
47 68
47 74
48 2
48 24
48 29
48 34
48 41
48 57
48 67
49 12
49 31
49 34
49 37
49 46
49 53
49 60
49 62
49 64
49 67
49 77
49 78
50 13
50 22
50 33
50 36
50 38
50 40
50 42
50 47
50 66
50 67
50 75
51 3
51 4
51 18
51 29
51 37
51 47
51 61
51 71
51 73
52 0
52 10
52 15
52 25
52 28
52 31
52 53
52 64
52 68
52 71
53 2
53 7
53 10
53 12
53 13
53 16
53 22
53 37
53 45
53 48
53 58
53 64
53 66
53 79
54 11
54 15
54 24
54 31
54 32
54 37
54 53
54 75
55 5
55 10
55 23
55 49
55 72
56 18
56 28
56 29
56 51
56 58
56 61
56 66
56 68
57 0
57 3
57 13
57 21
57 24
57 25
57 34
57 40
57 53
57 54
57 74
58 2
58 27
58 43
58 55
58 77
59 20
59 22
59 51
59 56
59 62
59 64
60 4
60 5
60 35
60 58
60 71
61 4
61 13
61 43
61 46
61 49
61 54
61 55
61 57
61 58
61 65
62 3
62 6
62 27
62 31
62 36
62 48
63 1
63 6
63 13
63 14
63 25
63 36
63 40
63 41
63 44
63 48
63 69
64 0
64 2
64 6
64 15
64 19
64 31
64 39
64 41
64 47
64 61
64 67
64 71
64 76
65 2
65 20
65 27
65 31
65 37
65 40
65 46
65 52
65 77
66 7
66 26
66 27
66 34
66 40
66 43
66 51
66 55
66 58
66 64
66 65
66 70
66 73
67 8
67 22
67 23
67 57
67 60
67 72
68 1
68 4
68 21
68 24
68 26
68 27
68 29
68 34
68 43
68 55
68 58
68 71
69 6
69 20
69 36
69 50
69 56
69 75
70 5
70 10
70 16
70 44
70 49
70 55
70 68
71 20
71 31
71 32
71 34
71 61
71 69
71 73
72 8
72 26
72 29
72 42
72 54
72 62
72 65
72 76
73 11
73 16
73 23
73 27
73 39
74 4
74 50
74 52
74 55
74 64
74 71
75 9
75 37
75 45
75 55
75 60
75 61
75 68
75 73
76 16
76 36
76 44
76 54
76 55
76 56
76 73
76 75
77 7
77 27
77 37
77 62
77 67
77 70
77 76
78 0
78 1
78 11
78 29
78 33
79 2
79 4
79 9
79 13
79 14
79 16
79 41
79 56
79 66
79 69
79 74
79 76
0 1 2 3 4 5 6 7
