80 350 20
0 5
0 6
0 20
0 23
0 24
0 38
0 45
0 48
0 66
0 75
0 78
1 18
1 40
1 46
1 64
2 3
2 33
2 48
2 60
2 64
3 7
3 15
3 42
3 61
4 0
4 8
4 74
5 35
5 38
5 41
5 67
5 69
6 31
6 38
6 45
6 55
6 62
6 74
7 8
7 29
7 44
7 52
8 2
8 29
9 3
9 66
10 0
10 32
10 42
10 44
10 55
11 3
11 25
11 46
12 28
12 37
12 47
12 51
12 66
13 31
13 34
13 39
13 41
14 9
14 26
14 41
14 46
14 48
15 21
15 30
15 36
15 44
15 51
15 58
16 11
16 33
16 34
16 40
16 53
17 19
17 31
17 35
17 54
17 61
17 77
18 6
18 49
18 68
18 76
19 10
19 16
19 36
19 43
19 47
19 61
19 76
19 78
20 4
20 11
20 13
20 24
20 28
20 36
20 64
20 75
21 69
22 44
22 50
22 57
22 59
22 60
22 64
22 66
22 68
23 19
23 20
23 41
23 56
24 2
24 51
24 56
25 52
25 63
26 3
26 25
26 41
26 78
27 0
27 3
27 6
27 26
27 76
28 0
28 15
28 73
29 2
29 16
29 37
29 38
29 65
29 70
29 73
30 12
30 36
30 50
30 78
31 2
31 8
31 9
31 14
31 19
32 70
33 14
33 17
33 18
33 22
34 21
34 55
34 66
34 77
34 78
35 44
36 14
36 22
36 27
36 37
36 42
36 67
36 68
37 13
37 16
37 20
37 32
38 20
38 41
38 43
38 57
39 17
39 24
39 32
39 55
40 0
40 77
41 1
41 15
41 27
41 57
41 61
41 67
42 4
42 32
42 38
42 47
42 59
42 75
43 3
43 20
43 28
43 74
44 11
44 37
44 39
44 42
44 57
44 65
46 7
46 39
46 77
47 32
47 34
48 8
48 46
49 12
49 17
49 19
49 50
49 64
50 1
50 17
50 19
50 51
50 58
51 17
51 19
51 34
51 47
51 58
51 62
52 2
52 6
52 10
52 23
52 39
52 48
52 79
53 11
53 34
53 45
53 63
53 68
53 78
54 9
54 27
54 43
54 46
54 69
55 2
55 19
55 25
55 31
55 41
55 66
55 67
56 36
57 8
57 9
57 36
57 39
57 63
58 12
58 25
58 39
58 54
58 62
59 29
59 60
59 64
59 73
60 6
60 9
60 79
61 2
61 5
61 7
61 27
61 55
62 27
62 38
63 44
63 49
64 30
64 42
64 55
64 77
65 52
65 59
65 72
66 4
66 62
67 3
67 15
67 25
67 39
67 46
67 77
68 13
68 24
68 26
68 27
68 35
68 74
69 22
69 28
69 71
69 78
70 5
70 48
70 61
71 12
71 13
71 35
71 75
71 79
72 5
72 13
72 14
72 54
73 18
73 38
74 12
74 25
74 32
74 44
74 50
74 78
75 1
75 9
75 29
75 31
75 66
75 79
76 24
76 32
76 45
76 74
76 75
77 9
77 19
77 25
77 51
77 54
77 60
77 68
78 27
78 39
78 51
78 72
79 4
79 25
79 30
0 1 2 3 4 5 6 7 8 9 10 11 12 13 14 15 16 17 18 19
