80 350 16
0 22
0 25
0 43
0 44
0 52
1 4
1 34
1 35
1 40
1 50
1 51
1 53
1 71
2 17
2 30
2 39
3 24
3 31
3 64
4 12
4 29
4 46
4 77
5 8
5 30
5 77
6 7
6 23
6 28
6 40
6 42
7 1
7 5
7 40
7 45
7 64
8 35
8 41
8 52
8 62
8 65
8 67
8 72
9 8
9 13
10 0
10 25
10 45
10 65
10 70
10 74
11 21
11 40
11 51
11 67
12 10
12 15
12 21
12 35
12 55
12 68
13 22
13 27
13 74
14 2
14 13
14 63
14 73
14 77
15 38
15 54
16 11
16 24
16 36
16 42
16 58
17 3
17 36
17 38
17 47
17 50
17 59
17 72
18 9
18 12
18 57
19 25
19 34
19 40
19 74
19 75
20 33
20 67
20 71
21 15
21 55
22 2
22 7
22 19
22 25
22 60
23 48
23 64
23 71
23 75
24 7
24 19
24 52
24 53
25 30
25 56
25 65
26 16
26 28
26 39
26 40
26 51
26 54
26 61
26 69
26 78
27 41
27 62
28 5
28 14
28 24
28 45
29 20
29 27
29 30
30 10
30 12
30 17
30 35
30 47
31 75
32 11
32 13
32 67
32 69
32 78
33 0
33 3
33 5
33 9
33 10
33 17
33 54
33 70
34 13
34 47
34 57
34 69
35 2
35 39
36 7
36 12
36 30
36 32
36 48
37 12
37 24
37 60
37 71
38 6
38 29
38 36
38 40
38 50
38 61
38 70
38 74
39 24
39 25
39 29
39 64
39 66
40 8
40 14
40 39
40 51
40 53
40 58
41 4
41 10
41 31
41 32
42 3
42 15
42 17
42 37
42 49
43 14
43 18
43 50
43 65
43 69
43 72
44 9
44 11
44 42
44 57
44 61
44 78
45 4
45 5
45 20
45 36
46 31
46 49
46 59
47 4
47 12
47 25
47 29
47 41
47 59
48 31
48 37
48 40
48 44
50 33
51 34
51 37
51 39
51 42
51 48
51 56
51 74
52 40
52 42
52 66
52 67
52 74
53 35
53 41
53 50
53 58
53 78
54 32
54 43
55 29
55 62
55 65
56 53
56 59
56 78
57 9
58 31
58 37
58 63
59 11
59 45
59 57
59 79
60 19
60 31
60 54
60 59
61 2
61 46
61 51
61 68
61 69
61 70
61 71
61 79
62 4
62 9
62 20
62 23
62 38
62 51
63 0
63 2
63 9
63 48
63 69
63 79
64 54
65 29
65 38
65 58
65 66
65 71
65 78
66 28
66 35
66 40
66 49
66 54
66 64
66 77
67 6
67 27
67 58
67 79
68 0
68 2
68 8
68 26
68 40
68 72
69 9
69 13
69 16
69 21
69 62
69 76
70 18
70 27
70 42
70 51
70 59
71 27
71 28
71 34
71 35
71 36
71 63
71 67
71 77
72 3
72 64
73 8
73 10
73 18
73 21
73 44
73 47
73 65
73 72
74 24
74 26
74 35
75 5
75 35
75 77
76 21
76 47
77 21
77 22
77 42
77 73
77 79
78 5
78 10
79 30
79 51
79 76
0 1 2 3 4 5 6 7 8 9 10 11 12 13 14 15
