80 632 8
0 3
0 8
0 14
0 15
0 16
0 44
0 51
0 67
0 69
0 73
0 75
0 77
1 15
1 29
1 44
1 55
2 0
2 16
2 27
2 41
2 50
2 53
2 79
3 20
3 25
3 48
3 75
4 19
4 31
4 32
4 36
4 42
4 67
4 74
5 3
5 7
5 21
5 25
5 27
5 29
5 32
5 33
5 38
5 46
6 40
6 59
6 63
6 65
6 68
7 9
7 18
7 23
7 36
7 38
7 47
7 54
7 65
7 68
8 20
8 22
8 38
8 62
8 65
8 68
8 73
9 0
9 5
9 12
9 16
9 19
9 24
9 25
9 43
9 50
9 53
9 59
9 62
9 69
9 76
10 32
10 35
10 45
10 53
10 57
11 13
11 26
11 28
11 34
11 63
11 64
11 72
11 74
11 75
12 18
12 28
12 35
12 57
12 69
12 70
12 74
13 25
13 31
13 32
13 35
13 41
13 54
13 63
13 65
13 71
14 23
14 54
15 3
15 19
15 23
15 49
15 72
15 74
15 79
16 1
16 4
16 11
16 14
16 54
16 56
16 60
16 74
16 76
17 7
17 23
17 58
18 9
18 11
18 15
18 43
18 58
18 59
18 65
18 71
19 10
19 12
19 14
19 17
19 24
19 27
19 43
19 50
19 65
19 70
20 7
20 12
20 22
20 68
21 18
21 46
21 55
21 66
21 73
21 75
22 6
22 15
22 18
22 26
22 34
22 40
22 41
22 47
22 75
23 3
23 6
23 67
24 5
24 28
24 30
24 32
24 44
24 51
24 64
24 71
24 79
25 15
25 38
25 43
25 66
25 68
25 70
25 73
25 76
25 77
26 10
26 12
26 17
26 20
26 27
26 41
26 51
26 54
26 65
26 72
27 6
27 9
27 35
27 36
27 52
27 59
27 67
27 71
28 3
28 10
28 37
28 46
28 47
29 8
29 9
29 17
29 40
29 47
29 61
29 66
29 71
30 8
30 15
30 17
30 21
30 27
30 36
30 51
30 58
30 69
30 75
31 7
31 15
31 21
31 22
31 36
31 37
31 61
31 63
31 64
31 74
31 79
32 29
32 31
32 64
33 17
33 28
33 64
34 5
34 14
34 36
34 70
34 73
35 2
35 4
35 15
35 18
35 22
35 34
35 38
35 39
35 41
35 47
35 54
35 60
35 72
36 11
36 19
36 38
36 59
36 61
36 66
36 72
36 78
37 2
37 8
37 17
37 72
38 31
38 63
39 8
39 19
39 29
39 41
39 47
39 48
39 51
39 56
39 72
40 0
40 9
40 11
40 26
40 53
40 67
40 70
40 71
40 75
40 78
40 79
41 23
41 24
41 25
41 28
41 52
41 66
41 69
41 70
41 76
42 0
42 5
42 15
42 35
42 37
42 62
43 1
43 7
43 15
43 21
43 39
43 54
43 56
43 74
44 13
44 22
44 32
44 38
44 46
44 48
44 49
44 61
44 72
45 8
45 20
45 55
45 64
45 66
45 75
46 1
46 16
46 26
46 31
46 33
46 36
46 39
46 55
46 59
46 67
46 77
47 0
47 2
47 4
47 10
47 25
47 26
47 33
47 41
47 57
47 58
48 47
48 51
48 60
48 61
48 75
48 79
49 4
49 11
49 12
49 14
49 17
49 29
49 48
49 55
49 56
49 67
49 69
49 72
49 78
50 20
50 35
50 41
50 43
50 46
50 64
50 72
50 75
51 9
51 20
51 29
51 37
51 45
51 56
51 65
52 7
52 21
52 25
52 33
52 34
52 35
52 44
52 55
52 58
52 60
52 70
52 75
52 76
53 38
53 44
53 50
53 66
54 8
54 17
54 41
54 46
54 48
54 50
54 60
55 6
55 28
55 33
55 35
55 54
56 14
56 20
56 22
56 24
56 26
56 35
56 45
56 48
56 52
56 59
56 78
57 3
57 6
57 7
57 11
57 23
57 25
57 35
57 42
57 43
57 44
57 56
57 74
57 75
58 6
58 15
58 19
58 22
58 31
58 33
58 44
58 66
59 2
59 7
59 13
59 15
59 32
59 41
59 42
60 1
60 2
60 4
60 30
60 32
60 59
60 61
60 73
60 74
60 76
61 12
61 24
61 25
61 27
61 28
61 37
61 68
61 73
62 5
62 10
62 12
62 24
62 35
62 54
62 57
63 14
63 15
63 33
63 52
64 4
64 7
64 13
64 17
64 41
64 52
64 68
64 76
65 5
65 17
65 27
65 29
65 30
65 35
65 37
65 50
65 59
65 63
65 67
65 70
66 6
66 11
66 32
66 40
66 48
66 49
66 50
66 52
66 70
66 71
67 19
67 22
67 37
67 43
67 45
67 56
67 60
67 69
68 27
68 38
68 56
68 65
68 69
68 78
69 14
69 16
69 22
69 35
69 37
69 38
69 44
69 60
69 64
69 74
70 22
70 31
70 43
70 60
70 61
70 71
70 78
71 1
71 3
71 8
71 20
71 22
71 39
71 45
71 46
71 56
71 60
71 61
71 65
71 69
72 1
72 6
72 14
72 28
72 30
72 34
72 42
72 54
72 58
73 3
73 5
73 11
73 31
73 37
73 44
73 50
73 55
73 68
73 71
74 5
74 13
74 18
74 21
74 35
74 40
74 45
74 46
74 53
74 63
74 65
74 73
75 9
75 32
75 43
75 55
75 59
75 69
75 70
76 1
76 23
76 35
76 68
76 74
76 75
77 6
77 7
77 34
77 37
77 38
77 44
77 58
77 60
77 61
77 67
77 72
78 5
78 8
78 9
78 22
78 28
78 48
78 53
78 55
78 63
78 69
79 18
79 25
79 28
79 68
79 74
0 1 2 3 4 5 6 7
