80 632 8
0 10
0 13
0 20
0 21
0 22
0 41
0 46
0 47
0 54
0 55
0 62
0 68
0 69
0 77
1 22
1 28
1 51
1 59
2 0
2 7
2 13
2 14
2 21
2 26
2 35
2 63
2 72
2 75
3 19
3 32
3 59
3 62
3 77
4 5
4 9
4 11
4 27
4 32
4 33
4 36
4 40
4 51
4 63
5 48
5 65
5 66
5 67
5 71
6 1
6 25
6 49
6 56
6 64
6 67
6 72
7 12
7 34
7 41
7 60
7 61
7 79
8 24
8 31
8 40
8 61
8 68
8 69
9 33
9 42
9 50
9 70
9 73
10 2
10 4
10 11
10 16
10 18
10 27
10 45
10 76
11 29
11 30
11 35
11 38
11 50
11 73
11 77
12 8
12 24
12 61
13 21
13 36
13 47
13 55
13 69
14 21
14 32
14 44
14 61
14 63
14 65
14 69
14 71
14 73
14 77
15 8
15 17
15 30
15 37
15 40
15 47
15 69
15 73
16 0
16 14
16 32
16 43
17 4
17 5
17 6
17 16
17 22
17 42
17 48
17 51
17 54
17 56
17 63
17 76
18 2
18 5
18 6
18 16
18 22
18 35
18 50
19 21
19 22
19 24
19 26
19 31
19 40
19 45
19 53
19 59
19 67
19 79
20 2
20 5
20 14
20 16
20 17
20 27
20 41
20 51
20 58
20 77
21 25
21 40
21 43
21 62
21 78
22 29
22 42
22 70
23 8
23 13
23 15
23 16
23 39
23 41
23 52
23 53
23 62
23 63
23 71
23 73
24 1
24 2
24 17
24 23
24 29
24 31
24 37
24 57
24 64
24 70
25 2
25 12
25 18
25 30
25 38
25 39
25 41
25 54
25 62
25 66
26 7
26 16
26 29
26 36
26 44
26 47
26 53
26 54
26 65
26 71
27 7
27 34
27 48
27 52
28 17
28 29
28 37
28 57
28 66
28 67
28 70
29 20
29 32
29 43
29 52
29 59
29 75
29 77
30 0
30 1
30 2
30 5
30 22
30 46
30 50
30 51
30 54
30 58
30 69
31 7
31 30
31 58
31 65
31 76
32 1
32 11
32 21
32 30
32 41
32 46
32 54
32 61
32 75
33 5
33 15
33 40
33 52
34 24
34 36
34 54
34 61
34 70
35 37
35 42
35 45
35 73
36 6
36 10
36 12
36 17
36 19
36 20
37 5
37 14
37 19
37 20
37 45
37 66
38 0
38 15
38 18
38 20
38 50
38 54
38 65
38 68
39 16
39 18
39 27
39 36
39 44
39 46
39 63
39 73
39 74
39 78
40 20
40 23
40 25
40 28
40 36
40 43
40 48
40 62
40 79
41 18
41 26
41 36
41 38
41 50
41 54
41 56
42 18
42 20
42 38
42 45
42 55
42 59
42 76
43 0
43 24
43 30
43 31
43 32
43 33
43 52
43 53
43 69
44 11
44 21
44 24
44 29
44 61
44 66
44 76
45 1
45 2
45 5
45 33
45 44
45 49
45 65
45 74
46 13
46 18
46 20
46 24
46 42
46 44
46 50
46 51
46 53
46 62
46 64
46 75
47 1
47 10
47 18
47 19
47 20
47 29
47 31
47 34
47 46
47 52
47 62
47 78
48 4
48 19
48 25
48 35
48 46
48 72
49 5
49 8
49 18
49 20
49 31
49 35
49 48
49 52
49 53
49 55
49 69
50 5
50 6
50 14
50 28
50 33
50 35
50 37
50 40
50 43
50 51
50 55
50 61
50 74
51 16
51 22
51 31
51 66
51 77
52 11
52 14
52 17
52 18
52 30
52 34
52 35
52 42
52 56
52 66
52 67
53 18
53 29
53 30
53 64
53 74
54 5
54 22
54 33
54 79
55 22
55 23
55 24
55 25
55 34
55 35
55 40
55 46
55 57
55 69
55 72
56 7
56 9
56 10
56 11
56 16
56 20
56 51
56 73
57 3
57 12
57 15
57 25
57 27
57 37
57 51
57 53
57 74
58 4
58 18
58 37
58 44
58 47
58 59
58 68
58 71
58 72
59 12
59 26
59 27
59 39
59 46
59 78
60 26
60 31
60 47
61 27
61 64
61 71
61 77
62 6
62 15
62 22
62 30
62 44
62 54
62 56
62 57
62 58
62 66
63 19
63 46
63 57
63 67
64 3
64 7
64 15
64 28
64 36
64 63
64 65
64 70
64 72
64 79
65 3
65 22
65 57
66 2
66 8
66 17
66 18
66 23
66 30
66 49
66 72
67 2
67 7
67 9
67 16
67 27
67 29
67 30
67 32
67 44
67 64
67 70
67 74
68 5
68 9
68 19
68 21
68 23
68 44
68 45
68 50
68 56
68 63
68 72
69 1
69 2
69 22
69 25
69 26
69 27
69 35
69 54
69 60
69 76
70 10
70 23
70 27
70 31
70 45
70 65
70 72
70 76
71 6
71 15
71 16
71 27
71 43
71 45
71 50
71 57
71 63
71 70
71 78
72 15
72 22
72 38
72 40
72 42
72 51
72 56
72 60
72 63
72 65
72 69
73 2
73 3
73 7
73 13
73 30
73 42
73 57
73 58
73 60
73 70
73 71
74 10
74 22
74 40
74 41
74 42
74 58
74 60
74 68
75 0
75 3
75 33
75 39
75 40
75 44
75 59
75 63
75 70
75 72
76 4
76 6
76 30
76 54
76 58
76 62
76 67
77 9
77 16
77 30
77 56
77 57
77 64
77 69
77 75
78 26
78 32
78 33
78 48
78 57
78 58
78 61
78 74
79 1
79 8
79 18
79 30
79 31
79 32
79 41
79 44
79 46
79 57
79 72
79 77
79 78
0 1 2 3 4 5 6 7
