80 350 20
0 9
0 11
0 22
0 24
0 34
0 45
0 65
0 66
0 68
1 4
1 9
1 29
1 38
1 49
1 68
2 14
2 46
2 53
3 12
3 22
3 24
3 64
4 20
4 46
4 66
5 9
5 21
5 27
5 40
5 68
5 71
6 49
6 53
6 73
7 8
7 17
7 28
7 37
7 42
7 66
7 74
8 0
8 38
9 4
9 14
9 32
9 35
9 47
9 52
10 79
11 22
11 29
11 47
11 64
12 7
12 19
12 27
12 39
12 53
12 61
12 69
13 33
13 58
13 62
13 68
14 5
14 40
14 56
14 74
15 6
15 17
15 35
15 41
16 9
16 28
16 31
16 74
16 76
16 79
17 6
17 25
17 52
18 3
18 50
18 52
18 64
19 0
19 28
19 36
19 44
19 79
20 8
20 23
20 42
21 9
21 11
21 33
21 36
21 61
22 9
22 27
22 40
22 42
22 67
22 72
23 2
23 13
23 41
23 54
23 62
23 63
23 67
23 68
23 73
24 12
24 19
24 42
24 73
25 11
25 21
25 36
25 44
25 71
25 72
26 18
26 54
27 6
27 26
27 38
28 14
28 26
28 27
28 50
28 63
29 13
29 23
29 70
30 4
30 11
30 17
30 66
31 2
31 13
31 28
31 29
32 2
32 3
32 12
32 21
32 29
32 34
32 37
32 69
33 28
33 37
33 47
33 70
34 10
34 16
34 18
34 41
34 61
35 2
35 71
36 6
36 12
36 13
37 12
37 13
37 19
37 44
37 47
37 53
37 73
37 74
38 67
39 1
39 8
39 29
39 50
39 74
39 75
40 18
40 51
40 58
40 61
41 0
41 8
41 18
41 67
42 25
42 35
42 66
43 0
43 30
43 54
43 71
43 74
44 8
44 22
44 36
44 41
44 42
44 52
44 55
45 14
45 67
45 78
46 0
46 13
46 23
46 27
46 32
46 36
46 52
47 26
47 50
48 19
48 40
48 42
48 75
49 9
49 27
49 42
49 67
50 29
50 49
51 4
51 25
51 34
51 41
51 49
51 59
51 73
51 76
52 15
52 23
52 36
52 49
52 66
52 67
53 8
53 29
53 40
53 43
53 52
53 63
53 70
54 12
54 48
54 53
54 57
54 58
54 64
55 35
55 53
56 22
57 28
57 36
57 38
57 41
57 51
57 62
57 68
58 21
58 66
58 68
58 73
59 62
59 77
60 3
60 39
60 45
60 54
60 78
61 8
61 15
62 19
62 34
62 35
62 39
62 47
62 75
64 22
64 30
64 35
64 38
64 61
65 1
65 3
65 5
65 48
65 54
65 71
66 20
66 35
66 41
66 76
67 2
67 27
67 55
68 29
68 54
68 69
68 76
69 33
69 35
69 45
69 66
69 75
70 9
70 41
70 52
70 79
71 77
72 1
72 2
72 4
72 7
72 62
73 68
73 79
74 4
74 8
74 15
74 20
74 59
74 60
75 4
75 6
75 47
75 56
76 8
76 26
76 40
76 43
76 47
76 77
77 8
77 11
77 21
77 24
77 47
77 73
78 29
78 36
78 73
78 75
79 14
79 46
0 1 2 3 4 5 6 7 8 9 10 11 12 13 14 15 16 17 18 19
