80 350 16
0 8
0 9
0 13
0 23
0 24
0 42
0 44
0 62
0 71
0 72
0 74
0 76
1 6
1 23
1 38
1 51
2 26
2 47
2 68
3 47
3 48
4 12
4 29
4 65
5 9
5 32
5 50
6 0
6 7
6 14
6 41
6 42
7 29
7 35
7 38
7 43
7 60
7 72
7 73
7 78
8 21
8 41
8 46
9 71
10 28
10 37
10 57
11 5
11 36
11 52
11 68
12 0
12 10
12 46
12 53
12 65
12 72
13 9
13 34
13 74
13 75
14 20
14 30
14 71
15 1
15 42
15 44
15 57
15 61
15 67
15 72
16 10
16 15
16 26
16 52
16 58
17 9
17 50
17 64
18 2
18 14
18 15
18 27
18 33
18 35
18 37
18 51
19 6
19 7
19 9
19 17
20 30
20 35
20 49
20 66
20 75
21 2
21 24
21 40
21 41
21 54
23 4
23 21
23 39
23 63
23 74
24 1
24 4
24 30
24 33
24 46
24 68
25 10
25 38
25 48
25 63
25 64
25 71
26 0
26 5
26 12
26 13
26 37
26 39
26 41
26 48
26 51
26 69
27 35
27 46
27 59
27 77
28 20
28 43
29 5
29 56
29 78
31 0
31 4
31 17
31 21
31 49
31 69
31 79
32 61
33 36
33 41
33 54
33 59
33 68
34 5
34 9
34 11
34 27
34 69
35 14
36 29
36 62
37 21
37 27
37 28
37 29
37 53
37 57
37 64
37 66
37 71
38 46
39 8
39 28
39 34
39 45
39 74
39 77
40 7
40 30
40 37
40 45
41 50
41 66
42 3
42 29
42 67
43 0
43 11
44 17
44 40
44 46
45 8
45 25
45 36
45 37
45 42
45 46
45 53
45 63
46 1
46 7
46 30
46 58
46 60
46 66
46 78
47 6
47 9
47 11
47 22
47 49
47 62
48 2
49 18
49 36
49 42
50 51
50 74
51 47
51 60
51 64
52 1
52 12
52 19
52 25
52 35
52 37
52 48
53 13
53 31
53 59
53 70
54 20
54 24
54 31
54 50
54 55
55 3
55 6
55 8
55 74
56 9
56 14
56 33
56 46
56 63
56 65
56 77
57 13
57 26
57 36
58 30
58 39
58 49
58 51
58 59
59 6
59 15
59 24
59 36
59 68
59 73
60 3
60 25
60 42
60 58
60 65
60 72
60 73
61 24
61 30
61 39
61 62
61 65
62 15
62 19
62 70
63 36
63 61
64 2
64 19
64 35
64 46
64 69
64 79
65 11
65 50
65 59
66 29
66 53
66 54
66 71
67 14
67 17
67 21
67 41
67 48
67 59
67 72
68 12
68 27
68 30
68 31
68 75
68 77
69 42
69 65
70 23
70 42
70 50
70 54
70 63
70 76
71 8
71 32
71 57
71 73
72 36
72 44
72 49
72 58
72 62
73 13
73 37
73 40
73 41
73 68
73 75
74 1
74 27
74 28
74 30
74 46
74 47
74 54
74 71
74 79
75 22
75 37
76 4
76 15
76 23
76 27
77 42
77 43
78 14
78 28
78 47
78 72
79 22
79 35
79 61
79 73
0 1 2 3 4 5 6 7 8 9 10 11 12 13 14 15
