80 350 16
0 19
0 27
0 49
0 52
0 54
0 67
1 11
1 13
1 18
1 36
1 49
1 56
1 64
2 3
2 21
2 33
2 65
2 71
3 16
3 46
3 58
4 2
4 5
4 24
4 41
4 44
5 36
5 47
5 56
5 70
5 73
5 78
6 48
6 77
6 79
7 23
7 41
7 43
7 52
8 10
8 21
8 44
8 46
9 4
10 40
11 4
11 10
11 34
11 40
11 56
11 65
12 18
12 49
12 67
13 21
13 32
13 40
13 74
14 0
14 47
14 67
15 9
15 16
15 27
15 40
15 58
15 69
15 71
15 76
16 20
16 33
16 43
16 62
16 68
17 5
17 28
17 36
17 42
17 60
17 61
17 66
18 7
18 14
18 52
19 28
19 41
19 62
19 68
19 70
19 79
20 12
20 44
20 55
20 65
21 35
21 50
22 44
22 56
22 78
23 6
23 28
23 62
23 72
23 77
24 2
24 6
24 52
24 57
25 14
25 17
25 26
25 30
25 32
25 56
25 57
25 66
25 77
26 19
26 44
26 49
27 17
27 19
27 35
28 6
28 20
28 34
28 59
29 4
29 21
29 24
29 71
30 9
30 29
30 55
31 11
31 21
32 15
32 23
32 49
33 32
33 52
33 54
33 56
33 59
33 62
33 65
34 37
34 50
34 64
35 28
36 3
36 18
36 31
37 13
37 27
37 30
37 58
38 15
38 26
38 79
39 9
39 15
39 16
39 20
39 24
39 57
39 60
39 63
39 69
40 7
40 8
40 17
40 53
40 59
40 77
40 78
41 6
41 40
41 51
42 0
42 4
42 5
42 53
42 72
43 23
43 27
43 36
44 63
45 2
45 8
45 15
45 41
45 44
45 52
45 58
45 62
45 64
46 68
46 72
47 26
47 35
47 72
48 10
48 15
48 57
48 62
48 71
50 33
50 36
50 48
50 56
51 15
51 55
51 68
51 71
52 8
52 38
52 44
52 63
52 65
52 71
53 29
53 51
53 61
53 65
53 71
53 78
54 2
54 22
54 28
54 29
54 67
55 2
55 8
55 71
56 0
56 12
56 44
56 45
56 76
57 0
57 2
57 10
57 23
57 53
57 67
57 68
57 69
58 18
58 33
58 34
58 64
59 9
59 11
59 49
59 61
60 31
60 32
60 43
60 50
60 62
61 13
61 55
61 71
61 78
62 4
62 35
62 54
62 59
62 75
62 76
63 28
63 38
63 49
63 55
64 36
64 52
64 70
64 71
65 19
65 43
65 64
65 70
66 20
66 30
66 45
66 55
66 73
67 44
67 51
68 20
68 37
68 49
69 29
69 34
69 37
69 48
69 61
70 27
70 32
70 40
70 44
70 75
71 0
71 5
71 14
71 18
71 49
72 2
72 3
72 21
72 25
72 40
72 49
72 60
73 11
73 31
73 37
73 44
73 49
73 50
74 35
74 62
74 69
75 3
75 12
75 15
75 23
75 39
75 44
75 46
75 78
76 4
76 11
76 33
76 54
76 68
77 13
77 15
77 19
77 30
77 52
77 58
77 71
78 1
78 9
78 41
79 2
79 16
79 52
0 1 2 3 4 5 6 7 8 9 10 11 12 13 14 15
