80 370 16
0 10
0 11
0 22
0 35
0 42
0 56
1 6
1 9
1 37
1 38
1 51
1 54
1 59
1 75
2 15
2 25
3 12
3 58
4 17
4 53
4 58
5 9
5 50
5 59
5 72
6 4
6 11
6 32
6 53
6 56
6 72
7 0
7 15
7 16
7 46
7 57
7 61
7 65
7 74
8 29
8 31
8 34
8 35
8 51
8 66
9 50
10 32
10 52
10 54
10 63
10 70
11 15
11 23
11 52
11 62
11 68
12 2
12 32
12 45
12 70
12 77
13 6
13 11
13 18
13 20
13 48
14 9
14 11
14 16
14 25
14 26
14 58
15 24
15 53
15 68
15 71
16 9
16 29
17 13
17 46
17 47
17 53
17 57
17 74
17 75
18 7
18 15
18 31
18 58
18 62
18 63
19 2
19 4
19 7
19 29
19 51
19 67
20 0
20 6
20 11
20 13
20 30
20 34
20 35
21 31
21 39
21 46
21 56
21 58
21 74
22 51
22 73
23 6
23 19
23 35
23 71
23 76
23 79
24 21
24 22
24 27
24 35
24 48
24 57
24 71
24 73
25 30
25 64
26 10
26 42
26 58
27 7
27 9
28 20
28 27
28 39
28 65
29 51
29 66
30 13
30 18
30 26
30 31
30 69
31 23
31 30
31 56
32 13
32 16
32 35
32 40
32 47
32 50
32 55
32 75
33 5
33 10
33 34
33 42
33 54
34 28
34 30
34 48
35 68
35 71
35 78
36 7
36 16
36 18
36 33
36 48
36 57
37 13
37 46
37 47
37 55
37 66
37 71
37 76
37 77
38 23
38 29
38 37
38 52
39 12
39 22
39 30
39 35
39 50
39 79
40 2
40 21
40 30
41 29
41 50
42 26
42 34
42 43
42 48
42 55
42 64
42 67
42 72
43 6
43 20
43 31
43 34
43 55
43 58
44 10
44 28
44 35
44 56
44 71
45 12
45 18
45 32
45 69
46 2
46 21
46 74
47 16
47 39
47 41
47 60
47 66
47 68
48 12
48 20
48 21
48 45
48 60
48 74
48 77
49 8
49 14
49 31
49 37
49 39
49 40
50 5
50 9
50 11
50 22
50 27
50 37
50 39
50 40
51 10
51 18
51 30
51 59
51 61
51 67
51 71
52 10
52 17
52 34
52 35
52 50
53 28
53 29
53 31
53 45
53 57
54 0
54 11
54 13
54 18
54 33
55 0
55 13
55 20
55 32
55 33
55 46
55 67
55 69
56 31
56 47
56 61
56 62
56 74
57 24
57 44
57 55
58 0
58 13
58 26
58 60
59 19
59 35
59 61
60 23
60 48
60 54
60 71
61 60
61 65
61 70
62 39
62 42
62 64
62 71
63 7
63 12
63 25
64 12
64 15
64 38
64 50
64 61
64 66
64 72
65 8
65 10
65 40
65 69
65 77
66 33
66 77
67 3
67 4
67 28
67 30
67 36
67 37
67 45
68 5
68 7
68 28
68 45
68 77
69 33
69 52
69 66
70 2
70 42
71 1
71 4
71 9
71 15
71 44
71 54
72 9
72 41
72 46
72 58
73 24
73 46
74 9
74 32
75 2
75 28
75 33
75 78
76 5
76 11
76 37
76 61
77 42
77 49
77 66
77 71
78 6
78 54
78 60
79 19
79 43
79 62
0 1 2 3 4 5 6 7 8 9 10 11 12 13 14 15
