80 225 8
0 3
0 37
0 40
0 41
0 45
1 21
1 34
1 63
1 68
1 78
2 37
3 0
4 59
4 69
5 14
5 28
5 46
5 73
6 11
6 36
6 42
7 14
7 49
8 26
8 29
9 10
9 60
9 62
10 9
10 47
10 57
11 6
11 36
11 65
12 67
13 21
13 65
14 5
14 7
15 37
15 74
16 24
16 29
16 55
16 69
16 71
16 77
17 62
17 69
17 73
17 79
18 59
18 79
19 41
19 50
19 53
20 36
20 49
20 51
21 1
21 13
21 36
21 41
21 42
21 55
21 64
22 31
22 56
22 59
22 66
23 59
23 70
24 16
24 67
25 64
26 8
26 37
26 42
26 64
27 6
27 35
27 39
27 75
27 78
28 32
29 8
29 16
29 55
30 36
31 22
31 32
31 41
31 43
31 48
31 73
32 28
32 31
32 37
33 27
33 50
33 58
34 1
34 55
35 38
35 41
36 6
36 11
36 20
36 21
36 30
36 64
37 0
37 2
37 15
37 26
37 28
37 32
37 46
37 54
37 69
37 70
38 35
39 27
39 46
40 0
40 51
40 53
41 0
41 19
41 21
41 31
41 35
42 6
42 21
43 31
44 71
45 0
46 5
46 37
46 39
46 73
48 31
49 7
49 20
49 74
50 19
50 33
50 77
51 20
51 40
51 72
51 76
52 64
53 19
53 40
54 37
54 64
55 16
55 21
55 29
55 34
55 56
56 22
56 55
57 10
57 64
57 65
57 73
58 33
58 79
59 4
59 18
59 22
59 23
59 61
59 67
60 9
61 59
61 62
62 9
62 61
63 1
64 21
64 25
64 26
64 36
64 44
64 52
64 54
64 57
64 70
65 11
65 13
65 18
65 57
66 22
67 12
67 24
67 59
68 1
69 4
69 16
69 17
69 37
69 76
70 23
70 37
70 64
71 16
71 44
72 51
73 17
73 31
73 46
73 57
74 15
74 49
75 71
76 69
77 16
77 50
78 27
79 17
79 18
79 58
0 1 2 3 4 5 6 7
