80 632 20
0 8
0 10
0 13
0 14
0 33
0 42
0 51
0 52
0 54
0 58
0 59
0 63
0 64
0 72
1 5
1 13
1 27
1 28
1 38
1 46
1 49
1 74
2 13
2 17
2 36
2 54
2 59
2 64
2 66
2 72
2 73
3 20
3 21
3 23
3 46
3 52
3 65
3 66
3 67
3 70
3 75
3 78
4 56
5 3
5 12
5 14
5 18
5 24
5 67
6 0
6 1
6 5
6 25
6 30
6 35
6 38
6 48
6 52
6 69
6 73
7 2
7 6
7 10
7 12
7 28
7 50
7 56
7 60
7 71
8 9
8 12
8 19
8 21
8 26
8 40
8 48
8 58
8 66
8 69
8 70
9 13
9 19
9 21
9 32
9 40
9 53
9 60
9 76
9 77
10 3
10 4
10 11
10 42
10 44
10 58
10 79
11 12
11 24
11 40
11 45
11 53
12 0
12 20
12 21
12 25
12 29
12 32
12 36
12 39
12 46
12 50
12 62
12 66
12 68
13 7
13 10
13 12
13 18
13 23
13 51
13 61
14 3
14 4
14 9
14 12
14 26
14 39
14 41
14 42
14 63
14 64
14 68
15 9
15 13
15 20
15 21
15 45
15 79
16 2
16 37
16 39
16 42
16 56
16 60
16 74
16 75
17 1
17 4
17 8
17 9
17 39
17 41
17 48
17 55
17 61
18 9
18 48
19 1
19 4
19 13
19 16
19 37
19 41
19 53
19 56
19 77
20 2
20 7
20 22
20 27
20 40
20 52
20 55
21 5
21 16
21 34
21 54
21 70
21 73
22 1
22 7
22 13
22 16
22 23
22 51
22 61
22 70
22 71
23 4
23 16
23 20
23 24
23 32
23 46
24 1
24 18
24 19
24 21
24 33
24 41
24 43
24 44
24 51
24 55
24 63
24 73
25 41
25 42
25 55
25 62
25 70
26 13
26 18
26 28
26 29
26 30
26 39
26 48
26 58
27 6
27 8
27 17
27 21
27 44
27 47
28 11
28 14
28 15
28 47
28 50
28 73
29 1
29 21
29 28
29 30
29 32
29 41
29 47
29 54
29 77
30 1
30 16
30 36
30 61
30 62
30 72
30 73
31 6
31 11
31 33
31 59
31 68
32 10
32 24
32 26
32 39
33 11
33 17
33 25
33 32
33 39
33 45
33 51
33 54
33 66
33 67
33 69
34 0
34 23
34 28
34 35
34 41
34 55
34 62
35 8
35 30
35 44
35 58
35 64
35 75
36 3
36 10
36 13
36 19
36 35
36 38
36 43
36 73
37 8
37 14
37 21
37 26
37 32
37 55
38 9
38 10
38 13
38 14
38 31
38 34
38 43
38 60
38 71
38 75
39 0
39 19
39 20
39 41
39 46
39 49
39 67
39 68
39 71
39 75
39 76
40 34
40 37
40 42
40 58
40 77
41 7
41 18
41 30
41 42
41 46
41 47
41 58
41 68
41 75
42 4
42 22
42 26
42 32
42 37
42 53
42 59
42 60
42 65
43 1
43 5
43 33
43 34
43 67
43 74
44 6
44 21
44 25
44 39
44 70
45 42
45 49
45 53
45 64
45 73
46 2
46 10
46 13
46 15
46 21
46 49
46 53
46 65
46 74
46 77
47 2
47 12
47 13
47 15
47 17
47 31
47 34
47 45
47 53
47 57
47 59
47 63
47 66
47 71
48 3
48 7
48 33
48 41
48 43
48 52
48 65
48 68
48 71
48 72
49 0
49 7
49 8
49 11
49 23
49 32
49 35
49 40
49 51
49 64
50 2
50 6
50 27
50 32
50 38
50 40
50 41
50 42
50 54
50 56
50 60
50 63
50 68
50 69
51 17
51 26
51 43
51 47
51 68
51 73
51 75
52 4
52 18
52 33
52 34
52 54
52 67
53 15
53 20
53 32
53 37
54 49
54 58
55 9
55 15
55 36
55 45
55 46
55 47
55 61
55 67
56 33
56 46
56 47
56 59
56 68
57 2
57 13
57 20
57 27
57 49
57 54
57 66
58 14
58 34
58 38
58 42
58 52
59 6
59 12
59 24
59 28
59 34
59 36
59 45
59 52
59 55
59 60
59 63
59 64
59 70
59 78
60 19
60 34
60 36
60 37
60 41
60 54
60 58
61 23
61 29
61 36
61 41
61 47
61 71
61 77
62 1
62 21
62 27
62 32
62 39
62 45
62 75
63 13
63 30
63 48
63 57
63 61
63 65
64 12
64 13
64 15
64 22
64 37
64 47
64 52
64 55
64 66
64 70
64 73
65 5
65 6
65 7
65 10
65 20
65 22
65 27
65 32
65 44
65 51
65 57
65 59
65 60
65 61
65 76
66 0
66 4
66 6
66 16
66 22
66 24
66 30
66 32
66 50
66 53
66 58
67 1
67 18
67 36
67 44
67 60
67 66
68 25
68 46
68 63
69 9
69 40
69 42
69 75
70 13
70 14
70 26
70 49
70 75
71 2
71 4
71 8
71 17
71 28
71 30
71 40
71 45
71 50
71 70
72 16
72 36
72 37
72 45
72 53
72 54
72 73
72 78
73 0
73 3
73 7
73 9
73 31
73 42
73 43
73 48
74 12
74 20
74 24
74 28
74 29
74 39
74 50
74 56
74 59
74 61
74 63
75 1
75 2
75 12
75 15
75 33
75 58
75 72
76 3
76 13
76 15
76 23
76 27
76 32
76 40
76 52
76 56
76 59
76 69
76 70
76 75
77 6
77 13
77 34
77 36
77 48
77 53
77 64
77 70
77 76
78 13
78 56
78 62
78 65
79 3
79 17
79 41
79 43
79 53
79 57
79 72
79 74
79 75
79 78
0 1 2 3 4 5 6 7 8 9 10 11 12 13 14 15 16 17 18 19
