80 350 8
0 7
0 9
0 18
0 19
0 24
0 46
0 49
0 50
0 55
0 60
0 63
0 64
0 77
1 18
1 29
1 44
2 3
2 25
2 42
2 56
2 57
2 65
3 0
3 10
3 66
4 20
4 43
5 1
5 6
5 14
5 15
5 21
5 45
5 67
6 4
6 12
6 24
6 34
6 56
6 66
6 70
6 71
6 76
7 38
7 60
8 3
9 3
9 8
9 23
9 38
9 58
9 59
9 74
10 22
10 38
11 26
11 57
12 0
12 15
12 42
12 55
13 10
13 53
13 61
14 23
14 24
15 9
15 10
15 14
15 38
15 77
16 17
16 20
16 27
16 50
16 53
16 55
16 58
16 74
17 13
17 53
17 54
17 58
17 64
17 69
18 21
18 48
19 17
19 27
19 43
19 46
19 69
19 76
20 5
20 37
21 7
21 36
22 37
22 55
23 16
23 45
23 50
23 78
24 19
24 51
24 52
24 57
25 4
25 10
25 56
25 63
25 73
26 44
26 54
26 63
26 77
27 31
27 35
27 41
27 43
27 61
28 1
28 8
28 32
28 38
28 74
29 43
29 61
30 2
30 4
30 23
30 64
31 4
31 6
31 8
31 9
31 25
31 26
31 32
31 79
32 20
32 70
33 0
33 3
33 9
33 18
33 35
33 39
34 28
34 39
34 42
34 60
35 12
35 31
35 49
35 52
35 64
36 25
37 2
37 9
37 16
37 25
37 29
37 56
38 23
39 24
39 55
39 59
39 61
39 62
39 64
40 6
40 14
40 29
40 39
40 73
41 0
41 1
41 8
41 11
41 26
41 44
42 7
42 17
42 58
42 63
43 38
44 17
44 50
44 70
45 31
45 51
46 12
46 37
46 56
47 29
47 30
47 32
47 46
47 63
48 0
48 20
48 59
48 60
48 62
49 31
49 42
49 55
49 56
49 78
50 39
50 40
50 52
50 59
51 5
51 18
51 32
51 37
51 47
51 50
51 62
52 13
52 46
52 74
53 19
53 29
53 46
53 65
54 4
54 16
54 27
54 36
54 57
54 77
55 2
55 46
56 36
56 53
56 54
56 73
56 79
57 17
57 18
57 35
57 46
57 58
57 77
58 1
58 20
58 47
58 52
58 53
58 63
58 64
58 74
59 57
59 63
60 2
60 5
60 14
60 57
61 1
61 5
61 14
61 15
61 23
61 31
61 38
61 62
61 64
61 65
61 67
62 2
62 9
62 10
62 70
62 74
63 1
63 5
63 41
63 51
63 66
63 68
64 29
64 53
64 60
64 65
64 72
65 31
65 32
65 40
65 45
65 60
65 75
65 77
66 43
66 51
66 77
67 33
67 63
67 75
67 77
68 37
68 49
68 52
68 66
68 76
69 8
69 22
69 44
70 27
70 29
70 46
70 50
70 57
71 15
71 18
71 25
71 31
71 35
71 47
71 59
71 63
71 78
72 8
72 29
72 34
72 52
73 51
73 59
73 65
73 69
73 72
74 12
74 15
74 30
74 36
74 71
75 48
75 56
75 76
76 58
77 7
77 22
77 62
78 1
78 28
78 63
79 29
79 35
0 1 2 3 4 5 6 7
