80 632 20
0 11
0 13
0 16
0 17
0 18
0 31
0 42
0 46
0 47
0 48
0 52
0 58
0 59
0 61
0 69
1 0
1 2
1 30
1 36
1 50
1 55
1 57
2 18
2 25
2 33
2 58
3 26
3 29
3 30
3 31
3 33
3 37
3 78
4 9
4 10
4 14
4 19
4 26
4 32
4 36
4 45
4 58
4 63
5 1
5 23
5 51
5 53
5 62
5 66
5 76
6 16
6 27
6 30
6 33
6 44
6 53
6 73
6 76
6 79
7 9
7 30
7 64
7 71
7 72
8 9
8 20
8 24
8 39
8 41
8 45
8 59
8 73
9 10
9 12
9 21
9 22
9 26
9 47
9 50
9 54
9 58
9 59
9 67
10 1
10 23
10 28
10 33
10 65
10 73
10 75
11 5
11 12
11 13
11 19
11 44
11 46
11 49
11 53
11 59
11 60
11 67
11 72
11 75
12 16
12 17
12 20
12 36
12 40
12 45
12 66
13 4
13 8
13 20
13 56
13 61
14 0
14 1
14 5
14 22
14 43
14 48
14 61
14 70
14 72
14 73
14 76
15 1
15 4
15 10
15 13
15 20
15 25
15 53
16 2
16 7
16 14
16 28
16 29
16 31
16 61
16 65
17 13
17 24
17 28
17 34
17 36
17 40
17 53
17 55
17 74
18 6
18 12
18 16
18 48
18 54
18 55
18 65
18 70
18 71
19 5
19 17
19 30
19 34
19 38
19 46
20 0
20 7
20 33
20 63
20 75
20 77
20 79
21 3
21 7
21 43
21 44
21 58
21 59
21 60
21 64
21 73
22 2
22 11
22 17
22 44
22 48
22 53
22 55
22 61
22 63
22 73
22 75
23 2
23 9
23 14
23 28
23 33
23 38
23 44
23 49
23 53
23 54
23 56
23 69
23 73
24 11
24 13
24 15
24 18
24 32
24 44
24 46
24 78
25 0
25 3
25 13
25 23
25 31
25 40
25 42
25 46
25 66
25 67
25 68
26 15
26 22
26 29
26 39
26 44
26 49
26 61
26 62
26 78
27 3
27 11
27 24
27 46
27 49
27 68
28 2
28 26
28 43
28 47
28 56
28 61
28 73
28 76
28 78
29 6
29 12
29 28
29 39
29 60
30 15
30 22
30 39
30 60
30 73
31 14
31 17
31 27
31 28
31 33
31 35
31 44
31 48
31 49
31 72
32 0
32 3
32 9
32 19
32 20
32 64
33 9
33 17
33 26
33 37
33 69
34 5
34 25
34 29
34 30
34 37
34 42
34 48
34 62
34 63
34 74
34 77
34 78
35 8
35 10
35 23
35 33
35 38
35 39
35 45
35 50
35 77
35 78
36 5
36 13
36 25
36 39
36 43
36 53
36 61
36 67
37 9
37 17
37 21
37 28
37 49
37 78
38 3
38 9
38 12
38 15
38 22
38 41
38 42
38 63
38 76
39 15
39 20
39 22
39 63
39 67
39 71
40 6
40 26
40 28
40 29
40 56
40 72
40 77
41 1
41 14
41 19
41 25
41 37
41 43
42 10
42 13
42 47
42 58
42 66
42 77
43 24
43 37
43 38
43 39
44 1
44 5
44 20
44 67
44 68
44 79
45 15
45 18
45 28
45 38
45 64
45 66
45 69
45 78
45 79
46 17
46 23
46 35
46 39
46 54
46 55
46 61
46 66
47 2
47 12
47 19
47 29
47 32
47 45
47 48
47 51
47 64
47 71
48 11
48 36
48 51
48 52
48 70
48 71
48 72
48 76
49 7
49 28
49 34
49 35
49 69
50 4
50 10
50 11
50 15
50 19
50 21
50 30
50 48
51 1
51 6
51 7
51 11
51 31
51 38
51 52
52 10
52 15
52 19
52 30
52 36
52 40
52 62
53 3
53 8
53 13
53 18
53 39
53 48
53 49
53 74
54 6
54 8
54 31
54 32
54 33
54 42
54 44
54 56
54 57
55 8
55 12
55 21
55 24
55 50
55 66
55 78
56 3
56 7
56 9
56 21
56 26
56 32
56 35
56 36
56 41
56 46
56 55
56 69
56 75
57 26
57 59
58 24
58 46
58 50
58 78
59 17
59 24
59 27
59 30
59 36
59 37
60 0
60 13
60 24
60 26
60 28
60 31
60 52
61 4
61 12
61 20
61 31
61 38
61 49
61 57
61 60
61 64
61 70
62 13
62 17
62 19
62 27
62 32
62 49
62 55
62 64
62 72
63 0
63 13
63 15
63 19
63 23
63 46
63 50
64 5
64 14
64 17
64 22
64 30
64 38
64 46
64 67
64 72
65 6
65 9
65 13
65 15
65 23
65 24
65 40
65 48
65 57
65 77
66 2
66 4
66 17
66 33
66 39
66 44
66 48
66 53
66 61
66 76
67 4
67 15
67 18
67 27
67 46
67 55
67 59
68 21
68 31
68 32
68 35
68 41
68 50
68 73
68 78
69 3
69 35
69 42
69 50
69 55
69 62
70 1
70 5
70 9
70 15
70 24
70 27
70 30
70 31
70 40
70 44
70 45
70 51
70 54
71 4
71 5
71 23
71 72
71 75
72 4
72 6
72 17
72 27
72 28
72 63
72 68
72 70
73 13
73 20
73 25
73 34
73 72
74 4
74 7
74 10
74 13
74 14
74 22
74 36
74 55
74 62
74 70
74 71
74 72
75 0
75 17
75 24
75 27
75 39
76 30
76 50
76 54
76 68
77 8
77 17
77 32
77 39
77 55
77 59
77 68
77 73
78 6
78 27
78 29
78 51
78 56
78 60
78 66
78 74
78 77
79 5
79 10
79 18
79 22
79 26
79 29
79 34
79 54
79 65
79 77
0 1 2 3 4 5 6 7 8 9 10 11 12 13 14 15 16 17 18 19
