80 632 16
0 25
0 28
0 30
0 34
0 37
0 55
0 71
0 74
0 76
1 5
1 16
1 20
1 23
1 31
1 41
1 55
2 12
2 19
2 23
2 41
2 44
2 59
2 63
2 69
3 13
3 39
3 52
3 70
3 71
4 2
4 7
4 11
4 52
4 54
4 62
4 67
4 72
5 15
5 26
5 29
5 36
5 38
5 49
6 17
6 31
6 33
6 35
6 53
6 58
6 69
7 0
7 13
7 28
7 31
7 43
7 61
7 71
8 9
8 15
8 19
8 38
8 47
8 48
8 58
8 78
9 3
9 6
9 12
9 16
9 34
9 35
9 38
9 74
9 78
10 20
10 26
10 32
10 36
10 58
10 78
11 15
11 17
11 36
11 38
11 41
11 53
11 55
11 60
12 14
12 17
12 24
12 42
12 45
12 46
12 72
13 6
13 8
13 12
13 15
13 33
13 42
13 44
13 46
13 50
13 59
13 62
13 71
13 72
13 79
14 6
14 18
14 33
14 46
14 52
14 69
15 14
15 39
15 44
15 64
15 71
15 72
16 19
16 33
16 53
16 56
16 67
16 71
16 79
17 3
17 15
17 46
17 69
17 71
17 73
17 77
17 79
18 17
18 34
18 45
18 67
18 75
19 10
19 25
19 29
19 30
19 64
20 2
20 4
20 6
20 8
20 12
20 15
20 50
20 55
20 57
20 70
20 75
20 78
21 2
21 16
21 33
21 42
21 43
21 47
21 75
22 18
22 33
22 48
22 53
22 57
22 61
22 65
23 7
23 37
23 39
23 44
23 48
23 51
23 74
23 78
24 8
24 17
24 27
24 30
24 39
24 44
24 51
24 60
24 72
24 73
24 76
25 3
25 6
25 11
25 17
25 23
25 27
25 34
25 35
25 37
25 43
25 59
25 69
26 13
26 17
26 19
26 21
26 22
26 37
26 49
26 52
27 1
27 6
27 15
27 41
27 55
27 71
28 3
28 17
28 22
28 44
28 51
28 52
28 63
28 70
29 0
29 2
29 31
29 40
29 46
29 47
29 57
29 65
29 68
30 18
30 35
30 38
30 72
31 8
31 14
31 15
31 30
31 70
32 9
32 33
32 38
32 52
32 65
32 69
32 75
32 78
33 7
33 25
33 29
33 31
33 61
33 77
34 52
34 65
34 72
34 76
34 78
35 21
35 23
35 34
35 38
35 39
36 13
36 20
36 32
36 34
36 46
36 64
37 1
37 5
37 17
37 41
37 52
37 55
37 61
37 62
37 67
37 71
37 76
38 4
38 12
38 39
38 50
38 62
38 63
38 64
38 71
39 27
39 59
39 68
39 73
39 77
40 8
40 11
40 17
40 19
40 70
41 5
41 10
41 13
41 15
41 40
41 43
41 51
41 70
42 41
42 54
42 55
42 58
43 4
43 19
43 20
43 26
43 28
43 29
43 35
43 73
44 0
44 4
44 8
44 21
44 31
44 37
44 43
44 46
44 76
45 2
45 8
45 52
45 54
45 61
45 73
45 75
45 77
46 7
46 20
46 56
46 68
46 70
46 76
47 3
47 12
47 14
47 15
47 22
47 24
47 32
47 36
47 64
47 67
48 1
48 11
48 15
48 21
48 29
48 35
48 55
48 62
48 64
48 69
49 9
49 11
49 14
49 21
49 23
49 29
49 30
49 42
49 46
49 65
49 71
49 72
49 78
50 17
50 21
50 31
50 33
50 37
50 70
51 6
51 14
51 19
51 45
51 54
51 63
51 67
51 70
51 74
52 0
52 12
52 31
52 33
52 46
52 47
52 57
52 64
53 15
53 25
53 39
53 49
53 71
53 75
53 78
54 15
54 19
54 20
54 23
54 24
54 25
54 50
54 52
54 67
55 29
55 36
55 50
55 60
56 6
56 45
56 53
57 2
57 6
57 17
57 30
57 35
57 44
57 51
57 56
57 62
58 15
58 18
58 19
58 22
58 36
58 45
58 47
58 48
58 63
58 68
58 73
58 76
59 5
59 9
59 17
59 23
59 26
59 31
59 32
59 38
59 45
60 2
60 8
60 16
60 57
60 58
60 61
60 77
61 2
61 5
61 17
61 30
61 31
61 59
61 63
61 64
61 70
62 9
62 11
62 14
62 23
62 26
62 27
62 34
62 36
62 45
62 65
63 1
63 4
63 7
63 12
63 15
63 17
63 34
63 41
63 59
63 60
63 69
64 18
64 21
64 26
64 37
64 43
64 75
65 2
65 5
65 6
65 14
65 15
65 21
65 24
65 35
65 38
65 41
65 55
65 70
66 7
66 10
66 15
66 24
66 34
66 41
66 44
66 58
66 60
66 68
66 78
67 7
67 10
67 46
67 61
67 68
67 72
68 0
68 15
68 25
68 27
68 38
68 53
68 55
68 62
68 72
68 78
69 26
69 40
69 45
69 62
69 79
70 33
70 57
70 74
71 4
71 5
71 23
71 36
71 40
71 42
71 44
71 47
71 52
71 60
71 70
71 75
72 25
72 57
72 65
73 11
73 14
73 21
73 26
73 29
73 33
73 36
73 50
73 54
73 59
73 62
73 67
73 70
73 71
74 10
74 16
74 20
74 24
74 37
74 46
74 50
74 54
74 60
74 64
74 72
75 1
75 6
75 13
75 22
75 31
75 33
75 43
75 66
75 68
76 10
76 11
76 18
76 21
76 28
76 30
76 38
76 42
76 54
76 61
76 62
76 68
76 69
77 1
77 3
77 5
77 26
77 30
77 32
77 35
77 59
77 66
77 73
77 74
78 28
78 33
78 35
78 36
78 38
78 61
78 69
78 71
79 8
79 19
79 55
79 56
79 59
79 71
79 72
0 1 2 3 4 5 6 7 8 9 10 11 12 13 14 15
