80 350 6
0 13
0 14
0 48
0 56
0 60
0 73
0 77
1 0
1 11
1 22
1 37
1 63
1 64
1 65
1 79
2 10
2 16
2 55
2 68
3 2
3 8
3 24
3 29
3 45
3 78
4 11
4 33
4 62
5 3
5 6
5 14
5 16
5 49
5 59
6 18
6 40
6 43
6 76
7 11
7 28
7 35
7 56
7 71
8 4
8 10
8 32
9 7
10 6
10 14
10 43
10 49
10 58
11 24
11 65
12 6
12 17
12 60
12 63
13 23
13 26
13 49
13 69
13 73
14 2
14 15
14 21
14 44
14 79
15 16
15 32
15 70
16 28
16 32
16 49
16 55
16 63
17 3
17 35
17 64
17 74
17 75
17 77
18 31
18 45
19 40
19 60
19 76
20 24
20 27
20 39
20 49
20 50
20 79
21 56
21 78
22 14
22 16
22 58
22 64
22 77
23 10
23 26
23 65
23 67
24 13
24 19
24 28
24 64
24 72
24 79
25 39
25 40
25 77
25 78
26 0
26 10
26 34
26 54
27 17
27 69
27 74
28 51
29 8
29 9
29 11
29 14
29 45
29 56
29 71
30 2
30 19
30 20
30 21
30 23
30 65
31 9
31 14
31 71
32 4
32 41
32 44
32 54
32 61
32 69
33 32
33 42
33 49
33 51
33 62
34 31
35 21
35 52
36 26
36 42
36 44
36 53
36 58
36 73
37 53
37 54
38 4
38 13
38 19
38 30
38 49
38 61
38 78
39 10
39 16
39 37
39 54
39 62
40 56
41 9
41 20
41 31
41 35
42 3
42 18
42 20
42 66
43 54
43 58
43 60
44 3
44 37
44 56
44 59
44 65
44 67
45 8
45 40
45 65
45 76
46 12
46 21
47 5
47 29
47 33
48 6
49 2
49 15
49 21
49 39
49 51
49 70
50 13
50 58
50 67
50 76
51 13
51 24
51 52
51 78
52 2
52 3
52 22
52 41
53 2
53 48
53 58
53 79
54 23
54 28
54 35
54 59
54 60
54 79
55 11
55 14
55 28
55 29
55 32
55 33
55 35
56 24
57 29
57 41
57 64
57 66
57 67
57 73
58 4
58 64
58 67
59 4
59 26
59 52
59 55
60 22
60 23
60 28
60 35
60 44
60 74
61 0
61 8
61 12
61 54
61 74
62 31
62 49
62 55
63 29
63 39
63 55
63 60
63 61
64 29
64 35
64 39
64 69
64 71
65 49
65 70
65 74
66 14
66 17
66 44
66 48
66 49
66 68
66 75
67 5
67 13
67 33
67 34
67 68
67 71
68 8
68 29
68 30
68 39
68 47
68 52
68 64
69 5
69 33
69 37
69 45
69 46
70 1
70 18
70 29
70 74
71 0
71 14
71 27
71 30
71 33
71 48
71 70
72 9
72 16
72 31
73 34
73 43
74 0
74 8
74 16
74 23
74 55
74 69
74 72
74 79
75 3
75 4
75 11
75 30
75 31
75 33
75 35
75 40
75 61
75 64
75 65
77 2
77 7
77 37
77 38
78 10
78 13
78 48
78 49
78 50
79 19
79 39
79 41
79 42
79 52
0 1 2 3 4 5
