80 433 8
0 5
0 7
0 15
0 26
0 29
0 36
0 39
0 49
0 57
1 2
1 10
1 22
1 60
1 66
2 14
2 23
2 52
2 79
3 10
3 33
3 63
4 19
4 21
4 57
5 0
5 57
5 63
6 34
6 72
7 3
7 10
7 18
7 35
7 52
7 68
7 70
7 71
8 19
8 42
8 57
8 70
8 78
8 79
9 26
9 36
9 37
9 61
9 74
9 76
10 3
10 7
10 21
10 31
10 49
11 31
11 62
11 67
12 15
12 23
12 26
12 45
12 49
12 50
12 58
12 60
12 66
12 68
12 77
13 23
13 26
14 18
14 20
14 30
14 40
14 58
15 7
15 9
15 11
15 31
15 73
15 77
16 13
16 70
16 72
16 74
17 21
17 53
17 55
18 6
18 14
18 54
18 55
18 76
19 26
19 53
19 57
20 17
20 25
20 32
20 35
20 40
20 52
21 46
21 61
21 71
21 78
21 79
22 1
22 21
22 43
22 59
23 12
23 13
23 21
23 46
23 52
23 53
24 4
24 19
24 27
24 42
24 45
25 10
25 20
25 44
25 58
25 72
26 0
26 13
26 19
26 30
26 53
26 54
26 59
27 24
27 29
27 41
27 54
27 60
27 71
27 79
28 5
28 6
28 7
28 11
28 36
29 27
29 34
29 39
29 46
29 48
29 70
29 73
29 79
30 14
30 47
30 58
31 9
31 15
31 40
31 44
32 10
32 23
32 35
32 44
33 3
33 26
33 57
33 73
34 10
34 15
34 29
34 31
34 45
34 79
35 2
35 7
35 12
35 17
35 20
35 23
35 36
35 42
35 62
35 67
35 79
36 27
36 30
36 45
36 52
36 61
36 75
37 38
38 24
38 37
38 47
39 0
39 10
39 12
39 19
39 66
39 69
40 14
40 20
40 31
40 57
40 65
40 67
41 27
41 33
41 39
41 70
41 71
41 76
42 30
42 43
42 50
42 59
42 75
42 76
43 22
43 38
43 42
43 44
43 47
44 0
44 4
44 25
44 30
44 32
44 33
44 43
44 49
44 52
44 70
45 24
45 34
45 36
46 21
46 29
46 50
46 66
46 71
46 77
47 7
47 26
47 37
47 38
47 48
47 67
48 7
48 31
48 45
48 53
48 69
48 76
49 0
49 10
49 12
49 30
49 44
49 58
49 69
49 77
49 78
50 20
50 32
50 58
50 71
50 75
51 7
51 37
51 65
52 26
52 36
52 44
52 50
52 54
52 65
52 79
53 19
53 38
53 54
53 64
53 66
53 68
54 23
54 25
54 27
54 29
54 30
54 60
54 62
54 77
55 11
55 16
55 18
55 54
55 64
55 66
55 74
56 8
56 38
56 43
56 51
56 52
57 0
57 8
57 11
57 12
57 16
57 33
57 34
57 43
58 3
58 11
58 14
58 24
58 26
58 35
58 50
58 57
58 59
58 64
58 69
58 73
59 7
59 10
59 17
59 26
59 46
59 66
59 79
60 12
60 54
60 76
61 33
61 37
61 39
62 11
62 20
62 39
62 66
62 73
63 3
63 15
63 20
63 44
64 8
64 49
64 53
64 72
65 30
65 51
65 63
65 75
66 0
66 12
66 36
66 45
66 55
66 62
66 64
66 67
66 69
66 72
66 73
67 8
67 15
67 19
67 66
67 70
67 74
68 3
68 23
68 41
68 47
68 60
69 2
69 6
69 48
70 8
70 12
70 42
70 72
71 21
71 27
71 29
71 30
71 37
71 50
71 53
71 76
72 6
72 66
72 75
73 29
73 49
73 74
74 21
74 40
74 44
75 7
75 30
75 37
75 42
75 65
75 70
76 33
76 41
76 42
76 45
76 51
76 56
76 71
77 9
77 15
77 49
77 57
78 13
78 46
78 49
78 72
79 2
79 8
79 10
79 27
79 29
79 34
79 35
79 53
79 56
79 65
0 1 2 3 4 5 6 7
