80 177 8
0 41
0 45
0 56
0 79
1 41
2 20
3 19
3 31
3 50
3 59
3 73
4 13
4 32
4 53
5 18
5 53
5 54
6 23
6 50
6 66
7 44
7 48
7 71
8 49
9 79
10 5
10 57
11 29
11 74
12 76
13 14
13 16
13 34
13 35
13 41
14 19
14 31
15 35
15 39
15 51
16 69
18 14
18 28
18 29
18 39
18 42
18 69
19 14
19 33
20 55
24 14
24 28
26 22
26 39
26 42
26 45
26 71
27 40
27 58
27 68
28 37
28 61
28 70
29 10
29 62
30 33
30 69
31 3
31 25
32 41
32 53
32 64
32 70
33 59
34 13
35 77
36 28
36 63
37 33
38 20
38 69
39 0
39 2
39 4
39 21
39 22
39 76
40 27
40 33
41 22
41 24
41 74
42 11
42 26
42 31
42 67
43 30
43 70
44 7
44 34
44 75
45 59
47 75
48 68
49 27
49 34
50 0
50 5
50 52
50 77
51 11
51 15
52 62
52 65
53 71
54 5
54 33
55 1
55 66
57 6
57 7
57 13
57 22
57 31
57 78
58 25
58 56
59 27
60 8
60 17
60 63
60 69
61 5
61 6
61 28
62 1
62 52
62 57
63 23
63 32
63 46
63 60
64 22
64 46
64 66
65 26
65 72
66 11
67 70
69 16
69 23
69 60
71 7
71 18
71 46
71 53
72 55
73 5
73 9
73 10
74 6
75 29
75 44
75 47
75 66
76 5
76 11
76 38
76 56
76 74
77 33
77 75
79 30
79 39
79 42
79 48
79 61
0 1 2 3 4 5 6 7
