80 350 16
0 7
0 9
0 13
0 27
0 37
0 61
1 28
1 32
1 39
1 41
1 48
1 54
1 61
1 79
2 9
2 40
2 77
3 4
3 33
3 66
4 27
4 48
5 48
5 53
5 72
6 0
6 2
6 24
6 37
6 43
6 50
6 62
6 66
7 3
7 20
7 42
7 49
7 77
8 12
8 24
8 27
8 38
8 40
8 57
8 79
9 1
10 20
10 50
10 54
10 56
11 8
11 9
11 27
11 46
11 79
12 0
12 7
12 11
12 37
12 51
12 55
13 9
13 15
13 24
13 54
13 57
13 64
13 68
14 7
14 34
14 75
14 79
15 6
15 17
15 47
15 57
15 71
15 75
15 78
16 19
16 66
17 6
17 34
17 55
17 67
18 6
18 9
18 26
18 29
18 67
19 65
20 13
20 14
20 19
20 24
20 25
20 55
20 57
20 72
21 35
21 43
21 50
22 41
23 12
23 42
23 58
23 66
23 72
23 77
24 5
24 53
24 60
24 67
25 57
25 58
25 59
25 66
26 6
26 9
26 31
26 44
26 68
26 70
27 48
27 73
28 10
28 13
28 22
28 31
28 53
29 2
29 15
29 24
29 63
30 3
30 10
30 25
30 37
31 24
31 57
31 63
32 63
33 11
33 21
33 37
33 42
33 50
33 59
34 16
34 33
34 35
34 37
34 71
35 4
35 19
35 20
35 31
35 54
35 72
36 76
37 11
37 18
37 47
37 53
37 79
38 36
38 55
38 57
38 75
39 10
39 37
39 52
40 4
40 55
40 70
41 37
41 48
41 55
42 0
42 44
43 9
43 63
44 32
44 37
44 76
45 3
45 17
45 76
45 79
46 37
46 44
46 49
46 59
46 73
47 12
47 48
47 64
48 13
48 52
49 2
49 32
49 42
49 43
49 52
50 8
50 30
50 36
50 44
50 52
51 5
51 11
51 13
51 16
51 36
51 42
51 46
51 50
51 56
51 61
51 68
51 69
52 6
52 21
52 23
52 36
53 25
53 29
53 41
53 60
53 68
54 43
54 45
54 71
54 77
55 33
55 34
55 47
55 51
55 58
55 64
55 73
56 14
56 15
57 68
57 78
58 0
58 2
58 19
58 27
58 32
58 35
58 63
58 74
58 76
59 21
59 30
59 51
59 65
60 16
60 39
60 48
60 49
60 67
61 23
61 31
61 67
62 13
62 32
62 38
62 49
62 52
62 72
62 78
63 19
63 57
63 65
63 69
63 78
64 20
64 24
64 28
64 61
64 63
65 2
65 7
65 8
65 9
65 14
65 54
65 55
66 62
66 75
67 1
67 14
67 56
68 38
68 49
68 54
68 77
69 5
69 6
69 31
69 32
69 75
70 2
70 13
70 42
70 59
71 50
71 61
72 4
72 9
72 32
72 36
72 49
73 35
73 56
74 13
74 15
74 55
75 9
75 28
75 36
75 63
75 76
76 21
76 29
76 43
76 46
76 49
76 50
76 53
76 79
77 12
77 26
77 27
77 43
77 75
78 23
78 30
78 31
78 39
78 40
78 73
79 6
79 20
79 29
79 30
79 36
79 69
0 1 2 3 4 5 6 7 8 9 10 11 12 13 14 15
