80 632 20
0 5
0 7
0 9
0 13
0 14
0 30
0 32
0 41
0 46
0 48
0 50
0 53
0 54
0 58
0 64
0 69
1 2
1 10
1 26
1 33
1 34
1 44
1 55
1 60
1 78
2 35
2 47
2 56
2 58
2 71
2 72
3 23
3 39
3 41
3 52
3 56
3 59
3 60
3 62
3 68
3 73
4 0
4 6
4 47
4 65
4 73
4 75
5 2
5 21
5 27
5 40
5 44
5 56
5 75
5 79
6 25
6 47
6 49
6 56
6 57
6 75
7 12
7 13
7 17
7 19
7 32
7 34
7 43
7 45
7 49
7 69
7 73
7 78
8 0
8 5
8 9
8 12
8 19
8 29
8 50
8 62
8 77
9 2
9 4
9 6
9 12
9 15
9 29
9 79
10 11
10 21
10 53
10 61
10 70
11 7
11 14
11 16
11 20
11 59
11 61
12 13
12 22
12 26
12 38
12 39
12 46
12 52
12 53
12 57
12 61
12 68
13 26
13 30
13 54
13 79
14 42
14 46
15 3
15 29
15 59
15 63
15 64
15 72
15 73
15 76
16 12
16 22
16 28
16 45
16 76
17 1
17 4
17 12
17 50
17 61
17 62
17 63
17 71
18 1
18 2
18 7
18 21
18 22
18 27
18 28
18 35
18 45
18 46
18 69
19 4
19 13
19 14
19 16
19 41
19 55
19 58
19 62
19 69
19 73
19 78
20 18
20 33
20 36
20 43
20 79
21 3
21 15
21 20
21 43
21 52
21 54
21 73
22 3
22 5
22 9
22 11
22 34
22 45
22 74
22 77
22 78
22 79
23 7
23 8
23 11
23 18
23 40
23 53
23 61
23 65
23 71
23 72
23 74
24 4
24 17
24 21
24 33
24 39
24 51
24 53
24 66
24 67
24 71
24 75
24 77
25 0
25 17
25 18
25 22
25 33
25 41
25 48
25 61
25 65
25 72
26 0
26 5
26 6
26 49
26 54
26 61
26 69
26 73
26 78
27 41
27 43
27 48
27 58
27 64
27 70
28 17
28 37
28 42
28 45
28 51
28 54
28 79
29 4
29 6
29 14
29 18
29 61
29 70
29 72
30 4
30 8
30 19
30 21
30 32
30 42
30 53
30 56
30 75
31 0
31 1
31 5
31 13
31 21
31 29
31 37
31 51
31 73
32 26
32 29
32 37
32 40
32 44
32 45
32 53
32 55
33 6
33 29
33 41
33 71
34 14
34 26
34 31
34 45
34 67
34 68
34 74
35 8
35 24
35 28
35 41
35 48
35 56
35 64
35 74
35 76
36 4
36 14
36 23
36 25
36 32
36 37
36 40
36 41
36 51
37 15
37 25
37 26
37 43
37 48
37 54
37 79
38 1
38 30
38 32
38 71
39 10
39 45
39 46
39 66
39 75
40 1
40 2
40 7
40 8
40 10
40 14
40 24
40 26
40 29
40 43
40 50
40 63
40 69
41 20
41 24
41 31
41 34
41 52
41 64
41 66
41 79
42 5
42 8
42 23
42 34
42 67
42 69
42 75
42 79
43 3
43 9
43 13
43 16
43 31
43 54
43 60
44 18
44 23
44 25
44 27
44 33
44 35
44 36
44 39
44 42
44 53
44 68
44 74
44 79
45 5
45 10
45 13
45 14
45 21
45 54
45 66
45 67
46 4
46 15
46 20
46 29
46 41
46 51
46 57
46 61
46 66
47 15
47 20
47 26
47 27
47 38
47 42
47 56
48 1
48 19
48 26
48 28
48 29
48 39
48 47
48 59
48 74
49 23
49 27
49 28
49 29
49 33
49 34
49 44
49 56
49 60
49 61
50 1
50 31
50 36
50 39
50 41
50 45
50 54
50 59
50 66
50 70
50 71
50 76
51 10
51 18
51 20
51 23
51 43
51 65
52 14
52 40
52 77
53 11
53 14
53 18
53 68
54 4
54 6
54 9
54 16
54 20
54 36
54 40
54 59
54 60
54 62
55 3
55 7
55 16
55 28
55 41
55 44
55 51
55 53
55 61
56 0
56 13
56 18
56 25
56 26
56 33
56 51
56 53
56 77
57 22
57 29
57 32
57 33
57 34
57 66
58 7
58 24
58 26
58 30
58 32
58 40
58 61
58 73
59 1
59 4
59 6
59 12
59 16
59 22
59 35
60 7
60 13
60 20
60 38
60 40
60 48
60 50
60 61
61 0
61 4
61 18
61 36
61 63
61 67
61 74
62 2
62 16
62 61
62 69
63 14
63 27
63 28
63 32
63 50
63 55
63 73
63 75
64 25
64 31
64 39
64 40
64 54
64 55
64 61
64 71
64 73
65 0
65 6
65 12
65 15
65 22
65 36
65 50
65 62
65 71
66 26
66 31
66 44
66 60
66 68
67 10
67 18
67 28
67 29
67 31
67 41
67 51
67 53
67 54
67 77
68 16
68 19
68 39
68 41
68 52
68 55
68 65
68 71
69 14
69 24
69 41
69 58
69 65
70 6
70 16
70 18
70 51
70 63
71 0
71 3
71 29
71 32
71 40
71 45
72 14
72 18
72 20
72 27
72 53
72 62
72 64
72 68
72 70
73 65
74 0
74 2
74 7
74 16
74 19
74 33
74 51
74 54
75 1
75 51
75 59
75 69
76 0
76 5
76 11
76 17
76 18
76 25
76 27
76 32
76 38
76 54
76 55
76 60
76 67
76 72
77 6
77 16
77 42
77 44
77 47
77 50
77 51
77 60
77 65
78 8
78 10
78 16
78 31
78 32
78 42
78 47
78 49
78 54
78 58
79 0
79 3
79 6
79 23
79 29
79 30
79 35
79 46
79 66
79 67
79 69
79 70
0 1 2 3 4 5 6 7 8 9 10 11 12 13 14 15 16 17 18 19
