80 350 6
0 4
0 9
0 20
0 25
0 34
0 50
0 54
0 55
0 57
0 58
0 62
1 21
1 23
1 34
1 39
1 48
1 66
1 72
2 0
2 3
2 18
2 30
3 4
3 42
3 59
3 72
4 61
4 77
5 4
5 6
5 10
5 36
5 64
6 34
6 57
6 60
7 20
7 51
7 57
7 58
7 67
8 13
8 28
8 59
10 75
11 10
12 24
12 48
12 50
12 75
13 47
13 51
13 64
14 5
14 6
14 23
14 71
15 4
15 8
15 18
15 22
15 48
15 56
15 65
15 71
16 44
16 56
16 65
16 69
17 2
17 30
17 70
18 0
18 7
18 20
18 35
18 42
18 51
19 20
19 32
19 34
19 41
19 53
19 59
20 13
20 15
20 16
20 59
21 38
21 53
21 54
21 72
22 29
22 41
22 70
23 11
23 21
23 32
23 50
24 63
24 71
24 77
25 1
25 18
25 35
25 36
25 40
25 55
25 56
26 3
26 31
26 40
26 44
26 52
26 55
26 57
26 73
26 74
26 76
27 6
27 25
27 37
27 43
27 55
27 65
28 6
28 26
28 45
29 27
29 62
30 76
31 21
31 28
31 60
32 9
32 13
32 55
32 67
32 73
33 19
33 20
33 21
33 22
33 26
33 36
33 67
33 77
34 32
34 45
34 51
34 61
35 10
35 16
35 26
35 43
36 1
36 3
36 30
36 46
36 75
37 0
37 29
37 32
37 40
37 41
37 52
37 60
38 15
38 30
38 52
38 53
38 75
38 78
39 27
39 46
40 30
40 60
40 73
41 15
41 25
41 76
42 1
42 15
43 0
43 38
43 39
44 7
44 36
44 54
45 36
45 44
45 54
45 64
45 78
46 9
46 25
46 27
46 32
46 42
46 61
46 62
47 28
47 48
47 55
47 56
47 59
48 34
48 36
50 13
50 36
50 48
50 49
50 52
50 79
51 16
51 33
51 36
51 47
51 69
51 79
52 49
52 56
52 75
53 0
53 45
53 46
53 59
54 11
54 16
54 25
54 63
54 64
54 65
54 70
55 3
55 12
55 16
55 57
56 1
56 10
56 24
56 50
56 74
56 75
56 79
57 1
57 13
57 18
57 32
57 47
57 64
57 67
57 68
57 74
58 8
58 15
58 56
59 18
59 21
59 23
59 41
59 56
59 60
60 20
60 35
60 49
60 50
60 68
60 70
60 78
61 24
61 30
61 32
61 35
61 38
61 59
62 9
62 18
62 22
62 32
62 37
62 69
62 77
63 1
63 3
63 51
63 65
63 76
64 41
64 49
64 71
65 1
65 17
65 29
65 39
65 41
65 43
66 9
66 27
66 36
66 58
67 47
68 2
68 34
68 53
69 5
69 22
69 35
69 73
70 57
71 23
71 56
71 66
72 31
72 46
72 52
72 70
73 31
73 38
73 54
74 4
74 24
74 36
74 41
74 42
74 62
74 75
75 11
75 14
75 16
75 27
75 41
75 50
75 53
75 60
76 1
76 2
76 15
76 35
77 1
77 35
77 53
78 8
78 30
78 59
79 3
79 13
79 31
79 55
79 68
0 1 2 3 4 5
