80 350 8
0 11
0 15
0 23
0 40
0 47
0 73
1 22
1 23
1 27
1 38
1 44
1 45
1 49
1 58
1 66
1 79
2 65
3 12
3 30
3 49
3 67
4 35
4 69
5 0
5 23
5 28
6 2
6 42
6 64
6 73
7 14
7 47
7 54
8 53
8 55
8 56
8 74
9 24
9 25
9 35
10 9
10 23
10 28
10 42
10 60
11 42
12 1
12 11
12 20
12 22
12 33
12 40
12 47
12 58
12 65
12 78
12 79
13 3
13 11
13 29
13 51
14 23
14 25
14 40
14 53
14 77
15 5
16 23
16 25
16 43
16 53
16 78
16 79
17 29
17 35
17 47
18 4
18 32
18 46
18 56
18 61
18 68
18 73
19 8
19 17
19 18
19 21
19 76
19 78
20 13
20 15
20 35
20 73
20 77
21 11
21 74
22 0
22 15
22 38
22 70
22 79
23 3
23 6
23 60
23 63
23 75
24 8
24 22
24 29
24 38
24 44
24 76
25 5
25 23
25 42
25 57
25 75
25 77
26 29
26 36
26 45
26 49
26 50
26 56
26 77
27 45
27 59
28 18
28 33
28 54
29 11
29 49
30 69
31 15
31 37
32 27
32 65
33 55
33 78
34 32
34 33
34 39
34 50
34 51
34 57
34 66
34 73
35 13
35 41
36 12
36 22
36 28
36 49
37 7
37 11
37 14
37 30
37 64
37 70
37 75
37 76
38 30
38 46
38 64
38 79
39 3
39 4
39 64
40 2
40 28
40 49
41 10
41 37
41 47
41 58
41 64
42 12
43 29
43 30
43 39
43 65
44 25
44 30
44 33
44 36
44 41
44 61
45 2
45 12
45 31
45 33
45 35
45 44
45 48
45 52
45 64
45 72
46 34
46 66
46 74
47 19
47 20
47 37
47 74
48 12
48 55
48 68
49 19
49 28
50 1
50 41
50 47
50 64
51 11
51 16
51 27
51 44
51 76
52 2
52 5
52 6
52 23
52 29
52 43
52 56
52 58
52 59
53 18
53 19
53 39
53 59
53 64
54 10
54 19
54 44
54 50
54 51
54 66
54 69
54 74
55 23
55 32
55 42
55 49
55 52
55 56
56 21
57 31
57 32
57 63
58 34
59 7
59 11
59 23
59 24
59 43
59 72
60 12
60 24
60 36
60 37
60 38
60 49
60 62
60 68
61 1
61 4
61 14
61 35
61 69
61 70
61 79
62 0
62 8
62 13
62 58
62 67
63 5
63 10
63 25
63 28
63 35
63 38
63 42
63 58
63 75
64 16
64 23
64 43
64 49
64 62
65 10
65 48
65 69
65 70
66 45
66 65
66 71
66 78
67 78
68 12
68 26
68 31
68 35
68 51
68 76
69 49
69 77
69 79
70 3
70 11
70 25
70 43
70 53
70 58
71 13
71 30
71 35
71 46
71 57
72 0
72 48
72 53
72 75
73 10
73 78
74 1
74 7
74 14
74 18
74 35
75 13
75 24
75 50
75 62
75 67
75 70
76 14
76 34
76 36
77 56
77 64
77 65
77 70
77 72
78 17
78 53
79 23
79 44
79 52
0 1 2 3 4 5 6 7
