80 397 8
0 18
0 28
0 31
0 32
0 34
0 40
0 57
1 15
1 20
1 21
1 60
1 75
1 78
2 10
2 51
3 5
3 36
3 53
4 5
4 13
4 42
4 68
4 74
5 39
5 64
5 71
6 26
6 33
7 57
8 25
8 26
8 28
8 66
8 67
9 6
9 15
9 26
9 39
9 57
9 61
9 70
9 75
10 9
10 17
10 19
10 43
10 52
10 66
11 9
11 45
11 68
11 70
12 15
12 44
13 15
13 35
13 55
13 58
13 61
13 68
14 0
14 21
14 31
14 60
14 67
14 78
15 19
15 51
16 21
16 33
16 69
17 11
17 18
17 28
17 31
17 47
17 48
17 75
18 3
18 37
18 41
18 56
18 62
18 71
18 76
19 15
19 36
20 21
20 29
20 32
20 48
20 55
20 65
20 70
21 1
21 18
21 20
21 33
21 51
21 59
21 79
22 43
22 54
23 30
23 46
23 52
23 54
24 76
24 77
25 21
25 44
25 78
26 17
26 34
26 35
26 38
26 39
26 41
26 57
26 59
26 61
26 67
27 4
27 32
27 77
28 13
28 18
28 22
28 47
28 74
29 5
29 6
29 47
30 11
30 14
30 18
30 23
30 24
30 56
30 64
30 65
31 0
31 14
32 4
32 72
33 15
33 60
33 73
33 75
34 17
34 19
34 26
34 54
34 58
35 12
35 23
35 61
36 3
36 45
36 48
36 61
36 65
37 18
38 14
38 19
38 26
38 29
38 44
39 20
39 26
39 30
39 37
39 38
40 0
40 10
40 37
40 46
40 57
40 70
41 43
41 46
41 76
41 79
42 5
42 15
42 29
42 37
42 51
42 54
42 60
42 65
42 67
42 71
43 37
43 42
43 69
44 2
44 13
44 25
44 30
44 50
44 77
45 0
45 36
45 58
45 74
46 9
46 14
46 19
46 59
46 66
47 11
47 15
47 28
47 43
47 49
47 61
48 17
48 29
48 51
48 58
48 75
49 11
49 42
49 61
50 4
50 10
50 12
50 14
50 24
50 33
50 34
50 49
50 67
51 38
51 41
51 44
51 59
51 78
52 18
52 29
52 44
52 47
52 56
52 62
53 0
53 3
53 7
53 8
53 27
53 52
53 56
53 72
54 62
54 67
55 6
55 15
55 28
55 38
55 42
55 59
56 10
56 18
56 22
56 66
56 70
56 78
57 0
57 15
57 26
57 29
57 31
57 33
57 45
57 51
57 63
57 64
57 73
58 13
58 28
58 36
58 56
59 9
59 30
59 33
59 39
59 58
59 72
59 77
60 33
60 43
60 52
60 58
60 67
60 71
60 78
61 2
61 7
61 11
61 26
61 35
61 46
61 49
61 62
61 74
62 10
62 44
62 54
62 65
63 10
63 38
63 55
63 79
64 5
64 21
64 25
64 37
64 49
64 55
64 57
65 20
65 30
65 36
65 39
65 42
65 62
65 77
66 10
66 28
66 31
66 43
66 67
66 76
67 6
67 14
67 42
67 50
67 65
68 11
68 31
68 32
68 61
68 70
68 71
68 79
69 26
69 43
69 44
69 48
69 78
70 3
70 8
70 19
70 21
70 41
70 49
70 72
70 76
71 3
71 5
71 8
71 35
71 43
71 58
71 68
72 13
72 19
72 76
73 30
73 51
73 66
73 75
74 23
74 47
75 14
75 15
75 58
75 74
75 79
76 0
76 4
76 10
76 18
76 25
76 72
77 3
77 16
77 27
77 70
78 10
78 20
78 24
78 25
78 51
79 12
79 21
79 64
0 1 2 3 4 5 6 7
