80 216 16
0 26
0 29
0 36
0 39
0 57
1 10
1 22
2 35
2 52
3 10
3 63
4 57
5 63
6 34
6 69
6 72
7 28
7 71
7 75
8 19
8 42
8 67
8 78
9 37
9 61
9 76
10 1
10 21
10 31
10 79
11 55
11 57
11 62
12 45
12 50
12 57
12 70
13 23
14 20
15 67
15 77
16 74
17 20
18 55
19 8
19 26
20 14
20 17
20 40
20 50
20 52
20 62
20 63
21 23
21 46
21 61
21 74
22 1
23 13
23 21
23 52
24 19
24 27
24 38
25 20
25 54
25 58
26 0
26 19
26 54
27 24
27 54
27 71
27 79
28 7
28 36
29 0
29 34
29 46
29 48
30 75
31 10
31 40
32 50
33 57
33 76
34 29
34 57
35 2
35 23
35 58
35 79
36 0
36 30
36 52
36 66
36 75
37 9
38 24
39 0
39 62
40 20
40 31
40 74
41 76
42 8
42 43
42 70
42 76
43 42
43 44
43 57
44 43
44 52
44 74
45 34
46 21
46 66
46 77
47 67
48 29
48 53
48 69
49 73
50 20
51 56
51 65
52 2
52 20
52 23
52 36
52 44
52 79
53 48
53 68
54 25
54 26
54 27
55 11
55 18
56 51
56 79
57 0
57 4
57 11
57 12
57 33
57 34
57 43
57 58
57 77
58 3
58 25
58 35
58 57
58 64
58 69
58 73
59 7
59 79
60 68
61 9
61 21
62 11
62 20
62 39
62 73
63 3
63 5
63 20
64 49
64 58
65 51
65 79
66 36
66 46
66 53
66 67
67 8
67 15
67 47
67 66
67 70
68 12
69 6
69 48
69 58
70 12
70 42
70 67
71 7
71 27
73 49
73 58
73 62
74 21
74 40
74 44
74 73
75 7
75 36
76 9
76 33
76 41
76 42
77 15
77 46
77 57
78 8
79 10
79 27
79 35
79 52
79 56
79 59
79 65
0 1 2 3 4 5 6 7 8 9 10 11 12 13 14 15
