80 632 16
0 5
0 7
0 14
0 20
0 28
0 38
0 59
0 64
0 65
0 78
1 0
1 9
1 16
1 25
1 44
1 50
1 56
1 70
1 75
2 8
2 15
2 22
2 39
2 48
2 76
3 7
3 23
3 27
3 34
3 39
3 42
3 60
4 3
4 16
4 27
4 29
4 32
4 34
4 36
4 38
4 42
4 48
4 58
4 66
5 52
6 2
6 4
6 12
6 13
6 18
6 20
6 27
6 40
6 44
6 74
6 77
7 19
7 22
7 34
7 35
7 42
7 43
7 74
8 35
8 43
8 47
8 60
8 74
8 77
9 7
9 21
9 24
9 26
9 44
9 46
9 49
9 57
9 59
9 63
10 11
10 28
10 29
10 30
10 33
10 40
10 42
10 55
10 58
10 59
10 78
11 3
11 5
11 12
11 27
11 44
11 49
11 50
11 63
11 67
12 0
12 20
12 36
12 38
12 40
12 47
12 59
12 65
12 70
12 73
13 16
13 26
13 29
13 34
13 58
13 79
14 2
14 3
14 10
14 13
14 28
14 40
14 75
15 11
15 14
15 23
15 24
15 26
15 30
15 32
15 37
15 42
15 43
15 52
16 5
16 10
16 15
16 27
16 59
16 63
16 67
16 68
16 71
17 12
17 14
17 30
17 36
17 55
17 56
17 77
17 79
18 9
18 14
18 24
18 40
18 70
19 3
19 6
19 10
19 25
19 26
19 29
19 45
19 46
19 56
19 60
19 67
19 70
20 5
20 10
20 13
20 15
20 16
20 57
21 7
21 14
21 27
21 41
21 45
21 47
21 52
21 53
21 77
22 6
22 14
22 15
22 26
22 35
22 36
22 47
23 5
23 19
23 28
23 30
23 31
23 34
23 39
23 51
23 62
23 68
24 52
24 58
24 68
24 78
25 16
25 17
25 20
25 23
25 28
25 29
25 34
25 35
25 69
25 75
26 2
26 3
26 6
26 16
26 25
26 38
26 44
26 51
27 2
27 7
27 12
27 18
27 26
27 39
27 40
27 62
27 67
27 70
27 76
28 8
28 13
28 16
28 17
28 29
28 40
28 62
29 7
29 15
29 18
29 20
29 31
29 35
29 38
29 50
29 53
29 56
29 71
29 72
30 0
30 7
30 18
30 34
30 69
30 77
31 4
31 43
31 49
31 55
31 61
31 66
31 71
32 0
32 8
32 10
32 12
32 29
32 51
32 64
32 70
33 4
33 11
33 14
33 20
33 21
33 30
33 38
33 42
33 46
33 49
33 56
33 60
34 16
34 24
34 27
34 32
34 33
34 58
35 9
35 18
35 31
35 41
35 54
35 69
35 72
35 74
35 76
36 5
36 27
36 30
36 35
36 38
36 43
36 49
36 54
36 56
36 70
36 73
36 77
37 1
37 5
37 7
37 30
37 34
37 75
38 18
38 22
38 71
39 6
39 15
39 26
39 29
39 33
39 35
39 44
39 47
39 50
39 62
39 77
39 78
40 9
40 16
40 17
40 19
40 54
40 76
41 3
41 6
41 10
41 32
41 45
41 56
42 9
42 27
42 34
43 13
43 29
43 60
43 79
44 30
44 43
44 65
44 67
45 1
45 2
45 7
45 14
45 28
45 29
45 49
45 68
45 79
46 2
46 14
46 28
46 35
46 40
46 48
46 51
46 77
47 9
47 13
47 16
47 24
47 34
47 40
47 53
47 58
47 68
47 72
48 5
48 14
48 15
48 18
48 19
48 20
48 22
48 31
48 35
48 36
48 50
48 57
48 63
49 18
49 21
49 38
49 40
49 44
49 51
49 56
49 74
49 75
49 79
50 10
50 51
50 55
50 65
50 68
50 70
50 76
51 18
51 20
51 22
51 35
51 38
51 48
51 64
51 72
52 11
52 23
52 32
52 39
52 43
52 44
52 50
52 54
52 61
52 63
52 69
52 72
53 4
53 7
53 17
53 31
53 39
53 65
54 1
54 8
54 10
54 16
54 25
54 30
54 32
54 37
54 50
54 53
54 73
55 71
55 77
56 5
56 13
56 15
56 27
56 44
56 50
56 52
56 54
56 60
56 67
57 0
57 1
57 2
57 5
57 18
57 26
57 34
57 52
57 62
58 15
58 19
58 20
58 30
58 35
58 36
58 40
58 45
58 50
58 61
58 73
58 74
59 5
59 20
59 41
59 55
59 58
59 72
60 11
60 45
60 47
60 48
60 52
60 65
61 14
61 15
61 35
61 46
61 70
62 3
62 10
62 11
62 13
62 21
62 32
62 53
62 55
62 61
62 68
63 8
63 10
63 23
63 24
63 25
63 26
63 38
63 39
63 53
63 54
63 66
63 71
64 4
64 20
64 34
64 68
64 75
64 78
65 1
65 10
65 29
65 45
65 57
65 64
65 67
65 78
66 27
66 29
66 30
66 32
66 44
66 51
66 65
67 1
67 30
67 31
67 32
67 49
67 50
67 61
67 63
67 64
68 6
68 13
68 14
68 21
68 26
68 30
68 54
68 61
68 71
68 79
69 1
69 4
69 19
69 26
69 32
69 47
69 66
70 15
70 28
70 39
70 46
70 56
70 66
71 7
71 21
71 34
71 47
71 54
71 74
72 14
72 25
72 65
72 68
73 3
73 22
73 43
73 56
73 57
73 61
73 71
74 26
74 45
74 56
74 60
74 65
75 17
75 42
75 71
75 73
76 3
76 9
76 10
76 30
76 32
76 33
76 54
76 55
76 56
76 74
77 33
77 35
77 45
77 53
77 59
77 68
77 73
77 75
78 7
78 17
78 29
78 46
78 56
78 58
78 59
78 73
79 1
79 19
79 29
79 36
79 53
79 57
0 1 2 3 4 5 6 7 8 9 10 11 12 13 14 15
