80 632 6
0 5
0 6
0 10
0 11
0 20
0 26
0 28
0 29
0 38
0 40
0 41
0 45
0 48
0 64
0 69
0 75
1 40
1 41
1 52
1 59
1 64
2 3
2 13
2 29
2 33
2 54
2 56
2 59
2 60
2 64
2 68
3 15
3 18
3 20
3 27
3 39
3 42
3 43
3 45
3 48
3 61
3 67
4 0
4 38
4 45
4 57
4 66
4 77
5 9
5 26
5 35
5 40
5 41
5 54
5 67
5 79
6 2
6 14
6 21
6 27
6 36
6 44
6 45
6 47
6 51
6 55
6 60
6 64
6 67
6 72
7 0
7 3
7 12
7 13
7 29
7 34
7 38
7 44
7 51
8 2
8 4
8 5
8 7
8 29
8 30
8 31
8 44
8 45
8 57
9 1
9 3
9 14
9 23
9 24
9 57
9 59
9 66
9 77
10 8
10 16
10 19
10 42
10 44
10 55
11 3
11 20
11 22
11 25
11 44
11 46
11 53
11 70
12 21
12 28
12 31
12 34
12 37
12 51
12 61
13 31
13 35
13 68
14 21
14 22
14 26
14 31
14 33
14 35
14 41
14 46
14 72
15 5
15 30
15 56
15 58
15 63
15 67
15 68
15 77
16 4
16 11
16 19
16 29
16 33
16 37
16 45
16 47
17 19
17 33
17 38
17 39
17 49
17 51
17 54
17 61
17 73
17 76
18 1
18 6
18 19
18 63
18 73
18 78
19 1
19 20
19 23
19 31
19 36
19 49
19 50
19 51
19 55
19 61
20 4
20 13
20 17
20 24
20 28
20 36
20 37
20 38
20 43
20 64
20 75
21 15
21 16
21 38
21 46
21 74
22 15
22 33
22 37
22 44
22 50
22 55
22 60
22 64
22 68
22 79
23 0
23 7
23 18
23 20
23 34
23 63
23 66
24 0
24 2
24 38
24 43
24 47
24 51
24 56
24 68
25 9
25 12
25 17
25 30
25 52
25 58
25 63
25 77
25 78
25 79
26 3
26 8
26 25
26 41
26 68
27 0
27 10
27 15
27 16
27 26
27 36
27 78
28 6
28 10
28 15
28 19
28 21
28 24
28 27
28 43
28 54
28 73
29 9
29 27
29 37
29 38
29 42
29 65
29 75
30 6
30 12
30 14
30 50
30 79
31 2
31 4
31 5
31 6
31 9
31 17
31 55
31 75
32 10
32 17
32 25
32 37
32 39
32 42
32 47
32 76
33 12
33 18
33 78
34 3
34 4
34 13
34 16
34 21
34 51
34 66
34 69
34 77
34 78
35 17
35 44
35 49
35 58
35 63
35 68
36 4
36 13
36 14
36 15
36 22
36 29
36 30
36 37
36 42
36 43
36 62
36 74
37 13
37 28
37 44
37 56
37 64
38 5
38 6
38 12
38 19
38 33
38 35
38 43
38 57
38 62
39 2
39 4
39 6
39 13
39 24
39 52
39 57
39 58
39 62
40 8
40 16
40 26
40 31
40 34
40 62
40 75
41 4
41 13
41 15
41 18
41 23
41 27
41 38
41 61
41 69
41 71
42 4
42 6
42 30
42 38
42 47
42 66
42 70
42 75
43 5
43 19
43 62
43 74
43 79
44 15
44 39
44 42
44 57
44 74
44 77
45 53
45 73
45 76
46 1
46 7
46 28
46 39
46 48
46 66
46 67
46 74
46 77
47 12
47 19
47 23
47 30
47 34
47 57
48 2
48 8
48 14
48 33
48 52
48 70
48 79
49 6
49 12
49 18
49 34
49 50
49 63
49 74
49 79
50 1
50 17
50 18
50 45
50 47
50 61
50 72
50 74
51 3
51 13
51 15
51 47
51 50
51 56
51 73
52 2
52 6
52 7
52 10
52 23
52 30
52 44
52 79
53 0
53 15
53 16
53 31
53 34
53 38
53 63
53 69
53 78
54 1
54 9
54 27
54 40
54 43
54 46
54 52
54 56
54 77
55 2
55 16
55 18
55 25
55 34
55 39
55 40
55 41
55 50
55 66
55 67
55 76
56 12
56 17
56 23
56 33
56 35
56 36
56 38
56 52
56 70
57 16
57 22
57 23
57 31
57 36
57 41
57 48
57 53
57 55
58 12
58 23
58 50
58 51
58 54
58 62
59 19
59 20
59 22
59 29
59 42
59 55
59 56
59 65
59 78
60 9
60 16
60 23
60 59
60 77
61 2
61 5
61 7
61 22
61 27
61 53
61 55
61 70
62 6
62 27
62 47
62 51
62 53
63 44
63 51
63 57
64 13
64 17
64 18
64 30
64 32
64 42
64 45
64 47
64 49
64 55
64 58
64 59
64 69
64 77
65 3
65 16
65 27
65 33
65 36
65 44
65 52
65 54
65 71
66 0
66 10
66 12
66 20
66 22
66 62
66 74
67 18
67 25
67 36
67 39
67 41
67 52
67 62
67 77
68 18
68 25
68 27
68 36
68 53
69 5
69 8
69 21
69 22
69 28
69 32
69 54
69 71
70 5
70 27
70 29
70 32
70 54
71 2
71 12
71 13
71 23
71 32
71 35
71 40
71 75
72 3
72 5
72 13
72 32
72 43
72 54
72 65
72 75
73 0
73 6
73 29
73 38
73 56
73 59
74 3
74 4
74 6
74 12
74 14
74 25
74 32
74 41
74 68
75 1
75 9
75 14
75 15
75 66
76 15
76 18
76 19
76 24
76 27
76 42
76 66
76 74
76 75
77 1
77 12
77 17
77 19
77 40
77 51
77 68
77 72
78 0
78 14
78 19
78 26
78 30
78 39
78 51
78 58
78 69
78 72
78 74
79 4
79 8
79 13
79 41
79 60
79 69
79 71
79 75
0 1 2 3 4 5
