80 213 6
0 11
0 20
0 54
0 55
0 58
1 51
1 54
1 59
2 12
2 15
3 12
3 58
3 67
4 17
4 58
4 71
5 50
5 59
6 1
6 13
6 20
6 32
7 15
7 74
8 29
8 51
9 5
9 16
10 0
10 33
10 52
11 15
11 50
11 54
11 68
12 2
12 39
12 70
13 18
13 32
13 55
14 16
14 25
15 2
15 53
15 68
15 71
16 29
16 47
17 46
17 74
18 31
18 36
18 45
18 62
19 7
19 51
19 59
20 34
21 39
21 46
21 48
23 11
23 35
24 15
24 27
25 30
25 63
26 14
26 30
27 50
28 20
28 27
28 34
28 65
28 75
29 38
29 53
30 26
30 34
30 39
30 40
30 69
31 18
32 6
32 40
32 75
33 69
34 28
34 30
34 42
35 20
35 23
35 52
35 68
36 18
37 1
37 38
37 46
38 37
38 52
39 12
39 22
39 49
39 50
39 79
40 50
40 65
41 29
41 50
42 0
42 34
42 43
42 62
42 70
43 34
43 55
44 28
45 32
45 53
45 68
46 17
46 21
46 37
46 55
46 74
47 16
47 32
47 56
47 66
47 68
48 21
48 24
48 36
48 45
48 60
48 77
49 8
49 31
49 39
50 5
50 9
50 39
51 1
51 8
51 30
52 10
52 11
52 35
53 4
53 15
53 45
54 1
54 11
54 60
55 13
55 37
55 42
55 43
55 46
55 69
56 6
56 44
56 61
56 74
57 24
57 53
58 3
58 21
59 5
59 19
59 51
60 23
60 48
60 54
61 51
61 56
61 60
61 64
61 76
62 42
63 12
63 25
65 40
66 47
66 77
67 4
68 5
68 11
68 15
68 47
70 42
71 15
71 35
71 37
71 44
72 5
72 9
73 24
74 7
74 17
74 46
74 56
75 28
75 32
76 5
76 23
76 37
77 71
78 75
79 23
79 39
79 62
0 1 2 3 4 5
