80 213 6
0 12
0 13
0 26
0 31
0 43
0 74
1 15
1 38
1 51
2 48
2 68
3 42
3 47
3 60
4 31
4 76
5 11
5 29
7 29
7 35
7 38
7 43
8 41
8 45
9 0
9 5
9 17
9 19
10 25
10 57
11 5
11 36
11 65
12 4
12 10
12 46
12 65
12 72
13 73
14 30
14 35
14 67
14 71
15 1
15 18
15 67
15 72
16 10
16 26
17 9
18 33
18 35
18 37
18 49
19 52
19 62
20 30
20 35
20 49
20 54
20 75
21 37
22 47
23 39
24 0
24 21
24 30
25 45
26 12
26 16
26 37
26 41
26 48
27 34
27 37
28 39
28 74
28 78
29 5
29 56
30 24
30 40
30 46
30 58
30 74
33 36
34 5
34 39
35 18
35 52
35 64
36 59
36 63
37 18
37 27
37 71
38 7
39 23
39 34
39 45
40 7
40 30
40 37
41 8
41 26
41 66
42 3
42 15
42 29
42 45
42 69
44 46
44 72
45 39
45 42
45 46
45 63
46 7
46 8
46 12
46 44
46 45
46 56
46 64
46 66
47 6
47 11
47 22
47 49
48 2
48 26
49 18
49 47
51 1
51 26
51 58
51 60
52 19
52 25
53 13
53 70
54 20
54 24
54 33
54 55
54 70
55 54
56 33
56 77
57 10
57 71
58 39
58 51
58 59
58 60
59 6
59 24
59 36
59 58
60 46
61 15
61 30
62 0
62 19
62 47
62 61
62 72
63 25
64 35
64 37
64 46
64 69
65 4
65 12
65 50
65 69
66 20
66 46
67 14
67 15
67 72
68 24
68 77
69 42
69 65
70 23
70 53
70 76
71 0
71 25
71 32
71 37
71 57
72 12
72 15
72 62
72 67
73 40
73 59
73 68
73 75
74 0
74 28
74 50
74 71
76 23
76 27
77 39
77 56
79 35
79 61
79 73
79 74
0 1 2 3 4 5
