1024 5834 135
0 1
0 2
0 4
0 8
0 256
1 0
1 3
1 9
1 33
1 65
1 129
2 0
2 6
2 18
2 34
2 130
2 258
2 514
3 2
3 7
3 11
3 19
3 67
3 131
3 259
3 515
4 6
4 12
4 132
5 1
5 4
5 69
5 261
6 14
6 22
6 38
7 3
7 5
7 6
7 23
7 39
7 71
7 263
8 10
8 12
8 24
8 264
9 8
9 11
9 13
9 41
9 73
9 137
9 265
10 2
10 11
10 14
10 74
10 266
11 3
11 15
11 27
11 75
11 139
11 267
12 13
12 14
12 28
12 268
12 524
13 5
13 9
13 45
13 77
13 269
14 142
14 526
15 7
15 13
15 14
15 47
16 0
16 18
16 20
16 24
16 48
16 144
16 272
17 1
17 16
17 19
17 49
17 81
17 145
17 529
18 19
18 22
18 50
18 146
18 274
18 530
19 3
19 17
19 23
19 51
19 275
19 531
20 4
20 28
20 52
20 84
20 148
21 5
21 17
21 20
21 53
21 277
21 533
22 20
22 23
22 54
22 86
22 150
23 21
23 22
23 279
24 25
24 56
24 536
25 9
25 17
25 29
25 57
25 89
25 281
25 537
26 10
26 18
26 24
26 27
26 58
26 154
27 19
27 25
27 26
27 31
27 59
27 91
27 539
28 12
28 24
28 30
28 156
28 284
28 540
29 13
29 21
29 25
29 28
29 31
29 61
29 93
29 541
30 14
30 22
30 26
30 31
30 62
30 94
30 158
30 286
30 542
31 15
31 23
31 63
31 95
31 287
32 0
32 33
32 34
32 96
32 288
33 32
33 37
33 97
33 161
33 289
34 2
34 38
34 162
34 290
34 546
35 3
35 33
35 34
35 43
35 51
35 99
35 547
36 4
36 32
36 37
36 292
36 548
37 5
37 45
37 53
37 293
37 549
38 36
38 39
38 54
38 166
38 294
38 550
39 35
39 37
39 47
39 295
39 551
40 8
40 32
40 41
40 42
40 56
40 168
41 33
41 43
41 57
41 105
41 297
41 553
42 10
42 34
42 43
42 58
42 106
42 170
42 298
43 11
43 59
43 107
43 171
44 12
44 36
44 40
44 45
44 60
44 172
44 300
44 556
45 41
45 109
45 173
45 301
45 557
46 14
46 38
46 42
46 44
46 47
46 110
46 174
46 558
47 43
47 45
47 559
48 32
48 49
48 56
48 112
48 304
49 33
49 48
49 51
49 57
49 113
50 34
50 48
50 51
50 114
50 178
50 306
50 562
51 55
51 115
51 563
52 36
52 48
52 54
52 60
52 116
52 308
53 21
53 49
53 52
53 55
53 61
53 117
53 309
54 22
54 50
54 52
54 55
54 62
54 182
54 310
55 23
55 39
55 63
55 183
55 567
56 48
56 57
56 58
56 60
56 120
56 312
56 568
57 61
57 569
58 50
58 59
58 314
58 570
59 43
59 51
59 57
59 63
59 123
59 571
60 28
60 44
60 62
60 124
60 188
60 316
61 29
61 45
61 53
61 60
61 63
61 125
61 189
61 317
61 573
62 46
62 54
62 58
62 126
62 190
62 318
63 31
63 47
63 62
63 191
63 575
64 0
64 68
64 192
64 320
64 576
65 64
65 67
65 73
65 321
65 577
66 2
66 64
66 74
66 82
66 322
66 578
67 66
67 75
67 99
67 195
67 323
68 4
68 70
68 84
68 100
68 196
68 324
69 65
69 68
69 325
69 581
70 6
70 66
70 71
70 86
70 102
70 326
71 67
71 69
71 79
71 103
71 199
71 327
72 8
72 64
72 73
72 74
72 76
72 200
72 584
73 65
73 72
73 75
73 89
73 105
73 201
73 329
73 585
74 66
75 74
75 107
75 203
75 331
75 587
76 12
76 68
76 77
76 78
76 92
76 108
76 332
77 69
77 73
77 76
77 93
77 109
77 333
78 14
78 70
78 74
78 94
78 110
78 206
78 590
79 15
79 71
79 75
79 77
79 78
79 111
79 207
79 335
79 591
80 16
80 64
80 82
80 84
80 88
80 112
80 208
80 592
81 65
81 80
81 83
81 85
81 113
81 209
82 18
82 66
82 80
82 83
82 90
82 210
82 338
82 594
83 19
83 67
83 81
83 87
83 91
84 85
84 86
84 92
84 116
84 212
85 21
85 69
85 87
85 93
85 213
85 341
85 597
86 70
86 82
86 84
86 342
87 23
87 71
87 86
87 95
87 215
87 599
88 24
88 72
88 90
88 216
88 344
88 600
89 81
89 88
89 91
89 93
89 121
89 217
89 601
90 26
90 74
90 94
90 122
90 602
91 75
91 89
91 90
91 95
91 123
91 347
91 603
92 28
92 88
92 94
92 220
93 89
93 92
93 95
93 221
93 349
93 605
94 30
94 86
94 126
94 222
95 31
95 79
95 91
95 94
96 32
96 64
96 224
96 608
97 65
97 96
97 105
97 113
97 225
97 353
98 34
98 66
98 96
98 99
98 102
98 106
98 114
98 226
98 610
99 97
99 115
99 355
99 611
100 36
100 68
100 96
100 101
100 228
100 356
101 37
101 69
101 97
101 357
101 613
102 38
102 100
102 110
102 118
102 230
102 358
103 39
103 99
103 101
103 102
103 111
103 119
104 40
104 72
104 96
104 106
104 120
104 360
104 616
105 73
105 104
105 107
105 121
105 361
106 74
106 107
106 122
106 234
106 362
106 618
107 99
107 111
107 123
107 235
107 363
107 619
108 44
108 76
108 100
108 104
108 109
108 124
108 364
109 101
109 105
109 108
109 111
109 237
109 621
110 106
110 108
110 126
110 238
110 622
111 47
111 79
111 110
111 127
111 367
111 623
112 48
112 96
112 113
112 114
112 120
112 368
113 81
113 117
113 121
113 625
114 82
114 118
114 122
114 242
114 626
115 83
115 113
115 114
115 123
115 371
115 627
116 52
116 100
116 112
116 118
116 124
116 244
116 628
117 85
117 101
117 113
117 116
117 119
117 125
117 373
118 54
118 86
118 102
118 119
118 126
118 374
119 55
119 87
119 115
119 127
119 247
119 375
120 88
120 112
120 121
120 122
120 248
120 376
120 632
121 57
121 89
121 105
121 120
121 123
121 125
121 377
121 633
122 58
122 106
122 123
122 126
123 59
123 121
123 251
123 379
124 92
124 120
124 125
124 252
124 636
125 93
125 109
125 121
125 124
125 253
125 381
125 637
126 62
126 94
126 124
126 254
127 63
127 95
127 119
127 123
127 125
127 126
127 255
127 639
128 0
128 130
128 132
128 136
128 160
128 192
128 384
128 640
129 1
129 128
129 133
129 137
129 145
130 2
130 134
130 138
130 146
130 386
130 642
131 129
131 130
131 135
131 139
131 147
131 163
132 128
132 133
132 140
132 164
132 196
132 388
133 5
133 149
133 165
133 645
134 6
134 132
134 166
134 198
134 390
134 646
135 7
135 133
135 134
135 143
135 391
135 647
136 8
136 140
136 152
136 648
137 136
137 139
137 141
137 169
137 393
137 649
138 10
138 136
138 142
138 154
138 170
138 202
139 138
139 143
139 155
139 171
139 203
139 651
140 12
140 142
140 172
141 13
141 133
141 140
141 143
141 653
142 134
142 140
142 143
142 174
142 398
142 654
143 15
143 135
143 399
144 16
144 128
144 145
144 146
144 148
144 152
144 176
144 656
145 147
145 149
145 153
145 401
146 18
146 147
146 150
146 154
146 178
146 658
147 19
147 151
147 179
147 211
147 659
148 132
148 156
148 180
148 404
148 660
149 21
149 148
149 157
149 213
149 405
149 661
150 134
150 148
150 151
150 214
150 406
150 662
151 23
151 135
151 149
151 159
151 183
151 407
152 24
152 156
152 184
152 216
153 25
153 137
153 152
153 157
153 185
153 217
153 409
153 665
154 146
154 152
154 155
154 186
154 218
154 410
154 666
155 27
155 139
155 147
155 153
155 219
155 411
156 140
156 158
156 188
156 412
156 668
157 29
157 141
157 149
157 156
157 189
157 221
157 413
157 669
158 30
158 142
158 150
158 154
158 159
158 222
158 414
158 670
159 31
159 143
159 155
159 157
159 191
159 223
159 415
159 671
160 32
160 128
160 161
160 162
160 416
161 129
161 163
161 225
161 417
162 130
162 166
162 170
162 178
162 418
162 674
163 35
163 162
163 227
163 419
163 675
164 36
164 160
164 165
164 180
164 228
164 676
165 37
165 161
165 181
165 229
165 421
165 677
166 164
166 182
166 230
166 422
166 678
167 39
167 135
167 163
167 165
167 166
167 175
167 183
167 231
167 423
168 136
168 160
168 169
168 170
168 172
168 232
168 680
169 41
169 137
169 161
169 168
169 171
169 173
169 425
170 174
170 186
170 682
171 163
171 170
171 187
171 235
171 683
172 44
172 164
172 173
172 174
172 188
172 428
172 684
173 141
173 165
173 189
174 166
174 175
174 430
174 686
175 47
175 143
175 171
175 173
175 191
175 431
175 687
176 48
176 160
176 184
176 240
176 432
177 49
177 145
177 161
177 176
177 179
177 433
177 689
178 146
178 176
178 186
178 242
178 434
178 690
179 51
179 163
179 178
179 183
179 243
179 435
179 691
180 52
180 176
180 182
180 436
180 692
181 53
181 149
181 177
181 180
181 183
181 189
181 245
182 150
182 178
182 183
182 190
183 167
184 56
184 168
184 176
184 186
184 188
184 248
184 696
185 57
185 153
185 169
185 177
185 184
185 187
185 441
185 697
186 58
186 187
186 190
186 250
186 442
186 698
187 59
187 155
187 179
187 185
187 191
187 699
188 156
188 172
188 180
188 189
188 190
188 252
188 444
188 700
189 61
189 157
189 185
189 191
189 253
189 701
190 158
190 174
190 191
190 446
191 63
191 183
191 190
191 255
191 703
192 193
192 196
192 208
192 224
192 704
193 65
193 129
193 197
193 201
193 449
193 705
194 66
194 130
194 192
194 195
194 198
194 202
194 210
194 450
194 706
195 131
195 193
195 199
195 227
195 707
196 68
196 192
196 197
196 212
196 228
196 452
197 69
197 133
197 199
197 205
197 229
197 453
197 709
198 70
198 196
198 199
198 206
198 230
198 454
199 135
199 197
199 207
199 455
200 136
200 192
200 456
200 712
201 137
201 200
201 203
201 205
202 74
202 194
202 200
202 203
202 206
202 714
203 75
203 195
203 219
203 459
204 76
204 140
204 196
204 200
204 220
204 236
204 716
205 77
205 141
205 204
205 221
206 142
206 204
206 222
206 238
206 462
206 718
207 79
207 143
207 203
207 205
207 206
207 239
207 463
208 144
208 192
208 209
208 464
209 81
209 145
209 193
209 211
209 217
209 241
209 465
210 146
210 208
210 211
210 214
210 242
210 466
210 722
211 83
211 195
211 467
212 148
212 196
212 208
212 213
212 220
212 468
213 197
213 209
213 215
213 221
213 469
214 86
214 198
214 210
214 212
214 222
214 246
215 151
215 199
215 211
215 214
215 471
215 727
216 200
216 208
216 217
216 218
216 220
216 728
217 201
217 209
217 216
217 219
217 249
217 729
218 90
218 154
218 202
218 210
218 219
218 250
218 730
219 91
219 155
219 211
219 218
219 251
219 731
220 156
220 204
220 252
221 213
221 217
221 220
221 253
221 477
221 733
222 218
222 220
222 223
222 254
223 95
223 207
223 215
223 219
223 221
223 222
223 255
223 479
223 735
224 160
224 225
224 226
224 232
224 240
224 480
224 736
225 97
225 193
225 227
225 229
225 241
225 481
226 162
226 194
226 227
226 230
226 234
226 738
227 99
227 163
227 195
227 231
227 243
227 739
228 164
228 196
228 224
228 229
228 236
228 244
228 484
229 101
229 197
229 245
229 485
230 166
230 228
230 238
230 246
230 486
230 742
231 103
231 199
231 227
231 229
231 230
231 239
231 247
231 487
232 104
232 200
232 233
232 234
232 248
233 105
233 169
233 201
233 225
233 232
233 237
233 249
233 745
234 170
234 202
234 235
234 238
234 746
235 203
235 227
235 233
235 251
235 747
236 108
236 172
236 228
236 232
236 238
236 252
236 492
237 173
237 205
237 229
237 233
237 236
237 253
237 493
237 749
238 110
238 174
238 494
238 750
239 111
239 175
239 235
239 237
239 238
239 255
239 495
240 112
240 176
240 208
240 244
241 113
241 177
241 240
241 245
241 753
242 178
242 226
242 240
242 243
242 246
242 250
242 498
242 754
243 115
243 179
243 211
243 227
243 241
243 247
244 180
244 212
244 228
244 246
244 756
245 117
245 213
245 244
245 247
245 501
245 757
246 118
246 182
246 758
247 183
247 215
247 246
247 255
247 503
247 759
248 216
248 240
248 249
248 252
248 504
249 121
249 185
249 233
249 241
249 251
249 505
250 122
250 234
250 248
250 251
250 506
251 123
251 187
251 219
251 235
251 243
251 507
252 188
252 244
252 253
252 254
252 764
253 245
253 249
254 126
254 190
254 238
254 246
254 250
254 255
254 766
255 127
255 247
255 251
255 253
256 0
256 258
256 260
256 288
256 384
256 768
257 1
257 256
257 259
257 273
257 289
257 385
257 769
258 259
258 266
258 322
258 770
259 258
259 263
259 275
259 323
259 771
260 4
260 261
260 268
260 276
260 388
261 5
261 257
261 269
261 293
261 325
261 389
262 6
262 258
262 260
262 263
262 270
262 294
262 326
262 390
263 261
263 262
263 271
263 279
263 295
263 391
264 256
264 265
264 266
264 268
264 328
264 392
264 776
265 257
265 264
265 269
265 297
265 777
266 267
266 298
266 394
267 259
267 265
267 271
267 283
267 395
268 12
268 269
268 270
268 284
268 300
268 332
268 396
268 780
269 261
269 265
269 271
269 285
269 397
270 14
270 266
270 268
270 271
270 286
270 302
270 334
270 398
270 782
271 15
271 303
271 399
272 16
272 256
272 273
272 274
272 276
272 280
272 304
273 17
273 257
273 277
273 305
274 18
274 258
274 275
274 278
274 282
274 306
274 338
274 402
274 786
275 19
275 273
275 279
275 307
275 339
275 787
276 20
276 260
276 272
276 277
276 278
276 284
276 404
276 788
277 261
277 279
277 285
277 341
277 405
278 22
278 262
278 274
278 310
278 342
279 263
279 275
279 278
279 287
279 311
279 343
279 407
279 791
280 24
280 264
280 344
281 25
281 265
281 273
281 280
281 285
281 345
281 409
282 26
282 266
282 280
282 314
283 27
283 275
283 281
283 282
283 287
283 315
283 411
283 795
284 280
284 286
284 316
284 412
285 29
285 284
285 317
285 797
286 270
286 278
286 282
286 287
286 318
286 798
287 271
287 283
287 285
287 319
288 289
288 292
288 296
288 352
289 257
289 291
289 293
289 297
289 353
289 801
290 258
290 288
290 294
290 298
290 306
290 418
291 35
291 259
291 289
291 290
291 295
291 299
291 307
291 419
291 803
292 260
292 300
292 308
292 356
292 420
293 289
293 292
293 295
293 301
293 805
294 262
294 292
294 295
294 422
294 806
295 39
295 291
295 311
295 423
295 807
296 40
296 264
296 288
296 298
296 300
296 312
296 360
297 289
297 296
297 299
297 301
297 361
297 425
297 809
298 299
298 302
298 426
298 810
299 43
299 267
299 297
299 315
299 427
299 811
300 302
300 364
300 812
301 269
301 293
301 300
301 317
301 365
301 429
301 813
302 46
302 294
302 303
302 318
302 366
302 430
302 814
303 47
303 271
303 295
303 299
303 301
303 319
303 431
304 272
304 288
304 306
304 816
305 49
305 289
305 304
305 307
305 309
305 433
305 817
306 50
306 314
306 370
306 434
307 51
307 305
307 306
307 311
307 315
307 819
308 276
308 304
308 372
309 277
309 293
309 305
309 308
309 373
309 821
310 54
310 294
310 306
310 308
310 311
310 374
310 438
310 822
311 55
311 279
311 309
311 319
311 375
311 439
312 280
312 304
312 314
312 316
312 376
312 824
313 57
313 281
313 297
313 305
313 312
313 317
313 825
314 282
314 298
314 378
314 442
315 59
315 313
315 314
315 379
315 827
316 60
316 300
316 308
316 317
316 318
316 380
316 828
317 309
317 445
317 829
318 62
318 310
318 314
318 319
318 382
318 446
318 830
319 63
319 315
319 317
319 318
319 383
320 256
320 322
320 336
320 352
320 448
321 257
321 320
321 323
321 325
321 833
322 320
322 323
322 834
323 327
323 331
323 355
324 260
324 320
324 332
324 340
324 356
325 324
325 327
325 333
325 341
325 837
326 322
326 324
326 334
326 342
326 358
327 263
327 325
327 326
327 343
327 455
327 839
328 72
328 264
328 320
328 329
328 330
328 360
328 456
328 840
329 265
329 321
329 333
329 345
329 361
329 841
330 74
330 266
330 322
330 331
330 362
330 458
330 842
331 267
331 329
331 335
331 347
331 363
331 459
332 328
332 333
332 334
332 364
332 460
332 844
333 269
333 365
334 78
334 330
334 335
334 366
334 846
335 271
335 327
335 333
335 367
335 463
336 80
336 272
336 337
336 338
336 340
336 344
337 81
337 273
337 321
337 341
337 345
337 369
337 849
338 322
338 339
338 346
338 370
338 850
339 83
339 323
339 337
339 338
339 343
339 347
339 371
340 84
340 276
340 324
340 341
340 348
340 372
340 468
341 277
341 325
341 343
341 373
341 469
341 853
342 326
342 338
342 340
342 343
342 374
342 470
343 87
343 327
343 341
343 471
344 88
344 280
344 328
344 346
344 376
344 856
345 89
345 329
345 337
345 344
345 349
346 90
346 282
346 330
346 347
346 350
346 378
346 858
347 283
347 345
347 346
347 351
347 379
347 475
348 92
348 284
348 332
348 340
348 344
348 350
348 476
348 860
349 93
349 285
349 333
349 341
349 348
349 381
350 94
350 286
350 334
350 342
350 348
350 382
350 862
351 95
351 287
351 335
351 343
351 349
351 350
351 479
351 863
352 96
352 288
352 353
352 356
352 360
352 368
353 97
353 321
353 355
353 357
353 361
353 481
354 98
354 290
354 322
354 352
354 355
354 362
354 370
354 482
354 866
355 99
355 291
355 363
355 371
355 867
356 100
356 357
356 358
356 364
356 372
356 868
357 293
357 325
357 353
357 356
357 359
357 373
357 485
357 869
358 294
358 354
358 366
358 374
358 486
358 870
359 103
359 295
359 327
359 355
359 358
359 367
359 487
360 104
360 362
360 488
360 872
361 105
361 353
361 360
361 365
361 489
361 873
362 298
362 330
362 490
362 874
363 299
363 331
363 361
363 362
363 367
363 379
363 491
363 875
364 360
364 365
364 380
364 876
365 109
365 357
365 367
365 877
366 110
366 334
366 362
366 364
366 367
366 878
367 303
367 335
367 359
368 304
368 336
368 369
368 370
368 376
368 496
368 880
369 113
369 305
369 353
369 371
369 377
369 497
370 114
370 354
370 374
370 378
371 307
371 370
371 375
371 379
371 499
371 883
372 116
372 368
372 380
372 884
373 369
373 372
373 375
373 381
373 501
373 885
374 310
374 342
374 372
374 375
374 502
374 886
375 343
375 359
375 383
375 503
376 312
376 344
376 360
376 368
376 378
376 504
377 313
377 345
377 361
377 376
377 381
377 505
377 889
378 122
378 314
378 362
378 376
378 379
378 382
378 506
378 890
379 377
379 383
379 507
379 891
380 124
380 348
380 372
380 376
380 381
380 382
381 317
381 365
381 893
382 126
382 350
382 366
382 374
382 378
382 383
382 510
382 894
383 127
383 351
383 367
383 381
383 895
384 388
384 392
384 400
384 416
384 896
385 129
385 384
385 387
385 393
385 417
386 130
386 258
386 384
386 387
386 390
386 394
386 418
386 898
387 131
387 259
387 395
387 403
387 419
387 451
388 390
388 396
388 404
389 133
389 261
389 385
389 388
389 391
389 397
389 405
389 453
390 134
390 388
390 391
390 422
391 263
391 387
391 407
391 455
392 136
392 394
392 408
392 424
392 456
392 904
393 137
393 265
393 385
393 392
393 397
393 425
393 905
394 138
394 398
394 426
394 458
394 906
395 139
395 393
395 394
395 411
395 459
395 907
396 140
396 268
396 388
396 392
396 397
396 398
396 412
396 428
396 460
397 141
397 399
397 461
397 909
398 142
398 390
398 399
398 462
398 910
399 143
399 391
399 395
399 397
399 463
400 144
400 272
400 401
400 432
400 912
401 145
401 273
401 385
401 403
401 405
401 409
401 913
402 146
402 274
402 386
402 400
402 403
402 406
402 410
402 434
402 466
403 147
403 275
403 467
403 915
404 400
404 406
404 468
404 916
405 389
405 404
405 407
405 413
405 469
405 917
406 278
406 390
406 407
406 438
406 470
406 918
407 403
407 415
407 471
408 152
408 280
408 392
408 400
408 410
408 412
408 440
408 472
408 920
409 393
409 408
409 411
409 441
409 473
410 154
410 282
410 394
410 474
410 922
411 395
411 403
411 410
411 415
411 475
412 284
412 404
412 408
412 413
412 444
413 285
413 397
413 409
413 412
413 445
414 286
414 398
414 406
414 410
414 412
414 446
414 926
415 287
415 399
415 407
415 411
415 413
415 414
415 927
416 288
416 417
416 418
416 424
416 432
416 480
417 289
417 425
418 386
418 419
418 422
418 426
418 434
419 417
419 427
419 435
419 483
420 164
420 388
420 416
420 421
420 422
420 428
420 484
421 293
421 389
421 417
421 429
421 933
422 166
422 420
422 423
422 430
423 391
423 419
423 421
423 439
424 168
424 296
424 425
424 426
424 488
424 936
425 297
425 427
425 441
425 489
425 937
426 170
426 430
426 490
426 938
427 171
427 299
427 395
427 426
427 431
427 443
427 491
427 939
428 172
428 300
428 420
428 424
428 444
428 492
429 173
429 397
429 421
429 425
429 428
429 445
429 493
430 398
430 422
430 428
430 494
430 942
431 175
431 399
431 423
431 427
431 429
431 430
431 447
431 495
432 304
432 416
432 436
432 440
433 177
433 401
433 417
433 432
433 437
433 945
434 306
434 432
434 442
434 946
435 307
435 403
435 419
435 433
435 434
435 443
435 499
436 180
436 308
436 404
436 420
436 437
436 444
437 181
437 309
437 405
437 421
437 439
437 501
437 949
438 182
438 422
438 434
438 436
438 439
438 502
438 950
439 183
439 311
439 407
439 435
439 447
440 184
440 312
440 408
440 424
440 441
440 442
440 504
440 952
441 313
441 409
441 425
441 433
441 443
441 445
441 505
442 410
442 426
442 434
442 443
442 506
442 954
443 187
443 315
443 411
443 955
444 316
444 440
444 445
444 508
444 956
445 189
445 437
445 444
445 509
445 957
446 430
446 438
446 442
446 444
446 447
446 510
447 191
447 319
447 415
447 443
447 445
447 959
448 192
448 320
448 384
448 450
448 452
448 480
448 960
449 321
449 385
449 448
449 453
449 465
449 481
449 961
450 322
450 386
450 454
450 458
450 482
450 962
451 195
451 323
451 449
451 450
451 455
452 324
452 388
452 453
452 454
452 460
452 964
453 325
453 389
453 461
454 326
454 390
454 455
454 470
455 453
455 471
455 487
455 967
456 392
456 448
456 457
456 460
456 472
456 968
457 201
457 329
457 393
457 449
457 459
457 461
458 202
458 394
458 456
458 970
459 451
459 458
459 475
459 491
459 971
460 204
460 456
460 461
460 462
460 492
461 205
461 333
461 397
461 453
461 477
462 206
462 334
462 454
462 458
462 478
462 494
462 974
463 455
463 459
463 461
463 462
463 975
464 208
464 336
464 400
464 448
464 468
464 472
464 976
465 337
465 401
465 464
465 473
465 497
465 977
466 210
466 338
466 450
466 464
466 470
466 978
467 211
467 339
467 403
467 451
467 465
467 466
467 471
467 499
468 212
468 340
468 404
468 452
468 470
468 500
468 980
469 453
469 465
469 468
469 477
469 501
469 981
470 214
470 468
470 478
471 407
471 455
471 467
471 469
471 470
471 479
471 503
472 216
472 344
472 476
473 217
473 345
473 457
473 465
473 472
473 475
474 218
474 346
474 458
474 466
474 472
474 506
474 986
475 219
475 411
475 467
475 474
475 987
476 220
476 348
476 412
476 460
476 468
476 477
476 988
477 349
477 413
477 469
477 473
477 476
477 509
478 222
478 350
478 414
478 474
478 476
479 415
479 463
479 475
479 477
479 478
480 224
480 352
480 416
480 482
480 488
480 496
481 417
481 480
481 485
481 489
481 993
482 226
482 418
482 480
482 486
482 498
483 227
483 355
483 451
483 481
483 482
483 499
483 995
484 356
484 452
484 480
484 485
485 421
485 453
485 487
485 501
486 230
486 422
486 454
486 484
486 487
486 494
486 998
487 423
487 483
487 485
487 503
487 999
488 232
488 456
488 492
488 504
488 1000
489 233
489 457
489 488
489 493
489 505
489 1001
490 234
490 426
490 458
490 482
490 488
490 491
490 494
490 1002
491 235
491 427
491 483
491 489
491 495
492 364
492 484
492 493
492 494
492 508
493 365
493 461
493 485
493 1005
494 366
494 492
494 510
494 1006
495 239
495 367
495 431
495 463
495 487
495 493
495 494
495 511
495 1007
496 240
496 432
496 464
496 500
497 241
497 433
497 481
497 496
497 499
497 1009
498 370
498 434
498 466
498 496
498 499
498 502
498 506
498 1010
499 243
499 483
499 497
499 503
499 1011
500 244
500 372
500 436
500 484
500 502
500 508
500 1012
501 497
501 500
501 509
501 1013
502 246
502 470
502 486
502 510
503 439
503 487
503 499
503 501
503 502
504 440
504 472
504 496
504 505
504 506
504 1016
505 441
505 473
505 497
505 507
505 509
505 1017
506 490
506 507
506 510
506 1018
507 251
507 443
507 475
507 491
507 499
507 1019
508 252
508 380
508 444
508 476
508 492
508 500
508 504
508 510
508 1020
509 253
509 381
509 493
509 505
509 508
509 511
510 254
510 382
510 478
510 511
510 1022
511 255
511 383
511 447
511 479
511 503
511 507
512 0
512 513
512 520
513 1
513 517
513 529
513 577
513 641
513 769
514 512
514 518
514 522
514 530
514 578
514 642
514 770
515 513
515 514
515 519
515 531
515 547
515 643
516 4
516 512
516 518
516 580
516 644
516 772
517 5
517 516
517 549
517 773
518 6
518 516
518 519
518 534
518 582
518 646
518 774
519 7
519 517
519 647
519 775
520 8
520 524
520 552
520 648
521 9
521 513
521 520
521 523
521 525
521 553
521 649
521 777
522 10
522 520
522 526
523 11
523 515
523 521
523 522
523 527
523 587
523 651
523 779
524 516
524 526
524 540
524 556
524 588
524 652
525 13
525 517
525 521
525 524
525 527
525 541
525 653
525 781
526 518
526 527
526 542
526 782
527 15
527 519
527 543
527 559
527 655
528 16
528 512
528 536
528 560
528 592
529 528
529 531
529 533
529 537
529 593
529 657
530 514
530 528
530 531
530 534
530 562
530 594
530 786
531 19
531 530
531 535
531 539
531 595
531 659
531 787
532 20
532 516
532 528
532 533
532 564
532 660
532 788
533 517
533 532
533 535
533 541
533 597
533 661
533 789
534 22
534 530
534 532
534 566
534 598
534 662
534 790
535 23
535 519
535 531
535 533
535 534
535 567
535 599
535 791
536 520
536 528
536 537
536 538
536 540
536 600
536 664
537 521
537 541
537 569
537 601
537 665
538 26
538 522
538 530
538 539
538 666
538 794
539 523
539 537
539 571
539 603
539 667
540 532
540 541
540 604
540 668
540 796
541 669
541 797
542 534
542 538
542 540
542 543
542 574
542 606
542 798
543 31
543 535
543 539
543 541
543 542
543 575
543 607
543 671
543 799
544 32
544 512
544 546
544 548
544 552
544 560
544 608
544 800
545 33
545 513
545 544
545 553
545 561
545 609
545 673
545 801
546 514
546 547
546 550
546 554
546 610
546 674
547 515
547 545
547 551
547 555
547 611
548 516
548 550
548 564
548 612
548 804
549 545
549 548
549 551
549 613
549 677
549 805
550 518
550 551
550 566
550 678
550 806
551 519
551 547
551 549
551 559
551 615
551 679
551 807
552 40
552 520
552 553
552 554
552 680
553 557
553 617
553 809
554 42
554 522
554 552
554 555
554 558
554 570
554 810
555 43
555 523
555 553
555 554
555 571
555 683
555 811
556 548
556 552
556 684
556 812
557 525
557 549
557 553
557 556
557 621
557 813
558 526
558 550
558 554
558 556
558 559
558 574
559 555
559 557
559 558
559 575
559 623
559 687
560 48
560 528
560 564
560 568
560 688
560 816
561 49
561 529
561 545
561 560
561 569
561 625
561 689
561 817
562 50
562 546
562 560
562 566
562 570
562 690
563 531
563 547
563 561
563 562
563 567
563 571
564 52
564 548
564 566
564 820
565 53
565 533
565 549
565 561
565 564
565 629
565 693
565 821
566 54
566 564
566 567
566 694
567 551
567 565
567 631
567 695
567 823
568 536
568 552
568 569
568 572
569 57
569 553
569 573
569 633
569 697
569 825
570 538
570 568
570 571
570 634
570 826
571 555
571 569
571 635
571 699
571 827
572 60
572 540
572 556
572 564
572 574
572 636
573 61
573 541
573 557
573 565
573 572
573 637
573 829
574 62
574 542
574 566
574 570
574 575
574 638
574 702
574 830
575 543
575 567
575 571
575 573
575 831
576 512
576 577
576 584
576 704
577 579
577 581
577 593
577 705
577 833
578 514
578 576
578 579
578 582
578 594
578 610
578 706
578 834
579 67
579 515
579 578
579 587
579 595
579 611
579 707
579 835
580 68
580 516
580 576
580 588
580 596
581 69
581 517
581 580
581 583
581 597
581 613
581 837
582 70
582 580
582 590
582 598
582 614
582 838
583 71
583 519
583 579
583 581
583 582
583 615
583 711
583 839
584 520
584 588
584 712
585 73
585 521
585 577
585 584
585 601
585 617
585 713
586 74
586 522
586 578
586 584
586 590
586 602
586 618
587 523
587 585
587 586
587 619
587 843
588 76
588 604
588 620
588 716
588 844
589 77
589 525
589 581
589 585
589 588
589 591
589 605
589 845
590 526
590 588
590 606
590 846
591 79
591 527
591 583
591 587
591 589
591 590
591 607
591 623
592 576
592 596
592 624
592 848
593 81
593 592
593 595
593 597
593 601
593 849
594 82
594 530
594 592
594 626
595 83
595 531
595 593
595 594
595 599
595 603
595 723
595 851
596 84
596 532
596 598
596 628
597 596
597 599
597 629
597 725
598 86
598 534
598 594
598 599
598 854
599 583
599 631
599 855
600 584
600 592
600 602
600 632
600 728
601 537
601 585
601 600
601 603
601 729
601 857
602 90
602 538
602 594
602 603
602 730
603 91
603 587
603 602
603 607
603 635
603 731
603 859
604 92
604 540
604 596
604 600
604 605
604 606
604 732
604 860
605 541
605 597
605 601
605 604
605 607
605 637
606 94
606 598
606 602
606 638
607 95
607 599
607 606
607 735
608 544
608 576
608 609
608 612
608 616
608 624
608 864
609 97
609 545
609 577
609 611
609 613
609 617
609 865
610 608
610 611
610 614
610 618
610 626
610 738
611 547
611 627
611 739
611 867
612 100
612 548
612 580
612 614
612 740
613 101
613 549
613 612
613 621
613 629
613 741
613 869
614 102
614 550
614 610
614 615
614 622
614 742
614 870
615 103
615 611
615 613
615 623
615 743
616 552
616 584
616 620
616 632
616 744
616 872
617 105
617 553
617 609
617 616
617 619
617 621
617 633
618 554
618 616
618 619
618 634
618 746
619 555
619 611
619 618
619 623
619 635
619 747
620 108
620 556
620 588
620 612
620 622
620 636
621 557
621 589
621 617
621 620
621 623
621 637
621 749
621 877
622 558
622 590
622 618
622 638
622 878
623 615
623 622
623 639
624 112
624 560
624 632
624 752
624 880
625 593
625 609
625 624
625 627
625 629
625 633
625 881
626 562
626 624
626 754
626 882
627 563
627 595
627 625
627 626
627 631
627 883
628 564
628 612
628 624
628 756
629 117
629 565
629 628
629 631
629 637
630 118
630 566
630 598
630 614
630 626
630 628
630 638
630 758
630 886
631 119
631 615
631 627
631 630
632 120
632 568
632 633
632 634
632 636
632 888
633 569
633 601
634 122
634 602
634 626
634 638
634 890
635 123
635 619
635 627
635 633
635 634
635 763
635 891
636 604
636 628
636 632
636 764
637 629
637 633
637 636
637 639
637 765
637 893
638 126
638 636
638 639
639 127
639 575
639 607
639 631
639 635
639 638
639 767
639 895
640 512
640 641
640 642
640 644
640 648
640 656
640 704
641 129
641 645
641 649
641 657
642 130
642 674
642 898
643 131
643 641
643 642
643 647
643 659
643 707
644 132
644 645
644 646
644 652
644 660
645 517
645 647
645 653
645 661
646 642
646 647
646 654
646 662
646 678
647 655
647 663
647 711
648 136
648 520
648 652
648 664
648 680
648 712
649 641
649 648
649 651
649 665
649 681
649 905
650 138
650 522
650 642
650 648
650 651
650 654
651 643
651 683
652 140
652 654
652 908
653 649
653 652
653 669
653 685
653 717
653 909
654 526
654 650
654 686
654 718
654 910
655 143
655 651
655 653
655 654
655 671
655 719
655 911
656 528
656 657
656 660
656 664
656 688
656 720
656 912
657 145
657 529
657 659
657 665
657 689
657 721
657 913
658 146
658 530
658 642
658 656
658 659
658 662
658 666
658 722
658 914
659 657
659 658
659 667
659 691
659 723
660 724
661 657
661 660
661 663
661 693
661 725
661 917
662 660
662 663
662 694
662 918
663 151
663 535
663 659
663 695
663 727
664 152
664 656
664 665
664 696
665 153
665 697
665 729
666 538
666 650
666 658
666 664
666 698
666 730
667 155
667 651
667 665
667 666
667 671
667 731
668 540
668 652
668 660
668 664
668 669
668 670
668 924
669 661
669 665
669 671
669 701
669 925
670 542
670 654
670 662
670 666
670 668
670 671
670 702
670 926
671 159
671 655
671 663
671 669
671 670
671 703
671 927
672 160
672 544
672 640
672 673
672 676
672 680
672 928
673 161
673 641
673 675
673 737
674 546
674 672
674 675
674 682
674 690
674 930
675 547
675 643
675 691
675 931
676 164
676 548
676 644
676 678
676 692
676 740
676 932
677 165
677 645
677 673
677 676
677 685
677 741
677 933
678 674
678 679
678 686
678 694
678 934
679 167
679 647
679 675
679 677
679 678
679 687
679 695
679 743
679 935
680 168
680 682
680 684
680 936
681 169
681 553
681 673
681 680
681 685
681 697
681 745
681 937
682 170
682 554
682 650
682 686
682 746
683 675
683 681
683 682
683 699
683 939
684 172
684 652
684 676
684 685
684 686
684 748
685 173
685 557
685 749
685 941
686 558
686 684
686 702
687 655
687 683
687 685
687 686
687 703
688 176
688 656
688 672
688 689
688 690
688 692
688 752
689 673
689 691
689 693
689 753
689 945
690 658
690 674
690 946
691 563
691 689
691 690
692 564
692 660
692 693
692 694
692 700
692 756
692 948
693 181
693 661
693 677
693 689
693 949
694 182
694 566
694 662
694 690
694 692
694 695
694 702
695 183
695 567
695 691
695 693
695 694
695 759
695 951
696 568
696 664
696 680
696 688
696 697
696 698
696 952
697 569
697 681
697 689
697 696
697 699
697 701
697 761
697 953
698 570
698 682
698 690
698 702
698 762
698 954
699 667
699 691
699 698
699 703
699 763
700 572
700 668
700 684
700 692
700 696
700 701
701 573
701 669
701 685
701 693
701 700
702 190
702 700
702 703
703 575
703 695
703 701
703 767
703 959
704 640
704 705
704 712
704 720
704 736
705 577
705 641
705 707
705 709
705 721
705 737
705 961
706 194
706 642
706 704
706 714
706 962
707 643
707 706
707 711
707 715
707 723
707 739
707 963
708 196
708 580
708 644
708 704
708 716
708 724
708 740
708 964
709 581
709 645
709 705
709 708
709 725
710 198
710 582
710 646
710 706
710 708
711 199
711 647
711 709
711 710
711 719
711 727
711 743
711 967
712 584
712 714
712 716
712 728
712 968
713 201
713 585
713 649
713 705
713 712
713 717
713 729
713 969
714 202
714 586
714 650
714 715
714 718
714 730
714 746
715 203
715 587
715 651
715 707
715 713
715 731
715 747
715 971
716 652
716 708
716 712
716 717
716 748
716 972
717 205
717 589
717 709
717 719
717 733
717 749
718 590
718 710
718 714
718 716
718 719
718 750
719 207
719 591
719 655
719 711
719 715
719 717
719 735
719 751
720 208
720 592
720 721
720 722
720 724
720 752
721 209
721 593
721 725
721 729
721 753
721 977
722 594
722 706
722 730
723 211
723 659
723 721
723 722
723 731
723 755
723 979
724 212
724 596
724 720
724 726
724 732
724 756
725 213
725 661
725 709
725 724
725 733
725 981
726 214
726 598
726 662
726 710
726 722
726 724
726 727
726 734
726 758
726 982
727 215
727 599
727 663
727 723
727 725
727 726
727 735
728 664
728 720
728 730
728 732
728 760
728 984
729 665
729 728
729 985
730 714
730 728
730 731
730 734
730 762
730 986
731 715
731 729
731 735
731 987
732 220
732 668
732 716
732 733
732 764
733 605
733 669
733 729
733 735
733 765
733 989
734 222
734 606
734 670
734 718
734 732
734 766
734 990
735 223
735 671
735 734
735 991
736 608
736 672
736 738
736 744
736 752
737 225
737 609
737 736
737 741
737 745
738 226
738 674
738 706
738 742
739 675
739 737
739 738
739 755
739 995
740 228
740 736
740 741
740 742
740 748
740 756
741 229
741 613
741 709
741 743
741 749
741 757
742 678
742 710
742 740
742 998
743 231
743 711
743 739
743 742
743 999
744 232
744 680
744 712
744 745
744 746
744 748
745 233
745 617
745 713
745 747
745 749
745 761
745 1001
746 714
746 738
746 744
746 750
746 1002
747 235
747 619
747 683
747 739
747 746
747 763
748 236
748 620
748 749
749 741
749 745
749 751
749 765
750 622
750 686
750 742
750 746
750 748
750 751
750 1006
751 239
751 623
751 687
751 743
751 747
751 749
751 767
752 240
752 688
752 753
752 756
752 760
752 1008
753 241
753 625
753 737
753 752
753 1009
754 690
754 722
754 738
754 752
754 755
754 762
754 1010
755 243
755 627
755 691
755 753
755 1011
756 244
756 740
756 1012
757 629
757 693
757 725
757 753
757 756
757 765
757 1013
758 246
758 630
758 694
758 742
758 754
758 756
758 759
758 766
759 631
759 727
759 743
759 755
759 757
759 758
759 1015
760 248
760 632
760 696
760 744
760 761
760 762
761 249
761 633
761 729
761 753
761 765
762 250
762 634
762 746
762 754
762 766
762 1018
763 251
763 731
763 747
763 755
763 761
763 762
763 1019
764 700
764 748
764 756
764 760
764 765
764 766
764 1020
765 253
765 701
765 764
765 767
765 1021
766 254
766 638
766 702
766 750
766 767
766 1022
767 255
767 703
767 735
767 751
767 759
767 763
768 512
768 770
768 772
768 776
768 896
769 768
769 771
769 773
769 801
770 768
770 771
770 786
770 834
771 515
771 770
771 787
771 803
771 835
772 260
772 516
772 768
772 774
772 780
772 788
772 804
772 900
773 261
773 772
773 775
773 837
773 901
774 262
774 518
774 770
774 775
774 782
774 902
775 263
775 771
775 807
775 839
775 903
776 520
776 780
776 792
776 808
776 904
777 265
777 769
777 776
777 779
777 781
778 266
778 522
778 770
778 776
778 779
778 794
778 810
779 267
779 771
779 777
779 783
780 524
780 781
780 796
780 844
781 269
781 773
781 783
781 797
781 845
782 774
782 778
782 780
782 798
782 814
783 271
783 527
783 775
783 782
783 847
784 272
784 528
784 768
784 785
784 786
784 792
784 816
784 848
784 912
785 273
785 529
785 769
785 787
785 789
785 817
785 849
786 790
786 794
786 818
787 771
787 786
787 795
787 819
787 915
788 784
788 790
788 796
788 820
788 852
788 916
789 277
789 773
789 788
789 791
789 821
789 853
789 917
790 278
790 774
790 791
790 822
790 854
791 775
791 787
791 919
792 280
792 536
792 784
792 793
792 856
792 920
793 281
793 537
793 777
793 785
793 792
793 795
793 825
793 921
794 282
794 778
794 792
794 826
794 858
795 539
795 779
795 794
795 799
795 827
795 923
796 284
796 792
796 798
796 860
796 924
797 789
797 793
797 796
798 542
798 790
798 794
798 799
798 830
798 926
799 287
799 543
799 783
799 791
799 797
799 831
799 927
800 288
800 768
800 804
800 808
800 816
800 864
800 928
801 800
801 803
801 805
801 817
801 865
802 290
802 546
802 770
802 800
802 806
803 547
803 802
803 811
803 867
803 931
804 292
804 820
805 293
805 549
805 773
805 801
805 804
805 807
805 869
805 933
806 774
806 802
806 804
806 870
806 934
807 295
807 551
807 775
807 803
807 806
807 815
807 871
808 296
808 552
808 809
808 810
808 812
808 824
809 777
809 801
809 825
809 873
809 937
810 554
810 802
810 811
810 814
810 826
810 874
811 779
811 803
811 809
811 810
811 815
811 827
811 875
811 939
812 300
812 780
812 804
812 808
812 813
813 781
813 805
813 809
813 815
813 877
814 302
814 558
814 806
814 812
814 815
814 878
815 303
815 559
815 783
815 807
815 814
815 831
815 879
816 560
816 784
816 820
816 824
816 880
817 305
817 801
817 816
817 819
817 821
817 881
817 945
818 306
818 562
818 786
818 802
818 816
818 819
818 946
819 563
819 803
819 947
820 308
820 828
820 884
821 805
821 820
821 949
822 566
822 806
822 818
822 820
822 886
823 311
823 567
823 791
823 807
823 819
823 821
823 822
823 831
823 887
823 951
824 568
824 792
824 816
824 888
824 952
825 313
825 817
825 824
825 829
825 889
825 953
826 314
826 570
826 810
826 818
826 824
826 890
827 315
827 795
827 819
827 825
827 826
828 572
828 796
828 812
828 824
828 829
828 830
828 892
828 956
829 573
829 797
829 813
829 821
829 825
829 893
830 318
830 574
830 814
830 822
830 826
830 958
831 319
831 575
831 799
831 827
831 829
831 830
831 959
832 320
832 576
832 768
832 833
832 960
833 577
833 769
833 832
833 837
833 849
833 865
834 770
834 832
834 838
834 842
834 866
834 962
835 323
835 579
835 771
835 833
835 834
835 843
835 851
835 867
835 963
836 324
836 580
836 772
836 832
836 837
836 852
836 868
836 964
837 839
838 326
838 774
838 836
838 839
838 846
838 854
838 870
839 835
839 847
839 855
839 967
840 584
840 776
840 832
840 841
840 842
840 844
840 856
840 968
841 329
841 585
841 777
841 833
841 845
841 857
842 586
842 778
842 846
843 331
843 587
843 779
843 841
843 842
843 847
843 859
843 875
844 780
844 836
844 840
844 846
844 860
844 876
844 972
845 333
845 781
845 837
845 844
845 847
845 877
845 973
846 782
846 838
846 842
846 862
846 878
846 974
847 335
847 591
847 845
847 846
847 879
847 975
848 336
848 592
848 784
848 832
848 852
848 856
849 593
849 833
849 848
849 851
849 977
850 594
850 786
850 834
850 848
850 851
850 882
850 978
851 339
851 787
851 855
851 859
851 883
852 340
852 596
852 854
852 860
852 980
853 597
853 837
853 849
853 852
853 855
853 861
853 885
853 981
854 342
854 838
854 850
854 855
854 886
855 343
855 599
855 791
855 983
856 344
856 600
856 857
857 345
857 793
857 849
857 889
857 985
858 602
858 842
858 850
858 856
858 986
859 347
859 603
859 795
859 857
859 858
859 863
859 891
859 987
860 348
860 844
860 852
860 856
860 861
860 892
861 349
861 605
861 797
861 845
861 857
861 863
861 893
862 606
862 798
862 854
862 858
862 860
862 863
862 894
862 990
863 607
863 799
863 847
863 855
863 862
863 895
863 991
864 352
864 832
864 865
864 866
864 868
864 872
864 880
864 992
865 353
865 801
865 864
866 354
866 610
866 802
866 874
866 882
867 835
867 865
867 866
867 871
867 875
867 995
868 612
868 804
868 869
868 876
868 884
868 996
869 613
869 805
869 837
869 865
869 868
869 871
869 877
869 885
869 997
870 358
870 614
870 838
870 866
870 868
870 878
870 886
871 359
871 615
871 839
871 870
871 879
871 999
872 808
872 840
872 864
872 876
872 1000
873 617
873 841
873 865
873 872
873 875
873 1001
874 362
874 618
874 810
874 842
874 872
874 878
874 890
875 619
875 874
875 891
876 620
876 812
876 872
876 877
876 878
876 892
877 873
877 876
877 879
877 893
877 1005
878 622
878 846
879 367
879 623
879 875
879 878
879 1007
880 816
880 848
880 884
880 1008
881 369
881 849
881 865
881 880
881 883
881 889
881 1009
882 370
882 818
882 880
882 883
882 886
882 890
883 819
883 867
883 881
883 891
883 1011
884 372
884 628
884 852
884 885
884 886
884 892
885 629
885 821
885 881
885 887
886 630
886 822
886 887
886 894
887 375
887 631
887 855
887 871
887 883
887 886
887 895
888 376
888 824
888 856
888 872
888 880
888 889
888 890
889 633
889 857
889 873
889 891
889 893
890 858
890 891
890 894
891 379
891 827
891 883
891 890
891 895
891 1019
892 380
892 636
892 888
892 893
893 381
893 861
893 885
893 895
893 1021
894 382
894 638
894 830
894 878
894 892
894 1022
895 639
895 831
895 879
895 891
895 894
896 384
896 640
896 768
896 897
896 898
896 912
896 928
897 385
897 641
897 769
897 899
897 901
897 905
897 913
897 961
898 386
898 642
898 770
898 902
898 906
898 930
898 962
899 387
899 643
899 771
899 898
899 903
899 931
900 388
900 644
900 896
900 902
900 916
901 389
901 645
901 897
901 900
901 903
901 909
901 965
902 390
902 646
902 774
902 903
902 934
903 391
903 647
903 919
904 648
904 896
904 905
904 906
904 908
904 936
904 968
905 777
905 921
905 937
905 969
906 650
906 778
906 922
906 938
907 651
907 779
907 899
907 905
907 906
907 923
908 396
908 780
908 900
908 909
908 940
908 972
909 397
909 653
909 781
909 901
909 905
909 908
909 911
909 973
910 654
910 782
910 902
910 906
910 908
910 911
910 942
910 974
911 399
911 783
911 903
911 907
911 975
912 656
912 913
912 914
912 920
912 944
912 976
913 785
913 915
913 945
913 977
914 402
914 786
914 898
914 912
914 918
914 922
914 946
914 978
915 659
915 899
915 914
915 919
915 947
916 660
916 900
916 912
916 917
916 918
916 924
916 948
917 901
917 913
917 919
917 925
917 949
918 406
918 790
918 902
918 914
918 916
918 982
919 407
919 663
919 918
919 983
920 664
920 904
920 921
920 952
920 984
921 409
921 665
921 913
921 920
921 985
922 666
922 794
922 920
922 923
922 926
922 986
923 411
923 667
923 915
923 921
923 922
923 927
923 987
924 412
924 908
924 920
924 925
924 926
924 956
925 413
925 797
925 909
925 917
925 921
925 924
925 927
925 989
926 414
926 910
926 918
926 922
926 990
927 799
927 911
927 919
927 925
927 926
927 959
928 416
928 672
928 800
928 930
928 936
929 417
929 673
929 801
929 897
929 928
929 937
929 993
930 418
930 802
930 928
930 934
930 938
930 946
931 419
931 803
931 929
931 930
931 935
931 939
931 947
931 995
932 420
932 676
932 804
932 900
932 928
932 933
932 934
932 940
932 948
932 996
933 805
933 901
933 929
933 935
933 949
934 422
934 902
934 935
934 950
934 998
935 423
935 679
935 807
935 903
935 943
935 999
936 808
936 938
936 1000
937 936
937 939
937 941
938 682
938 810
938 906
938 936
938 939
938 942
938 954
938 1002
939 683
939 907
939 938
939 955
939 1003
940 428
940 684
940 812
940 936
940 956
940 1004
941 429
941 813
941 909
941 933
941 937
941 940
941 943
941 957
942 686
942 814
942 934
942 940
943 431
943 687
943 815
943 911
943 939
943 942
943 959
944 432
944 688
944 816
944 912
944 928
944 945
944 946
944 948
944 952
945 817
945 913
945 929
945 947
945 949
946 690
946 950
947 435
947 691
947 946
948 436
948 820
948 944
948 950
948 956
948 1012
949 917
949 948
949 951
950 438
950 694
950 822
950 918
950 946
950 958
950 1014
951 439
951 919
951 935
951 947
951 950
952 440
952 936
952 944
952 953
952 956
953 441
953 825
953 921
953 937
953 945
953 955
953 957
953 1017
954 826
954 922
954 946
954 952
954 955
955 699
955 827
955 923
955 947
955 954
955 959
955 1019
956 700
956 924
956 948
956 957
956 958
957 701
957 829
957 925
957 949
957 956
957 959
957 1021
958 446
958 702
958 830
958 926
958 942
958 954
958 956
958 1022
959 951
959 958
959 1023
960 704
960 832
960 896
960 976
961 833
961 960
961 963
961 965
961 993
962 960
962 963
962 970
962 978
963 451
963 899
963 967
963 995
964 900
964 960
964 966
964 972
964 980
965 453
965 709
965 837
965 964
965 967
965 973
965 981
966 454
966 710
966 838
966 902
966 962
966 974
966 982
966 998
967 903
967 966
967 983
968 456
968 960
968 970
968 972
968 984
968 1000
969 457
969 713
969 841
969 905
969 961
969 968
969 971
969 973
969 985
970 458
970 714
970 842
970 906
970 971
970 974
971 715
971 843
971 907
971 963
971 969
971 970
971 975
971 987
971 1003
972 460
972 973
972 1004
973 461
973 717
973 909
973 969
973 1005
974 718
974 910
974 972
974 975
974 990
975 719
975 967
975 973
975 974
975 991
975 1007
976 720
976 848
976 912
976 977
976 978
976 984
976 1008
977 961
977 985
978 466
978 722
978 850
979 467
979 851
979 915
979 963
979 977
979 978
979 987
979 1011
980 724
980 916
980 964
980 976
980 981
980 982
980 988
980 1012
981 725
981 853
981 917
981 977
981 980
981 989
981 1013
982 470
982 854
982 918
982 978
982 990
983 471
983 727
983 967
983 979
983 981
983 982
984 472
984 728
984 856
984 968
984 976
984 986
984 988
984 1016
985 473
985 729
985 984
985 989
986 730
986 970
986 978
986 984
986 990
986 1018
987 731
987 923
987 985
987 986
987 1019
988 732
988 860
988 924
988 972
988 990
988 1020
989 477
989 861
989 973
989 988
990 478
990 862
990 982
990 988
990 991
990 1022
991 479
991 863
991 927
991 975
991 983
991 987
991 989
991 990
991 1023
992 480
992 736
992 864
992 928
992 960
992 993
992 994
992 996
992 1000
993 737
993 865
993 961
993 997
993 1001
994 482
994 738
994 866
994 930
994 962
994 992
994 1002
995 483
995 931
995 993
995 994
995 999
996 484
996 740
996 932
996 964
996 998
996 1012
997 485
997 741
997 869
997 933
997 965
997 996
997 999
997 1013
998 870
998 994
998 996
998 999
999 743
999 967
999 1015
1000 744
1000 968
1000 1001
1000 1004
1000 1016
1001 873
1001 937
1001 969
1001 1003
1001 1005
1002 746
1002 874
1002 970
1002 1000
1002 1003
1003 491
1003 747
1003 875
1003 995
1003 1002
1003 1007
1004 492
1004 748
1004 876
1004 972
1004 996
1004 1000
1004 1006
1004 1020
1005 749
1005 941
1005 997
1005 1001
1005 1004
1005 1007
1006 494
1006 750
1006 878
1006 942
1006 974
1006 998
1006 1002
1007 495
1007 751
1007 943
1007 999
1007 1006
1008 496
1008 880
1008 944
1008 992
1008 1009
1008 1010
1008 1012
1008 1016
1009 945
1009 977
1009 993
1009 1008
1009 1011
1009 1013
1009 1017
1010 882
1010 946
1010 978
1010 994
1010 1011
1010 1014
1010 1018
1011 499
1011 947
1011 995
1011 1010
1011 1015
1012 884
1012 1013
1012 1020
1013 501
1013 885
1013 949
1013 981
1013 1012
1013 1015
1014 502
1014 758
1014 886
1014 982
1014 998
1014 1012
1014 1015
1014 1022
1015 503
1015 887
1015 951
1015 983
1015 999
1016 760
1016 888
1016 952
1016 1008
1016 1017
1016 1020
1017 761
1017 889
1017 985
1017 1001
1017 1016
1018 890
1018 954
1018 1002
1018 1016
1018 1019
1018 1022
1019 891
1019 955
1019 1003
1019 1011
1019 1017
1020 892
1020 956
1021 509
1021 765
1021 989
1021 1005
1021 1013
1021 1017
1021 1020
1022 894
1022 990
1022 1006
1022 1020
1022 1023
1023 511
1023 767
1023 895
1023 959
1023 1007
1023 1015
1023 1019
1023 1021
1023 1022
0 15 22 24 38 51 56 61 74 83 99 101 108 109 117 126 132 137 146 149 161 169 174 190 191 196 199 202 217 220 240 242 255 259 261 268 274 283 286 298 300 305 326 329 336 349 352 367 374 379 396 402 409 416 423 436 443 449 458 471 479 486 493 499 500 504 513 514 520 524 529 551 555 559 564 570 577 587 596 607 616 622 626 633 643 656 667 670 673 674 695 701 714 717 726 740 744 747 759 760 774 788 791 797 800 809 810 816 823 831 838 839 841 856 858 867 869 892 901 902 907 911 920 940 946 957 960 972 977 979 981 995 1003 1009 1022
