64 288 8
0 1
0 8
0 16
1 2
1 3
1 5
1 9
1 17
2 0
2 10
2 14
2 18
3 0
3 2
3 7
3 11
4 0
4 5
4 7
5 9
5 21
5 53
6 2
6 4
6 5
6 22
6 38
6 54
7 5
7 6
7 11
7 39
8 4
8 9
8 10
8 11
8 40
9 10
9 13
9 41
10 6
10 11
10 14
10 26
10 42
11 9
11 27
11 43
11 59
12 0
12 4
12 8
12 13
12 15
12 44
12 60
13 1
13 5
13 14
13 15
13 29
13 45
14 6
14 12
14 30
14 62
15 3
15 7
15 11
15 14
15 63
16 18
16 28
16 48
17 16
17 18
17 19
17 33
18 22
18 34
19 3
19 16
19 18
20 4
20 16
20 22
20 24
20 28
20 36
20 52
21 17
21 20
21 25
21 29
21 37
21 53
22 21
22 26
22 54
23 7
23 19
23 20
23 21
23 22
23 31
23 39
23 55
24 8
24 16
24 25
24 26
24 28
25 9
25 17
26 18
26 25
26 30
26 42
27 19
27 23
27 24
27 25
27 26
27 43
27 59
28 12
28 31
28 44
28 60
29 17
29 25
29 28
29 30
29 31
29 61
30 18
30 22
30 28
30 31
30 46
30 62
31 15
31 19
31 27
31 47
32 0
32 16
32 33
32 35
32 36
32 44
33 1
33 35
33 41
33 45
33 49
34 2
34 32
34 33
34 42
34 46
34 50
35 3
35 19
35 34
35 39
35 43
36 4
36 38
36 40
37 5
37 33
37 36
37 38
37 45
37 53
38 22
38 34
38 42
38 54
39 36
39 37
39 38
39 43
39 55
40 24
40 32
40 42
40 43
40 56
41 25
41 37
41 40
41 43
41 45
42 41
42 46
43 42
43 47
43 59
44 36
44 40
44 47
45 29
45 44
45 47
45 61
46 14
46 38
46 44
46 45
47 15
47 35
47 39
47 46
47 63
48 0
48 32
48 49
48 50
48 51
49 1
49 17
49 51
49 53
50 2
50 18
50 49
50 54
50 58
51 3
51 19
51 35
51 50
51 59
52 4
52 36
52 48
52 53
53 55
54 52
54 53
54 58
55 7
55 51
55 52
55 54
55 59
56 8
56 24
56 48
56 52
56 57
57 9
57 25
57 41
57 49
57 53
58 10
58 26
58 42
58 56
58 57
58 59
59 56
59 57
60 44
60 48
60 52
60 56
60 61
60 62
60 63
61 13
61 49
61 53
61 57
61 62
61 63
62 46
62 50
62 54
62 58
63 31
63 51
63 55
63 59
63 62
0 15 19 28 37 42 54 57
