125 750 13
0 1
0 10
0 15
0 75
1 2
1 3
1 4
1 11
1 16
1 21
1 51
1 76
2 0
2 4
2 7
2 17
2 22
2 52
2 102
3 0
3 2
3 8
3 53
3 103
4 0
4 3
4 9
4 14
4 19
4 24
4 29
5 0
5 6
5 9
5 10
5 15
5 30
5 80
5 105
6 1
6 8
6 16
6 81
7 5
7 6
7 8
7 9
7 17
7 57
8 5
8 9
8 13
8 33
8 58
8 83
8 108
9 6
9 19
9 24
10 11
10 13
10 14
10 60
11 6
11 13
11 36
12 2
12 7
12 10
12 11
12 22
12 62
13 3
13 12
13 38
13 63
13 113
14 9
14 11
14 12
14 13
14 19
14 24
14 39
14 89
15 10
15 16
15 18
15 40
15 65
15 90
15 115
16 11
16 17
16 21
16 41
16 91
17 12
17 15
17 22
17 92
17 117
18 3
18 8
18 13
18 16
18 17
18 43
18 118
19 15
19 16
19 17
19 18
19 94
20 0
20 5
20 10
20 15
20 21
20 24
20 45
20 70
20 95
21 6
21 11
21 22
21 71
21 96
21 121
22 7
22 20
22 23
22 47
22 122
23 3
23 8
23 13
23 18
23 20
23 21
23 24
23 48
23 98
23 123
24 19
24 21
24 22
24 49
24 74
24 99
25 0
25 26
25 27
25 28
25 29
25 30
25 35
25 40
25 50
26 1
26 31
26 36
26 76
27 2
27 26
27 28
27 47
28 3
28 26
28 38
28 78
29 26
29 27
29 28
29 34
29 39
29 49
29 104
30 35
30 40
30 55
30 105
31 6
31 30
31 32
31 33
31 36
31 41
31 46
32 7
32 27
32 30
32 33
32 34
32 37
32 42
32 57
32 107
33 28
33 30
33 58
33 83
33 108
34 9
34 30
34 31
34 33
34 39
34 49
34 84
34 109
35 10
35 38
35 39
35 40
35 45
35 60
35 110
36 35
36 39
36 41
36 46
36 86
37 12
37 27
37 35
37 36
38 33
38 36
38 37
38 39
38 43
38 48
38 63
39 37
39 44
39 49
39 64
39 89
39 114
40 41
40 42
40 43
40 65
41 26
41 42
41 66
41 116
42 17
42 27
42 37
42 43
42 44
42 67
42 117
43 28
43 33
43 41
43 44
43 93
43 118
44 19
44 29
44 34
44 40
44 41
44 49
44 94
44 119
45 25
45 30
45 40
45 49
45 95
45 120
46 21
46 26
46 41
46 45
46 47
46 48
46 49
46 71
46 96
47 32
47 37
47 42
47 45
47 48
47 97
47 122
48 28
48 33
48 43
48 45
48 73
49 47
49 48
49 74
49 99
50 0
50 55
50 60
50 65
50 70
50 75
51 26
51 50
51 54
51 56
51 71
51 101
52 27
52 50
52 51
52 57
52 62
52 67
52 77
53 28
53 50
53 51
53 52
53 58
53 73
53 103
54 4
54 29
54 50
54 52
54 53
54 59
54 64
54 69
55 5
55 56
55 59
55 80
56 6
56 31
56 61
56 71
56 81
57 55
57 56
57 82
58 55
58 56
58 57
58 63
58 73
58 83
58 108
59 9
59 34
59 56
59 57
59 58
59 74
59 84
59 109
60 55
60 61
60 63
60 64
60 65
60 70
60 85
60 110
61 11
61 36
61 51
61 63
61 64
61 86
61 111
62 37
62 57
62 60
62 61
62 63
62 67
62 72
62 87
63 53
63 68
63 113
64 14
64 59
64 62
64 63
64 74
65 55
65 115
66 16
66 51
66 56
66 61
66 65
66 68
66 71
67 17
67 57
67 65
67 66
67 68
67 72
67 117
68 18
68 43
68 53
68 58
68 65
69 19
69 44
69 59
69 64
69 65
69 66
69 67
69 68
69 119
70 45
70 55
70 65
70 71
70 74
70 95
70 120
71 61
71 73
71 74
72 22
72 47
72 52
72 57
72 70
72 71
72 73
72 74
73 23
73 63
73 68
73 70
73 74
73 98
73 123
74 54
74 69
74 124
75 25
75 76
75 77
75 79
75 80
75 95
75 100
76 51
76 79
76 81
76 86
76 91
76 96
77 2
77 27
77 76
77 82
77 87
77 92
77 97
77 102
78 3
78 53
78 75
78 76
78 77
78 83
78 93
78 98
79 4
79 29
79 54
79 77
79 78
79 89
79 94
79 99
80 30
80 83
80 84
80 85
80 90
81 31
81 80
81 82
81 83
81 84
81 86
81 106
82 7
82 32
82 80
82 83
82 92
83 84
83 88
83 98
84 9
84 79
84 82
84 89
84 94
84 99
85 10
85 35
85 75
85 88
85 90
85 95
86 11
86 85
86 89
86 91
86 96
87 12
87 37
87 82
87 85
87 86
87 97
87 112
88 13
88 38
88 63
88 78
88 86
88 87
89 64
89 85
89 87
89 88
89 94
90 40
90 65
90 75
90 91
90 115
91 41
91 66
91 81
91 92
91 93
91 94
91 116
92 42
92 67
92 87
92 90
92 93
92 94
92 97
92 117
93 18
93 68
93 83
93 88
93 90
94 69
94 90
94 93
95 80
95 90
96 71
96 81
96 91
96 95
96 99
97 22
97 72
97 82
97 95
97 96
98 48
98 88
98 93
98 95
98 96
98 97
98 99
98 123
99 74
99 89
99 94
99 95
99 97
99 124
100 0
100 25
100 50
100 103
100 104
100 115
100 120
101 1
101 26
101 76
101 100
101 102
101 103
101 111
101 121
102 27
102 52
102 100
102 104
102 107
102 122
103 28
103 78
103 102
103 104
103 108
103 123
104 4
104 54
104 79
104 101
104 114
105 55
105 80
105 100
105 107
105 109
105 110
105 120
106 6
106 31
106 56
106 101
106 105
106 107
106 108
106 109
107 7
107 57
107 82
107 108
107 109
107 112
107 122
108 83
108 105
108 109
108 113
108 118
108 123
109 9
109 84
109 104
109 119
109 124
110 10
110 85
110 100
110 113
110 114
110 115
111 11
111 36
111 86
111 106
111 110
112 12
112 37
112 62
112 102
112 110
112 111
112 114
112 117
113 38
113 88
113 103
113 111
113 112
113 114
113 118
114 14
114 64
114 89
114 109
114 111
114 119
114 124
115 40
115 105
115 119
116 16
116 66
116 101
116 106
116 111
116 115
116 117
116 118
116 119
116 121
117 102
117 107
117 115
117 118
117 119
117 122
118 68
118 93
118 103
118 115
118 119
119 19
119 94
119 104
120 20
120 95
120 110
120 115
120 122
120 123
120 124
121 46
121 71
121 96
121 106
121 111
121 120
121 124
122 72
122 97
122 112
122 121
122 123
123 48
123 113
123 118
123 121
124 24
124 49
124 104
124 119
124 122
124 123
2 11 19 30 48 51 64 67 83 95 104 112 116
