243 1215 27
0 1
0 9
0 18
0 27
0 54
0 81
0 162
1 2
1 4
1 10
1 28
1 82
1 163
2 0
2 11
2 29
3 0
3 5
3 12
3 57
4 3
4 5
4 7
4 13
4 58
4 166
5 2
5 14
5 32
5 86
6 0
6 3
6 7
6 8
6 33
6 87
7 1
7 16
7 34
7 61
7 88
7 169
8 2
8 5
8 7
8 62
8 89
8 170
9 10
9 12
9 18
10 11
10 13
10 16
10 19
10 37
10 91
10 172
11 9
11 17
11 20
12 15
12 174
13 12
13 94
14 11
14 12
14 13
14 41
14 68
15 6
15 9
15 16
15 69
15 96
15 177
16 13
16 43
16 70
17 8
17 14
17 15
17 16
17 44
17 98
18 19
18 20
18 21
18 45
18 72
19 1
19 20
19 46
20 2
20 23
20 26
20 74
21 3
21 12
21 22
21 23
21 48
21 75
22 4
22 13
22 19
22 23
22 49
22 76
22 103
22 184
23 5
23 14
23 26
23 77
23 185
24 6
24 15
24 18
24 21
24 25
24 26
24 51
24 105
25 7
25 16
25 19
25 22
25 106
26 8
26 17
26 25
27 36
27 54
27 108
27 189
28 27
28 37
28 46
28 109
29 27
29 28
29 32
29 35
29 110
29 191
30 3
30 27
30 31
30 32
30 39
30 48
30 192
31 4
31 28
31 49
31 58
31 112
32 31
32 50
32 194
33 27
33 30
33 34
33 42
33 60
33 114
34 28
34 31
34 35
34 61
34 115
34 196
35 8
35 32
35 33
35 44
35 62
35 116
36 9
36 38
36 63
36 198
37 36
37 38
37 118
37 199
38 11
38 29
38 44
38 47
38 200
39 12
39 36
39 40
39 41
39 201
40 13
40 31
40 37
40 41
40 43
40 49
40 67
40 202
41 32
41 38
41 50
41 68
41 122
41 203
42 15
42 36
42 39
42 43
42 51
42 69
42 123
43 34
43 37
43 52
43 70
43 124
43 205
44 41
44 42
44 43
44 125
45 27
45 36
45 46
45 47
45 48
45 51
45 72
45 126
45 207
46 37
46 47
46 49
46 52
46 127
46 208
47 20
47 29
47 50
47 53
48 39
48 49
48 51
48 75
49 76
49 130
49 211
50 23
50 48
50 49
50 77
50 131
50 212
51 33
51 52
51 78
51 213
52 25
52 34
52 49
52 53
53 26
53 35
53 44
53 50
53 51
53 134
53 215
54 55
54 63
54 72
54 135
55 1
55 28
55 56
55 61
55 64
55 136
55 217
56 2
56 29
56 54
56 59
56 62
56 65
56 74
57 30
57 54
57 59
57 138
57 219
58 55
58 57
58 61
58 220
59 5
59 32
59 58
59 62
59 140
59 221
60 6
60 54
60 57
60 61
60 69
60 222
61 70
61 142
62 60
62 61
62 71
62 143
62 224
63 9
63 144
64 10
64 37
64 63
64 73
64 145
65 11
65 38
65 63
65 64
65 71
66 12
66 39
66 57
66 63
66 68
66 75
66 228
67 13
67 58
67 64
67 66
67 68
67 76
68 59
68 65
68 149
69 63
69 66
69 78
70 64
70 67
70 69
70 79
70 151
71 17
71 44
71 68
71 69
71 70
71 152
72 63
72 73
72 75
73 19
73 46
73 55
73 76
73 79
73 154
74 47
74 65
74 72
74 73
74 77
74 236
75 57
75 77
75 156
76 58
76 75
76 77
76 157
76 238
77 59
77 68
77 158
77 239
78 24
78 60
78 72
78 75
78 79
78 80
78 159
79 25
79 52
79 61
79 76
79 160
80 26
80 53
80 62
80 71
80 74
80 77
80 79
81 83
81 90
81 99
81 162
82 81
82 88
82 163
83 2
83 82
83 89
83 92
83 110
83 164
84 3
84 81
84 86
84 87
84 102
84 138
85 4
85 82
85 84
85 88
85 94
85 103
86 83
86 85
86 95
86 167
87 81
87 96
87 105
87 141
88 87
88 97
88 106
88 142
88 169
89 86
89 87
89 88
89 107
89 170
90 9
90 92
90 96
90 117
90 144
91 82
91 90
91 92
91 94
91 97
91 145
92 11
92 95
92 101
92 119
93 12
93 84
93 90
93 94
93 96
93 120
94 95
94 97
94 121
94 148
94 175
95 14
95 93
95 98
96 98
96 105
96 123
96 150
97 16
97 96
97 106
97 178
98 89
98 92
98 97
98 107
98 125
98 152
98 179
99 18
99 90
99 101
99 102
99 105
100 19
100 82
100 91
100 99
100 103
100 154
101 20
101 83
101 100
101 104
101 128
101 155
101 182
102 21
102 93
102 103
102 104
102 105
102 129
102 156
102 183
103 94
103 106
103 157
103 184
104 23
104 86
104 95
104 103
104 107
104 131
104 158
104 185
105 106
105 132
106 100
106 133
106 187
107 26
107 101
107 105
107 106
107 161
108 81
108 109
108 110
108 111
108 117
108 126
108 135
109 82
109 115
110 109
110 119
110 137
110 191
111 30
111 84
111 114
111 120
111 138
112 85
112 109
112 111
112 113
112 115
113 32
113 86
113 110
113 111
113 116
114 87
114 108
114 141
114 195
115 88
115 114
115 124
115 196
116 89
116 110
116 114
116 115
116 125
116 143
116 197
117 36
117 118
117 119
117 123
117 144
118 91
118 109
118 121
118 124
119 38
119 118
119 128
119 146
119 200
120 39
120 117
120 122
120 123
120 129
121 40
121 112
121 120
121 122
122 95
122 113
122 119
122 125
122 131
123 114
123 124
123 132
124 97
124 121
124 125
124 151
125 119
125 123
125 134
125 206
126 99
126 117
126 127
126 128
126 129
126 207
127 100
127 109
127 118
127 133
127 154
127 208
128 47
128 110
128 127
128 131
128 155
128 209
129 48
129 111
129 210
130 103
130 112
130 121
130 127
130 129
131 113
131 129
131 130
131 134
131 158
131 212
132 51
132 114
132 126
132 129
132 134
132 213
133 52
133 115
133 124
133 130
133 132
134 107
134 116
134 128
134 133
134 161
134 215
135 81
135 136
135 141
135 216
136 82
136 109
136 137
136 142
136 217
137 56
137 83
137 135
137 143
137 155
137 218
138 135
138 140
138 141
138 156
139 58
139 85
139 112
139 136
139 138
140 86
140 113
140 137
140 139
140 149
141 60
141 142
141 159
141 222
142 115
142 139
142 143
142 151
142 160
143 89
143 140
143 141
143 152
144 135
144 145
144 146
144 147
144 150
144 153
144 225
145 118
145 136
145 148
145 151
145 226
146 65
146 92
146 137
146 145
146 149
147 66
147 93
147 120
147 138
147 156
148 67
148 121
148 139
148 147
148 157
149 95
149 122
149 147
149 148
149 152
149 158
149 230
150 69
150 123
150 141
150 147
150 151
151 97
151 148
151 152
152 125
152 146
152 150
152 161
152 233
153 72
153 99
153 126
153 135
153 154
154 136
154 145
154 157
154 160
154 235
155 74
155 146
155 153
155 154
155 158
155 161
155 236
156 129
156 153
156 157
157 130
157 139
157 158
157 160
157 238
158 140
158 156
158 239
159 105
159 132
159 150
159 153
159 156
159 161
160 106
160 133
160 151
160 159
161 80
161 143
161 158
161 160
162 165
162 180
162 189
162 216
163 162
163 164
163 166
163 172
163 190
164 2
164 162
164 167
164 173
164 191
165 3
165 84
165 166
165 183
165 219
166 85
166 169
166 175
166 184
166 220
167 5
167 165
167 166
167 170
167 176
167 185
167 194
168 6
168 87
168 162
168 165
168 177
168 195
168 222
169 163
169 168
169 170
169 187
169 196
170 164
170 168
170 179
170 188
171 9
171 90
171 162
171 173
171 174
172 91
172 171
172 175
172 181
172 199
172 226
173 11
173 92
173 172
173 176
173 182
173 200
173 227
174 93
174 165
174 177
174 183
175 13
175 174
175 202
176 14
176 95
176 174
176 175
176 203
177 96
177 171
177 178
177 179
177 231
178 16
178 169
178 172
178 175
178 179
178 187
179 17
179 173
179 176
179 206
179 233
180 18
180 99
180 171
180 182
180 183
180 207
181 19
181 100
181 163
181 180
181 182
181 208
181 235
182 20
182 164
183 21
183 184
183 186
183 237
184 175
184 181
184 185
184 187
184 211
184 238
185 176
185 182
185 183
185 212
185 239
186 24
186 105
186 168
186 177
186 180
186 187
186 188
186 213
186 240
187 25
187 181
187 188
187 214
188 26
188 107
188 179
188 182
188 185
188 215
189 108
189 191
189 192
189 216
190 28
190 109
190 189
190 191
190 196
190 217
192 111
192 165
192 210
192 219
193 31
193 112
193 166
193 190
193 192
193 220
194 113
194 191
194 192
194 193
194 197
194 203
194 221
195 33
195 189
195 192
195 197
195 213
195 222
196 193
196 195
196 205
196 223
197 35
197 170
197 191
197 196
197 215
197 224
198 117
198 171
198 189
198 199
198 225
199 118
199 190
199 200
199 205
199 208
200 191
200 198
200 203
200 227
201 120
201 174
201 192
201 198
201 202
201 204
201 210
202 121
202 193
202 199
203 122
203 201
203 202
203 212
204 42
204 123
204 177
204 195
204 198
204 205
204 206
204 231
205 124
205 178
205 202
205 206
205 232
206 44
206 197
206 200
206 203
206 233
207 189
207 198
207 208
207 209
207 234
208 190
208 211
208 235
209 47
209 182
209 191
209 200
209 208
209 212
209 236
210 48
210 183
210 207
210 213
210 237
211 130
211 193
211 202
211 210
211 212
211 214
211 238
212 194
212 210
212 215
212 239
213 204
213 207
214 52
214 133
214 196
214 205
214 208
214 213
214 241
215 206
215 209
215 213
215 214
215 242
216 54
216 217
217 163
217 218
217 220
217 223
217 226
218 56
218 164
218 191
218 216
218 221
218 224
218 227
218 236
219 138
219 216
219 220
219 221
219 222
219 228
219 237
220 139
220 221
220 223
221 140
221 167
221 224
221 239
222 216
222 223
222 231
222 240
223 61
223 142
223 169
223 224
223 232
223 241
224 143
224 170
224 222
224 233
224 242
225 63
225 171
225 216
225 226
225 234
226 64
226 199
226 227
226 229
227 65
227 146
227 225
227 230
227 233
228 147
228 174
228 201
228 225
228 230
228 231
229 67
229 148
229 175
229 202
229 220
229 228
229 230
229 232
230 68
230 176
230 203
230 221
230 233
230 239
231 69
231 150
231 225
231 233
231 240
232 70
232 151
232 178
232 226
232 231
232 241
233 71
233 232
233 242
234 72
234 153
234 180
234 216
234 235
234 236
235 73
235 217
235 226
235 236
235 238
236 182
236 227
237 75
237 156
237 228
237 234
237 239
237 240
238 220
238 229
238 237
238 239
239 236
239 242
240 78
240 159
240 213
240 234
240 241
240 242
241 79
241 160
241 187
241 235
241 238
241 242
242 80
242 161
242 188
242 236
0 14 25 32 43 45 59 64 78 89 91 102 109 120 134 135 152 157 166 177 182 195 200 211 223 228 236
