550 7527 50
0 507
0 508
0 510
0 511
0 512
0 514
0 517
0 524
0 525
0 526
0 530
0 531
0 532
0 533
0 542
0 543
0 544
0 545
0 549
1 504
1 506
1 507
1 512
1 513
1 520
1 522
1 530
1 533
1 535
1 541
1 544
2 500
2 501
2 506
2 512
2 518
2 521
2 522
2 524
2 525
2 530
2 537
2 539
2 540
2 541
2 545
2 549
3 500
3 508
3 509
3 512
3 513
3 520
3 522
3 530
3 534
3 541
3 542
3 545
3 546
3 549
4 502
4 510
4 513
4 514
4 520
4 521
4 522
4 524
4 525
4 527
4 535
4 541
4 542
5 513
5 515
5 521
5 526
5 528
5 533
5 536
5 537
5 538
5 539
5 549
6 504
6 507
6 512
6 515
6 519
6 520
6 522
6 532
6 534
6 541
6 546
7 516
7 518
7 523
7 526
7 528
7 531
7 535
7 539
7 541
7 544
7 545
7 547
8 502
8 504
8 511
8 518
8 522
8 523
8 534
8 537
8 539
8 540
8 541
8 545
9 501
9 503
9 506
9 517
9 525
9 526
9 527
9 528
9 535
9 537
9 539
9 541
9 543
10 506
10 509
10 511
10 513
10 518
10 521
10 528
10 530
10 538
10 543
10 544
10 545
11 502
11 505
11 509
11 515
11 516
11 521
11 531
11 534
11 538
11 539
11 544
11 549
12 500
12 514
12 516
12 519
12 522
12 525
12 529
12 536
12 545
12 547
13 502
13 511
13 518
13 520
13 529
13 536
13 540
13 549
14 500
14 506
14 522
14 524
14 534
14 536
14 538
14 539
14 543
14 544
14 545
14 549
15 504
15 507
15 509
15 512
15 513
15 518
15 535
15 546
15 549
16 505
16 506
16 520
16 528
16 529
16 530
16 535
16 536
16 539
16 540
16 541
16 545
16 546
17 508
17 515
17 520
17 537
17 539
17 542
17 545
17 547
18 505
18 506
18 510
18 511
18 513
18 517
18 525
18 534
18 541
18 544
18 547
18 549
19 504
19 506
19 508
19 509
19 517
19 525
19 527
19 538
19 541
19 544
19 547
20 510
20 511
20 515
20 522
20 524
20 525
20 526
20 528
20 532
20 542
20 543
20 549
21 505
21 517
21 534
21 536
21 544
21 548
21 549
22 504
22 506
22 507
22 509
22 514
22 517
22 531
22 537
22 546
23 510
23 519
23 520
23 523
23 524
23 526
23 532
23 536
23 543
23 546
24 501
24 504
24 510
24 517
24 519
24 524
24 531
24 534
24 539
24 547
25 503
25 510
25 511
25 512
25 513
25 514
25 518
25 520
25 524
25 526
25 543
25 547
26 502
26 506
26 514
26 519
26 529
26 532
26 537
26 541
26 543
26 544
26 545
26 547
26 548
27 509
27 522
27 523
27 525
27 531
27 535
27 536
27 542
27 548
28 502
28 509
28 510
28 516
28 517
28 518
28 524
28 525
28 528
28 536
28 542
28 543
28 544
29 500
29 503
29 505
29 506
29 507
29 508
29 523
29 527
29 542
29 543
29 545
29 547
29 548
30 506
30 507
30 511
30 519
30 522
30 531
30 534
30 537
30 539
30 540
30 541
30 544
31 500
31 505
31 509
31 513
31 517
31 518
31 524
31 527
31 533
31 546
31 547
31 548
31 549
32 508
32 509
32 512
32 535
32 536
32 538
32 541
32 544
32 546
32 549
33 500
33 502
33 503
33 507
33 510
33 520
33 521
33 525
33 530
33 537
33 538
33 544
33 549
34 510
34 511
34 512
34 515
34 516
34 519
34 525
34 526
34 545
34 547
34 548
35 500
35 520
35 521
35 528
35 536
35 539
35 542
35 543
35 544
35 545
35 547
36 500
36 501
36 502
36 508
36 509
36 514
36 530
36 537
36 547
36 549
37 503
37 504
37 505
37 510
37 517
37 526
37 533
37 544
37 546
37 549
38 510
38 516
38 518
38 523
38 525
38 527
38 529
38 534
38 539
38 540
38 542
38 546
38 548
39 502
39 510
39 511
39 512
39 514
39 515
39 519
39 529
39 531
39 535
39 538
39 542
39 543
40 501
40 502
40 506
40 509
40 513
40 514
40 524
40 539
40 540
40 542
41 502
41 505
41 506
41 508
41 524
41 528
41 544
41 545
41 548
41 549
42 503
42 505
42 506
42 513
42 518
42 520
42 531
42 534
42 538
42 541
42 545
43 503
43 507
43 508
43 509
43 512
43 517
43 523
43 527
43 543
44 500
44 518
44 519
44 530
44 531
44 532
44 535
44 539
44 544
44 545
44 548
45 503
45 506
45 508
45 509
45 511
45 523
45 524
45 525
45 538
45 539
46 515
46 518
46 522
46 524
46 529
46 533
46 534
46 543
46 546
46 547
46 549
47 500
47 503
47 505
47 511
47 512
47 514
47 520
47 521
47 531
47 535
47 537
48 500
48 507
48 512
48 513
48 515
48 519
48 522
48 524
48 533
48 536
48 541
48 545
49 506
49 519
49 521
49 523
49 524
49 525
49 531
49 532
49 544
49 547
49 548
50 504
50 507
50 510
50 514
50 523
50 528
50 533
50 536
50 537
50 544
50 546
51 501
51 505
51 507
51 527
51 535
51 537
51 541
51 542
51 543
51 546
51 548
52 515
52 516
52 517
52 520
52 526
52 527
52 532
52 535
52 546
53 503
53 506
53 511
53 512
53 513
53 517
53 522
53 528
53 530
53 531
53 542
54 518
54 524
54 527
54 531
54 537
54 540
54 545
54 548
55 502
55 508
55 509
55 514
55 525
55 534
55 535
55 539
55 546
55 548
56 500
56 501
56 503
56 517
56 518
56 528
56 531
56 537
56 539
57 511
57 517
57 525
57 531
57 544
57 548
58 500
58 502
58 504
58 506
58 510
58 513
58 514
58 515
58 516
58 517
58 540
58 541
59 500
59 509
59 510
59 512
59 521
59 524
59 530
59 534
59 542
59 543
60 500
60 501
60 509
60 510
60 518
60 519
60 522
60 525
60 526
60 531
60 532
61 504
61 506
61 524
61 529
61 532
61 534
61 541
61 542
61 543
61 544
61 545
61 547
62 507
62 513
62 519
62 526
62 530
62 536
62 541
62 549
63 500
63 503
63 515
63 517
63 527
63 536
63 542
63 543
63 548
64 501
64 504
64 507
64 517
64 518
64 519
64 521
64 534
64 537
64 548
65 500
65 504
65 505
65 507
65 510
65 513
65 519
65 542
66 504
66 507
66 511
66 512
66 513
66 524
66 525
66 530
66 542
67 515
67 522
67 529
67 531
67 532
67 533
67 534
67 542
68 501
68 504
68 509
68 511
68 520
68 526
68 528
68 529
68 540
68 541
68 546
68 547
69 511
69 512
69 514
69 526
69 527
69 544
69 545
70 505
70 511
70 514
70 520
70 521
70 526
70 528
70 539
71 500
71 501
71 507
71 515
71 522
71 526
71 545
72 500
72 509
72 514
72 520
72 521
72 526
72 528
72 529
72 542
72 543
72 548
73 502
73 513
73 519
73 528
73 530
73 538
73 540
73 543
73 548
73 549
74 513
74 520
74 522
74 526
74 529
74 532
74 537
74 539
74 545
74 548
75 500
75 505
75 516
75 517
75 530
75 534
75 537
75 543
75 546
76 503
76 507
76 509
76 510
76 519
76 524
76 545
76 547
77 505
77 507
77 516
77 519
77 524
77 527
77 528
77 545
77 547
78 501
78 503
78 510
78 515
78 518
78 524
78 528
78 530
78 536
78 537
78 544
78 548
79 509
79 519
79 525
79 529
79 536
79 541
79 542
79 543
79 544
80 502
80 513
80 514
80 516
80 517
80 521
80 526
80 533
80 536
80 540
80 543
81 501
81 510
81 511
81 518
81 527
81 535
81 537
81 540
81 542
81 549
82 501
82 504
82 507
82 508
82 509
82 515
82 521
82 527
82 531
82 534
83 504
83 512
83 519
83 522
83 523
83 524
83 525
83 529
83 539
83 541
83 545
83 547
84 507
84 517
84 522
84 528
84 531
84 533
84 538
84 540
84 541
84 543
84 546
85 510
85 513
85 514
85 521
85 525
85 527
85 531
85 540
85 541
85 546
86 503
86 505
86 507
86 508
86 517
86 526
86 528
86 531
86 532
86 548
86 549
87 500
87 501
87 502
87 504
87 513
87 519
87 522
87 524
87 526
87 533
87 536
87 540
87 549
88 504
88 506
88 507
88 509
88 512
88 513
88 519
88 529
88 531
88 542
89 509
89 511
89 513
89 531
89 532
89 533
89 539
89 540
89 543
89 545
89 546
90 508
90 537
90 540
90 541
90 548
90 549
91 501
91 514
91 515
91 530
91 533
91 534
91 535
91 538
91 543
91 546
91 547
92 500
92 505
92 524
92 527
92 528
92 529
92 540
92 541
92 548
93 508
93 509
93 512
93 513
93 514
93 516
93 530
93 537
93 538
93 545
93 548
94 500
94 502
94 503
94 530
94 535
94 536
94 540
94 546
94 547
95 509
95 513
95 521
95 525
95 532
95 537
95 538
95 541
95 543
95 545
96 506
96 511
96 519
96 531
96 547
97 500
97 507
97 512
97 513
97 524
97 528
97 532
97 547
97 548
98 504
98 505
98 510
98 512
98 522
98 534
98 538
98 541
98 545
98 546
99 502
99 503
99 510
99 514
99 515
99 516
99 528
99 539
99 547
100 511
100 512
100 529
100 538
100 539
100 541
101 509
101 514
101 515
101 517
101 533
101 540
101 541
102 502
102 510
102 514
102 524
102 525
102 531
102 535
102 542
102 544
102 548
103 506
103 510
103 512
103 515
103 521
103 523
103 529
103 531
103 533
103 537
103 541
104 501
104 502
104 508
104 519
104 521
104 528
104 536
104 538
105 500
105 505
105 514
105 519
105 520
105 523
105 540
105 543
105 546
105 547
106 502
106 507
106 518
106 522
106 524
106 539
106 540
106 547
107 501
107 507
107 519
107 526
107 528
107 540
107 545
108 500
108 512
108 522
108 527
108 540
108 542
108 543
108 548
109 509
109 514
109 515
109 516
109 517
109 526
109 527
109 541
109 547
109 549
110 501
110 509
110 510
110 513
110 517
110 518
110 526
110 529
110 530
110 535
110 540
111 500
111 507
111 508
111 510
111 514
111 518
111 519
111 545
111 547
112 501
112 504
112 508
112 519
112 520
112 527
112 528
112 534
112 536
112 538
113 502
113 504
113 507
113 512
113 516
113 529
113 537
113 544
113 545
113 549
114 509
114 510
114 511
114 516
114 523
114 524
114 527
114 531
114 542
114 546
115 500
115 514
115 519
115 521
115 527
116 506
116 509
116 510
116 511
116 531
116 532
116 537
116 549
117 506
117 507
117 524
117 526
117 528
117 531
117 541
118 501
118 506
118 510
118 511
118 518
118 523
118 538
118 543
118 544
119 513
119 521
119 532
119 536
119 539
119 541
119 542
119 543
120 502
120 507
120 511
120 514
120 517
120 522
120 530
120 542
120 547
121 509
121 517
121 520
121 523
121 526
121 531
121 539
121 543
121 546
122 504
122 509
122 523
122 527
122 530
122 531
122 540
122 541
122 546
123 502
123 503
123 510
123 519
123 530
123 539
123 542
123 545
124 501
124 502
124 503
124 516
124 517
124 519
124 520
124 525
124 544
124 549
125 509
125 524
125 530
125 532
125 534
125 537
125 538
125 539
125 548
126 502
126 506
126 507
126 508
126 518
126 522
126 538
127 502
127 508
127 516
127 522
127 524
127 533
127 534
127 542
127 544
128 503
128 519
128 522
128 523
128 524
128 532
128 536
128 539
128 543
128 546
129 500
129 517
129 518
129 525
129 533
129 538
129 543
129 544
129 546
129 548
130 512
130 513
130 516
130 520
130 524
130 536
130 538
130 543
131 506
131 510
131 514
131 521
131 522
131 525
131 527
131 536
131 538
132 509
132 513
132 515
132 518
132 524
132 525
132 526
132 536
132 541
132 544
133 504
133 507
133 508
133 515
133 517
133 522
133 530
133 532
133 542
133 546
133 549
134 513
134 515
134 524
134 529
134 530
134 535
134 539
134 544
135 500
135 501
135 506
135 510
135 519
135 524
135 527
135 530
135 543
135 546
136 504
136 506
136 513
136 518
136 526
136 533
136 534
136 538
136 546
137 505
137 507
137 510
137 512
137 515
137 534
137 535
137 537
137 540
137 542
137 547
138 514
138 515
138 517
138 530
138 531
138 534
138 538
138 539
138 549
139 501
139 507
139 508
139 514
139 518
139 528
139 534
139 539
139 549
140 507
140 510
140 520
140 527
140 542
140 543
140 544
140 545
141 505
141 511
141 516
141 523
141 533
141 537
141 540
141 542
141 543
141 548
142 501
142 506
142 513
142 525
142 536
142 540
142 543
142 546
143 508
143 519
143 521
143 524
143 528
143 530
143 535
143 540
143 545
144 513
144 515
144 517
144 523
144 525
144 529
144 538
144 541
144 549
145 506
145 512
145 517
145 518
145 520
145 525
145 528
145 535
145 546
146 504
146 512
146 519
146 522
146 525
146 529
146 534
146 546
147 502
147 515
147 516
147 520
147 523
147 524
147 525
147 535
147 536
147 538
147 546
147 547
148 506
148 507
148 510
148 522
148 523
148 525
148 529
148 534
148 539
149 512
149 525
149 535
149 539
149 544
149 545
149 548
150 500
150 505
150 507
150 518
150 524
150 530
150 534
150 539
150 542
150 543
150 548
151 500
151 503
151 505
151 520
151 523
151 529
151 539
151 547
151 549
152 502
152 506
152 511
152 513
152 518
152 536
153 508
153 511
153 519
153 520
153 524
153 533
153 534
153 546
154 504
154 512
154 513
154 517
154 522
154 532
154 533
154 539
154 543
155 505
155 506
155 510
155 511
155 517
155 537
155 543
155 546
156 503
156 504
156 516
156 520
156 527
156 546
157 508
157 513
157 516
157 518
157 520
157 528
157 529
157 544
157 548
158 509
158 512
158 524
158 527
158 533
158 540
158 543
158 549
159 501
159 505
159 525
159 529
159 540
159 543
159 544
159 549
160 502
160 508
160 509
160 523
160 524
160 537
160 543
160 545
160 547
161 518
161 520
161 521
161 538
161 540
161 545
162 505
162 512
162 517
162 519
162 520
162 530
162 534
162 536
162 544
163 500
163 502
163 508
163 510
163 520
163 523
163 528
163 537
164 507
164 508
164 512
164 524
164 527
164 531
164 535
164 547
164 548
165 500
165 505
165 515
165 521
165 524
165 531
165 544
165 545
166 504
166 505
166 512
166 513
166 522
166 544
166 549
167 505
167 511
167 519
167 522
167 526
167 529
167 533
167 548
168 505
168 508
168 513
168 521
168 534
168 540
168 547
168 549
169 509
169 520
169 523
169 526
169 529
169 538
169 542
169 549
170 505
170 506
170 508
170 512
170 528
170 534
170 537
170 544
170 548
170 549
171 512
171 513
171 523
171 530
171 533
171 534
171 535
171 541
171 548
172 504
172 508
172 511
172 526
172 549
173 505
173 517
173 518
173 538
173 541
173 542
173 543
173 544
173 548
174 503
174 510
174 512
174 518
174 524
174 526
174 529
174 535
174 540
174 548
175 517
175 524
175 525
175 539
175 542
175 548
176 504
176 518
176 523
176 528
176 529
176 530
177 513
177 514
177 516
177 519
177 522
177 527
177 534
177 544
177 545
178 500
178 505
178 509
178 510
178 514
178 519
178 540
179 504
179 508
179 515
179 529
179 531
179 533
179 534
179 539
179 548
180 502
180 505
180 519
180 526
180 527
180 529
180 546
181 506
181 511
181 512
181 516
181 519
181 521
181 526
181 527
181 538
181 540
182 508
182 516
182 529
182 538
182 540
183 500
183 505
183 513
183 514
183 528
183 529
183 544
183 545
183 548
184 500
184 503
184 516
184 517
184 527
184 546
185 507
185 510
185 511
185 512
185 534
185 543
185 545
185 548
186 504
186 513
186 516
186 523
186 526
186 538
186 549
187 500
187 501
187 504
187 507
187 508
187 520
187 533
187 539
187 541
187 546
188 500
188 508
188 513
188 521
188 524
188 537
188 542
188 547
188 549
189 508
189 515
189 518
189 521
189 522
189 532
189 540
190 511
190 516
190 518
190 523
190 528
190 531
190 540
191 500
191 506
191 511
191 513
191 526
191 535
191 539
191 542
191 543
192 504
192 524
192 525
192 528
192 531
192 532
192 534
192 540
192 549
193 500
193 509
193 512
193 524
193 532
193 535
193 537
193 539
193 541
194 506
194 512
194 517
194 527
194 536
194 537
194 538
194 543
195 501
195 518
195 519
195 524
195 530
195 533
195 545
195 548
196 509
196 512
196 519
196 521
196 525
196 526
196 529
196 539
196 546
197 512
197 513
197 515
197 517
197 520
197 523
197 546
198 508
198 511
198 518
198 525
198 526
198 537
198 541
198 543
198 547
199 503
199 504
199 507
199 517
199 518
199 522
199 525
199 531
200 513
200 518
200 519
200 530
200 538
200 540
200 548
201 507
201 510
201 514
201 524
201 526
201 535
201 542
201 543
201 545
202 503
202 508
202 513
202 515
202 521
202 524
202 530
202 538
202 547
203 503
203 504
203 512
203 515
203 520
203 533
204 502
204 504
204 508
204 511
204 512
204 516
204 531
204 544
204 549
205 501
205 511
205 521
205 526
205 532
205 539
205 541
205 543
206 501
206 507
206 508
206 510
206 535
206 537
206 541
206 543
206 546
207 503
207 511
207 514
207 519
207 521
207 523
207 526
207 544
207 548
208 501
208 502
208 520
208 522
208 524
208 526
208 527
208 536
209 500
209 501
209 527
209 530
209 545
209 548
209 549
210 501
210 505
210 509
210 514
210 520
210 528
210 532
210 533
210 534
210 549
211 502
211 506
211 518
211 529
211 532
211 537
211 541
211 545
211 549
212 509
212 510
212 525
212 529
212 534
212 545
213 500
213 504
213 509
213 511
213 518
213 520
213 529
213 535
213 537
213 539
214 501
214 505
214 515
214 523
214 527
214 531
214 540
214 541
214 545
215 500
215 507
215 514
215 515
215 537
215 545
216 500
216 506
216 517
216 526
216 531
216 544
217 503
217 506
217 512
217 531
217 536
217 543
217 544
217 547
218 501
218 503
218 526
218 531
218 532
218 539
218 542
218 549
219 504
219 505
219 507
219 518
219 529
219 533
219 542
219 544
219 546
220 507
220 508
220 520
220 527
220 544
221 501
221 509
221 511
221 520
221 521
221 525
221 531
221 532
221 540
221 542
222 502
222 505
222 507
222 522
222 527
222 540
222 545
223 519
223 522
223 526
223 527
223 533
223 537
224 503
224 516
224 518
224 524
224 536
224 542
225 508
225 522
225 525
225 526
225 527
225 531
225 538
225 546
226 506
226 524
226 528
226 540
226 541
227 501
227 509
227 512
227 524
227 528
227 531
227 542
227 543
228 502
228 518
228 520
228 537
228 538
229 519
229 533
229 538
229 541
229 545
230 510
230 519
230 525
230 534
230 538
231 500
231 501
231 505
231 506
231 533
231 538
231 545
231 548
232 510
232 516
232 528
232 529
232 533
232 536
232 547
233 509
233 514
233 516
233 517
233 524
233 527
233 529
233 545
233 548
234 502
234 510
234 527
234 528
234 530
234 531
234 535
234 536
235 501
235 502
235 505
235 512
235 524
235 532
235 543
235 546
235 548
236 517
236 520
236 525
236 530
236 532
236 534
236 538
236 545
236 547
237 501
237 505
237 512
237 519
237 520
237 522
237 525
237 530
237 531
237 545
238 501
238 505
238 519
238 524
238 527
238 532
238 542
238 543
238 545
239 500
239 501
239 527
239 529
239 541
239 544
239 548
239 549
240 501
240 503
240 517
240 520
240 528
240 537
241 503
241 518
241 520
241 525
241 526
241 535
241 536
241 537
241 549
242 501
242 504
242 508
242 511
242 533
242 540
242 541
242 548
243 505
243 517
243 529
243 531
243 543
244 501
244 503
244 522
244 526
244 530
244 548
245 514
245 515
245 520
245 522
245 524
245 531
245 546
246 512
246 526
246 531
246 534
246 537
246 543
246 546
246 549
247 504
247 505
247 507
247 517
247 534
247 536
247 538
248 504
248 510
248 519
248 524
248 530
248 536
248 544
248 548
249 508
249 513
249 514
249 521
249 522
249 524
249 539
250 503
250 504
250 507
250 511
250 517
250 527
250 541
250 544
251 506
251 509
251 523
251 527
251 529
252 501
252 504
252 506
252 507
252 521
253 516
253 521
253 527
253 532
253 534
253 535
253 536
253 544
253 545
254 503
254 519
254 523
254 528
254 535
254 540
254 547
255 510
255 517
255 518
255 520
255 522
255 523
255 546
255 549
256 504
256 511
256 513
256 514
256 528
256 535
256 539
256 543
257 502
257 517
257 526
257 529
257 534
257 539
257 542
257 544
257 546
258 500
258 501
258 506
258 511
258 517
258 547
259 502
259 507
259 513
259 534
259 536
259 537
259 542
259 546
260 515
260 522
260 523
260 530
260 531
260 539
260 549
261 507
261 508
261 518
261 530
261 535
261 536
261 541
261 544
262 505
262 508
262 510
262 524
262 526
262 530
262 536
262 541
262 547
263 503
263 504
263 512
263 516
263 532
263 538
264 505
264 506
264 521
264 536
264 537
264 544
265 516
265 521
265 522
265 531
265 533
265 541
265 545
266 503
266 508
266 518
266 521
266 523
266 530
266 540
266 544
266 545
266 547
267 504
267 505
267 517
267 520
267 524
267 528
267 538
268 507
268 514
268 526
268 527
268 530
268 536
268 537
268 539
268 548
269 504
269 505
269 509
269 514
269 521
269 523
269 524
269 546
270 503
270 508
270 518
270 533
270 539
270 541
270 545
270 549
271 502
271 510
271 516
271 524
271 528
271 530
271 542
271 547
272 506
272 519
272 525
272 527
272 538
272 539
272 548
273 500
273 514
273 520
273 525
273 531
273 537
273 539
273 547
274 517
274 521
274 529
274 530
274 537
274 540
274 542
275 508
275 509
275 536
275 537
275 538
275 541
275 545
275 549
276 509
276 510
276 513
276 521
276 525
276 537
276 541
276 545
277 505
277 516
277 521
277 524
277 528
277 530
277 538
277 540
277 544
278 505
278 522
278 524
278 526
278 528
278 535
278 544
278 547
278 548
279 500
279 509
279 511
279 512
279 514
279 518
279 534
279 539
280 501
280 506
280 507
280 520
280 523
280 532
280 536
280 542
280 547
281 503
281 506
281 521
281 522
281 527
281 532
281 539
282 502
282 510
282 514
282 518
282 527
282 531
282 546
282 547
282 548
283 501
283 504
283 507
283 524
283 526
283 527
283 539
283 546
284 505
284 511
284 514
284 533
284 539
284 546
285 500
285 503
285 504
285 515
285 523
285 531
285 538
285 540
286 514
286 516
286 519
286 526
286 527
286 534
286 537
286 541
287 500
287 502
287 503
287 520
287 522
287 545
287 548
288 505
288 515
288 522
288 523
288 535
288 549
289 500
289 506
289 522
289 529
289 541
289 547
290 500
290 502
290 507
290 518
290 525
290 534
290 547
291 500
291 505
291 511
291 514
291 517
291 541
291 548
292 502
292 503
292 505
292 534
292 537
292 542
293 501
293 506
293 513
293 514
293 526
293 529
293 532
293 547
294 501
294 502
294 503
294 510
294 524
294 525
294 527
294 528
295 504
295 506
295 511
295 520
295 542
295 544
295 549
296 511
296 526
296 530
296 535
296 538
296 542
296 543
297 512
297 513
297 524
297 525
297 529
297 532
297 533
297 547
298 502
298 506
298 515
298 519
298 527
298 547
298 548
299 530
299 532
299 540
299 543
299 544
299 545
299 546
299 548
300 500
300 501
300 507
300 526
300 527
300 530
301 503
301 517
301 519
301 533
301 539
301 546
301 548
302 503
302 508
302 509
302 527
302 537
302 539
302 549
303 506
303 507
303 514
303 517
303 535
303 540
304 506
304 511
304 523
304 524
304 533
304 541
304 542
305 500
305 501
305 507
305 513
305 521
305 530
305 532
305 548
306 503
306 504
306 517
306 520
306 528
306 533
306 542
306 543
307 515
307 525
307 541
307 545
307 546
308 501
308 507
308 519
308 520
308 526
308 527
308 546
308 549
309 502
309 520
309 527
309 540
309 542
310 501
310 502
310 510
310 515
310 516
310 524
310 525
311 506
311 508
311 530
311 531
311 532
311 533
311 536
311 537
312 503
312 505
312 509
312 520
312 530
312 540
312 544
313 514
313 519
313 539
313 544
313 547
313 548
314 508
314 509
314 523
314 526
314 527
314 547
315 514
315 523
315 534
315 537
315 538
315 548
316 503
316 508
316 512
316 519
316 529
316 540
316 543
317 500
317 517
317 521
317 528
317 536
317 543
317 545
317 547
318 500
318 512
318 515
318 526
318 536
318 542
319 510
319 511
319 517
319 523
319 525
319 543
319 546
319 549
320 509
320 513
320 516
320 519
320 547
321 506
321 510
321 519
321 529
321 532
321 545
321 546
321 547
322 500
322 504
322 509
322 511
322 521
322 535
322 546
323 501
323 502
323 527
323 537
324 503
324 508
324 524
324 538
324 544
324 545
324 546
325 500
325 517
325 519
325 528
325 533
325 538
325 545
325 549
326 503
326 504
326 512
326 526
326 537
326 547
327 506
327 518
327 526
327 528
327 533
327 542
327 545
327 546
328 503
328 504
328 508
328 511
328 524
328 538
328 546
329 509
329 512
329 516
329 521
329 523
329 528
330 502
330 503
330 507
330 519
330 525
330 527
330 533
330 545
331 505
331 516
331 522
331 545
331 547
331 548
332 501
332 503
332 507
332 525
332 533
332 539
332 543
333 509
333 511
333 523
333 527
333 539
333 540
333 541
334 502
334 517
334 519
334 520
334 528
334 533
335 501
335 505
335 510
335 516
335 524
335 530
335 536
335 549
336 504
336 518
336 520
336 524
336 533
336 548
337 507
337 519
337 531
337 532
337 541
337 542
337 545
338 503
338 517
338 520
338 532
338 537
338 539
338 549
339 505
339 522
339 524
339 534
339 536
339 539
339 544
339 545
340 513
340 532
340 535
340 537
340 545
340 546
340 548
341 504
341 506
341 511
341 513
341 531
341 544
341 546
341 549
342 504
342 506
342 508
342 510
342 512
342 522
342 526
343 504
343 505
343 510
343 527
343 530
343 533
343 535
343 538
343 541
344 500
344 509
344 512
344 518
344 522
344 525
344 528
345 509
345 513
345 536
345 539
345 543
345 547
345 549
346 509
346 534
346 535
346 546
347 506
347 507
347 517
347 525
347 532
347 535
347 547
348 504
348 507
348 515
348 519
348 522
348 525
348 527
348 533
349 513
349 520
349 528
349 529
349 535
349 542
349 546
350 506
350 507
350 513
350 523
350 528
350 529
350 545
351 502
351 503
351 515
351 517
351 520
351 548
352 506
352 509
352 515
352 540
352 543
352 549
353 503
353 514
353 536
353 537
353 539
353 541
353 545
354 509
354 511
354 527
354 536
354 540
354 544
355 511
355 520
355 526
355 536
356 501
356 503
356 505
356 517
356 528
356 531
356 536
356 539
357 500
357 519
357 526
357 528
357 530
357 532
357 542
358 502
358 513
358 517
358 519
358 537
358 539
359 502
359 506
359 513
359 521
359 532
359 537
359 545
359 546
360 503
360 509
360 516
360 518
360 527
360 540
361 524
361 526
361 541
362 514
362 517
362 525
362 543
362 548
363 502
363 508
363 513
363 521
363 529
363 531
363 539
364 500
364 506
364 519
364 520
364 547
365 504
365 507
365 530
365 539
365 546
365 549
366 511
366 532
366 539
366 543
366 546
366 548
367 501
367 504
367 506
367 512
367 527
367 529
367 544
368 511
368 518
368 535
368 538
368 540
368 542
368 545
368 549
369 502
369 505
369 523
369 526
369 532
369 549
370 509
370 512
370 530
370 544
370 546
371 502
371 515
371 522
371 526
371 541
371 544
371 546
372 513
372 515
372 529
372 532
373 509
373 511
373 514
373 527
373 542
374 505
374 506
374 515
374 522
375 505
375 506
375 528
375 532
375 533
376 508
376 519
376 534
376 536
376 541
376 542
377 507
377 521
377 528
377 543
377 545
378 503
378 505
378 508
378 534
378 539
379 504
379 513
379 523
379 539
379 543
380 504
380 518
380 519
380 521
380 525
380 530
381 507
381 508
381 509
381 512
381 515
381 522
381 534
382 501
382 504
382 519
382 522
382 524
382 539
382 543
383 509
383 511
383 514
383 520
383 532
383 539
383 545
383 546
384 534
384 536
384 540
384 545
384 547
385 519
385 521
385 524
385 532
385 540
385 545
385 549
386 503
386 506
386 507
386 511
386 516
386 517
386 526
386 546
387 501
387 517
387 533
387 545
387 547
388 513
388 522
388 539
388 540
388 542
388 544
388 548
389 503
389 507
389 513
389 521
389 533
389 535
389 548
390 509
390 512
390 528
390 530
390 539
390 543
390 544
391 510
391 511
391 523
391 525
391 529
391 535
392 503
392 521
392 524
392 529
392 540
392 546
393 515
393 525
393 527
393 529
393 536
393 539
393 545
394 502
394 503
394 507
394 513
394 516
394 519
394 535
394 539
395 519
395 543
395 547
395 549
396 505
396 530
396 532
396 533
396 544
396 548
397 506
397 530
397 533
397 547
398 501
398 510
398 513
398 524
398 543
399 510
399 513
399 536
399 538
399 539
399 541
400 505
400 507
400 522
400 536
400 544
401 501
401 502
401 504
401 539
401 543
401 547
402 506
402 507
402 514
402 531
402 544
403 517
403 519
403 520
403 523
403 538
403 549
404 501
404 509
404 515
404 517
404 521
404 522
405 504
405 521
405 531
406 516
406 518
406 532
406 534
406 543
406 544
407 506
407 507
407 516
407 517
407 530
407 539
407 545
408 509
408 537
408 540
408 546
408 547
408 549
409 503
409 523
409 539
409 548
410 509
410 513
410 515
410 529
410 541
411 508
411 509
411 519
411 539
411 540
412 500
412 518
412 526
412 528
412 532
412 535
412 544
413 519
413 522
413 524
413 528
413 538
414 508
414 510
414 512
414 518
414 536
414 544
414 549
415 508
415 519
415 524
415 535
415 541
415 546
416 504
416 513
416 516
416 531
416 542
417 503
417 504
417 513
417 524
417 537
418 503
418 517
418 523
418 527
418 542
418 547
419 502
419 504
419 538
419 544
419 546
419 548
420 502
420 517
420 518
420 529
420 541
421 503
421 508
421 517
421 537
422 506
422 515
422 536
423 508
423 514
423 524
423 537
423 546
423 547
424 503
424 515
424 528
425 514
425 519
425 520
425 527
425 543
425 548
426 502
426 512
426 521
426 531
426 543
426 547
427 500
427 506
427 508
427 514
427 522
427 531
428 507
428 510
428 518
428 527
428 537
428 539
429 511
429 517
429 521
429 523
429 533
429 535
429 536
430 510
430 517
430 522
430 535
430 548
431 513
431 538
431 541
431 548
432 507
432 515
432 521
433 503
433 509
433 514
433 516
433 521
433 524
434 507
434 514
434 515
434 516
434 546
434 549
435 509
435 511
435 531
435 532
435 546
436 503
436 508
436 514
436 528
436 543
437 513
437 514
437 524
437 531
437 543
437 548
438 500
438 507
438 508
438 529
438 533
438 537
438 549
439 519
439 536
440 504
440 511
440 513
440 516
440 518
440 530
440 545
441 500
441 513
441 514
441 515
441 526
441 527
441 528
442 510
442 517
442 519
442 527
442 538
443 505
443 512
443 517
443 538
443 541
443 542
443 544
444 503
444 507
444 510
444 517
444 525
444 542
444 545
445 503
445 506
445 507
445 509
445 530
445 548
446 502
446 506
446 507
446 513
446 531
446 543
446 544
447 512
447 515
447 517
447 519
447 526
447 546
448 501
448 506
448 510
448 517
448 518
449 522
449 529
449 535
449 543
450 508
450 515
450 535
451 503
451 509
451 534
451 544
452 501
452 514
452 535
452 537
452 546
453 504
453 518
453 530
453 532
453 533
454 523
454 528
454 531
455 519
455 534
455 548
456 501
456 508
456 513
456 521
456 537
457 500
457 506
457 511
457 520
457 521
457 524
458 507
458 509
458 533
458 544
458 548
459 511
459 512
459 524
459 530
459 542
460 527
460 542
460 543
461 505
461 508
461 517
461 538
461 548
462 502
462 509
462 527
462 530
462 544
463 519
463 528
463 534
463 542
464 524
464 533
464 543
464 549
465 500
465 504
465 532
465 537
465 549
466 500
466 513
466 526
466 536
467 502
467 512
467 523
467 525
467 548
468 527
468 529
468 530
468 534
468 539
468 540
469 516
469 521
469 531
469 534
469 541
470 506
470 530
470 536
470 545
470 548
471 504
471 505
471 507
471 529
471 547
472 507
472 509
472 513
472 514
472 528
472 540
473 502
473 510
473 523
474 523
474 525
475 506
475 521
475 534
475 541
475 543
476 504
476 505
476 522
476 528
476 532
477 507
477 514
477 538
477 547
478 500
478 503
478 506
479 516
479 517
479 531
480 502
480 506
480 547
481 504
481 513
481 520
481 547
482 500
482 515
482 520
482 532
482 546
483 511
483 518
483 545
484 510
484 514
484 520
484 544
485 500
485 538
486 506
486 513
486 523
486 529
486 539
487 509
487 511
487 513
487 530
487 544
488 529
488 549
489 520
489 531
489 544
489 548
490 506
490 512
490 527
490 533
490 536
491 502
491 538
492 506
492 510
492 514
492 517
493 519
493 534
494 511
494 513
494 520
494 540
494 541
495 513
495 516
496 514
496 518
496 519
497 500
497 528
498 512
498 530
498 546
500 3
500 12
500 15
500 30
500 31
500 33
500 44
500 47
500 48
500 56
500 58
500 59
500 60
500 64
500 65
500 71
500 72
500 86
500 97
500 108
500 115
500 118
500 130
500 150
500 152
500 163
500 165
500 169
500 172
500 174
500 187
500 188
500 192
500 194
500 195
500 200
500 209
500 212
500 215
500 216
500 224
500 225
500 231
500 239
500 245
500 247
500 249
500 258
500 259
500 273
500 276
500 279
500 281
500 285
500 287
500 290
500 291
500 300
500 305
500 325
500 344
500 355
500 357
500 364
500 375
500 387
500 398
500 400
500 411
500 412
500 413
500 427
500 438
500 441
500 457
500 474
500 478
500 482
501 2
501 9
501 17
501 24
501 36
501 40
501 48
501 51
501 56
501 60
501 64
501 66
501 68
501 70
501 73
501 81
501 82
501 86
501 87
501 90
501 92
501 101
501 104
501 106
501 107
501 112
501 118
501 124
501 135
501 139
501 140
501 142
501 159
501 161
501 164
501 184
501 187
501 190
501 195
501 205
501 206
501 210
501 217
501 218
501 221
501 224
501 226
501 235
501 237
501 238
501 239
501 240
501 252
501 258
501 279
501 280
501 283
501 293
501 299
501 300
501 305
501 310
501 317
501 328
501 335
501 337
501 355
501 357
501 367
501 382
501 398
501 399
501 401
501 416
501 439
501 456
501 497
502 5
502 8
502 26
502 35
502 39
502 41
502 45
502 54
502 55
502 57
502 58
502 62
502 73
502 80
502 88
502 90
502 94
502 95
502 99
502 101
502 104
502 111
502 113
502 120
502 123
502 124
502 126
502 147
502 151
502 152
502 155
502 157
502 163
502 176
502 182
502 200
502 202
502 211
502 222
502 228
502 234
502 235
502 252
502 253
502 257
502 259
502 271
502 282
502 287
502 290
502 292
502 298
502 310
502 323
502 330
502 334
502 337
502 351
502 352
502 359
502 361
502 405
502 420
502 426
502 446
502 448
502 462
502 464
502 466
502 467
502 473
502 480
502 493
502 499
503 8
503 9
503 12
503 25
503 28
503 29
503 33
503 37
503 42
503 43
503 45
503 47
503 53
503 54
503 56
503 62
503 63
503 66
503 72
503 78
503 94
503 95
503 99
503 115
503 129
503 151
503 153
503 156
503 172
503 182
503 184
503 198
503 199
503 202
503 203
503 207
503 209
503 218
503 220
503 224
503 228
503 235
503 240
503 249
503 250
503 254
503 263
503 266
503 270
503 281
503 285
503 287
503 302
503 306
503 316
503 324
503 326
503 328
503 330
503 332
503 346
503 351
503 356
503 361
503 372
503 378
503 390
503 392
503 417
503 418
503 421
503 433
503 439
503 444
503 445
503 478
504 6
504 8
504 9
504 12
504 13
504 14
504 15
504 17
504 22
504 32
504 37
504 50
504 58
504 61
504 64
504 65
504 66
504 68
504 81
504 82
504 87
504 112
504 113
504 120
504 122
504 123
504 133
504 136
504 146
504 152
504 154
504 156
504 161
504 165
504 166
504 170
504 172
504 177
504 186
504 187
504 199
504 208
504 213
504 219
504 226
504 238
504 242
504 245
504 247
504 248
504 250
504 252
504 263
504 269
504 271
504 281
504 306
504 322
504 326
504 328
504 336
504 341
504 348
504 363
504 364
504 365
504 367
504 370
504 374
504 379
504 382
504 396
504 417
504 419
504 421
504 465
504 476
504 481
505 4
505 11
505 21
505 27
505 29
505 37
505 39
505 40
505 41
505 42
505 47
505 51
505 56
505 64
505 70
505 71
505 75
505 77
505 86
505 96
505 98
505 108
505 119
505 137
505 141
505 155
505 159
505 162
505 165
505 166
505 167
505 173
505 178
505 193
505 199
505 208
505 212
505 219
505 234
505 237
505 243
505 251
505 252
505 262
505 267
505 269
505 278
505 288
505 300
505 312
505 331
505 335
505 338
505 343
505 348
505 356
505 358
505 361
505 369
505 374
505 375
505 378
505 385
505 396
505 400
505 462
505 464
505 471
505 488
506 1
506 9
506 14
506 16
506 19
506 20
506 23
506 26
506 29
506 30
506 40
506 41
506 48
506 49
506 51
506 53
506 57
506 58
506 61
506 79
506 82
506 85
506 88
506 91
506 103
506 109
506 116
506 117
506 118
506 127
506 131
506 132
506 135
506 136
506 140
506 142
506 145
506 148
506 149
506 152
506 175
506 176
506 181
506 191
506 217
506 231
506 249
506 251
506 264
506 274
506 280
506 281
506 293
506 298
506 302
506 303
506 309
506 316
506 321
506 327
506 341
506 342
506 347
506 352
506 364
506 367
506 375
506 382
506 386
506 393
506 397
506 407
506 427
506 448
506 450
506 457
506 470
506 475
506 478
506 480
506 486
506 492
506 499
507 0
507 1
507 7
507 15
507 22
507 29
507 30
507 33
507 43
507 50
507 51
507 52
507 62
507 64
507 65
507 66
507 71
507 76
507 82
507 84
507 86
507 94
507 96
507 100
507 106
507 107
507 113
507 117
507 126
507 131
507 133
507 138
507 148
507 150
507 156
507 169
507 173
507 186
507 215
507 219
507 220
507 222
507 229
507 240
507 243
507 247
507 250
507 259
507 261
507 268
507 280
507 282
507 290
507 300
507 303
507 305
507 308
507 313
507 314
507 315
507 322
507 331
507 332
507 342
507 350
507 365
507 377
507 389
507 394
507 400
507 402
507 416
507 431
507 432
507 444
507 445
507 446
507 458
507 471
507 477
507 497
508 1
508 17
508 19
508 27
508 29
508 32
508 36
508 41
508 43
508 45
508 56
508 83
508 86
508 90
508 93
508 111
508 117
508 125
508 127
508 131
508 133
508 134
508 139
508 143
508 153
508 154
508 157
508 160
508 163
508 164
508 166
508 168
508 170
508 171
508 172
508 179
508 184
508 185
508 187
508 188
508 204
508 211
508 222
508 228
508 232
508 239
508 242
508 249
508 262
508 274
508 275
508 283
508 311
508 314
508 316
508 326
508 342
508 352
508 355
508 363
508 369
508 371
508 376
508 402
508 414
508 421
508 423
508 427
508 456
508 467
509 2
509 3
509 11
509 12
509 15
509 22
509 23
509 27
509 28
509 31
509 32
509 40
509 43
509 45
509 55
509 59
509 68
509 72
509 75
509 79
509 82
509 93
509 95
509 100
509 101
509 103
509 107
509 109
509 110
509 121
509 123
509 125
509 139
509 145
509 146
509 158
509 159
509 167
509 169
509 177
509 178
509 181
509 196
509 203
509 210
509 221
509 227
509 251
509 275
509 276
509 279
509 289
509 290
509 292
509 301
509 302
509 310
509 314
509 320
509 329
509 345
509 346
509 352
509 360
509 370
509 381
509 383
509 390
509 395
509 408
509 410
509 422
509 424
509 432
509 433
509 451
509 458
509 472
509 487
510 0
510 4
510 15
510 18
510 20
510 28
510 33
510 34
510 37
510 38
510 39
510 57
510 58
510 59
510 60
510 65
510 78
510 84
510 85
510 88
510 98
510 100
510 102
510 103
510 110
510 111
510 116
510 118
510 123
510 124
510 126
510 131
510 134
510 137
510 148
510 155
510 163
510 174
510 185
510 200
510 201
510 206
510 209
510 220
510 230
510 232
510 243
510 268
510 282
510 284
510 288
510 301
510 304
510 310
510 318
510 319
510 326
510 343
510 362
510 380
510 391
510 397
510 398
510 399
510 414
510 428
510 430
510 431
510 442
510 444
510 455
510 473
510 476
510 478
510 481
510 484
510 492
511 10
511 11
511 13
511 14
511 18
511 20
511 25
511 30
511 34
511 47
511 49
511 53
511 65
511 66
511 68
511 69
511 81
511 89
511 111
511 120
511 122
511 143
511 144
511 152
511 153
511 155
511 167
511 169
511 172
511 176
511 181
511 185
511 188
511 190
511 191
511 198
511 202
511 204
511 205
511 207
511 220
511 221
511 230
511 250
511 252
511 254
511 258
511 278
511 279
511 284
511 295
511 296
511 302
511 304
511 328
511 333
511 336
511 341
511 354
511 355
511 364
511 368
511 373
511 383
511 384
511 386
511 391
511 409
511 411
511 418
511 425
511 429
511 435
511 440
511 459
511 463
511 483
511 487
511 494
512 0
512 1
512 2
512 3
512 13
512 18
512 24
512 25
512 26
512 29
512 32
512 43
512 48
512 51
512 52
512 53
512 59
512 65
512 66
512 69
512 81
512 88
512 92
512 93
512 97
512 98
512 100
512 107
512 108
512 123
512 138
512 145
512 146
512 149
512 154
512 158
512 174
512 175
512 185
512 189
512 190
512 193
512 194
512 203
512 210
512 213
512 217
512 227
512 235
512 246
512 258
512 267
512 279
512 281
512 291
512 297
512 318
512 326
512 330
512 336
512 342
512 367
512 370
512 375
512 384
512 390
512 443
512 447
513 2
513 3
513 4
513 5
513 15
513 17
513 18
513 31
513 32
513 34
513 41
513 48
513 52
513 62
513 63
513 65
513 73
513 74
513 80
513 85
513 87
513 95
513 107
513 110
513 130
513 134
513 142
513 144
513 152
513 154
513 156
513 166
513 167
513 168
513 171
513 186
513 191
513 197
513 202
513 204
513 215
513 240
513 244
513 249
513 256
513 259
513 276
513 295
513 309
513 324
513 334
513 340
513 342
513 345
513 349
513 350
513 358
513 363
513 373
513 389
513 394
513 398
513 399
513 431
513 440
513 441
513 446
513 451
513 456
513 466
513 481
513 485
513 486
513 492
513 494
514 0
514 3
514 4
514 6
514 12
514 17
514 19
514 21
514 22
514 26
514 29
514 36
514 39
514 40
514 42
514 47
514 49
514 50
514 55
514 58
514 61
514 62
514 69
514 70
514 71
514 80
514 85
514 91
514 93
514 99
514 102
514 105
514 109
514 111
514 115
514 120
514 128
514 139
514 148
514 183
514 189
514 201
514 210
514 215
514 226
514 233
514 245
514 256
514 269
514 273
514 282
514 284
514 286
514 303
514 307
514 361
514 362
514 373
514 383
514 396
514 402
514 423
514 427
514 433
514 436
514 437
514 441
514 460
514 477
514 479
515 1
515 6
515 17
515 20
515 21
515 22
515 34
515 39
515 46
515 48
515 57
515 63
515 65
515 67
515 74
515 76
515 82
515 85
515 91
515 101
515 109
515 115
515 122
515 137
515 147
515 165
515 168
515 189
515 197
515 203
515 207
515 214
515 243
515 245
515 260
515 269
515 285
515 310
515 315
515 320
515 325
515 346
515 353
515 371
515 393
515 410
515 422
515 424
515 427
515 432
515 441
515 447
515 450
515 482
515 485
516 4
516 5
516 10
516 11
516 12
516 16
516 18
516 28
516 41
516 52
516 58
516 64
516 69
516 75
516 77
516 79
516 80
516 81
516 89
516 91
516 93
516 99
516 101
516 109
516 114
516 124
516 127
516 130
516 146
516 147
516 156
516 159
516 175
516 177
516 181
516 182
516 186
516 187
516 190
516 197
516 204
516 215
516 218
516 229
516 232
516 233
516 243
516 252
516 253
516 263
516 267
516 271
516 272
516 285
516 286
516 298
516 312
516 320
516 329
516 331
516 335
516 341
516 344
516 360
516 386
516 392
516 394
516 397
516 416
516 433
516 434
516 436
516 451
516 456
516 479
516 485
517 0
517 1
517 3
517 9
517 21
517 22
517 24
517 28
517 31
517 36
517 37
517 50
517 51
517 52
517 53
517 54
517 56
517 57
517 58
517 59
517 63
517 64
517 75
517 80
517 86
517 89
517 97
517 101
517 102
517 106
517 109
517 110
517 112
517 120
517 124
517 125
517 130
517 133
517 138
517 142
517 144
517 162
517 173
517 194
517 197
517 233
517 236
517 240
517 243
517 247
517 248
517 250
517 255
517 258
517 267
517 274
517 291
517 292
517 301
517 303
517 306
517 311
517 319
517 332
517 334
517 338
517 351
517 358
517 362
517 379
517 384
517 386
517 387
517 403
517 404
517 407
517 418
517 420
517 442
517 448
517 454
517 455
517 461
517 473
517 479
517 492
518 2
518 5
518 24
518 25
518 31
518 38
518 42
518 43
518 44
518 54
518 56
518 60
518 64
518 69
518 78
518 81
518 117
518 118
518 120
518 129
518 132
518 136
518 139
518 145
518 148
518 150
518 152
518 157
518 161
518 164
518 173
518 174
518 176
518 189
518 190
518 195
518 197
518 199
518 200
518 211
518 213
518 219
518 224
518 228
518 241
518 255
518 261
518 266
518 279
518 282
518 290
518 303
518 313
518 327
518 336
518 344
518 358
518 360
518 365
518 368
518 380
518 391
518 406
518 428
518 440
518 453
518 473
518 483
518 496
519 6
519 12
519 21
519 23
519 24
519 26
519 41
519 43
519 60
519 62
519 64
519 65
519 67
519 69
519 76
519 79
519 83
519 87
519 96
519 101
519 104
519 105
519 107
519 111
519 112
519 113
519 115
519 116
519 128
519 136
519 142
519 146
519 149
519 153
519 161
519 162
519 167
519 177
519 178
519 196
519 207
519 222
519 223
519 229
519 230
519 237
519 243
519 251
519 254
519 258
519 286
519 295
519 298
519 301
519 304
519 313
519 323
519 325
519 330
519 334
519 348
519 364
519 374
519 381
519 382
519 385
519 394
519 395
519 401
519 403
519 411
519 413
519 415
519 423
519 425
519 439
519 447
519 463
519 474
519 491
520 1
520 4
520 10
520 13
520 16
520 17
520 25
520 26
520 27
520 33
520 47
520 67
520 68
520 70
520 72
520 74
520 97
520 110
520 115
520 121
520 130
520 134
520 140
520 145
520 147
520 156
520 162
520 163
520 169
520 180
520 183
520 197
520 203
520 205
520 208
520 210
520 220
520 221
520 223
520 228
520 236
520 237
520 241
520 245
520 246
520 258
520 262
520 264
520 272
520 273
520 280
520 295
520 306
520 309
520 316
520 329
520 336
520 338
520 349
520 355
520 364
520 365
520 399
520 403
520 432
520 433
520 442
520 457
520 481
520 483
520 484
520 494
520 495
521 4
521 10
521 11
521 13
521 17
521 19
521 33
521 47
521 49
521 59
521 64
521 70
521 72
521 80
521 82
521 85
521 95
521 96
521 115
521 116
521 122
521 131
521 135
521 137
521 140
521 143
521 156
521 157
521 160
521 161
521 168
521 181
521 188
521 189
521 196
521 199
521 200
521 202
521 207
521 220
521 221
521 247
521 250
521 251
521 252
521 257
521 263
521 264
521 265
521 274
521 276
521 277
521 281
521 305
521 317
521 329
521 346
521 351
521 380
521 387
521 392
521 404
521 406
521 426
521 432
521 433
521 455
521 456
521 457
521 469
521 471
521 475
522 1
522 2
522 4
522 5
522 6
522 8
522 12
522 14
522 15
522 20
522 24
522 27
522 30
522 46
522 48
522 49
522 50
522 53
522 65
522 69
522 83
522 87
522 93
522 98
522 106
522 120
522 126
522 128
522 131
522 133
522 148
522 151
522 161
522 163
522 166
522 167
522 168
522 171
522 177
522 189
522 199
522 203
522 207
522 208
522 216
522 223
522 225
522 233
522 237
522 239
522 244
522 245
522 249
522 255
522 281
522 285
522 287
522 288
522 289
522 334
522 342
522 344
522 348
522 374
522 382
522 400
522 404
522 413
522 430
522 449
522 476
522 489
523 8
523 12
523 13
523 16
523 23
523 27
523 29
523 33
523 38
523 42
523 43
523 45
523 49
523 50
523 55
523 60
523 83
523 85
523 103
523 114
523 121
523 128
523 139
523 146
523 156
523 160
523 169
523 171
523 180
523 186
523 190
523 197
523 214
523 229
523 230
523 251
523 264
523 265
523 272
523 280
523 285
523 288
523 289
523 314
523 315
523 319
523 329
523 350
523 378
523 395
523 398
523 403
523 418
523 422
523 434
523 454
523 467
523 474
523 486
523 495
524 2
524 4
524 20
524 25
524 28
524 30
524 38
524 40
524 41
524 43
524 45
524 46
524 53
524 54
524 57
524 61
524 63
524 67
524 70
524 71
524 76
524 77
524 78
524 83
524 92
524 97
524 109
524 114
524 115
524 117
524 125
524 127
524 128
524 130
524 134
524 135
524 143
524 144
524 150
524 153
524 160
524 164
524 165
524 174
524 175
524 182
524 183
524 188
524 192
524 193
524 195
524 197
524 201
524 202
524 209
524 218
524 222
524 223
524 226
524 233
524 238
524 244
524 245
524 248
524 249
524 261
524 262
524 267
524 269
524 271
524 277
524 278
524 292
524 294
524 310
524 324
524 328
524 333
524 335
524 336
524 339
524 346
524 382
524 385
524 392
524 398
524 413
524 415
524 417
524 423
524 424
524 428
524 437
524 439
524 453
524 459
524 464
524 473
524 488
525 12
525 19
525 20
525 21
525 22
525 25
525 27
525 28
525 33
525 34
525 44
525 49
525 57
525 60
525 66
525 75
525 85
525 90
525 95
525 102
525 119
525 124
525 129
525 131
525 132
525 141
525 144
525 146
525 147
525 148
525 154
525 165
525 180
525 188
525 191
525 196
525 198
525 199
525 212
525 225
525 230
525 236
525 237
525 241
525 251
525 272
525 273
525 276
525 294
525 297
525 300
525 310
525 318
525 319
525 330
525 332
525 344
525 360
525 362
525 380
525 391
525 393
525 405
525 409
525 449
525 454
525 461
525 467
525 474
525 480
525 484
526 1
526 5
526 7
526 9
526 15
526 20
526 23
526 25
526 34
526 37
526 45
526 52
526 62
526 70
526 80
526 86
526 106
526 107
526 109
526 121
526 136
526 153
526 167
526 169
526 172
526 174
526 186
526 194
526 196
526 198
526 205
526 207
526 208
526 223
526 236
526 241
526 244
526 246
526 252
526 254
526 262
526 268
526 275
526 278
526 283
526 287
526 293
526 296
526 308
526 314
526 323
526 327
526 342
526 347
526 355
526 357
526 360
526 369
526 371
526 374
526 377
526 386
526 397
526 412
526 432
526 439
526 441
526 491
527 3
527 4
527 5
527 6
527 7
527 9
527 17
527 21
527 23
527 24
527 25
527 27
527 28
527 31
527 36
527 37
527 38
527 43
527 45
527 52
527 69
527 77
527 81
527 85
527 92
527 105
527 108
527 109
527 112
527 114
527 115
527 122
527 133
527 135
527 140
527 142
527 152
527 156
527 164
527 180
527 181
527 189
527 190
527 194
527 208
527 209
527 214
527 215
527 216
527 220
527 225
527 233
527 234
527 250
527 251
527 263
527 264
527 265
527 281
527 282
527 283
527 286
527 300
527 302
527 303
527 309
527 314
527 315
527 323
527 330
527 333
527 343
527 348
527 354
527 367
527 374
527 418
527 425
527 441
527 442
527 460
527 463
527 468
527 475
528 5
528 6
528 8
528 9
528 10
528 13
528 19
528 20
528 27
528 28
528 32
528 41
528 53
528 54
528 56
528 57
528 63
528 65
528 70
528 72
528 73
528 78
528 84
528 97
528 99
528 104
528 112
528 116
528 117
528 129
528 139
528 143
528 146
528 157
528 163
528 166
528 170
528 183
528 189
528 190
528 192
528 196
528 210
528 211
528 227
528 232
528 234
528 240
528 254
528 256
528 263
528 265
528 267
528 277
528 278
528 306
528 308
528 317
528 320
528 324
528 325
528 332
528 334
528 336
528 340
528 344
528 349
528 356
528 357
528 375
528 377
528 388
528 395
528 412
528 413
528 430
528 435
528 441
528 452
528 454
528 463
528 472
528 497
529 12
529 13
529 17
529 21
529 22
529 36
529 38
529 39
529 56
529 61
529 62
529 67
529 72
529 74
529 77
529 80
529 83
529 88
529 92
529 100
529 103
529 108
529 110
529 113
529 134
529 144
529 157
529 159
529 160
529 165
529 167
529 169
529 174
529 176
529 179
529 182
529 183
529 196
529 197
529 205
529 206
529 219
529 232
529 233
529 239
529 243
529 251
529 273
529 274
529 277
529 297
529 307
529 314
529 316
529 321
529 340
529 350
529 354
529 363
529 367
529 391
529 393
529 404
529 420
529 438
529 468
529 470
529 471
529 474
529 486
530 0
530 1
530 8
530 11
530 16
530 36
530 37
530 41
530 53
530 59
530 62
530 66
530 73
530 74
530 75
530 90
530 91
530 93
530 94
530 118
530 120
530 125
530 131
530 133
530 134
530 143
530 150
530 162
530 176
530 179
530 184
530 195
530 198
530 202
530 209
530 216
530 220
530 229
530 231
530 234
530 236
530 237
530 242
530 244
530 248
530 261
530 262
530 266
530 268
530 271
530 296
530 297
530 300
530 311
530 321
530 331
530 333
530 335
530 343
530 350
530 357
530 370
530 373
530 380
530 397
530 422
530 445
530 453
530 459
530 468
530 470
530 487
530 498
531 0
531 6
531 7
531 9
531 11
531 14
531 18
531 24
531 27
531 32
531 42
531 44
531 45
531 49
531 53
531 55
531 56
531 59
531 60
531 66
531 67
531 68
531 79
531 84
531 85
531 86
531 96
531 102
531 116
531 117
531 150
531 155
531 158
531 162
531 165
531 179
531 199
531 204
531 214
531 217
531 218
531 221
531 225
531 227
531 228
531 240
531 243
531 246
531 248
531 260
531 273
531 282
531 305
531 311
531 312
531 323
531 341
531 355
531 356
531 363
531 366
531 402
531 416
531 417
531 420
531 426
531 435
531 439
531 459
531 474
531 479
531 480
531 489
532 0
532 3
532 6
532 13
532 20
532 23
532 26
532 31
532 40
532 43
532 44
532 49
532 52
532 60
532 61
532 67
532 71
532 74
532 79
532 86
532 89
532 94
532 97
532 99
532 116
532 123
532 125
532 133
532 149
532 153
532 154
532 186
532 189
532 193
532 205
532 221
532 230
532 234
532 235
532 238
532 242
532 253
532 256
532 260
532 261
532 281
532 293
532 297
532 311
532 321
532 337
532 338
532 344
532 347
532 362
532 366
532 369
532 372
532 377
532 378
532 379
532 383
532 385
532 402
532 405
532 408
532 435
532 460
532 465
532 476
532 482
532 483
532 496
533 0
533 4
533 5
533 7
533 19
533 22
533 23
533 31
533 35
533 37
533 46
533 48
533 50
533 60
533 67
533 69
533 75
533 76
533 78
533 84
533 87
533 89
533 90
533 91
533 99
533 101
533 103
533 104
533 124
533 127
533 129
533 141
533 144
533 149
533 153
533 158
533 159
533 167
533 175
533 179
533 193
533 195
533 196
533 210
533 219
533 223
533 228
533 229
533 242
533 244
533 265
533 270
533 274
533 279
533 284
533 297
533 303
533 304
533 307
533 319
533 323
533 325
533 327
533 330
533 332
533 334
533 335
533 336
533 343
533 348
533 370
533 372
533 380
533 387
533 389
533 396
533 397
533 429
533 453
533 458
533 464
533 490
534 1
534 6
534 11
534 14
534 18
534 21
534 22
534 30
534 35
534 38
534 46
534 47
534 64
534 67
534 75
534 82
534 91
534 98
534 100
534 104
534 112
534 119
534 121
534 125
534 126
534 127
534 136
534 138
534 139
534 146
534 150
534 162
534 163
534 167
534 168
534 170
534 172
534 177
534 178
534 179
534 185
534 186
534 191
534 192
534 210
534 212
534 214
534 219
534 230
534 236
534 246
534 247
534 253
534 257
534 259
534 292
534 294
534 309
534 367
534 376
534 378
534 381
534 384
534 389
534 395
534 406
534 455
534 469
534 475
534 488
534 491
534 493
535 1
535 4
535 7
535 9
535 16
535 27
535 34
535 39
535 44
535 47
535 51
535 81
535 84
535 91
535 98
535 102
535 105
535 106
535 115
535 117
535 134
535 137
535 143
535 145
535 149
535 155
535 158
535 166
535 174
535 180
535 191
535 193
535 201
535 203
535 206
535 213
535 226
535 229
535 241
535 256
535 264
535 276
535 278
535 288
535 296
535 303
535 318
535 340
535 343
535 347
535 349
535 389
535 394
535 412
535 422
535 429
535 449
535 450
536 13
536 20
536 21
536 23
536 28
536 32
536 37
536 44
536 46
536 48
536 50
536 70
536 77
536 79
536 80
536 94
536 96
536 104
536 112
536 117
536 118
536 119
536 131
536 132
536 138
536 139
536 142
536 147
536 162
536 168
536 178
536 186
536 194
536 208
536 209
536 217
536 224
536 227
536 230
536 234
536 244
536 247
536 260
536 262
536 264
536 268
536 270
536 280
536 286
536 317
536 339
536 345
536 353
536 354
536 364
536 376
536 384
536 393
536 398
536 399
536 422
536 429
536 439
536 466
536 470
536 479
536 490
537 5
537 7
537 8
537 9
537 11
537 17
537 26
537 30
537 33
537 47
537 50
537 51
537 52
537 54
537 55
537 56
537 74
537 77
537 78
537 90
537 93
537 94
537 96
537 103
537 113
537 116
537 121
537 125
537 141
537 142
537 156
537 161
537 170
537 172
537 176
537 198
537 204
537 206
537 208
537 211
537 213
537 216
537 228
537 241
537 246
537 264
537 268
537 273
537 274
537 276
537 284
537 290
537 292
537 296
537 302
537 311
537 315
537 323
537 326
537 331
537 338
537 345
537 349
537 353
537 358
537 359
537 362
537 366
537 372
537 376
537 387
537 408
537 417
537 426
537 428
537 430
537 436
537 438
537 452
537 456
537 458
537 465
538 9
538 14
538 15
538 19
538 21
538 23
538 27
538 32
538 39
538 42
538 45
538 62
538 73
538 91
538 93
538 98
538 104
538 112
538 118
538 119
538 120
538 129
538 130
538 135
538 136
538 138
538 144
538 172
538 173
538 181
538 182
538 185
538 186
538 194
538 202
538 212
538 230
538 231
538 236
538 241
538 245
538 254
538 263
538 267
538 277
538 280
538 285
538 289
538 296
538 306
538 313
538 315
538 328
538 343
538 369
538 376
538 392
538 399
538 409
538 419
538 443
538 485
539 2
539 10
539 11
539 12
539 14
539 22
539 24
539 30
539 35
539 38
539 40
539 43
539 44
539 45
539 54
539 56
539 74
539 83
539 97
539 99
539 100
539 102
539 107
539 108
539 114
539 115
539 119
539 121
539 123
539 127
539 130
539 134
539 136
539 138
539 139
539 150
539 151
539 154
539 175
539 179
539 191
539 193
539 196
539 203
539 205
539 213
539 218
539 256
539 258
539 260
539 268
539 270
539 272
539 273
539 284
539 301
539 333
539 334
539 347
539 353
539 356
539 358
539 363
539 372
539 373
539 378
539 379
539 382
539 383
539 388
539 390
539 391
539 393
539 394
539 400
539 401
539 407
539 420
539 435
539 449
539 465
540 1
540 2
540 8
540 13
540 16
540 30
540 37
540 38
540 54
540 67
540 68
540 73
540 81
540 85
540 87
540 89
540 90
540 92
540 94
540 98
540 100
540 105
540 106
540 107
540 108
540 113
540 122
540 126
540 137
540 141
540 142
540 143
540 152
540 159
540 162
540 168
540 174
540 181
540 182
540 190
540 192
540 200
540 205
540 212
540 214
540 222
540 226
540 232
540 254
540 266
540 277
540 299
540 303
540 309
540 312
540 316
540 322
540 328
540 352
540 354
540 360
540 378
540 384
540 388
540 392
540 408
540 410
540 411
540 417
540 437
540 460
540 468
540 472
540 477
540 494
541 1
541 3
541 4
541 6
541 7
541 8
541 18
541 32
541 40
541 42
541 46
541 48
541 50
541 52
541 58
541 61
541 68
541 73
541 75
541 76
541 83
541 84
541 85
541 88
541 90
541 92
541 96
541 98
541 100
541 101
541 109
541 115
541 117
541 121
541 125
541 144
541 171
541 172
541 182
541 187
541 198
541 206
541 211
541 212
541 214
541 224
541 225
541 226
541 229
541 247
541 250
541 255
541 259
541 260
541 261
541 270
541 273
541 275
541 276
541 284
541 287
541 289
541 291
541 293
541 296
541 298
541 304
541 326
541 333
541 337
541 343
541 345
541 351
541 353
541 361
541 399
541 410
541 419
541 420
541 431
541 443
541 469
541 475
542 0
542 3
542 4
542 6
542 17
542 27
542 35
542 38
542 39
542 40
542 51
542 57
542 61
542 63
542 65
542 66
542 69
542 73
542 79
542 81
542 88
542 92
542 99
542 102
542 108
542 112
542 114
542 116
542 123
542 126
542 127
542 133
542 140
542 145
542 150
542 166
542 169
542 173
542 175
542 178
542 182
542 185
542 190
542 191
542 201
542 215
542 217
542 219
542 221
542 224
542 227
542 238
542 240
542 246
542 267
542 271
542 275
542 295
542 296
542 306
542 309
542 327
542 338
542 349
542 357
542 361
542 373
542 388
542 413
542 418
542 442
542 444
542 450
542 463
542 469
543 0
543 9
543 10
543 14
543 15
543 21
543 23
543 25
543 26
543 29
543 34
543 35
543 39
543 43
543 46
543 51
543 59
543 61
543 63
543 72
543 73
543 75
543 76
543 79
543 80
543 89
543 90
543 91
543 117
543 118
543 121
543 128
543 129
543 130
543 134
543 135
543 140
543 141
543 142
543 149
543 150
543 152
543 155
543 158
543 159
543 160
543 173
543 179
543 182
543 194
543 195
543 198
543 201
543 205
543 206
543 217
543 223
543 226
543 227
543 230
543 235
543 255
543 256
543 271
543 296
543 299
543 316
543 317
543 319
543 327
543 345
543 362
543 377
543 382
543 390
543 395
543 403
543 405
543 437
543 446
543 460
543 464
543 475
543 493
544 0
544 1
544 14
544 18
544 19
544 20
544 21
544 26
544 28
544 33
544 35
544 37
544 49
544 53
544 57
544 58
544 59
544 61
544 69
544 70
544 71
544 78
544 79
544 82
544 90
544 101
544 111
544 113
544 118
544 124
544 130
544 132
544 134
544 149
544 162
544 165
544 166
544 177
544 183
544 184
544 201
544 217
544 219
544 228
544 253
544 261
544 264
544 277
544 278
544 295
544 299
544 324
544 341
544 354
544 367
544 371
544 375
544 388
544 396
544 400
544 402
544 406
544 412
544 414
544 419
544 443
544 446
544 462
544 484
544 487
545 0
545 2
545 7
545 14
545 17
545 26
545 29
545 34
545 36
545 41
545 42
545 44
545 61
545 69
545 71
545 74
545 77
545 80
545 93
545 98
545 107
545 108
545 111
545 113
545 123
545 136
545 143
545 145
545 148
545 149
545 160
545 161
545 163
545 165
545 175
545 177
545 183
545 192
545 194
545 201
545 209
545 211
545 212
545 222
545 231
545 236
545 237
545 238
545 263
545 265
545 266
545 275
545 276
545 284
545 287
545 288
545 299
545 300
545 310
545 327
545 337
545 339
545 340
545 350
545 368
545 377
545 379
545 383
545 384
545 387
545 393
545 407
545 410
545 444
545 445
545 493
546 0
546 16
546 22
546 25
546 31
546 32
546 37
546 44
546 47
546 50
546 51
546 52
546 55
546 67
546 70
546 71
546 75
546 77
546 82
546 84
546 85
546 91
546 107
546 114
546 128
546 129
546 133
546 135
546 141
546 142
546 143
546 145
546 146
546 147
546 153
546 155
546 156
546 158
546 180
546 184
546 197
546 206
546 225
546 227
546 231
546 232
546 245
546 255
546 256
546 257
546 259
546 269
546 270
546 283
546 284
546 299
546 301
546 307
546 309
546 319
546 321
546 324
546 327
546 328
546 329
546 340
546 346
546 349
546 354
546 359
546 365
546 366
546 370
546 371
546 377
546 383
546 392
546 397
546 408
546 415
546 421
546 423
546 431
546 434
546 435
546 447
546 452
546 478
546 482
546 498
547 1
547 7
547 17
547 18
547 19
547 24
547 26
547 31
547 34
547 35
547 36
547 40
547 46
547 63
547 68
547 77
547 83
547 91
547 94
547 96
547 104
547 106
547 109
547 111
547 120
547 126
547 128
547 140
547 160
547 188
547 198
547 201
547 202
547 203
547 217
547 224
547 232
547 236
547 250
547 251
547 258
547 262
547 271
547 273
547 278
547 280
547 282
547 288
547 289
547 290
547 307
547 313
547 320
547 329
547 331
547 339
547 345
547 364
547 387
547 395
547 401
547 408
547 418
547 423
547 424
547 471
547 477
547 480
547 481
548 13
548 21
548 27
548 29
548 34
548 38
548 41
548 46
548 47
548 49
548 51
548 56
548 57
548 63
548 64
548 72
548 73
548 74
548 78
548 86
548 90
548 92
548 93
548 97
548 102
548 108
548 114
548 125
548 127
548 141
548 150
548 157
548 170
548 171
548 174
548 175
548 176
548 178
548 184
548 185
548 195
548 200
548 206
548 207
548 209
548 223
548 231
548 239
548 242
548 244
548 248
548 268
548 269
548 272
548 278
548 282
548 287
548 291
548 298
548 305
548 314
548 320
548 323
548 340
548 351
548 370
548 388
548 389
548 396
548 415
548 421
548 424
548 425
548 431
548 445
548 450
548 454
548 458
548 461
548 467
548 470
548 499
549 0
549 2
549 3
549 5
549 8
549 11
549 13
549 14
549 15
549 18
549 20
549 21
549 24
549 31
549 33
549 36
549 42
549 46
549 66
549 72
549 73
549 74
549 76
549 81
549 86
549 87
549 90
549 96
549 100
549 104
549 109
549 124
549 132
549 133
549 138
549 139
549 143
549 151
549 158
549 159
549 168
549 169
549 170
549 172
549 173
549 186
549 188
549 192
549 195
549 199
549 204
549 210
549 211
549 239
549 246
549 255
549 275
549 283
549 288
549 291
549 295
549 302
549 308
549 319
549 320
549 335
549 338
549 346
549 352
549 365
549 368
549 414
549 432
549 434
549 438
549 465
549 466
549 488
500 501 502 503 504 505 506 507 508 509 510 511 512 513 514 515 516 517 518 519 520 521 522 523 524 525 526 527 528 529 530 531 532 533 534 535 536 537 538 539 540 541 542 543 544 545 546 547 548 549
