64 421 8
0 1
0 2
0 3
0 8
0 12
0 16
0 32
0 48
1 2
1 5
1 9
1 17
1 33
2 0
2 1
2 3
2 6
2 10
2 14
2 34
3 1
3 7
3 11
3 35
3 51
4 0
4 5
4 6
4 7
4 8
4 12
4 20
4 52
5 1
5 4
5 6
5 7
5 13
5 21
5 37
5 53
6 5
6 7
6 10
6 14
6 22
6 54
7 3
7 4
7 5
7 6
7 11
7 39
7 55
8 0
8 4
8 9
8 10
8 11
8 12
8 24
8 56
9 5
9 8
9 11
9 25
9 57
10 2
10 6
10 9
10 11
10 26
10 42
11 9
11 27
11 59
12 0
12 8
12 13
12 14
12 15
12 44
12 60
13 1
13 9
13 14
13 15
13 29
13 45
13 61
14 2
14 10
14 12
14 13
14 15
14 30
14 62
15 3
15 7
15 11
15 31
16 0
16 17
16 18
16 20
16 48
17 1
17 19
17 25
17 33
17 49
18 2
18 17
18 22
18 26
18 30
18 50
19 3
19 16
19 17
19 18
19 23
19 27
19 31
20 16
20 24
20 36
20 52
21 5
21 17
21 20
21 23
21 25
21 29
21 53
22 6
22 18
22 20
22 21
22 26
22 30
22 38
23 7
23 19
23 20
23 21
23 22
23 31
23 39
24 8
24 16
24 20
24 25
24 26
24 27
24 56
25 9
25 21
25 24
25 26
25 27
25 29
25 41
25 57
26 10
26 18
26 42
26 58
27 11
27 19
27 23
27 24
27 25
27 26
27 31
28 12
28 16
28 20
28 24
28 29
28 30
28 44
28 60
29 13
29 17
29 21
29 25
29 28
29 30
29 31
29 61
30 14
30 26
30 28
30 29
30 31
30 46
30 62
31 23
31 27
31 28
31 29
31 30
31 47
31 63
32 0
32 16
32 33
32 34
32 35
32 44
32 48
33 1
33 17
33 32
33 35
33 41
33 45
33 49
34 2
34 18
34 32
34 33
34 35
34 38
34 42
34 46
34 50
35 19
35 33
35 34
35 39
35 43
35 47
35 51
36 4
36 20
36 32
36 37
36 38
36 40
36 44
37 21
37 33
37 36
37 38
37 39
37 41
37 45
37 53
38 6
38 22
38 36
38 37
38 39
38 46
38 54
39 7
39 23
39 35
39 36
39 37
39 38
39 43
40 8
40 24
40 32
40 36
40 41
40 42
40 43
40 44
40 56
41 9
41 25
41 33
41 37
41 42
41 43
41 45
41 57
42 26
42 38
42 40
42 41
42 43
42 46
43 11
43 27
43 40
43 41
43 42
44 12
44 28
44 40
44 45
44 47
44 60
45 13
45 29
45 33
45 37
45 41
45 46
45 61
46 14
46 30
46 34
46 42
46 44
46 47
46 62
47 15
47 35
47 39
47 43
47 45
47 46
47 63
48 0
48 32
48 50
48 51
48 52
49 1
49 17
49 48
49 51
49 57
49 61
50 2
50 48
50 49
50 51
50 62
51 19
51 35
51 50
51 55
52 36
52 54
52 56
53 5
53 37
53 49
53 52
53 54
53 55
53 57
53 61
54 6
54 22
54 38
54 50
54 52
54 53
54 58
54 62
55 23
55 39
55 51
55 52
55 53
55 54
55 59
55 63
56 24
56 48
56 52
56 57
56 58
56 59
56 60
57 9
57 25
57 41
57 49
57 56
57 59
57 61
58 10
58 26
58 42
58 50
58 56
58 57
58 59
58 62
59 27
59 43
59 51
59 57
59 58
59 63
60 12
60 28
60 44
60 48
60 52
60 56
60 61
60 63
61 13
61 29
61 45
61 49
61 53
61 57
61 62
61 63
62 14
62 46
62 50
62 54
62 58
62 60
62 61
62 63
63 15
63 47
63 51
0 15 19 28 37 42 54 57
