64 283 12
0 1
0 2
0 8
0 16
0 32
1 3
1 5
1 9
1 33
2 0
2 3
2 6
2 10
2 34
3 1
3 7
3 11
3 19
3 35
4 0
4 6
4 12
4 20
4 36
5 4
5 7
5 13
6 2
6 4
6 7
6 14
6 22
7 6
7 15
7 23
7 39
8 0
8 9
8 10
8 12
8 24
8 40
9 1
9 8
9 11
9 13
10 2
10 8
10 14
10 42
11 3
11 10
11 15
11 27
11 43
12 4
12 8
12 14
12 28
12 44
13 5
13 12
13 15
13 45
14 15
14 46
15 7
15 13
15 31
15 47
16 0
16 17
16 18
16 20
17 1
17 19
18 2
18 22
18 26
19 3
19 18
19 23
19 51
20 4
20 16
20 22
20 52
21 5
21 17
21 20
21 23
21 29
21 53
22 30
22 54
23 7
23 19
23 22
23 31
23 55
24 16
24 25
24 26
25 9
25 17
25 24
26 10
26 24
26 27
26 58
27 11
27 19
27 25
27 26
27 31
27 59
28 12
28 20
28 24
28 29
28 30
29 13
29 21
29 25
29 28
29 31
29 61
30 14
30 22
30 26
30 28
30 31
30 62
31 15
31 27
31 29
31 30
31 63
32 0
32 33
32 34
32 40
32 48
33 41
34 32
34 35
34 38
34 42
34 50
35 3
35 33
35 34
35 39
35 51
36 4
36 32
37 5
37 33
37 36
37 39
37 45
38 6
38 34
38 36
38 39
39 7
39 35
39 37
39 38
39 47
39 55
40 41
40 42
40 44
40 56
41 9
41 33
41 40
41 43
41 45
42 40
42 43
42 46
42 58
43 11
43 35
43 41
43 42
43 47
43 59
44 12
44 36
44 40
44 60
45 13
45 37
45 41
45 44
46 14
46 38
46 44
46 47
47 39
47 43
47 45
47 46
48 16
48 49
48 50
48 52
48 56
49 17
49 33
49 48
49 51
49 57
50 18
50 34
50 51
50 54
50 58
51 19
51 35
51 49
51 50
51 55
51 59
52 20
52 36
52 48
52 54
52 60
53 21
53 37
53 49
53 52
53 55
53 61
54 22
54 38
54 50
54 52
54 55
54 62
55 23
55 53
56 24
56 40
56 48
56 57
56 58
56 60
57 25
57 41
57 59
57 61
58 26
58 42
58 50
58 56
58 59
59 27
59 57
59 58
59 63
60 28
60 44
60 52
60 56
60 61
60 62
61 45
61 53
61 57
62 30
62 46
62 58
62 63
63 31
63 47
63 55
63 61
63 62
1 6 15 23 26 28 35 37 40 48 57 62
