128 664 64
0 1
0 4
0 16
0 32
1 3
1 5
1 33
1 65
2 0
2 6
2 10
2 18
2 34
2 66
3 1
3 2
3 11
3 19
3 35
3 67
4 6
4 68
5 1
5 4
5 13
5 21
5 69
6 2
6 4
6 7
6 22
6 70
7 3
7 5
7 15
7 23
7 39
7 71
8 0
8 9
8 10
8 72
9 1
9 8
9 11
9 13
9 41
10 2
10 8
10 11
10 26
10 42
10 74
11 3
11 10
11 15
11 27
11 43
11 75
12 4
12 8
12 13
12 14
12 28
12 44
12 76
13 12
13 15
13 29
13 45
13 77
14 6
14 10
14 30
14 46
14 78
15 11
15 13
15 14
15 31
15 47
15 79
16 0
16 17
16 18
16 80
17 1
17 16
17 19
17 21
17 25
17 49
17 81
18 2
18 16
18 19
18 22
18 26
18 50
18 82
19 3
19 23
19 27
19 51
19 83
20 4
20 16
20 21
20 22
20 28
21 5
21 20
21 23
21 29
22 6
22 18
22 20
22 23
22 30
22 54
22 86
23 19
23 21
23 22
23 31
23 55
23 87
24 8
24 16
24 25
24 26
24 28
24 56
24 88
25 9
25 17
25 27
25 57
26 24
26 27
26 30
26 58
26 90
27 19
27 25
27 31
27 59
28 30
28 60
28 92
29 21
29 25
29 28
29 31
29 61
29 93
30 14
30 22
30 26
30 28
30 31
30 62
30 94
31 15
31 23
31 29
31 63
31 95
32 0
32 33
32 34
32 36
32 40
32 48
32 96
33 1
33 32
33 35
33 49
33 97
34 2
34 35
34 38
34 42
34 50
35 3
35 33
35 39
35 99
36 4
36 32
36 38
36 44
36 52
36 100
37 5
37 33
37 36
37 39
37 45
37 53
38 6
38 34
38 36
38 46
38 54
38 102
39 7
39 35
39 38
39 47
39 55
39 103
40 8
40 41
40 44
40 56
41 33
41 43
41 45
41 57
42 10
42 34
42 40
42 43
42 46
42 58
43 35
43 42
43 47
43 59
44 36
44 45
44 46
44 108
45 13
45 37
45 47
46 14
46 38
46 42
46 47
46 110
47 15
47 39
47 45
47 111
48 16
48 49
48 56
49 17
49 33
49 51
49 57
50 48
50 51
50 54
50 58
50 114
51 19
51 35
51 49
51 55
51 59
51 115
52 20
52 36
52 48
52 53
52 54
52 116
53 21
53 37
53 49
53 55
53 61
53 117
54 22
54 38
54 50
54 55
54 118
55 23
55 39
55 51
55 53
55 54
55 63
56 24
56 40
56 48
56 57
56 58
56 60
56 120
57 41
57 49
57 56
57 59
57 121
58 56
58 59
58 62
58 122
59 43
59 57
59 123
60 44
60 52
60 56
60 62
60 124
61 29
61 45
61 57
61 60
61 63
61 125
62 30
62 46
62 54
62 58
62 126
63 31
63 47
63 59
63 62
64 0
64 65
64 66
64 68
64 72
64 80
64 96
65 1
65 67
65 69
65 73
65 81
65 97
66 2
66 64
66 67
66 74
66 82
66 98
67 65
67 66
67 71
67 75
67 83
68 64
68 70
68 76
68 84
68 100
69 5
69 65
69 68
69 85
69 101
70 66
70 71
71 7
71 67
71 69
71 79
71 87
72 64
72 73
72 74
72 76
72 88
72 104
73 9
73 65
73 77
73 89
73 105
74 66
74 75
74 78
74 90
74 106
75 11
75 67
75 73
75 74
75 79
75 91
75 107
76 12
76 68
76 72
76 77
76 78
76 92
76 108
77 69
77 73
77 76
77 79
77 93
77 109
78 70
78 76
78 79
78 94
78 110
79 15
79 71
79 77
79 78
79 95
79 111
80 16
80 64
80 82
80 88
80 112
81 65
81 80
81 83
81 85
81 89
81 113
82 66
82 80
82 83
83 19
83 67
83 87
83 91
83 115
84 20
84 80
84 85
84 86
84 116
85 21
85 81
85 84
85 87
85 93
85 117
86 70
86 82
86 87
86 94
86 118
87 71
87 83
87 85
87 95
88 24
88 89
88 90
88 92
88 120
89 25
89 73
89 121
90 26
90 82
90 91
90 94
90 122
91 27
91 75
91 89
91 90
91 95
91 123
92 28
92 76
92 84
92 88
92 93
92 94
92 124
93 29
93 77
93 85
93 89
93 92
93 125
94 30
94 86
94 90
94 92
95 31
95 79
95 87
95 91
95 93
95 94
95 127
96 64
96 97
96 98
96 100
96 112
97 33
97 96
97 101
97 105
97 113
98 34
98 66
98 96
98 99
98 106
98 114
99 67
99 97
99 98
99 103
99 107
100 36
100 68
100 96
100 101
100 116
101 37
101 69
101 97
101 117
102 38
102 70
102 98
102 100
102 103
102 110
102 118
103 71
103 101
103 102
103 111
104 40
104 72
104 96
104 105
104 106
104 108
105 41
105 73
105 97
105 104
105 109
106 42
106 98
106 104
106 107
106 110
106 122
107 43
107 105
107 111
107 123
108 44
108 76
108 100
108 109
108 110
108 124
109 45
109 77
109 101
109 105
109 111
110 78
110 102
110 106
110 108
110 111
111 47
111 103
111 109
111 127
112 48
112 96
112 113
112 114
112 116
112 120
113 49
113 81
113 97
113 112
113 115
113 117
113 121
114 82
114 112
114 118
114 122
115 51
115 83
115 99
115 113
115 114
115 123
116 52
116 100
116 112
116 117
116 118
117 53
117 101
117 113
117 116
117 119
117 125
118 86
118 102
118 114
118 116
118 119
118 126
119 55
119 87
119 103
119 115
119 117
119 118
119 127
120 56
120 104
120 112
120 121
120 122
120 124
121 57
121 89
121 105
121 113
121 120
121 123
121 125
122 106
122 123
122 126
123 91
123 115
123 122
123 127
124 60
124 92
124 116
124 120
124 126
125 93
125 109
125 121
125 124
125 127
126 94
126 110
126 124
127 63
127 95
127 111
127 119
127 126
0 3 5 6 9 10 12 15 17 18 20 23 24 27 29 30 33 34 36 39 40 43 45 46 48 51 53 54 57 58 60 63 65 66 68 71 72 75 77 78 80 83 85 86 89 90 92 95 96 99 101 102 105 106 108 111 113 114 116 119 120 123 125 126
