512 3440 256
0 1
0 2
0 4
0 16
0 64
0 128
1 0
1 3
1 5
1 9
1 17
1 33
1 65
2 0
2 3
2 10
2 18
2 34
2 66
2 258
3 1
3 11
3 35
4 5
4 12
4 36
4 132
4 260
5 1
5 21
5 37
5 69
5 133
5 261
6 2
6 4
6 7
6 22
6 70
6 134
7 3
7 5
7 15
7 39
7 71
7 135
7 263
8 0
8 9
8 10
8 12
8 24
8 40
8 72
8 136
8 264
9 1
9 11
9 13
9 25
9 41
9 73
9 137
9 265
10 2
10 14
10 26
10 42
10 74
10 266
11 3
11 9
11 10
11 15
11 27
11 43
11 75
12 4
12 13
12 14
12 28
12 44
12 76
12 140
12 268
13 5
13 12
13 29
13 45
13 77
13 141
13 269
14 6
14 10
14 46
14 78
14 142
15 7
15 11
15 13
15 14
15 31
15 47
15 79
15 143
15 271
16 17
16 18
16 20
16 24
16 48
16 80
16 144
16 272
17 1
17 16
17 19
17 21
17 25
17 81
17 273
18 2
18 19
18 22
18 26
18 50
18 146
18 274
19 3
19 23
19 27
19 51
19 83
19 275
20 4
20 16
20 21
20 22
20 28
20 52
20 84
20 148
20 276
21 17
21 29
21 53
21 85
21 149
21 277
22 18
22 23
22 30
22 54
22 150
23 7
23 19
23 21
23 22
23 31
23 151
23 279
24 8
24 16
24 25
24 56
24 88
24 152
24 280
25 9
25 17
25 24
25 29
25 57
25 89
25 153
25 281
26 10
26 24
26 27
26 30
26 90
26 154
26 282
27 19
27 25
27 31
27 59
27 155
28 24
28 30
28 60
28 92
28 284
29 13
29 21
29 25
29 28
29 31
29 93
29 157
29 285
30 14
30 22
30 26
30 28
30 31
30 62
30 286
31 15
31 23
31 95
31 159
32 0
32 34
32 40
32 160
33 1
33 32
33 35
33 37
33 41
33 49
33 97
33 161
33 289
34 2
34 32
34 35
34 38
34 42
34 50
34 162
34 290
35 3
35 39
35 51
35 163
35 291
36 32
36 37
36 44
36 52
36 100
36 164
36 292
37 33
37 36
37 39
37 53
37 101
37 165
37 293
38 6
38 34
38 36
38 46
38 54
38 102
38 294
39 37
39 38
39 47
39 55
39 103
39 167
40 8
40 41
40 42
40 44
40 56
40 104
40 168
40 296
41 40
41 45
41 105
41 169
41 297
42 10
42 40
42 43
42 46
42 58
42 106
42 170
42 298
43 11
43 35
43 41
43 42
43 59
43 107
43 299
44 36
44 40
44 46
45 13
45 37
45 41
45 44
45 47
45 61
45 109
45 173
45 301
46 14
46 47
46 62
46 110
46 174
46 302
47 15
47 39
47 43
47 45
47 46
47 63
47 111
47 175
48 16
48 32
48 49
48 50
48 52
48 56
48 112
48 176
48 304
49 17
49 33
49 48
49 51
49 53
49 57
49 113
49 177
49 305
50 48
50 54
50 58
50 114
50 178
50 306
51 19
51 35
51 50
51 55
51 59
51 115
51 307
52 20
52 36
52 48
52 53
52 54
52 308
53 21
53 49
53 52
53 55
53 117
53 181
53 309
54 55
54 62
54 118
54 182
54 310
55 23
55 39
55 51
55 54
55 63
55 183
55 311
56 24
56 40
56 58
56 60
56 120
56 184
56 312
57 25
57 41
57 49
57 56
57 59
57 61
57 121
57 185
58 26
58 42
58 56
58 59
58 62
58 122
58 186
58 314
59 27
59 57
59 58
59 63
60 28
60 44
60 52
60 61
60 62
60 124
60 316
61 29
61 53
61 57
61 60
61 125
61 189
61 317
62 30
62 46
62 54
62 58
62 60
62 63
62 190
62 318
63 31
63 55
63 59
63 61
63 62
63 127
63 191
64 0
64 65
64 72
64 80
64 320
65 1
65 64
65 67
65 69
65 81
65 193
65 321
66 64
66 67
66 70
66 74
66 98
66 322
67 3
67 65
67 75
67 83
67 99
67 195
67 323
68 4
68 64
68 69
68 70
68 76
68 84
68 100
68 324
69 68
69 71
69 77
69 85
69 101
69 197
69 325
70 6
70 66
70 68
70 71
70 78
70 198
71 7
71 67
71 69
71 70
71 79
71 87
71 103
71 199
71 327
72 64
72 73
72 74
72 76
72 88
72 104
72 200
72 328
73 9
73 65
73 72
73 75
73 89
73 201
73 329
74 10
74 66
74 75
74 106
74 330
75 11
75 73
75 79
75 91
75 107
75 203
75 331
76 68
76 78
76 92
76 108
76 204
76 332
77 13
77 73
77 76
77 79
77 93
77 109
77 333
78 14
78 70
78 74
78 76
78 79
78 94
79 71
79 75
79 78
79 95
79 111
79 207
79 335
80 16
80 81
80 82
80 84
80 88
80 112
81 65
81 80
81 83
81 85
81 113
81 209
81 337
82 18
82 66
82 80
82 83
82 86
82 90
83 19
83 67
83 87
83 115
84 20
84 68
84 85
84 116
84 212
84 340
85 21
85 69
85 81
85 84
85 87
85 93
85 213
85 341
86 22
86 70
86 82
86 84
86 87
86 94
86 118
86 214
86 342
87 23
87 71
87 83
87 86
87 95
87 215
87 343
88 24
88 72
88 89
88 92
88 120
88 216
88 344
89 25
89 81
89 91
89 93
89 121
89 345
90 26
90 74
90 82
90 88
90 91
90 94
90 346
91 27
91 83
91 89
91 90
91 95
91 123
91 219
91 347
92 76
92 84
92 88
92 94
92 124
93 29
93 85
93 92
93 95
93 125
93 221
94 30
94 78
94 86
94 90
94 92
94 95
94 222
95 31
95 79
95 87
95 91
95 94
95 127
96 32
96 64
96 97
96 98
96 104
96 224
97 65
97 99
97 105
97 113
97 353
98 34
98 66
98 99
98 102
98 226
99 35
99 97
99 98
99 103
99 115
99 227
99 355
100 36
100 96
100 101
100 102
100 108
100 116
100 228
100 356
101 69
101 97
101 100
101 103
101 109
101 117
101 229
101 357
102 70
102 100
102 103
102 110
102 118
103 39
103 99
103 101
103 102
103 119
103 231
104 72
104 96
104 105
104 108
104 120
104 360
105 41
105 73
105 97
105 104
105 107
105 109
105 121
105 361
106 42
106 74
106 98
106 104
106 122
106 234
106 362
107 43
107 99
107 105
107 106
107 111
107 123
107 235
107 363
108 44
108 76
108 104
108 109
108 110
108 124
108 236
108 364
109 45
109 77
109 101
109 105
109 125
109 237
109 365
110 46
110 78
110 106
110 111
110 126
110 238
110 366
111 79
111 103
111 107
111 109
111 110
111 127
111 367
112 48
112 80
112 96
112 113
112 114
112 116
112 120
112 240
112 368
113 49
113 81
113 97
113 112
113 117
113 121
113 241
113 369
114 50
114 82
114 98
114 115
114 118
114 122
114 242
115 51
115 83
115 113
115 114
115 119
116 52
116 84
116 112
116 118
116 124
116 244
117 85
117 113
117 116
117 119
117 245
118 54
118 86
118 114
118 116
118 119
118 246
118 374
119 55
119 87
119 103
119 115
119 118
119 127
119 247
120 88
120 104
120 112
120 121
120 124
120 376
121 57
121 123
121 125
121 249
121 377
122 58
122 90
122 106
122 120
122 126
122 378
123 59
123 91
123 115
123 121
123 122
123 251
123 379
124 60
124 92
124 108
124 125
124 126
124 252
124 380
125 61
125 117
125 121
125 127
125 381
126 62
126 94
126 110
126 118
126 122
126 124
126 254
127 123
127 125
127 126
127 255
128 0
128 130
128 132
128 136
128 144
128 160
128 192
128 384
129 1
129 128
129 131
129 133
129 145
129 161
129 193
129 385
130 2
130 128
130 131
130 138
130 146
130 162
130 194
130 386
131 3
131 129
131 130
131 135
131 139
131 147
131 163
131 195
131 387
132 128
132 134
132 140
132 148
132 196
132 388
133 5
133 132
133 135
133 141
133 149
133 197
133 389
134 6
134 130
134 132
134 135
134 142
134 166
134 198
135 131
135 133
135 167
135 391
136 128
136 138
136 140
136 168
136 200
136 392
137 129
137 136
137 139
137 393
138 10
138 130
138 139
138 142
138 154
138 170
138 202
138 394
139 11
139 131
139 137
139 143
139 155
139 203
139 395
140 132
140 141
140 142
140 172
140 204
140 396
141 13
141 133
141 137
141 140
141 143
141 157
141 173
141 205
141 397
142 134
142 140
142 143
142 158
142 206
142 398
143 15
143 135
143 139
143 142
143 207
144 128
144 145
144 146
144 176
144 208
144 400
145 17
145 129
145 144
145 147
145 153
145 209
145 401
146 130
146 144
146 147
146 150
146 154
146 402
147 19
147 131
147 146
147 151
147 155
147 211
147 403
148 132
148 144
148 149
148 150
148 156
148 212
149 145
149 151
149 157
149 181
149 213
149 405
150 22
150 134
150 146
150 148
150 151
150 182
150 406
151 135
151 149
151 183
151 215
151 407
152 24
152 136
152 144
152 153
152 156
152 184
152 408
153 137
153 152
153 155
153 157
153 185
153 217
153 409
154 26
154 146
154 152
154 155
154 158
154 186
154 218
154 410
155 139
155 147
155 153
155 154
155 159
155 187
155 219
155 411
156 28
156 140
156 148
156 157
156 188
156 220
156 412
157 149
157 153
157 189
157 221
157 413
158 30
158 150
158 154
158 156
158 190
159 143
159 151
159 155
159 157
159 158
159 191
159 415
160 32
160 128
160 162
160 164
160 168
160 176
160 224
161 129
161 160
161 163
161 165
161 169
161 417
162 34
162 130
162 160
162 163
162 170
162 178
162 226
163 131
163 167
163 171
163 179
163 227
164 36
164 132
164 160
164 165
164 180
164 228
164 420
165 37
165 133
165 161
165 167
165 173
165 229
166 38
166 134
166 162
166 164
166 167
166 422
167 39
167 163
167 165
167 166
167 175
167 183
167 231
168 169
168 172
168 184
168 232
169 41
169 137
169 168
169 171
169 173
169 185
169 233
169 425
170 42
170 138
170 162
170 168
170 171
170 174
170 186
170 234
171 43
171 139
171 169
171 170
171 175
171 187
171 427
172 44
172 164
172 168
172 174
172 188
172 428
173 45
173 141
173 165
173 169
173 172
173 175
173 189
173 237
174 142
174 166
174 170
174 172
174 175
174 190
174 238
174 430
175 143
175 167
175 171
175 174
175 431
176 144
176 177
176 180
176 184
176 432
177 49
177 145
177 161
177 181
177 185
177 241
177 433
178 146
178 162
178 176
178 179
178 182
178 186
178 242
178 434
179 51
179 147
179 177
179 183
179 187
179 243
180 52
180 148
180 164
180 176
180 182
180 188
181 53
181 149
181 165
181 180
181 183
181 189
181 437
182 166
182 178
182 180
182 183
182 190
182 246
182 438
183 151
183 179
183 181
183 191
183 247
183 439
184 56
184 185
184 188
184 248
185 169
185 177
185 184
185 187
185 189
186 58
186 154
186 170
186 184
186 187
186 190
186 442
187 59
187 155
187 171
187 185
187 186
187 191
187 251
188 60
188 156
188 172
188 180
188 184
188 189
188 252
188 444
189 61
189 157
189 173
189 181
189 185
189 188
189 191
189 445
190 62
190 158
190 186
190 188
190 191
190 254
190 446
191 175
191 187
191 190
192 64
192 128
192 193
192 194
192 196
192 200
192 224
192 448
193 65
193 192
193 209
193 225
193 449
194 66
194 130
194 192
194 195
194 198
194 202
194 210
194 226
194 450
195 193
195 194
195 199
195 203
195 211
195 227
196 68
196 132
196 192
196 197
196 198
196 212
196 452
197 69
197 193
197 196
197 199
197 205
197 229
197 453
198 70
198 134
198 194
198 199
198 214
198 230
198 454
199 71
199 135
199 195
199 197
199 198
199 207
199 215
199 231
199 455
200 136
200 192
200 201
200 204
200 232
200 456
201 73
201 137
201 193
201 200
201 203
201 217
201 233
201 457
202 74
202 138
202 194
202 200
202 206
202 218
202 234
202 458
203 75
203 139
203 195
203 201
203 202
203 219
203 235
203 459
204 76
204 140
204 196
204 200
204 205
204 460
205 77
205 141
205 201
205 207
205 221
206 78
206 198
206 204
206 207
206 222
206 462
207 79
207 203
207 223
207 239
207 463
208 80
208 144
208 192
208 209
208 210
208 240
209 145
209 193
209 211
209 213
209 217
209 241
209 465
210 82
210 146
210 194
210 208
210 211
210 214
210 218
210 242
210 466
211 83
211 147
211 195
211 209
211 210
211 215
211 219
211 467
212 196
212 208
212 213
212 214
212 220
212 244
212 468
213 85
213 149
213 197
213 209
213 212
213 215
213 221
214 86
214 150
214 198
214 212
214 215
214 222
214 246
214 470
215 151
215 211
215 214
215 223
215 247
215 471
216 88
216 152
216 200
216 208
216 217
216 218
216 220
217 89
217 153
217 201
217 216
217 219
217 221
217 249
218 90
218 202
218 210
218 219
218 222
218 474
219 91
219 203
219 217
219 218
219 223
220 92
220 156
220 204
220 216
220 221
221 157
221 205
221 213
221 217
221 220
221 223
221 477
222 158
222 214
222 218
222 220
222 223
222 254
222 478
223 95
223 159
223 207
223 215
223 222
223 255
223 479
224 96
224 192
224 225
224 226
224 228
224 232
224 240
224 480
225 97
225 161
225 193
225 227
225 229
225 233
225 241
225 481
226 98
226 162
226 194
226 224
226 227
226 230
226 242
226 482
227 99
227 163
227 225
227 226
227 231
227 235
227 483
228 100
228 196
228 224
228 229
228 230
228 236
228 484
229 101
229 165
229 197
229 228
229 231
229 237
229 485
230 102
230 166
230 198
230 246
230 486
231 199
231 229
231 230
231 239
231 247
231 487
232 104
232 168
232 234
232 236
232 248
232 488
233 105
233 169
233 201
233 225
233 232
233 235
233 237
233 249
233 489
234 106
234 170
234 202
234 226
234 235
234 238
234 250
234 490
235 107
235 171
235 203
235 227
235 239
235 251
235 491
236 108
236 172
236 204
236 228
236 232
236 237
236 252
236 492
237 109
237 173
237 205
237 229
237 233
237 236
237 239
237 253
237 493
238 206
238 230
238 236
238 239
238 254
238 494
239 111
239 175
239 235
239 237
239 238
239 255
239 495
240 176
240 224
240 241
240 242
240 248
241 113
241 209
241 225
241 243
241 245
241 249
241 497
242 178
242 210
242 226
242 246
243 115
243 179
243 211
243 227
243 241
243 242
243 247
243 251
243 499
244 116
244 180
244 228
244 240
244 245
244 246
244 252
244 500
245 117
245 181
245 213
245 229
245 244
245 253
245 501
246 118
246 230
246 242
246 247
246 254
246 502
247 119
247 183
247 215
247 231
247 245
247 246
247 255
247 503
248 120
248 184
248 216
248 232
248 249
248 250
248 504
249 121
249 185
249 233
249 248
249 253
250 122
250 186
250 218
250 234
250 242
250 251
250 254
251 123
251 187
251 219
251 249
251 250
251 255
251 507
252 220
252 236
252 244
252 248
252 254
252 508
253 125
253 189
253 221
253 237
253 252
254 126
254 222
254 238
254 252
255 127
255 191
255 223
255 239
255 247
255 251
255 253
255 254
255 511
256 0
256 258
256 260
256 264
256 272
256 288
256 384
257 1
257 256
257 259
257 261
257 265
257 273
257 321
258 2
258 256
258 259
258 262
258 274
258 290
258 386
259 3
259 257
259 258
259 263
259 267
259 291
259 323
259 387
260 4
260 256
260 261
260 262
260 276
260 292
260 324
261 5
261 257
261 260
261 277
261 293
261 389
262 6
262 260
262 326
262 390
263 259
263 261
263 262
263 271
263 279
263 295
263 327
264 8
264 265
264 266
264 280
264 296
264 328
265 9
265 267
265 269
265 297
265 393
266 10
266 258
266 264
266 270
266 282
266 298
267 11
267 259
267 266
267 271
267 283
267 299
267 331
267 395
268 12
268 260
268 264
268 269
268 284
269 261
269 265
269 271
269 301
269 397
270 14
270 262
270 266
270 268
270 271
270 286
270 302
270 334
271 15
271 263
271 267
271 269
271 270
271 287
271 303
271 399
272 16
272 273
272 276
272 336
272 400
273 272
273 275
273 277
273 281
273 305
273 401
274 18
274 272
274 278
274 282
274 306
274 338
274 402
275 19
275 259
275 274
275 283
275 403
276 20
276 260
276 272
276 277
276 278
276 308
276 340
276 404
277 21
277 261
277 276
277 279
277 309
277 341
277 405
278 22
278 262
278 274
278 279
278 342
279 263
279 275
279 277
279 278
279 311
279 343
279 407
280 24
280 264
280 272
280 281
280 282
280 312
281 25
281 265
281 280
281 285
281 313
281 345
281 409
282 274
282 280
282 283
282 314
282 346
282 410
283 27
283 267
283 281
283 287
283 315
283 411
284 268
284 276
284 280
284 285
284 286
284 316
284 348
284 412
285 29
285 269
285 277
285 281
285 287
285 349
285 413
286 270
286 278
286 282
286 287
286 318
286 350
286 414
287 31
287 279
287 285
287 286
287 319
287 351
287 415
288 32
288 256
288 289
288 290
288 292
288 296
288 304
288 352
288 416
289 33
289 257
289 288
289 291
289 293
289 297
289 305
289 417
290 34
290 258
290 288
290 291
290 294
290 298
290 306
290 418
291 35
291 259
291 289
291 290
291 307
291 355
291 419
292 36
292 293
292 294
292 356
292 420
293 289
293 295
293 301
293 309
293 421
294 262
294 290
294 292
294 302
294 358
294 422
295 39
295 263
295 291
295 294
295 303
295 359
295 423
296 40
296 297
296 298
296 360
296 424
297 41
297 289
297 299
297 301
298 42
298 266
298 290
298 296
298 299
298 302
298 314
298 362
298 426
299 267
299 291
299 297
299 298
299 315
299 363
300 44
300 268
300 292
300 296
300 301
300 316
300 364
300 428
301 45
301 269
301 293
301 317
301 365
302 270
302 294
302 298
302 300
302 318
303 47
303 271
303 295
303 299
303 301
303 302
303 319
303 431
304 48
304 272
304 288
304 305
304 306
304 308
304 312
304 368
304 432
305 49
305 273
305 289
305 304
305 307
305 313
305 433
306 50
306 274
306 290
306 304
306 307
306 310
306 370
306 434
307 51
307 275
307 305
307 311
307 315
307 371
308 276
308 292
308 304
308 309
308 310
308 372
309 277
309 293
309 305
309 437
310 54
310 278
310 294
310 308
310 311
310 438
311 55
311 279
311 295
311 307
311 309
311 310
311 375
311 439
312 280
312 296
312 313
312 314
312 376
312 440
313 57
313 281
313 297
313 315
313 317
313 441
314 58
314 282
314 306
314 312
314 318
314 378
314 442
315 59
315 283
315 299
315 313
315 314
315 319
316 60
316 284
316 300
316 308
316 312
316 317
316 318
316 444
317 61
317 285
317 309
317 445
318 286
318 310
318 314
318 319
318 382
319 63
319 303
319 311
319 315
319 317
319 318
320 64
320 256
320 321
320 322
320 324
320 328
320 352
321 65
321 257
321 323
321 325
321 329
321 337
321 449
322 66
322 258
322 320
322 323
322 326
322 338
322 354
322 450
323 321
323 322
323 331
323 339
323 355
323 451
324 68
324 320
324 325
324 326
324 332
324 340
324 356
325 69
325 261
325 321
325 327
325 333
325 341
325 357
325 453
326 70
326 262
326 327
326 334
326 342
326 358
326 454
327 323
327 335
327 343
327 455
328 72
328 264
328 320
328 329
328 330
328 332
328 360
328 456
329 265
329 321
329 328
329 331
329 333
329 345
329 361
330 74
330 266
330 322
330 328
330 331
330 334
330 346
330 458
331 75
331 267
331 323
331 329
331 330
331 335
331 347
331 363
331 459
332 268
332 324
332 333
332 334
332 348
332 364
333 77
333 269
333 325
333 329
333 349
333 365
333 461
334 78
334 270
334 326
334 332
334 350
334 366
334 462
335 79
335 271
335 327
335 333
335 334
335 351
335 367
335 463
336 80
336 272
336 320
336 337
336 338
336 340
336 344
336 368
337 273
337 321
337 336
337 339
337 341
337 345
337 369
337 465
338 82
338 274
338 336
338 339
338 370
338 466
339 83
339 275
339 338
339 347
339 371
339 467
340 84
340 324
340 336
340 341
340 342
340 372
340 468
341 277
341 337
341 343
341 349
341 373
342 326
342 338
342 340
342 343
342 470
343 279
343 327
343 339
343 342
343 351
343 375
343 471
344 280
344 328
344 336
344 345
344 348
344 376
344 472
345 89
345 337
345 347
345 349
345 377
345 473
346 90
346 330
346 338
346 344
346 347
346 350
346 378
346 474
347 91
347 283
347 351
347 379
347 475
348 92
348 332
348 340
348 344
348 349
348 350
348 476
349 93
349 285
349 333
349 345
349 351
349 381
349 477
350 94
350 286
350 342
350 346
350 348
350 351
350 382
350 478
351 95
351 287
351 343
351 347
351 350
351 383
351 479
352 96
352 288
352 320
352 353
352 354
352 360
352 368
353 97
353 289
353 321
353 352
353 361
353 369
353 481
354 98
354 290
354 362
354 370
355 99
355 291
355 353
355 354
355 371
355 483
356 352
356 357
356 358
356 364
356 372
356 484
357 101
357 293
357 325
357 353
357 356
357 365
357 373
357 485
358 102
358 294
358 354
358 356
358 359
358 366
358 374
358 486
359 103
359 295
359 327
359 355
359 357
359 358
359 367
359 375
359 487
360 104
360 296
360 328
360 362
360 376
360 488
361 297
361 353
361 360
361 365
361 377
361 489
362 106
362 298
362 330
362 354
362 360
362 363
362 366
362 490
363 299
363 331
363 355
363 361
363 362
363 367
363 379
363 491
364 300
364 356
364 360
364 365
364 366
364 380
364 492
365 301
365 333
365 357
365 361
365 364
365 381
365 493
366 110
366 302
366 334
366 358
366 362
366 364
366 367
367 111
367 303
367 335
367 359
367 363
367 365
367 366
368 112
368 352
368 369
368 370
368 372
368 376
369 113
369 305
369 368
369 371
369 373
369 377
369 497
370 114
370 306
370 354
370 498
371 115
371 307
371 339
371 355
371 369
371 370
371 375
372 116
372 308
372 356
372 373
372 374
372 500
373 117
373 309
373 341
373 357
373 369
373 372
373 375
373 381
373 501
374 118
374 310
374 342
374 358
374 370
374 372
374 375
374 382
375 119
375 343
375 359
375 373
375 374
375 383
375 503
376 120
376 312
376 368
376 378
376 380
376 504
377 121
377 313
377 345
377 361
377 369
377 376
377 379
378 122
378 346
378 362
378 370
378 376
378 382
378 506
379 123
379 315
379 347
379 371
379 378
379 383
379 507
380 124
380 316
380 348
380 364
380 372
380 376
380 381
380 382
380 508
381 125
381 317
381 349
381 365
381 377
381 380
381 383
381 509
382 126
382 350
382 366
382 374
382 380
382 383
382 510
383 127
383 319
383 351
383 367
383 375
383 379
383 381
383 382
383 511
384 385
384 386
384 388
384 392
384 400
384 416
384 448
385 129
385 257
385 384
385 387
385 389
385 393
385 401
385 449
386 130
386 258
386 384
386 387
386 390
386 394
386 402
386 418
386 450
387 131
387 385
387 386
387 391
387 395
387 403
387 451
388 132
388 260
388 384
388 389
388 390
388 396
388 404
388 420
388 452
389 385
389 391
389 397
389 405
389 421
389 453
390 134
390 262
390 386
390 388
390 391
390 454
391 135
391 263
391 387
391 390
391 399
391 407
391 455
392 136
392 264
392 384
392 393
392 394
392 396
392 408
392 424
392 456
393 385
393 392
393 425
393 457
394 138
394 266
394 386
394 426
394 458
395 139
395 267
395 387
395 393
395 394
395 399
395 411
395 427
395 459
396 140
396 268
396 388
396 392
396 398
396 428
396 460
397 141
397 269
397 389
397 393
397 396
397 413
397 429
397 461
398 270
398 390
398 394
398 396
398 399
398 414
398 430
398 462
399 143
399 395
399 397
399 398
399 415
399 431
399 463
400 144
400 272
400 384
400 401
400 408
400 432
400 464
401 145
401 273
401 385
401 400
401 403
401 409
401 433
402 146
402 386
402 400
402 403
402 406
402 410
402 434
402 466
403 147
403 387
403 401
403 402
403 435
403 467
404 148
404 388
404 400
404 405
404 406
404 436
405 149
405 277
405 389
405 401
405 407
405 413
405 437
405 469
406 150
406 278
406 390
406 402
406 404
406 407
406 438
407 151
407 279
407 391
407 403
407 405
407 439
407 471
408 152
408 280
408 392
408 409
408 410
408 412
408 440
408 472
409 281
409 393
409 441
410 154
410 282
410 394
410 408
410 411
410 414
410 442
411 155
411 283
411 395
411 403
411 409
411 410
411 415
411 475
412 284
412 396
412 404
412 408
412 413
412 414
413 397
413 405
413 409
413 415
414 158
414 398
414 406
414 410
414 412
414 415
414 446
414 478
415 399
415 407
415 411
415 414
415 447
415 479
416 160
416 288
416 384
416 417
416 418
416 420
416 424
416 432
416 480
417 161
417 385
417 416
417 419
417 425
417 481
418 162
418 290
418 386
418 419
418 434
418 482
419 163
419 291
419 387
419 417
419 418
419 423
419 435
420 292
420 416
420 421
420 428
420 436
420 484
421 165
421 293
421 417
421 420
421 429
421 437
421 485
422 166
422 294
422 390
422 418
422 420
422 423
422 438
423 167
423 295
423 391
423 421
423 431
423 439
423 487
424 168
424 296
424 392
424 416
424 426
424 440
424 488
425 297
425 393
425 417
425 424
425 427
425 441
425 489
426 170
426 298
426 418
426 427
426 430
426 442
426 490
427 171
427 299
427 395
427 419
427 425
427 426
427 431
428 300
428 420
428 424
428 429
428 430
429 173
429 301
429 397
429 421
429 425
429 428
429 431
429 445
429 493
430 174
430 302
430 422
430 426
430 428
430 431
430 446
431 175
431 303
431 399
431 423
431 427
431 430
431 447
431 495
432 176
432 304
432 400
432 416
432 433
432 434
432 436
432 496
433 305
433 417
433 437
433 441
433 497
434 402
434 432
434 438
434 442
434 498
435 179
435 307
435 403
435 419
435 433
435 434
435 439
435 443
435 499
436 180
436 308
436 404
436 420
436 432
436 437
436 438
436 444
437 181
437 405
437 433
437 436
437 439
437 445
438 182
438 310
438 422
438 436
438 446
439 311
439 423
439 437
439 438
439 447
439 503
440 184
440 312
440 432
440 441
440 442
440 444
441 185
441 313
441 409
441 425
441 433
441 440
441 443
441 445
442 186
442 314
442 426
442 434
442 440
442 443
442 506
443 187
443 315
443 411
443 427
443 441
443 507
444 188
444 412
444 428
444 440
444 445
444 446
444 508
445 189
445 413
445 437
445 441
445 447
445 509
446 318
446 414
446 430
446 438
446 442
446 447
447 191
447 319
447 431
447 443
447 445
447 511
448 192
448 320
448 450
448 456
448 464
449 321
449 448
449 451
449 453
449 457
449 465
449 481
450 194
450 386
450 448
450 451
450 454
450 458
450 482
451 195
451 323
451 387
451 450
451 455
451 459
451 467
451 483
452 196
452 324
452 448
452 454
452 460
452 468
452 484
453 325
453 389
453 452
453 461
453 469
454 198
454 390
454 450
454 455
454 462
454 470
454 486
455 199
455 327
455 391
455 451
455 453
455 463
455 471
455 487
456 200
456 328
456 392
456 457
456 460
456 472
456 488
457 201
457 329
457 393
457 456
457 459
457 461
457 473
457 489
458 330
458 450
458 456
458 462
458 474
458 490
459 395
459 451
459 457
459 458
459 463
459 475
459 491
460 332
460 452
460 456
460 461
460 462
460 492
461 205
461 397
461 457
461 463
461 493
462 398
462 458
462 463
462 478
462 494
463 207
463 399
463 459
463 462
464 208
464 336
464 448
464 465
464 466
464 468
464 472
464 496
465 401
465 449
465 464
465 467
465 469
465 497
466 210
466 338
466 450
466 464
466 498
467 211
467 339
467 403
467 451
467 466
467 471
467 499
468 404
468 452
468 464
468 470
468 476
469 213
469 341
469 405
469 453
469 465
469 468
469 477
469 501
470 214
470 342
470 406
470 454
470 466
470 468
470 471
470 478
470 502
471 215
471 343
471 407
471 455
471 469
471 479
471 503
472 216
472 344
472 408
472 464
472 473
472 474
472 476
472 504
473 217
473 409
473 457
473 465
473 472
473 475
473 505
474 218
474 346
474 410
474 466
474 472
474 475
474 478
474 506
475 219
475 347
475 411
475 467
475 473
475 474
475 479
475 507
476 220
476 348
476 412
476 460
476 468
476 477
476 478
476 508
477 413
477 461
477 469
477 473
477 479
477 509
478 414
478 462
478 470
478 474
478 476
478 479
478 510
479 223
479 415
479 463
479 471
479 475
479 477
479 478
479 511
480 352
480 416
480 448
480 482
480 488
480 496
481 225
481 353
481 417
481 449
481 480
481 483
481 497
482 226
482 354
482 450
482 483
482 486
482 490
483 355
483 419
483 451
483 481
483 482
483 487
483 499
484 356
484 420
484 452
484 480
484 485
484 486
484 500
485 229
485 453
485 481
485 484
485 487
485 501
486 358
486 422
486 484
486 487
486 502
487 231
487 423
487 483
487 485
487 495
487 503
488 232
488 360
488 424
488 480
488 489
488 490
488 492
488 504
489 233
489 457
489 481
489 488
489 491
489 493
489 505
490 234
490 362
490 482
490 491
490 494
490 506
491 427
491 459
491 483
491 495
492 236
492 364
492 428
492 484
492 493
492 494
492 508
493 365
493 429
493 461
493 485
493 489
493 492
493 495
493 509
494 238
494 366
494 430
494 486
494 490
494 495
494 510
495 239
495 367
495 463
495 487
495 491
495 493
495 494
495 511
496 240
496 368
496 432
496 464
496 497
497 241
497 433
497 465
497 496
497 499
497 501
497 505
498 242
498 434
498 482
498 496
498 499
498 506
499 243
499 371
499 467
499 483
499 497
499 503
500 244
500 372
500 436
500 468
500 484
500 496
500 502
500 508
501 245
501 373
501 437
501 485
501 497
501 500
501 509
502 246
502 374
502 438
502 470
502 498
502 500
502 510
503 247
503 375
503 471
503 499
503 501
503 502
503 511
504 248
504 440
504 472
504 488
504 496
504 506
504 508
505 249
505 377
505 441
505 473
505 489
505 504
505 507
505 509
506 250
506 378
506 498
506 504
506 507
506 510
507 251
507 379
507 443
507 475
507 491
507 499
507 505
508 252
508 380
508 492
508 500
508 504
508 509
508 510
509 253
509 445
509 477
509 501
509 505
509 511
510 254
510 382
510 446
510 478
510 494
510 502
510 506
510 508
510 511
511 255
511 383
511 447
511 495
511 503
511 507
0 3 5 6 9 10 12 15 17 18 20 23 24 27 29 30 33 34 36 39 40 43 45 46 48 51 53 54 57 58 60 63 65 66 68 71 72 75 77 78 80 83 85 86 89 90 92 95 96 99 101 102 105 106 108 111 113 114 116 119 120 123 125 126 129 130 132 135 136 139 141 142 144 147 149 150 153 154 156 159 160 163 165 166 169 170 172 175 177 178 180 183 184 187 189 190 192 195 197 198 201 202 204 207 209 210 212 215 216 219 221 222 225 226 228 231 232 235 237 238 240 243 245 246 249 250 252 255 257 258 260 263 264 267 269 270 272 275 277 278 281 282 284 287 288 291 293 294 297 298 300 303 305 306 308 311 312 315 317 318 320 323 325 326 329 330 332 335 337 338 340 343 344 347 349 350 353 354 356 359 360 363 365 366 368 371 373 374 377 378 380 383 384 387 389 390 393 394 396 399 401 402 404 407 408 411 413 414 417 418 420 423 424 427 429 430 432 435 437 438 441 442 444 447 449 450 452 455 456 459 461 462 464 467 469 470 473 474 476 479 480 483 485 486 489 490 492 495 497 498 500 503 504 507 509 510
