550 5013 50
0 510
0 514
0 517
0 526
0 530
0 531
0 542
0 543
0 544
0 546
0 549
1 512
1 513
1 515
1 520
1 526
1 533
1 534
1 540
1 541
1 547
2 501
2 509
2 512
2 518
2 522
2 524
2 525
2 530
2 539
2 540
2 541
2 545
2 549
3 513
3 527
3 530
3 532
3 534
3 541
3 545
3 546
3 549
4 505
4 510
4 520
4 533
4 535
5 502
5 513
5 516
5 518
5 521
5 526
6 507
6 514
6 515
6 528
6 532
6 534
6 541
6 542
6 546
7 507
7 518
7 527
7 528
7 531
7 533
7 539
7 541
7 544
8 503
8 504
8 518
8 522
8 539
8 545
8 549
9 501
9 506
9 525
9 535
9 537
10 506
10 511
10 516
10 518
10 520
10 521
10 528
10 530
10 544
11 515
11 516
11 530
11 537
12 500
12 504
12 509
12 516
12 519
12 522
12 523
12 525
12 529
12 545
12 547
13 511
13 512
13 518
13 520
13 521
13 523
13 532
13 540
13 548
13 549
14 522
14 524
14 531
14 534
14 539
14 544
14 545
14 549
15 504
15 509
15 510
15 512
15 518
15 526
15 543
15 549
16 506
16 523
16 539
16 540
16 541
16 546
17 513
17 514
17 515
17 520
17 521
17 527
17 539
17 542
18 505
18 511
18 513
18 516
18 534
18 547
19 504
19 514
19 528
19 541
20 506
20 524
20 525
20 526
20 542
20 543
20 544
21 505
21 515
21 517
21 527
21 529
21 534
21 538
21 543
21 544
21 549
22 507
22 509
22 515
22 517
22 529
22 533
22 546
23 509
23 510
23 519
24 501
24 504
24 510
24 512
24 517
24 522
24 524
24 527
24 531
25 511
25 514
25 518
25 525
25 526
25 527
26 506
26 514
26 520
26 541
27 508
27 509
27 522
27 525
27 527
27 528
27 538
28 502
28 510
28 516
28 517
28 518
28 525
28 528
28 536
28 542
28 543
29 500
29 506
29 507
29 514
29 523
29 527
29 543
30 506
30 507
30 511
30 519
30 522
30 524
30 531
30 537
30 539
30 540
31 500
31 505
31 513
31 524
31 527
31 546
31 549
32 504
32 512
32 513
32 531
32 535
32 538
32 541
32 544
32 546
33 500
33 502
33 507
33 520
33 521
33 523
33 525
33 530
33 537
33 549
34 510
34 511
34 512
34 513
34 516
34 519
34 525
34 543
34 545
35 520
35 521
35 528
35 533
35 536
35 542
35 543
35 545
36 500
36 501
36 508
36 509
36 527
36 529
36 530
36 537
36 549
37 505
37 517
37 533
37 536
37 544
37 549
38 516
38 524
38 525
38 529
38 539
38 546
38 548
39 502
39 510
39 514
39 515
39 519
39 529
39 531
39 543
40 501
40 506
40 509
40 514
40 532
40 540
40 547
41 502
41 513
41 516
41 519
41 524
41 528
41 548
41 549
42 505
42 513
42 514
42 518
42 520
42 523
42 541
43 503
43 507
43 508
43 509
43 512
43 517
43 518
43 523
43 524
43 532
43 543
44 518
44 519
44 531
44 532
44 535
44 546
45 508
45 523
45 526
45 539
46 515
46 518
46 524
46 533
46 541
46 546
46 547
47 503
47 511
47 520
47 521
47 535
47 537
47 546
47 548
48 501
48 506
48 512
48 515
48 522
48 533
48 545
49 511
49 514
49 519
49 521
49 523
49 524
49 544
49 547
49 548
50 510
50 514
50 523
50 541
51 501
51 506
51 507
51 512
51 527
51 535
51 543
51 546
52 507
52 517
52 526
52 527
52 535
52 541
53 503
53 506
53 511
53 513
53 517
53 524
54 502
54 518
54 527
54 537
54 539
55 502
55 508
55 514
55 523
55 525
55 534
55 539
55 546
55 548
56 500
56 505
56 518
56 529
56 548
57 502
57 506
57 524
57 528
58 500
58 502
58 510
58 515
58 517
58 540
59 500
59 509
59 512
59 517
59 524
59 534
60 500
60 501
60 509
60 510
60 519
60 522
60 531
60 532
60 533
61 506
61 524
61 532
61 534
61 544
61 545
61 547
62 502
62 526
62 529
62 530
62 538
62 541
62 549
63 500
63 513
63 528
63 536
63 543
64 500
64 504
64 516
64 518
64 519
64 521
64 537
65 504
65 505
65 507
65 510
65 512
65 515
65 519
65 522
65 542
66 503
66 504
66 511
66 512
66 513
66 524
66 525
66 530
66 542
66 549
67 515
67 524
67 532
67 533
67 534
67 542
68 501
68 504
68 511
68 520
68 526
68 540
68 541
69 514
69 526
69 533
69 542
69 545
70 501
70 505
70 514
70 526
70 528
70 536
71 501
71 515
71 522
71 545
72 514
72 528
72 529
72 542
72 543
72 548
72 549
73 501
73 502
73 530
73 538
73 541
73 542
73 548
74 515
74 522
74 530
74 532
74 539
74 545
74 548
75 505
75 517
75 525
75 534
75 537
75 541
75 546
76 507
76 510
76 519
76 533
76 545
76 547
76 549
77 516
77 519
77 524
77 527
77 529
77 537
77 545
78 503
78 510
78 530
78 548
79 509
79 516
79 519
79 529
79 531
79 544
80 502
80 516
80 521
80 533
80 540
80 543
80 545
81 511
81 512
81 516
81 518
81 527
81 535
81 537
82 501
82 504
82 506
82 509
82 521
82 527
82 531
82 534
82 544
82 546
83 522
83 523
83 525
83 545
84 507
84 510
84 522
84 528
84 531
84 535
84 538
84 540
85 510
85 514
85 515
85 523
85 525
85 531
86 507
86 508
86 532
86 549
87 501
87 502
87 504
87 513
87 533
87 536
87 540
87 549
88 504
88 509
88 510
88 513
88 531
88 541
88 542
89 513
89 531
89 532
89 533
89 546
90 502
90 508
90 533
90 537
90 540
90 544
90 548
90 549
91 501
91 506
91 514
91 515
91 533
91 534
91 538
91 546
92 500
92 501
92 524
92 527
92 529
92 542
93 509
93 514
93 516
93 522
93 530
93 537
94 500
94 502
94 507
94 530
94 532
94 535
94 540
95 513
95 532
95 538
95 543
95 545
96 506
96 519
96 531
96 537
96 541
97 500
97 507
97 512
97 517
97 528
97 532
97 539
97 547
97 548
98 510
98 512
98 522
98 541
98 546
99 510
99 516
99 528
99 532
99 533
99 542
100 507
100 509
100 510
100 511
100 512
100 534
100 538
100 540
101 509
101 517
101 541
101 544
102 510
102 517
102 524
102 535
102 539
102 544
102 548
103 509
103 515
103 521
103 523
103 533
103 537
104 501
104 502
105 505
105 540
106 501
106 507
106 518
106 524
106 526
106 535
106 540
107 509
107 513
107 526
107 528
108 500
108 527
108 542
108 545
108 548
109 514
109 515
109 516
109 517
109 524
109 549
110 510
110 517
110 526
110 529
110 530
110 540
111 500
111 502
111 510
111 511
111 514
111 544
111 545
112 501
112 504
112 508
112 520
112 528
112 538
113 512
113 516
113 519
113 537
113 540
113 545
114 509
114 510
114 511
114 523
114 524
114 542
114 546
114 548
115 500
115 503
115 514
115 519
115 520
115 535
115 539
116 506
116 509
116 510
116 511
116 521
116 531
116 542
116 549
117 507
117 508
117 526
117 531
117 535
117 543
118 510
118 511
118 518
118 523
118 530
118 544
119 505
119 513
119 521
119 532
119 534
119 536
119 538
119 541
119 542
120 502
120 504
120 507
120 511
120 514
120 518
120 522
120 530
120 538
120 542
121 517
121 520
121 537
121 541
121 543
122 504
122 515
122 521
122 523
122 541
122 546
123 502
123 512
123 532
123 545
124 501
124 502
124 516
124 519
124 520
124 533
124 544
124 549
125 509
125 530
125 538
125 548
126 506
126 507
126 510
126 518
126 540
126 542
126 547
127 502
127 506
127 516
127 522
127 534
128 523
128 524
128 539
128 543
128 546
128 547
129 503
129 517
129 518
129 525
129 528
129 533
129 543
129 544
129 546
129 548
130 500
130 516
130 524
130 536
130 538
130 544
131 507
131 508
131 522
132 509
132 524
132 536
132 541
132 549
133 504
133 507
133 508
133 522
133 527
133 530
133 542
133 546
134 508
134 520
134 524
134 544
135 501
135 506
135 510
135 519
135 524
135 530
135 538
135 543
136 504
136 506
136 519
136 526
136 538
136 539
136 546
137 505
137 512
137 540
137 542
137 547
138 507
138 514
138 515
138 531
138 538
138 539
139 509
139 514
139 539
139 549
140 506
140 507
140 510
140 527
140 542
140 543
140 547
141 516
141 540
141 543
141 546
141 548
142 501
142 513
142 517
142 519
142 525
142 527
142 537
142 540
142 543
143 508
143 511
143 519
143 521
143 524
143 528
143 535
143 546
144 511
144 513
144 515
144 523
144 525
144 538
145 506
145 517
145 520
145 525
145 528
145 535
145 546
146 509
146 512
146 516
146 519
146 522
146 525
146 528
146 529
146 546
147 502
147 524
147 536
148 506
148 507
148 510
148 514
148 529
148 534
148 539
149 525
149 532
149 533
149 535
149 539
149 543
149 544
150 507
150 524
150 530
150 531
150 539
150 542
150 548
151 502
151 505
151 539
151 547
152 502
152 504
152 506
152 513
152 518
152 527
153 508
153 519
153 532
153 534
153 546
154 504
154 508
154 513
154 517
154 525
154 532
154 533
154 539
154 543
155 505
155 506
155 511
155 535
155 537
155 543
156 503
156 507
156 513
156 516
156 520
156 521
156 546
157 508
157 518
157 528
157 529
158 531
158 533
158 540
158 549
159 516
159 525
159 533
159 540
159 549
160 502
160 508
160 509
160 523
160 529
160 543
161 518
161 519
161 520
161 521
161 538
161 545
162 517
162 520
162 530
162 534
163 508
163 510
163 537
164 501
164 507
164 518
164 524
164 527
164 531
165 500
165 504
165 515
165 521
165 524
165 529
165 531
165 544
166 504
166 508
166 522
166 535
166 544
166 549
167 505
167 509
167 511
167 522
167 526
167 529
167 533
167 534
168 508
168 513
168 522
168 536
168 540
168 547
168 549
169 520
169 529
169 538
169 542
170 506
170 508
170 512
170 528
170 534
170 537
170 544
170 548
171 522
171 530
171 533
171 534
171 535
171 541
172 500
172 504
172 508
172 511
172 526
172 537
173 518
173 538
173 541
173 543
173 549
174 503
174 512
174 518
174 524
174 540
175 506
175 512
175 524
175 525
175 533
175 542
175 548
176 518
176 523
176 548
177 504
177 513
177 514
177 516
177 522
177 527
177 534
177 545
178 500
178 505
178 509
178 540
178 542
179 530
179 531
179 533
180 505
180 526
180 527
180 529
180 535
180 546
181 509
181 527
181 540
182 502
182 503
182 524
182 529
182 541
182 543
183 505
183 514
183 524
183 528
183 544
184 517
184 527
184 530
185 507
185 510
185 511
185 534
185 538
185 542
185 545
186 516
186 534
186 538
187 500
187 501
187 504
187 507
187 508
187 516
187 533
187 539
187 541
188 500
188 508
188 511
188 521
188 537
188 542
188 547
188 549
189 508
189 512
189 518
189 527
189 532
190 512
190 516
190 528
190 540
190 542
191 500
191 513
191 542
191 543
192 500
192 532
192 540
192 545
193 500
193 509
193 512
193 524
193 532
193 535
193 541
194 526
194 527
194 536
194 537
194 543
195 500
195 501
195 519
195 545
195 549
196 519
196 539
196 546
197 513
197 516
197 518
197 520
197 524
198 518
198 526
198 530
198 537
198 543
199 504
199 505
199 507
199 517
200 502
200 510
200 513
200 519
200 521
200 530
200 538
200 540
201 510
201 514
201 524
201 542
201 543
201 545
202 511
202 530
202 547
203 504
203 509
203 512
203 539
203 547
204 504
204 508
204 512
204 531
204 537
204 544
205 501
205 521
206 501
206 529
206 537
206 541
206 543
206 548
207 503
207 511
207 514
207 521
207 526
207 544
207 548
208 504
208 505
208 520
208 527
208 536
209 501
209 510
209 524
209 527
209 549
210 501
210 505
210 509
210 514
210 520
210 532
210 533
210 534
210 549
211 508
211 518
211 528
211 529
211 532
211 537
211 541
211 549
212 500
212 525
212 534
212 541
213 500
213 504
213 518
213 520
213 535
213 539
214 515
214 531
214 534
215 514
215 527
216 500
216 506
216 527
216 531
216 537
217 503
217 506
217 536
217 542
217 547
218 501
218 503
218 524
218 531
218 532
218 542
219 504
219 507
219 542
219 544
220 503
220 510
220 520
220 521
220 527
220 530
221 501
221 509
221 520
221 531
221 532
221 540
221 542
222 502
222 505
222 508
222 522
222 524
223 520
223 522
223 526
223 527
223 533
223 537
223 548
224 500
224 501
224 503
224 518
224 524
224 542
225 508
225 531
225 541
225 546
226 501
226 506
226 514
226 524
226 528
226 535
226 540
227 501
227 509
227 524
227 528
227 531
227 536
227 546
228 503
228 518
228 538
228 544
229 507
229 516
229 519
229 523
229 533
229 538
229 541
229 545
230 510
230 511
230 523
230 532
230 536
231 500
231 501
231 505
231 530
231 533
231 538
231 546
231 548
232 508
232 510
232 516
232 529
232 536
232 540
232 546
233 514
233 522
233 524
233 527
233 545
234 502
234 505
234 510
234 528
234 531
234 535
235 501
235 505
235 512
235 543
236 517
236 520
236 526
236 545
236 547
237 501
237 505
237 519
237 522
238 504
238 519
238 542
239 500
239 508
239 527
239 541
239 544
239 548
239 549
240 501
240 507
240 517
240 520
240 528
240 531
240 542
241 503
241 520
241 526
241 535
241 536
241 537
242 501
242 504
242 532
242 541
242 548
243 505
243 507
243 510
243 515
243 529
243 543
244 526
245 504
245 515
245 531
245 538
245 546
246 512
246 520
247 500
247 504
247 507
247 521
247 534
247 536
247 538
247 541
248 517
248 519
248 530
249 503
249 508
249 522
249 524
250 503
250 504
250 511
250 521
250 544
250 547
251 509
251 525
251 527
251 529
252 502
252 506
252 507
252 521
252 526
253 502
253 521
253 532
253 535
253 536
254 519
254 523
254 540
255 517
255 518
255 520
255 543
256 504
256 528
256 532
256 535
257 521
257 526
257 534
257 539
258 500
258 517
258 539
259 507
259 513
259 541
260 515
260 522
260 523
260 532
260 541
260 549
261 507
261 518
261 530
261 532
261 535
261 544
262 505
262 508
262 510
262 520
262 526
262 530
262 536
262 541
263 512
263 527
263 532
263 538
264 520
264 521
265 516
265 523
265 527
265 528
265 531
265 533
266 518
266 523
266 544
267 504
267 512
267 528
267 542
268 507
268 510
268 527
268 537
268 539
268 548
269 504
269 514
269 521
269 523
269 546
269 548
270 503
270 539
270 546
271 502
271 510
271 516
271 547
272 516
272 519
272 538
272 539
273 500
273 520
273 531
273 547
274 508
274 540
275 508
275 537
275 541
275 542
275 545
275 549
276 500
276 509
276 510
276 525
276 535
276 537
276 545
277 521
277 524
277 528
277 538
277 540
277 544
278 505
278 511
278 524
278 528
278 535
278 548
279 501
279 514
280 536
280 538
280 547
281 500
281 503
281 522
281 539
282 507
282 510
282 527
282 531
283 504
283 507
283 539
283 546
284 505
284 514
284 539
285 503
285 516
285 522
285 538
286 527
286 534
286 537
286 541
287 500
287 502
287 520
287 526
287 548
288 510
288 515
288 545
288 547
288 549
289 500
289 523
289 529
289 538
289 541
289 547
290 502
290 509
290 518
290 525
290 537
291 500
291 505
291 512
291 514
291 541
291 549
292 503
292 509
292 517
292 534
292 537
292 542
293 501
293 529
293 532
293 541
294 502
294 503
294 510
294 524
294 527
295 506
295 511
295 513
295 519
295 544
295 549
296 511
296 526
296 537
296 541
296 542
296 543
297 512
297 525
297 530
297 547
298 541
299 530
299 540
299 546
300 507
300 525
300 526
300 527
300 530
301 533
301 539
301 548
302 503
302 506
302 509
302 511
303 506
303 507
303 517
303 533
303 535
304 523
304 533
304 541
305 500
305 507
306 504
306 517
306 528
306 543
307 515
307 525
307 529
307 533
307 546
307 547
308 507
308 519
308 528
308 546
308 549
309 502
309 506
309 513
309 520
309 534
310 501
310 509
310 510
310 516
310 545
311 506
311 530
311 531
311 536
311 537
312 509
312 520
312 531
313 507
313 514
313 519
313 538
313 544
313 547
314 507
314 523
314 529
315 515
315 527
315 534
315 537
315 538
315 548
316 503
316 506
316 508
316 512
316 519
316 520
316 529
316 540
316 543
317 500
317 501
317 517
317 536
317 545
318 515
318 525
318 526
318 535
319 511
319 533
319 543
319 546
319 549
320 509
320 515
320 547
320 548
321 510
321 519
321 530
321 532
322 500
322 504
322 511
322 535
322 540
322 546
323 501
323 519
323 537
324 503
324 524
324 528
324 546
325 519
325 528
325 538
326 503
326 504
326 508
326 510
326 512
326 526
326 547
327 528
328 501
328 503
328 504
328 508
328 511
328 524
328 538
328 540
329 509
329 523
329 546
330 502
330 507
330 512
330 525
330 527
330 533
331 507
331 530
331 537
331 545
331 548
332 501
332 503
332 507
332 517
332 528
332 533
332 543
333 523
333 539
333 541
334 502
334 517
334 520
334 522
335 501
335 510
335 516
335 524
335 533
335 536
335 549
336 504
336 518
336 520
336 528
336 533
336 548
337 502
337 507
337 519
337 531
337 532
337 545
338 503
338 520
338 539
339 534
339 536
339 539
339 544
339 545
339 547
340 513
340 529
340 535
341 504
341 511
341 531
342 504
342 506
342 508
342 522
343 504
343 505
343 510
343 530
343 535
343 538
343 541
344 500
344 509
344 512
344 518
344 525
344 532
345 509
345 537
345 541
345 549
346 503
346 515
346 521
346 534
346 549
347 507
347 517
347 525
347 532
347 547
348 515
348 519
348 525
349 513
349 520
349 529
349 535
350 530
350 545
351 502
351 541
352 506
352 509
352 515
352 549
353 514
353 515
353 545
354 509
354 527
354 536
354 540
355 500
355 520
355 531
355 536
356 501
356 503
356 517
357 519
357 528
357 542
358 518
358 537
359 506
360 516
360 518
360 525
360 526
360 540
361 502
361 503
361 505
361 524
361 526
361 541
362 517
362 537
362 543
363 502
363 504
363 521
364 504
364 511
364 520
364 536
365 507
365 518
365 520
365 530
365 546
365 549
366 511
366 531
366 532
366 537
366 548
367 504
367 506
367 512
367 527
367 529
367 544
368 511
368 518
368 535
368 540
368 545
369 502
369 508
369 523
369 526
369 532
369 538
369 549
370 530
370 546
371 508
371 522
371 541
371 546
372 503
372 513
372 515
372 532
372 533
373 509
373 527
373 539
373 542
374 504
374 505
374 506
374 515
374 527
375 505
375 512
375 544
376 519
376 534
376 536
376 541
377 507
377 521
377 545
378 503
378 505
378 508
378 523
378 539
378 540
379 513
379 523
379 532
379 543
380 504
380 530
380 533
381 507
381 508
381 509
381 512
381 515
381 522
381 534
382 506
382 519
382 539
382 543
383 509
383 539
384 512
384 517
384 536
384 540
384 547
385 521
385 532
385 549
386 506
386 526
386 546
387 500
387 517
387 521
387 533
387 547
388 513
388 540
388 544
388 548
389 503
389 507
389 513
389 534
390 509
390 544
391 511
391 529
392 503
392 516
392 521
392 524
392 538
392 546
393 525
393 536
393 539
393 545
394 502
394 507
394 513
394 516
395 509
395 523
395 549
396 504
396 505
396 514
396 530
396 544
397 546
398 501
398 513
398 524
398 536
398 543
399 501
399 536
399 538
399 541
400 505
400 507
400 522
400 536
400 544
401 501
401 502
401 519
401 539
401 543
402 506
402 507
402 514
402 532
403 520
403 523
403 538
403 549
404 515
404 517
404 521
405 531
405 543
406 518
406 521
406 534
406 543
406 544
407 506
407 507
407 517
407 530
407 539
408 532
408 537
408 540
408 546
408 547
409 523
409 525
409 538
409 539
410 509
411 508
411 519
412 518
412 526
412 528
412 532
412 535
412 544
413 519
413 522
413 524
413 528
413 538
414 508
414 536
414 549
415 519
415 524
415 535
415 548
416 501
416 507
416 513
416 531
416 542
417 503
417 524
417 531
417 537
417 540
418 503
418 523
419 502
419 538
419 541
419 546
419 548
420 502
420 518
420 529
420 531
420 539
421 517
422 515
423 508
423 524
423 546
423 547
424 509
424 524
424 528
424 548
425 519
425 520
425 527
426 537
426 547
427 500
427 514
427 515
427 522
428 510
428 524
429 517
429 521
429 535
429 536
430 517
430 528
430 537
430 548
431 538
431 541
432 509
432 515
432 526
433 503
433 509
434 507
434 549
435 509
435 511
435 528
435 532
435 546
436 503
436 508
436 514
436 516
436 528
437 513
437 524
438 500
438 507
438 508
438 529
438 533
439 503
439 519
439 524
439 526
440 504
440 516
440 518
440 545
441 513
441 528
442 510
442 527
442 538
443 512
443 541
443 542
443 544
444 503
444 507
444 510
444 517
444 545
445 503
445 506
445 509
445 530
445 548
446 507
446 531
446 544
447 512
447 519
448 502
448 506
448 517
448 518
449 522
449 525
449 543
450 506
450 508
450 515
450 542
451 509
451 534
452 501
452 514
453 504
453 518
453 530
453 532
453 533
454 517
455 517
455 519
455 534
456 508
456 521
456 537
457 500
457 511
457 521
457 524
458 509
458 537
458 544
458 548
459 512
459 530
460 527
460 542
461 508
461 525
461 538
462 505
463 511
464 505
464 524
464 533
464 549
465 500
465 504
465 537
466 502
466 526
466 549
467 502
467 512
467 525
468 527
468 530
468 539
469 521
469 531
469 542
470 506
470 529
470 545
470 548
472 514
472 528
472 540
473 518
473 523
473 524
474 523
475 534
475 541
475 543
476 522
476 528
476 532
477 507
477 514
477 547
478 503
479 514
479 516
479 531
479 536
480 502
480 525
480 531
480 547
481 520
482 500
482 532
483 520
483 532
483 545
484 510
484 520
484 544
485 500
485 515
485 516
485 538
486 506
486 513
486 523
487 509
487 513
488 505
488 524
488 534
488 549
489 531
489 544
489 548
490 506
490 527
490 536
491 502
491 526
492 513
493 502
493 534
493 545
494 511
494 513
494 520
494 540
495 513
496 518
496 519
497 501
497 507
497 528
498 512
499 502
499 506
499 548
500 2
500 3
500 14
500 15
500 30
500 35
500 44
500 47
500 48
500 65
500 71
500 72
500 75
500 86
500 87
500 105
500 118
500 129
500 135
500 150
500 151
500 152
500 163
500 169
500 174
500 183
500 184
500 194
500 200
500 209
500 215
500 225
500 245
500 249
500 259
500 279
500 285
500 290
500 300
500 318
500 325
500 357
500 364
500 375
500 398
500 400
500 411
500 412
500 413
500 441
500 466
500 474
500 478
500 497
501 17
501 56
501 64
501 66
501 78
501 81
501 86
501 90
501 101
501 107
501 110
501 118
501 139
501 140
501 159
501 161
501 184
501 190
501 208
501 214
501 217
501 238
501 239
501 244
501 252
501 258
501 280
501 283
501 294
501 299
501 300
501 305
501 308
501 337
501 355
501 357
501 367
501 382
501 387
501 404
501 439
501 448
501 456
502 4
502 8
502 11
502 13
502 26
502 35
502 36
502 40
502 45
502 88
502 95
502 99
502 101
502 102
502 106
502 113
502 126
502 155
502 157
502 163
502 176
502 180
502 202
502 204
502 208
502 211
502 228
502 235
502 257
502 259
502 282
502 292
502 298
502 310
502 323
502 352
502 358
502 359
502 371
502 405
502 426
502 446
502 462
502 464
502 473
503 9
503 12
503 25
503 28
503 29
503 33
503 37
503 42
503 45
503 54
503 56
503 62
503 63
503 72
503 76
503 86
503 94
503 95
503 99
503 123
503 124
503 128
503 151
503 153
503 172
503 184
503 198
503 199
503 202
503 203
503 209
503 235
503 240
503 244
503 254
503 263
503 266
503 287
503 301
503 306
503 312
503 330
503 351
503 353
503 360
503 386
503 390
503 394
503 409
503 421
503 424
503 451
504 1
504 6
504 9
504 13
504 14
504 17
504 22
504 37
504 50
504 58
504 61
504 81
504 83
504 98
504 113
504 123
504 146
504 156
504 161
504 170
504 176
504 179
504 186
504 192
504 226
504 248
504 252
504 263
504 271
504 281
504 285
504 295
504 348
504 365
504 370
504 379
504 382
504 401
504 405
504 416
504 417
504 419
504 421
504 471
504 476
504 481
505 11
505 16
505 27
505 29
505 39
505 40
505 41
505 47
505 51
505 64
505 71
505 77
505 86
505 92
505 96
505 98
505 108
505 141
505 150
505 159
505 162
505 165
505 166
505 168
505 170
505 173
505 193
505 212
505 214
505 219
505 238
505 247
505 251
505 252
505 264
505 267
505 269
505 277
505 288
505 292
505 300
505 312
505 331
505 335
505 338
505 339
505 348
505 356
505 358
505 369
505 385
505 443
505 461
505 471
505 476
506 1
506 2
506 14
506 18
506 19
506 22
506 23
506 41
506 42
506 45
506 49
506 58
506 79
506 85
506 88
506 103
506 109
506 117
506 118
506 131
506 132
506 142
506 149
506 176
506 181
506 191
506 194
506 211
506 231
506 249
506 251
506 258
506 264
506 272
506 274
506 280
506 281
506 289
506 293
506 298
506 304
506 321
506 327
506 341
506 347
506 350
506 364
506 375
506 393
506 397
506 422
506 427
506 446
506 457
506 475
506 478
506 480
506 492
507 0
507 1
507 15
507 48
507 50
507 62
507 64
507 66
507 71
507 77
507 82
507 88
507 96
507 107
507 111
507 113
507 137
507 139
507 169
507 173
507 186
507 201
507 206
507 215
507 220
507 222
507 250
507 280
507 290
507 315
507 322
507 342
507 348
507 350
507 386
507 428
507 431
507 432
507 445
507 458
507 471
507 472
508 0
508 1
508 3
508 17
508 19
508 29
508 32
508 41
508 56
508 82
508 83
508 93
508 104
508 111
508 125
508 126
508 127
508 139
508 164
508 171
508 179
508 182
508 184
508 185
508 198
508 202
508 206
508 220
508 228
508 242
508 261
508 266
508 270
508 283
508 302
508 311
508 314
508 324
508 352
508 355
508 363
508 376
508 402
508 415
508 421
508 427
508 467
509 3
509 10
509 11
509 19
509 28
509 31
509 32
509 45
509 55
509 68
509 72
509 75
509 76
509 89
509 95
509 109
509 110
509 121
509 122
509 123
509 145
509 158
509 159
509 169
509 177
509 196
509 212
509 213
509 233
509 269
509 275
509 279
509 289
509 301
509 314
509 322
509 333
509 346
509 360
509 370
509 404
509 408
509 411
509 422
509 462
509 472
510 18
510 20
510 25
510 33
510 37
510 38
510 57
510 59
510 81
510 103
510 123
510 124
510 131
510 134
510 137
510 155
510 174
510 178
510 206
510 212
510 248
510 255
510 284
510 301
510 304
510 318
510 319
510 342
510 362
510 380
510 391
510 397
510 398
510 399
510 414
510 430
510 431
510 448
510 455
510 473
510 476
510 478
510 481
510 492
511 0
511 8
511 11
511 14
511 20
511 39
511 45
511 57
511 65
511 69
511 70
511 89
511 96
511 122
511 141
511 152
511 153
511 169
511 176
511 181
511 190
511 191
511 198
511 204
511 205
511 213
511 220
511 221
511 242
511 252
511 254
511 256
511 258
511 279
511 284
511 291
511 304
511 333
511 336
511 354
511 355
511 373
511 383
511 384
511 386
511 409
511 411
511 418
511 425
511 429
511 440
511 459
511 483
511 487
512 0
512 3
512 6
512 18
512 25
512 26
512 29
512 39
512 47
512 52
512 53
512 69
512 83
512 88
512 92
512 93
512 103
512 107
512 108
512 130
512 138
512 145
512 149
512 154
512 158
512 162
512 164
512 166
512 171
512 181
512 185
512 194
512 196
512 197
512 210
512 213
512 217
512 227
512 237
512 258
512 279
512 281
512 318
512 329
512 336
512 342
512 370
512 390
512 414
512 426
512 490
513 2
513 4
513 10
513 15
513 25
513 40
513 48
513 52
513 58
513 62
513 65
513 73
513 74
513 80
513 85
513 93
513 97
513 110
513 130
513 132
513 134
513 136
513 157
513 166
513 167
513 171
513 183
513 186
513 188
513 202
513 204
513 215
513 240
513 244
513 249
513 256
513 276
513 293
513 297
513 305
513 320
513 324
513 334
513 341
513 342
513 345
513 350
513 358
513 359
513 363
513 373
513 399
513 410
513 417
513 431
513 440
513 446
513 451
513 456
513 466
513 472
513 481
513 485
514 3
514 4
514 12
514 21
514 22
514 36
514 47
514 58
514 61
514 62
514 71
514 80
514 99
514 101
514 102
514 105
514 128
514 131
514 178
514 189
514 245
514 249
514 256
514 268
514 273
514 282
514 286
514 293
514 303
514 307
514 315
514 361
514 362
514 373
514 383
514 423
514 425
514 433
514 434
514 437
514 441
514 460
514 484
514 492
514 496
515 5
515 20
515 34
515 52
515 57
515 63
515 76
515 78
515 82
515 99
515 101
515 115
515 132
515 133
515 134
515 137
515 147
515 168
515 179
515 189
515 197
515 202
515 203
515 207
515 215
515 269
515 285
515 298
515 310
515 325
515 351
515 371
515 393
515 410
515 424
515 434
515 441
515 447
515 482
516 4
516 7
516 16
516 52
516 58
516 69
516 75
516 89
516 91
516 101
516 114
516 147
516 157
516 175
516 181
516 182
516 184
516 204
516 215
516 218
516 224
516 233
516 243
516 252
516 253
516 263
516 267
516 277
516 286
516 298
516 312
516 320
516 329
516 331
516 341
516 344
516 386
516 397
516 406
516 407
516 416
516 433
516 434
516 451
516 456
516 469
516 495
517 1
517 3
517 9
517 18
517 19
517 31
517 36
517 50
517 51
517 54
517 56
517 57
517 63
517 64
517 80
517 84
517 86
517 89
517 106
517 112
517 120
517 124
517 125
517 130
517 133
517 138
517 144
517 155
517 173
517 175
517 194
517 197
517 216
517 233
517 243
517 247
517 250
517 257
517 267
517 274
517 291
517 301
517 311
517 319
517 325
517 338
517 351
517 358
517 379
517 386
517 403
517 418
517 420
517 442
517 443
517 447
517 461
517 473
517 479
517 492
518 24
518 31
518 38
518 60
518 69
518 78
518 110
518 111
518 117
518 132
518 136
518 139
518 145
518 148
518 150
518 190
518 195
518 199
518 200
518 219
518 241
518 270
518 279
518 282
518 303
518 313
518 327
518 380
518 391
518 414
518 428
518 483
519 6
519 21
519 24
519 26
519 43
519 48
519 62
519 67
519 69
519 73
519 83
519 87
519 88
519 101
519 104
519 105
519 107
519 111
519 112
519 116
519 123
519 128
519 149
519 162
519 167
519 177
519 178
519 180
519 181
519 207
519 222
519 223
519 230
519 243
519 251
519 258
519 286
519 298
519 301
519 304
519 320
519 330
519 334
519 358
519 364
519 374
519 380
519 381
519 385
519 394
519 395
519 403
519 423
519 442
519 463
519 474
519 491
519 493
520 3
520 6
520 16
520 23
520 25
520 27
520 52
520 67
520 70
520 72
520 74
520 97
520 105
520 110
520 130
520 140
520 147
520 151
520 153
520 157
520 163
520 180
520 183
520 187
520 203
520 205
520 228
520 237
520 245
520 258
520 267
520 272
520 280
520 295
520 306
520 308
520 329
520 351
520 383
520 399
520 432
520 433
520 442
520 457
520 482
520 489
520 495
521 2
521 4
521 11
521 19
521 59
521 70
521 72
521 85
521 95
521 96
521 104
521 115
521 131
521 135
521 137
521 140
521 157
521 160
521 168
521 181
521 189
521 196
521 199
521 202
521 221
521 249
521 251
521 263
521 265
521 266
521 274
521 276
521 281
521 305
521 317
521 322
521 329
521 351
521 359
521 380
521 389
521 405
521 426
521 432
521 433
521 455
521 471
521 475
522 1
522 3
522 4
522 5
522 6
522 15
522 20
522 46
522 49
522 50
522 53
522 67
522 69
522 87
522 106
522 108
522 126
522 128
522 148
522 151
522 154
522 161
522 163
522 189
522 199
522 203
522 207
522 208
522 216
522 225
522 239
522 244
522 245
522 255
522 265
522 278
522 287
522 288
522 289
522 331
522 339
522 344
522 348
522 374
522 382
522 388
522 404
522 430
522 489
523 7
523 8
523 23
523 27
523 38
523 60
523 105
523 121
523 139
523 141
523 146
523 147
523 148
523 151
523 156
523 163
523 169
523 171
523 180
523 186
523 190
523 197
523 207
523 214
523 251
523 255
523 264
523 272
523 280
523 285
523 288
523 315
523 319
523 350
523 391
523 398
523 422
523 429
523 434
523 454
523 467
523 495
524 0
524 4
524 23
524 25
524 28
524 40
524 45
524 48
524 54
524 63
524 70
524 71
524 76
524 78
524 83
524 87
524 97
524 115
524 117
524 125
524 127
524 144
524 153
524 158
524 160
524 188
524 192
524 195
524 202
524 208
524 223
524 235
524 238
524 244
524 245
524 248
524 261
524 262
524 267
524 269
524 271
524 283
524 292
524 297
524 304
524 310
524 333
524 336
524 339
524 346
524 382
524 385
524 433
524 453
524 459
525 0
525 4
525 18
525 19
525 21
525 22
525 44
525 45
525 49
525 57
525 60
525 79
525 90
525 95
525 102
525 119
525 124
525 131
525 132
525 141
525 147
525 148
525 165
525 180
525 188
525 191
525 192
525 196
525 198
525 199
525 221
525 225
525 230
525 236
525 237
525 241
525 272
525 273
525 294
525 310
525 319
525 332
525 362
525 380
525 391
525 405
525 444
525 454
525 474
525 484
526 7
526 9
526 23
526 34
526 37
526 60
526 71
526 72
526 74
526 80
526 86
526 87
526 109
526 121
526 132
526 153
526 169
526 174
526 181
526 186
526 191
526 196
526 201
526 205
526 208
526 216
526 218
526 225
526 246
526 254
526 268
526 275
526 278
526 283
526 286
526 293
526 308
526 314
526 323
526 327
526 342
526 347
526 355
526 357
526 371
526 374
526 377
526 397
526 441
526 447
527 4
527 5
527 6
527 9
527 19
527 23
527 28
527 37
527 38
527 43
527 45
527 63
527 69
527 85
527 105
527 109
527 112
527 114
527 115
527 122
527 131
527 135
527 156
527 158
527 190
527 214
527 222
527 225
527 234
527 238
527 250
527 253
527 264
527 272
527 281
527 283
527 298
527 302
527 303
527 308
527 309
527 314
527 323
527 333
527 343
527 348
527 360
527 393
527 418
527 428
527 441
527 462
527 463
527 475
528 5
528 8
528 9
528 13
528 16
528 20
528 32
528 50
528 53
528 54
528 56
528 65
528 68
528 73
528 77
528 78
528 86
528 92
528 104
528 116
528 117
528 139
528 163
528 166
528 176
528 189
528 192
528 196
528 210
528 232
528 254
528 263
528 271
528 294
528 317
528 320
528 329
528 334
528 340
528 344
528 349
528 350
528 356
528 375
528 377
528 388
528 390
528 395
528 452
528 454
528 463
529 13
529 16
529 17
529 26
529 46
529 61
529 67
529 68
529 74
529 80
529 83
529 88
529 100
529 103
529 108
529 113
529 134
529 144
529 151
529 159
529 174
529 176
529 179
529 183
529 196
529 197
529 205
529 212
529 213
529 219
529 233
529 239
529 257
529 273
529 274
529 277
529 297
529 321
529 350
529 354
529 363
529 372
529 392
529 393
529 404
529 410
529 449
529 468
529 471
529 474
529 486
529 488
530 1
530 8
530 16
530 37
530 41
530 44
530 53
530 59
530 75
530 90
530 91
530 122
530 123
530 131
530 134
530 138
530 143
530 176
530 195
530 209
530 216
530 229
530 234
530 236
530 237
530 242
530 244
530 260
530 266
530 268
530 271
530 274
530 277
530 296
530 305
530 312
530 333
530 335
530 357
530 373
530 390
530 397
530 422
530 440
530 462
530 470
530 487
530 498
531 6
531 9
531 11
531 18
531 22
531 27
531 42
531 45
531 47
531 49
531 53
531 54
531 55
531 56
531 57
531 59
531 66
531 67
531 68
531 86
531 102
531 103
531 114
531 121
531 122
531 155
531 162
531 190
531 192
531 199
531 217
531 228
531 237
531 243
531 246
531 248
531 260
531 285
531 305
531 323
531 356
531 363
531 402
531 426
531 427
531 435
531 437
531 439
531 454
531 459
531 474
532 0
532 20
532 23
532 26
532 31
532 49
532 52
532 71
532 79
532 116
532 125
532 128
532 133
532 186
532 205
532 234
532 235
532 236
532 238
532 280
532 281
532 297
532 299
532 305
532 311
532 338
532 340
532 357
532 359
532 362
532 375
532 377
532 378
532 383
532 396
532 405
532 406
532 460
532 465
532 496
533 0
533 5
533 19
533 23
533 31
533 50
533 75
533 78
533 84
533 101
533 104
533 127
533 136
533 141
533 144
533 153
533 193
533 195
533 196
533 203
533 219
533 228
533 232
533 242
533 244
533 270
533 274
533 279
533 284
533 297
533 306
533 311
533 323
533 325
533 327
533 334
533 343
533 348
533 370
533 375
533 389
533 396
533 397
533 429
533 458
533 490
534 8
534 11
534 22
534 24
534 30
534 35
534 38
534 42
534 46
534 47
534 64
534 98
534 104
534 112
534 121
534 125
534 126
534 136
534 137
534 138
534 139
534 146
534 150
534 163
534 168
534 172
534 178
534 179
534 191
534 192
534 219
534 230
534 236
534 246
534 253
534 259
534 279
534 290
534 294
534 367
534 378
534 384
534 395
534 463
534 468
534 469
534 491
535 1
535 7
535 15
535 16
535 27
535 34
535 39
535 55
535 91
535 98
535 105
535 110
535 134
535 137
535 147
535 158
535 164
535 174
535 191
535 201
535 203
535 206
535 229
535 254
535 264
535 288
535 296
535 346
535 347
535 389
535 391
535 394
535 422
535 430
535 449
535 450
535 452
536 5
536 12
536 13
536 14
536 16
536 20
536 21
536 23
536 27
536 32
536 44
536 46
536 48
536 50
536 62
536 77
536 78
536 79
536 80
536 94
536 96
536 104
536 112
536 117
536 118
536 128
536 131
536 138
536 139
536 142
536 152
536 162
536 178
536 186
536 209
536 224
536 234
536 244
536 248
536 259
536 260
536 261
536 264
536 268
536 270
536 275
536 286
536 318
536 345
536 353
536 356
536 422
536 439
536 466
536 470
537 2
537 5
537 7
537 8
537 17
537 22
537 26
537 50
537 51
537 52
537 55
537 56
537 74
537 78
537 94
537 95
537 116
537 125
537 137
537 141
537 156
537 160
537 161
537 176
537 193
537 208
537 213
537 215
537 228
537 240
537 246
537 259
537 264
537 273
537 274
537 284
537 302
537 326
537 338
537 340
537 349
537 353
537 359
537 372
537 376
537 387
537 421
537 423
537 428
537 436
537 438
537 452
538 5
538 9
538 10
538 11
538 14
538 15
538 19
538 23
538 33
538 39
538 42
538 45
538 93
538 98
538 104
538 118
538 126
538 129
538 131
538 147
538 172
538 181
538 182
538 194
538 202
538 212
538 225
538 230
538 236
538 241
538 254
538 267
538 275
538 296
538 306
538 324
538 368
538 376
538 443
538 477
538 491
539 5
539 9
539 10
539 11
539 12
539 22
539 24
539 35
539 40
539 43
539 44
539 56
539 70
539 83
539 89
539 99
539 100
539 106
539 107
539 108
539 114
539 119
539 121
539 123
539 125
539 127
539 130
539 134
539 175
539 179
539 191
539 193
539 205
539 218
539 249
539 256
539 260
539 273
539 279
539 302
539 313
539 332
539 334
539 345
539 347
539 353
539 356
539 358
539 363
539 365
539 366
539 372
539 379
539 388
539 390
539 391
539 394
539 399
539 400
539 411
539 428
539 435
539 449
539 465
539 486
540 8
540 37
540 38
540 54
540 67
540 73
540 81
540 85
540 89
540 92
540 98
540 101
540 107
540 108
540 122
540 143
540 152
540 161
540 162
540 182
540 189
540 205
540 212
540 214
540 222
540 242
540 266
540 285
540 303
540 309
540 312
540 333
540 352
540 385
540 392
540 410
540 411
540 437
540 460
540 468
540 477
541 4
541 8
541 9
541 18
541 30
541 40
541 48
541 51
541 58
541 61
541 76
541 79
541 83
541 84
541 85
541 90
541 92
541 95
541 100
541 103
541 109
541 115
541 117
541 125
541 144
541 172
541 198
541 205
541 214
541 224
541 226
541 250
541 255
541 261
541 265
541 270
541 273
541 276
541 284
541 287
541 307
541 326
541 337
541 353
541 410
541 415
541 420
541 469
541 494
542 3
542 4
542 27
542 29
542 38
542 39
542 40
542 51
542 53
542 57
542 59
542 61
542 63
542 79
542 81
542 102
542 112
542 123
542 127
542 141
542 145
542 166
542 173
542 182
542 215
542 227
542 246
542 257
542 259
542 271
542 274
542 280
542 295
542 304
542 306
542 309
542 318
542 327
542 337
542 338
542 349
542 361
542 368
542 376
542 388
542 413
542 418
542 442
542 444
542 459
542 463
543 9
543 10
543 14
543 23
543 25
543 26
543 46
543 59
543 61
543 73
543 75
543 76
543 79
543 84
543 89
543 90
543 91
543 105
543 108
543 118
543 119
543 130
543 134
543 150
543 152
543 158
543 159
543 179
543 185
543 195
543 205
543 217
543 223
543 226
543 227
543 230
543 238
543 246
543 256
543 271
543 299
543 317
543 327
543 345
543 352
543 366
543 377
543 390
543 395
543 403
543 425
543 426
543 436
543 437
543 446
543 460
543 464
543 493
544 1
544 11
544 18
544 19
544 26
544 28
544 30
544 33
544 35
544 41
544 44
544 50
544 53
544 57
544 58
544 59
544 69
544 70
544 71
544 78
544 113
544 127
544 132
544 140
544 157
544 159
544 162
544 173
544 177
544 184
544 201
544 216
544 217
544 220
544 248
544 253
544 257
544 264
544 278
544 299
544 312
544 324
544 341
544 354
544 370
544 371
544 402
544 414
544 419
544 451
544 462
544 487
545 0
545 7
545 10
545 16
545 17
545 26
545 29
545 36
545 41
545 42
545 44
545 54
545 89
545 93
545 98
545 107
545 136
545 140
545 143
545 145
545 148
545 149
545 160
545 163
545 165
545 175
545 183
545 194
545 209
545 211
545 212
545 214
545 215
545 222
545 231
545 237
545 238
545 253
545 263
545 265
545 266
545 270
545 284
545 287
545 299
545 300
545 307
545 321
545 324
545 325
545 327
545 330
545 340
545 359
545 379
545 383
545 384
545 385
545 387
545 407
545 410
545 445
546 15
546 23
546 25
546 37
546 50
546 52
546 67
546 68
546 70
546 71
546 77
546 84
546 85
546 94
546 105
546 107
546 121
546 135
546 142
546 147
546 155
546 158
546 184
546 187
546 197
546 206
546 219
546 235
546 246
546 255
546 256
546 257
546 259
546 282
546 284
546 301
546 309
546 321
546 327
546 328
546 340
546 341
546 346
546 349
546 354
546 359
546 366
546 377
546 383
546 415
546 421
546 431
546 434
546 447
546 452
546 478
546 482
546 498
547 7
547 17
547 19
547 24
547 25
547 26
547 29
547 31
547 34
547 35
547 36
547 63
547 68
547 77
547 83
547 91
547 94
547 96
547 99
547 104
547 105
547 106
547 109
547 111
547 120
547 147
547 160
547 164
547 198
547 201
547 224
547 232
547 251
547 254
547 258
547 262
547 266
547 278
547 282
547 290
547 293
547 298
547 314
547 317
547 321
547 329
547 331
547 345
547 364
547 395
547 397
547 401
547 418
547 424
547 471
547 481
548 21
548 26
548 27
548 29
548 31
548 34
548 44
548 46
548 51
548 54
548 57
548 63
548 64
548 86
548 92
548 93
548 127
548 149
548 157
548 164
548 167
548 171
548 173
548 174
548 178
548 179
548 183
548 184
548 185
548 195
548 200
548 209
548 233
548 235
548 244
548 248
548 272
548 282
548 291
548 298
548 299
548 305
548 313
548 314
548 323
548 340
548 351
548 362
548 370
548 389
548 396
548 409
548 421
548 425
548 431
548 437
548 450
548 454
548 455
548 461
548 467
549 5
549 11
549 18
549 20
549 24
549 32
549 42
549 46
549 73
549 74
549 81
549 96
549 100
549 104
549 113
549 133
549 138
549 143
549 144
549 151
549 169
549 170
549 172
549 186
549 192
549 199
549 204
549 218
549 241
549 246
549 255
549 270
549 283
549 302
549 320
549 325
549 338
549 341
549 368
549 408
549 432
549 438
549 465
500 501 502 503 504 505 506 507 508 509 510 511 512 513 514 515 516 517 518 519 520 521 522 523 524 525 526 527 528 529 530 531 532 533 534 535 536 537 538 539 540 541 542 543 544 545 546 547 548 549
