1024 5270 135
0 16
0 32
0 256
1 0
1 3
1 5
1 33
1 129
1 257
2 0
2 6
2 10
2 18
2 34
2 66
2 130
2 514
3 2
3 11
3 35
3 131
3 259
3 515
4 0
4 6
4 132
4 516
5 4
5 7
5 37
5 133
5 261
5 517
6 22
6 70
6 134
6 262
6 518
7 3
7 6
7 15
7 23
7 39
7 519
8 0
8 9
8 10
8 24
8 40
8 136
8 520
9 1
9 11
9 25
9 73
10 11
10 14
10 26
10 42
10 266
11 27
11 43
11 75
11 139
11 267
12 4
12 8
12 14
12 28
12 44
12 76
12 140
12 268
13 5
13 9
13 12
13 15
13 77
13 141
14 6
14 15
14 30
14 46
14 270
15 11
15 31
15 79
15 271
15 527
16 20
16 272
16 528
17 1
17 16
17 21
17 49
17 81
18 16
18 26
18 50
18 146
19 3
19 17
19 18
19 23
19 27
19 51
19 275
19 531
20 4
20 84
20 148
20 276
20 532
21 5
21 20
21 23
21 29
21 277
21 533
22 18
22 20
22 23
22 54
22 86
22 278
23 31
23 55
23 279
24 16
24 28
24 56
24 88
24 280
24 536
25 17
25 24
25 57
26 24
26 27
26 30
26 58
26 90
26 154
26 538
27 11
27 25
27 59
27 539
28 20
28 29
28 60
28 92
28 284
29 13
29 25
29 31
29 285
29 541
30 22
30 28
30 62
30 94
30 158
30 542
31 27
31 30
31 63
31 543
32 48
32 160
33 32
33 35
33 289
33 545
34 32
34 546
35 34
35 39
35 99
35 291
36 4
36 32
36 44
36 164
36 292
36 548
37 33
37 36
37 45
37 165
37 293
37 549
38 6
38 34
38 36
38 39
38 46
38 102
38 294
38 550
39 37
39 167
39 295
40 32
40 41
40 42
40 44
40 56
40 104
40 552
41 9
41 33
41 43
41 57
41 105
41 169
41 297
42 34
42 43
42 46
42 58
42 554
43 35
43 47
43 59
43 555
44 46
44 108
44 172
44 300
44 556
45 13
45 41
45 44
45 301
46 47
46 62
46 174
47 15
47 39
47 45
47 111
47 559
48 16
48 49
48 52
48 56
48 176
48 304
49 33
49 51
49 53
49 57
49 113
50 34
50 48
50 51
50 54
50 114
50 178
50 306
51 35
51 55
51 179
51 563
52 20
52 36
52 54
52 116
52 564
53 21
53 37
53 52
53 55
53 117
53 181
53 309
53 565
54 38
54 62
54 182
54 310
54 566
55 39
55 54
55 119
55 311
56 24
56 57
56 60
56 120
56 184
56 312
57 41
57 185
57 313
57 569
58 50
58 56
58 62
58 122
58 314
59 51
59 57
59 58
59 63
59 315
59 571
60 44
60 52
60 62
60 124
60 188
61 29
61 45
61 53
61 57
61 60
61 125
62 46
62 58
62 126
62 190
62 318
62 574
63 47
63 55
63 61
63 62
63 127
63 191
64 0
64 65
64 66
64 68
64 72
64 80
64 192
64 320
65 1
65 67
65 69
65 73
65 81
65 193
65 577
66 74
66 322
67 3
67 66
67 75
67 195
68 4
68 76
68 196
68 580
69 5
69 68
69 71
69 77
69 101
69 197
69 325
69 581
70 6
70 66
70 68
70 71
70 198
70 326
70 582
71 7
71 67
71 103
71 199
71 327
71 583
72 8
72 64
72 73
72 74
73 65
73 75
73 89
74 10
74 75
74 78
74 90
74 202
74 330
75 79
75 107
75 203
75 587
76 72
76 108
76 204
76 332
77 73
77 76
77 79
77 93
77 109
77 333
78 14
78 70
78 76
78 79
78 206
78 590
79 71
79 95
79 207
79 335
79 591
80 16
80 64
80 81
80 82
80 88
81 85
81 113
82 18
82 66
82 83
82 86
82 90
82 114
82 210
83 19
83 67
83 81
83 87
83 115
83 211
83 339
84 68
84 80
84 86
84 92
85 21
85 69
85 84
85 93
85 213
85 597
86 70
86 87
86 214
86 342
87 23
87 71
87 85
87 95
87 119
87 215
87 599
88 72
88 90
88 92
88 600
89 25
89 81
89 88
89 91
89 121
89 217
89 345
90 91
90 94
90 122
90 602
91 27
91 75
91 83
91 95
91 123
91 219
91 603
92 76
92 94
92 604
93 29
93 89
93 92
93 95
93 221
94 78
94 86
94 95
94 222
94 350
95 31
95 127
95 223
95 351
96 32
96 64
96 112
97 33
97 65
97 96
97 99
97 105
97 113
97 225
97 609
98 34
98 66
98 96
98 99
98 114
98 226
98 610
99 67
99 227
99 355
100 36
100 68
100 96
100 108
100 116
101 37
101 97
101 100
101 357
102 70
102 98
102 100
102 118
102 358
103 39
103 99
103 101
103 102
103 111
103 615
104 72
104 96
104 105
104 120
105 73
105 107
105 109
105 361
105 617
106 42
106 74
106 98
106 104
106 107
106 110
106 618
107 43
107 75
107 99
107 111
107 123
107 235
107 363
107 619
108 104
108 109
108 110
108 124
108 236
108 364
109 45
109 101
109 125
109 621
110 46
110 78
110 102
110 111
110 126
110 366
110 622
111 79
111 109
112 48
112 80
112 624
113 112
113 115
113 117
113 121
113 369
113 625
114 112
114 115
114 118
114 242
114 370
115 51
115 99
115 119
115 123
115 627
116 84
116 112
116 117
116 118
116 124
116 244
116 628
117 85
117 101
117 125
117 245
118 54
118 86
118 126
118 246
118 374
118 630
119 103
119 117
119 118
119 127
119 247
119 375
120 88
120 104
120 112
120 376
120 632
121 57
121 105
121 120
121 123
121 633
122 106
122 114
122 120
122 250
122 378
122 634
123 59
123 122
123 635
124 92
124 120
124 125
124 252
125 93
125 121
125 127
125 253
126 94
126 122
126 124
126 254
127 111
127 123
127 126
127 255
127 383
127 639
128 0
128 130
128 136
128 160
128 384
128 640
129 1
129 128
129 131
129 133
129 137
129 145
129 161
129 385
129 641
130 131
130 138
130 194
131 135
131 139
131 147
131 195
132 128
132 133
132 134
132 140
132 148
132 164
132 196
133 141
133 149
133 197
133 389
134 130
134 135
134 142
134 390
134 646
135 7
135 133
135 143
135 151
135 391
136 128
136 138
136 152
136 168
136 200
136 392
136 648
137 9
137 136
137 139
137 201
137 393
138 10
138 139
140 136
140 141
140 142
140 172
140 204
140 396
141 13
141 137
141 205
141 653
142 14
142 138
142 174
142 206
142 398
143 15
143 139
143 141
143 142
143 399
144 16
144 128
144 145
144 208
145 17
145 149
145 177
145 209
145 657
146 130
146 144
146 150
146 154
146 178
147 19
147 145
147 146
147 155
147 211
147 403
148 144
148 212
148 404
149 21
149 148
149 151
149 213
150 22
150 134
150 148
150 151
150 158
150 182
150 214
151 23
151 147
152 24
152 144
152 154
152 156
152 216
152 664
153 25
153 137
153 145
153 152
153 155
153 157
153 217
153 409
153 665
154 138
154 158
154 218
155 27
155 139
155 154
155 159
155 187
155 411
156 28
156 140
156 148
156 157
156 158
156 668
157 29
157 141
157 149
157 159
157 669
158 142
158 159
158 222
158 414
159 31
159 143
159 151
159 191
159 415
159 671
160 162
160 168
160 176
160 416
160 672
161 33
161 160
161 169
161 225
161 417
161 673
162 34
162 130
162 170
162 226
162 418
163 35
163 131
163 161
163 162
163 171
164 36
164 160
164 180
164 228
165 133
165 161
165 164
165 173
165 181
165 677
166 38
166 134
166 162
166 164
166 167
166 174
166 182
166 422
166 678
167 135
167 163
167 165
167 175
167 231
168 40
168 169
168 170
168 172
168 232
168 424
168 680
169 137
169 171
170 42
170 138
170 174
170 682
171 43
171 139
171 163
171 169
171 170
171 187
171 235
171 427
171 683
172 164
172 236
172 684
173 45
173 141
173 169
173 172
173 175
173 189
173 237
173 685
174 172
174 175
174 190
174 238
174 430
174 686
175 47
175 143
175 171
175 239
175 431
176 144
176 180
176 240
176 432
177 49
177 145
177 161
177 176
177 179
177 181
177 433
177 689
178 162
178 176
178 179
178 182
178 434
179 147
179 163
179 435
180 52
180 148
180 436
181 149
181 180
181 183
181 189
181 245
181 693
182 180
182 183
182 190
182 438
183 55
183 151
183 167
183 179
183 695
184 152
184 168
184 176
184 186
184 188
184 440
184 696
185 153
185 169
185 177
185 184
185 187
185 249
185 441
185 697
186 58
186 154
186 170
186 178
186 187
186 442
186 698
187 59
187 179
187 191
187 443
187 699
188 156
188 172
188 180
188 189
188 444
189 61
189 157
189 185
189 253
189 445
189 701
190 158
190 186
190 188
190 191
190 254
190 446
190 702
191 175
191 183
191 189
192 128
192 194
192 224
192 704
193 129
193 192
193 197
193 201
193 209
193 225
193 449
193 705
194 66
194 202
194 210
194 226
195 67
195 193
195 194
195 227
195 707
196 192
196 197
196 198
196 204
196 212
196 452
196 708
197 199
197 213
197 229
197 453
197 709
198 134
198 194
198 206
198 214
198 230
198 454
198 710
199 135
199 195
199 198
199 207
199 231
200 72
200 192
200 202
200 204
200 216
200 456
200 712
201 73
201 137
201 200
201 205
201 217
201 233
201 713
202 138
202 203
202 218
202 458
203 139
203 195
203 201
203 207
203 235
203 715
204 205
205 77
205 197
205 237
205 461
206 202
206 204
206 238
206 462
206 718
207 143
207 205
207 206
207 719
208 80
208 192
208 209
208 210
208 212
208 216
208 240
209 81
209 211
209 721
210 146
210 211
210 214
210 218
210 466
211 195
211 215
211 467
212 84
212 244
212 468
212 724
213 209
213 212
213 215
213 221
213 245
213 469
213 725
214 212
214 215
215 151
215 199
215 247
215 727
216 88
216 218
216 248
216 728
217 209
217 216
217 219
217 249
218 90
218 216
218 219
218 250
218 730
219 155
219 203
219 211
219 223
219 251
220 92
220 156
220 204
220 212
220 216
220 221
220 222
220 252
220 476
220 732
221 157
221 205
221 217
221 220
221 223
221 477
222 206
222 214
222 218
222 254
222 734
223 95
223 159
223 207
223 215
223 222
223 479
224 96
224 160
224 225
224 226
224 228
224 232
224 240
225 193
225 227
225 229
225 233
225 241
225 737
226 227
226 234
226 242
226 738
227 163
227 235
227 483
227 739
228 100
228 196
228 224
228 229
228 230
228 236
228 740
229 101
229 165
229 231
229 485
230 102
230 166
230 198
230 226
230 231
230 238
230 742
231 103
231 227
231 743
232 104
232 200
232 236
232 248
232 488
233 105
233 169
233 232
234 106
234 170
234 202
234 232
234 238
234 490
234 746
235 227
235 233
235 234
235 251
236 204
236 237
236 238
236 492
237 109
237 229
237 233
237 239
237 253
237 493
238 110
238 239
238 254
238 750
239 111
239 207
239 231
239 235
239 255
239 495
239 751
240 112
240 241
240 242
240 244
240 248
240 752
241 113
241 177
241 209
241 243
242 178
242 210
242 243
242 246
242 498
242 754
243 115
243 179
243 211
243 227
243 755
244 180
244 228
244 245
244 246
244 252
245 229
245 241
245 247
245 253
245 501
245 757
246 118
246 182
246 214
246 230
246 247
246 254
247 119
247 183
247 231
247 243
247 255
247 503
248 120
248 184
248 249
248 250
248 504
249 121
249 233
249 241
249 251
249 761
250 186
250 234
250 242
250 251
250 762
251 123
251 187
251 243
251 255
251 763
252 188
252 236
252 248
252 508
252 764
253 221
253 249
253 252
253 255
253 765
254 250
254 252
254 255
255 191
255 223
256 258
256 264
256 272
256 288
256 768
257 256
257 259
257 261
257 265
257 273
257 289
257 321
258 2
258 259
258 266
258 274
258 290
258 386
259 267
259 323
260 4
260 256
260 262
260 268
260 276
260 388
261 260
261 263
261 269
261 277
261 773
262 258
262 263
262 270
262 278
262 294
262 326
263 7
263 259
263 327
263 391
264 8
264 265
264 268
264 280
264 328
264 776
265 9
265 267
265 269
265 281
265 297
265 329
265 393
266 264
266 267
266 282
266 298
266 330
267 395
268 269
268 396
269 13
269 271
269 333
269 397
269 781
270 266
270 268
270 334
270 782
271 263
271 267
271 270
271 287
271 303
271 335
271 399
271 783
272 274
272 276
272 304
272 336
272 400
272 784
273 17
273 272
273 275
273 277
273 281
273 305
273 337
274 18
274 278
274 306
274 402
275 259
275 274
275 279
275 339
275 787
276 278
276 340
276 788
277 273
277 276
277 279
277 405
278 286
278 342
278 406
278 790
279 263
279 278
279 791
280 24
280 272
280 281
280 284
280 312
280 792
281 25
281 313
282 26
282 274
282 280
282 314
283 27
283 267
283 275
283 281
283 282
283 287
283 315
283 347
283 411
283 795
284 268
284 276
284 796
285 269
285 277
285 281
285 284
285 349
286 30
286 270
286 282
286 284
286 287
286 414
287 31
287 279
287 285
287 415
287 799
288 32
288 290
288 296
288 352
288 800
289 33
289 288
289 297
289 801
290 34
290 291
290 294
290 298
290 306
290 354
291 259
291 289
291 299
291 355
291 419
291 803
292 260
292 288
292 293
292 294
292 308
292 356
293 261
293 289
293 295
293 301
293 309
293 421
294 295
294 302
294 310
295 263
295 291
295 303
295 359
295 807
296 40
296 264
296 360
297 265
297 296
297 425
297 809
298 42
298 296
298 426
299 43
299 267
299 297
299 298
299 303
299 363
300 268
300 292
300 296
300 316
300 364
301 269
301 297
301 300
301 365
302 46
302 270
302 298
302 300
302 303
302 814
303 47
303 301
303 367
303 431
304 288
304 368
304 432
305 49
305 289
305 304
305 307
305 313
305 433
306 304
306 370
306 818
307 51
307 275
307 291
307 306
307 311
307 315
307 435
308 52
308 276
308 292
308 304
308 309
308 310
308 316
308 372
308 436
309 277
309 305
309 311
309 317
309 821
310 54
310 278
310 306
310 318
310 438
310 822
311 279
311 295
311 310
311 375
311 823
312 280
312 296
312 304
312 314
312 316
312 376
313 297
313 312
313 317
313 377
313 441
314 298
314 306
315 283
315 299
315 313
315 314
315 319
315 379
315 443
316 60
316 284
317 61
317 285
317 301
317 316
317 381
317 445
318 286
318 302
318 314
318 316
318 319
318 382
319 63
319 287
319 303
319 311
319 317
319 383
319 447
319 831
320 256
320 321
320 448
321 65
321 323
321 325
321 329
321 449
322 258
322 320
322 330
322 354
322 834
323 67
323 322
323 327
323 331
323 339
323 355
323 835
324 68
324 260
324 320
324 332
324 452
324 836
325 261
325 324
325 837
326 322
326 324
326 327
326 334
326 342
326 358
326 454
327 325
327 343
327 359
328 72
328 320
328 332
328 344
328 360
328 456
329 73
329 328
329 331
329 333
329 361
329 841
330 328
330 331
331 75
331 267
331 335
331 363
331 459
332 268
332 334
332 348
332 364
332 460
333 77
333 325
333 332
333 335
333 365
333 461
334 78
334 330
334 350
334 462
334 846
335 327
335 334
335 351
336 80
336 320
336 337
336 340
336 344
336 368
336 464
336 848
337 81
337 321
337 465
337 849
338 82
338 274
338 322
338 336
338 339
338 342
338 346
338 850
339 337
339 371
339 467
340 84
340 324
340 341
340 372
341 85
341 277
341 325
341 337
341 343
341 373
341 853
342 340
342 350
342 374
342 854
343 87
343 279
343 339
343 342
343 351
343 855
344 88
344 280
344 376
344 472
344 856
345 281
345 329
345 337
345 344
345 347
345 377
346 90
346 282
346 330
346 344
346 350
346 378
346 474
346 858
347 91
347 331
347 339
347 346
347 379
348 92
348 284
348 340
348 344
348 350
349 93
349 333
349 341
349 345
349 348
349 381
349 477
349 861
350 286
350 351
350 478
351 287
351 335
351 347
351 349
351 479
352 96
352 320
352 354
352 356
352 480
353 97
353 289
353 321
353 352
353 355
353 357
353 361
353 865
354 98
354 290
354 358
355 354
355 359
355 483
355 867
356 100
356 324
356 357
356 358
356 372
356 484
357 101
357 293
357 325
357 365
358 294
358 374
358 486
358 870
359 103
359 357
359 358
359 367
359 871
360 104
360 352
360 361
360 362
360 364
360 488
360 872
361 297
361 365
361 489
361 873
362 106
362 298
362 330
362 354
362 363
363 355
363 361
363 491
363 875
364 356
364 365
364 366
365 109
365 367
365 381
366 302
366 334
366 358
366 362
366 382
366 494
366 878
367 111
367 335
367 363
367 366
367 383
367 495
367 879
368 112
368 304
368 352
368 370
368 496
369 305
369 337
369 353
369 368
369 373
369 497
370 338
370 354
370 371
370 498
370 882
371 115
371 307
371 355
371 369
371 370
371 375
371 379
372 116
372 340
372 368
372 373
372 374
373 117
373 309
373 357
373 372
373 885
374 310
374 370
374 375
374 382
374 502
374 886
375 343
375 359
375 371
375 373
375 383
375 887
376 360
376 368
376 377
376 380
376 504
376 888
377 121
377 361
377 369
377 505
378 314
378 362
378 370
378 376
378 382
378 506
379 123
379 363
379 377
379 378
379 507
380 124
380 316
380 348
380 364
380 372
380 381
380 892
381 125
381 373
381 377
381 383
381 893
382 126
382 350
382 380
382 383
382 510
383 351
383 379
383 511
384 256
384 385
384 386
384 400
385 257
385 389
385 393
385 449
385 897
386 130
386 384
386 387
386 390
386 394
386 418
386 450
387 131
387 259
387 385
387 391
387 395
387 403
387 419
388 132
388 384
388 389
388 390
388 396
388 420
388 900
389 133
389 261
389 421
389 453
389 901
390 262
390 406
390 422
390 902
391 389
391 390
391 399
392 264
392 384
392 393
392 394
392 396
392 424
392 456
392 904
393 397
393 409
393 425
393 457
393 905
394 138
394 266
394 395
394 458
395 139
395 393
395 427
396 398
396 412
396 428
396 460
396 908
397 141
397 389
397 396
397 413
397 429
397 461
397 909
398 270
398 390
398 394
399 395
399 397
399 398
399 431
399 463
399 911
400 144
400 401
400 402
400 408
400 464
400 912
401 145
401 273
401 385
401 400
401 433
401 465
402 146
402 386
402 410
402 434
402 914
403 275
403 401
403 402
403 915
404 276
404 388
404 400
404 405
404 412
404 436
404 468
404 916
405 149
405 389
405 401
405 407
405 413
405 469
406 150
406 402
406 404
406 407
406 438
406 470
407 151
407 279
407 391
407 403
407 415
407 439
408 152
408 280
408 392
408 410
408 440
408 920
409 281
409 393
409 401
409 408
409 411
409 441
409 473
409 921
410 154
410 282
410 394
410 411
411 395
411 403
411 415
411 443
411 475
411 923
412 156
412 284
412 408
412 414
412 444
412 476
412 924
413 157
413 285
413 409
413 412
413 477
413 925
414 286
414 398
414 406
414 410
415 287
415 399
415 413
415 414
415 479
415 927
416 288
416 384
416 418
416 424
416 480
416 928
417 289
417 385
417 416
417 433
417 481
417 929
418 290
418 386
418 419
418 426
419 163
419 387
419 417
419 423
420 164
420 292
420 416
420 422
420 428
420 484
420 932
421 165
421 417
421 420
421 485
421 933
422 294
422 418
422 423
422 438
422 934
423 167
423 295
423 391
423 421
423 431
423 439
424 296
424 416
424 425
424 428
424 440
424 936
425 169
425 417
425 427
425 429
425 489
426 170
426 394
426 424
426 427
427 299
427 419
427 431
427 443
428 172
428 300
428 429
428 430
428 492
428 940
429 173
429 301
429 421
429 431
429 445
429 493
430 302
430 398
430 422
430 426
430 446
430 942
431 430
431 447
432 400
432 416
432 433
432 496
433 177
433 437
434 306
434 418
434 432
434 435
434 438
434 442
434 946
435 403
435 419
435 433
435 947
436 420
436 432
436 437
436 438
436 444
436 500
437 181
437 309
437 405
437 421
437 949
438 439
438 446
438 502
438 950
439 183
439 311
439 435
439 437
439 447
439 951
440 312
440 432
440 442
440 444
441 425
441 433
441 440
441 445
441 505
442 314
442 410
442 426
442 443
442 446
443 435
443 441
443 507
444 316
444 428
444 446
444 956
445 413
445 437
445 441
445 444
445 447
445 509
445 957
446 318
446 414
446 447
447 191
447 415
447 443
447 511
447 959
448 192
448 320
448 384
448 464
448 480
448 960
449 448
449 453
449 481
450 194
450 322
450 448
450 451
450 454
450 482
451 195
451 323
451 387
451 449
451 450
451 459
451 467
451 483
452 324
452 388
452 448
452 453
452 454
452 460
452 964
453 325
453 469
453 485
454 390
455 199
455 327
455 391
455 451
455 453
455 454
455 471
455 487
455 967
456 448
456 457
456 458
456 472
457 201
457 329
457 449
457 461
457 969
458 330
458 450
458 490
458 970
459 203
459 395
459 457
459 458
459 475
459 491
459 971
460 204
460 456
460 461
460 462
461 453
461 457
461 973
462 398
462 454
462 458
462 463
462 478
462 974
463 207
463 335
463 455
463 459
463 461
463 495
464 208
464 465
464 496
464 976
465 209
465 449
465 469
465 473
466 338
466 402
466 450
466 464
466 467
467 403
467 465
467 471
467 475
467 979
468 340
468 452
468 464
468 469
468 476
468 500
469 341
469 471
469 477
469 981
470 214
470 342
470 454
470 466
470 468
470 471
470 502
471 215
471 343
471 407
471 479
471 503
472 216
472 408
472 464
472 473
472 474
472 476
473 217
473 345
473 457
473 475
473 477
473 505
473 985
474 218
474 410
474 458
474 466
474 475
474 986
475 219
475 347
475 479
475 987
476 348
476 460
476 508
476 988
477 221
477 461
477 476
477 479
478 222
478 414
478 470
478 474
478 476
478 479
479 463
479 991
480 224
480 352
480 484
480 496
481 225
481 353
481 480
481 485
481 993
482 226
482 354
482 418
482 480
482 486
482 994
483 419
483 481
483 482
483 491
483 499
484 228
484 452
484 485
484 486
484 492
484 500
485 357
485 501
485 997
486 230
486 422
486 454
486 487
486 502
486 998
487 231
487 359
487 423
487 483
487 485
487 495
487 999
488 424
488 456
488 480
488 489
488 492
489 233
489 457
489 481
489 491
489 493
489 505
490 362
490 426
490 482
490 488
491 235
491 427
491 489
491 490
492 364
492 460
492 508
492 1004
493 365
493 461
493 485
493 492
493 495
493 509
493 1005
494 238
494 430
494 462
494 486
494 490
494 492
494 495
494 510
495 367
495 431
495 491
496 240
496 464
496 497
496 498
496 1008
497 241
497 433
497 465
497 481
497 499
497 501
497 505
497 1009
498 434
498 466
498 482
498 499
498 506
498 1010
499 243
499 371
499 435
499 467
499 503
499 1011
500 244
500 372
500 496
500 502
501 373
501 437
501 469
501 497
501 500
502 246
502 498
502 503
502 1014
503 375
503 439
503 487
503 501
504 440
504 472
504 488
504 496
504 506
504 1016
505 249
505 504
505 507
506 250
506 378
506 442
506 474
506 490
506 510
507 251
507 475
507 491
507 499
507 506
507 511
507 1019
508 380
508 444
508 500
508 504
508 509
508 510
509 253
509 381
509 477
509 501
509 505
509 511
509 1021
510 254
510 446
510 478
510 494
510 502
510 511
510 1022
511 255
511 447
511 479
511 495
511 503
512 0
512 513
512 516
512 528
513 1
513 515
513 521
514 512
514 515
514 518
514 530
514 546
515 519
515 523
515 579
515 771
516 517
516 524
516 548
516 580
517 513
517 533
517 549
517 581
517 645
518 516
518 519
518 526
518 534
518 550
518 646
519 517
519 551
519 583
519 775
520 512
520 536
520 552
520 648
521 9
521 520
521 553
521 585
521 777
522 10
522 514
522 520
522 526
522 538
522 554
522 586
522 650
523 11
523 521
523 522
523 527
523 555
523 651
524 12
524 520
524 540
524 556
524 652
524 780
525 13
525 517
525 521
525 524
525 589
525 781
526 14
526 524
526 527
526 542
526 590
527 519
527 523
527 525
527 783
528 530
528 532
528 536
528 560
528 592
528 656
529 17
529 513
529 528
529 537
529 561
529 593
529 657
529 785
530 18
530 528
530 531
530 534
530 562
530 594
530 658
531 515
531 529
531 539
531 563
531 595
531 787
532 516
532 533
532 534
532 540
532 564
532 788
533 529
533 541
533 565
534 22
534 542
534 566
535 23
535 519
535 531
535 533
535 534
535 567
535 599
535 663
535 791
536 538
536 792
537 25
537 521
537 536
537 539
537 541
537 569
538 530
538 536
538 539
538 570
538 794
539 27
539 523
539 571
539 667
540 28
540 536
540 542
540 604
540 796
541 525
541 540
541 543
541 605
541 669
541 797
542 538
543 527
543 535
543 539
543 542
543 575
543 671
543 799
544 32
544 512
544 545
544 546
544 548
544 560
544 608
544 672
544 800
545 513
545 549
546 562
546 674
546 802
547 35
547 515
547 545
547 546
547 551
547 563
547 611
548 564
548 612
548 676
549 548
549 551
549 613
549 677
550 546
550 548
550 551
550 566
551 39
551 567
552 520
552 544
552 553
552 554
552 568
552 616
553 41
553 545
553 555
553 557
553 569
553 617
553 809
554 522
554 546
554 555
554 570
554 618
554 810
555 547
555 559
555 811
556 548
556 552
556 558
556 620
556 684
556 812
557 45
557 525
557 549
557 556
557 813
558 46
558 526
558 550
558 554
558 686
559 527
559 551
559 557
559 558
559 687
560 48
560 568
561 49
561 545
561 560
561 563
561 565
561 569
561 689
561 817
562 50
562 546
562 560
562 563
563 571
563 627
563 819
564 560
564 566
564 820
565 549
565 564
565 573
565 629
565 821
566 562
566 567
566 574
566 630
566 694
566 822
567 55
567 563
567 565
567 695
568 56
568 536
568 572
568 632
568 824
569 561
569 568
569 571
569 573
569 697
570 58
570 538
570 562
570 568
570 574
570 634
570 698
570 826
571 59
571 555
571 570
571 635
571 827
572 60
572 540
572 556
572 564
572 573
572 574
572 636
573 61
573 541
573 557
573 637
573 701
574 542
574 558
574 638
574 702
575 63
575 559
575 567
575 571
575 573
575 574
575 703
575 831
576 64
576 512
576 584
576 592
576 608
576 832
577 513
577 576
577 581
577 593
577 609
577 705
577 833
578 66
578 514
578 576
578 582
578 586
579 67
579 577
579 578
579 583
579 587
579 611
579 835
580 576
580 588
580 596
580 612
581 580
581 583
581 589
581 709
581 837
582 518
582 580
582 590
582 598
582 838
583 582
583 615
584 72
584 520
584 585
584 588
584 616
584 712
585 73
585 577
585 584
585 587
585 601
585 617
585 713
586 74
586 578
586 584
586 587
586 590
587 523
587 619
587 715
587 843
588 76
588 524
588 589
588 590
588 604
588 716
588 844
589 77
589 581
589 585
589 621
589 717
589 845
590 526
590 606
590 622
591 527
591 583
591 587
591 589
591 590
591 607
591 847
592 80
592 594
592 720
593 81
593 592
593 595
593 597
593 625
593 721
594 82
594 578
594 602
594 626
594 722
595 83
595 579
595 594
595 599
595 723
595 851
596 84
596 532
596 592
596 598
596 628
596 852
597 533
597 581
597 596
597 605
597 725
597 853
598 86
598 534
598 594
598 599
598 606
598 726
598 854
599 583
599 595
599 597
599 727
599 855
600 536
600 584
600 592
600 601
600 856
601 89
601 537
601 593
601 605
601 729
602 538
602 586
602 600
602 606
602 730
602 858
603 539
603 587
603 595
603 601
603 602
603 607
603 635
603 859
604 596
604 600
604 605
604 732
605 93
605 589
605 637
605 861
606 94
606 542
606 604
606 607
606 734
606 862
607 95
607 543
607 599
607 605
607 639
607 735
607 863
608 96
608 609
608 612
608 616
608 736
608 864
609 545
609 608
609 611
609 613
609 625
610 546
610 578
610 608
610 618
610 738
610 866
611 99
611 579
611 610
611 615
611 739
611 867
612 100
612 620
612 628
612 740
613 101
613 581
613 612
613 615
613 621
613 869
614 102
614 550
614 582
614 610
614 612
614 622
614 630
614 742
614 870
615 551
615 614
615 631
615 871
616 104
616 608
616 617
616 618
616 872
617 553
617 609
617 619
617 633
617 745
617 873
618 586
618 874
619 555
619 611
619 618
619 635
619 747
619 875
620 108
620 588
620 616
620 622
620 636
620 748
620 876
621 557
621 617
621 620
621 623
621 637
621 877
622 558
622 618
622 638
623 111
623 559
623 591
623 615
623 619
623 622
623 639
624 560
624 592
624 608
624 625
624 752
624 880
625 561
625 627
625 629
625 633
625 753
626 114
626 562
626 610
626 624
626 630
626 634
626 882
627 595
627 611
627 626
627 631
628 564
628 624
628 756
628 884
629 117
629 597
629 613
629 628
630 598
630 628
630 638
630 758
631 119
631 567
631 599
631 629
631 630
631 759
631 887
632 600
632 616
632 624
632 888
633 569
633 601
633 632
633 637
633 761
634 602
634 618
634 632
634 635
634 890
635 627
635 633
636 124
636 604
636 628
636 632
636 637
636 638
636 764
637 125
637 629
637 639
638 126
638 606
638 634
638 639
639 575
639 631
639 635
639 895
640 512
640 641
640 656
640 672
640 704
641 513
641 643
641 645
641 649
642 130
642 514
642 640
642 646
642 650
642 658
642 706
642 898
643 131
643 515
643 642
643 675
644 132
644 516
644 640
644 645
644 646
644 676
644 708
645 133
645 647
645 661
645 677
645 709
645 901
646 647
646 678
646 710
646 902
647 135
647 519
647 643
647 655
647 663
647 711
647 903
648 640
648 649
648 650
648 652
648 712
649 137
649 521
649 651
649 665
649 713
649 905
650 138
650 654
650 666
650 682
650 906
651 139
651 643
651 650
651 655
651 715
652 140
652 644
652 653
652 668
653 525
653 645
653 649
653 685
653 717
653 909
654 142
654 526
654 646
654 652
654 655
655 143
655 527
655 653
656 144
656 660
656 688
657 641
657 656
657 659
657 661
657 689
657 721
658 146
658 656
658 659
658 662
658 666
658 722
659 147
659 531
659 643
659 663
659 723
660 148
660 532
660 644
660 662
660 668
660 692
661 149
661 533
661 660
661 669
661 693
662 150
662 534
662 646
662 663
662 694
663 151
663 661
663 671
663 727
664 536
664 648
664 656
664 728
664 920
665 537
665 657
665 664
665 669
666 154
666 538
666 664
666 667
666 670
666 698
666 730
666 922
667 155
667 651
667 659
667 665
667 666
667 923
668 540
668 664
668 670
668 700
668 924
669 541
669 653
669 668
669 925
670 158
670 542
670 654
670 662
670 668
670 671
670 702
670 734
670 926
671 655
671 667
671 669
671 735
672 673
672 674
672 928
673 545
673 641
673 675
673 681
674 162
674 642
674 675
674 930
675 163
675 547
675 673
675 679
675 683
675 739
675 931
676 164
676 672
676 684
676 692
677 673
677 676
677 685
677 693
678 550
678 674
678 676
678 679
678 686
678 694
679 167
679 551
679 647
679 677
679 687
679 695
679 743
679 935
680 552
680 648
680 672
680 681
680 682
680 744
680 936
681 169
681 553
681 649
681 683
681 697
682 554
682 674
682 746
683 555
683 651
683 682
683 939
684 652
684 680
684 685
684 700
684 748
684 940
685 557
685 677
685 681
685 749
686 654
686 682
686 684
686 687
686 750
686 942
687 175
687 655
687 683
687 685
687 751
688 176
688 560
688 672
688 689
688 692
688 696
688 752
689 673
689 691
689 693
689 697
689 753
690 178
690 562
690 658
690 674
690 688
690 698
690 754
691 179
691 563
691 659
691 675
691 690
691 699
692 180
692 564
692 756
693 565
693 692
693 695
693 701
693 757
693 949
694 182
694 566
694 690
694 692
694 695
694 758
695 663
695 691
695 703
695 759
695 951
696 568
696 664
696 680
696 688
696 697
696 700
696 760
697 665
697 699
698 570
698 682
698 696
698 699
698 954
699 571
699 667
699 683
699 955
700 188
700 572
700 692
700 701
701 669
701 685
701 697
701 703
702 686
702 694
702 698
702 700
702 703
702 766
702 958
703 191
703 671
703 687
703 699
704 576
704 706
704 736
705 641
705 704
705 707
705 709
705 713
705 721
706 194
706 578
706 707
706 710
706 722
706 738
707 579
707 643
707 711
707 715
707 963
708 580
708 704
708 709
708 724
708 964
709 711
709 725
709 965
710 582
710 708
710 726
710 742
711 199
711 583
711 710
711 727
712 704
712 713
712 714
713 715
713 729
713 745
713 969
714 202
714 586
714 650
714 706
714 718
714 730
715 713
715 714
715 719
715 731
716 204
716 588
716 652
716 708
716 712
716 717
716 718
716 748
716 972
717 205
717 709
717 713
718 590
718 654
718 710
718 719
718 974
719 207
719 591
719 655
719 711
719 717
719 718
720 208
720 656
720 704
720 724
720 752
721 720
721 723
721 725
721 729
721 977
722 210
722 720
722 730
722 978
723 211
723 707
723 722
723 755
724 596
724 660
724 725
724 726
725 661
725 721
725 727
726 214
726 662
726 722
726 734
727 711
727 723
727 726
727 735
728 600
728 712
728 720
728 729
728 732
728 760
729 217
729 665
729 731
729 733
729 761
730 728
730 762
730 986
731 219
731 603
731 667
731 723
731 730
731 735
731 763
732 668
732 716
732 724
732 733
732 764
732 988
733 221
733 605
733 669
733 717
733 725
734 222
734 606
734 718
734 730
734 732
734 990
735 223
735 719
735 733
735 734
735 767
736 224
736 672
736 740
736 992
737 609
737 673
737 705
737 736
737 753
738 674
738 736
738 739
738 742
738 746
739 707
739 737
739 747
739 755
739 995
740 676
740 708
740 736
740 741
740 742
740 756
741 229
741 613
741 677
741 709
741 737
741 743
741 749
741 757
741 997
742 678
742 750
742 758
743 615
743 711
743 739
743 742
743 751
743 759
744 232
744 616
744 712
744 736
744 745
744 746
745 233
745 617
745 681
745 737
745 747
745 761
745 1001
746 618
746 714
746 750
746 762
747 235
747 683
747 715
747 746
747 763
748 236
748 620
748 740
748 744
748 750
748 1004
749 237
749 621
749 717
749 745
749 748
749 751
750 238
750 622
750 718
750 766
750 1006
751 623
751 719
751 747
751 750
751 767
751 1007
752 720
752 736
752 760
753 241
753 721
753 752
753 755
753 757
754 626
754 722
754 738
754 752
754 755
754 758
754 762
755 627
755 691
755 1011
756 244
756 724
756 752
757 629
757 725
757 756
757 759
758 246
758 726
758 756
758 766
758 1014
759 247
759 727
759 755
759 758
759 1015
760 248
760 632
760 744
760 761
760 762
761 697
761 753
761 1017
762 250
762 634
762 698
762 1018
763 635
763 699
763 755
763 761
763 762
764 700
764 748
764 756
764 760
765 253
765 637
765 701
765 733
765 749
765 757
765 761
765 764
765 1021
766 254
766 638
766 734
766 762
766 764
766 767
766 1022
767 255
767 639
767 703
767 759
767 763
767 765
767 766
767 1023
768 512
768 770
768 776
768 800
768 896
769 257
769 513
769 768
769 785
769 801
769 833
770 258
770 514
770 771
770 774
771 259
771 769
771 803
771 899
772 260
772 516
772 768
772 773
772 774
772 780
772 788
772 804
773 517
773 769
773 775
773 789
773 805
773 837
774 262
774 518
774 775
774 782
774 790
774 902
775 263
775 771
775 783
775 791
775 903
776 520
776 777
776 778
776 808
776 904
777 265
777 769
777 841
778 266
778 522
778 770
778 779
778 782
778 810
778 842
779 267
779 523
779 771
779 777
779 783
779 795
779 843
779 907
780 268
780 776
780 781
780 782
780 812
781 773
781 777
781 783
781 797
781 845
782 526
782 814
782 910
783 782
783 815
784 528
784 768
784 786
784 792
784 816
784 848
785 273
785 784
785 793
785 849
785 913
786 274
786 530
786 770
786 787
786 790
786 794
786 818
786 914
787 531
787 771
787 785
787 819
787 851
787 915
788 784
788 796
788 820
788 852
789 277
789 533
789 785
789 788
789 853
789 917
790 534
790 788
790 791
790 798
790 822
790 854
791 787
791 789
791 799
791 823
791 855
792 776
792 793
792 794
792 824
792 920
793 281
793 537
793 777
793 795
793 825
793 857
793 921
794 282
794 538
794 778
794 795
794 858
795 539
795 787
795 799
795 827
796 780
796 792
796 797
796 828
797 285
797 789
797 793
797 799
797 861
798 286
798 542
798 782
798 794
798 796
798 799
798 926
799 783
799 795
799 831
799 863
799 927
800 288
800 804
800 816
800 864
800 928
801 545
801 800
801 803
801 929
802 290
802 770
802 800
802 806
802 810
802 930
803 547
803 802
803 811
803 819
804 292
804 548
804 805
804 806
804 812
804 868
804 932
805 293
805 549
805 801
805 813
805 821
806 294
806 550
806 774
806 814
806 822
806 870
807 551
807 775
807 803
807 805
807 806
807 815
807 823
807 935
808 296
808 552
808 800
808 810
808 872
809 777
809 801
809 808
809 813
809 825
809 937
810 298
810 811
810 826
811 299
811 779
811 809
811 827
811 875
812 300
812 808
812 813
812 814
813 301
813 781
813 815
813 877
814 558
814 810
814 830
814 878
815 303
815 559
815 811
815 814
815 831
815 943
816 304
816 560
816 817
816 818
816 820
816 944
817 305
817 785
817 801
817 819
817 825
818 562
818 802
818 822
818 882
818 946
819 307
819 818
819 823
819 883
820 308
820 804
820 821
820 822
820 884
820 948
821 789
821 817
821 829
821 885
821 949
822 823
822 886
823 567
823 807
823 821
823 831
823 887
823 951
824 312
824 808
824 816
824 826
824 828
824 888
825 313
825 569
825 824
825 953
826 314
826 794
826 818
826 824
826 827
827 315
827 819
827 825
827 831
827 955
828 316
828 572
828 812
828 820
828 830
828 956
829 317
829 573
829 797
829 813
829 825
829 828
829 831
829 893
830 318
830 574
830 798
830 822
830 826
831 830
831 895
831 959
832 320
832 768
832 836
832 840
832 864
832 960
833 321
833 832
833 835
833 841
833 961
834 578
834 770
834 832
834 835
834 838
834 850
835 771
835 843
835 851
835 867
835 963
836 580
836 772
836 838
836 868
836 964
837 833
837 836
837 853
837 869
838 326
838 774
838 846
839 327
839 583
839 775
839 835
839 837
839 838
839 847
839 855
839 967
840 328
840 584
840 776
840 844
840 856
841 585
841 840
841 845
841 857
841 873
841 969
842 330
842 586
842 834
842 840
842 843
842 858
842 874
843 331
843 841
843 859
843 875
844 332
844 588
844 780
844 836
844 845
844 846
844 860
844 876
844 972
845 333
845 837
845 847
845 877
846 590
846 782
846 842
846 862
846 878
846 974
847 335
847 783
847 843
847 846
847 879
848 592
848 832
848 849
848 850
848 976
849 593
849 833
849 851
849 857
850 594
850 786
850 858
850 882
851 339
851 850
851 883
851 979
852 340
852 788
852 836
852 848
852 884
852 980
853 849
853 852
853 855
853 861
853 885
853 981
854 838
854 850
854 852
854 862
855 599
855 851
855 854
855 863
855 887
855 983
856 792
856 848
856 858
856 860
857 345
857 601
857 856
857 861
857 889
857 985
858 346
858 859
858 890
858 986
859 347
859 795
859 851
859 857
860 348
860 604
860 796
860 852
860 862
861 845
861 860
861 863
861 989
862 350
862 798
862 858
862 894
862 990
863 351
863 847
863 859
863 862
863 895
863 991
864 352
864 868
864 992
865 609
865 801
865 833
865 864
866 354
866 802
866 834
866 864
866 874
866 882
867 803
867 865
867 866
867 871
867 875
867 883
867 995
868 356
868 612
868 869
868 870
868 876
868 884
869 357
869 613
869 805
869 865
869 877
869 885
869 997
870 838
870 866
870 871
870 886
870 998
871 807
871 839
871 869
871 879
871 887
871 999
872 840
872 864
872 873
872 876
872 888
872 1000
873 809
873 865
873 872
873 875
874 362
874 810
874 842
874 872
874 878
874 1002
875 874
875 879
875 1003
876 364
876 812
876 892
877 365
877 873
877 876
877 893
877 1005
878 622
878 870
878 876
878 879
878 894
879 623
879 815
879 877
879 895
879 1007
880 368
880 816
880 848
880 864
880 882
880 888
881 369
881 625
881 817
881 849
881 865
881 880
881 1009
882 883
882 886
882 1010
883 371
883 627
883 881
883 891
883 1011
884 372
884 880
885 629
885 881
885 884
885 887
885 1013
886 630
886 854
886 884
886 887
886 894
886 1014
887 883
887 895
887 1015
888 856
888 889
888 1016
889 377
889 633
889 825
889 873
889 881
889 893
889 1017
890 378
890 826
890 874
890 882
890 888
890 1018
891 379
891 635
891 827
891 859
891 875
891 889
891 890
891 895
891 1019
892 636
892 828
892 860
892 884
892 888
892 893
893 637
893 861
893 885
893 1021
894 382
894 638
894 830
894 890
894 892
894 895
895 383
895 893
895 1023
896 384
896 640
896 900
896 928
896 960
897 641
897 769
897 896
897 905
897 929
898 386
898 770
898 896
898 902
899 387
899 643
899 897
899 898
899 931
900 644
900 772
900 901
900 908
901 389
901 773
901 897
901 909
902 900
902 903
903 391
903 899
903 901
903 911
903 935
904 648
904 896
904 905
905 777
905 907
905 921
905 937
905 969
906 394
906 778
906 898
906 904
907 395
907 651
907 899
907 905
907 906
907 911
908 652
908 780
908 904
908 909
908 910
908 940
908 972
909 781
909 905
909 925
909 973
910 398
910 654
910 902
910 906
910 908
910 911
911 655
911 783
911 909
911 943
912 656
912 784
912 896
912 914
912 916
912 920
912 944
912 976
913 401
913 657
913 897
913 912
913 977
914 658
914 898
914 915
914 946
914 978
915 659
915 899
915 913
915 919
915 923
916 660
916 788
916 900
916 917
916 918
916 924
916 948
917 405
917 661
917 901
917 913
917 919
917 949
917 981
918 406
918 662
918 790
918 902
918 914
918 919
918 926
918 950
918 982
919 407
919 663
919 791
919 903
919 983
920 904
920 921
920 922
920 952
920 984
921 665
921 913
921 953
922 410
922 794
922 906
922 914
922 954
923 795
923 907
923 921
923 922
923 927
924 796
924 908
924 920
924 925
925 797
925 917
925 921
925 989
926 414
926 910
926 918
926 922
926 924
927 671
927 911
927 919
927 925
927 926
928 930
928 932
928 936
929 673
929 928
929 937
929 945
930 418
930 898
930 931
931 419
931 803
931 929
931 935
931 995
932 676
932 900
932 933
932 934
932 940
932 996
933 677
933 805
933 901
933 929
933 935
933 949
933 997
934 678
934 806
934 902
934 930
934 935
934 950
934 998
935 423
935 951
936 808
936 904
936 937
936 938
936 1000
937 425
937 681
937 939
937 941
937 1001
938 426
938 682
938 810
938 906
938 930
938 936
938 954
939 427
939 811
939 907
939 931
939 938
939 955
940 812
940 936
940 956
941 429
941 685
941 813
941 909
941 933
941 940
941 943
941 957
942 814
942 910
942 934
942 938
942 940
943 431
943 687
943 911
943 935
943 939
943 942
943 959
943 1007
944 432
944 688
944 928
944 945
944 946
944 948
944 952
944 1008
945 433
945 689
945 817
945 913
945 953
945 1009
946 690
946 930
946 947
946 954
947 691
947 819
947 915
947 931
947 945
947 955
947 1011
948 436
948 692
948 932
948 949
948 950
948 1012
949 945
949 951
949 957
950 694
950 822
950 946
950 1014
951 919
951 947
951 950
952 440
952 696
952 824
952 936
952 954
953 441
953 697
953 825
953 937
953 952
953 955
953 957
953 1017
954 442
954 826
955 443
955 923
955 954
955 959
956 700
956 924
956 948
956 952
956 957
956 958
957 701
957 829
957 925
957 959
958 446
958 830
958 926
958 942
958 950
958 954
959 703
959 927
959 951
959 958
960 704
960 962
960 964
960 992
961 449
961 705
961 897
961 960
961 965
961 977
961 993
962 450
962 706
962 834
962 898
962 960
962 963
962 966
962 994
963 451
963 899
963 961
963 979
964 836
964 900
964 972
964 980
965 453
965 837
965 901
965 964
965 973
965 981
965 997
966 454
966 710
966 838
966 902
966 964
966 974
966 998
967 711
967 903
967 963
967 965
967 966
967 999
968 456
968 712
968 840
968 904
968 960
968 984
968 1000
969 961
969 968
969 1001
970 714
970 842
970 906
970 962
970 968
970 974
970 986
970 1002
971 715
971 843
971 907
971 963
971 969
971 970
971 975
971 987
972 460
972 968
972 974
973 717
973 845
973 969
973 972
973 975
973 989
974 910
974 966
975 463
975 719
975 847
975 911
975 967
975 974
976 720
976 960
976 984
976 1008
977 465
977 849
977 976
977 979
977 981
977 985
977 1009
978 466
978 850
978 962
978 976
978 982
978 986
978 1010
979 467
979 723
979 915
979 978
980 468
980 724
980 916
980 976
980 982
980 1012
981 725
981 965
981 980
981 983
981 989
982 470
982 726
982 854
982 918
982 966
982 983
982 990
983 471
983 727
983 855
983 967
983 979
984 472
984 728
984 856
984 985
985 729
985 921
985 969
985 989
985 1017
986 922
986 984
986 990
986 1018
987 731
987 859
987 923
987 979
987 985
987 986
987 991
988 860
988 924
988 972
988 980
988 984
988 1020
989 477
989 733
989 973
989 988
989 1021
990 478
990 926
990 974
990 988
991 735
991 927
991 975
991 983
991 989
991 990
991 1023
992 480
992 928
992 994
992 1008
993 737
993 865
993 929
993 992
993 997
993 1001
993 1009
994 738
994 866
994 930
994 995
994 1002
995 483
995 867
995 963
995 993
995 994
995 999
996 484
996 740
996 868
996 964
996 992
996 1004
997 485
997 993
997 996
997 999
997 1005
998 742
998 994
998 996
998 999
998 1006
998 1014
999 743
999 935
999 1007
999 1015
1000 488
1000 744
1000 936
1000 992
1000 1002
1001 489
1001 873
1001 1000
1001 1003
1001 1005
1001 1017
1002 490
1002 746
1002 938
1002 1003
1003 491
1003 747
1003 939
1003 971
1003 995
1003 1007
1003 1019
1004 876
1004 940
1004 972
1004 1000
1004 1005
1004 1006
1004 1020
1005 749
1005 941
1005 973
1005 1021
1006 494
1006 878
1006 942
1006 974
1006 1002
1007 495
1007 975
1007 1005
1007 1006
1008 752
1008 880
1008 1010
1008 1012
1009 753
1009 977
1009 1008
1009 1011
1009 1013
1010 498
1010 754
1010 946
1010 994
1010 1014
1010 1018
1011 979
1011 995
1011 1010
1011 1019
1012 500
1012 756
1012 884
1012 996
1012 1013
1012 1014
1013 501
1013 757
1013 949
1013 981
1013 997
1013 1021
1014 982
1015 503
1015 951
1015 983
1015 1011
1015 1013
1015 1014
1015 1023
1016 760
1016 888
1016 952
1016 984
1016 1000
1016 1008
1016 1017
1016 1020
1017 505
1017 1009
1017 1019
1017 1021
1018 506
1018 954
1018 1002
1018 1016
1018 1022
1019 763
1019 955
1019 987
1019 1018
1019 1023
1020 508
1020 764
1020 892
1020 956
1020 1012
1020 1021
1021 957
1021 1020
1021 1023
1022 894
1022 958
1022 990
1022 1006
1022 1014
1022 1020
1023 511
1023 959
1023 1007
1023 1022
0 15 22 24 38 51 56 61 74 83 99 101 108 109 117 126 132 137 146 149 161 169 174 190 191 196 199 202 217 220 240 242 255 259 261 268 274 283 286 298 300 305 326 329 336 349 352 367 374 379 396 402 409 416 423 436 443 449 458 471 479 486 493 499 500 504 513 514 520 524 529 551 555 559 564 570 577 587 596 607 616 622 626 633 643 656 667 670 673 674 695 701 714 717 726 740 744 747 759 760 774 788 791 797 800 809 810 816 823 831 838 839 841 856 858 867 869 892 901 902 907 911 920 940 946 957 960 972 977 979 981 995 1003 1009 1022
