125 750 13
0 5
0 15
0 20
0 25
0 50
0 75
1 0
1 2
1 4
1 11
1 16
1 51
2 0
2 3
2 4
2 12
2 17
2 77
2 102
3 0
3 1
3 8
3 18
3 23
4 0
4 3
4 19
4 29
4 54
4 104
5 7
5 8
5 10
5 20
6 1
6 5
6 7
6 8
6 11
6 16
6 21
6 81
7 2
7 8
7 12
7 22
7 32
7 57
7 82
7 107
8 13
8 18
8 23
8 58
8 108
9 4
9 5
9 6
9 7
9 8
9 19
9 34
9 84
10 0
10 12
10 14
10 60
10 110
11 10
11 16
11 21
11 36
11 86
12 11
12 14
12 17
12 22
12 37
12 87
12 112
13 3
13 10
13 11
13 12
13 38
14 4
14 9
14 11
14 13
14 39
14 89
15 5
15 10
15 16
15 18
15 19
15 20
15 40
15 65
15 90
16 18
16 41
16 91
17 7
17 15
17 16
17 19
17 92
18 13
18 17
18 43
18 93
18 118
19 14
19 16
19 18
19 44
20 10
20 21
20 22
20 24
20 70
20 95
21 1
21 16
21 23
21 24
21 46
21 96
22 2
22 17
22 21
22 47
22 72
22 97
22 122
23 13
23 18
23 20
23 22
23 24
23 73
23 123
24 4
24 9
24 14
24 19
24 22
24 49
24 74
25 27
25 28
25 29
25 30
25 35
25 40
25 75
25 100
26 1
26 25
26 27
26 28
26 29
26 36
26 46
26 51
27 2
27 29
27 32
27 77
27 102
28 3
28 27
28 29
28 33
28 53
28 78
29 34
29 39
29 44
29 104
30 5
30 31
30 32
30 40
30 80
31 6
31 26
31 33
31 34
32 31
32 34
32 47
33 8
33 30
33 32
33 38
33 48
34 30
34 33
34 44
34 49
34 109
35 10
35 30
35 37
35 38
35 40
35 85
35 110
36 31
36 35
36 38
36 39
36 41
36 46
36 61
36 111
37 27
37 32
37 36
37 39
37 42
37 87
38 28
38 37
38 39
38 48
38 63
38 88
39 34
39 35
39 44
39 49
39 64
39 114
40 41
40 44
40 45
40 65
41 26
41 31
42 17
42 27
42 32
42 40
42 41
42 43
42 47
42 67
42 92
43 28
43 33
43 38
43 40
43 41
43 44
43 118
44 41
44 42
44 49
44 119
45 20
45 25
45 30
45 35
45 49
45 120
46 31
46 41
46 45
46 48
46 49
46 96
47 27
47 37
47 45
47 46
47 49
47 72
48 23
48 28
48 43
48 45
48 47
48 49
49 29
49 124
50 25
50 54
50 55
50 60
50 65
50 70
50 75
50 100
51 50
51 52
51 53
51 54
51 61
51 76
52 2
52 27
52 50
52 53
52 54
52 72
52 77
52 102
53 3
53 50
53 54
53 58
53 63
53 68
53 103
54 29
54 59
54 69
54 74
54 79
55 5
55 30
55 56
55 65
55 70
56 6
56 31
56 51
56 58
56 59
56 61
56 71
56 81
56 106
57 32
57 52
57 55
57 56
57 58
57 59
57 62
57 67
57 82
57 107
58 33
58 55
59 9
59 34
59 55
59 58
59 84
60 35
60 55
60 61
60 62
60 63
60 64
60 85
61 11
61 62
61 63
61 64
61 86
61 111
62 12
62 37
62 52
62 67
63 13
63 58
63 62
63 64
63 73
63 113
64 14
64 54
64 59
64 62
64 89
64 114
65 60
65 68
65 90
66 16
66 41
66 51
66 56
66 61
66 65
66 69
66 71
66 116
67 17
67 52
67 65
67 66
67 72
67 92
68 18
68 43
68 58
68 63
68 66
68 67
68 73
68 93
69 19
69 44
69 59
69 64
69 65
69 67
69 68
69 74
69 119
70 45
70 60
70 65
70 71
70 73
70 74
71 21
71 46
71 51
71 61
71 72
71 74
71 121
72 57
72 62
72 70
72 73
72 74
72 97
72 122
73 48
73 53
73 58
73 71
73 98
74 49
74 59
74 64
74 73
75 79
75 90
75 95
75 100
76 1
76 26
76 75
76 77
76 78
76 79
76 86
76 91
76 101
77 75
77 78
77 79
77 87
77 92
77 97
78 3
78 53
78 75
78 79
78 88
79 4
79 29
79 89
79 104
80 5
80 55
80 75
80 82
80 83
80 84
80 85
80 95
80 105
81 31
81 76
81 80
81 82
81 83
81 84
81 91
82 32
82 77
82 83
82 107
83 8
83 33
83 58
83 78
83 84
83 88
83 93
83 98
83 108
84 34
84 79
84 82
84 89
84 94
84 99
85 10
85 75
85 87
85 88
85 89
86 36
86 81
86 85
86 88
86 91
86 96
86 111
87 62
87 82
87 86
87 88
87 89
87 92
87 97
87 112
88 13
88 63
88 98
88 113
89 39
89 86
89 88
89 94
90 40
90 80
90 85
90 91
90 92
90 93
90 94
90 115
91 41
91 66
92 82
92 91
92 117
93 43
93 78
93 88
93 91
93 92
94 19
94 44
94 69
94 79
94 91
94 92
94 93
95 45
95 70
95 85
95 90
95 120
96 71
96 76
96 81
96 91
96 95
96 98
96 99
96 121
97 47
97 82
97 92
97 95
97 96
97 98
97 99
97 122
98 23
98 48
98 78
98 93
98 95
98 99
98 123
99 24
99 49
99 74
99 79
99 89
99 94
99 95
99 124
100 0
100 101
100 102
100 115
100 120
101 1
101 26
101 51
101 106
102 77
102 101
102 112
102 122
103 3
103 28
103 78
103 100
103 101
103 102
104 54
104 100
104 101
104 102
104 103
104 109
104 114
104 119
104 124
105 5
105 30
105 55
105 100
105 106
105 110
105 115
106 6
106 31
106 81
106 107
106 108
106 111
106 121
107 32
107 102
107 105
107 108
107 109
107 117
107 122
108 33
108 58
108 103
108 105
108 109
108 118
109 9
109 59
109 84
109 105
109 106
109 114
109 119
109 124
110 60
110 85
110 100
110 113
110 114
110 120
111 11
111 101
111 110
111 112
111 113
111 114
112 37
112 62
112 107
112 110
112 113
112 117
112 122
113 13
113 38
113 103
113 108
113 123
114 14
114 89
114 112
114 113
115 15
115 40
115 65
115 110
116 16
116 41
116 91
116 101
116 106
116 111
116 115
116 117
116 118
116 119
117 17
117 42
117 67
117 102
117 115
117 118
117 119
118 68
118 93
118 103
118 113
118 115
119 19
119 94
119 114
119 115
119 118
120 20
120 70
120 105
120 115
120 121
121 21
121 46
121 101
121 111
121 116
121 122
121 123
121 124
122 47
122 117
122 120
122 123
122 124
123 48
123 73
123 103
123 108
123 118
123 120
123 124
124 24
124 74
124 114
124 119
124 120
2 11 19 30 48 51 64 67 83 95 104 112 116
