64 288 8
0 8
0 12
0 16
0 32
1 0
1 2
1 5
1 9
1 17
1 33
1 49
2 0
2 3
2 18
3 0
3 1
3 19
3 35
4 0
4 5
4 6
4 8
4 12
4 20
4 52
5 7
5 9
5 21
5 37
5 53
6 2
6 5
6 7
6 22
6 38
6 54
7 3
7 4
7 11
7 15
7 39
7 55
8 11
8 12
9 8
9 11
9 13
9 25
9 57
10 2
10 6
10 8
10 9
10 42
10 58
11 3
11 10
11 43
12 15
12 28
13 1
13 5
13 12
13 14
14 2
14 6
14 10
14 12
14 30
15 3
15 11
15 13
15 14
15 31
15 47
16 17
16 18
16 24
16 32
17 21
17 25
17 49
18 17
18 19
18 22
18 26
18 30
19 16
19 17
19 23
19 27
19 35
19 51
20 16
20 36
20 52
21 20
21 22
21 23
21 29
21 37
22 20
22 23
22 26
22 54
23 7
23 20
23 27
23 31
23 39
24 8
24 20
24 25
24 40
24 56
25 21
25 26
25 29
25 41
25 57
26 10
26 24
26 42
26 58
27 11
27 24
27 25
27 26
27 31
27 43
27 59
28 16
28 20
28 24
28 44
28 60
29 13
29 17
29 28
29 30
29 31
29 45
29 61
30 22
30 26
30 28
30 31
30 62
31 19
31 28
31 47
32 33
32 34
32 44
32 48
33 17
33 34
33 41
34 2
34 18
34 35
34 50
35 32
35 33
35 43
35 47
36 4
36 32
36 37
36 38
36 40
37 33
37 39
37 41
37 53
38 22
38 34
38 37
38 54
39 35
39 36
39 38
39 43
39 55
40 8
40 32
40 42
40 43
41 9
41 40
41 42
41 43
41 45
41 57
42 34
42 38
42 46
43 42
43 59
44 12
44 36
44 40
44 46
44 47
45 13
45 33
45 37
45 44
45 46
46 14
46 30
46 34
46 38
47 39
47 43
47 45
47 46
48 0
48 16
48 49
48 56
48 60
49 33
49 50
49 61
50 2
50 18
50 48
50 54
51 3
51 35
51 48
51 49
51 50
51 55
51 63
52 36
52 48
52 53
52 54
52 60
53 21
53 49
53 54
53 57
53 61
54 58
54 62
55 23
55 52
55 53
55 54
55 63
56 8
56 40
56 52
56 57
57 49
58 42
58 50
58 56
58 57
58 59
58 62
59 11
59 51
59 55
59 56
59 57
59 63
60 12
60 44
60 56
60 61
60 62
61 13
61 45
61 57
61 62
61 63
62 14
62 46
62 50
62 63
63 15
63 31
63 47
63 60
0 15 19 28 37 42 54 57
