243 1215 27
0 9
0 18
0 27
0 54
1 0
1 2
1 10
2 0
2 8
2 20
2 56
3 0
3 4
3 5
3 6
3 21
3 57
4 1
4 5
4 13
4 22
4 58
4 85
4 166
5 2
5 8
5 23
5 59
5 86
6 0
6 8
6 24
6 33
6 60
6 168
7 1
7 4
7 6
7 8
7 25
7 34
7 61
8 26
8 62
8 89
8 170
9 36
9 63
9 171
10 9
10 13
10 19
10 37
10 64
10 91
11 2
11 9
11 10
11 14
11 17
11 20
11 38
11 92
11 173
12 3
12 9
12 13
12 14
12 15
12 66
12 93
12 174
13 14
13 22
13 40
13 67
14 5
14 95
14 176
15 6
15 9
15 17
15 42
15 69
15 96
16 7
16 10
16 13
16 15
16 25
16 43
16 70
16 97
17 8
17 14
17 16
17 26
17 44
17 179
18 9
18 19
18 20
18 24
18 72
18 180
19 1
19 46
19 181
20 19
20 23
20 47
21 12
21 18
21 22
21 23
21 102
22 19
22 25
22 49
22 76
23 14
23 22
23 26
23 77
23 185
24 15
24 21
24 78
24 105
25 19
25 24
25 26
25 106
26 20
26 24
26 53
26 188
27 28
27 29
27 33
27 45
27 108
28 1
28 29
28 31
28 34
28 37
28 109
29 2
29 35
29 38
29 56
29 110
29 191
30 3
30 27
30 48
30 111
31 4
31 30
31 40
31 49
31 112
31 193
32 5
32 29
32 30
32 31
32 35
32 41
32 194
33 30
33 42
33 51
33 60
33 114
33 195
34 31
34 33
34 35
34 196
35 8
35 33
35 44
35 53
35 62
36 27
36 37
36 39
36 117
37 38
37 40
37 46
37 118
38 36
38 47
38 65
38 119
38 200
39 12
39 30
39 41
39 42
39 48
39 66
39 120
40 39
40 43
40 49
40 67
40 121
40 202
41 14
41 38
41 40
41 50
41 68
41 203
42 36
42 44
43 34
43 37
43 42
43 124
43 205
44 38
44 41
44 43
44 53
44 206
45 18
45 36
45 46
45 47
45 48
45 126
45 207
46 28
46 49
46 73
46 127
47 29
47 46
47 50
47 53
47 128
47 209
48 21
48 49
48 51
48 75
49 130
50 23
50 32
50 48
50 49
50 53
50 77
50 212
51 24
51 42
51 45
51 52
51 213
52 25
52 34
52 43
52 46
52 49
52 133
52 214
53 51
53 52
53 134
54 27
54 56
54 63
54 72
54 135
55 1
55 28
55 54
55 58
55 61
55 73
55 217
56 55
56 62
56 218
57 30
57 54
57 66
57 75
58 31
58 57
58 67
58 139
59 32
59 56
59 57
59 58
59 62
59 221
60 54
60 57
60 61
60 62
60 141
61 34
61 58
61 62
61 70
62 71
62 143
62 224
63 36
63 65
63 225
64 37
64 55
64 63
64 67
64 73
64 145
64 226
65 11
65 56
65 64
65 74
65 227
66 63
66 228
67 66
67 68
67 70
67 76
67 148
67 229
68 14
68 59
68 65
68 66
68 71
68 77
68 149
69 42
69 60
69 63
69 66
69 70
69 71
69 231
70 43
70 64
70 79
70 151
71 17
71 44
71 65
71 70
71 152
72 45
72 63
72 73
72 74
72 75
72 234
73 19
73 74
74 20
74 47
74 56
74 77
74 80
74 236
75 21
75 66
75 77
75 156
76 49
76 58
76 73
76 75
76 77
76 79
76 157
77 59
77 158
78 51
78 60
78 69
78 72
78 75
78 79
79 25
79 52
79 61
79 73
79 80
79 241
80 26
80 53
80 62
80 71
80 77
80 78
80 161
81 0
81 83
81 99
81 162
82 1
82 81
82 100
82 109
83 2
83 82
83 89
83 101
83 110
83 137
84 3
84 81
84 86
84 93
84 111
84 165
85 82
85 84
85 86
85 88
85 94
85 103
85 166
86 83
86 89
86 104
86 113
86 140
87 6
87 81
87 84
87 89
87 96
87 114
87 168
88 7
88 82
88 87
88 89
88 97
88 106
88 115
88 169
89 98
89 107
89 116
90 9
90 81
90 91
90 93
90 144
91 82
91 94
91 100
91 172
92 83
92 90
92 91
92 98
92 101
92 119
92 146
92 173
93 95
93 96
93 102
93 120
93 147
93 174
94 13
94 93
94 95
94 175
95 86
95 92
95 98
95 122
95 149
95 176
96 90
96 97
96 150
96 177
97 91
97 94
97 98
97 106
97 124
97 151
97 178
98 17
98 96
98 107
98 152
99 18
99 90
99 101
100 19
100 99
100 101
100 103
100 106
100 181
101 20
101 104
101 128
101 155
102 84
102 99
103 22
103 94
103 102
103 104
103 130
103 157
104 23
104 95
104 102
104 107
104 158
105 87
105 96
105 99
105 102
105 106
105 132
105 159
106 103
106 107
106 133
106 160
106 187
107 26
107 101
107 105
107 134
107 161
107 188
108 81
108 114
108 189
109 108
109 112
109 115
109 136
110 108
110 109
110 119
110 191
111 108
111 113
111 114
111 192
112 85
112 111
112 113
112 115
112 121
113 32
113 110
113 116
113 140
114 115
114 132
115 34
115 116
115 142
116 35
116 110
116 114
116 125
116 134
116 143
117 90
117 108
117 118
117 119
117 120
117 144
117 198
118 91
118 109
118 119
118 127
118 199
119 122
119 125
119 128
119 146
119 200
120 111
120 121
120 123
120 129
121 94
121 118
121 202
122 41
122 113
122 120
122 121
122 203
123 42
123 96
123 114
123 117
123 124
123 132
123 150
124 115
124 118
124 121
124 125
125 44
125 98
125 122
125 123
125 152
126 99
126 108
126 117
126 207
127 100
127 109
127 126
127 130
127 154
128 110
128 126
128 127
128 131
128 134
128 155
128 209
129 48
129 102
129 111
129 126
129 130
129 132
129 210
130 112
130 121
130 133
130 211
131 50
131 104
131 113
131 122
131 129
131 130
131 212
132 51
132 126
132 133
132 213
133 115
133 124
133 127
133 214
134 125
134 131
134 132
134 133
134 161
135 81
135 108
135 136
135 141
135 144
136 55
136 82
136 217
137 56
137 110
137 135
137 136
137 140
137 146
137 155
138 57
138 84
138 111
138 135
138 139
138 141
138 156
138 219
139 85
139 112
139 136
139 140
139 148
139 157
139 220
140 59
140 138
140 221
141 87
141 114
141 142
141 143
141 222
142 61
142 88
142 136
142 139
143 89
143 137
143 140
143 142
143 161
143 224
144 63
144 145
144 147
144 150
145 91
145 118
145 136
145 146
145 154
145 226
146 65
146 144
146 149
146 227
147 66
147 120
147 138
147 149
147 150
147 156
148 94
148 121
148 145
148 147
148 149
148 157
148 229
149 122
149 140
149 158
150 69
150 141
150 152
150 231
151 124
151 142
151 145
151 148
151 150
151 160
151 232
152 143
152 146
152 149
152 151
152 233
153 72
153 99
153 126
153 135
153 144
153 154
153 159
153 234
154 73
154 100
154 136
154 160
155 74
155 146
155 153
155 154
155 236
156 102
156 129
156 153
156 158
156 159
157 130
157 154
157 156
157 158
157 238
158 131
158 140
158 155
158 161
158 239
159 78
159 132
159 141
159 150
159 160
159 161
160 79
160 133
160 142
160 157
160 241
161 152
161 155
161 160
162 0
162 163
162 164
162 216
163 1
163 82
163 164
163 166
163 169
163 181
164 2
164 83
164 167
164 173
164 218
165 3
165 162
165 167
165 168
165 174
165 219
166 165
166 167
166 169
166 175
166 184
166 193
166 220
167 5
167 86
167 170
167 176
167 194
167 221
168 162
168 169
168 177
168 186
168 222
169 7
169 170
169 187
169 196
169 223
170 89
170 164
170 168
170 179
170 188
170 197
171 90
171 162
171 173
171 174
171 177
171 198
171 225
172 10
172 163
172 171
172 226
173 172
173 176
173 179
173 182
173 200
173 227
174 175
174 176
174 177
174 201
175 13
175 172
175 178
175 202
175 229
176 175
176 179
176 203
177 15
177 178
177 179
177 186
178 16
178 169
178 172
178 179
178 187
178 205
179 98
179 188
180 99
180 162
180 171
180 181
180 182
180 183
180 207
181 172
181 184
181 208
181 235
182 20
182 101
182 164
182 181
182 185
182 209
182 236
183 21
183 102
183 165
183 174
183 184
183 185
183 210
183 237
184 22
184 103
184 175
184 187
184 238
185 104
185 167
185 176
185 184
185 188
185 212
186 24
186 105
186 180
186 183
186 187
186 188
187 25
187 181
187 188
187 214
188 182
188 215
188 242
189 27
189 162
189 190
189 192
189 216
190 28
190 109
190 163
190 191
190 193
190 196
190 199
190 208
191 164
191 189
191 197
192 30
192 165
192 201
193 112
193 192
193 194
193 196
193 220
194 113
194 191
194 192
194 221
195 114
195 168
195 189
195 192
195 197
195 213
195 222
196 115
196 195
196 197
196 214
197 35
197 116
197 194
197 206
197 215
197 224
198 36
198 189
198 199
198 200
198 204
198 207
199 37
199 172
199 205
199 226
200 191
200 199
200 206
200 209
200 227
201 39
201 120
201 198
201 203
201 204
201 210
201 228
202 193
202 199
202 201
202 203
202 205
202 211
203 194
203 200
203 212
204 42
204 123
204 177
204 195
204 205
204 213
205 124
205 196
205 214
206 125
206 179
206 203
206 204
206 205
206 215
206 233
207 189
207 209
208 46
208 127
208 199
208 207
208 211
209 191
209 208
209 215
209 236
210 48
210 192
210 207
210 212
210 237
211 49
211 184
211 193
211 210
212 194
212 209
212 211
212 215
213 186
213 207
213 210
213 214
213 215
213 240
214 208
214 211
214 215
214 241
215 53
215 134
215 242
216 54
216 135
216 217
216 218
216 219
216 222
216 225
216 234
217 163
217 190
217 220
218 137
218 191
218 217
218 221
218 227
219 57
219 192
219 221
219 222
220 58
220 219
220 221
220 223
220 229
222 60
222 224
223 61
223 142
223 196
223 217
223 222
223 224
223 241
224 170
224 218
224 221
224 233
224 242
225 144
225 198
225 234
226 217
226 225
226 227
226 232
226 235
227 225
227 230
227 233
228 147
228 174
228 219
228 225
228 237
229 202
229 226
229 228
230 68
230 149
230 176
230 203
230 221
230 228
230 229
230 239
231 177
231 204
231 222
231 225
231 228
231 232
232 70
232 178
232 205
232 223
232 229
232 233
232 241
233 71
233 179
233 230
233 231
234 180
234 207
234 235
234 236
235 73
235 154
235 208
235 217
235 236
235 238
236 218
236 227
237 75
237 156
237 219
237 234
237 239
237 240
238 76
238 211
238 220
238 229
238 237
239 77
239 185
239 212
239 221
239 236
239 238
240 78
240 159
240 186
240 222
240 231
240 234
240 241
241 187
241 235
241 238
241 242
242 80
242 161
242 233
242 236
242 239
242 240
0 14 25 32 43 45 59 64 78 89 91 102 109 120 134 135 152 157 166 177 182 195 200 211 223 228 236
