729 4368 76
0 9
0 18
0 27
0 54
0 486
1 0
1 2
1 10
1 163
1 244
2 0
2 8
2 20
2 56
2 164
2 488
3 0
3 4
3 5
3 6
3 21
3 57
3 165
4 1
4 5
4 13
4 22
4 58
4 85
4 490
5 2
5 8
5 23
5 59
5 86
5 248
6 0
6 8
6 24
6 33
6 60
6 168
6 492
7 1
7 4
7 6
7 8
7 25
7 34
7 61
7 169
7 493
8 26
8 62
8 89
8 170
8 494
9 36
9 63
9 171
9 252
9 495
10 9
10 13
10 19
10 37
10 64
10 91
11 2
11 9
11 10
11 14
11 17
11 20
11 38
11 92
11 254
12 3
12 9
12 13
12 14
12 15
12 66
12 93
12 255
12 498
13 14
13 22
13 40
13 67
13 175
13 499
14 5
14 95
14 176
15 6
15 9
15 17
15 42
15 69
15 96
16 7
16 10
16 13
16 15
16 25
16 43
16 70
16 97
16 178
16 259
16 502
17 8
17 14
17 16
17 26
17 44
17 179
17 260
17 503
18 9
18 19
18 20
18 24
18 72
18 180
18 504
19 1
19 46
19 262
19 505
20 19
20 23
20 47
20 182
20 263
21 12
21 18
21 22
21 23
21 102
21 507
22 19
22 25
22 49
22 76
22 184
23 14
23 22
23 26
23 77
23 185
23 266
23 509
24 15
24 21
24 78
24 105
24 267
25 19
25 24
25 26
25 106
26 20
26 24
26 53
26 188
27 28
27 29
27 33
27 45
27 108
27 189
27 270
27 513
28 1
28 29
28 31
28 34
28 37
28 109
28 271
28 514
29 2
29 35
29 38
29 56
29 110
29 191
29 272
30 3
30 27
30 48
30 192
30 516
31 4
31 30
31 40
31 49
31 193
32 5
32 29
32 30
32 31
32 35
32 41
32 275
32 518
33 30
33 42
33 51
33 60
33 114
33 195
33 276
34 31
34 33
34 35
34 115
34 520
35 8
35 33
35 44
35 53
35 62
35 116
36 27
36 37
36 39
36 117
36 198
36 279
37 38
37 40
37 46
37 523
38 36
38 47
38 65
38 119
38 200
39 12
39 30
39 41
39 42
39 48
39 66
39 120
39 282
39 525
40 39
40 43
40 49
40 67
40 121
40 526
41 14
41 38
41 40
41 50
41 68
41 122
41 284
41 527
42 36
42 44
42 204
42 285
42 528
43 34
43 37
43 42
43 124
43 205
44 38
44 41
44 43
44 53
44 125
44 206
44 287
45 18
45 36
45 46
45 47
45 48
45 126
45 288
46 28
46 49
46 73
46 208
46 289
46 532
47 29
47 46
47 50
47 53
47 290
47 533
48 21
48 49
48 51
48 75
48 291
49 535
50 23
50 32
50 48
50 49
50 53
50 77
50 131
51 24
51 42
51 45
51 52
51 294
52 25
52 34
52 43
52 46
52 49
52 133
52 295
53 51
53 52
53 134
53 296
54 27
54 56
54 63
54 72
54 216
54 297
54 540
55 1
55 28
55 54
55 58
55 61
55 73
55 217
56 55
56 62
56 137
56 542
57 30
57 54
57 66
57 75
57 219
57 300
58 31
58 57
58 67
58 544
59 32
59 56
59 57
59 58
59 62
59 140
59 221
59 545
60 54
60 57
60 61
60 62
60 141
60 222
61 34
61 58
61 62
61 70
61 142
61 223
61 304
61 547
62 71
62 143
62 224
63 36
63 65
63 225
63 549
64 37
64 55
64 63
64 67
64 73
64 145
64 550
65 11
65 56
65 64
65 74
65 146
66 63
66 147
66 552
67 66
67 68
67 70
67 76
67 148
67 553
68 14
68 59
68 65
68 66
68 71
68 77
68 311
68 554
69 42
69 60
69 63
69 66
69 70
69 71
69 150
69 312
69 555
70 43
70 64
70 79
70 151
70 313
71 17
71 44
71 65
71 70
71 314
71 557
72 45
72 63
72 73
72 74
72 75
72 315
72 558
73 19
73 74
73 235
74 20
74 47
74 56
74 77
74 80
74 155
74 236
74 317
75 21
75 66
75 77
75 237
76 49
76 58
76 73
76 75
76 77
76 79
76 238
76 319
77 59
77 239
77 320
78 51
78 60
78 69
78 72
78 75
78 79
78 159
78 240
78 564
79 25
79 52
79 61
79 73
79 80
79 160
80 26
80 53
80 62
80 71
80 77
80 78
80 161
81 0
81 83
81 99
81 135
81 324
82 1
82 81
82 100
82 109
82 568
83 2
83 82
83 89
83 101
83 110
83 326
84 3
84 81
84 86
84 93
84 111
85 82
85 84
85 86
85 88
85 94
85 103
85 112
85 139
85 166
85 571
86 83
86 89
86 104
86 329
87 6
87 81
87 84
87 89
87 96
87 114
87 141
87 168
87 573
88 7
88 82
88 87
88 89
88 97
88 106
88 331
88 574
89 98
89 107
89 143
89 170
89 332
89 575
90 9
90 81
90 91
90 93
90 117
90 171
90 333
90 576
91 82
91 94
91 100
91 118
91 145
91 577
92 83
92 90
92 91
92 98
92 101
92 119
92 173
92 335
92 578
93 95
93 96
93 102
93 120
93 174
93 336
93 579
94 13
94 93
94 95
94 121
94 148
94 580
95 86
95 92
95 98
95 149
95 176
95 338
96 90
96 97
96 339
96 582
97 91
97 94
97 98
97 106
97 124
97 151
97 340
98 17
98 96
98 107
98 152
98 179
98 341
99 18
99 90
99 101
99 126
99 180
99 342
99 585
100 19
100 99
100 101
100 103
100 106
100 127
100 181
101 20
101 104
101 128
102 84
102 99
102 156
102 345
102 588
103 22
103 94
103 102
103 104
103 130
103 157
103 346
104 23
104 95
104 102
104 107
104 158
104 185
104 590
105 87
105 96
105 99
105 102
105 106
105 348
106 103
106 107
106 133
106 349
106 592
107 26
107 101
107 105
107 134
107 161
107 188
107 350
107 593
108 81
108 111
108 114
108 594
109 108
109 115
110 109
110 113
110 116
110 119
110 128
110 137
110 191
110 353
110 596
111 30
111 112
111 114
111 120
111 597
112 31
112 109
112 113
112 115
112 130
112 193
112 598
113 32
113 86
113 111
113 122
113 140
113 194
113 356
114 115
114 116
114 132
114 195
114 357
115 88
115 124
115 133
115 196
116 89
116 113
116 115
116 134
116 359
116 602
117 108
117 119
117 144
118 37
118 109
118 117
118 119
118 121
119 125
119 146
119 200
120 117
120 122
120 147
121 112
121 120
121 202
121 364
121 607
122 95
122 119
122 121
122 125
122 149
122 203
123 42
123 96
123 114
123 117
123 120
123 132
123 150
123 366
123 609
124 118
124 121
124 123
124 151
124 205
125 98
125 116
125 123
125 124
125 134
125 152
125 206
125 368
126 108
126 117
126 127
126 128
126 129
126 132
126 207
127 46
127 109
127 118
127 370
128 47
128 119
128 127
128 155
128 209
128 614
129 48
129 102
129 111
129 120
129 130
129 131
130 49
130 121
130 127
130 157
130 373
130 616
131 104
131 113
131 122
131 128
131 130
131 134
131 158
131 212
131 617
132 51
132 105
132 129
132 133
132 159
132 213
132 618
133 124
133 127
133 130
133 160
133 214
133 376
134 128
134 132
134 133
134 161
134 215
134 377
135 54
135 108
135 136
135 144
135 216
135 621
136 55
136 82
136 109
136 142
136 154
136 217
136 379
136 622
137 83
137 135
137 136
137 140
137 143
137 146
137 155
137 218
137 380
137 623
138 57
138 84
138 111
138 135
138 140
138 141
138 381
139 58
139 112
139 136
139 138
139 220
139 625
140 86
140 139
140 383
140 626
141 114
141 135
141 150
141 222
142 88
142 115
142 139
142 141
142 143
142 223
142 628
143 116
143 140
143 141
143 152
143 161
144 63
144 90
144 146
144 225
144 630
145 118
145 136
145 144
145 148
145 226
145 388
146 92
146 145
146 155
146 389
147 93
147 138
147 144
147 149
147 150
147 156
147 228
147 390
148 121
148 139
148 147
148 149
148 157
148 391
149 68
149 140
149 146
149 392
149 635
150 96
150 144
150 636
151 142
151 145
151 148
151 150
151 152
151 394
151 637
152 71
152 146
152 149
152 150
152 161
152 233
152 395
153 72
153 99
153 126
153 135
153 144
153 154
153 156
153 234
153 639
154 73
154 100
154 127
154 145
154 157
154 160
154 235
154 640
155 101
155 153
155 154
155 158
155 236
156 75
156 129
156 138
156 159
156 237
156 642
157 76
157 139
157 156
157 158
157 160
157 643
158 77
158 140
158 149
158 156
158 401
159 105
159 141
159 150
159 153
159 161
159 402
159 645
160 106
160 142
160 151
160 159
160 161
160 241
160 403
161 155
161 158
161 242
161 404
161 647
162 0
162 81
162 165
162 168
162 189
162 405
162 648
163 82
163 162
163 164
163 166
163 169
163 172
163 181
163 217
163 649
164 83
164 162
164 173
164 191
164 218
164 407
164 650
165 84
165 166
165 167
165 174
165 192
166 4
166 167
166 169
166 175
166 652
167 5
167 86
167 164
167 176
167 221
167 410
168 165
168 169
168 170
168 177
169 88
169 178
169 187
170 164
170 167
170 169
170 188
170 224
170 413
170 656
171 162
171 173
171 174
171 177
171 198
171 225
171 657
172 10
172 91
172 171
172 173
172 175
172 181
172 199
172 226
173 11
173 176
173 179
173 200
173 227
173 659
174 12
174 176
174 177
174 228
174 660
175 94
175 174
175 176
175 184
175 202
175 229
175 418
176 179
176 203
176 662
177 15
177 96
177 178
177 179
177 186
177 231
178 97
178 172
178 175
178 179
178 187
178 421
178 664
179 170
179 188
179 422
179 665
180 162
180 171
180 182
180 186
180 207
180 234
180 423
180 666
181 19
181 180
181 182
181 187
181 667
182 101
182 164
182 173
182 188
182 209
182 236
182 425
182 668
183 21
183 102
183 165
183 174
183 180
183 184
183 185
183 210
183 426
183 669
184 103
184 166
184 181
184 185
184 211
184 427
184 670
185 167
185 176
185 182
185 212
185 428
186 24
186 105
186 168
186 183
186 187
186 188
186 213
186 429
187 25
187 106
187 184
187 188
187 214
187 241
188 185
188 674
189 108
189 198
189 207
189 432
189 675
190 28
190 109
190 163
190 189
190 193
190 196
190 208
190 217
191 189
191 190
191 194
191 197
191 200
191 209
191 677
192 111
192 189
192 193
192 201
192 210
192 219
193 166
193 196
193 202
193 220
193 679
194 32
194 167
194 192
194 193
194 197
194 203
194 212
194 221
194 437
195 168
195 189
195 192
195 196
195 222
196 34
196 169
196 197
196 205
196 214
196 682
197 35
197 116
197 170
197 195
197 224
197 440
198 117
198 199
198 201
198 441
199 37
199 118
199 190
199 200
199 208
199 226
199 442
199 685
200 198
200 206
200 227
201 39
201 120
201 174
201 204
201 687
202 40
202 199
202 201
202 203
202 205
202 229
202 688
203 41
203 200
203 201
203 206
203 446
204 123
204 177
204 195
204 198
204 205
204 213
204 231
204 690
205 178
205 199
205 214
205 232
205 448
206 179
206 197
206 204
206 205
206 215
206 233
206 449
207 45
207 198
207 209
207 210
207 213
207 234
207 450
207 693
208 127
208 181
208 207
208 209
208 211
208 451
208 694
209 47
209 200
209 212
209 215
209 236
209 452
209 695
210 48
210 129
210 201
210 211
210 453
210 696
211 49
211 130
211 193
211 202
211 212
211 214
211 238
211 454
211 697
212 50
212 203
212 210
212 215
212 239
213 51
213 195
213 210
213 215
213 699
214 52
214 213
214 215
214 241
214 700
215 53
215 188
215 197
215 458
216 162
216 189
216 218
216 219
216 222
216 225
216 702
217 216
217 220
217 223
217 226
217 235
217 460
218 56
218 191
218 217
218 221
218 227
218 236
219 138
219 165
219 220
219 221
219 222
219 237
219 705
220 58
220 166
220 221
220 229
220 238
220 463
220 706
221 140
221 224
221 464
221 707
222 168
222 465
223 169
223 196
223 220
223 222
224 143
224 218
224 222
224 223
224 242
224 467
224 710
225 198
225 226
225 227
225 228
225 711
226 64
226 227
226 469
226 712
227 65
227 146
227 233
227 236
228 66
228 201
228 219
228 229
228 237
228 714
229 67
229 148
229 226
229 230
229 472
229 715
230 68
230 149
230 176
230 203
230 221
230 227
230 228
230 233
230 473
231 69
231 150
231 222
231 225
231 228
231 232
231 233
231 240
232 70
232 151
232 178
232 223
232 226
232 229
232 241
232 475
233 71
233 179
233 224
233 232
233 242
233 719
234 72
234 216
234 225
235 181
235 208
235 226
235 234
235 241
236 234
236 235
236 242
236 479
237 183
237 210
237 234
237 239
237 480
238 157
238 184
238 229
238 235
238 237
238 241
238 724
239 158
239 185
239 221
239 230
239 236
239 238
239 482
239 725
240 159
240 186
240 213
240 222
240 234
240 237
241 79
241 223
241 240
242 80
242 188
242 215
242 239
242 240
242 241
243 0
243 246
243 249
243 252
243 261
243 270
243 297
243 324
244 243
244 247
244 253
244 262
244 271
244 325
244 487
245 2
245 243
245 244
245 251
245 254
245 263
245 272
245 299
245 326
245 407
246 3
246 249
246 255
246 264
246 273
246 327
247 4
247 246
247 248
247 250
247 256
247 274
247 301
247 328
247 409
247 490
248 245
248 246
248 275
248 410
248 491
249 6
249 250
249 267
249 303
249 330
249 411
250 7
250 244
250 268
250 304
250 331
250 412
250 493
251 8
251 248
251 249
251 250
251 269
252 255
252 306
252 495
253 10
253 252
253 259
253 280
253 307
253 334
253 496
254 252
254 253
254 257
254 263
254 416
255 257
255 258
255 264
255 282
255 309
255 336
255 417
255 498
256 13
256 253
256 255
256 257
256 418
256 499
257 14
257 248
257 266
257 338
257 419
257 500
258 15
258 249
258 252
258 267
258 312
259 250
259 256
259 258
259 313
259 421
259 502
260 251
260 254
260 257
260 258
260 259
260 269
260 314
260 503
261 18
261 252
261 342
261 423
262 253
262 261
262 265
262 316
262 343
262 424
263 261
263 262
263 266
263 269
263 317
263 425
264 21
264 261
264 267
264 345
265 22
265 247
265 256
265 264
265 268
265 292
265 319
265 346
265 427
265 508
266 248
266 264
266 265
267 261
267 268
267 294
267 321
267 510
268 25
268 259
268 262
268 322
268 349
268 511
269 26
269 266
269 267
269 268
269 296
270 279
270 351
270 432
271 270
271 272
271 274
271 277
271 298
271 352
271 433
272 270
272 275
272 290
272 434
273 30
273 270
273 276
273 282
273 354
273 435
274 31
274 273
274 275
274 301
274 355
274 436
275 273
275 302
276 249
276 270
276 277
276 278
276 294
276 357
277 34
277 250
277 274
277 278
277 295
277 304
277 358
277 520
278 35
278 251
278 272
278 275
278 305
278 440
278 521
279 252
279 280
279 282
279 360
280 37
280 271
280 281
280 283
280 286
280 361
280 442
281 38
281 254
281 272
281 279
281 287
281 290
281 362
281 524
282 284
282 291
282 444
283 40
283 256
283 274
283 282
283 284
283 292
283 310
283 364
284 257
284 275
284 281
284 365
285 258
285 276
285 279
285 282
285 294
285 366
285 447
286 43
286 259
286 277
286 283
286 285
286 295
286 313
287 260
287 278
287 284
287 285
287 286
287 296
287 314
287 368
287 449
287 530
288 261
288 270
288 279
288 290
288 450
289 262
289 271
289 280
289 288
289 290
289 370
289 451
289 532
290 263
290 296
290 371
290 452
291 264
291 273
291 288
291 293
291 372
291 453
291 534
292 49
292 274
292 289
292 291
292 293
292 319
292 454
292 535
293 50
293 266
293 275
293 284
293 290
293 296
293 320
293 374
293 455
294 288
294 291
294 295
294 321
294 375
294 537
295 268
295 289
295 292
295 296
295 376
295 457
296 278
296 294
296 323
296 458
296 539
297 270
297 298
297 299
297 303
297 315
297 378
297 459
297 540
298 55
298 244
298 299
298 301
298 304
298 307
298 379
298 460
299 56
299 272
299 302
299 308
299 317
299 380
299 542
300 246
300 273
300 297
300 301
300 302
300 303
301 58
301 302
302 59
302 248
302 305
302 320
303 60
303 276
303 312
303 384
303 465
303 546
304 301
304 303
304 305
304 322
304 466
304 547
305 62
305 251
305 299
305 303
305 314
306 63
306 279
306 297
306 308
306 309
306 312
306 315
306 387
307 64
307 280
307 306
307 310
307 469
307 550
308 65
308 254
308 281
308 307
308 311
308 470
308 551
309 66
309 282
309 300
309 310
309 318
309 390
309 552
310 67
310 256
310 301
310 311
310 313
310 472
310 553
311 257
311 284
311 302
311 309
311 320
312 285
312 309
312 321
312 393
312 474
312 555
313 304
313 307
313 312
313 314
313 394
313 556
314 308
314 311
314 312
314 323
314 476
315 261
315 288
315 321
316 73
316 289
316 298
316 307
316 315
316 319
316 322
316 478
316 559
317 290
317 308
317 315
317 316
317 398
318 75
318 264
318 291
318 300
318 315
318 320
318 321
318 399
318 480
319 301
319 310
319 318
319 320
319 322
319 400
319 562
320 266
320 317
320 323
320 401
321 78
321 303
321 564
322 79
322 295
322 313
322 321
322 323
322 565
323 80
323 269
323 305
323 317
323 321
323 404
323 485
323 566
324 325
324 326
324 330
324 351
324 378
324 567
325 82
325 328
325 334
325 343
325 406
325 568
326 325
326 332
326 380
326 569
327 84
327 324
327 328
327 329
327 345
327 354
327 408
328 85
328 329
328 331
328 382
328 409
329 248
329 326
329 383
329 410
329 572
330 87
330 327
330 331
330 332
330 384
330 411
331 358
332 251
332 329
332 331
332 359
332 386
333 252
333 324
333 334
333 360
333 414
334 91
334 337
334 340
334 361
334 415
335 254
335 326
335 333
335 334
335 338
335 389
335 578
336 327
336 333
336 390
336 579
337 94
337 256
337 328
337 336
337 364
337 418
337 580
338 329
338 336
338 337
338 347
338 365
338 392
338 581
339 258
339 330
339 333
339 336
339 340
339 366
339 393
339 582
340 259
340 331
340 337
340 349
340 367
340 583
341 260
341 332
341 335
341 338
341 339
341 340
341 350
341 368
341 422
342 324
342 333
342 343
342 369
342 396
342 423
343 100
343 334
343 344
343 346
343 349
343 370
344 101
344 263
344 326
344 335
344 342
344 347
344 371
344 425
344 587
345 336
345 342
345 346
345 348
345 372
345 399
345 426
345 588
346 328
346 337
346 589
347 104
347 266
347 329
347 345
347 346
347 374
347 428
347 590
348 267
348 330
348 339
348 342
348 375
348 402
348 429
349 331
349 346
349 348
349 350
349 376
350 269
350 332
350 344
350 347
350 348
350 404
350 593
351 108
351 353
351 357
351 369
351 594
352 109
352 325
352 351
352 355
352 361
352 370
352 595
353 272
353 326
353 352
353 362
353 434
354 111
354 351
354 356
354 597
355 112
355 328
355 354
355 358
355 364
355 382
355 598
356 275
356 329
356 353
356 355
356 359
356 374
356 383
356 437
356 599
357 330
357 354
357 366
358 115
358 352
358 357
358 359
358 367
358 385
358 439
359 278
359 353
359 357
359 368
359 377
359 440
360 117
360 351
360 362
360 363
360 369
360 387
360 441
360 603
361 118
361 360
361 362
361 364
361 370
361 604
362 119
362 335
362 389
363 120
363 282
363 336
363 354
363 364
363 365
363 366
363 372
363 606
364 365
364 373
364 391
364 445
364 607
365 122
365 356
365 362
365 374
365 392
365 446
366 360
366 375
366 447
366 609
367 124
367 286
367 361
367 364
367 366
367 376
367 394
367 448
367 610
368 362
368 365
368 366
368 367
368 377
368 395
368 449
369 126
369 288
369 371
369 372
369 612
370 369
370 371
370 397
370 613
371 128
371 353
371 362
371 374
371 377
371 398
372 129
372 354
372 374
372 375
373 292
373 346
373 355
373 370
373 372
373 376
373 616
374 131
374 373
374 377
374 401
375 132
375 357
375 369
375 402
375 456
376 358
376 370
376 375
376 377
376 457
377 296
377 350
377 375
377 458
377 620
378 135
378 351
378 459
378 621
379 325
379 352
379 378
379 385
379 388
379 397
379 460
380 353
380 378
380 379
380 383
380 386
380 389
380 623
381 300
381 327
381 354
381 378
381 383
381 399
381 462
382 139
382 301
382 379
382 381
382 383
382 385
382 400
382 625
383 302
383 386
383 392
384 141
384 357
384 378
384 381
384 465
385 142
385 304
385 331
385 384
385 386
385 403
385 466
385 628
386 143
386 305
386 359
386 384
386 404
386 467
387 144
387 333
387 378
387 388
387 468
388 307
388 334
388 361
388 394
388 397
389 308
389 387
389 388
389 395
389 470
390 363
390 381
390 387
390 392
390 633
391 310
391 337
391 382
391 388
391 390
391 392
391 394
391 400
391 472
392 311
392 389
392 395
392 401
392 473
392 635
393 150
393 366
393 384
393 387
393 390
393 395
394 340
394 385
394 393
394 395
394 403
395 314
395 341
395 386
395 404
395 638
396 153
396 315
396 369
396 378
396 387
396 397
396 402
396 477
396 639
397 154
397 316
397 343
397 398
397 400
397 403
397 478
398 155
398 344
398 380
398 389
398 396
398 401
398 404
399 156
399 372
399 390
399 396
399 400
399 642
400 157
400 346
400 373
400 401
401 347
401 383
401 399
401 644
402 321
402 384
402 393
402 399
402 403
403 322
403 349
403 376
403 400
403 404
403 646
404 377
404 401
404 402
404 485
405 243
405 324
405 407
405 408
405 414
405 459
406 163
406 244
406 405
406 433
406 460
406 649
407 326
407 406
407 416
407 461
408 165
408 246
408 409
408 410
408 417
408 435
408 462
409 166
409 406
409 412
409 436
410 407
410 409
410 428
410 437
411 168
411 405
411 408
411 412
411 413
411 420
411 429
411 438
411 465
411 654
412 169
412 331
412 406
412 413
412 421
412 430
412 439
413 251
413 332
413 407
413 410
413 440
413 656
414 171
414 252
414 416
414 441
414 468
415 172
415 253
415 406
415 414
415 416
415 418
415 421
415 658
416 173
416 335
416 419
416 422
416 659
417 174
417 336
417 414
417 471
417 660
418 409
418 417
418 427
418 445
418 472
418 661
419 176
419 338
419 410
419 417
419 418
419 446
420 177
420 258
420 339
420 414
420 417
420 421
420 429
420 447
421 340
421 418
421 430
421 448
421 475
422 260
422 413
422 419
422 420
422 421
422 476
422 665
423 405
423 414
423 425
423 666
424 181
424 343
424 406
424 415
424 423
424 425
424 427
424 430
424 451
424 667
425 407
425 416
425 452
425 479
426 264
426 408
426 417
426 423
426 427
426 428
426 453
426 480
426 669
427 346
427 409
427 430
428 266
428 419
428 425
428 427
428 431
428 455
428 482
428 671
429 267
429 423
429 426
429 430
429 431
429 456
429 483
430 187
430 268
430 349
430 484
431 188
431 269
431 350
431 413
431 422
431 425
431 430
431 674
432 351
432 405
432 438
432 450
433 190
433 352
433 432
433 442
433 676
434 191
434 407
434 432
434 433
434 443
434 452
435 192
435 354
435 432
435 437
435 438
435 453
436 193
436 355
436 433
436 435
436 437
436 439
436 463
437 275
437 434
437 440
437 446
437 455
437 464
438 195
438 276
438 357
438 439
438 456
438 465
439 196
439 277
439 433
439 440
439 448
439 466
439 682
440 434
440 467
440 683
441 279
441 432
441 468
442 361
442 415
442 441
442 445
443 200
443 281
443 362
443 416
443 441
443 442
443 470
443 686
444 201
444 363
444 417
444 435
444 441
444 447
444 453
445 202
445 283
445 436
445 444
445 448
445 454
445 688
446 284
446 443
446 444
446 445
446 455
446 689
447 204
447 438
447 441
447 456
448 286
448 442
448 447
448 449
448 475
448 691
449 422
449 440
449 443
449 446
449 447
449 458
449 692
450 369
450 423
450 441
450 451
450 452
450 456
450 477
451 370
451 433
451 442
451 457
451 478
452 371
452 443
452 451
452 455
452 479
452 695
453 372
453 450
453 456
453 480
453 696
454 373
454 427
454 436
454 451
454 453
454 457
455 212
455 374
455 453
455 454
455 458
456 213
456 294
456 457
456 458
457 214
457 430
457 439
457 448
458 431
458 440
458 452
458 457
459 216
459 432
459 465
459 468
459 702
460 433
460 459
460 463
460 469
460 703
461 218
461 299
461 380
461 434
461 459
461 460
461 467
461 470
461 704
462 219
462 300
462 435
462 459
462 465
462 480
463 301
463 382
463 409
463 462
463 464
463 466
463 481
464 302
464 383
464 410
464 461
464 462
464 482
465 466
465 483
465 708
466 223
466 412
466 460
466 467
466 484
467 305
467 413
467 464
467 465
467 476
467 710
468 225
468 306
468 477
469 388
469 415
469 442
469 468
469 472
469 475
469 478
470 227
470 416
470 468
470 469
470 476
470 479
470 713
471 228
471 309
471 390
471 444
471 462
471 468
471 472
471 480
471 714
472 445
472 463
472 475
472 481
472 715
473 311
473 419
473 446
473 464
473 470
473 471
473 472
473 476
474 231
474 393
474 420
474 447
474 465
474 468
474 471
474 475
474 476
475 313
475 394
475 466
475 484
476 233
476 395
476 449
476 475
477 234
477 315
477 423
477 459
477 478
478 235
478 424
478 460
478 484
478 721
479 317
479 398
479 461
479 477
479 478
479 482
479 722
480 399
480 477
480 481
480 483
481 238
481 319
481 400
481 427
481 454
481 478
481 482
481 724
482 320
482 401
482 455
482 473
482 480
482 485
483 240
483 321
483 402
483 456
483 474
483 477
483 484
484 241
484 322
484 403
484 457
484 481
484 485
485 242
485 431
485 458
485 467
485 476
485 479
485 483
485 728
486 243
486 489
486 495
486 504
486 513
486 567
486 648
487 1
487 486
487 496
487 505
487 541
488 245
488 486
488 487
488 494
488 506
488 515
488 542
488 650
489 3
489 246
489 491
489 492
489 507
489 516
489 570
489 651
490 487
490 489
490 491
490 499
491 5
491 488
491 572
491 653
492 249
492 486
492 494
492 501
492 519
492 573
492 654
493 487
493 490
493 492
493 511
494 251
494 491
494 493
494 503
494 512
495 496
495 504
495 522
495 576
495 657
496 10
496 497
496 523
496 550
497 11
497 254
497 488
497 495
497 503
497 524
497 578
498 489
498 495
498 499
498 501
498 507
498 525
498 660
499 496
499 502
499 508
499 526
499 553
499 580
500 14
500 491
500 497
500 498
500 499
500 581
501 15
501 258
501 495
501 502
501 503
501 528
501 663
502 493
502 496
502 503
502 511
502 529
502 556
502 583
502 664
503 500
503 512
503 530
504 261
504 505
504 506
504 558
504 666
505 262
505 496
505 508
505 559
506 20
506 263
506 497
506 505
506 533
506 560
506 587
506 668
507 264
507 504
507 510
507 561
507 669
508 22
508 490
508 507
508 509
509 266
509 491
509 500
509 506
509 507
509 536
509 590
510 24
510 492
510 501
510 504
510 511
510 512
510 591
511 25
511 505
511 508
511 565
511 673
512 26
512 269
512 506
512 509
512 511
512 539
512 566
512 593
512 674
513 270
513 514
513 516
513 531
513 594
513 675
514 271
514 487
514 515
514 520
514 541
514 676
515 29
515 272
515 513
515 518
515 521
515 524
515 533
516 273
516 517
516 518
516 543
516 597
517 31
517 274
517 490
517 514
517 520
517 526
517 598
518 275
518 491
518 517
518 521
518 527
518 545
519 33
519 276
519 513
519 516
519 521
519 537
519 546
520 493
520 519
520 521
520 538
520 547
520 682
521 35
521 494
521 530
521 548
521 602
522 36
522 279
522 513
522 525
522 531
522 549
522 603
522 684
523 280
523 514
523 522
523 524
523 685
524 38
524 522
524 527
524 530
524 533
524 551
525 282
525 516
525 526
525 527
525 534
525 552
525 606
526 283
526 523
526 607
526 688
527 284
527 500
527 526
527 530
527 689
528 285
528 519
528 522
528 525
528 530
528 537
528 609
529 43
529 286
529 520
529 523
529 526
529 528
529 530
529 538
529 556
530 44
530 557
530 692
531 45
531 288
531 504
531 532
531 537
531 612
531 693
532 505
532 514
532 523
532 533
532 535
532 559
532 613
533 290
533 531
534 48
534 507
534 516
534 531
534 536
534 537
534 615
535 508
535 517
535 526
535 534
535 536
535 616
535 697
536 50
536 293
536 518
536 527
536 533
536 539
536 563
536 617
537 51
537 510
537 564
537 618
537 699
538 52
538 295
538 511
538 532
538 535
538 537
538 619
538 700
539 53
539 521
539 530
539 533
539 537
539 538
539 566
539 620
539 701
540 486
540 513
540 542
540 546
540 549
540 558
541 55
541 298
541 540
541 542
541 547
541 622
542 515
542 548
542 560
543 57
543 300
543 489
543 540
543 544
543 552
543 561
543 624
544 301
544 490
544 517
544 541
544 706
545 302
545 491
545 542
545 543
545 544
545 548
545 707
546 60
546 492
546 543
546 548
546 564
546 627
546 708
547 493
547 544
547 546
548 62
548 305
548 494
548 547
548 557
548 710
549 306
549 495
549 550
549 630
549 711
550 523
550 541
550 551
550 553
550 556
550 559
550 712
551 65
551 497
551 542
551 549
551 632
552 498
552 549
552 554
552 561
552 714
553 526
553 544
553 552
553 634
554 311
554 500
554 527
554 545
554 551
554 553
554 557
554 716
555 501
555 528
555 546
555 549
555 552
555 556
555 557
555 564
555 636
556 70
556 547
556 553
556 565
557 314
557 503
557 551
557 556
557 638
557 719
558 315
558 531
558 549
558 561
558 639
558 720
559 73
559 541
559 558
559 560
559 565
560 74
560 317
560 533
560 551
560 558
560 641
561 75
561 318
561 534
561 563
561 723
562 76
562 508
562 535
562 544
562 553
562 559
562 561
562 563
562 643
562 724
563 77
563 320
563 509
563 545
563 554
563 560
563 566
563 644
563 725
564 510
564 558
564 561
564 565
564 566
565 79
565 538
565 547
565 562
565 566
565 646
565 727
566 80
566 548
566 557
566 560
567 81
567 568
567 569
567 570
567 573
567 576
567 585
567 594
567 648
568 487
568 571
568 586
568 595
568 622
568 649
569 83
569 488
569 568
569 572
569 575
569 623
570 84
570 327
570 571
570 573
570 579
570 597
570 624
571 328
571 490
571 580
571 589
571 625
572 86
572 570
572 571
572 599
572 626
573 330
573 575
573 582
573 591
573 600
573 627
573 654
574 331
574 493
574 568
574 571
574 573
574 575
574 583
574 592
574 601
574 628
575 332
575 494
575 572
575 584
576 333
576 582
576 630
577 334
577 496
577 568
577 576
577 578
577 580
577 583
577 586
577 604
577 631
577 658
578 569
578 576
578 584
578 605
579 498
579 576
579 580
579 582
579 606
579 633
580 581
580 583
581 95
581 572
581 578
581 579
581 584
581 635
582 501
582 584
582 609
582 663
583 97
583 582
583 584
583 592
583 664
584 98
584 341
584 503
584 593
584 611
584 665
585 342
585 504
585 576
585 588
585 591
585 639
585 666
586 100
586 343
586 505
586 585
586 587
586 592
586 667
587 101
587 569
587 578
587 585
587 590
587 641
587 668
588 507
588 570
588 579
588 589
588 590
589 103
589 508
589 580
589 586
589 590
589 592
589 643
590 572
590 581
590 593
590 617
590 644
591 105
591 348
591 582
591 588
592 349
592 511
592 591
592 593
592 646
593 575
593 587
593 591
593 647
593 674
594 596
594 597
594 612
594 621
595 109
595 514
595 594
595 601
595 604
596 353
596 515
596 569
596 595
596 605
596 677
597 599
597 615
597 678
598 571
598 595
598 597
598 599
598 601
598 616
598 625
599 113
599 518
599 596
599 608
599 617
599 626
599 680
600 114
600 357
600 519
600 594
600 597
600 602
600 618
600 681
601 115
601 358
601 520
601 600
601 602
602 359
602 575
602 596
602 599
602 620
602 683
603 117
603 576
603 594
603 609
604 118
604 523
604 603
604 605
604 610
604 613
604 631
605 119
605 362
605 524
605 603
605 608
605 611
605 614
605 686
606 120
606 597
606 603
606 608
606 687
607 580
607 598
607 604
607 606
608 122
608 365
608 527
608 581
608 607
608 611
608 689
609 600
609 606
609 636
610 124
610 529
610 583
610 601
610 607
610 609
610 611
610 619
610 691
611 125
611 368
611 530
611 602
611 609
611 692
612 126
612 585
612 603
612 613
612 615
612 618
612 639
613 127
613 586
613 595
613 614
613 616
613 619
613 640
614 371
614 533
614 587
614 596
614 612
614 620
614 695
615 129
615 372
615 588
615 606
615 696
616 589
616 607
616 615
616 617
616 619
617 374
617 608
617 614
617 615
618 375
618 591
618 609
618 615
618 619
618 620
618 645
619 133
619 376
619 592
619 601
619 646
620 134
620 593
620 611
620 617
620 619
620 701
621 540
621 567
621 623
621 624
621 639
622 379
622 595
622 621
622 640
623 542
623 596
623 622
623 626
623 704
624 138
624 381
624 597
624 625
624 626
624 633
624 642
624 705
625 544
625 622
625 626
625 634
625 643
625 706
626 383
626 545
626 635
626 644
626 707
627 141
627 384
627 600
627 621
627 624
627 645
627 708
628 547
628 601
628 622
628 625
628 627
628 637
629 143
629 386
629 548
629 575
629 602
629 623
629 626
629 627
629 628
629 638
629 710
630 387
630 603
630 621
631 145
631 388
631 550
631 622
631 630
632 146
632 389
632 578
632 605
632 623
632 630
632 631
632 635
632 638
632 713
633 147
633 552
633 606
633 630
633 635
633 714
634 148
634 391
634 580
634 607
634 631
634 633
634 637
634 643
634 715
635 554
635 608
635 634
636 393
636 582
636 627
636 630
636 633
636 637
636 638
636 645
637 394
637 556
637 583
637 610
637 631
637 638
637 646
637 718
638 152
638 584
638 611
638 635
638 719
639 630
639 641
639 720
640 397
640 559
640 586
640 631
640 639
640 641
640 643
641 155
641 398
641 614
641 623
641 632
641 647
642 561
642 588
642 615
642 633
642 639
642 645
642 723
643 400
643 616
643 642
643 644
644 158
644 617
644 635
644 641
644 642
645 402
645 564
645 591
645 639
645 646
646 160
646 628
646 640
646 643
646 647
647 404
647 566
647 620
647 629
647 638
647 644
647 645
648 405
648 649
648 651
648 657
648 666
648 702
649 487
649 650
649 652
649 676
650 407
650 569
650 648
650 653
650 659
650 677
650 704
651 165
651 408
651 570
651 652
651 660
652 409
652 490
652 571
652 655
652 661
652 670
652 706
653 167
653 410
653 572
653 651
653 652
653 662
653 671
653 680
654 168
654 648
654 651
654 656
654 672
655 169
655 412
655 493
655 574
655 649
655 654
655 656
655 664
655 682
656 494
656 575
656 650
656 653
656 665
656 683
656 710
657 576
657 658
657 660
657 663
657 666
657 684
657 711
658 172
658 496
658 649
658 659
658 661
658 664
658 667
658 685
658 712
659 497
659 578
659 657
659 662
659 665
660 579
660 669
660 687
661 175
661 499
661 580
661 660
661 662
661 670
661 715
662 419
662 500
662 581
662 660
662 689
662 716
663 177
663 420
663 654
663 660
663 665
663 690
664 421
664 661
664 663
664 673
664 691
665 503
665 662
665 664
666 693
666 720
667 505
667 649
667 666
667 670
667 673
667 694
667 721
668 425
668 650
668 659
668 666
668 667
668 674
668 695
669 588
669 651
669 666
669 723
670 427
670 508
670 589
670 669
670 671
670 673
671 185
671 509
671 590
671 668
671 669
671 725
672 186
672 429
672 510
672 591
672 663
672 666
672 669
672 673
673 187
673 430
673 592
673 655
673 674
673 700
673 727
674 656
674 665
674 671
674 672
674 701
674 728
675 432
675 594
675 648
675 676
675 677
675 678
675 702
676 190
676 595
676 677
676 703
677 434
677 515
677 686
677 704
678 192
678 435
678 516
678 651
678 680
678 696
678 705
679 436
679 517
679 598
679 652
679 676
679 678
679 680
679 688
679 697
679 706
680 194
680 437
680 518
680 677
680 683
680 698
680 707
681 195
681 438
681 519
681 654
681 675
681 678
681 683
681 708
682 601
682 676
682 679
682 681
682 683
683 197
683 521
683 677
683 710
684 198
684 441
684 603
684 675
684 685
684 687
684 690
684 711
685 442
685 604
685 676
685 686
685 688
685 691
685 694
685 712
686 200
686 524
686 659
686 684
686 692
686 713
687 444
687 525
687 678
687 689
687 690
687 696
687 714
688 607
688 661
688 687
688 689
688 697
689 203
689 680
689 686
689 692
690 447
690 528
690 609
690 681
690 692
690 717
691 205
691 529
691 682
691 688
691 690
691 692
691 700
692 206
692 665
692 683
693 450
693 612
693 675
693 684
693 694
693 695
693 699
693 720
694 451
694 532
694 613
694 676
694 697
694 700
694 721
695 533
695 677
695 686
695 694
695 701
696 534
696 669
696 693
696 697
696 699
697 454
697 616
697 670
697 698
697 700
697 724
698 212
698 455
698 536
698 617
698 671
698 689
698 695
698 696
698 725
699 456
699 618
699 672
699 681
699 690
699 700
699 701
699 726
700 457
700 619
700 682
700 701
700 727
701 215
701 458
701 683
701 692
701 698
701 728
702 540
702 621
702 704
702 705
702 711
702 720
703 217
703 541
703 622
703 649
703 702
703 704
703 712
704 218
704 542
704 713
704 722
705 462
705 543
705 651
705 707
705 708
705 714
706 463
706 703
706 705
706 724
707 464
707 653
707 704
707 706
707 716
708 222
708 654
708 702
708 710
709 223
709 466
709 547
709 628
709 655
709 682
709 703
709 706
709 708
709 710
709 718
710 704
710 707
711 468
711 630
711 714
711 720
712 469
712 631
712 711
712 713
713 227
713 551
713 659
713 711
713 719
714 660
714 715
714 717
714 723
715 553
715 688
715 706
715 712
715 718
716 230
716 473
716 635
716 689
716 713
716 714
716 715
716 719
716 725
717 231
717 474
717 555
717 636
717 663
717 708
717 711
717 719
717 726
718 232
718 475
718 556
718 664
718 691
718 712
718 717
718 727
719 476
719 665
719 692
719 710
719 718
720 234
720 477
720 723
721 235
721 559
721 640
721 703
721 712
721 720
721 722
722 236
722 560
722 641
722 668
722 695
722 713
722 720
722 725
722 728
723 237
723 480
723 696
723 705
723 724
723 726
724 643
724 670
724 715
724 721
724 725
724 727
725 482
725 644
725 707
725 723
725 728
726 240
726 483
726 564
726 645
726 672
726 708
726 720
727 241
727 484
727 646
727 709
727 721
727 726
727 728
728 242
728 566
728 647
728 710
728 719
728 726
2 13 16 29 42 61 72 77 100 105 107 108 110 111 113 122 142 145 164 165 171 208 211 214 219 233 260 263 264 280 291 297 302 322 325 328 331 349 365 369 374 393 398 399 414 430 438 439 440 472 479 492 505 517 525 539 551 552 578 579 594 610 612 629 633 637 643 653 655 657 662 671 686 687 703 726
