64 195 12
0 16
0 32
1 0
1 3
1 5
1 33
2 0
2 6
2 10
2 18
2 34
3 2
3 11
3 35
4 0
4 6
5 4
5 7
5 37
6 22
7 3
7 6
7 15
7 23
7 39
8 0
8 9
8 10
8 24
8 40
9 1
9 11
9 25
10 11
10 14
10 26
10 42
11 27
11 43
12 4
12 8
12 14
12 28
12 44
13 5
13 9
13 12
13 15
14 6
14 15
14 30
14 46
15 11
15 31
16 20
17 1
17 16
17 21
17 49
18 16
18 26
18 50
19 3
19 17
19 18
19 23
19 27
19 51
20 4
20 16
21 5
21 20
21 23
21 29
22 18
22 20
22 23
22 54
23 31
23 55
24 16
24 28
25 17
25 24
25 57
26 24
26 27
26 30
26 58
27 25
27 59
28 20
28 29
28 60
29 13
29 25
29 31
30 22
30 28
30 62
31 27
31 30
31 63
32 48
33 32
33 35
34 32
35 34
35 39
36 4
36 32
36 44
37 33
37 36
37 45
38 6
38 34
38 36
38 39
38 46
39 37
40 32
40 41
40 42
40 44
40 56
41 9
41 33
41 43
41 57
42 34
42 43
42 46
42 58
43 35
43 47
43 59
44 46
45 13
45 41
45 44
46 47
46 62
47 15
47 39
47 45
48 16
48 49
48 52
48 56
49 33
49 51
49 53
49 57
50 34
50 48
50 51
50 54
51 35
51 55
52 20
52 36
52 54
53 21
53 37
53 52
53 55
54 38
54 62
55 39
55 54
56 24
56 57
56 60
57 61
58 50
58 56
58 62
59 51
59 57
59 58
59 63
60 44
60 52
60 62
61 29
61 45
61 53
61 57
61 60
62 54
63 47
63 55
63 61
63 62
1 6 15 23 26 28 35 37 40 48 57 62
