512 2304 64
0 16
0 32
0 256
1 0
1 3
1 5
1 33
1 129
1 257
2 0
2 6
2 10
2 18
2 34
2 66
2 130
3 2
3 11
3 35
3 131
3 259
4 0
4 6
4 132
5 4
5 7
5 37
5 133
5 261
6 22
6 70
6 134
6 262
7 3
7 6
7 15
7 23
7 39
8 0
8 9
8 10
8 24
8 40
8 136
9 1
9 11
9 25
9 73
10 11
10 14
10 26
10 42
10 266
11 27
11 43
11 75
11 139
11 267
12 4
12 8
12 14
12 28
12 44
12 76
12 140
12 268
13 5
13 9
13 12
13 15
13 77
13 141
14 6
14 15
14 30
14 46
14 270
15 11
15 31
15 79
15 271
16 20
16 272
17 1
17 16
17 21
17 49
17 81
18 16
18 26
18 50
18 146
19 3
19 17
19 18
19 23
19 27
19 51
19 275
20 4
20 84
20 148
20 276
21 5
21 20
21 23
21 29
21 277
22 18
22 20
22 23
22 54
22 86
22 278
23 31
23 55
23 279
24 16
24 28
24 88
25 17
25 24
25 57
26 24
26 27
26 30
26 58
26 90
26 154
27 25
27 59
28 20
28 29
28 60
28 92
28 284
29 13
29 25
29 31
29 285
30 22
30 28
30 62
30 94
30 158
31 27
31 30
31 63
32 48
32 160
33 32
33 35
33 289
34 32
35 34
35 39
35 99
35 291
36 4
36 32
36 44
36 164
36 292
37 33
37 36
37 45
37 165
37 293
38 6
38 34
38 36
38 39
38 46
38 102
38 294
39 37
39 167
39 295
40 32
40 41
40 42
40 44
40 56
40 104
41 9
41 33
41 43
41 57
41 105
41 169
41 297
42 34
42 43
42 46
42 58
43 35
43 47
43 59
44 46
44 108
44 172
44 300
45 13
45 41
45 44
45 301
46 47
46 62
46 174
47 15
47 39
47 45
47 111
48 16
48 49
48 52
48 56
48 176
48 304
49 33
49 51
49 53
49 57
49 113
50 34
50 48
50 51
50 54
50 114
50 178
50 306
51 35
51 55
51 179
52 20
52 36
52 54
52 116
53 21
53 37
53 52
53 55
53 117
53 181
53 309
54 38
54 62
54 182
55 39
55 54
55 119
55 311
56 24
56 57
56 60
56 120
56 184
56 312
57 185
57 313
58 50
58 56
58 62
58 122
58 314
59 51
59 57
59 58
59 63
59 315
60 44
60 52
60 62
60 124
60 188
61 29
61 45
61 53
61 57
61 60
61 125
62 126
62 190
62 318
63 47
63 55
63 61
63 62
63 127
63 191
64 0
64 65
64 66
64 68
64 80
64 192
64 320
65 1
65 67
65 69
65 81
65 193
66 74
66 322
67 3
67 66
67 75
68 4
68 76
68 196
69 5
69 68
69 71
69 77
69 101
69 197
69 325
70 66
70 68
70 71
70 198
70 326
71 7
71 67
71 103
71 199
71 327
72 8
72 64
72 73
72 74
73 65
73 75
73 89
74 10
74 75
74 78
74 90
74 202
74 330
75 79
75 107
75 203
76 72
76 108
76 204
76 332
77 73
77 76
77 79
77 93
77 109
78 14
78 70
78 76
78 79
78 206
79 71
79 95
79 207
79 335
80 16
80 81
80 82
80 88
81 85
81 113
82 18
82 66
82 83
82 86
82 90
82 114
82 210
83 19
83 67
83 81
83 87
83 115
83 211
83 339
84 68
84 80
84 86
84 92
85 21
85 69
85 84
85 93
85 213
86 70
86 87
86 214
86 342
87 23
87 71
87 85
87 95
87 119
87 215
88 72
88 90
88 92
89 25
89 81
89 88
89 91
89 121
89 217
89 345
90 91
90 94
90 122
91 27
91 75
91 83
91 95
91 123
91 219
92 76
92 94
93 29
93 89
93 92
93 95
93 221
94 78
94 86
94 95
94 222
94 350
95 31
95 127
95 223
95 351
96 32
96 64
96 112
97 33
97 65
97 96
97 99
97 105
97 113
97 225
98 34
98 66
98 96
98 99
98 114
98 226
99 67
99 227
99 355
100 36
100 68
100 96
100 108
100 116
101 37
101 97
101 100
101 357
102 70
102 98
102 100
102 118
102 358
103 39
103 99
103 101
103 102
103 111
104 72
104 96
104 105
104 120
105 73
105 107
105 109
105 361
106 42
106 74
106 98
106 104
106 107
106 110
107 43
107 99
107 111
107 123
107 235
107 363
108 104
108 109
108 110
108 124
108 236
108 364
109 45
109 101
109 125
110 46
110 78
110 102
110 111
110 126
110 366
111 79
111 109
112 48
112 80
113 112
113 115
113 117
113 121
113 369
114 112
114 115
114 118
114 242
114 370
115 51
115 99
115 119
115 123
116 84
116 112
116 117
116 118
116 124
116 244
117 85
117 101
117 125
117 245
118 54
118 86
118 126
118 246
118 374
119 103
119 117
119 118
119 127
119 247
119 375
120 88
120 112
120 376
121 57
121 105
121 120
121 123
122 106
122 114
122 120
122 250
122 378
123 59
123 122
124 92
124 120
124 125
124 252
125 93
125 121
125 127
125 253
126 94
126 122
126 124
126 254
127 111
127 123
127 126
127 255
127 383
128 0
128 130
128 160
128 384
129 128
129 131
129 133
129 137
129 145
129 161
129 385
130 131
130 138
130 194
131 135
131 139
131 147
131 195
132 128
132 133
132 134
132 140
132 148
132 164
132 196
133 141
133 149
133 197
133 389
134 130
134 135
134 142
134 390
135 7
135 133
135 143
135 151
135 391
136 128
136 138
136 152
136 168
136 200
136 392
137 9
137 136
137 139
137 201
137 393
138 10
138 139
140 136
140 141
140 142
140 172
140 204
140 396
141 137
141 205
142 14
142 138
142 174
142 206
142 398
143 15
143 139
143 141
143 142
143 399
144 16
144 128
144 145
144 208
145 17
145 149
145 177
145 209
146 130
146 144
146 150
146 154
146 178
147 19
147 145
147 146
147 155
147 211
147 403
148 144
148 212
148 404
149 21
149 148
149 151
149 213
150 22
150 134
150 148
150 151
150 158
150 182
150 214
151 23
151 147
152 24
152 144
152 154
152 156
152 216
153 25
153 137
153 145
153 152
153 155
153 157
153 217
153 409
154 138
154 158
154 218
155 27
155 139
155 154
155 159
155 187
155 411
156 28
156 140
156 148
156 157
156 158
157 29
157 141
157 149
157 159
158 142
158 159
158 222
158 414
159 31
159 143
159 151
159 191
159 415
160 162
160 168
160 176
160 416
161 33
161 160
161 169
161 225
161 417
162 34
162 130
162 170
162 226
162 418
163 35
163 131
163 161
163 162
163 171
164 160
164 180
164 228
165 133
165 161
165 164
165 173
165 181
166 38
166 134
166 162
166 164
166 167
166 174
166 182
166 422
167 135
167 163
167 165
167 175
167 231
168 40
168 169
168 170
168 172
168 232
168 424
169 137
170 42
170 138
170 174
171 43
171 139
171 169
171 170
171 187
171 235
171 427
172 164
172 236
173 45
173 141
173 169
173 172
173 175
173 189
173 237
174 172
174 175
174 190
174 238
174 430
175 47
175 143
175 171
175 239
175 431
176 144
176 180
176 240
176 432
177 49
177 161
177 176
177 179
177 181
177 433
178 162
178 176
178 179
178 182
178 434
179 147
179 163
179 435
180 52
180 148
180 436
181 149
181 180
181 183
181 189
181 245
182 180
182 183
182 190
182 438
183 55
183 151
183 167
183 179
184 152
184 168
184 176
184 186
184 188
184 440
185 153
185 169
185 177
185 184
185 187
185 249
185 441
186 58
186 154
186 170
186 178
186 187
186 442
187 59
187 179
187 191
187 443
188 156
188 172
188 180
188 189
188 444
189 61
189 157
189 185
189 253
189 445
190 158
190 186
190 188
190 191
190 254
190 446
191 175
191 183
191 189
192 128
192 194
192 224
193 129
193 192
193 197
193 201
193 209
193 449
194 66
194 202
194 210
194 226
195 67
195 193
195 194
195 227
196 192
196 197
196 198
196 204
196 212
196 452
197 199
197 213
197 229
197 453
198 134
198 194
198 206
198 214
198 230
198 454
199 135
199 195
199 198
199 207
199 231
200 72
200 192
200 202
200 204
200 216
200 456
201 73
201 200
201 205
201 217
201 233
202 138
202 203
202 218
202 458
203 139
203 195
203 201
203 207
203 235
204 205
205 77
205 197
205 237
205 461
206 202
206 204
206 238
206 462
207 143
207 205
207 206
208 80
208 192
208 209
208 210
208 212
208 216
208 240
209 81
209 211
210 146
210 211
210 214
210 218
210 466
211 195
211 215
211 467
212 84
212 244
212 468
213 209
213 212
213 215
213 221
213 245
213 469
214 212
214 215
215 151
215 199
215 247
216 88
216 248
217 209
217 216
217 219
217 249
218 90
218 216
218 219
218 250
219 155
219 203
219 211
219 223
219 251
220 92
220 156
220 204
220 212
220 216
220 221
220 222
220 252
220 476
221 157
221 205
221 217
221 223
222 206
222 214
222 218
222 254
223 159
223 207
223 215
223 222
223 479
224 96
224 160
224 225
224 226
224 232
224 240
225 193
225 227
225 229
225 233
225 241
226 227
226 234
226 242
227 163
227 483
228 100
228 196
228 224
228 229
228 230
228 236
229 101
229 165
229 231
229 485
230 102
230 166
230 226
230 231
230 238
231 103
231 227
232 104
232 200
232 236
232 248
232 488
233 105
233 169
233 232
234 106
234 170
234 202
234 232
234 238
234 490
235 227
235 233
235 234
235 251
236 204
236 237
236 238
236 492
237 109
237 229
237 233
237 239
237 253
237 493
238 110
238 239
238 254
239 111
239 207
239 231
239 235
239 255
239 495
240 112
240 241
240 242
240 244
240 248
241 113
241 177
241 209
241 243
242 178
242 210
242 243
242 246
242 498
243 115
243 179
243 211
243 227
244 180
244 228
244 245
244 246
244 252
245 229
245 241
245 247
245 253
245 501
246 182
246 214
246 230
246 247
246 254
247 183
247 231
247 243
247 255
247 503
248 120
248 184
248 249
248 250
248 504
249 121
249 233
249 241
249 251
250 186
250 234
250 242
250 251
251 123
251 187
251 243
251 255
252 188
252 236
252 248
252 508
253 221
253 249
253 252
253 255
254 250
254 252
254 255
255 191
255 223
256 258
256 264
256 272
256 288
257 256
257 259
257 261
257 265
257 273
257 289
257 321
258 2
258 259
258 266
258 274
258 290
258 386
259 267
259 323
260 4
260 256
260 262
260 268
260 276
260 388
261 260
261 263
261 269
261 277
262 258
262 263
262 270
262 278
262 294
262 326
263 7
263 259
263 327
263 391
264 8
264 265
264 268
264 280
264 328
265 9
265 267
265 269
265 281
265 329
265 393
266 264
266 267
266 282
266 298
266 330
267 395
268 269
268 396
269 13
269 271
269 333
269 397
270 266
270 268
270 334
271 263
271 267
271 270
271 287
271 303
271 335
271 399
272 274
272 276
272 304
272 336
272 400
273 17
273 272
273 275
273 281
273 305
273 337
274 18
274 278
274 306
274 402
275 259
275 274
275 279
275 339
276 278
276 340
277 273
277 276
277 279
277 405
278 286
278 342
278 406
279 263
279 278
280 24
280 272
280 281
280 284
281 25
281 313
282 26
282 274
282 280
282 314
283 27
283 267
283 275
283 281
283 282
283 287
283 315
283 347
283 411
284 268
284 276
285 269
285 277
285 281
285 284
285 349
286 30
286 270
286 282
286 284
286 287
287 31
287 279
287 285
287 415
288 32
288 290
288 296
288 352
289 288
289 297
290 34
290 291
290 294
290 298
290 306
291 259
291 289
291 299
291 355
291 419
292 260
292 288
292 293
292 294
292 356
293 261
293 289
293 295
293 301
293 309
293 421
294 295
294 302
294 310
295 263
295 291
295 303
295 359
296 40
296 264
296 360
297 265
297 296
297 425
298 42
298 296
298 426
299 43
299 267
299 297
299 298
299 303
299 363
300 268
300 292
300 296
300 316
300 364
301 269
301 297
301 300
301 365
302 46
302 270
302 298
302 300
302 303
303 47
303 301
303 367
303 431
304 288
304 432
305 49
305 289
305 304
305 307
305 313
305 433
306 304
306 370
307 51
307 275
307 291
307 306
307 311
307 315
307 435
308 52
308 276
308 292
308 304
308 309
308 310
308 316
308 372
308 436
309 277
309 305
309 311
309 317
310 54
310 278
310 306
310 318
310 438
311 279
311 295
311 310
311 375
312 280
312 296
312 304
312 314
312 316
312 376
313 297
313 312
313 317
313 377
313 441
314 298
314 306
315 299
315 313
315 314
315 319
315 379
315 443
316 60
316 284
317 61
317 285
317 301
317 316
317 381
317 445
318 286
318 302
318 314
318 316
318 319
318 382
319 63
319 287
319 303
319 311
319 317
319 383
319 447
320 256
320 321
321 65
321 323
321 325
321 329
321 449
322 258
322 320
322 330
322 354
323 67
323 322
323 327
323 331
323 339
323 355
324 68
324 260
324 320
324 332
324 452
325 261
325 324
326 322
326 324
326 327
326 334
326 342
326 358
326 454
327 325
327 343
327 359
328 72
328 320
328 332
328 344
328 360
328 456
329 73
329 328
329 331
329 333
329 361
330 328
330 331
331 75
331 267
331 335
331 363
331 459
332 268
332 334
332 348
332 364
332 460
333 77
333 325
333 332
333 335
333 365
333 461
334 78
334 330
334 350
334 462
335 327
335 334
336 80
336 320
336 337
336 340
336 344
336 368
336 464
337 81
337 321
337 465
338 82
338 274
338 322
338 336
338 339
338 342
338 346
339 337
339 371
339 467
340 84
340 324
340 341
340 372
341 85
341 277
341 325
341 337
341 343
341 373
342 340
342 350
342 374
343 87
343 279
343 339
343 342
343 351
344 88
344 280
344 376
344 472
345 281
345 329
345 337
345 344
345 347
345 377
346 90
346 282
346 330
346 344
346 350
346 378
346 474
347 91
347 331
347 339
347 346
347 379
348 92
348 284
348 340
348 344
348 350
349 93
349 333
349 341
349 345
349 348
349 381
349 477
350 286
350 351
350 478
351 287
351 335
351 347
351 349
351 479
352 96
352 320
352 354
352 356
352 480
353 97
353 289
353 321
353 352
353 355
353 357
353 361
354 98
354 290
354 358
355 354
355 359
355 483
356 100
356 324
356 357
356 358
356 372
356 484
357 293
357 325
357 365
358 294
358 374
358 486
359 103
359 357
359 358
359 367
360 104
360 352
360 361
360 362
360 364
360 488
361 297
361 365
361 489
362 106
362 298
362 330
362 354
362 363
363 355
363 361
363 491
364 356
364 365
364 366
365 109
365 367
365 381
366 302
366 334
366 358
366 362
366 382
366 494
367 111
367 335
367 363
367 366
367 383
368 112
368 304
368 352
368 370
368 496
369 305
369 337
369 353
369 368
369 373
369 497
370 338
370 354
370 371
370 498
371 115
371 307
371 355
371 369
371 375
371 379
372 116
372 368
372 373
372 374
373 117
373 309
373 357
374 310
374 370
374 375
374 382
374 502
375 343
375 359
375 373
375 383
376 360
376 368
376 377
376 380
376 504
377 121
377 361
377 369
377 505
378 314
378 362
378 370
378 376
378 382
379 123
379 363
379 377
379 378
379 507
380 124
380 316
380 348
380 364
380 372
380 381
381 125
381 373
381 377
381 383
382 126
382 350
382 380
382 383
382 510
383 351
383 379
383 511
384 256
384 385
384 386
384 400
385 257
385 389
385 393
385 449
386 130
386 387
386 390
386 394
386 418
386 450
387 131
387 259
387 385
387 391
387 395
387 403
388 132
388 384
388 389
388 390
388 396
388 420
389 261
389 421
389 453
390 262
390 406
390 422
391 389
391 390
391 399
392 264
392 384
392 393
392 394
392 396
392 424
392 456
393 397
393 409
393 425
393 457
394 138
394 266
394 395
394 458
395 139
395 393
395 427
396 398
396 412
396 428
396 460
397 141
397 389
397 396
397 413
397 429
397 461
398 270
398 390
398 394
399 395
399 397
399 398
399 431
399 463
400 144
400 402
400 408
400 464
401 145
401 273
401 385
401 400
401 433
401 465
402 146
402 386
402 410
402 434
403 275
403 401
403 402
404 276
404 388
404 400
404 405
404 412
404 436
404 468
405 149
405 389
405 401
405 407
405 413
405 469
406 150
406 402
406 404
406 407
406 438
406 470
407 151
407 279
407 391
407 403
407 415
407 439
408 152
408 280
408 392
408 410
408 440
409 281
409 401
409 408
409 411
409 441
409 473
410 154
410 282
410 394
410 411
411 395
411 403
411 415
411 443
411 475
412 156
412 284
412 408
412 414
412 444
412 476
413 157
413 285
413 409
413 412
413 477
414 286
414 398
414 406
414 410
415 399
415 413
415 414
415 479
416 288
416 384
416 418
416 480
417 289
417 385
417 416
417 433
417 481
418 290
418 419
418 426
419 163
419 387
419 417
419 423
420 164
420 292
420 416
420 422
420 428
420 484
421 165
421 417
421 420
421 485
422 294
422 418
422 423
422 438
423 167
423 295
423 391
423 421
423 431
423 439
424 296
424 416
424 425
424 428
424 440
425 169
425 417
425 427
425 429
425 489
426 170
426 394
426 424
426 427
427 299
427 419
427 431
427 443
428 172
428 300
428 429
428 430
428 492
429 173
429 301
429 421
429 431
429 445
429 493
430 302
430 398
430 422
430 426
430 446
431 430
431 447
432 400
432 416
432 433
432 496
433 437
434 306
434 418
434 432
434 435
434 438
434 442
435 403
435 419
435 433
436 420
436 432
436 437
436 438
436 444
436 500
437 181
437 309
437 405
437 421
438 439
438 446
438 502
439 183
439 311
439 435
439 437
439 447
440 312
440 432
440 442
440 444
441 425
441 433
441 440
441 445
441 505
442 314
442 410
442 426
442 443
442 446
443 435
443 441
443 507
444 316
444 428
444 446
445 413
445 437
445 444
445 447
445 509
446 318
446 414
446 447
447 191
447 415
447 443
447 511
448 192
448 320
448 384
448 464
448 480
449 448
449 453
449 481
450 194
450 322
450 448
450 454
450 482
451 195
451 323
451 387
451 449
451 450
451 459
451 467
451 483
452 388
452 448
452 453
452 454
452 460
453 325
453 469
453 485
454 390
455 199
455 327
455 391
455 451
455 453
455 454
455 471
455 487
456 448
456 457
456 458
456 472
457 201
457 329
457 449
458 330
458 450
458 490
459 203
459 395
459 457
459 458
459 475
459 491
460 204
460 456
460 461
460 462
461 453
461 457
462 398
462 454
462 458
462 463
462 478
463 207
463 335
463 455
463 459
463 461
463 495
464 208
464 465
465 209
465 449
465 469
465 473
466 338
466 402
466 450
466 464
466 467
467 403
467 465
467 471
467 475
468 340
468 452
468 464
468 469
468 476
468 500
469 341
469 471
469 477
470 214
470 342
470 454
470 466
470 468
470 471
470 502
471 215
471 343
471 407
471 479
471 503
472 216
472 408
472 464
472 473
472 474
472 476
473 217
473 345
473 457
473 475
473 477
473 505
474 218
474 410
474 458
474 466
474 475
475 219
475 347
475 479
476 348
476 460
476 508
477 221
477 461
477 476
477 479
478 222
478 414
478 470
478 474
478 476
478 479
479 463
480 224
480 484
480 496
481 225
481 353
481 480
481 485
482 226
482 354
482 418
482 480
482 486
483 419
483 481
483 482
483 491
483 499
484 228
484 452
484 485
484 486
484 492
484 500
485 357
485 501
486 230
486 422
486 454
486 487
486 502
487 231
487 359
487 423
487 483
487 485
487 495
488 424
488 456
488 480
488 489
488 492
489 233
489 457
489 481
489 491
489 493
489 505
490 362
490 426
490 482
490 488
491 235
491 427
491 490
492 364
492 460
492 508
493 365
493 461
493 485
493 492
493 495
493 509
494 238
494 430
494 462
494 486
494 490
494 492
494 495
494 510
495 367
495 431
495 491
496 240
496 464
496 497
496 498
497 241
497 433
497 465
497 481
497 499
497 501
497 505
498 434
498 466
498 482
498 499
498 506
499 243
499 371
499 435
499 467
499 503
500 244
500 372
500 496
500 502
501 373
501 437
501 469
501 500
502 246
502 498
502 503
503 375
503 439
503 487
503 501
504 440
504 472
504 488
504 496
504 506
505 249
505 504
505 507
506 250
506 378
506 442
506 474
506 490
506 510
507 251
507 475
507 491
507 499
507 506
507 511
508 380
508 444
508 500
508 504
508 509
508 510
509 253
509 381
509 477
509 501
509 505
509 511
510 254
510 446
510 478
510 502
510 511
511 255
511 479
511 495
511 503
11 14 17 21 40 47 49 54 64 71 90 92 98 101 123 124 130 141 150 152 163 164 186 189 196 201 211 223 233 238 240 247 260 264 274 287 289 300 311 314 323 333 342 345 358 363 368 381 385 391 411 412 418 431 436 441 458 462 464 469 485 488 499 510
