64 192 32
0 2
0 4
0 16
0 32
1 0
1 5
1 33
2 10
2 18
2 34
3 1
3 2
4 5
4 6
4 12
4 20
4 36
5 37
6 2
6 38
7 3
7 5
7 6
7 23
7 39
8 0
8 9
8 10
8 12
8 24
8 40
9 1
9 11
9 25
10 14
10 26
11 3
11 10
12 13
12 28
13 5
13 9
13 45
14 6
14 12
14 46
15 7
15 11
15 13
15 14
15 47
16 18
16 24
17 1
17 16
17 19
17 49
18 26
19 3
19 18
19 23
19 51
20 16
20 22
21 5
21 17
21 20
21 53
22 6
22 18
22 23
22 30
22 54
23 21
23 31
24 25
24 26
24 28
24 56
25 17
25 27
26 27
27 11
27 19
27 31
27 59
28 20
28 29
29 13
29 21
29 25
30 14
30 26
30 28
30 62
31 15
31 29
31 30
32 34
33 32
33 41
33 49
34 35
34 38
35 3
35 33
35 43
36 32
36 37
36 52
37 33
37 39
38 36
38 39
38 54
39 35
40 32
40 41
40 44
40 56
41 9
41 43
41 57
42 10
42 34
42 40
42 46
43 11
43 42
44 12
44 36
44 60
45 37
45 41
45 44
45 47
45 61
46 38
46 44
47 39
47 43
47 46
48 16
48 32
49 48
49 51
49 53
50 18
50 34
50 48
50 51
51 35
51 55
51 59
52 20
52 48
52 53
52 54
53 37
53 55
54 50
54 55
54 62
55 23
55 39
55 63
56 48
56 60
57 25
57 49
57 56
58 26
58 42
58 50
58 56
59 43
59 57
59 58
59 63
60 28
60 52
60 62
61 29
61 53
61 57
61 60
61 63
62 46
62 58
62 63
63 31
63 47
0 3 5 6 9 10 12 15 17 18 20 23 24 27 29 30 33 34 36 39 40 43 45 46 48 51 53 54 57 58 60 63
