128 448 64
0 1
0 4
0 8
0 32
0 64
1 3
1 5
1 17
2 0
2 66
3 2
3 7
3 11
3 19
3 35
4 5
4 36
4 68
5 7
5 13
6 2
6 4
6 7
6 14
6 22
6 38
7 23
7 71
8 12
8 24
8 72
9 1
9 8
9 13
10 2
10 8
10 11
10 42
10 74
11 9
11 27
12 4
12 14
12 44
13 12
13 15
13 77
14 10
14 46
15 7
15 11
15 14
15 31
15 79
16 0
16 18
16 24
17 16
17 21
17 25
17 49
18 2
18 19
18 22
18 26
18 50
18 82
19 17
19 27
20 4
20 16
20 22
20 28
20 52
21 5
21 20
21 53
22 86
23 19
23 21
23 22
23 31
24 28
24 56
25 9
25 24
25 27
25 29
26 10
26 24
26 27
26 58
27 31
28 12
28 29
28 30
29 13
29 21
29 61
30 14
30 22
30 26
30 31
30 62
31 29
31 63
32 34
32 40
32 96
33 1
33 32
33 41
34 2
34 50
34 98
35 33
35 34
36 32
36 44
36 52
37 5
37 33
37 36
37 45
37 53
37 101
38 34
38 36
38 39
38 54
38 102
39 7
39 35
39 37
39 47
39 55
39 103
40 8
40 104
41 9
41 40
41 43
41 45
42 34
42 40
42 43
42 46
42 58
43 11
43 35
43 107
44 40
44 45
44 60
45 13
45 47
45 109
46 38
46 44
46 62
47 15
47 43
47 46
47 63
47 111
48 16
48 32
48 49
48 56
48 112
49 33
49 53
49 113
50 48
50 114
51 19
51 35
51 49
51 50
52 48
52 54
53 52
53 55
53 61
54 22
54 50
54 62
54 118
55 23
55 51
55 54
55 119
56 40
56 120
57 25
57 41
57 49
57 56
57 121
58 50
58 56
58 59
59 27
59 43
59 51
59 57
59 123
60 28
60 52
60 56
60 61
60 62
60 124
61 45
61 57
62 58
62 63
62 126
63 55
63 59
63 61
63 127
64 66
64 72
64 96
65 1
65 64
65 67
65 73
65 81
66 67
66 74
67 3
67 75
67 83
68 64
68 69
68 70
69 5
69 65
69 101
70 6
70 66
70 71
70 102
71 67
71 69
71 79
72 74
72 76
72 104
73 9
73 72
73 89
74 75
75 11
75 73
75 79
75 91
75 107
76 12
76 68
76 77
76 78
76 92
76 108
77 69
77 73
77 93
78 14
78 70
78 74
78 79
78 94
79 77
79 95
79 111
80 16
80 64
80 81
80 84
80 88
81 17
81 85
81 89
81 113
82 66
82 80
82 86
82 90
82 114
83 19
83 81
83 82
83 91
83 115
84 20
84 68
84 85
84 116
85 21
85 69
85 87
85 93
85 117
86 70
86 84
86 87
86 118
87 23
87 71
87 83
88 24
88 72
88 89
89 25
89 91
89 121
90 26
90 74
90 88
90 91
91 27
91 95
91 123
92 28
92 84
92 88
93 29
93 89
93 92
93 125
94 30
94 86
94 90
94 92
94 95
95 31
95 87
95 93
96 104
96 112
97 33
97 65
97 96
97 105
98 66
98 96
98 102
98 106
99 35
99 67
99 97
99 98
99 115
100 36
100 68
100 96
100 101
100 108
101 97
101 103
101 109
102 100
102 103
103 71
103 99
103 119
105 41
105 73
105 104
105 107
105 121
106 42
106 74
106 104
106 107
106 122
107 99
107 111
108 44
108 104
108 109
108 124
109 77
109 105
109 111
110 46
110 78
110 102
110 106
110 108
111 103
111 110
111 127
112 80
112 114
112 116
112 120
113 97
113 112
114 98
114 115
114 122
115 51
115 113
116 52
116 100
116 117
116 124
117 53
117 101
117 113
118 102
118 114
118 116
118 126
119 87
119 115
119 117
119 118
120 88
120 104
120 124
121 113
121 120
121 123
121 125
122 58
122 90
122 120
123 107
123 115
123 122
123 127
124 92
124 125
125 61
125 109
125 117
126 94
126 110
126 122
126 124
126 127
127 95
127 119
127 125
0 3 5 6 9 10 12 15 17 18 20 23 24 27 29 30 33 34 36 39 40 43 45 46 48 51 53 54 57 58 60 63 65 66 68 71 72 75 77 78 80 83 85 86 89 90 92 95 96 99 101 102 105 106 108 111 113 114 116 119 120 123 125 126
