256 1024 128
0 2
0 8
0 16
0 64
0 128
1 0
1 5
1 9
1 17
1 65
2 3
2 6
3 1
3 19
3 35
3 67
3 131
4 0
4 5
4 6
4 68
5 7
5 13
5 21
5 37
5 69
6 7
6 22
6 70
7 3
7 135
8 12
8 24
8 72
9 8
9 25
9 137
10 2
10 8
10 14
10 42
10 138
11 3
11 9
11 10
11 27
11 75
12 4
12 28
12 76
13 9
13 12
13 45
13 141
14 6
14 12
14 15
14 46
14 78
14 142
15 7
15 11
15 13
15 31
15 47
15 79
15 143
16 17
16 18
16 48
17 25
17 145
18 2
18 146
19 17
19 18
19 27
19 51
19 147
20 4
20 16
20 22
20 28
21 17
21 20
21 53
21 149
22 18
22 23
22 30
22 150
23 7
23 19
23 21
23 87
24 16
24 26
24 28
24 88
24 152
25 24
25 57
25 153
26 10
26 18
26 27
26 90
27 25
27 155
29 13
29 21
29 25
29 28
29 93
29 157
30 14
30 26
30 28
30 62
30 94
30 158
31 23
31 27
31 29
31 30
31 95
31 159
32 0
32 36
32 40
32 48
32 96
32 160
33 1
33 32
33 35
33 37
34 2
34 32
34 38
34 42
34 50
34 98
35 34
35 39
35 51
36 4
36 38
36 52
36 164
37 36
37 45
37 53
37 101
37 165
38 6
38 39
38 54
38 102
39 7
39 37
39 103
40 8
41 9
41 33
41 40
41 43
41 45
41 169
42 40
42 46
42 106
42 170
43 11
43 35
43 42
43 171
44 12
44 36
44 40
44 172
45 44
45 47
45 109
45 173
46 38
46 44
46 110
46 174
47 39
47 43
47 46
47 63
47 111
47 175
48 50
48 56
48 176
49 17
49 33
49 48
49 51
49 57
49 113
50 18
50 51
50 58
51 59
51 115
52 20
52 48
52 53
52 54
53 49
53 181
54 22
54 50
54 55
54 182
55 23
55 39
55 51
55 53
55 63
56 24
56 40
56 58
56 60
56 184
57 41
57 56
57 121
58 26
58 42
58 59
59 27
59 43
59 57
59 63
59 123
59 187
60 28
60 44
60 52
60 61
60 62
60 124
60 188
61 29
61 45
61 53
61 57
61 125
62 46
62 54
62 58
62 63
62 126
63 31
63 61
63 127
63 191
64 65
64 66
64 68
64 80
64 96
65 69
65 73
65 81
65 193
66 2
66 74
66 98
66 194
67 65
67 66
67 71
67 75
67 83
67 99
67 195
68 100
69 68
69 71
69 85
69 101
70 66
70 68
70 71
70 78
70 86
71 7
71 79
72 64
72 73
72 74
72 88
73 9
73 75
74 10
74 75
74 78
75 107
76 68
76 72
76 78
76 108
77 13
77 69
77 73
77 76
77 109
77 205
78 110
78 206
79 75
79 77
79 78
80 16
80 81
80 84
80 88
80 208
81 17
81 83
81 89
81 113
82 18
82 66
82 80
82 83
82 114
83 19
83 91
83 115
83 211
84 20
84 68
84 86
85 21
85 81
85 84
85 87
85 213
86 22
86 82
86 118
87 71
87 83
87 86
87 215
88 89
88 90
88 216
89 25
89 73
89 93
90 74
90 82
90 91
90 94
90 218
91 27
91 75
91 89
91 123
92 28
92 76
92 84
92 88
93 77
93 85
93 92
93 125
94 78
94 86
94 92
95 79
95 87
95 91
95 93
95 94
95 223
96 97
96 104
96 224
97 33
97 65
97 101
97 105
97 225
98 96
99 35
99 97
99 98
99 107
100 36
100 96
100 102
100 116
101 100
101 109
101 229
102 70
102 98
102 103
102 110
102 118
102 230
103 71
103 99
103 101
103 119
103 231
104 40
104 72
104 105
104 106
104 108
105 41
105 73
105 109
105 121
106 74
106 98
106 110
106 122
107 43
107 105
107 106
107 111
107 123
108 44
108 100
108 109
108 110
108 236
109 125
110 126
111 79
111 103
111 109
111 110
111 127
111 239
112 48
112 80
112 96
112 113
112 116
112 120
112 240
113 97
113 115
113 117
114 50
114 98
114 112
114 115
114 118
115 99
115 123
115 243
116 52
116 84
116 118
116 124
116 244
117 53
117 85
117 101
117 116
117 119
118 54
119 55
119 87
119 115
119 118
119 127
119 247
120 56
120 88
120 104
120 248
121 89
121 113
121 120
121 123
122 58
122 90
122 114
122 120
122 123
122 126
123 251
124 92
124 108
124 120
124 125
124 126
124 252
125 117
125 121
125 253
126 94
126 118
126 127
127 95
127 123
127 125
128 129
128 130
128 132
128 136
128 144
128 160
128 192
129 1
129 131
129 137
129 145
129 161
130 2
130 138
131 130
131 135
131 163
131 195
132 4
132 140
132 148
132 196
133 5
133 129
133 132
133 141
133 149
133 197
134 6
134 130
134 132
134 166
134 198
135 133
135 134
135 143
135 151
135 167
136 8
136 137
136 168
137 139
137 141
137 169
138 136
138 142
138 154
139 11
139 131
139 138
139 171
139 203
140 12
140 136
140 172
140 204
141 140
141 143
141 205
142 134
142 140
143 139
143 142
143 159
143 175
143 207
144 16
144 145
144 176
144 208
145 147
145 149
145 177
145 209
146 130
146 144
146 147
146 150
146 154
146 178
146 210
147 131
147 155
147 211
148 20
148 144
148 180
149 148
149 157
149 181
149 213
150 134
150 148
150 182
150 214
151 23
151 147
151 149
151 150
151 215
152 136
152 144
152 153
152 154
152 216
153 137
153 145
153 155
153 157
154 26
154 186
155 139
155 154
155 159
155 219
156 28
156 140
156 148
156 152
156 188
156 220
157 141
157 156
157 159
157 221
158 142
158 150
158 154
158 156
158 222
159 151
159 158
159 223
160 161
160 162
161 33
161 165
161 169
162 34
162 130
162 163
162 166
162 178
162 226
163 35
163 161
163 171
164 132
164 160
164 165
164 228
165 133
165 181
165 229
166 38
166 164
166 167
167 39
167 163
167 165
167 183
168 40
168 160
168 169
169 173
169 233
170 138
170 162
170 168
170 171
170 174
170 186
171 169
171 175
171 187
172 164
172 168
173 141
173 165
173 172
173 237
174 142
174 166
174 172
174 175
175 167
175 173
176 160
176 240
177 49
177 161
177 176
177 179
177 181
178 50
178 176
179 51
179 147
179 163
179 178
179 183
179 243
180 52
180 164
180 176
180 244
181 180
181 245
182 166
182 178
182 180
183 55
183 151
183 181
183 182
183 191
184 152
184 168
184 176
184 188
184 248
185 57
185 153
185 169
185 177
185 184
185 189
186 58
186 178
186 184
186 187
186 190
186 250
187 155
187 179
187 185
188 172
188 180
188 189
188 190
188 252
189 61
189 157
189 173
189 181
189 191
189 253
190 62
190 158
190 174
190 182
190 191
191 159
191 175
191 187
191 255
192 64
192 193
192 208
193 129
193 195
193 209
193 225
194 130
194 192
194 195
194 210
194 226
195 211
195 227
196 68
196 192
196 212
197 69
197 193
197 196
197 199
198 70
198 194
198 196
198 199
199 71
199 135
199 195
199 207
199 215
200 72
200 136
200 192
200 216
200 232
201 73
201 137
201 193
201 200
201 203
201 217
201 233
202 74
202 138
202 194
202 200
202 218
203 75
203 195
203 202
203 235
204 76
204 196
204 200
204 206
204 236
205 197
205 201
205 204
205 221
205 237
206 142
206 198
206 202
206 207
206 222
207 79
207 203
207 205
207 223
207 239
208 216
209 81
209 208
209 213
209 217
209 241
210 82
210 208
210 218
211 209
211 210
211 243
212 84
212 148
212 208
212 213
212 220
212 244
213 197
214 86
214 198
214 210
214 212
214 215
215 211
215 213
215 223
216 220
216 248
217 89
217 153
217 216
217 249
218 154
218 216
218 219
218 222
219 91
219 203
219 211
219 217
219 251
220 92
220 204
220 221
221 93
221 213
221 217
221 253
222 94
222 214
222 220
222 223
223 219
223 221
223 255
224 160
224 192
224 232
224 240
225 161
225 224
225 229
225 241
226 98
226 224
226 227
227 99
227 163
227 225
227 243
228 100
228 196
228 224
228 230
228 236
228 244
229 197
229 228
229 231
230 166
230 198
230 226
230 231
230 238
231 167
231 199
231 227
232 104
232 168
232 236
232 248
233 105
233 225
233 232
233 237
234 106
234 170
234 202
234 226
234 232
234 235
234 238
235 107
235 171
235 227
235 233
236 172
236 237
236 252
237 109
237 229
237 253
238 110
238 174
238 206
238 236
238 239
238 254
239 175
239 231
239 235
239 237
240 208
240 244
241 113
241 177
241 240
241 245
242 114
242 178
242 210
242 226
242 240
242 243
242 250
243 241
244 252
245 117
245 213
245 229
245 244
245 247
245 253
246 118
246 182
246 214
246 230
246 242
246 244
247 183
247 215
247 231
247 243
247 246
248 240
248 249
249 121
249 185
249 233
249 241
249 253
250 122
250 218
250 234
250 248
250 251
250 254
251 187
251 235
251 243
251 249
252 220
252 248
253 252
254 126
254 190
254 222
254 246
254 252
255 127
255 239
255 247
255 251
255 253
255 254
0 3 5 6 9 10 12 15 17 18 20 23 24 27 29 30 33 34 36 39 40 43 45 46 48 51 53 54 57 58 60 63 65 66 68 71 72 75 77 78 80 83 85 86 89 90 92 95 96 99 101 102 105 106 108 111 113 114 116 119 120 123 125 126 129 130 132 135 136 139 141 142 144 147 149 150 153 154 156 159 160 163 165 166 169 170 172 175 177 178 180 183 184 187 189 190 192 195 197 198 201 202 204 207 209 210 212 215 216 219 221 222 225 226 228 231 232 235 237 238 240 243 245 246 249 250 252 255
