512 2304 256
0 4
0 16
0 32
0 128
0 256
1 0
1 17
1 33
1 65
1 257
2 0
2 3
2 6
2 10
2 18
2 34
3 1
3 19
3 259
4 5
4 6
4 12
4 20
4 68
4 132
5 1
5 7
5 21
5 69
5 261
6 7
6 262
7 3
7 15
7 71
7 135
8 0
8 9
8 12
8 72
9 1
9 11
9 25
9 137
10 8
10 26
10 74
11 3
11 10
11 15
11 75
11 267
12 13
12 14
12 28
12 44
12 140
12 268
13 5
13 9
13 45
13 269
14 6
14 10
14 15
14 78
14 142
14 270
15 13
15 79
16 18
16 20
16 48
17 16
17 19
17 25
17 49
18 26
18 146
19 18
19 51
19 147
19 275
20 21
20 28
20 52
20 148
20 276
21 17
21 23
21 149
22 6
22 18
22 20
22 54
22 86
23 7
23 19
23 22
24 8
24 16
24 25
24 26
24 88
24 152
25 27
25 57
25 89
25 281
26 58
26 90
26 154
26 282
27 11
27 19
27 26
27 31
28 24
28 29
28 30
28 60
28 92
28 284
29 13
29 21
29 25
29 61
30 14
30 22
30 26
30 62
30 158
30 286
31 15
31 23
31 29
31 30
31 63
31 95
31 287
32 33
32 36
32 40
32 160
32 288
33 161
34 32
34 35
34 50
35 3
35 33
35 43
35 99
35 163
35 291
36 4
36 44
36 292
37 5
37 33
37 36
37 39
37 53
37 101
38 6
38 34
38 36
38 39
38 46
38 166
38 294
39 7
39 35
39 55
39 167
39 295
40 8
40 41
40 44
40 56
40 296
41 9
41 33
41 45
41 105
42 10
42 34
42 40
42 170
42 298
43 11
43 41
43 42
43 107
43 171
43 299
44 46
44 172
45 37
45 44
45 47
45 109
45 173
46 14
46 42
46 62
46 302
47 15
47 39
47 43
47 46
48 32
48 49
48 50
48 52
48 56
48 112
48 176
48 304
49 33
49 51
49 113
49 305
50 18
50 51
50 54
50 114
50 178
50 306
51 35
51 55
51 59
51 115
51 179
52 36
52 53
52 60
52 116
52 180
53 21
53 49
53 117
53 309
54 38
54 52
54 55
54 62
54 118
54 182
54 310
55 23
55 53
55 183
56 24
56 58
56 60
57 41
57 49
57 56
57 59
57 61
57 313
58 42
58 50
58 59
58 314
59 27
59 43
59 123
60 44
60 188
60 316
61 45
61 53
61 60
61 189
62 58
62 60
62 126
62 190
63 47
63 55
63 59
63 61
63 62
63 319
64 0
64 66
64 68
64 80
64 192
65 64
65 97
65 193
66 2
66 67
66 74
66 82
66 194
67 3
67 65
67 75
67 99
67 195
68 69
68 70
68 76
68 84
68 324
69 65
69 77
70 6
70 66
70 71
70 86
70 326
71 67
71 69
71 103
72 64
72 76
72 88
72 328
73 9
73 65
73 72
73 75
73 77
73 105
73 329
74 72
74 202
75 74
75 107
76 12
76 78
76 108
77 13
77 76
77 79
77 93
77 333
78 70
78 74
78 110
78 206
79 71
79 75
79 78
80 16
80 82
80 112
81 17
81 65
81 80
81 85
81 113
81 337
82 18
82 83
82 86
82 90
82 114
82 210
82 338
83 19
83 67
83 81
83 87
83 91
84 20
84 80
84 92
84 116
84 340
85 21
85 69
85 84
85 87
85 213
85 341
86 84
86 87
86 94
86 214
86 342
87 23
87 71
87 215
88 80
88 89
88 90
88 92
88 120
88 344
89 73
89 81
89 121
89 345
90 74
90 91
90 218
90 346
91 27
91 75
91 89
91 123
91 219
91 347
92 76
92 124
92 220
92 348
93 29
93 85
93 89
93 92
93 221
94 30
94 78
94 90
94 92
94 95
94 126
94 222
95 79
95 87
95 91
95 93
96 32
96 64
96 97
96 98
96 100
96 112
97 33
97 101
97 105
97 113
97 225
98 34
98 66
98 99
98 102
98 106
98 226
99 97
99 107
99 115
99 227
99 355
100 36
100 68
100 102
100 116
100 228
100 356
101 69
101 100
101 117
102 38
102 70
102 103
102 230
102 358
103 39
103 99
103 101
103 111
103 119
103 359
104 40
104 72
104 96
104 105
104 106
104 120
105 121
105 233
106 42
106 74
106 107
106 110
106 122
107 105
107 235
108 44
108 100
108 104
108 110
108 236
109 77
109 101
109 105
109 108
109 237
109 365
110 46
110 102
110 111
110 238
110 366
111 47
111 79
111 107
111 109
111 367
112 113
112 240
112 368
113 121
114 98
114 112
114 115
114 118
114 122
115 83
115 113
115 243
115 371
116 112
116 118
116 124
116 244
117 85
117 113
117 116
117 119
117 125
117 245
117 373
118 86
118 102
118 119
118 126
118 246
118 374
119 55
119 87
119 115
119 247
120 56
120 112
120 248
121 57
121 120
121 125
121 249
121 377
122 58
122 90
122 120
122 250
122 378
123 107
123 115
123 121
123 122
123 379
124 60
124 108
124 120
124 125
124 380
125 61
125 93
125 109
125 381
126 110
126 122
126 124
126 254
126 382
127 63
127 95
127 111
127 119
127 123
127 125
127 126
127 383
128 132
128 136
128 144
128 192
129 1
129 128
129 131
129 145
129 161
129 385
130 2
130 128
130 131
130 134
131 3
131 135
131 147
131 163
132 133
132 148
132 164
132 388
133 5
133 129
133 135
133 197
134 6
134 132
134 198
134 390
135 134
135 151
135 199
136 8
136 138
136 140
137 129
137 136
137 139
137 141
137 153
137 393
138 10
138 130
138 170
138 202
139 11
139 131
139 138
139 203
140 132
140 142
140 204
141 13
141 133
141 140
142 134
142 138
142 206
142 398
143 15
143 135
143 139
143 141
143 142
143 159
143 207
144 16
144 148
144 400
145 17
145 144
145 147
145 149
146 130
146 144
146 150
146 402
147 146
147 179
147 211
147 403
148 150
148 156
148 180
148 212
148 404
149 133
149 148
149 157
149 213
149 405
150 22
150 134
150 151
150 158
150 182
151 23
151 147
151 149
151 159
151 183
152 136
152 144
152 153
152 154
152 156
152 408
153 25
153 145
153 157
154 138
154 146
155 27
155 139
155 147
155 153
155 154
155 411
156 28
156 140
156 157
156 158
156 188
156 412
157 29
157 141
157 413
158 142
158 154
158 159
158 222
158 414
159 31
159 155
159 157
159 223
160 128
160 161
160 164
160 224
161 163
161 177
161 225
162 34
162 130
162 160
162 166
162 178
162 226
162 418
163 162
163 167
163 171
163 179
164 36
164 165
164 180
165 37
165 133
165 161
165 173
165 181
166 134
166 164
166 422
167 135
167 165
167 166
167 175
167 231
168 40
168 136
168 160
168 170
168 232
168 424
169 41
169 137
169 161
169 168
169 171
169 173
169 185
170 162
170 171
170 174
171 139
171 175
171 187
172 140
172 164
172 168
172 236
172 428
173 141
173 172
173 189
173 429
174 46
174 142
174 166
174 172
174 175
175 47
175 143
175 173
175 431
176 144
176 160
176 184
176 240
176 432
177 49
177 145
177 176
177 181
177 185
177 433
178 146
178 176
178 186
178 242
179 177
179 178
179 243
180 176
180 181
180 244
180 436
181 53
181 149
181 189
181 245
182 166
182 178
182 180
182 246
182 438
183 167
183 179
183 181
183 182
183 439
184 56
184 152
184 168
184 186
184 248
185 57
185 153
185 184
185 187
185 441
186 58
186 154
186 170
186 187
186 190
187 59
187 155
187 179
188 172
188 180
188 184
188 189
188 190
189 157
189 185
189 191
189 253
190 158
190 174
190 182
191 63
191 159
191 175
191 183
191 187
191 190
192 200
192 208
193 129
193 192
193 195
193 209
193 225
194 130
194 192
194 198
194 202
194 226
195 131
195 194
195 203
195 227
196 68
196 132
196 192
196 204
197 69
197 193
197 196
198 70
198 196
198 454
199 71
199 195
199 197
199 198
199 215
199 231
200 72
200 136
200 204
200 232
200 456
201 73
201 137
201 193
201 200
201 205
201 217
201 457
202 200
202 203
202 218
203 75
203 201
204 76
204 220
204 236
205 77
205 141
205 197
205 204
205 207
206 198
206 202
206 204
206 207
206 222
207 79
207 199
207 203
207 223
207 239
208 80
208 144
208 209
208 212
209 81
209 145
209 211
209 213
209 217
209 241
209 465
210 146
210 194
210 208
210 214
210 218
210 466
211 83
211 195
211 210
211 215
211 219
211 243
212 84
212 196
212 213
212 220
212 244
212 468
213 197
213 215
213 245
213 469
214 150
214 198
214 212
214 215
214 246
215 151
216 88
216 152
216 200
216 208
216 248
216 472
217 89
217 153
217 216
217 249
217 473
218 154
218 216
218 219
218 250
218 474
219 155
219 203
219 217
219 475
220 156
220 216
221 157
221 205
221 213
221 217
221 220
221 253
221 477
222 214
222 218
222 220
222 223
222 254
223 95
223 215
223 219
223 221
224 96
224 192
224 228
224 232
224 480
225 224
225 227
225 233
225 241
225 481
226 224
226 227
226 230
226 234
226 482
227 163
227 231
227 243
228 164
228 196
228 229
228 236
228 244
228 484
229 101
229 165
229 197
229 225
229 245
229 485
230 166
230 198
230 228
230 246
231 103
231 229
231 230
231 239
231 247
232 104
232 236
232 248
233 169
233 201
233 232
233 235
233 237
233 249
234 106
234 170
234 202
234 232
234 235
234 238
234 490
235 171
235 203
235 227
235 239
235 251
235 491
236 237
236 252
237 173
237 205
237 229
237 239
237 253
238 174
238 206
238 230
238 236
238 254
239 111
239 175
239 238
239 255
240 208
240 224
240 242
240 496
241 113
241 177
241 240
241 245
241 249
241 497
242 114
242 210
242 226
242 243
242 250
243 241
243 247
244 240
244 500
245 244
245 247
245 501
246 242
246 244
246 247
246 254
246 502
247 183
247 215
248 240
248 249
248 250
248 252
249 185
249 251
250 186
250 234
250 251
250 254
251 123
251 187
251 219
251 243
251 255
252 124
252 188
252 220
252 244
252 253
252 254
252 508
253 125
253 245
253 249
253 255
253 509
254 190
254 255
255 127
255 191
255 223
255 247
256 257
256 258
256 288
256 320
257 259
257 261
257 265
257 273
257 385
258 2
258 259
258 274
258 322
259 267
259 387
260 4
260 256
260 261
260 276
260 292
260 388
261 263
261 269
261 277
262 258
262 260
262 270
263 7
263 259
263 262
263 279
263 327
264 8
264 256
264 268
264 328
264 392
265 9
265 264
265 267
265 269
265 329
266 10
266 258
266 264
266 270
266 298
266 330
267 266
267 283
267 299
267 331
267 395
268 260
268 270
268 300
269 268
269 271
269 285
269 301
269 397
270 398
271 15
271 263
271 267
271 270
271 287
271 303
271 335
272 16
272 256
272 274
272 276
272 280
272 336
273 17
273 272
273 275
273 277
273 281
273 305
274 18
274 275
274 278
274 306
274 338
274 402
275 259
275 279
275 307
275 339
276 277
276 278
276 284
276 340
276 404
277 21
277 279
277 285
277 309
277 341
278 22
278 262
278 342
279 23
279 278
279 287
279 311
280 24
280 264
280 282
280 312
280 344
281 265
281 280
281 283
281 285
281 313
281 345
281 409
282 266
282 274
282 346
282 410
283 27
283 275
283 282
283 287
284 268
284 280
284 316
284 412
285 29
285 284
285 349
285 413
286 270
286 278
286 282
286 284
286 350
287 285
287 286
287 351
288 292
288 296
288 304
289 33
289 257
289 288
289 305
289 417
290 34
290 258
290 288
290 298
290 306
290 354
290 418
291 259
291 289
291 290
291 299
291 307
292 293
292 300
293 37
293 261
293 289
294 262
294 290
294 292
294 295
294 302
294 310
294 358
295 263
295 291
295 293
295 303
295 359
296 264
296 297
296 298
296 300
296 360
297 41
297 265
297 289
297 299
297 301
297 361
298 299
298 362
298 426
299 303
299 315
299 427
300 44
300 301
300 316
300 364
301 45
301 293
301 303
302 270
302 298
302 300
302 303
302 366
302 430
303 47
304 272
304 308
304 432
305 304
305 307
305 313
305 369
306 304
306 307
307 51
307 371
307 435
308 52
308 276
308 292
308 309
308 372
308 436
309 293
309 305
309 311
309 317
309 373
310 278
310 306
310 308
310 311
310 438
311 55
311 295
311 307
311 319
311 375
312 56
312 296
312 304
312 313
312 314
312 316
312 376
312 440
313 297
313 377
314 282
314 298
314 306
314 318
314 378
315 59
315 283
315 307
315 313
315 314
315 319
315 443
316 308
316 317
317 61
317 285
317 301
317 313
317 319
318 62
318 286
318 302
318 310
318 316
318 319
319 287
319 303
320 64
320 322
320 328
320 352
321 65
321 257
321 320
321 323
321 329
321 337
321 353
322 66
322 330
322 354
323 67
323 259
323 322
323 355
324 260
324 320
324 325
324 332
324 340
325 69
325 261
325 321
325 453
326 262
326 322
326 324
326 327
326 358
326 454
327 71
327 323
327 325
327 343
328 330
329 328
329 331
329 345
329 457
330 74
330 362
330 458
331 75
331 323
331 330
331 335
331 347
331 363
332 76
332 268
332 328
332 333
332 334
332 460
333 269
333 325
333 329
333 349
333 365
333 461
334 78
334 270
334 326
334 330
334 335
334 462
335 79
335 327
335 333
335 351
335 367
336 80
336 320
336 338
336 340
336 344
336 368
337 273
337 336
337 341
337 369
337 465
338 322
338 339
338 342
338 346
338 370
339 83
339 323
339 337
339 371
339 467
340 348
340 372
340 468
341 325
341 340
341 343
341 349
341 469
342 326
342 340
342 350
342 374
342 470
343 87
343 279
343 339
343 342
344 328
344 345
344 376
344 472
345 337
345 347
345 473
346 330
346 344
346 378
346 474
347 283
347 339
347 346
347 379
347 475
348 284
348 332
348 344
348 349
348 350
348 380
348 476
349 93
349 345
350 94
350 334
350 346
350 478
351 95
351 343
351 347
351 349
351 350
351 383
351 479
352 96
352 288
352 353
352 354
352 360
352 368
353 97
353 289
353 361
353 481
354 98
354 358
354 362
354 482
355 291
355 353
355 354
355 359
355 371
355 483
356 292
356 324
356 352
356 357
356 358
356 484
357 101
357 293
357 325
357 353
357 359
357 373
358 359
358 366
358 374
359 327
359 375
360 104
360 328
360 361
360 362
360 376
361 105
361 329
361 365
362 106
362 366
362 490
363 107
363 299
363 355
363 361
363 362
363 367
363 491
364 108
364 332
364 356
364 360
364 380
365 301
365 357
365 364
365 381
365 493
366 334
366 364
366 367
367 303
367 359
367 365
367 495
368 304
368 369
368 496
369 113
369 353
369 373
369 377
369 497
370 114
370 306
370 354
370 368
371 369
371 370
371 375
372 116
372 356
372 368
372 373
372 374
373 341
374 310
374 370
375 119
375 343
375 373
375 374
375 503
376 120
376 368
376 380
376 504
377 345
377 361
377 376
377 379
377 381
377 505
378 362
378 370
378 376
379 315
379 363
379 371
379 378
379 383
380 316
380 372
380 381
380 382
380 508
381 317
381 349
381 373
381 383
381 509
382 318
382 350
382 366
382 374
382 378
383 319
383 367
383 375
383 382
384 128
384 256
384 385
384 386
385 393
385 401
386 130
386 258
386 394
386 450
387 131
387 385
387 386
387 395
387 403
387 419
388 384
388 404
388 420
388 452
389 133
389 261
389 385
389 388
389 391
389 397
390 262
390 386
390 388
390 391
390 406
391 135
391 263
391 387
392 136
392 384
392 394
392 408
392 456
393 265
393 392
393 425
393 457
394 138
394 266
394 398
394 426
395 139
395 393
395 394
395 427
396 140
396 268
396 388
396 392
396 412
396 428
396 460
397 141
397 393
397 396
397 399
397 413
397 429
398 390
398 396
398 399
398 414
398 430
399 143
399 271
399 391
399 395
399 415
399 431
399 463
400 272
400 384
400 401
400 404
400 408
401 145
401 273
402 386
402 400
402 403
402 406
402 466
403 275
403 401
403 407
403 411
403 435
403 467
404 405
404 406
405 277
405 389
405 401
405 413
405 469
406 150
406 278
406 407
406 438
407 151
407 279
407 391
407 405
407 439
408 280
408 409
408 410
408 412
408 472
409 153
409 393
409 401
409 411
410 154
410 394
410 402
410 411
411 283
411 395
411 475
412 404
412 413
412 414
412 444
413 409
413 415
413 445
414 286
414 406
414 410
414 415
414 446
415 159
415 287
415 407
415 411
415 479
416 160
416 288
416 384
416 418
416 480
417 161
417 385
417 416
417 419
417 433
418 386
418 426
418 434
418 482
419 163
419 291
419 418
419 427
419 483
420 164
420 292
420 416
420 421
420 422
420 436
421 165
421 293
421 389
421 417
421 437
422 294
422 390
422 418
422 423
422 430
423 167
423 295
423 391
423 419
423 421
423 431
423 439
424 296
424 392
424 416
424 426
424 428
424 440
424 488
425 169
425 297
425 417
425 424
425 427
426 170
426 427
426 442
427 171
427 443
427 491
428 300
428 420
428 429
428 492
429 301
429 421
429 425
429 431
429 445
430 174
430 426
430 428
430 431
430 494
431 303
431 427
431 495
432 400
432 416
433 305
433 401
433 432
433 437
433 497
434 178
434 306
434 402
434 432
434 442
435 179
435 419
435 433
435 434
435 499
436 404
436 432
436 437
436 444
436 500
437 181
437 309
437 405
437 439
437 445
438 422
438 434
438 436
438 502
439 311
439 435
439 438
439 447
440 184
440 408
440 432
441 313
441 409
441 425
441 433
441 440
441 505
442 186
442 314
442 410
442 440
442 443
442 446
443 187
443 411
443 435
443 441
444 188
444 316
444 428
444 440
444 445
444 446
444 508
445 189
445 317
445 441
445 509
446 190
446 318
446 430
446 438
446 510
447 191
447 319
447 415
447 431
447 443
447 445
447 446
448 192
448 320
448 384
448 450
448 452
448 456
448 480
449 193
449 321
449 385
449 448
449 451
449 465
450 194
450 322
450 451
451 195
451 323
451 387
451 459
451 467
452 196
452 324
452 454
452 460
452 468
453 197
453 389
453 449
453 452
453 469
453 485
454 390
454 450
454 455
454 462
454 470
455 199
455 327
455 391
455 451
455 453
455 487
456 328
456 457
456 472
456 488
457 449
457 459
457 461
457 489
458 202
458 394
458 450
458 456
458 462
458 490
459 203
459 331
459 395
459 458
459 463
460 204
460 456
460 461
460 476
461 205
461 397
461 453
462 206
462 398
462 460
462 463
462 494
463 207
463 335
463 455
463 461
463 495
464 208
464 336
464 400
464 448
464 465
464 466
464 472
464 496
465 401
465 469
465 473
465 497
466 338
466 450
466 474
466 498
467 211
467 465
467 466
467 499
468 404
468 464
468 469
468 500
469 477
470 214
470 406
470 466
470 468
470 471
470 478
470 502
471 215
471 343
471 407
471 455
471 467
471 469
472 473
472 474
472 476
473 409
473 457
473 475
473 477
474 410
474 458
474 478
474 506
475 459
475 467
475 474
476 220
476 412
476 468
476 478
476 508
477 349
477 413
477 461
477 476
478 222
478 414
478 462
478 510
479 223
479 463
479 471
479 475
479 477
479 478
479 511
480 352
480 481
480 488
480 496
481 417
481 449
481 497
482 450
482 480
482 490
483 227
483 451
483 481
483 482
483 491
483 499
484 420
484 452
484 480
484 486
484 500
485 357
485 421
485 481
485 484
485 487
486 230
486 358
486 422
486 454
486 482
486 487
486 494
486 502
487 231
487 359
487 423
487 483
487 503
488 232
488 360
489 233
489 361
489 425
489 481
489 488
489 491
489 493
489 505
490 426
490 488
490 491
490 494
490 506
491 459
492 236
492 364
492 460
492 484
492 488
492 508
493 237
493 429
493 461
493 485
493 492
493 495
493 509
494 238
494 366
494 492
494 510
495 239
495 487
495 491
495 494
495 511
496 432
496 498
496 500
497 496
497 499
497 501
498 242
498 370
498 434
498 482
498 502
498 506
499 243
499 371
499 498
499 507
500 372
500 502
500 508
501 373
501 437
501 469
501 485
501 500
501 509
502 374
502 503
502 510
503 247
503 439
503 471
503 499
503 501
504 248
504 440
504 472
504 488
504 496
504 508
505 249
505 473
505 497
505 504
505 509
506 250
506 378
506 442
506 504
506 507
507 251
507 379
507 443
507 475
507 491
507 505
507 511
508 510
509 477
509 508
510 254
510 382
510 506
511 255
511 383
511 447
511 503
511 509
511 510
0 3 5 6 9 10 12 15 17 18 20 23 24 27 29 30 33 34 36 39 40 43 45 46 48 51 53 54 57 58 60 63 65 66 68 71 72 75 77 78 80 83 85 86 89 90 92 95 96 99 101 102 105 106 108 111 113 114 116 119 120 123 125 126 129 130 132 135 136 139 141 142 144 147 149 150 153 154 156 159 160 163 165 166 169 170 172 175 177 178 180 183 184 187 189 190 192 195 197 198 201 202 204 207 209 210 212 215 216 219 221 222 225 226 228 231 232 235 237 238 240 243 245 246 249 250 252 255 257 258 260 263 264 267 269 270 272 275 277 278 281 282 284 287 288 291 293 294 297 298 300 303 305 306 308 311 312 315 317 318 320 323 325 326 329 330 332 335 337 338 340 343 344 347 349 350 353 354 356 359 360 363 365 366 368 371 373 374 377 378 380 383 384 387 389 390 393 394 396 399 401 402 404 407 408 411 413 414 417 418 420 423 424 427 429 430 432 435 437 438 441 442 444 447 449 450 452 455 456 459 461 462 464 467 469 470 473 474 476 479 480 483 485 486 489 490 492 495 497 498 500 503 504 507 509 510
