160 520 24
0 5
0 19
0 31
0 114
0 115
0 145
0 159
1 110
1 142
2 75
2 124
2 151
3 149
4 26
4 76
4 117
5 0
5 8
5 62
5 63
5 64
5 69
5 87
5 151
6 33
6 106
6 156
7 13
7 81
8 107
8 116
8 153
9 30
9 34
9 123
10 41
10 58
10 100
10 102
11 21
11 60
11 74
12 45
12 54
12 118
12 126
12 143
12 158
13 62
13 103
13 114
14 19
14 56
15 21
15 71
16 36
16 119
17 34
17 62
17 86
17 117
17 124
17 150
18 90
19 0
19 14
19 34
19 51
19 62
19 84
19 85
19 103
19 114
19 121
19 136
20 74
21 11
21 15
21 77
22 42
22 125
22 129
22 135
23 31
23 79
23 143
23 149
24 45
24 50
24 61
25 83
25 90
26 11
26 33
26 76
26 132
27 19
27 65
28 36
28 68
28 87
28 100
28 129
29 100
29 104
29 111
29 151
30 9
31 23
31 38
31 53
31 71
31 82
32 31
32 34
32 55
33 6
33 26
33 56
33 94
33 106
34 9
34 17
34 19
34 28
34 32
34 113
35 108
35 135
36 16
36 28
36 43
36 61
36 79
36 154
37 60
37 132
38 31
38 47
38 63
38 64
38 133
38 138
38 155
39 42
39 128
39 148
40 1
40 55
40 156
41 77
41 108
42 39
42 62
42 69
43 36
43 55
43 70
43 82
43 131
44 71
44 83
47 55
47 84
47 155
47 157
48 136
49 52
49 84
49 142
50 24
50 93
50 112
50 135
51 19
51 111
52 49
53 31
53 57
53 66
53 97
53 123
54 12
54 55
54 96
54 124
55 5
55 19
55 32
55 43
55 47
55 63
55 82
55 113
56 14
56 33
56 124
57 53
58 10
58 100
58 158
59 79
59 105
59 120
60 37
60 69
60 110
60 114
61 36
61 70
62 5
62 13
62 19
62 63
62 150
62 152
63 5
63 38
63 55
63 61
63 62
63 154
64 38
64 46
64 134
64 148
65 20
65 27
65 149
65 152
66 53
66 126
67 11
67 48
67 60
67 76
67 144
68 28
68 105
69 5
69 39
69 60
69 73
69 90
69 107
69 123
69 133
70 43
70 61
70 84
70 131
71 31
71 123
71 142
73 69
73 115
73 119
74 11
74 20
74 98
75 2
75 59
75 126
76 26
76 67
76 142
77 24
77 41
77 138
77 146
78 27
78 76
78 95
79 23
79 36
79 59
79 118
79 133
81 7
81 99
81 147
82 31
82 43
82 55
83 25
83 93
83 108
83 113
83 124
84 10
84 19
84 47
84 49
84 70
85 19
85 113
86 17
87 26
87 28
87 99
87 135
88 90
88 155
89 101
89 144
90 7
90 18
90 25
90 69
90 88
90 148
91 135
91 155
92 155
92 159
93 50
93 83
93 111
93 118
93 158
94 33
94 50
94 132
94 144
95 78
95 114
96 54
96 126
96 137
97 53
98 74
98 80
98 86
99 5
99 81
100 10
100 29
100 58
100 145
101 60
101 90
101 147
102 10
102 19
102 59
102 118
102 134
103 19
103 127
104 29
104 30
105 16
105 59
105 68
106 6
106 33
107 8
107 69
108 41
108 83
109 44
109 126
109 142
110 1
110 60
110 120
110 133
110 158
111 29
111 93
112 50
112 98
113 34
113 55
113 83
114 0
114 13
114 19
114 60
114 95
114 127
115 0
115 72
115 73
115 134
116 8
116 11
116 148
117 4
117 17
118 93
118 102
119 16
119 73
119 82
119 141
120 110
120 116
121 53
121 130
122 16
123 9
123 53
123 71
123 130
124 54
124 83
124 128
125 155
126 66
126 75
126 96
126 109
126 144
126 154
126 156
127 103
127 128
128 39
128 124
128 127
128 140
129 22
129 158
130 93
130 109
130 121
130 123
130 135
130 144
131 43
131 70
131 151
132 26
132 37
132 94
132 156
133 79
133 122
134 64
134 102
134 115
135 22
135 50
135 68
135 87
135 91
135 130
136 19
136 48
136 119
137 155
138 38
138 77
139 138
139 158
140 58
140 128
141 76
141 119
141 128
142 1
142 49
142 76
142 109
143 12
143 23
143 85
143 115
144 67
144 89
144 94
144 126
145 0
145 100
146 77
147 42
147 81
148 14
148 39
148 64
148 90
148 111
148 116
148 144
149 3
149 23
149 63
149 65
149 76
150 17
150 62
151 2
151 5
151 33
151 120
151 131
152 62
152 65
153 8
153 117
154 63
154 66
154 126
155 47
155 88
155 92
155 125
156 6
156 126
157 47
157 67
158 12
158 93
158 110
158 129
158 139
159 0
159 90
159 92
0 1 2 3 4 5 6 7 8 9 10 11 12 13 14 15 16 17 18 19 20 21 22 23
