160 2544 12
0 17
0 29
0 46
0 47
0 51
0 70
0 85
0 86
0 92
0 95
0 104
0 105
0 108
0 115
0 120
0 123
1 2
1 3
1 12
1 21
1 27
1 40
1 50
1 56
1 70
1 79
1 86
1 91
1 99
1 111
1 114
2 8
2 23
2 24
2 26
2 35
2 36
2 52
2 55
2 58
2 63
2 70
2 109
2 117
2 123
2 130
2 140
2 158
3 2
3 5
3 8
3 17
3 21
3 32
3 56
3 83
3 88
3 105
3 112
3 127
3 149
3 158
4 0
4 1
4 3
4 5
4 12
4 20
4 21
4 28
4 31
4 36
4 59
4 66
4 69
4 72
4 85
4 86
4 92
4 110
4 122
4 124
4 128
4 129
4 133
4 143
4 151
4 152
5 1
5 15
5 21
5 47
5 57
5 61
5 66
5 79
5 80
5 92
5 101
5 103
5 105
5 123
5 124
5 133
5 139
5 150
5 154
5 158
6 5
6 11
6 17
6 30
6 52
6 83
6 86
6 112
6 134
6 144
6 146
6 150
7 3
7 15
7 19
7 21
7 37
7 52
7 111
7 135
7 143
7 146
7 149
7 153
8 12
8 22
8 35
8 38
8 41
8 46
8 48
8 68
8 89
8 100
8 106
8 107
8 114
8 119
8 130
8 139
8 147
8 150
9 20
9 32
9 43
9 46
9 47
9 54
9 60
9 81
9 89
9 90
9 95
9 101
9 141
9 145
9 158
9 159
10 5
10 6
10 9
10 17
10 19
10 29
10 37
10 49
10 55
10 62
10 73
10 93
10 94
10 103
10 107
10 127
10 132
10 139
10 148
10 153
11 4
11 8
11 40
11 44
11 51
11 63
11 71
11 72
11 76
11 77
11 84
11 98
11 102
11 103
11 115
11 117
11 118
11 132
11 133
11 150
12 5
12 62
12 89
12 110
12 142
12 151
12 153
13 3
13 23
13 42
13 60
13 73
13 90
13 95
13 108
13 116
13 121
13 125
13 128
14 9
14 11
14 15
14 34
14 45
14 50
14 59
14 61
14 65
14 71
14 78
14 85
14 86
14 89
14 106
14 107
14 114
14 126
14 151
14 153
14 154
14 156
15 9
15 36
15 74
15 78
15 95
15 112
15 120
15 136
16 4
16 11
16 15
16 19
16 32
16 51
16 68
16 76
16 86
16 104
16 112
16 115
16 121
16 126
16 131
16 154
17 1
17 22
17 32
17 39
17 51
17 52
17 53
17 65
17 70
17 75
17 79
17 86
17 100
17 123
17 127
17 128
17 129
17 142
17 147
18 9
18 37
18 41
18 42
18 50
18 68
18 103
18 117
18 122
18 123
18 124
18 142
19 9
19 12
19 26
19 31
19 32
19 42
19 51
19 75
19 92
19 98
19 102
19 105
19 106
19 121
19 133
19 142
19 150
20 6
20 7
20 12
20 25
20 29
20 55
20 57
20 61
20 88
20 93
20 100
20 110
20 111
20 118
20 119
20 125
20 150
21 17
21 41
21 42
21 43
21 45
21 51
21 54
21 77
21 89
21 121
21 155
22 3
22 6
22 24
22 26
22 57
22 69
22 92
22 95
22 102
22 111
22 136
22 141
22 156
23 4
23 10
23 16
23 20
23 26
23 35
23 42
23 68
23 71
23 86
23 102
23 115
23 140
23 155
24 9
24 14
24 31
24 42
24 48
24 64
24 67
24 72
24 73
24 75
24 88
24 95
24 99
24 101
24 103
24 106
24 118
24 120
24 135
25 2
25 19
25 65
25 69
25 83
25 92
25 93
25 96
25 103
25 113
25 116
25 118
25 151
26 11
26 14
26 18
26 21
26 34
26 71
26 79
26 81
26 106
26 121
26 138
26 145
26 146
27 11
27 20
27 22
27 23
27 29
27 37
27 46
27 47
27 57
27 77
27 81
27 106
27 118
27 139
27 146
28 6
28 8
28 9
28 12
28 26
28 27
28 29
28 30
28 45
28 48
28 52
28 58
28 70
28 83
28 85
28 96
28 115
28 116
28 117
28 124
28 138
28 154
29 9
29 31
29 32
29 47
29 50
29 51
29 60
29 61
29 73
29 75
29 78
29 79
29 83
29 97
29 107
29 136
29 139
29 141
29 147
29 153
30 14
30 33
30 44
30 54
30 64
30 83
30 88
30 93
30 96
30 97
30 110
30 112
30 125
31 1
31 8
31 14
31 41
31 51
31 61
31 80
31 84
31 102
31 109
31 110
31 126
31 131
31 133
31 139
32 11
32 12
32 22
32 34
32 36
32 39
32 46
32 69
32 93
32 104
32 134
32 142
33 1
33 2
33 11
33 32
33 66
33 85
33 100
33 104
33 107
33 136
33 157
34 20
34 27
34 35
34 47
34 50
34 58
34 61
34 72
34 83
34 84
34 130
34 135
35 0
35 9
35 12
35 13
35 15
35 20
35 38
35 41
35 48
35 56
35 60
35 63
35 64
35 68
35 74
35 84
35 109
35 115
35 129
35 147
36 5
36 10
36 11
36 14
36 16
36 29
36 30
36 38
36 44
36 53
36 56
36 63
36 65
36 72
36 82
36 86
36 88
36 93
36 106
36 126
36 149
37 14
37 22
37 28
37 30
37 31
37 32
37 42
37 47
37 48
37 66
37 89
37 98
37 103
37 114
37 122
37 126
37 136
37 141
37 154
38 7
38 16
38 17
38 19
38 24
38 28
38 51
38 58
38 59
38 60
38 62
38 74
38 77
38 84
38 93
38 102
38 104
38 108
38 118
38 120
38 121
38 123
38 136
38 137
38 159
39 8
39 16
39 23
39 34
39 47
39 51
39 57
39 63
39 75
39 106
39 153
40 14
40 30
40 66
40 69
40 76
40 82
40 92
40 93
40 112
40 130
40 134
41 6
41 29
41 43
41 49
41 56
41 57
41 81
41 87
41 89
41 113
41 117
41 121
41 126
41 150
42 1
42 12
42 20
42 36
42 38
42 67
42 69
42 94
42 105
42 130
42 135
42 143
43 8
43 10
43 53
43 81
43 84
43 104
43 122
43 145
43 154
43 155
44 10
44 15
44 25
44 38
44 55
44 56
44 118
44 122
44 145
45 4
45 12
45 13
45 17
45 22
45 23
45 26
45 30
45 34
45 42
45 44
45 46
45 47
45 48
45 62
45 64
45 67
45 87
45 91
45 99
45 101
45 103
45 121
45 139
45 146
45 147
46 6
46 14
46 21
46 26
46 35
46 41
46 57
46 58
46 64
46 84
46 87
46 94
46 101
46 113
46 116
46 117
46 118
46 125
46 129
46 134
46 143
46 145
46 147
47 11
47 14
47 20
47 23
47 41
47 43
47 58
47 60
47 69
47 80
47 96
47 101
47 108
47 110
47 124
47 135
47 148
47 152
47 154
48 1
48 19
48 20
48 21
48 23
48 30
48 46
48 50
48 53
48 54
48 55
48 81
48 83
48 96
48 105
48 139
48 145
48 150
49 4
49 11
49 28
49 40
49 51
49 57
49 80
49 89
49 104
49 113
49 116
49 124
49 129
49 134
49 140
49 146
49 150
49 155
50 3
50 19
50 43
50 47
50 54
50 63
50 81
50 85
50 88
50 99
50 104
50 113
50 122
50 128
50 134
50 146
50 155
51 1
51 9
51 20
51 25
51 61
51 66
51 103
51 104
51 109
51 121
51 123
51 127
51 128
51 142
51 144
51 150
52 16
52 18
52 20
52 29
52 39
52 50
52 54
52 60
52 62
52 66
52 77
52 86
52 109
52 123
52 131
52 137
52 153
53 23
53 26
53 28
53 34
53 47
53 58
53 91
53 98
53 99
53 105
53 108
53 115
53 120
53 132
54 4
54 19
54 20
54 23
54 64
54 84
54 89
54 111
54 141
54 151
54 158
55 7
55 8
55 13
55 18
55 37
55 88
55 104
55 107
55 112
55 118
55 127
55 138
55 151
55 152
56 0
56 5
56 8
56 21
56 22
56 48
56 55
56 77
56 81
56 82
56 84
56 96
56 110
56 124
56 134
56 151
57 3
57 6
57 8
57 33
57 90
57 92
57 96
57 100
57 102
57 122
57 128
57 132
57 156
57 158
58 10
58 12
58 33
58 41
58 43
58 54
58 55
58 56
58 63
58 64
58 68
58 75
58 103
58 107
58 110
58 111
58 125
58 132
58 141
58 150
58 159
59 3
59 11
59 20
59 22
59 30
59 35
59 52
59 54
59 58
59 65
59 67
59 78
59 89
59 95
59 103
59 104
59 109
59 118
59 134
59 137
59 156
60 6
60 30
60 33
60 44
60 66
60 70
60 85
60 86
60 89
60 93
60 97
60 107
60 113
60 124
60 129
60 133
60 140
60 156
61 6
61 8
61 13
61 18
61 40
61 52
61 56
61 62
61 63
61 73
61 78
61 84
61 89
61 96
61 101
61 112
61 117
61 123
61 124
61 127
61 142
61 152
62 2
62 22
62 23
62 29
62 31
62 57
62 58
62 63
62 66
62 93
62 95
62 99
62 103
62 113
62 117
62 120
62 124
62 126
63 12
63 23
63 33
63 34
63 48
63 52
63 55
63 73
63 93
63 104
63 107
63 113
63 115
63 117
63 135
63 139
63 144
63 148
64 17
64 19
64 42
64 43
64 51
64 105
64 106
64 107
64 110
64 143
64 159
65 13
65 20
65 21
65 24
65 30
65 42
65 45
65 57
65 58
65 67
65 73
65 92
65 93
65 112
65 115
65 122
65 124
65 145
65 146
65 149
66 1
66 7
66 8
66 9
66 13
66 45
66 53
66 54
66 59
66 63
66 65
66 71
66 76
66 78
66 98
66 105
66 111
66 128
66 131
66 136
66 138
66 142
66 150
66 155
67 3
67 9
67 27
67 28
67 32
67 48
67 54
67 61
67 74
67 75
67 77
67 94
67 97
67 105
67 107
67 109
67 119
67 135
67 141
67 145
68 4
68 24
68 30
68 34
68 54
68 60
68 66
68 87
68 113
68 139
68 141
68 145
69 0
69 2
69 8
69 19
69 21
69 23
69 34
69 49
69 54
69 62
69 76
69 87
69 98
69 101
69 115
69 118
69 123
69 130
69 137
69 149
70 5
70 14
70 49
70 50
70 68
70 77
70 80
70 87
70 92
70 100
70 104
70 108
70 119
70 137
70 142
70 151
70 154
71 1
71 8
71 15
71 22
71 50
71 60
71 67
71 74
71 78
71 83
71 87
71 96
71 115
71 119
71 135
71 139
71 140
71 153
71 154
71 156
72 2
72 21
72 23
72 42
72 48
72 49
72 53
72 58
72 61
72 70
72 74
72 99
72 103
72 112
72 115
72 116
72 127
72 129
72 133
73 18
73 19
73 20
73 21
73 25
73 26
73 33
73 38
73 42
73 49
73 50
73 82
73 83
73 106
73 115
73 120
73 121
73 131
73 145
73 146
74 6
74 7
74 33
74 43
74 47
74 51
74 53
74 57
74 66
74 79
74 88
74 123
74 125
74 129
74 135
74 136
74 152
74 159
75 5
75 44
75 46
75 50
75 61
75 73
75 84
75 94
75 95
75 113
75 135
75 140
75 143
76 1
76 2
76 6
76 13
76 27
76 30
76 33
76 42
76 75
76 77
76 85
76 92
76 104
76 114
76 155
76 157
77 5
77 9
77 53
77 60
77 71
77 94
77 95
77 99
77 104
77 106
77 108
77 118
77 131
77 142
77 145
78 1
78 2
78 8
78 16
78 23
78 32
78 41
78 57
78 67
78 93
78 110
78 116
78 117
78 123
78 124
78 147
78 152
78 154
78 158
79 2
79 14
79 22
79 24
79 56
79 81
79 99
79 111
79 113
79 117
79 135
79 137
79 146
79 157
80 11
80 15
80 16
80 21
80 28
80 39
80 41
80 50
80 53
80 58
80 65
80 130
80 144
80 149
80 151
80 155
81 0
81 7
81 17
81 42
81 46
81 62
81 71
81 95
81 102
81 105
81 110
81 112
81 114
81 120
81 127
81 128
81 140
81 144
81 147
81 149
81 152
82 1
82 10
82 11
82 20
82 33
82 46
82 52
82 55
82 66
82 76
82 77
82 87
82 92
82 99
82 100
82 105
82 110
82 125
82 157
83 16
83 20
83 56
83 66
83 86
83 102
83 110
83 119
83 130
83 132
84 8
84 15
84 17
84 21
84 72
84 73
84 100
84 107
84 108
84 116
84 121
84 128
84 150
84 157
85 6
85 30
85 42
85 43
85 44
85 51
85 54
85 56
85 58
85 66
85 78
85 83
85 89
85 94
85 100
85 102
85 107
85 139
85 155
86 7
86 46
86 72
86 78
86 101
86 105
86 132
86 137
86 145
86 154
87 19
87 34
87 53
87 58
87 59
87 79
87 113
87 117
87 120
87 135
87 151
87 155
88 13
88 16
88 38
88 42
88 46
88 57
88 59
88 62
88 92
88 98
88 105
88 109
88 112
88 117
88 126
88 128
88 129
88 135
88 139
88 143
88 145
88 148
89 2
89 6
89 7
89 13
89 29
89 30
89 36
89 48
89 63
89 75
89 77
89 91
89 92
89 103
89 104
89 120
89 123
89 125
89 145
90 4
90 5
90 6
90 37
90 38
90 45
90 46
90 65
90 73
90 83
90 86
90 95
90 115
90 116
90 121
90 137
90 145
90 148
91 13
91 15
91 40
91 42
91 43
91 54
91 67
91 70
91 79
91 81
91 82
91 96
91 98
91 102
91 103
91 132
91 136
91 138
91 140
92 8
92 14
92 16
92 24
92 27
92 29
92 32
92 52
92 54
92 60
92 64
92 75
92 90
92 95
92 96
92 98
92 102
92 106
92 108
92 119
92 122
92 126
92 127
92 129
92 133
92 145
92 149
93 4
93 13
93 18
93 57
93 59
93 80
93 87
93 99
93 100
93 113
93 136
93 138
93 139
93 144
93 145
93 153
94 6
94 52
94 61
94 65
94 72
94 124
94 125
94 130
94 138
94 143
94 150
94 153
94 159
95 41
95 57
95 69
95 83
95 86
95 89
95 105
95 113
95 117
95 132
95 141
95 152
95 157
96 2
96 11
96 18
96 66
96 67
96 74
96 86
96 109
96 111
96 133
96 137
96 139
96 143
96 145
96 147
96 154
97 4
97 9
97 17
97 21
97 36
97 78
97 88
97 89
97 92
97 100
97 126
97 133
97 138
97 153
98 7
98 17
98 18
98 20
98 34
98 48
98 78
98 81
98 86
98 96
98 113
98 114
98 121
98 137
98 138
99 2
99 5
99 18
99 29
99 33
99 40
99 43
99 49
99 58
99 76
99 96
99 104
99 123
99 126
99 128
99 135
99 137
99 149
99 156
100 2
100 5
100 27
100 43
100 49
100 50
100 71
100 78
100 91
100 95
100 96
100 101
100 107
100 108
100 126
100 133
100 139
100 140
100 150
101 11
101 18
101 19
101 26
101 37
101 64
101 76
101 77
101 104
101 106
101 126
101 152
102 26
102 29
102 48
102 60
102 72
102 78
102 99
102 104
102 105
102 132
102 135
102 139
102 142
102 155
103 6
103 19
103 31
103 44
103 55
103 70
103 75
103 77
103 83
103 97
103 130
103 154
103 155
104 3
104 4
104 11
104 13
104 19
104 25
104 27
104 30
104 39
104 57
104 62
104 72
104 75
104 81
104 107
104 110
104 114
104 118
104 119
104 131
104 146
104 150
105 20
105 36
105 62
105 74
105 119
105 120
105 121
105 127
105 129
105 137
105 140
105 145
105 156
105 158
106 9
106 18
106 22
106 56
106 83
106 112
106 127
106 135
106 148
106 153
107 1
107 41
107 44
107 78
107 88
107 91
107 93
107 101
107 118
107 130
107 134
107 141
107 145
107 146
108 4
108 11
108 12
108 15
108 17
108 33
108 41
108 43
108 52
108 58
108 64
108 69
108 72
108 105
108 119
108 124
108 145
108 147
108 154
109 20
109 21
109 22
109 26
109 34
109 37
109 46
109 64
109 78
109 79
109 103
109 113
109 119
109 124
109 131
109 138
109 144
109 159
110 2
110 6
110 23
110 34
110 40
110 49
110 53
110 84
110 85
110 87
110 94
110 128
110 130
110 135
110 139
110 146
111 6
111 10
111 11
111 26
111 32
111 42
111 52
111 99
111 132
111 138
111 140
111 145
112 0
112 8
112 18
112 29
112 45
112 47
112 52
112 73
112 93
112 125
112 158
113 2
113 24
113 33
113 52
113 64
113 80
113 83
113 85
113 97
113 99
113 103
113 114
113 127
113 153
113 159
114 2
114 3
114 10
114 58
114 65
114 66
114 72
114 74
114 77
114 82
114 85
114 90
114 91
114 102
114 112
114 119
114 124
114 129
114 130
114 138
114 149
114 152
115 7
115 31
115 38
115 42
115 43
115 49
115 77
115 85
115 86
115 98
115 99
115 102
115 111
115 112
115 123
115 124
115 157
116 14
116 18
116 24
116 31
116 34
116 37
116 40
116 81
116 99
116 100
116 124
116 133
116 151
117 7
117 21
117 29
117 35
117 51
117 66
117 69
117 77
117 82
117 83
117 86
117 103
117 126
117 145
117 146
117 151
118 0
118 16
118 21
118 29
118 43
118 50
118 70
118 75
118 86
118 99
118 102
118 103
118 115
118 117
118 125
118 129
118 131
118 150
118 158
119 22
119 26
119 30
119 37
119 44
119 45
119 49
119 54
119 55
119 58
119 69
119 72
119 73
119 75
119 98
119 100
119 101
119 112
119 136
120 16
120 54
120 60
120 102
120 115
120 124
120 134
120 138
120 139
120 144
120 150
121 0
121 3
121 18
121 37
121 43
121 47
121 57
121 62
121 81
121 82
121 93
121 111
121 118
121 119
121 126
121 138
121 149
121 157
122 7
122 23
122 39
122 46
122 87
122 96
122 106
122 113
122 124
122 133
122 134
123 6
123 8
123 22
123 48
123 49
123 55
123 60
123 70
123 72
123 79
123 93
123 94
123 112
123 126
123 130
123 143
124 0
124 11
124 12
124 45
124 48
124 80
124 87
124 92
124 123
124 127
124 137
124 139
124 140
125 14
125 16
125 32
125 41
125 45
125 55
125 57
125 65
125 83
125 97
125 108
125 117
125 124
125 126
125 128
125 141
125 150
126 3
126 18
126 25
126 50
126 67
126 72
126 77
126 81
126 86
126 110
126 118
126 130
126 148
126 157
127 4
127 11
127 14
127 19
127 20
127 39
127 45
127 53
127 63
127 69
127 82
127 93
127 119
127 121
127 150
128 6
128 10
128 21
128 22
128 40
128 53
128 58
128 63
128 70
128 86
128 95
128 100
128 114
128 115
128 126
129 7
129 27
129 64
129 76
129 96
129 97
129 100
129 104
129 113
129 131
129 134
129 146
129 147
130 3
130 18
130 43
130 46
130 70
130 72
130 74
130 86
130 87
130 104
130 105
130 120
130 121
130 138
130 140
130 143
130 152
130 154
131 4
131 9
131 13
131 14
131 30
131 40
131 53
131 54
131 59
131 61
131 76
131 88
131 89
131 90
131 94
131 114
131 126
131 138
131 143
131 152
132 0
132 9
132 23
132 38
132 61
132 75
132 90
132 128
132 131
132 144
132 148
133 1
133 6
133 9
133 22
133 32
133 44
133 48
133 64
133 84
133 85
133 109
133 114
133 132
133 135
134 4
134 7
134 27
134 44
134 54
134 68
134 84
134 94
134 95
134 96
134 103
134 124
135 31
135 54
135 57
135 60
135 70
135 72
135 80
135 86
135 90
135 94
135 108
135 111
135 114
135 119
135 123
135 127
135 131
135 132
135 142
135 143
135 144
135 153
136 0
136 2
136 19
136 30
136 60
136 63
136 68
136 90
136 101
136 104
136 107
136 109
136 118
136 129
136 157
137 8
137 10
137 19
137 35
137 50
137 61
137 65
137 122
137 126
137 127
138 13
138 18
138 27
138 32
138 34
138 37
138 42
138 44
138 61
138 92
138 113
138 126
138 128
138 139
138 143
138 147
138 151
138 152
139 13
139 21
139 23
139 25
139 49
139 51
139 62
139 67
139 80
139 87
139 109
139 112
139 113
139 127
139 147
139 156
140 17
140 18
140 40
140 43
140 57
140 70
140 86
140 122
140 143
140 158
141 3
141 4
141 11
141 15
141 18
141 32
141 43
141 83
141 86
141 119
141 145
141 148
141 153
142 1
142 21
142 44
142 45
142 47
142 54
142 65
142 95
142 123
142 124
142 127
142 137
142 144
142 155
143 3
143 10
143 19
143 22
143 25
143 37
143 41
143 44
143 50
143 56
143 73
143 83
143 115
143 121
143 122
143 124
143 128
143 146
143 153
144 14
144 15
144 16
144 18
144 26
144 38
144 42
144 60
144 65
144 67
144 70
144 71
144 92
144 98
144 117
144 146
144 157
145 11
145 21
145 32
145 39
145 42
145 54
145 72
145 74
145 87
145 114
145 116
145 121
145 129
145 135
145 140
145 149
145 150
145 159
146 13
146 23
146 32
146 74
146 119
146 124
146 125
146 139
147 2
147 11
147 22
147 50
147 72
147 84
147 85
147 86
147 97
147 98
147 134
147 135
147 141
147 154
148 0
148 6
148 19
148 38
148 49
148 57
148 71
148 80
148 84
148 91
148 94
148 110
149 8
149 12
149 24
149 55
149 68
149 72
149 73
149 76
149 83
149 88
149 98
149 109
149 118
149 144
149 153
150 21
150 22
150 23
150 26
150 29
150 31
150 57
150 65
150 67
150 77
150 78
150 81
150 117
150 122
150 142
150 149
150 152
151 20
151 41
151 50
151 58
151 60
151 62
151 69
151 71
151 78
151 91
151 103
151 125
151 127
151 136
151 139
151 140
151 142
152 2
152 13
152 18
152 29
152 39
152 58
152 64
152 73
152 90
152 117
152 121
152 122
152 129
152 133
153 5
153 13
153 22
153 31
153 37
153 40
153 61
153 126
153 128
153 137
153 148
154 15
154 17
154 18
154 19
154 23
154 24
154 26
154 39
154 41
154 66
154 67
154 79
154 112
154 158
155 1
155 40
155 83
155 100
155 109
155 110
155 114
155 118
155 131
155 153
155 159
156 5
156 8
156 15
156 16
156 28
156 37
156 48
156 50
156 58
156 61
156 78
156 86
156 109
156 115
156 127
156 138
156 155
157 7
157 17
157 23
157 26
157 39
157 44
157 47
157 49
157 68
157 81
157 91
157 109
157 112
157 122
157 135
157 139
157 142
157 158
158 41
158 43
158 61
158 66
158 81
158 95
158 98
158 101
158 130
158 135
159 4
159 30
159 43
159 47
159 53
159 62
159 67
159 68
159 72
159 79
159 86
159 90
159 101
159 119
159 120
159 124
159 144
159 153
159 154
0 1 2 3 4 5 6 7 8 9 10 11
