160 812 7
0 10
0 16
0 38
0 39
0 41
0 81
0 113
0 115
0 128
0 135
0 136
1 2
1 6
1 59
1 102
1 107
2 92
2 96
3 23
3 37
3 51
3 88
3 132
3 148
4 40
4 78
4 108
4 109
4 113
4 152
5 14
5 80
5 105
5 116
5 140
6 9
6 14
6 17
6 37
6 68
6 86
6 106
7 0
7 84
8 45
8 73
8 74
8 140
9 33
9 51
9 128
10 22
10 29
10 47
10 98
10 127
10 128
11 12
11 22
11 74
11 140
12 18
12 19
12 45
12 84
12 144
13 30
13 55
13 88
13 149
14 3
14 22
14 38
14 57
14 58
14 61
14 81
14 150
14 152
14 154
15 17
15 52
15 74
15 108
15 122
15 133
16 15
16 35
16 59
16 76
16 83
16 108
16 122
17 61
17 80
17 106
18 55
18 93
18 121
18 131
18 144
18 150
18 158
19 7
19 13
19 45
19 57
19 79
19 89
19 90
19 106
19 157
20 16
20 82
20 135
21 16
21 20
22 43
22 69
22 75
22 80
22 91
22 105
22 107
23 14
23 25
23 32
23 53
24 9
24 20
24 25
24 97
24 120
24 135
25 0
25 1
25 12
25 44
25 53
25 88
25 97
25 157
26 61
26 108
26 131
26 148
27 24
27 82
28 2
28 27
28 132
28 140
28 147
29 2
29 9
29 16
29 37
29 84
29 101
29 140
29 150
29 158
30 7
30 11
30 38
30 72
30 114
30 123
30 134
30 159
31 5
31 43
31 58
31 159
32 39
32 50
32 65
32 85
32 153
33 38
33 62
33 69
33 71
33 83
33 103
33 138
33 158
34 20
34 39
34 48
34 56
34 96
34 103
34 108
34 130
35 3
35 21
35 31
35 52
35 99
36 30
36 61
36 129
36 152
37 7
37 20
37 24
37 156
38 45
38 72
38 92
38 96
38 122
38 140
38 149
39 30
39 60
39 87
39 126
39 136
40 11
40 35
40 100
40 144
40 149
41 5
41 30
41 112
42 4
42 35
42 50
42 121
43 0
43 129
43 135
44 7
44 10
44 22
44 34
44 82
44 90
44 140
44 159
45 9
45 39
45 55
45 77
45 109
45 139
46 58
46 103
46 119
46 120
46 129
46 151
46 156
47 24
47 128
48 19
48 64
49 113
49 152
50 38
50 41
50 106
50 128
50 136
51 0
51 23
51 43
51 124
51 158
52 38
52 115
52 128
52 141
53 22
53 77
53 79
53 84
53 100
53 148
54 48
54 72
54 85
54 100
54 129
54 155
55 3
55 30
55 42
55 43
55 98
56 62
56 105
56 116
56 123
57 53
57 115
57 136
58 30
58 52
58 67
58 72
58 113
58 154
59 25
59 36
59 42
59 49
59 56
59 87
59 125
59 132
60 16
60 56
60 111
60 126
61 59
62 21
62 30
62 79
62 92
63 15
63 27
63 142
63 153
64 4
64 30
64 39
64 58
64 73
64 135
65 43
65 83
65 103
65 139
65 146
66 11
66 25
66 45
66 47
66 75
66 76
66 102
67 71
67 95
67 107
67 116
67 133
68 22
68 23
68 47
68 136
68 138
69 43
69 58
69 124
69 125
69 133
69 147
70 12
70 27
70 105
71 3
71 4
71 23
71 59
72 40
72 74
73 10
73 23
73 42
73 77
73 119
73 125
73 126
74 6
74 35
74 40
74 47
74 131
75 1
75 5
75 37
75 84
75 98
75 144
76 14
76 24
76 32
76 60
76 77
76 152
77 5
77 19
77 144
77 158
78 16
78 66
78 80
78 91
78 148
78 150
79 7
79 30
79 41
79 49
79 74
79 80
79 98
80 7
80 20
80 23
80 69
80 103
81 7
81 27
81 30
81 31
81 46
81 75
81 80
81 101
81 118
81 126
82 19
82 29
82 47
82 57
82 80
83 4
83 43
83 67
83 70
83 75
84 15
84 74
84 76
84 77
84 81
84 85
84 94
84 102
85 8
85 20
85 34
85 51
85 56
85 74
85 78
85 98
85 107
86 7
86 44
86 85
86 100
87 11
87 31
87 33
87 38
87 94
87 121
87 145
87 157
88 15
88 22
88 69
88 89
88 141
89 14
89 36
89 113
89 114
89 116
89 150
90 70
91 24
91 62
91 68
91 79
91 116
91 138
92 6
92 14
92 53
92 142
93 87
93 140
94 19
94 83
94 132
95 7
95 46
95 57
95 85
96 28
96 70
96 92
97 17
97 45
97 53
97 84
97 101
97 121
97 132
98 25
98 47
98 71
98 73
98 74
99 0
99 40
99 66
99 83
99 149
100 55
100 64
100 96
100 123
100 154
101 19
101 105
101 114
101 145
102 32
102 98
102 143
102 156
103 10
103 23
103 47
104 76
104 81
104 84
104 89
104 103
104 120
104 136
104 159
105 11
105 19
105 65
105 122
106 1
106 26
106 37
106 82
106 158
107 10
107 14
107 30
107 72
107 140
108 45
108 88
108 140
108 148
109 13
109 62
109 100
109 132
110 32
110 45
110 123
111 86
111 96
111 121
111 159
112 17
112 23
112 37
112 60
112 81
112 91
112 110
113 9
113 121
113 139
113 144
114 14
114 54
114 91
114 94
114 99
115 32
115 46
115 71
115 83
115 95
115 150
116 4
116 22
116 105
116 130
117 28
117 48
117 92
117 103
117 120
117 127
117 137
117 150
117 156
118 3
118 10
118 39
118 57
118 123
118 125
118 133
119 32
119 45
119 106
120 81
120 102
120 146
120 147
120 152
121 6
121 30
122 42
122 43
122 106
122 108
122 116
123 25
123 44
124 3
124 78
124 92
124 111
124 138
124 145
125 94
125 123
125 127
125 131
125 139
126 13
126 78
126 100
126 147
126 157
127 16
127 19
127 123
127 144
127 146
128 26
128 53
128 54
128 70
128 71
128 72
128 127
128 134
129 28
129 45
129 71
129 94
129 101
129 102
129 109
129 137
129 153
130 1
130 66
130 99
130 105
131 56
131 58
132 9
132 43
132 74
132 106
133 5
133 80
133 92
133 106
133 146
134 11
134 33
134 47
134 58
134 71
134 136
134 140
134 154
135 2
135 29
135 77
136 28
136 53
136 58
136 77
136 107
136 117
137 13
137 74
137 103
138 15
138 20
138 93
138 100
138 133
139 3
139 27
139 37
139 94
139 108
139 128
140 1
140 59
140 92
140 98
140 102
140 128
141 23
141 49
141 54
141 77
141 119
141 123
141 144
141 146
142 19
142 29
142 45
142 81
142 82
142 109
142 115
142 134
143 45
143 101
143 112
143 157
144 16
144 37
144 53
144 104
144 157
145 31
145 37
145 68
145 77
145 88
145 117
145 128
145 129
146 5
146 47
146 103
147 10
147 20
147 47
147 62
147 109
148 16
148 20
148 57
148 92
149 26
149 42
149 49
149 57
149 73
149 98
149 110
149 119
149 132
149 139
150 66
150 72
150 123
150 124
150 141
151 37
151 85
152 3
152 20
152 54
152 106
152 134
152 135
153 33
153 110
154 17
154 38
154 105
154 110
154 151
155 81
155 84
155 99
155 101
155 129
155 136
155 150
156 33
156 45
156 75
156 82
156 93
156 133
157 56
157 95
157 154
158 7
158 43
158 63
0 1 2 3 4 5 6
