160 2544 12
0 21
0 32
0 47
0 48
0 49
0 70
0 85
0 88
0 95
0 104
0 108
0 116
0 117
0 126
0 141
1 20
1 38
1 40
1 47
1 55
1 56
1 89
1 111
1 124
1 129
1 158
2 8
2 27
2 31
2 36
2 37
2 73
2 86
2 89
2 92
2 110
2 115
2 121
2 123
2 127
2 138
2 148
3 40
3 47
3 49
3 58
3 69
3 85
3 100
3 106
3 112
3 113
3 127
3 138
3 154
3 158
4 35
4 48
4 79
4 95
4 96
4 100
4 102
4 111
4 116
4 126
4 131
4 133
4 154
4 155
5 9
5 13
5 15
5 16
5 24
5 48
5 64
5 66
5 94
5 97
5 102
5 115
5 123
5 140
5 159
6 1
6 9
6 30
6 33
6 34
6 39
6 44
6 48
6 52
6 75
6 79
6 80
6 89
6 114
6 118
6 121
6 138
6 144
7 10
7 19
7 20
7 33
7 51
7 79
7 87
7 116
7 129
7 133
7 135
7 142
7 151
8 11
8 15
8 30
8 39
8 104
8 133
8 139
8 143
8 144
8 147
9 17
9 22
9 35
9 43
9 49
9 56
9 58
9 108
9 130
9 148
9 149
10 11
10 23
10 24
10 53
10 73
10 77
10 90
10 117
10 139
10 146
10 150
10 152
10 154
11 25
11 36
11 41
11 43
11 45
11 61
11 69
11 79
11 95
11 102
11 104
11 106
11 111
11 121
11 126
11 130
11 158
12 0
12 6
12 8
12 18
12 33
12 36
12 37
12 38
12 50
12 61
12 71
12 90
12 93
12 124
12 125
12 132
12 136
12 138
12 141
12 144
12 146
12 156
13 3
13 17
13 24
13 30
13 53
13 58
13 64
13 103
13 108
13 119
14 3
14 22
14 45
14 54
14 58
14 63
14 64
14 69
14 75
14 84
14 107
14 121
14 129
14 136
14 137
14 140
14 148
14 149
15 13
15 38
15 56
15 70
15 92
15 97
15 100
15 102
15 111
15 114
15 120
15 125
15 141
15 148
15 149
15 152
16 9
16 15
16 22
16 38
16 44
16 47
16 49
16 63
16 80
16 82
16 109
16 120
16 128
16 129
16 150
17 27
17 39
17 49
17 53
17 68
17 91
17 99
17 106
17 122
17 128
17 130
17 140
17 146
17 148
18 3
18 7
18 14
18 19
18 35
18 39
18 40
18 46
18 49
18 50
18 54
18 68
18 81
18 85
18 89
18 92
18 93
18 96
18 102
18 122
18 125
18 128
18 142
19 10
19 16
19 34
19 101
19 118
19 127
19 130
19 131
20 12
20 27
20 55
20 58
20 65
20 76
20 90
20 106
20 110
20 118
20 123
20 153
20 156
21 1
21 3
21 22
21 35
21 57
21 69
21 91
21 107
21 147
21 148
21 159
22 15
22 18
22 49
22 51
22 57
22 66
22 70
22 75
22 76
22 77
22 81
22 110
22 118
22 119
22 126
22 159
23 3
23 5
23 7
23 13
23 15
23 19
23 25
23 51
23 74
23 105
23 130
23 144
23 148
24 1
24 9
24 48
24 59
24 76
24 102
24 105
24 118
24 149
24 152
25 4
25 36
25 38
25 55
25 76
25 96
25 116
25 131
25 132
25 142
26 1
26 9
26 25
26 37
26 70
26 77
26 80
26 81
26 84
26 89
26 95
26 102
26 105
26 113
26 127
26 145
26 147
26 150
26 151
26 159
27 5
27 28
27 31
27 47
27 50
27 61
27 63
27 70
27 75
27 77
27 83
27 86
27 92
27 110
27 133
27 153
28 5
28 11
28 15
28 23
28 35
28 37
28 54
28 69
28 75
28 78
28 83
28 104
28 108
28 113
28 114
28 124
28 131
28 134
28 150
28 151
29 20
29 21
29 35
29 41
29 44
29 54
29 60
29 61
29 69
29 87
29 92
29 96
29 97
29 115
29 124
29 128
29 130
29 134
29 135
29 138
29 148
29 151
30 7
30 23
30 40
30 42
30 45
30 48
30 53
30 65
30 68
30 73
30 76
30 79
30 84
30 90
30 105
30 109
30 115
30 117
30 129
30 134
30 148
30 154
31 6
31 17
31 25
31 41
31 54
31 61
31 86
31 88
31 91
31 101
31 102
31 130
32 2
32 7
32 8
32 11
32 16
32 23
32 27
32 31
32 38
32 39
32 40
32 58
32 60
32 61
32 68
32 70
32 79
32 84
32 86
32 92
32 109
32 113
32 117
32 125
32 129
32 149
32 150
32 157
33 1
33 3
33 25
33 26
33 53
33 77
33 131
33 135
33 138
33 139
33 151
33 154
33 156
34 7
34 11
34 45
34 50
34 53
34 57
34 71
34 80
34 81
34 98
34 101
34 105
34 110
34 113
34 118
34 121
34 122
34 123
34 130
34 131
34 133
34 136
34 143
34 151
34 156
35 13
35 27
35 36
35 42
35 54
35 55
35 56
35 60
35 67
35 70
35 81
35 85
35 91
35 107
35 112
35 117
35 120
35 123
35 124
35 140
35 145
35 149
35 157
36 16
36 21
36 22
36 24
36 27
36 58
36 74
36 76
36 89
36 106
36 115
36 139
36 146
36 148
36 149
36 152
37 16
37 17
37 22
37 35
37 42
37 55
37 62
37 79
37 80
37 84
37 86
37 93
37 109
37 113
37 114
37 117
37 122
37 139
37 145
37 154
37 157
37 159
38 2
38 7
38 17
38 23
38 30
38 36
38 44
38 50
38 71
38 100
38 103
38 109
38 116
38 126
38 132
38 146
39 5
39 12
39 15
39 22
39 37
39 54
39 65
39 74
39 80
39 82
39 95
39 114
39 128
39 131
39 154
40 6
40 8
40 12
40 13
40 15
40 21
40 24
40 27
40 42
40 44
40 48
40 50
40 105
40 110
40 142
40 155
41 3
41 6
41 28
41 33
41 34
41 46
41 52
41 59
41 91
41 103
41 112
41 139
42 1
42 3
42 6
42 25
42 46
42 73
42 77
42 78
42 106
42 111
42 145
42 151
43 0
43 1
43 18
43 23
43 26
43 56
43 59
43 75
43 77
43 78
43 79
43 89
43 91
43 96
43 114
43 116
43 123
43 148
44 3
44 5
44 8
44 14
44 20
44 26
44 41
44 42
44 49
44 54
44 58
44 68
44 76
44 83
44 101
44 110
44 124
44 135
44 158
45 15
45 17
45 19
45 31
45 38
45 43
45 48
45 50
45 76
45 82
45 87
45 92
45 95
45 100
45 105
45 123
45 128
45 130
45 144
45 147
45 148
46 9
46 14
46 20
46 24
46 30
46 53
46 58
46 71
46 73
46 77
46 79
46 91
46 97
46 105
46 120
46 149
47 11
47 22
47 40
47 69
47 70
47 75
47 93
47 121
47 125
47 130
47 140
47 144
48 10
48 28
48 33
48 38
48 81
48 89
48 103
48 115
48 120
48 139
48 157
49 6
49 13
49 19
49 24
49 31
49 40
49 56
49 66
49 73
49 88
49 93
49 111
49 118
50 9
50 15
50 32
50 43
50 44
50 71
50 74
50 75
50 76
50 79
50 81
50 89
50 92
50 94
50 106
50 116
50 132
50 140
50 146
50 153
50 154
51 2
51 16
51 20
51 31
51 58
51 59
51 61
51 66
51 70
51 75
51 83
51 84
51 90
51 100
51 116
51 120
51 128
51 152
52 0
52 1
52 34
52 39
52 64
52 80
52 82
52 85
52 91
52 115
52 117
52 125
52 129
52 135
52 142
52 143
52 154
53 39
53 63
53 79
53 88
53 102
53 119
53 135
53 143
54 16
54 22
54 27
54 67
54 76
54 80
54 81
54 83
54 103
54 108
54 115
54 119
54 141
54 153
54 157
55 14
55 23
55 24
55 38
55 48
55 54
55 56
55 69
55 82
55 85
55 87
55 101
55 131
55 138
55 149
55 152
55 153
56 7
56 25
56 26
56 28
56 33
56 52
56 53
56 65
56 74
56 79
56 101
56 110
56 135
56 136
56 144
56 155
57 1
57 12
57 17
57 29
57 43
57 53
57 59
57 64
57 70
57 72
57 114
57 121
57 123
57 131
57 145
57 152
57 159
58 7
58 15
58 17
58 30
58 33
58 41
58 52
58 53
58 57
58 59
58 71
58 75
58 76
58 78
58 88
58 91
58 99
58 101
58 109
58 110
58 115
58 127
58 130
58 146
58 151
58 155
59 4
59 8
59 9
59 14
59 15
59 29
59 31
59 40
59 42
59 49
59 67
59 68
59 86
59 87
59 91
59 105
59 113
59 116
59 137
60 39
60 54
60 56
60 68
60 73
60 75
60 79
60 93
60 94
60 95
60 98
60 100
60 102
60 111
60 134
60 135
61 3
61 15
61 21
61 23
61 33
61 34
61 38
61 41
61 46
61 59
61 65
61 71
61 77
61 82
61 94
61 102
61 131
61 137
61 138
61 146
61 147
62 8
62 11
62 12
62 18
62 32
62 33
62 34
62 47
62 61
62 95
62 108
62 111
62 114
62 116
62 118
62 121
62 149
62 158
63 0
63 11
63 36
63 70
63 96
63 111
63 113
63 121
63 131
63 148
63 156
64 17
64 22
64 34
64 36
64 37
64 41
64 55
64 58
64 75
64 78
64 83
64 85
64 91
64 103
64 115
64 118
65 2
65 9
65 22
65 28
65 29
65 33
65 44
65 46
65 58
65 66
65 76
65 77
65 95
65 100
65 103
65 114
65 120
65 124
65 137
65 138
65 154
65 157
66 11
66 36
66 38
66 40
66 42
66 53
66 82
66 90
66 142
66 158
67 6
67 7
67 16
67 18
67 28
67 39
67 40
67 42
67 57
67 75
67 79
67 82
67 91
67 96
67 97
67 116
67 127
67 138
67 141
67 155
68 7
68 11
68 21
68 47
68 48
68 50
68 51
68 64
68 83
68 86
68 105
68 115
68 124
68 141
68 152
69 10
69 19
69 37
69 50
69 53
69 68
69 84
69 85
69 88
69 104
69 112
69 122
69 133
69 145
69 159
70 14
70 24
70 29
70 38
70 88
70 94
70 99
70 100
70 105
70 118
70 128
70 150
70 153
71 9
71 15
71 24
71 39
71 56
71 97
71 99
71 100
71 122
71 129
71 133
71 137
71 149
71 154
71 157
72 2
72 19
72 39
72 58
72 60
72 61
72 82
72 88
72 109
72 130
72 133
72 134
73 18
73 31
73 32
73 33
73 47
73 74
73 79
73 83
73 86
73 88
73 107
73 119
73 134
73 155
74 6
74 12
74 18
74 20
74 32
74 46
74 61
74 71
74 76
74 92
74 98
74 115
74 122
74 125
74 130
74 132
74 141
74 143
75 5
75 16
75 53
75 54
75 61
75 82
75 88
75 95
75 122
75 123
75 133
75 134
75 145
76 17
76 26
76 28
76 39
76 55
76 92
76 103
76 118
76 127
76 136
76 141
76 142
76 146
76 159
77 4
77 7
77 50
77 53
77 59
77 68
77 97
77 102
77 128
77 130
77 153
78 4
78 33
78 39
78 45
78 69
78 73
78 94
78 95
78 114
78 128
78 130
78 144
78 152
78 154
78 159
79 22
79 26
79 38
79 62
79 65
79 68
79 75
79 99
80 1
80 3
80 4
80 14
80 19
80 21
80 27
80 48
80 53
80 59
80 64
80 67
80 97
80 99
80 101
80 103
80 112
80 114
80 131
80 132
80 144
80 153
81 4
81 25
81 42
81 43
81 64
81 67
81 73
81 87
81 98
81 106
81 109
81 116
81 117
81 118
81 126
81 149
82 14
82 30
82 38
82 62
82 65
82 68
82 73
82 102
82 115
82 119
82 122
82 127
82 139
82 143
82 146
82 148
82 150
82 159
83 20
83 30
83 34
83 40
83 41
83 47
83 56
83 62
83 81
83 91
83 93
83 97
83 102
83 103
83 104
83 113
83 121
83 142
83 143
84 0
84 3
84 7
84 8
84 10
84 18
84 34
84 56
84 83
84 87
84 89
84 99
84 111
84 120
84 122
84 127
84 157
85 25
85 30
85 41
85 47
85 73
85 92
85 96
85 98
85 134
85 149
85 150
85 153
85 154
85 158
86 4
86 17
86 23
86 25
86 26
86 43
86 49
86 60
86 67
86 69
86 100
86 104
86 118
86 120
86 121
86 123
86 128
87 8
87 20
87 25
87 33
87 35
87 44
87 50
87 64
87 68
87 86
87 95
87 105
87 130
87 142
88 23
88 30
88 34
88 37
88 44
88 56
88 77
88 86
88 102
88 105
88 125
88 137
89 15
89 28
89 34
89 51
89 74
89 79
89 83
89 86
89 120
89 123
89 129
89 155
90 2
90 21
90 23
90 25
90 29
90 32
90 45
90 53
90 72
90 74
90 76
90 99
90 102
90 108
90 115
90 117
90 129
90 134
90 149
90 153
90 154
90 156
91 3
91 8
91 20
91 28
91 30
91 38
91 42
91 44
91 48
91 50
91 56
91 79
91 85
91 93
91 97
91 99
91 100
91 102
91 105
91 106
91 121
91 125
91 127
91 132
91 148
91 156
92 10
92 13
92 14
92 20
92 31
92 46
92 52
92 54
92 72
92 79
92 100
92 120
92 122
92 139
93 22
93 34
93 51
93 62
93 74
93 81
93 85
93 94
93 98
93 102
93 125
93 127
93 136
93 139
93 151
93 152
93 158
94 7
94 9
94 18
94 25
94 26
94 40
94 52
94 53
94 54
94 73
94 77
94 87
94 95
94 120
94 124
94 131
94 133
94 136
94 141
94 142
94 145
95 1
95 10
95 19
95 25
95 29
95 41
95 43
95 46
95 47
95 57
95 70
95 90
95 99
95 106
95 108
95 112
95 124
95 140
95 144
95 149
96 20
96 22
96 54
96 58
96 65
96 68
96 88
96 99
96 108
96 111
96 112
96 113
96 120
96 123
96 144
96 146
96 147
97 12
97 28
97 32
97 48
97 86
97 106
97 111
97 125
97 130
97 131
97 134
97 137
97 141
98 7
98 30
98 35
98 38
98 39
98 52
98 57
98 62
98 64
98 88
98 100
98 112
98 130
98 131
98 158
99 7
99 9
99 16
99 20
99 39
99 52
99 59
99 87
99 94
99 104
99 116
99 129
99 131
99 134
99 140
99 151
99 157
99 159
100 33
100 41
100 47
100 55
100 63
100 72
100 73
100 96
100 122
100 125
100 138
100 147
100 155
100 158
101 1
101 4
101 5
101 12
101 23
101 27
101 40
101 41
101 50
101 52
101 96
101 110
101 112
101 116
101 135
102 13
102 14
102 21
102 28
102 32
102 42
102 75
102 101
102 116
102 118
102 125
102 131
102 135
102 136
102 143
102 145
102 150
103 10
103 12
103 18
103 19
103 25
103 30
103 34
103 36
103 44
103 49
103 50
103 52
103 53
103 69
103 70
103 91
103 119
103 133
103 154
103 159
104 3
104 4
104 5
104 19
104 59
104 73
104 78
104 84
104 88
104 93
104 94
104 114
104 115
104 121
104 122
104 137
104 148
104 156
105 16
105 35
105 63
105 76
105 78
105 79
105 82
105 96
105 98
105 99
105 120
105 152
105 157
106 5
106 8
106 10
106 14
106 28
106 48
106 49
106 59
106 65
106 83
106 109
106 112
106 125
106 137
106 151
106 152
106 157
106 158
106 159
107 7
107 20
107 51
107 71
107 84
107 87
107 100
107 102
107 110
107 111
107 128
107 142
107 145
107 150
107 151
107 154
108 16
108 27
108 32
108 55
108 65
108 91
108 99
108 101
108 109
108 123
108 132
108 133
108 136
108 137
108 141
108 144
108 152
108 158
108 159
109 2
109 11
109 13
109 17
109 24
109 26
109 27
109 59
109 88
109 94
109 110
109 124
109 126
109 141
109 151
109 152
109 154
110 3
110 15
110 24
110 36
110 54
110 61
110 65
110 84
110 90
110 112
110 113
110 137
110 138
111 13
111 14
111 23
111 34
111 40
111 53
111 58
111 65
111 69
111 115
111 116
111 126
111 127
111 128
111 136
111 142
111 158
112 7
112 8
112 12
112 17
112 18
112 40
112 44
112 50
112 55
112 87
112 117
112 118
112 119
112 121
112 128
112 144
112 149
112 150
112 153
113 13
113 27
113 33
113 36
113 39
113 50
113 138
114 7
114 8
114 10
114 26
114 32
114 41
114 44
114 47
114 53
114 56
114 74
114 76
114 83
114 84
114 87
114 91
114 100
114 112
114 125
114 134
114 137
114 144
114 145
114 151
114 152
114 159
115 1
115 12
115 14
115 18
115 19
115 79
115 80
115 81
115 92
115 117
115 139
115 142
115 144
116 10
116 11
116 37
116 41
116 42
116 45
116 53
116 83
116 117
116 118
116 135
116 136
116 137
116 154
117 4
117 7
117 14
117 21
117 23
117 41
117 45
117 55
117 57
117 58
117 77
117 101
117 107
117 120
117 128
117 133
117 142
117 157
118 9
118 12
118 15
118 30
118 40
118 41
118 48
118 53
118 89
118 95
118 97
118 100
118 110
118 113
118 125
118 147
118 155
119 7
119 12
119 16
119 24
119 25
119 40
119 69
119 76
119 87
119 101
119 123
119 154
120 9
120 13
120 21
120 34
120 36
120 40
120 55
120 77
120 81
120 85
120 88
120 101
120 104
120 114
120 133
120 135
120 143
120 148
120 155
120 157
121 20
121 25
121 60
121 70
121 80
121 84
121 110
121 119
121 131
121 144
122 19
122 38
122 40
122 77
122 93
122 95
122 113
122 115
122 121
122 123
122 131
122 139
122 143
122 147
123 11
123 23
123 42
123 58
123 71
123 76
123 84
123 100
123 103
123 105
123 115
123 117
123 118
123 149
123 152
124 9
124 13
124 53
124 85
124 103
124 119
124 130
124 143
124 150
124 153
124 157
125 0
125 3
125 11
125 21
125 23
125 43
125 55
125 63
125 65
125 76
125 79
125 82
125 85
125 94
125 96
125 98
125 116
125 138
125 143
126 9
126 14
126 17
126 28
126 51
126 53
126 61
126 62
126 73
126 74
126 79
126 84
126 85
126 101
126 106
126 107
126 123
126 128
126 130
126 133
126 147
127 0
127 1
127 7
127 31
127 32
127 35
127 48
127 60
127 63
127 64
127 90
127 101
127 105
127 113
127 120
127 125
127 144
128 12
128 14
128 23
128 30
128 36
128 40
128 60
128 67
128 88
128 99
128 104
128 108
128 132
128 159
129 2
129 28
129 42
129 51
129 62
129 75
129 81
129 93
129 96
129 104
129 116
129 124
129 126
129 133
129 149
129 154
130 10
130 24
130 32
130 37
130 42
130 50
130 54
130 56
130 68
130 70
130 75
130 84
130 111
130 116
130 122
130 123
130 127
130 140
130 144
130 148
130 152
130 158
131 8
131 12
131 14
131 16
131 48
131 70
131 81
131 82
131 112
131 126
132 3
132 8
132 19
132 63
132 79
132 97
132 98
132 106
132 115
132 126
132 144
132 148
132 149
133 10
133 13
133 21
133 36
133 47
133 57
133 60
133 78
133 81
133 105
133 106
133 125
133 128
133 130
133 132
133 145
133 151
133 152
134 4
134 9
134 10
134 12
134 13
134 19
134 22
134 33
134 37
134 64
134 68
134 80
134 83
134 105
134 120
134 124
134 125
134 128
134 131
134 154
134 155
134 157
135 16
135 75
135 111
135 114
135 117
135 125
135 140
135 159
136 30
136 31
136 52
136 54
136 57
136 65
136 74
136 89
136 106
136 112
136 123
136 145
136 146
136 151
136 158
136 159
137 13
137 21
137 28
137 38
137 57
137 74
137 98
137 107
137 112
137 156
137 159
138 66
138 70
138 71
138 101
138 104
138 114
138 121
138 126
138 129
138 151
139 3
139 7
139 17
139 25
139 38
139 39
139 45
139 50
139 51
139 60
139 72
139 89
139 128
139 136
140 13
140 21
140 33
140 39
140 42
140 56
140 63
140 67
140 68
140 73
140 77
140 78
140 86
140 92
140 93
140 114
140 126
140 136
140 141
140 146
140 153
141 6
141 24
141 30
141 50
141 82
141 100
141 101
141 106
141 111
141 114
141 115
141 126
142 15
142 16
142 21
142 61
142 73
142 77
142 103
142 112
142 119
142 145
142 146
142 150
143 2
143 3
143 10
143 11
143 17
143 20
143 21
143 22
143 27
143 30
143 33
143 50
143 55
143 76
143 78
143 88
143 111
143 117
143 121
143 123
143 128
143 137
143 148
143 158
144 5
144 17
144 19
144 24
144 51
144 70
144 84
144 98
144 101
144 103
144 133
144 153
144 158
145 1
145 3
145 4
145 29
145 43
145 60
145 111
145 115
145 128
145 143
145 155
145 156
145 159
146 25
146 27
146 31
146 35
146 41
146 63
146 67
146 73
146 107
146 112
146 119
146 123
146 124
146 134
146 138
146 139
146 149
147 12
147 28
147 32
147 49
147 73
147 79
147 93
147 115
147 127
147 129
147 142
147 155
147 158
148 5
148 16
148 20
148 28
148 31
148 53
148 55
148 56
148 58
148 66
148 78
148 81
148 87
148 92
148 96
148 106
148 123
148 131
148 140
148 142
148 145
148 147
149 2
149 5
149 6
149 19
149 30
149 43
149 64
149 69
149 72
149 75
149 88
149 109
149 111
149 113
149 118
149 135
149 156
150 34
150 39
150 42
150 53
150 63
150 73
150 74
150 91
150 122
150 147
151 2
151 4
151 14
151 16
151 18
151 52
151 54
151 64
151 66
151 86
151 89
151 108
151 115
151 137
152 8
152 14
152 17
152 23
152 26
152 27
152 28
152 31
152 43
152 46
152 52
152 70
152 81
152 85
152 104
152 116
152 118
152 121
152 132
152 149
153 10
153 30
153 32
153 35
153 42
153 47
153 51
153 52
153 59
153 73
153 95
153 104
153 113
153 117
153 123
153 127
153 148
154 12
154 24
154 26
154 41
154 46
154 57
154 72
154 80
154 92
154 112
154 127
154 132
154 150
155 1
155 5
155 15
155 23
155 25
155 27
155 28
155 32
155 34
155 41
155 43
155 49
155 50
155 88
155 92
155 96
155 111
155 135
156 1
156 32
156 37
156 42
156 44
156 56
156 81
156 86
156 95
156 119
156 135
156 144
156 155
156 159
157 21
157 56
157 62
157 74
157 86
157 87
157 90
157 91
157 96
157 98
157 114
157 127
157 128
157 137
157 138
157 158
158 13
158 18
158 19
158 28
158 30
158 40
158 49
158 55
158 56
158 59
158 69
158 82
158 84
158 87
158 89
158 97
158 116
158 121
158 133
158 134
159 1
159 4
159 29
159 33
159 42
159 54
159 87
159 94
159 101
159 116
159 119
159 134
0 1 2 3 4 5 6 7 8 9 10 11
