160 2544 12
0 3
0 5
0 10
0 12
0 17
0 25
0 41
0 48
0 56
0 57
0 59
0 64
0 71
0 75
0 84
0 96
0 130
0 145
0 153
0 155
0 159
1 13
1 26
1 32
1 55
1 74
1 81
1 84
1 90
1 94
1 100
1 128
1 132
1 137
1 145
1 156
1 157
1 159
2 0
2 4
2 5
2 13
2 17
2 85
2 110
2 121
2 124
2 128
2 133
2 142
2 158
3 10
3 21
3 25
3 27
3 43
3 48
3 59
3 60
3 70
3 88
3 91
3 93
3 102
3 104
3 105
3 112
3 118
3 130
3 145
3 147
4 6
4 12
4 13
4 15
4 25
4 52
4 66
4 69
4 85
4 88
4 90
4 101
4 116
4 117
4 142
4 148
4 157
5 9
5 11
5 15
5 25
5 31
5 51
5 57
5 58
5 59
5 60
5 66
5 68
5 79
5 84
5 105
5 109
5 121
5 124
5 144
5 157
6 1
6 22
6 36
6 96
6 118
6 123
6 124
6 140
6 148
6 150
7 16
7 18
7 28
7 68
7 94
7 96
7 98
7 108
7 109
7 118
7 132
7 146
7 147
7 150
7 158
8 0
8 2
8 12
8 36
8 59
8 72
8 78
8 79
8 84
8 85
8 91
8 95
8 97
8 108
8 138
8 148
8 152
8 153
9 3
9 7
9 10
9 39
9 40
9 55
9 56
9 67
9 70
9 79
9 105
9 106
9 109
9 121
9 122
9 124
9 136
9 140
10 12
10 28
10 64
10 66
10 89
10 90
10 96
10 102
10 114
10 126
10 132
10 143
10 145
11 1
11 6
11 34
11 36
11 54
11 60
11 65
11 75
11 87
11 88
11 101
11 108
11 132
11 134
12 31
12 33
12 35
12 63
12 78
12 93
12 130
12 137
12 142
12 151
13 18
13 23
13 24
13 50
13 85
13 97
13 119
13 124
13 140
13 143
13 147
13 157
14 11
14 20
14 67
14 91
14 108
14 118
14 125
14 131
14 132
14 136
14 140
14 152
15 2
15 11
15 12
15 13
15 23
15 29
15 37
15 44
15 47
15 66
15 91
15 109
15 110
15 119
15 129
15 141
15 144
15 157
15 159
16 5
16 8
16 17
16 22
16 33
16 48
16 77
16 93
16 94
16 116
16 127
16 131
16 132
16 143
17 6
17 11
17 23
17 24
17 26
17 43
17 46
17 54
17 61
17 70
17 79
17 86
17 87
17 102
17 103
17 121
17 142
17 146
17 147
17 148
17 151
18 0
18 6
18 8
18 29
18 31
18 46
18 56
18 74
18 77
18 115
18 150
19 2
19 45
19 53
19 55
19 62
19 76
19 117
19 123
19 124
19 134
19 154
20 27
20 34
20 51
20 54
20 66
20 94
20 104
20 130
20 145
20 153
21 5
21 6
21 12
21 20
21 45
21 53
21 97
21 103
21 109
21 133
21 135
21 144
21 156
21 157
22 1
22 3
22 12
22 14
22 18
22 20
22 23
22 24
22 28
22 31
22 70
22 71
22 73
22 75
22 79
22 81
22 109
22 121
22 144
23 0
23 1
23 4
23 8
23 9
23 68
23 70
23 72
23 96
23 114
23 123
23 134
23 149
24 5
24 16
24 26
24 49
24 51
24 76
24 79
24 94
24 106
24 138
24 141
25 2
25 7
25 16
25 17
25 24
25 32
25 36
25 49
25 59
25 84
25 95
25 98
25 102
25 108
25 120
25 130
25 147
25 155
26 3
26 4
26 28
26 35
26 39
26 40
26 45
26 46
26 50
26 55
26 56
26 75
26 76
26 82
26 83
26 88
26 91
26 93
26 97
26 101
26 102
26 122
26 128
27 1
27 14
27 21
27 23
27 46
27 69
27 71
27 87
27 103
27 109
27 115
27 121
27 155
28 4
28 11
28 19
28 24
28 34
28 48
28 54
28 59
28 71
28 74
28 95
28 97
28 118
28 119
28 133
28 134
28 152
28 159
29 3
29 7
29 16
29 34
29 39
29 46
29 53
29 54
29 56
29 59
29 60
29 64
29 67
29 95
29 98
29 105
29 108
29 115
29 118
29 121
29 126
29 128
29 137
29 145
29 149
29 157
29 158
30 2
30 3
30 7
30 8
30 11
30 16
30 20
30 22
30 27
30 35
30 52
30 81
30 83
30 86
30 87
30 110
30 116
30 138
30 158
31 17
31 23
31 26
31 29
31 52
31 61
31 64
31 69
31 75
31 76
31 89
31 90
31 121
31 150
31 152
32 0
32 7
32 15
32 27
32 43
32 49
32 51
32 67
32 108
32 114
32 137
32 145
32 150
33 6
33 8
33 28
33 30
33 35
33 51
33 60
33 70
33 72
33 78
33 97
33 107
33 118
33 142
34 13
34 24
34 30
34 46
34 68
34 87
34 90
34 91
34 108
34 120
34 125
34 139
34 142
34 144
34 145
35 19
35 29
35 49
35 50
35 55
35 82
35 86
35 109
35 113
35 118
35 125
35 132
35 134
35 145
35 147
35 153
36 2
36 18
36 19
36 23
36 39
36 50
36 51
36 55
36 65
36 66
36 73
36 75
36 76
36 82
36 101
36 103
36 107
36 110
36 114
36 118
36 126
36 130
36 132
36 147
36 152
37 1
37 23
37 30
37 33
37 38
37 57
37 70
37 74
37 87
37 93
37 111
37 112
37 114
37 119
37 130
37 151
38 17
38 53
38 56
38 59
38 70
38 78
38 82
38 88
38 98
38 101
38 102
38 109
38 121
38 123
38 127
38 131
38 143
38 147
39 18
39 24
39 42
39 45
39 54
39 68
39 69
39 75
39 85
39 118
39 132
39 143
39 144
39 147
40 7
40 8
40 31
40 49
40 51
40 58
40 78
40 84
40 109
40 119
40 124
40 136
40 152
40 156
41 14
41 33
41 44
41 62
41 66
41 71
41 86
41 98
41 128
41 133
41 153
41 154
42 3
42 4
42 10
42 11
42 21
42 34
42 40
42 45
42 46
42 58
42 78
42 101
42 102
42 140
43 16
43 18
43 24
43 25
43 42
43 49
43 60
43 63
43 66
43 83
43 89
43 110
43 122
43 151
44 6
44 8
44 14
44 23
44 34
44 49
44 51
44 64
44 68
44 72
44 104
44 120
44 125
44 132
44 140
44 148
44 159
45 6
45 29
45 32
45 63
45 77
45 78
45 97
45 100
45 105
45 133
45 141
46 9
46 11
46 21
46 47
46 51
46 63
46 66
46 71
46 74
46 98
46 99
46 105
46 112
46 121
46 132
46 140
46 149
46 150
46 154
46 156
47 4
47 5
47 6
47 9
47 17
47 26
47 30
47 34
47 41
47 43
47 45
47 54
47 58
47 59
47 79
47 84
47 87
47 89
47 91
47 122
47 128
47 133
47 136
47 146
47 155
48 7
48 26
48 41
48 45
48 50
48 58
48 76
48 77
48 80
48 88
48 89
48 99
48 104
48 114
48 144
48 148
49 8
49 9
49 31
49 33
49 42
49 48
49 56
49 60
49 64
49 71
49 73
49 76
49 82
49 85
49 92
49 114
49 117
49 121
49 135
49 145
49 146
50 34
50 43
50 49
50 53
50 72
50 73
50 89
50 95
50 113
50 131
50 156
50 157
50 158
51 14
51 19
51 25
51 63
51 64
51 66
51 67
51 71
51 73
51 83
51 90
51 110
51 126
51 129
51 135
51 140
51 152
52 25
52 29
52 77
52 80
52 85
52 89
52 116
52 148
52 153
52 154
52 157
52 158
53 6
53 8
53 12
53 20
53 24
53 31
53 36
53 61
53 83
53 104
53 159
54 3
54 5
54 12
54 14
54 25
54 31
54 43
54 48
54 81
54 95
54 115
54 148
55 37
55 40
55 43
55 51
55 54
55 69
55 70
55 99
55 105
55 107
55 119
55 123
55 136
55 159
56 1
56 5
56 11
56 13
56 20
56 21
56 45
56 52
56 72
56 74
56 90
56 93
56 105
56 113
56 123
56 131
56 136
56 137
56 150
57 20
57 26
57 34
57 35
57 40
57 48
57 70
57 73
57 102
57 104
57 114
57 120
57 123
57 124
57 146
58 15
58 17
58 24
58 41
58 65
58 75
58 82
58 91
58 106
58 143
58 149
58 158
59 2
59 16
59 39
59 42
59 65
59 77
59 87
59 90
59 95
59 114
59 119
59 142
59 145
60 16
60 31
60 36
60 42
60 46
60 48
60 53
60 56
60 62
60 66
60 72
60 73
60 80
60 82
60 90
60 93
60 107
60 109
60 116
60 136
60 138
60 141
61 22
61 24
61 48
61 57
61 99
61 107
61 120
61 132
61 143
61 144
61 156
62 26
62 28
62 31
62 78
62 115
62 119
62 121
62 140
63 2
63 3
63 7
63 21
63 25
63 27
63 28
63 48
63 54
63 60
63 61
63 65
63 66
63 67
63 84
63 86
63 89
63 91
63 94
63 97
63 100
63 130
63 131
63 149
63 153
64 2
64 15
64 26
64 33
64 45
64 62
64 84
64 85
64 87
64 89
64 98
64 101
64 113
64 118
64 123
64 130
64 137
64 148
65 3
65 21
65 35
65 54
65 75
65 77
65 81
65 84
65 99
65 107
65 111
65 118
65 126
65 140
65 145
65 155
66 1
66 7
66 26
66 30
66 54
66 71
66 80
66 139
66 145
67 2
67 31
67 34
67 35
67 40
67 47
67 49
67 50
67 69
67 71
67 75
67 80
67 81
67 83
67 99
67 104
67 117
67 126
67 133
67 138
67 156
67 157
68 25
68 52
68 55
68 59
68 64
68 70
68 82
68 83
68 87
68 104
68 117
68 119
68 138
68 155
68 158
69 3
69 14
69 19
69 22
69 51
69 71
69 103
69 110
69 114
69 121
69 124
69 139
69 143
70 8
70 16
70 19
70 21
70 36
70 42
70 58
70 66
70 77
70 92
70 103
70 108
70 129
70 135
70 136
70 145
70 146
70 154
71 7
71 13
71 19
71 30
71 55
71 73
71 82
71 92
71 99
71 107
71 124
71 126
71 132
71 135
71 137
71 142
71 143
71 146
71 149
72 7
72 9
72 15
72 21
72 38
72 40
72 58
72 59
72 90
72 134
72 145
72 153
72 158
73 0
73 1
73 15
73 37
73 42
73 47
73 67
73 68
73 74
73 93
73 97
73 102
73 107
73 113
73 117
73 126
73 127
73 132
74 3
74 15
74 19
74 43
74 49
74 81
74 86
74 94
74 97
74 119
74 123
74 135
74 141
74 143
75 14
75 19
75 24
75 28
75 30
75 33
75 41
75 63
75 84
75 86
75 89
75 114
75 116
75 131
75 150
76 14
76 22
76 28
76 34
76 55
76 74
76 93
76 98
76 108
76 116
76 117
77 1
77 25
77 26
77 27
77 43
77 64
77 78
77 83
77 99
77 101
77 102
77 115
77 122
77 143
77 152
77 158
78 22
78 23
78 35
78 39
78 50
78 59
78 67
78 86
78 90
78 97
78 110
78 112
78 117
78 119
78 123
78 131
78 140
78 142
78 157
79 0
79 6
79 12
79 39
79 56
79 66
79 71
79 75
79 81
79 91
79 94
79 96
79 116
79 119
79 126
80 7
80 8
80 40
80 57
80 68
80 74
80 76
80 84
80 98
80 102
80 103
80 122
81 4
81 6
81 17
81 35
81 37
81 55
81 56
81 70
81 111
81 116
81 122
81 125
81 132
81 137
81 150
81 151
82 7
82 16
82 23
82 42
82 43
82 54
82 75
82 80
82 84
82 89
82 95
82 99
82 102
82 106
82 120
82 121
82 124
82 137
82 151
82 156
83 7
83 49
83 55
83 71
83 96
83 98
83 101
83 111
83 122
83 132
83 139
83 140
83 141
83 145
83 152
83 154
83 155
84 3
84 10
84 12
84 27
84 33
84 48
84 49
84 73
84 77
84 78
84 85
84 86
84 89
84 96
84 127
84 154
85 18
85 21
85 23
85 31
85 33
85 42
85 46
85 50
85 53
85 78
85 79
85 95
85 107
85 110
85 111
85 130
85 140
85 155
86 19
86 47
86 58
86 67
86 92
86 107
86 118
86 121
86 131
87 3
87 12
87 14
87 21
87 39
87 86
87 96
87 104
87 105
87 119
87 120
87 129
87 151
87 159
88 30
88 72
88 75
88 79
88 90
88 95
88 96
88 99
88 103
88 141
88 152
88 159
89 4
89 8
89 32
89 37
89 38
89 60
89 90
89 139
89 151
90 2
90 5
90 9
90 13
90 19
90 24
90 25
90 27
90 40
90 43
90 48
90 53
90 62
90 82
90 94
90 97
90 112
90 116
90 124
90 143
90 155
90 159
91 2
91 18
91 21
91 41
91 56
91 65
91 72
91 80
91 82
91 89
91 93
91 96
91 99
91 102
91 104
91 105
91 111
91 112
91 115
91 121
91 141
91 149
91 157
91 159
92 1
92 4
92 11
92 13
92 14
92 34
92 48
92 67
92 78
92 95
92 97
92 106
92 109
92 115
92 125
92 126
92 138
92 152
92 158
93 8
93 11
93 22
93 23
93 43
93 48
93 49
93 50
93 58
93 75
93 77
93 92
93 101
93 105
93 127
93 130
93 142
93 147
93 150
93 159
94 28
94 37
94 42
94 50
94 64
94 70
94 73
94 84
94 86
94 87
94 89
94 100
94 120
94 127
94 130
94 132
94 155
95 0
95 2
95 9
95 23
95 26
95 43
95 44
95 75
95 77
95 89
95 91
95 98
95 106
95 107
95 114
95 122
95 125
95 126
95 142
95 145
96 9
96 13
96 14
96 16
96 25
96 35
96 45
96 48
96 51
96 57
96 64
96 67
96 75
96 78
96 82
96 90
96 97
96 98
96 121
96 124
96 136
96 146
97 38
97 54
97 65
97 71
97 81
97 86
97 111
97 135
97 138
97 144
97 145
97 146
97 152
98 24
98 27
98 31
98 34
98 43
98 44
98 49
98 50
98 53
98 67
98 70
98 92
98 100
98 104
98 106
98 116
98 124
98 135
98 137
98 139
98 149
98 150
98 155
99 3
99 16
99 22
99 23
99 69
99 70
99 84
99 107
99 122
99 131
99 132
100 4
100 9
100 12
100 14
100 22
100 30
100 39
100 54
100 55
100 70
100 75
100 90
100 95
100 118
100 123
100 144
100 152
101 27
101 28
101 37
101 41
101 46
101 47
101 69
101 90
101 91
101 110
101 111
101 121
101 123
101 128
101 129
101 142
101 146
101 151
102 6
102 40
102 43
102 47
102 59
102 78
102 99
102 113
102 117
102 118
102 128
102 129
102 131
102 154
103 3
103 11
103 22
103 26
103 29
103 40
103 49
103 63
103 92
103 94
103 128
103 132
103 135
103 137
103 138
103 141
103 153
103 155
104 6
104 8
104 10
104 17
104 22
104 41
104 65
104 72
104 75
104 77
104 94
104 100
104 108
104 111
104 127
104 145
104 149
104 158
105 59
105 63
105 71
105 78
105 88
105 116
105 121
105 128
105 152
105 156
106 5
106 19
106 23
106 28
106 37
106 39
106 41
106 56
106 74
106 90
106 113
106 114
106 130
106 138
106 140
106 142
106 146
107 0
107 1
107 3
107 13
107 48
107 49
107 69
107 81
107 90
107 93
107 96
107 98
107 106
107 120
107 124
107 126
107 129
107 130
107 138
107 141
107 142
108 20
108 21
108 73
108 98
108 126
108 131
108 134
108 138
108 140
108 144
108 147
108 152
108 156
108 158
109 10
109 45
109 75
109 76
109 78
109 83
109 97
109 103
109 107
109 110
109 113
109 116
109 136
109 139
109 144
109 145
109 146
109 147
109 148
110 0
110 13
110 40
110 62
110 79
110 116
110 125
110 127
110 129
110 133
110 134
110 140
110 141
110 145
110 157
111 1
111 7
111 8
111 11
111 12
111 42
111 45
111 80
111 113
111 114
111 116
111 125
111 149
112 8
112 12
112 18
112 21
112 22
112 27
112 28
112 39
112 41
112 48
112 49
112 74
112 82
112 85
112 93
112 132
112 134
112 145
112 151
112 155
113 0
113 19
113 21
113 29
113 33
113 59
113 79
113 86
113 87
113 93
113 103
113 115
113 135
113 139
113 146
114 12
114 16
114 29
114 50
114 83
114 86
114 88
114 98
114 99
114 103
114 121
114 135
114 156
115 14
115 17
115 22
115 24
115 25
115 26
115 33
115 38
115 43
115 48
115 56
115 60
115 74
115 104
115 112
115 124
115 133
116 5
116 23
116 32
116 36
116 40
116 57
116 91
116 106
116 107
116 112
116 118
116 120
116 121
116 123
116 126
116 128
116 138
116 149
116 151
117 6
117 7
117 8
117 10
117 14
117 23
117 24
117 33
117 35
117 37
117 52
117 54
117 64
117 80
117 105
117 123
117 124
117 136
117 138
117 141
117 151
118 13
118 26
118 41
118 57
118 61
118 89
118 104
118 131
118 137
118 138
118 148
118 159
119 8
119 12
119 21
119 58
119 63
119 75
119 85
119 86
119 96
119 106
119 124
119 131
119 151
119 157
120 4
120 13
120 16
120 53
120 65
120 67
120 88
120 111
120 134
120 153
121 18
121 24
121 57
121 58
121 74
121 80
121 97
121 111
121 118
121 120
121 136
121 141
121 152
121 155
122 1
122 12
122 13
122 15
122 16
122 33
122 36
122 42
122 70
122 78
122 88
122 93
122 106
122 107
122 110
122 114
122 132
122 142
122 147
123 4
123 12
123 22
123 29
123 30
123 36
123 45
123 63
123 70
123 72
123 80
123 102
123 107
123 119
123 131
123 136
123 141
123 143
123 147
124 24
124 26
124 39
124 44
124 51
124 65
124 113
124 141
124 145
125 8
125 22
125 24
125 39
125 52
125 64
125 67
125 83
125 85
125 89
125 102
125 103
125 106
125 112
125 113
125 114
125 116
125 117
125 120
125 133
126 1
126 27
126 30
126 37
126 52
126 54
126 55
126 64
126 74
126 75
126 84
126 124
126 152
127 2
127 24
127 39
127 41
127 51
127 56
127 71
127 82
127 92
127 99
127 117
127 124
127 136
127 140
127 148
128 15
128 19
128 25
128 37
128 42
128 53
128 59
128 64
128 71
128 108
128 154
128 158
129 0
129 12
129 27
129 54
129 55
129 64
129 77
129 97
129 100
129 114
129 116
129 118
129 134
129 141
129 150
130 2
130 4
130 8
130 10
130 17
130 21
130 24
130 31
130 35
130 39
130 57
130 62
130 74
130 77
130 95
130 100
130 114
130 115
130 121
130 133
130 136
131 3
131 4
131 12
131 15
131 18
131 22
131 31
131 33
131 43
131 60
131 67
131 68
131 90
131 98
131 125
131 132
131 157
132 2
132 3
132 18
132 20
132 22
132 30
132 38
132 43
132 57
132 58
132 66
132 72
132 87
132 101
132 104
132 113
132 117
132 128
132 136
132 153
132 154
133 9
133 14
133 15
133 26
133 34
133 55
133 63
133 87
133 112
133 116
133 118
133 135
133 139
133 143
133 144
133 145
134 3
134 10
134 17
134 27
134 43
134 88
134 90
134 97
134 101
134 111
134 113
134 119
134 124
134 136
134 145
134 149
135 31
135 32
135 37
135 41
135 54
135 60
135 63
135 64
135 89
135 102
135 110
135 116
135 119
135 123
135 124
135 127
135 128
135 129
135 130
135 139
135 145
135 151
135 157
136 2
136 5
136 7
136 29
136 34
136 41
136 74
136 80
136 101
136 102
136 110
136 115
136 120
136 138
136 140
137 5
137 6
137 13
137 16
137 18
137 19
137 20
137 42
137 46
137 47
137 54
137 57
137 61
137 78
137 102
137 108
137 109
137 140
138 9
138 16
138 43
138 45
138 46
138 62
138 71
138 99
138 113
138 114
138 124
138 131
138 135
138 150
139 12
139 47
139 51
139 53
139 56
139 61
139 78
139 82
139 85
139 146
139 150
140 1
140 18
140 21
140 24
140 41
140 47
140 49
140 67
140 69
140 70
140 72
140 81
140 90
140 102
140 131
140 143
140 153
140 154
141 18
141 28
141 51
141 62
141 70
141 75
141 84
141 89
141 94
141 104
141 122
141 131
141 144
142 5
142 8
142 14
142 30
142 50
142 52
142 58
142 67
142 83
142 86
142 102
142 117
142 120
142 138
142 141
142 149
142 152
143 8
143 27
143 34
143 51
143 63
143 67
143 70
143 80
143 93
143 137
143 147
143 152
143 159
144 7
144 31
144 47
144 52
144 71
144 74
144 78
144 87
144 98
144 101
144 105
144 114
144 116
144 130
144 150
144 158
145 9
145 17
145 45
145 57
145 90
145 93
145 94
145 118
145 122
145 130
146 10
146 15
146 28
146 40
146 48
146 78
146 81
146 82
146 100
146 107
146 122
146 150
146 156
146 158
147 0
147 5
147 8
147 12
147 34
147 37
147 52
147 68
147 73
147 79
147 83
147 88
147 131
147 132
147 149
147 159
148 1
148 7
148 15
148 20
148 21
148 37
148 38
148 40
148 41
148 42
148 43
148 59
148 82
148 85
148 106
148 107
148 129
148 153
148 158
148 159
149 0
149 33
149 51
149 82
149 83
149 92
149 115
149 123
149 129
149 133
149 145
149 155
150 3
150 4
150 5
150 8
150 20
150 21
150 24
150 41
150 79
150 87
150 96
150 99
150 105
150 106
150 120
150 131
150 134
150 136
150 142
151 40
151 41
151 56
151 65
151 66
151 90
151 94
151 99
151 130
151 132
151 154
151 156
152 15
152 19
152 30
152 33
152 34
152 41
152 42
152 46
152 70
152 72
152 82
152 86
152 118
152 135
152 137
152 145
152 147
152 148
153 10
153 33
153 34
153 44
153 50
153 65
153 76
153 82
153 86
153 88
153 89
153 114
153 123
153 124
153 133
153 146
153 154
154 0
154 2
154 38
154 44
154 49
154 67
154 68
154 78
154 80
154 88
154 97
154 115
154 116
154 129
154 133
154 135
155 16
155 48
155 54
155 56
155 59
155 88
155 92
155 105
155 108
155 116
155 125
155 129
155 134
155 138
155 143
156 7
156 19
156 43
156 51
156 56
156 63
156 77
156 116
156 119
156 127
156 130
156 131
156 150
156 153
156 157
157 9
157 19
157 23
157 25
157 32
157 58
157 61
157 65
157 82
157 88
157 93
157 97
157 101
157 102
157 111
157 118
157 122
157 127
157 129
157 138
157 151
157 153
158 5
158 15
158 24
158 33
158 66
158 81
158 85
158 132
158 136
158 140
158 141
158 142
158 149
158 159
159 4
159 41
159 42
159 45
159 56
159 65
159 69
159 76
159 89
159 105
159 119
159 122
159 142
159 152
0 1 2 3 4 5 6 7 8 9 10 11
