160 424 12
0 29
0 41
0 70
0 75
0 87
0 102
0 124
0 132
0 158
1 54
1 55
1 57
1 112
1 114
2 0
2 79
2 91
2 96
3 28
3 29
3 94
3 147
4 98
5 33
5 43
5 75
6 55
7 95
8 130
8 144
9 27
9 87
9 112
10 12
10 27
10 53
10 82
10 103
10 107
10 156
11 14
11 55
11 128
12 10
12 89
13 86
13 133
14 11
14 141
15 109
15 148
15 157
16 23
16 75
16 92
17 24
17 56
17 135
18 27
18 156
19 117
19 147
20 43
20 73
20 85
20 135
21 128
21 139
22 83
22 86
23 16
23 140
24 17
24 31
24 55
24 129
25 29
27 10
27 18
27 55
27 109
27 158
29 0
29 3
29 25
29 108
29 121
30 141
31 24
31 66
32 83
32 152
33 5
33 61
33 146
34 149
35 52
35 137
36 38
36 62
36 83
36 90
37 71
37 89
38 36
38 156
39 56
40 90
40 106
41 0
41 113
42 141
43 5
43 20
43 36
43 155
44 33
44 101
45 115
45 150
46 72
46 104
46 141
47 80
47 118
48 61
49 0
49 46
49 92
49 105
49 115
49 128
50 59
50 84
51 131
51 146
52 93
52 152
53 10
53 26
54 1
54 138
54 152
55 1
55 6
55 11
55 27
56 17
56 39
56 150
56 156
57 1
57 118
58 127
59 50
59 68
59 76
59 84
60 74
60 103
61 33
61 48
61 93
61 103
62 36
62 80
62 100
62 109
62 132
62 154
63 58
63 154
64 159
65 111
66 31
66 80
66 102
67 153
68 59
68 75
68 96
69 80
69 89
69 119
70 0
70 30
71 129
71 153
72 46
72 126
73 20
73 102
73 141
74 60
74 105
75 0
75 5
75 16
75 23
75 68
75 77
75 88
75 109
76 59
76 99
76 112
78 127
78 142
78 144
79 2
79 145
80 47
80 62
80 66
80 69
80 138
81 100
81 136
81 150
82 10
82 105
83 5
83 22
83 36
83 89
83 95
84 59
84 106
85 20
86 13
86 22
87 9
87 100
87 133
87 155
89 12
89 37
89 69
90 36
90 40
90 115
91 2
92 8
92 16
92 49
92 134
93 52
93 61
93 149
94 3
95 7
95 26
95 83
96 2
96 40
96 68
97 109
98 4
98 108
99 76
99 132
99 143
100 62
100 81
100 87
101 44
101 126
102 0
102 66
102 73
102 117
102 135
102 153
103 10
103 61
103 132
104 46
104 116
104 159
105 49
105 74
105 82
105 142
106 40
106 84
106 150
107 10
108 29
108 98
109 15
109 27
109 62
109 97
109 125
110 103
110 118
111 27
111 65
112 1
112 9
112 76
112 103
112 117
112 149
113 41
113 91
114 1
114 134
115 49
115 90
116 104
117 19
117 102
117 112
118 47
118 110
118 132
118 136
119 69
120 127
121 29
121 140
121 151
122 60
123 140
124 0
125 109
125 155
126 72
126 101
127 49
127 58
127 78
127 120
128 11
128 21
128 142
128 153
129 24
129 71
129 138
130 8
131 51
131 132
132 0
132 62
132 93
132 99
132 103
132 118
132 131
132 136
132 137
133 13
134 81
134 92
134 114
135 17
135 20
135 102
136 81
136 118
137 35
137 132
137 139
138 54
138 80
138 129
139 21
139 103
139 137
140 7
140 23
140 123
140 155
141 14
141 30
141 42
141 46
141 73
142 78
142 105
143 99
143 108
144 8
144 78
145 79
146 33
146 51
147 3
147 19
147 55
149 34
149 93
149 112
150 45
150 56
150 71
150 106
150 155
151 121
152 32
152 52
152 54
152 113
153 67
153 71
153 102
154 62
154 63
155 87
155 119
155 125
155 140
155 149
155 150
156 18
156 38
156 56
158 0
158 27
159 64
159 104
159 143
0 1 2 3 4 5 6 7 8 9 10 11
