160 812 12
0 42
0 64
0 86
0 106
0 108
0 140
0 143
0 148
0 152
1 45
1 63
1 73
1 92
1 156
2 30
2 35
2 95
2 117
2 145
2 153
3 26
3 79
3 104
3 119
3 157
4 42
4 74
4 82
4 101
4 109
4 138
5 28
5 31
5 36
5 50
5 63
5 90
5 102
5 136
5 143
6 54
6 73
7 16
7 123
7 131
7 139
8 9
8 51
8 61
8 97
8 139
8 155
9 39
9 62
9 129
9 130
9 148
9 150
10 6
10 86
10 116
10 122
10 154
11 42
11 65
11 135
12 29
12 69
12 70
12 102
12 131
13 133
13 156
13 157
14 17
14 67
14 127
14 137
15 11
15 76
15 98
15 113
15 138
15 151
16 30
16 50
16 110
16 147
17 4
17 25
17 44
17 69
17 107
17 131
17 136
17 148
18 63
18 65
18 74
18 77
18 80
18 84
18 88
18 128
18 150
19 38
19 53
19 67
19 148
20 123
21 5
21 141
21 152
23 2
23 76
23 115
23 119
23 125
24 0
24 4
24 50
24 57
24 72
24 103
24 112
24 129
26 27
26 136
26 139
27 10
27 28
27 53
27 60
27 71
27 82
27 124
27 145
27 158
28 4
28 17
28 53
28 68
29 3
29 37
29 145
30 9
30 46
30 68
30 74
30 90
30 91
30 104
31 8
31 60
31 67
31 116
32 2
32 25
32 31
32 82
32 130
32 149
33 60
33 66
33 95
33 102
33 148
34 52
34 58
34 69
34 92
35 23
35 98
35 126
35 132
35 147
35 152
36 2
36 58
36 79
36 107
37 66
37 96
37 136
37 142
38 54
38 76
38 82
38 91
39 81
39 112
39 143
40 37
40 44
40 81
41 8
41 19
41 40
42 49
42 102
42 152
43 5
43 14
43 28
43 32
43 58
43 89
43 94
43 108
43 113
43 148
44 49
44 132
44 133
45 35
45 93
45 94
45 103
46 11
46 38
46 49
46 66
46 128
47 122
47 157
48 10
48 71
48 108
48 133
48 145
49 22
49 51
49 87
49 99
50 35
50 75
50 134
51 20
51 82
52 61
52 115
52 121
52 134
52 148
53 9
53 18
53 107
54 2
54 49
54 72
54 88
55 5
55 18
55 48
55 97
55 100
55 106
55 128
55 131
55 150
56 138
56 158
57 62
57 82
57 121
57 157
58 102
58 142
59 8
59 10
59 84
59 94
59 96
59 118
60 25
60 104
60 137
61 140
61 156
62 51
62 73
62 101
63 29
63 36
63 98
63 138
64 27
64 45
64 96
65 16
65 54
65 69
65 71
65 144
66 41
66 45
66 53
66 110
66 117
66 141
66 154
66 156
67 6
67 26
67 76
67 89
67 137
67 150
68 2
68 22
68 27
68 89
68 119
68 127
68 128
68 159
69 31
69 54
69 131
69 135
69 136
70 71
70 93
70 99
70 110
70 131
70 140
71 12
71 131
71 147
72 8
72 57
72 68
72 70
73 3
73 4
73 41
73 61
73 105
73 126
73 131
73 134
73 154
74 9
74 63
75 2
75 21
75 53
75 74
75 78
75 148
76 47
76 83
76 97
76 113
77 12
77 33
77 67
77 111
78 6
78 22
78 142
78 143
78 151
79 26
79 56
79 77
79 122
79 148
80 20
80 29
80 53
80 55
81 32
81 107
81 143
81 152
81 156
82 24
82 47
82 54
82 91
82 112
82 120
82 143
83 0
83 30
83 50
83 54
83 104
83 129
84 82
84 104
84 112
85 6
85 29
85 53
85 54
85 75
86 25
86 81
86 120
86 129
86 133
87 3
87 23
87 82
87 151
87 153
88 13
88 16
88 32
88 34
88 44
88 70
88 80
88 106
89 7
89 16
89 50
89 66
89 84
89 91
89 128
89 132
89 143
90 10
90 12
90 19
90 86
90 105
90 156
91 47
91 58
91 64
91 128
91 147
91 152
92 16
92 23
92 28
92 47
92 53
92 91
92 124
93 9
93 14
93 15
93 25
93 49
93 61
93 86
93 105
93 106
93 147
94 49
94 58
94 136
95 47
95 55
95 60
95 86
95 91
95 140
96 63
96 70
96 77
96 80
96 94
97 3
97 51
97 94
97 151
98 36
98 40
98 61
98 65
98 115
98 118
99 22
99 32
99 41
99 142
100 60
100 75
100 85
100 87
100 141
101 6
101 10
101 19
101 23
101 77
101 83
101 105
101 139
101 146
102 83
102 111
103 7
103 27
103 30
103 39
104 1
104 14
104 28
104 58
104 65
104 77
105 14
105 33
105 62
105 66
105 80
105 84
105 86
105 88
105 95
105 106
105 141
106 4
106 7
106 48
106 53
106 95
106 99
106 138
107 28
107 79
107 99
107 113
107 156
108 32
108 59
108 113
109 14
109 38
109 48
109 74
110 17
110 102
111 74
111 147
112 33
112 45
112 46
112 67
112 77
112 152
113 3
113 10
113 37
113 50
113 81
114 9
114 24
114 47
114 59
114 118
114 126
115 17
115 65
115 84
115 109
115 134
116 28
116 46
116 47
116 58
116 63
116 96
117 0
117 17
117 58
117 74
117 83
117 93
117 110
118 0
118 68
118 93
118 100
118 121
119 15
119 25
119 27
119 34
119 107
119 126
120 38
120 106
120 126
120 142
120 148
120 155
121 34
121 129
121 132
121 133
121 153
121 159
122 67
122 88
122 113
122 134
122 137
123 88
123 93
123 100
123 111
123 129
123 135
123 136
124 26
124 31
124 87
124 99
124 106
124 127
124 142
124 156
125 6
125 26
125 43
125 71
125 72
126 53
126 79
126 109
126 118
127 22
127 33
127 42
127 46
127 76
127 92
127 130
127 146
127 158
128 83
128 90
128 104
128 121
128 153
129 31
129 40
129 122
129 144
129 154
130 2
130 26
130 29
130 55
130 85
130 86
130 151
131 87
131 96
131 102
131 119
131 121
131 144
132 6
132 25
132 113
132 145
132 151
133 28
133 31
133 36
133 92
133 99
133 104
134 21
134 41
134 49
135 148
135 158
136 8
136 23
136 75
136 78
136 118
136 120
137 2
137 21
137 39
137 78
137 135
138 20
138 31
138 84
138 133
139 43
139 53
139 96
139 147
140 11
140 45
140 46
140 82
140 93
140 111
140 126
141 79
141 86
141 155
142 0
142 15
142 32
142 115
142 123
142 131
142 139
142 147
143 21
143 50
143 74
143 157
144 4
144 42
144 105
145 18
145 69
145 77
146 2
146 6
146 9
146 15
146 19
146 27
146 49
146 93
146 100
146 145
146 156
147 6
147 17
147 44
147 69
147 74
147 137
147 154
148 63
148 66
148 105
148 142
149 3
149 16
149 62
149 66
149 71
149 73
149 98
150 47
150 111
150 118
150 125
150 155
150 156
151 4
151 49
151 73
151 83
151 133
151 143
152 7
153 68
153 73
153 94
153 104
153 125
153 135
154 18
154 42
154 72
154 75
154 108
154 144
154 148
155 61
155 66
155 81
155 95
155 121
155 126
155 127
156 4
156 29
156 63
156 95
156 123
156 136
156 144
156 151
157 6
157 41
157 43
157 101
157 114
157 153
158 100
158 116
158 117
159 20
159 24
159 64
159 94
159 107
159 108
159 140
159 155
0 1 2 3 4 5 6 7 8 9 10 11
