160 849 40
0 26
0 44
0 61
0 78
0 87
0 143
1 30
1 32
1 45
1 59
1 98
1 107
1 130
1 131
1 135
2 56
2 79
2 93
2 143
2 155
3 16
3 52
3 89
3 108
4 6
4 20
4 41
4 131
4 144
4 157
5 17
5 42
5 54
5 144
5 150
6 26
6 28
6 36
6 42
6 47
6 73
6 80
6 90
6 92
6 101
7 41
8 21
8 109
8 117
8 138
9 63
9 112
9 118
9 145
10 3
10 44
10 57
10 86
10 142
11 4
11 13
11 18
11 55
11 67
11 109
12 3
12 48
12 69
12 81
12 89
12 99
12 146
12 149
13 62
13 68
13 73
13 140
13 145
14 8
14 52
14 73
14 81
14 114
14 121
15 27
15 40
15 53
15 98
15 101
15 155
16 109
16 129
17 15
17 21
18 50
18 65
18 97
18 127
18 132
18 140
19 31
19 60
19 113
19 140
20 36
20 71
20 75
20 83
20 84
20 91
20 101
20 115
21 44
21 70
21 79
21 85
21 151
22 7
22 84
22 95
22 125
23 4
23 15
23 44
23 55
23 142
24 158
25 0
25 69
25 75
25 129
25 142
26 75
26 85
26 93
26 129
27 6
27 19
27 112
27 125
28 154
28 158
29 14
29 30
29 33
29 36
29 49
29 85
29 150
30 46
30 65
30 83
30 88
31 11
31 17
31 19
31 27
31 56
31 117
31 152
31 158
32 1
32 6
32 23
32 47
32 56
32 81
32 110
32 149
33 2
33 7
33 48
33 66
34 62
35 63
35 119
35 134
35 144
36 31
36 65
36 68
36 88
36 92
36 93
36 98
36 109
37 5
37 34
37 122
37 145
38 24
38 47
38 54
38 63
38 68
38 115
38 132
38 148
39 42
39 52
39 62
39 74
39 76
39 105
39 108
39 116
39 136
40 64
40 96
40 117
40 118
41 7
41 146
41 154
42 74
42 135
42 159
43 39
43 42
43 49
43 62
43 71
43 94
43 107
43 144
43 146
44 78
44 115
44 123
45 29
45 44
45 62
45 66
46 3
46 12
46 17
46 29
46 35
46 50
46 83
47 51
47 114
47 137
47 152
48 12
48 32
48 80
48 98
48 99
48 131
49 7
49 16
49 21
49 68
49 103
49 133
50 9
50 40
50 58
50 78
50 120
50 121
50 131
50 138
50 144
51 23
51 36
51 108
51 127
52 14
52 17
52 69
52 85
52 144
53 13
53 50
53 79
53 119
53 150
54 8
54 44
54 77
54 92
54 113
55 50
55 53
55 66
55 67
55 131
55 142
56 4
56 44
56 46
56 66
56 68
56 106
56 138
57 76
57 81
57 84
57 134
58 15
58 23
58 30
58 42
58 63
58 66
58 109
59 0
59 22
59 41
59 72
59 82
59 102
59 145
60 72
60 116
61 48
61 59
61 75
61 78
61 122
62 41
62 50
62 61
62 85
62 86
62 87
63 23
63 73
63 93
63 102
63 117
63 123
64 4
64 22
64 28
64 39
64 68
64 109
64 148
65 33
65 127
65 135
65 137
66 31
66 55
66 82
66 85
66 133
67 9
67 10
67 12
67 33
67 51
67 70
67 88
67 107
67 121
68 7
68 45
68 73
68 138
68 143
68 148
69 30
69 46
69 52
69 70
69 96
69 113
70 2
70 31
70 136
71 62
71 90
71 92
71 126
71 152
72 31
72 56
72 79
72 153
73 52
73 60
73 75
73 91
73 121
73 139
74 78
74 115
75 18
75 21
75 36
75 50
75 73
75 79
75 140
75 155
76 60
76 75
76 143
77 4
77 34
77 56
77 69
77 83
78 0
78 26
78 54
78 108
78 136
78 148
79 72
79 78
79 100
79 109
79 121
79 123
79 126
79 142
80 58
80 83
80 114
81 32
81 36
81 41
81 79
81 150
82 9
82 33
82 40
82 43
82 61
82 73
82 74
82 108
83 23
83 46
83 51
83 58
83 61
83 137
84 5
84 50
84 100
84 101
84 135
85 43
85 62
85 147
85 151
86 16
86 82
86 87
87 36
87 47
87 67
87 149
87 159
88 2
88 49
88 67
88 72
88 110
88 116
88 129
89 13
89 92
89 143
89 159
90 6
90 70
90 74
90 93
90 100
91 28
91 46
91 98
91 127
92 21
92 72
92 74
92 85
92 154
93 12
93 36
93 63
93 68
93 77
93 139
94 52
94 62
94 155
95 7
95 22
95 35
95 43
95 74
95 81
96 6
96 8
96 11
96 29
96 69
96 95
96 109
96 131
96 140
97 32
97 51
97 52
97 93
98 11
98 41
98 91
98 118
99 5
99 33
99 36
99 72
99 92
99 128
100 3
100 38
100 60
100 92
100 152
100 158
101 30
101 81
101 90
101 99
101 114
101 154
102 45
102 46
102 138
102 139
103 18
103 49
103 84
103 86
104 11
104 58
104 80
104 97
104 140
104 141
105 3
105 8
105 72
105 77
105 113
106 22
106 74
106 111
107 22
107 28
107 51
107 78
107 105
108 2
108 48
108 51
108 56
108 80
108 89
108 116
108 125
108 143
108 145
109 13
109 26
109 56
109 79
109 90
109 116
110 28
110 42
110 107
110 131
111 13
111 36
111 39
111 59
111 61
111 93
111 102
111 112
111 159
112 27
112 39
112 94
112 143
112 146
112 148
113 19
113 31
113 46
113 57
113 73
113 104
114 15
114 19
114 54
114 57
114 85
114 122
115 9
115 70
115 123
115 149
115 154
116 2
116 17
116 33
116 79
116 82
116 122
116 138
116 153
117 14
117 40
117 56
117 119
117 144
118 23
118 25
118 40
118 52
118 74
118 92
118 116
118 122
118 145
119 5
119 37
119 40
119 65
119 154
120 2
120 38
120 46
120 59
120 63
120 137
121 12
121 67
121 102
121 107
121 111
121 152
121 153
122 30
122 36
122 59
122 72
122 76
122 103
122 104
122 106
122 107
122 153
122 159
123 44
123 51
123 149
123 152
123 156
124 23
124 74
124 108
124 116
125 22
125 49
125 145
125 151
126 21
126 31
126 82
126 131
127 2
127 9
127 10
127 14
127 27
127 99
127 102
127 105
127 114
127 121
128 34
128 83
128 121
129 21
129 44
129 88
129 109
129 147
130 0
130 5
130 32
130 47
130 85
130 149
131 78
131 112
132 4
132 136
133 39
133 55
133 62
133 107
134 38
134 101
134 131
135 7
135 51
135 88
135 101
135 106
135 108
135 159
136 41
136 57
136 89
136 129
136 130
136 141
137 30
137 43
137 83
137 110
138 23
138 44
138 50
138 79
138 94
138 100
138 104
138 120
139 57
139 59
139 71
139 83
139 110
139 118
139 128
139 143
139 153
140 19
140 26
140 47
140 95
140 118
140 127
141 26
141 108
142 26
142 29
142 48
142 82
142 86
142 96
142 120
142 158
143 0
143 26
143 79
143 122
143 125
144 10
144 20
144 38
144 51
144 76
144 97
144 155
145 10
145 14
145 140
146 3
146 26
146 30
146 64
146 69
146 93
146 95
146 107
146 149
147 18
147 19
147 61
147 97
147 108
147 131
147 152
148 3
148 45
148 71
149 48
149 74
149 87
149 93
149 110
150 19
150 76
151 52
151 63
151 71
151 83
151 141
152 92
152 96
153 9
153 46
153 82
153 92
153 139
153 152
154 24
154 59
154 145
155 33
155 79
155 95
156 67
156 72
156 101
156 109
156 136
157 24
157 49
157 63
157 84
157 95
157 138
158 10
158 36
158 65
158 85
158 109
158 112
158 130
158 132
158 155
159 99
159 148
0 1 2 3 4 5 6 7 8 9 10 11 12 13 14 15 16 17 18 19 20 21 22 23 24 25 26 27 28 29 30 31 32 33 34 35 36 37 38 39
