160 812 12
0 34
0 52
0 67
0 70
0 76
0 85
0 110
0 115
0 118
0 119
0 122
0 144
0 145
0 154
1 68
1 92
2 15
2 16
2 94
2 126
2 133
3 37
3 115
3 146
4 35
4 93
4 102
4 143
5 8
5 12
5 20
5 72
5 90
5 106
6 2
6 39
6 104
6 111
6 114
6 141
6 155
7 4
7 17
7 32
7 79
7 148
8 26
8 40
8 91
9 7
9 12
9 31
9 49
9 90
9 105
9 119
9 137
10 5
10 31
10 35
10 106
10 122
11 42
11 117
11 141
11 151
12 45
12 77
12 103
12 145
13 19
13 21
13 54
13 91
13 101
13 116
13 118
14 34
14 82
15 20
15 33
15 48
15 88
15 91
15 127
16 15
16 39
16 75
16 81
16 118
16 122
17 32
17 49
17 66
17 108
18 92
18 97
18 127
19 9
19 41
19 59
19 60
19 76
19 87
19 106
19 127
19 137
20 32
20 44
20 56
20 57
20 119
21 20
21 52
21 151
21 158
22 0
22 135
23 103
23 107
23 123
24 3
24 22
24 28
24 51
24 94
24 101
24 138
24 159
25 5
25 149
26 7
26 77
26 91
26 135
27 38
27 41
27 63
27 75
27 90
27 114
27 134
27 150
27 154
28 90
28 142
28 153
29 45
29 70
29 137
29 141
30 45
30 53
30 54
30 56
31 51
31 82
31 115
31 157
32 34
32 72
32 116
33 7
33 13
33 46
33 70
33 75
33 111
33 134
34 20
34 69
34 85
34 86
34 89
34 96
34 101
34 129
34 148
35 55
35 68
35 147
35 148
36 12
36 21
36 46
36 55
36 58
36 73
36 114
36 123
36 134
37 13
37 41
37 54
37 143
37 150
38 22
38 82
38 134
38 140
38 143
38 152
39 69
39 104
40 31
40 48
40 63
40 79
40 121
41 18
41 28
41 33
41 34
41 42
41 43
41 84
41 98
42 2
42 6
42 7
42 14
42 55
43 38
43 145
43 150
44 3
44 11
44 77
44 157
45 1
45 5
45 20
45 69
45 72
45 143
46 9
46 45
46 71
46 115
47 17
47 35
47 151
48 30
48 32
48 125
49 22
49 31
49 63
49 116
49 123
49 128
49 129
49 138
50 26
50 28
50 112
50 150
51 102
51 120
51 135
52 50
52 53
52 59
52 62
52 69
52 119
52 120
52 127
53 3
53 7
53 13
53 25
53 27
53 82
53 91
53 96
53 126
54 42
54 80
54 109
54 116
54 129
55 27
55 30
55 77
55 107
55 113
56 67
56 86
56 99
56 128
57 11
57 28
57 40
58 8
58 31
58 73
58 102
59 49
59 98
59 108
59 111
60 7
60 18
60 44
60 52
60 110
60 157
61 0
61 12
61 43
61 56
61 62
61 152
63 7
63 101
63 133
64 7
64 56
64 100
64 142
65 63
65 125
65 132
65 153
66 5
66 77
66 78
66 97
66 106
66 111
66 123
66 127
67 68
67 146
68 31
68 70
68 76
68 89
68 115
68 126
69 4
69 7
69 20
69 26
69 28
69 42
69 68
69 72
69 88
69 89
69 117
69 140
70 5
70 22
70 53
70 106
71 9
71 41
71 115
72 2
72 4
72 30
72 31
72 37
72 51
72 58
72 121
73 7
73 20
73 41
73 51
73 57
73 140
74 1
74 78
74 120
75 37
75 111
76 27
76 38
76 75
77 27
77 69
77 71
77 89
77 120
77 121
78 39
78 142
79 15
79 144
80 0
80 36
80 40
80 77
81 0
81 67
81 89
81 99
81 108
81 127
82 28
82 44
82 56
82 69
82 77
82 114
82 115
82 141
83 7
83 36
83 67
83 87
83 156
84 52
84 69
84 71
84 152
85 21
85 75
85 120
85 147
86 55
87 111
87 133
87 153
88 40
88 46
88 51
88 159
89 23
89 37
89 75
89 92
89 113
89 150
90 37
90 58
90 82
90 84
90 119
90 120
91 4
91 21
91 70
91 93
91 111
91 147
92 23
92 28
92 39
92 94
93 1
93 21
93 50
93 55
93 59
93 81
93 92
93 112
93 124
93 127
93 138
93 146
94 16
94 134
95 2
95 4
95 87
95 118
96 13
96 16
96 50
96 70
96 83
96 158
97 95
97 149
97 158
98 80
98 130
99 0
99 1
99 11
99 94
99 132
100 7
100 10
100 24
100 102
100 128
100 135
100 153
101 30
101 94
102 23
102 30
102 35
102 37
102 88
102 127
103 16
103 49
104 25
104 57
104 75
104 85
104 89
104 109
104 136
105 12
105 29
105 31
105 66
105 86
105 88
105 119
105 153
106 59
106 73
106 103
106 131
107 8
107 28
107 94
107 132
108 53
108 85
108 101
109 1
109 51
109 81
109 136
110 40
110 103
110 120
110 146
111 5
111 9
111 25
111 63
111 65
111 129
112 46
112 60
112 100
112 110
113 34
113 59
113 75
113 135
114 14
114 20
114 109
114 130
115 50
115 55
115 97
116 51
116 94
116 144
117 14
117 15
117 16
117 48
117 124
117 148
118 48
118 70
118 99
118 158
119 17
119 43
119 47
119 91
119 97
119 135
120 68
120 86
120 108
121 36
121 71
121 110
121 123
121 142
121 145
121 147
122 33
122 100
122 129
123 18
123 27
123 53
123 70
123 114
123 124
123 127
123 134
124 9
124 16
124 85
124 99
124 129
124 136
125 32
125 50
125 88
125 106
126 22
126 38
126 70
126 80
126 99
126 122
126 151
126 153
127 28
127 96
127 97
127 121
127 132
128 25
128 36
128 43
128 93
128 99
128 117
128 146
128 157
129 7
129 28
129 50
129 144
129 159
130 22
130 89
130 110
130 128
131 18
131 39
131 79
131 96
131 138
131 159
132 42
132 95
132 153
133 64
133 94
133 152
133 156
134 101
134 128
134 137
134 159
135 109
135 150
136 37
136 93
136 125
137 10
137 25
137 27
137 66
137 113
137 129
138 9
138 33
138 86
138 135
138 155
138 159
139 18
139 32
139 34
139 77
139 148
140 9
140 24
140 25
140 48
140 97
140 98
141 15
141 25
141 43
141 49
141 71
141 104
141 144
142 2
142 37
142 57
142 58
142 108
142 113
142 116
142 141
143 20
143 53
143 83
143 102
143 134
143 144
143 152
144 3
144 10
144 14
144 28
144 50
144 54
144 69
144 104
145 33
145 42
145 65
145 74
145 107
145 114
145 134
145 141
146 21
146 46
146 59
146 89
146 106
146 120
146 133
146 134
146 149
147 43
147 47
147 49
147 70
147 127
147 146
147 149
148 36
148 41
148 97
148 99
148 124
149 10
149 21
149 41
149 42
149 64
149 85
149 107
150 25
150 54
150 60
150 87
150 96
150 99
150 116
150 122
150 141
151 45
151 58
151 59
151 75
151 82
151 84
151 88
151 136
151 142
152 0
152 23
152 30
152 49
152 80
152 108
152 138
153 8
153 15
153 25
153 61
153 71
153 85
153 86
153 140
154 94
154 103
154 112
154 127
155 9
155 47
155 91
155 115
155 149
156 29
156 33
156 53
156 66
156 78
156 104
156 135
156 154
157 21
157 34
157 53
157 138
157 151
158 35
158 65
158 79
159 25
159 81
159 86
159 104
0 1 2 3 4 5 6 7 8 9 10 11
