160 849 40
0 8
0 20
0 34
0 39
0 53
0 76
0 78
0 90
0 92
0 103
0 123
0 129
0 133
1 5
1 64
1 111
1 122
1 142
2 0
2 61
2 66
2 152
3 8
3 12
3 43
3 126
3 145
3 159
4 32
4 49
4 52
4 69
4 91
4 93
5 39
5 55
5 73
5 86
5 94
5 97
5 99
5 109
5 114
5 116
5 130
5 150
6 41
7 40
7 97
7 116
7 129
7 132
8 4
8 63
8 97
9 7
9 10
9 28
9 37
9 56
9 73
9 142
10 61
10 107
10 119
10 157
11 9
11 31
11 76
11 128
11 133
12 28
12 110
12 125
12 138
13 14
13 16
13 54
13 58
13 79
13 121
13 127
13 129
14 3
14 7
14 11
14 20
14 135
14 149
15 4
15 18
15 91
15 97
15 115
15 128
15 129
15 136
15 159
16 32
16 51
16 66
16 89
16 94
16 147
16 152
16 156
17 5
17 8
17 19
17 47
17 56
17 67
17 81
17 86
17 91
17 99
17 128
17 135
17 155
17 157
18 32
18 65
18 102
18 105
18 158
19 17
19 95
19 114
20 4
20 61
21 20
21 45
21 47
21 51
21 88
21 90
21 107
21 118
21 155
22 60
23 43
23 58
24 44
24 50
24 67
24 92
24 104
24 128
24 131
25 41
25 46
25 62
25 105
25 138
26 95
26 150
26 157
27 12
27 13
27 29
27 84
27 107
27 109
27 129
27 151
27 155
28 76
29 2
29 51
29 129
29 151
29 157
30 14
30 58
30 81
30 82
30 118
30 155
31 11
31 25
31 43
31 80
31 115
31 151
31 153
31 159
32 0
32 2
32 13
32 34
32 83
32 98
32 125
32 153
33 5
33 66
33 71
33 101
33 126
33 146
33 157
34 42
34 64
34 111
34 159
35 72
35 95
36 15
36 17
36 61
36 89
36 158
37 22
37 26
37 52
37 69
37 82
37 117
37 118
37 131
37 143
37 150
38 6
38 13
38 46
38 67
38 90
38 141
39 0
39 3
39 4
39 17
39 18
39 47
39 53
39 111
39 116
40 94
40 140
41 6
41 20
41 120
41 128
41 150
42 20
42 23
42 47
42 115
42 126
42 153
43 9
43 16
43 23
43 31
43 60
43 80
44 105
44 153
45 3
45 33
45 78
45 103
45 121
46 70
46 79
46 83
46 94
47 11
47 38
47 41
47 75
47 83
47 100
47 157
48 25
48 80
48 147
49 28
49 77
49 80
49 86
49 108
49 113
49 117
50 33
50 48
50 57
50 67
50 126
51 14
51 45
51 53
51 71
51 158
52 6
52 7
52 104
52 116
52 128
52 141
53 39
53 61
53 82
53 87
53 144
54 12
54 53
54 59
54 67
54 72
54 157
55 20
55 66
55 123
56 7
56 14
56 82
56 99
56 127
57 18
57 89
57 91
57 96
57 152
58 60
58 63
58 89
58 109
59 0
59 16
59 55
59 62
59 69
59 94
59 139
59 141
59 159
60 2
60 58
60 75
60 82
60 84
60 94
60 108
60 110
60 113
60 138
60 154
61 36
61 47
61 70
61 110
61 125
61 154
62 18
62 72
62 137
62 142
62 146
63 3
63 9
63 19
63 35
63 56
63 128
64 37
65 23
65 43
65 45
65 79
65 81
66 37
66 53
66 93
66 102
66 111
66 147
67 39
67 53
67 66
67 78
67 85
68 90
69 68
69 157
70 8
70 60
70 136
70 151
71 6
71 29
71 134
72 42
72 48
72 94
73 108
73 122
73 127
73 156
74 30
75 4
75 13
75 43
75 47
75 90
75 95
75 131
75 146
76 0
76 80
76 111
76 127
77 22
77 25
77 45
77 57
77 59
77 107
78 10
78 22
78 41
78 72
78 73
78 76
78 77
78 140
79 13
80 52
80 54
81 37
81 65
81 116
81 137
81 139
82 1
82 45
82 47
82 89
82 145
82 158
83 9
83 46
83 80
83 114
83 131
83 141
83 156
84 29
84 35
84 65
84 106
84 129
85 5
85 18
85 31
85 92
85 108
85 110
85 116
85 121
85 132
85 144
86 45
86 55
87 7
87 21
87 33
87 88
87 125
88 9
88 50
88 85
88 120
89 36
89 47
89 57
90 0
90 20
90 53
90 75
90 76
90 109
90 110
90 144
91 26
91 67
91 75
91 152
92 58
92 69
92 86
92 105
92 157
93 5
93 18
93 26
93 27
93 54
93 55
93 99
93 133
93 140
94 152
95 4
95 41
95 83
95 90
95 124
96 39
96 60
96 85
96 137
96 151
97 47
97 48
97 53
97 65
97 85
97 90
97 96
98 79
98 92
98 109
99 22
99 40
99 66
99 73
99 77
99 94
99 107
100 23
100 38
100 47
100 55
100 67
101 52
102 20
102 36
102 57
102 64
102 66
102 88
102 89
103 32
103 52
103 71
103 143
104 49
104 62
104 86
104 92
104 101
105 18
105 44
105 94
105 102
105 115
106 2
106 16
106 24
106 34
106 67
106 153
106 159
107 30
107 45
107 72
107 82
107 140
108 9
108 21
108 60
108 69
108 76
108 91
108 143
109 16
109 27
109 56
109 57
109 66
109 94
109 147
110 15
110 19
110 34
110 56
110 86
110 123
111 6
111 36
111 114
111 133
112 30
112 82
112 115
113 1
113 60
113 62
113 108
113 115
113 155
113 159
114 18
114 26
114 27
114 30
114 144
115 22
115 41
115 43
115 87
115 136
116 5
116 46
116 49
116 81
116 82
116 105
116 138
116 158
117 49
117 76
117 130
117 142
117 146
118 19
118 28
118 51
118 73
118 88
118 113
118 139
118 152
119 2
119 24
119 47
119 56
119 92
120 39
120 40
120 76
120 125
121 10
121 15
121 26
122 85
122 96
122 131
122 135
122 144
123 18
123 83
123 137
123 148
124 1
124 28
124 29
124 36
124 38
124 60
124 66
124 82
124 87
124 126
124 135
125 46
125 143
125 155
126 15
126 62
126 81
126 88
126 127
127 31
127 41
127 83
127 91
127 112
127 140
128 4
128 20
128 65
128 87
128 116
128 127
129 31
129 36
129 61
129 64
129 84
129 110
129 146
130 7
130 29
130 39
130 81
130 85
130 89
130 99
130 153
131 8
131 12
131 14
131 27
131 33
131 72
131 83
131 106
132 3
132 58
132 69
132 85
132 109
132 134
132 137
133 10
133 44
133 78
134 17
134 23
134 26
134 68
134 107
135 28
135 31
135 54
135 73
135 91
135 130
135 159
136 28
136 126
136 144
137 15
137 28
137 59
137 65
137 93
138 15
138 53
138 122
138 130
139 15
139 32
139 80
139 93
140 23
140 34
140 38
140 40
140 48
140 60
140 80
141 64
142 5
142 28
142 36
143 26
143 56
143 95
143 147
143 153
144 22
144 41
144 54
144 91
144 100
144 136
144 157
145 7
145 98
145 100
145 126
145 150
146 19
147 16
147 17
147 101
147 103
147 114
148 36
148 37
148 71
148 90
148 108
148 109
148 144
149 31
149 37
149 52
149 67
149 94
149 97
149 102
150 25
150 39
150 40
150 107
150 117
150 129
151 37
151 53
151 58
151 87
151 117
151 120
151 124
152 51
152 85
152 92
152 137
152 149
153 10
153 24
153 25
153 78
153 107
153 128
153 131
153 133
153 141
154 23
154 61
154 120
154 148
155 1
155 13
155 26
155 85
156 15
156 16
156 17
156 42
156 95
157 2
157 3
157 16
157 81
157 121
158 5
158 18
158 46
158 108
158 121
158 132
158 155
159 41
159 47
0 1 2 3 4 5 6 7 8 9 10 11 12 13 14 15 16 17 18 19 20 21 22 23 24 25 26 27 28 29 30 31 32 33 34 35 36 37 38 39
