160 812 12
0 10
0 14
0 50
0 87
0 102
0 148
0 158
1 6
1 30
1 55
1 60
1 70
1 72
1 99
1 129
1 135
1 154
1 158
2 66
2 129
2 132
3 11
3 70
3 82
4 32
4 99
4 141
4 149
5 7
5 65
5 82
6 63
6 72
6 83
6 96
6 130
6 140
6 150
7 18
7 29
7 54
7 73
8 54
8 142
9 0
9 5
9 56
9 70
9 121
10 3
10 6
10 21
10 73
10 79
10 87
10 90
10 98
10 149
11 144
11 146
12 40
12 102
13 46
13 106
13 119
13 131
14 8
14 36
14 45
14 54
14 90
14 112
14 130
15 8
15 11
15 13
15 14
15 80
15 108
15 137
15 143
15 151
15 152
16 76
17 73
17 110
17 122
17 126
17 128
17 136
17 154
18 19
18 24
19 12
19 21
19 23
19 52
19 102
19 110
19 112
19 159
20 70
20 87
20 132
20 147
21 39
21 58
21 60
21 79
21 112
21 115
22 8
22 17
22 29
22 46
22 50
22 61
22 117
22 158
23 78
23 99
23 143
24 6
24 26
24 29
24 30
24 70
24 91
24 104
24 146
25 24
25 28
25 101
25 158
26 16
26 140
26 155
27 42
27 61
27 75
27 89
27 94
27 140
27 148
28 90
28 122
28 143
29 82
29 113
29 154
30 112
30 130
31 45
31 52
31 77
31 94
31 95
31 153
32 143
33 22
33 55
33 111
33 112
33 149
34 6
34 38
34 39
34 81
34 97
34 125
34 141
34 156
35 19
35 116
35 121
35 146
35 147
35 155
36 6
36 29
36 34
36 41
36 55
36 61
36 118
36 140
37 45
37 57
37 82
37 91
37 110
37 131
38 3
38 11
38 32
38 35
38 74
38 111
38 135
39 37
39 46
39 50
40 23
40 29
40 53
40 64
40 116
40 132
40 149
40 154
41 23
41 67
41 80
41 104
41 135
42 15
42 32
42 34
42 55
42 74
42 154
43 14
43 26
43 38
43 71
43 123
44 34
44 40
44 61
44 76
44 125
45 2
45 24
45 128
45 139
46 70
46 130
47 0
47 36
47 94
47 112
47 124
47 159
49 3
49 8
49 22
49 70
50 70
50 155
51 34
51 55
51 79
51 85
51 151
52 4
52 23
52 56
52 59
52 137
53 7
53 38
53 118
54 29
54 51
54 53
54 60
54 72
54 115
54 130
54 149
55 74
55 75
55 98
55 104
55 117
55 130
55 150
55 153
56 7
56 36
56 54
56 79
56 136
56 143
56 147
57 59
57 135
58 2
58 18
58 56
58 70
58 71
58 121
58 155
59 53
59 54
59 73
59 85
59 134
59 138
60 15
60 19
60 103
60 145
61 82
62 23
62 54
62 92
62 158
63 53
63 71
63 82
63 96
63 112
63 118
63 148
64 56
64 93
64 95
64 123
64 146
64 150
65 31
65 46
65 84
65 103
65 145
65 147
65 149
66 10
66 51
66 52
66 54
66 87
66 137
67 45
67 55
67 62
67 87
67 88
67 90
67 92
67 143
67 147
68 58
68 66
68 128
68 142
68 143
68 146
69 23
69 124
70 67
70 139
71 52
71 69
71 130
71 138
71 144
71 159
72 37
72 40
72 156
73 35
73 60
73 70
73 133
73 148
74 10
74 15
74 32
74 68
74 99
74 155
75 9
75 20
75 52
75 111
76 72
77 27
77 57
77 124
77 130
77 147
78 36
78 71
78 133
79 3
79 4
79 64
79 84
79 85
79 112
80 10
80 13
80 52
80 91
81 113
82 2
82 14
82 33
82 60
82 86
82 119
82 140
83 27
83 79
84 28
84 63
84 77
84 117
84 125
84 144
85 70
85 82
85 126
85 134
86 35
86 40
86 45
86 63
86 89
87 4
87 6
87 56
87 86
87 90
87 105
87 106
87 110
87 111
87 128
88 25
88 26
88 42
88 75
88 85
88 123
88 141
88 144
89 20
89 23
89 68
89 69
89 120
90 57
90 62
90 88
90 105
90 132
91 86
91 134
92 10
92 29
92 31
92 39
92 65
92 91
92 107
93 1
93 16
93 32
93 41
93 70
93 83
93 103
94 72
94 133
94 136
94 139
95 13
95 22
95 29
95 55
95 72
96 11
96 20
96 41
96 52
96 58
96 73
96 75
96 111
96 130
97 22
97 29
97 48
97 96
97 100
97 101
97 102
98 6
98 84
98 130
99 28
99 95
99 113
99 124
100 45
100 81
100 83
101 13
101 35
101 115
101 122
101 136
102 42
102 63
102 77
102 93
102 94
102 111
103 7
103 44
103 52
103 92
103 99
104 42
104 44
104 69
104 131
105 8
105 36
105 73
105 101
105 112
106 45
106 82
106 113
106 121
106 137
107 23
107 29
107 38
107 82
108 39
108 58
108 59
108 64
108 151
109 0
109 23
109 72
109 86
109 92
109 99
110 45
110 62
110 120
110 141
111 113
111 115
111 128
111 135
111 144
111 152
112 22
112 85
112 157
113 41
113 59
113 131
113 148
113 154
114 83
114 88
114 131
114 136
114 140
115 1
115 26
115 53
115 56
115 98
115 103
115 145
115 150
115 151
116 7
116 104
117 73
118 40
119 46
119 58
119 81
119 87
119 143
120 23
120 29
120 56
120 93
120 113
120 115
120 122
121 123
121 137
121 141
122 4
122 32
122 44
122 48
122 62
122 74
122 92
122 136
122 137
122 159
123 25
123 27
123 59
123 78
123 131
123 141
124 10
124 49
124 55
124 64
124 95
124 96
124 109
125 16
125 17
125 39
125 73
125 93
126 115
126 116
126 143
127 8
127 49
127 92
127 93
127 96
127 106
127 130
128 44
128 66
128 104
128 154
129 17
129 44
129 59
129 70
129 77
129 84
129 91
129 104
129 137
129 151
130 1
130 8
130 24
131 25
131 38
131 67
132 19
132 25
132 71
132 75
132 82
132 111
133 7
133 16
133 63
133 95
133 107
133 116
133 154
134 0
134 18
134 21
134 26
134 95
134 101
134 105
134 110
134 129
135 23
135 32
135 66
135 119
135 125
136 15
136 19
136 45
136 46
136 59
136 80
136 90
136 98
136 125
137 31
137 103
137 105
137 108
137 155
138 9
138 22
138 99
138 141
139 12
139 18
139 23
139 26
139 27
139 57
139 98
139 103
139 109
139 143
140 3
140 22
140 25
140 113
141 50
141 60
141 78
141 90
141 111
141 120
141 122
142 23
142 39
142 41
142 128
142 135
143 9
143 12
143 44
143 79
143 146
144 1
144 39
144 136
144 138
145 17
145 53
145 83
145 91
146 18
146 23
146 30
146 50
146 84
146 96
146 102
146 104
146 130
147 1
147 32
147 89
147 101
148 32
148 75
148 83
148 107
148 109
149 70
149 89
150 28
150 84
150 126
150 130
151 1
151 7
151 17
151 28
151 43
151 50
151 69
151 70
151 135
152 1
152 23
152 32
152 38
152 49
152 58
152 99
153 25
153 34
153 47
153 128
154 19
154 65
154 72
154 83
154 96
155 59
155 69
156 25
156 39
156 43
156 127
157 0
157 25
157 63
157 67
157 99
157 110
157 117
157 124
157 145
157 150
158 50
158 97
159 2
159 61
159 82
159 90
159 93
159 152
0 1 2 3 4 5 6 7 8 9 10 11
