160 471 12
0 9
0 32
0 59
0 78
0 83
0 120
0 140
1 16
1 76
1 79
1 85
1 100
1 127
2 3
2 5
2 139
2 154
3 2
3 16
3 37
3 89
4 54
5 46
5 77
6 44
6 53
7 32
8 23
8 68
8 109
8 123
9 0
9 19
9 20
9 54
9 133
9 148
10 150
11 59
12 105
12 156
13 40
13 76
13 104
13 114
14 51
14 101
14 128
14 135
14 142
15 56
15 72
15 81
15 88
16 1
16 79
16 94
16 119
17 155
18 36
18 95
18 143
19 11
19 113
19 116
19 121
20 1
20 9
20 111
21 73
22 23
22 123
23 8
23 60
23 82
23 100
24 84
24 102
24 116
24 128
25 71
25 117
25 126
26 31
26 127
26 152
27 67
27 78
29 85
29 114
30 77
30 87
30 95
30 137
30 148
30 155
31 15
31 16
31 33
31 41
31 79
32 0
32 30
32 80
32 95
32 105
32 132
32 136
32 142
32 156
33 31
33 32
33 35
33 42
33 127
33 132
33 149
34 4
34 118
35 9
35 147
36 91
36 121
37 3
37 54
37 70
37 114
38 54
38 68
38 82
39 79
39 156
40 153
41 31
41 54
41 74
41 93
41 99
41 102
41 113
41 149
42 23
42 33
42 48
42 91
42 94
43 114
44 91
44 132
45 53
45 70
45 147
46 5
46 97
46 121
46 155
46 156
47 124
47 130
48 42
48 75
48 89
48 153
49 79
49 138
49 151
50 32
50 81
50 126
51 14
51 73
51 86
51 129
51 159
52 127
53 6
53 45
53 119
53 132
54 4
54 6
54 9
54 118
54 131
55 155
56 15
56 129
56 147
57 26
57 136
58 59
58 96
59 11
59 44
59 58
59 89
60 23
60 71
60 96
60 130
61 69
61 110
62 127
63 130
63 140
63 159
64 119
64 120
64 132
65 21
65 63
65 121
65 124
65 152
67 12
67 27
67 143
68 8
68 28
68 38
69 61
69 119
70 37
70 45
70 96
70 138
71 25
71 60
73 21
74 41
74 130
75 58
75 99
76 35
77 2
77 5
77 30
78 0
78 27
78 110
78 119
79 1
79 16
79 39
79 87
79 155
80 32
80 54
80 79
80 110
81 15
81 50
81 100
82 136
82 149
83 0
83 15
83 146
83 150
84 109
84 157
85 29
85 115
86 51
86 62
87 30
87 44
87 79
87 107
88 15
88 103
89 48
89 59
89 93
89 97
89 101
90 65
91 36
91 42
91 44
91 84
92 119
93 41
93 151
94 158
95 18
95 30
95 32
95 83
96 58
96 60
96 70
97 46
97 56
97 58
97 89
97 140
98 96
98 110
98 111
99 75
99 100
99 155
100 81
100 105
100 156
101 89
102 24
102 34
102 110
103 88
104 13
104 41
104 106
104 139
105 100
106 19
108 87
108 100
108 149
109 8
109 84
109 135
110 39
110 61
110 98
110 102
110 152
110 155
111 20
111 33
112 53
113 19
113 41
113 159
114 13
114 29
114 102
115 47
115 85
116 19
116 20
116 24
117 25
118 34
118 45
118 156
119 19
119 61
119 64
119 69
119 78
119 79
119 92
119 117
120 0
121 19
121 36
121 46
121 65
121 114
122 111
122 134
122 153
123 8
123 22
124 47
124 65
125 10
126 50
127 62
127 74
127 83
127 141
127 158
128 14
128 24
128 53
128 98
129 141
130 47
130 60
130 63
130 74
130 149
130 157
132 32
132 40
132 44
132 49
132 53
132 125
133 9
133 150
134 85
134 122
135 14
136 32
136 55
136 82
137 66
138 49
138 70
138 95
138 119
139 2
139 7
139 63
139 79
139 104
139 150
139 157
140 21
140 63
140 97
140 109
140 141
140 144
141 122
141 127
141 129
141 137
141 140
141 158
142 14
142 32
142 70
143 18
143 67
144 72
145 147
147 25
147 56
147 145
147 146
148 9
149 0
149 41
149 130
149 135
150 56
150 133
150 139
151 93
152 3
152 26
152 93
153 48
153 70
153 122
154 2
154 29
154 77
155 17
155 30
155 55
155 79
155 110
156 12
156 32
156 39
156 46
156 100
156 118
157 0
157 112
157 130
158 143
159 24
159 63
159 113
0 1 2 3 4 5 6 7 8 9 10 11
