160 812 7
0 27
0 43
0 55
0 85
0 97
0 135
1 15
1 24
1 31
1 36
1 79
1 82
1 87
1 99
1 114
1 141
2 43
2 58
2 90
2 118
2 146
3 79
3 137
4 5
4 27
4 148
5 0
5 14
5 17
5 46
5 83
5 95
6 18
6 22
6 31
6 73
6 136
6 138
6 143
7 10
7 18
7 48
7 54
8 84
8 153
9 30
9 38
9 81
9 121
9 154
10 17
10 31
10 78
10 159
11 1
11 17
11 101
11 110
11 124
12 4
12 10
12 11
12 25
12 159
13 49
13 58
13 64
13 77
13 140
13 159
14 6
14 65
14 70
14 99
14 143
15 17
15 36
15 42
15 56
15 57
15 65
16 44
16 51
16 92
17 23
17 30
17 53
17 153
18 3
18 16
18 20
18 53
18 143
18 149
19 35
19 58
19 62
19 68
19 113
19 114
19 140
20 68
20 111
20 114
20 116
20 132
20 139
20 144
20 156
21 15
21 52
21 61
21 129
21 143
22 19
22 41
22 94
23 151
24 16
24 35
24 101
24 144
25 10
25 22
25 47
25 49
25 69
25 72
25 81
25 97
25 101
26 28
27 14
27 29
27 88
27 89
27 118
27 126
27 144
28 12
28 48
28 63
28 98
28 112
28 126
29 16
29 28
29 39
29 42
29 125
30 26
30 90
30 122
30 142
31 2
31 21
31 83
31 109
32 74
32 101
32 118
32 126
33 6
33 11
33 102
34 13
34 130
35 4
35 12
35 93
35 114
35 130
36 54
36 60
36 61
37 22
37 43
37 52
37 62
37 87
37 120
38 2
38 28
38 37
38 91
38 104
38 118
38 129
38 134
38 139
39 22
39 42
39 46
39 63
39 108
39 118
39 131
39 151
39 152
39 155
40 20
40 56
40 77
40 111
40 158
41 27
41 78
41 85
42 26
42 105
42 119
42 133
42 159
43 7
43 27
43 39
43 47
43 49
43 64
43 80
44 49
44 65
44 76
44 109
45 11
45 26
45 30
45 102
45 113
46 80
46 100
46 101
46 133
47 13
47 17
47 22
48 3
48 13
48 24
48 57
48 68
48 90
48 104
48 133
48 141
48 148
48 158
49 7
49 90
50 30
50 49
50 96
50 124
51 8
51 24
51 39
51 50
51 52
51 59
51 79
51 116
51 127
52 5
52 41
52 48
52 56
53 21
53 47
53 51
53 115
53 147
54 0
54 23
54 29
54 87
54 105
54 118
54 140
55 19
55 27
55 45
55 56
55 100
55 128
55 136
55 143
56 18
56 22
56 24
56 27
56 36
56 63
56 71
56 79
56 100
56 144
57 49
57 52
57 64
57 66
57 94
57 144
58 38
58 40
58 48
58 107
58 155
59 2
59 39
59 71
59 111
59 130
59 137
59 140
60 35
60 57
61 17
61 24
61 33
61 87
61 116
62 2
62 15
62 38
62 40
62 44
62 50
62 102
62 119
62 149
63 8
64 24
64 25
64 90
64 124
64 145
64 149
65 20
65 21
65 84
65 113
65 148
66 107
66 150
67 9
67 34
67 42
67 58
67 61
67 95
67 116
68 56
68 63
68 82
68 86
68 117
68 140
68 147
68 158
69 76
69 128
70 11
70 54
70 109
70 124
70 140
70 142
70 144
71 26
71 108
71 129
72 19
72 34
72 80
72 90
72 91
72 115
72 152
73 72
73 150
74 13
74 35
74 44
74 65
74 72
74 88
75 18
75 38
75 59
75 70
75 78
75 96
75 104
76 7
76 74
76 110
76 156
77 30
77 99
77 105
77 122
78 108
79 38
79 74
79 111
79 144
79 156
80 27
80 28
80 54
80 58
80 65
80 106
81 3
81 8
81 69
81 73
81 99
81 101
81 112
81 144
82 26
82 92
82 126
83 26
83 48
83 111
83 119
84 28
84 31
84 52
85 107
85 108
85 156
86 43
86 59
86 61
86 65
86 73
86 76
86 106
86 117
86 156
87 19
87 116
87 147
87 156
88 62
88 91
88 101
88 105
88 130
89 94
89 124
89 134
90 54
90 59
90 118
90 159
91 54
91 55
91 78
91 82
91 86
92 1
92 8
92 15
92 34
92 119
92 146
93 7
93 61
93 83
93 84
93 159
94 29
94 40
94 76
94 85
95 19
95 24
95 32
95 46
95 49
95 96
95 110
95 120
96 5
96 25
96 41
96 66
96 86
96 87
97 29
97 46
97 86
98 3
98 35
98 48
98 50
98 145
99 85
99 113
100 8
100 67
100 78
100 90
100 92
100 117
100 125
101 0
101 2
101 9
101 14
101 18
101 83
101 111
101 138
102 16
102 86
102 130
103 7
103 25
103 80
103 88
103 111
103 152
104 0
104 63
104 87
104 113
104 123
104 134
105 4
105 62
105 79
106 33
106 99
106 149
107 6
107 56
107 79
107 82
107 105
107 138
108 14
108 37
108 41
108 47
108 93
108 159
109 23
109 48
109 66
109 118
110 92
110 128
111 4
111 47
111 73
111 102
111 148
112 23
112 50
112 53
112 70
112 79
113 1
113 30
113 32
113 88
113 94
113 133
114 5
114 29
114 56
114 64
114 104
114 124
114 152
115 8
115 13
115 69
115 83
115 88
115 99
115 101
115 131
116 28
116 46
116 76
116 81
116 103
116 106
116 146
116 157
117 18
117 39
117 74
117 97
117 136
117 143
117 149
118 11
118 96
118 121
119 17
119 33
119 46
119 50
119 102
119 105
119 124
119 125
119 145
119 146
120 9
120 59
120 82
120 94
120 126
120 153
121 22
121 77
121 103
121 106
121 114
121 137
121 139
122 42
122 64
122 72
122 73
122 75
122 83
122 92
122 103
122 117
123 22
123 66
123 110
123 134
123 141
124 29
124 41
124 58
124 75
124 86
124 123
124 138
124 159
125 83
125 94
125 136
125 141
125 158
126 7
126 10
126 73
126 78
126 91
126 93
126 133
126 135
127 7
127 92
127 128
128 12
128 24
128 53
128 76
128 95
128 104
129 34
129 53
129 72
129 122
130 24
130 60
130 76
130 124
130 128
130 140
131 1
131 55
131 61
131 101
131 152
132 19
132 41
132 42
132 46
132 73
132 91
132 110
132 120
132 126
133 36
133 47
133 53
133 80
133 96
133 118
133 123
134 61
134 84
134 136
134 157
135 94
135 112
135 140
136 50
136 80
136 103
136 120
136 146
137 40
137 41
137 53
138 36
138 46
138 93
139 9
139 44
139 68
139 72
139 75
139 78
139 112
139 130
139 132
140 14
140 29
140 41
140 52
141 99
141 134
142 47
142 85
142 114
142 131
142 155
143 24
143 96
143 105
143 111
143 142
143 147
144 83
144 91
144 121
144 147
145 58
145 76
145 149
146 1
146 3
146 69
146 144
147 44
147 89
147 92
147 135
148 1
148 56
148 98
148 104
149 5
149 63
150 39
150 71
150 81
150 140
151 42
151 60
151 101
152 73
152 83
152 94
152 128
153 101
153 116
153 131
153 146
154 34
154 48
154 67
154 105
154 106
154 107
155 23
155 28
155 38
155 46
155 50
155 117
155 140
155 148
156 26
156 56
156 135
157 52
158 4
158 43
158 52
158 53
158 70
158 107
158 110
158 112
158 132
159 150
0 1 2 3 4 5 6
