160 2544 7
0 8
0 11
0 25
0 26
0 44
0 59
0 68
0 69
0 72
0 76
0 78
0 85
0 87
0 97
0 108
0 121
0 143
0 155
1 26
1 32
1 36
1 45
1 59
1 69
1 98
1 114
1 130
1 131
1 133
1 135
1 147
2 9
2 18
2 27
2 34
2 42
2 46
2 56
2 58
2 68
2 70
2 88
2 124
2 144
2 154
2 155
3 10
3 16
3 25
3 30
3 40
3 44
3 52
3 57
3 77
3 89
3 96
3 100
3 118
3 140
3 146
3 148
4 10
4 15
4 20
4 24
4 31
4 32
4 47
4 52
4 64
4 70
4 77
4 84
4 93
4 131
4 132
4 142
4 147
4 148
4 152
4 159
5 15
5 17
5 42
5 51
5 54
5 74
5 79
5 80
5 99
5 106
5 110
5 130
5 133
5 134
5 140
5 142
5 144
5 150
6 0
6 2
6 4
6 12
6 17
6 27
6 31
6 32
6 42
6 51
6 78
6 89
6 115
6 141
6 150
6 157
7 8
7 12
7 14
7 24
7 25
7 33
7 60
7 75
7 80
7 95
7 99
7 104
7 127
7 129
7 149
8 10
8 18
8 26
8 29
8 56
8 81
8 96
8 105
8 109
8 117
8 127
8 146
8 149
8 155
9 11
9 56
9 83
9 93
9 96
9 108
9 115
9 118
9 143
9 145
9 148
9 151
9 158
10 9
10 44
10 49
10 57
10 60
10 67
10 71
10 82
10 92
10 106
10 110
10 135
10 142
10 145
10 146
10 150
10 158
11 3
11 4
11 18
11 31
11 34
11 52
11 54
11 96
11 97
11 103
11 109
11 111
11 112
11 113
11 118
11 133
11 139
11 145
11 146
11 159
12 3
12 11
12 17
12 23
12 48
12 50
12 69
12 113
12 122
12 128
12 133
12 149
12 154
12 157
13 0
13 11
13 16
13 26
13 50
13 62
13 73
13 81
13 89
13 95
13 96
13 109
13 151
14 6
14 8
14 13
14 51
14 74
14 81
14 93
14 94
14 97
14 106
14 111
14 117
14 121
14 127
14 137
14 138
14 141
14 149
15 17
15 22
15 23
15 27
15 35
15 53
15 58
15 92
15 99
15 101
15 104
15 132
15 136
15 155
15 158
16 23
16 49
16 67
16 76
16 78
16 86
16 91
16 102
16 109
16 140
16 143
16 152
16 155
16 156
16 158
17 31
17 38
17 46
17 50
17 61
17 71
17 81
17 91
17 99
17 109
17 129
17 132
18 30
18 32
18 34
18 38
18 71
18 127
18 145
18 151
18 154
19 1
19 9
19 10
19 13
19 14
19 18
19 23
19 48
19 84
19 86
19 94
19 113
19 119
19 147
19 155
20 1
20 25
20 29
20 44
20 52
20 55
20 71
20 83
20 91
20 102
20 115
21 3
21 8
21 17
21 33
21 42
21 49
21 79
21 81
21 86
21 91
21 92
21 94
21 106
21 119
21 129
21 146
21 151
21 159
22 7
22 13
22 18
22 29
22 42
22 44
22 83
22 89
22 101
22 132
22 135
22 141
23 4
23 21
23 34
23 51
23 58
23 62
23 63
23 77
23 90
23 106
23 138
23 142
23 148
24 11
24 21
24 29
24 82
24 98
24 114
24 119
24 132
24 158
25 12
25 14
25 51
25 56
25 68
25 69
25 75
25 78
25 92
25 93
25 118
25 142
25 149
25 151
25 156
26 5
26 6
26 20
26 43
26 48
26 73
26 75
26 78
26 96
26 109
26 112
26 115
26 126
26 128
26 129
26 140
26 141
26 142
26 151
27 9
27 10
27 19
27 24
27 31
27 45
27 54
27 56
27 80
27 113
27 121
27 127
27 129
28 3
28 6
28 19
28 35
28 53
28 54
28 57
28 59
28 74
28 79
28 101
28 102
28 114
28 122
28 126
28 149
28 158
29 7
29 14
29 16
29 30
29 35
29 43
29 46
29 55
29 56
29 82
29 85
29 91
29 96
29 115
29 142
29 150
30 1
30 15
30 36
30 39
30 51
30 56
30 58
30 65
30 69
30 83
30 84
30 87
30 88
30 89
30 105
30 113
30 134
30 136
30 137
30 141
30 152
30 156
31 13
31 14
31 19
31 52
31 66
31 72
31 100
31 108
31 113
31 116
31 117
31 129
31 131
31 145
32 5
32 15
32 23
32 37
32 42
32 47
32 50
32 51
32 56
32 71
32 81
32 92
32 97
32 108
32 110
32 130
32 133
32 139
32 144
32 155
33 2
33 6
33 8
33 11
33 13
33 19
33 29
33 42
33 48
33 67
33 99
33 139
34 6
34 13
34 27
34 37
34 40
34 46
34 48
34 55
34 56
34 62
34 80
34 87
34 110
34 114
34 143
34 144
34 146
35 2
35 3
35 19
35 27
35 46
35 47
35 52
35 54
35 66
35 77
35 95
35 98
35 101
35 114
35 115
35 116
35 119
35 120
35 144
36 6
36 7
36 20
36 29
36 31
36 35
36 37
36 49
36 58
36 64
36 65
36 68
36 75
36 81
36 87
36 88
36 91
36 93
36 101
36 109
36 110
36 111
36 120
36 122
36 125
36 132
36 147
36 156
37 1
37 5
37 8
37 11
37 16
37 20
37 39
37 73
37 77
37 79
37 83
37 96
37 120
37 122
37 127
37 128
37 129
37 143
37 145
37 147
38 4
38 5
38 7
38 8
38 10
38 22
38 23
38 24
38 35
38 40
38 43
38 45
38 47
38 51
38 54
38 58
38 61
38 63
38 66
38 79
38 90
38 93
38 98
38 99
38 100
38 132
38 150
39 1
39 7
39 9
39 34
39 38
39 56
39 62
39 64
39 68
39 76
39 83
39 106
39 112
39 116
39 131
39 136
40 4
40 10
40 15
40 22
40 39
40 41
40 50
40 66
40 74
40 81
40 97
40 103
40 113
40 118
40 126
41 4
41 7
41 16
41 62
41 74
41 100
41 102
41 120
41 122
41 132
41 149
42 24
42 39
42 53
42 58
42 94
42 111
42 118
42 129
42 134
43 15
43 25
43 27
43 28
43 39
43 42
43 49
43 55
43 66
43 71
43 96
43 101
43 102
43 105
43 107
43 111
43 129
43 137
43 146
43 149
44 21
44 23
44 25
44 45
44 54
44 78
44 89
44 106
44 115
44 123
44 129
44 138
44 155
45 9
45 29
45 35
45 50
45 65
45 66
45 70
45 71
45 80
45 84
45 96
45 99
45 109
45 111
45 113
45 114
45 153
45 155
45 156
46 0
46 3
46 12
46 30
46 31
46 50
46 56
46 60
46 69
46 73
46 85
46 89
46 102
46 113
46 117
46 131
46 143
46 153
46 157
47 0
47 6
47 37
47 41
47 70
47 76
47 87
47 98
47 115
47 130
47 132
47 140
47 141
48 32
48 38
48 64
48 72
48 84
48 92
48 99
48 112
48 115
48 127
48 142
48 149
49 7
49 29
49 30
49 33
49 34
49 35
49 42
49 60
49 64
49 81
49 83
49 125
49 127
49 129
49 133
49 139
49 140
49 154
50 6
50 9
50 18
50 31
50 37
50 52
50 53
50 62
50 78
50 87
50 98
50 120
50 121
50 122
50 131
50 137
50 138
50 144
51 13
51 16
51 21
51 27
51 36
51 37
51 47
51 53
51 57
51 59
51 66
51 83
51 93
51 102
51 107
51 118
51 127
51 133
51 134
51 135
51 144
51 153
52 1
52 5
52 8
52 12
52 14
52 17
52 39
52 69
52 73
52 85
52 94
52 97
52 118
52 120
52 140
52 157
53 3
53 13
53 25
53 34
53 52
53 79
53 105
53 122
53 151
53 159
54 8
54 23
54 26
54 61
54 98
54 113
54 114
54 121
54 133
55 9
55 11
55 13
55 18
55 23
55 40
55 48
55 50
55 53
55 65
55 66
55 68
55 77
55 88
55 95
55 97
55 99
55 107
55 113
55 121
55 124
55 130
55 155
56 4
56 21
56 31
56 44
56 52
56 53
56 57
56 72
56 77
56 79
56 99
56 107
56 108
56 120
56 130
57 1
57 7
57 8
57 16
57 17
57 24
57 43
57 49
57 58
57 67
57 78
57 84
57 113
57 114
57 128
57 133
57 139
57 148
58 6
58 7
58 8
58 19
58 43
58 50
58 52
58 62
58 63
58 74
58 77
58 83
58 87
58 99
58 109
58 117
58 141
58 143
58 146
59 3
59 22
59 30
59 41
59 43
59 61
59 67
59 70
59 72
59 80
59 88
59 89
59 95
59 103
59 111
59 122
59 136
59 142
59 145
59 150
59 157
60 1
60 19
60 25
60 43
60 45
60 52
60 59
60 73
60 75
60 76
60 93
60 98
60 100
60 104
60 115
60 116
60 119
60 121
60 133
60 139
60 140
61 0
61 7
61 11
61 19
61 27
61 48
61 62
61 75
61 90
61 96
61 103
61 105
61 108
61 111
61 124
61 128
61 136
61 146
61 147
62 38
62 43
62 45
62 55
62 85
62 87
62 93
62 94
62 97
62 110
62 120
62 134
62 150
62 154
62 156
63 6
63 9
63 26
63 31
63 35
63 42
63 71
63 73
63 74
63 83
63 102
63 110
63 116
63 117
63 123
63 131
63 137
63 155
63 157
64 12
64 17
64 22
64 23
64 28
64 40
64 63
64 66
64 98
64 99
64 109
64 129
64 143
64 146
64 158
65 18
65 32
65 33
65 40
65 52
65 53
65 58
65 79
65 86
65 100
65 105
65 108
65 114
65 115
65 118
65 127
65 136
65 137
65 143
65 157
66 7
66 11
66 14
66 33
66 52
66 56
66 58
66 60
66 82
66 83
66 85
66 86
66 87
66 110
66 119
66 128
66 159
67 7
67 9
67 11
67 12
67 20
67 31
67 47
67 51
67 55
67 69
67 87
67 88
67 103
67 133
67 142
68 6
68 7
68 13
68 38
68 45
68 47
68 49
68 56
68 64
68 73
68 80
68 86
68 116
68 125
68 138
68 142
68 143
69 2
69 5
69 7
69 64
69 70
69 71
69 75
69 80
69 84
69 96
69 99
69 103
69 129
69 137
69 144
69 146
69 150
70 17
70 21
70 30
70 31
70 34
70 43
70 67
70 74
70 86
70 90
70 98
70 105
70 110
70 115
70 127
70 136
70 148
70 151
71 19
71 22
71 24
71 62
71 74
71 77
71 92
71 117
71 134
71 142
71 148
72 3
72 13
72 20
72 24
72 28
72 53
72 58
72 60
72 73
72 75
72 79
72 108
72 118
72 136
72 152
72 156
73 6
73 14
73 22
73 23
73 44
73 75
73 77
73 91
73 102
73 108
73 113
73 139
73 140
73 148
74 8
74 13
74 17
74 39
74 42
74 50
74 76
74 78
74 88
74 89
74 92
74 103
74 106
74 118
74 128
74 130
74 134
74 137
74 147
74 149
75 3
75 6
75 18
75 20
75 21
75 38
75 50
75 79
75 93
75 133
75 140
75 153
75 155
76 25
76 46
76 48
76 49
76 57
76 59
76 72
76 75
76 85
76 95
76 98
76 101
76 122
76 143
76 144
76 148
77 10
77 14
77 34
77 42
77 54
77 69
77 83
77 108
77 109
77 113
77 124
77 130
77 132
77 150
77 151
77 154
78 14
78 27
78 41
78 54
78 61
78 77
78 79
78 107
78 131
78 135
78 136
78 148
78 150
78 153
79 2
79 8
79 15
79 41
79 67
79 74
79 81
79 90
79 101
79 112
79 113
79 116
79 120
79 123
79 138
79 142
79 143
79 154
79 158
80 6
80 11
80 16
80 22
80 23
80 24
80 28
80 44
80 48
80 58
80 63
80 70
80 104
80 108
80 110
80 114
80 120
80 124
80 139
81 5
81 12
81 18
81 24
81 28
81 41
81 57
81 63
81 71
81 95
81 101
81 105
81 108
81 110
81 112
81 130
81 150
81 157
82 9
82 12
82 33
82 37
82 40
82 42
82 43
82 47
82 59
82 61
82 73
82 74
82 77
82 108
82 116
82 122
82 128
82 132
82 153
83 11
83 23
83 27
83 31
83 44
83 46
83 53
83 61
83 80
83 86
83 90
83 104
83 112
83 122
83 139
83 151
84 5
84 12
84 15
84 20
84 22
84 23
84 31
84 35
84 41
84 50
84 60
84 72
84 79
84 85
84 86
84 100
84 101
84 103
84 135
84 152
85 15
85 16
85 21
85 26
85 43
85 44
85 63
85 68
85 79
85 108
85 114
85 154
86 10
86 55
86 62
86 76
86 77
86 78
86 82
86 87
86 110
86 116
86 142
86 143
86 149
87 1
87 26
87 51
87 55
87 59
87 64
87 79
87 96
87 114
87 136
87 137
87 149
87 159
88 4
88 9
88 22
88 25
88 32
88 40
88 47
88 49
88 56
88 72
88 110
88 113
88 114
88 116
88 129
88 133
88 144
88 147
88 152
89 8
89 12
89 16
89 18
89 21
89 23
89 56
89 66
89 72
89 77
89 79
89 86
89 92
89 95
89 102
89 108
89 125
89 136
89 143
89 144
89 150
89 159
90 5
90 6
90 20
90 21
90 22
90 41
90 45
90 48
90 50
90 57
90 69
90 71
90 74
90 100
90 102
90 109
90 121
91 0
91 28
91 32
91 46
91 65
91 71
91 76
91 82
91 87
91 98
91 101
91 118
91 136
91 144
91 150
91 152
92 6
92 36
92 43
92 54
92 55
92 58
92 60
92 65
92 72
92 85
92 100
92 115
92 118
92 126
92 153
92 154
93 2
93 12
93 18
93 22
93 26
93 31
93 37
93 41
93 47
93 54
93 63
93 64
93 68
93 77
93 80
93 90
93 92
93 97
93 103
93 111
93 112
93 124
93 137
93 139
93 144
93 146
93 147
93 158
93 159
94 10
94 11
94 12
94 43
94 44
94 58
94 60
94 77
94 79
94 88
94 95
94 103
94 117
94 149
94 151
94 155
95 3
95 6
95 22
95 24
95 26
95 37
95 43
95 74
95 96
95 102
95 103
95 110
95 124
95 125
95 140
95 142
95 148
95 154
95 155
96 2
96 6
96 22
96 38
96 40
96 42
96 78
96 83
96 109
96 125
96 131
96 141
96 152
96 158
97 12
97 18
97 19
97 30
97 33
97 51
97 57
97 89
97 104
97 147
97 153
98 11
98 15
98 36
98 41
98 48
98 55
98 61
98 87
98 118
98 125
98 132
98 141
98 148
98 153
98 154
99 12
99 14
99 20
99 36
99 49
99 61
99 72
99 92
99 100
99 111
99 116
99 118
99 127
99 128
99 130
99 150
99 154
99 157
100 0
100 24
100 42
100 43
100 49
100 71
100 79
100 81
100 130
100 157
100 158
101 6
101 11
101 20
101 30
101 48
101 61
101 63
101 74
101 77
101 85
101 90
101 99
101 105
101 114
101 115
101 120
101 124
101 134
101 135
101 138
101 149
101 156
102 22
102 33
102 37
102 45
102 50
102 55
102 59
102 69
102 99
102 100
102 104
102 109
102 111
102 125
102 127
102 138
102 140
103 10
103 18
103 49
103 86
103 114
103 117
103 145
103 146
103 157
103 158
104 1
104 11
104 16
104 34
104 39
104 58
104 70
104 73
104 87
104 109
104 123
104 138
104 140
104 141
104 142
104 145
104 148
104 150
105 3
105 39
105 41
105 57
105 67
105 72
105 77
105 95
105 113
105 127
105 130
105 155
106 20
106 22
106 56
106 63
106 73
106 95
106 109
106 111
106 112
106 120
106 130
106 135
106 142
106 148
107 1
107 3
107 22
107 28
107 30
107 31
107 37
107 49
107 67
107 105
107 110
107 121
107 127
107 128
107 131
107 133
107 136
107 146
107 149
108 2
108 3
108 5
108 27
108 39
108 42
108 48
108 51
108 78
108 116
108 124
108 125
108 127
108 132
108 143
108 144
108 145
108 146
108 147
108 151
108 158
109 32
109 41
109 56
109 57
109 60
109 79
109 128
109 142
110 2
110 4
110 26
110 28
110 31
110 42
110 52
110 82
110 99
110 112
110 127
110 131
110 137
110 139
110 149
111 1
111 13
111 24
111 30
111 39
111 47
111 63
111 76
111 84
111 94
111 103
111 104
111 121
111 125
111 131
111 140
112 6
112 9
112 15
112 27
112 28
112 42
112 47
112 54
112 55
112 56
112 64
112 69
112 94
112 111
112 116
112 133
112 135
112 143
113 7
113 39
113 42
113 50
113 56
113 64
113 69
113 89
113 99
113 100
113 104
113 121
113 125
113 127
113 131
113 152
113 154
114 7
114 14
114 15
114 19
114 33
114 47
114 74
114 86
114 89
114 127
114 129
114 148
115 0
115 23
115 38
115 45
115 74
115 82
115 111
115 127
115 132
115 154
115 156
115 158
116 2
116 8
116 17
116 19
116 33
116 76
116 97
116 98
116 105
116 109
116 120
116 126
116 138
116 139
116 149
117 4
117 33
117 34
117 40
117 42
117 56
117 76
117 82
117 109
117 114
117 119
117 144
117 151
118 2
118 23
118 53
118 66
118 81
118 112
118 114
118 116
118 122
118 127
118 140
119 5
119 32
119 37
119 40
119 53
119 61
119 65
119 68
119 79
119 81
119 84
119 120
119 128
119 133
119 140
119 142
119 154
120 2
120 16
120 24
120 34
120 38
120 39
120 43
120 46
120 51
120 59
120 63
120 66
120 84
120 99
120 126
120 137
120 143
121 12
121 44
121 52
121 63
121 67
121 73
121 79
121 82
121 102
121 104
121 122
121 126
121 127
121 128
122 1
122 6
122 30
122 61
122 72
122 74
122 84
122 86
122 103
122 104
122 106
122 107
122 111
122 114
122 116
122 143
122 153
123 2
123 13
123 23
123 32
123 36
123 51
123 57
123 86
123 90
123 97
123 98
123 100
123 110
123 112
123 115
123 118
123 129
123 134
123 145
123 146
123 149
124 11
124 22
124 23
124 39
124 51
124 53
124 62
124 69
124 72
124 74
124 116
124 119
124 123
124 127
124 149
124 152
125 0
125 4
125 6
125 9
125 11
125 13
125 15
125 22
125 27
125 32
125 39
125 43
125 50
125 71
125 74
125 128
125 138
125 145
126 21
126 31
126 71
126 79
126 82
126 83
126 84
126 86
126 103
126 115
126 125
126 128
126 146
127 2
127 3
127 4
127 9
127 10
127 12
127 30
127 33
127 46
127 55
127 69
127 75
127 81
127 91
127 100
127 104
127 147
127 156
128 6
128 14
128 30
128 34
128 51
128 75
128 83
128 85
128 90
128 91
128 95
128 114
128 155
128 156
129 5
129 15
129 16
129 19
129 25
129 33
129 51
129 86
129 109
129 122
129 125
129 126
129 130
129 136
129 139
129 147
129 158
130 0
130 37
130 68
130 85
130 103
130 126
130 145
130 149
130 154
131 12
131 26
131 40
131 41
131 48
131 55
131 112
131 123
131 126
131 136
131 141
131 144
132 18
132 27
132 51
132 63
132 75
132 95
132 102
132 104
132 120
132 125
132 127
132 136
132 143
132 146
132 158
133 2
133 3
133 39
133 52
133 55
133 62
133 65
133 66
133 69
133 81
133 100
133 102
133 116
133 120
133 121
133 122
133 128
134 0
134 1
134 15
134 35
134 38
134 41
134 53
134 55
134 57
134 73
134 94
134 99
134 131
134 145
135 7
135 9
135 32
135 39
135 42
135 65
135 73
135 88
135 108
135 113
135 152
135 155
135 159
136 17
136 36
136 41
136 53
136 57
136 76
136 80
136 83
136 92
136 95
136 121
136 130
136 141
136 143
136 154
136 158
137 11
137 13
137 15
137 20
137 47
137 83
137 118
137 127
137 154
138 3
138 8
138 21
138 49
138 56
138 69
138 82
138 85
138 93
138 94
138 100
138 118
138 120
138 121
138 123
138 144
138 152
139 18
139 19
139 41
139 52
139 54
139 59
139 70
139 71
139 101
139 102
139 105
139 118
139 128
139 134
139 143
139 153
140 13
140 18
140 19
140 21
140 54
140 57
140 64
140 96
140 100
140 127
140 130
140 135
140 145
141 33
141 44
141 53
141 59
141 60
141 62
141 74
141 101
141 108
141 127
141 151
142 0
142 11
142 30
142 55
142 75
142 77
142 82
142 85
142 94
142 96
142 97
142 112
142 117
142 120
142 125
142 127
142 133
142 138
142 158
143 2
143 26
143 31
143 52
143 66
143 111
143 115
143 125
143 144
144 4
144 10
144 14
144 20
144 25
144 38
144 43
144 52
144 61
144 72
144 77
144 84
144 90
144 97
144 99
144 103
144 125
144 127
144 141
144 142
144 147
144 155
145 13
145 14
145 19
145 24
145 35
145 40
145 91
145 118
145 126
145 136
145 154
146 12
146 16
146 26
146 30
146 31
146 41
146 65
146 70
146 75
146 95
146 111
146 112
146 115
146 116
146 133
146 147
146 149
147 11
147 18
147 23
147 44
147 60
147 70
147 78
147 85
147 109
147 131
147 132
147 152
148 7
148 8
148 27
148 34
148 36
148 38
148 45
148 60
148 64
148 65
148 68
148 82
148 87
148 112
148 159
149 4
149 15
149 20
149 22
149 26
149 32
149 33
149 38
149 93
149 102
149 115
149 141
149 150
150 19
150 27
150 40
150 53
150 76
150 80
150 82
150 86
150 101
150 136
150 148
151 28
151 47
151 52
151 63
151 64
151 71
151 74
151 85
151 89
151 92
151 125
151 131
151 153
152 1
152 15
152 31
152 47
152 49
152 61
152 64
152 66
152 71
152 77
152 92
152 100
152 121
152 123
152 132
152 145
153 1
153 9
153 11
153 16
153 27
153 37
153 44
153 50
153 55
153 72
153 81
153 86
153 109
153 116
153 121
153 144
153 149
153 152
154 14
154 20
154 22
154 24
154 28
154 40
154 41
154 53
154 59
154 73
154 97
154 100
154 101
154 104
154 110
154 114
154 123
155 11
155 20
155 33
155 61
155 68
155 79
155 90
155 96
155 111
155 116
155 148
155 158
156 4
156 14
156 15
156 29
156 32
156 42
156 53
156 59
156 64
156 66
156 67
156 71
156 107
156 109
156 110
156 123
156 136
156 158
157 1
157 2
157 4
157 24
157 31
157 32
157 49
157 56
157 61
157 84
157 93
157 95
157 117
157 118
157 128
157 134
157 138
158 6
158 20
158 22
158 31
158 34
158 36
158 62
158 65
158 69
158 78
158 80
158 85
158 92
158 109
158 112
158 117
158 118
158 119
158 120
158 130
158 137
158 153
159 14
159 22
159 24
159 26
159 33
159 42
159 44
159 45
159 46
159 60
159 84
159 99
159 111
159 122
159 123
159 129
159 130
159 136
159 150
0 1 2 3 4 5 6
