160 2544 40
0 11
0 12
0 25
0 30
0 34
0 44
0 47
0 48
0 50
0 51
0 52
0 72
0 75
0 83
0 86
0 98
0 117
0 120
0 131
0 140
0 152
1 17
1 51
1 56
1 60
1 74
1 87
1 88
1 91
1 95
1 96
1 113
1 126
1 127
1 137
1 149
1 154
1 159
2 10
2 11
2 20
2 26
2 63
2 80
2 81
2 83
2 102
2 124
2 139
2 142
2 149
3 4
3 20
3 28
3 49
3 53
3 58
3 59
3 79
3 87
3 93
3 94
3 107
3 113
3 120
3 137
3 139
3 141
3 157
3 158
4 0
4 16
4 21
4 29
4 30
4 42
4 61
4 62
4 65
4 75
4 83
4 94
4 127
4 128
4 130
4 145
4 147
5 3
5 14
5 22
5 33
5 37
5 66
5 70
5 76
5 89
5 90
5 96
5 100
5 101
5 106
5 122
5 128
5 132
5 135
5 141
5 145
6 1
6 16
6 34
6 72
6 76
6 117
6 138
6 143
6 155
7 15
7 19
7 20
7 28
7 37
7 49
7 111
7 149
7 152
7 159
8 18
8 20
8 42
8 44
8 64
8 69
8 78
8 83
8 88
8 103
8 117
8 123
8 125
8 130
8 134
8 136
8 158
9 7
9 30
9 36
9 39
9 75
9 85
9 89
9 96
9 106
9 115
9 117
9 128
9 129
9 133
9 139
9 145
10 6
10 12
10 14
10 16
10 17
10 20
10 33
10 45
10 59
10 78
10 89
10 94
10 102
10 108
10 124
10 126
10 129
10 142
10 152
11 66
11 69
11 79
11 118
11 124
11 136
11 139
11 140
11 148
11 153
11 156
12 17
12 27
12 31
12 44
12 55
12 56
12 58
12 78
12 85
12 141
13 4
13 24
13 32
13 40
13 44
13 56
13 70
13 80
13 89
13 121
13 139
13 153
14 2
14 6
14 19
14 29
14 33
14 34
14 36
14 40
14 70
14 94
14 114
14 133
14 134
14 137
14 140
14 148
14 159
15 13
15 31
15 34
15 44
15 56
15 61
15 65
15 115
16 14
16 17
16 18
16 24
16 41
16 67
16 81
16 84
16 117
16 126
16 129
16 132
16 142
16 144
17 14
17 19
17 29
17 31
17 61
17 79
17 86
17 90
17 105
17 108
17 110
17 117
17 144
17 148
17 155
17 159
18 0
18 1
18 27
18 28
18 31
18 35
18 46
18 49
18 71
18 76
18 82
18 92
18 97
18 102
18 107
18 111
18 127
18 128
18 130
18 131
18 152
19 6
19 15
19 37
19 45
19 51
19 59
19 68
19 94
19 117
19 120
19 127
19 144
19 159
20 5
20 19
20 38
20 48
20 50
20 62
20 84
20 97
20 98
20 107
20 119
20 141
20 159
21 56
21 106
21 108
21 115
21 125
21 129
21 133
21 154
21 159
22 17
22 24
22 28
22 36
22 47
22 70
22 79
22 86
22 103
22 114
22 122
22 159
23 2
23 8
23 11
23 14
23 31
23 41
23 69
23 74
23 77
23 94
23 111
23 125
23 133
23 139
24 6
24 25
24 59
24 60
24 85
24 90
24 96
24 102
24 135
24 145
24 159
25 3
25 8
25 12
25 19
25 20
25 31
25 36
25 64
25 95
25 104
25 111
25 116
25 120
25 127
25 138
25 159
26 1
26 9
26 23
26 31
26 34
26 71
26 75
26 82
26 97
26 99
26 111
26 114
26 121
26 147
26 152
27 7
27 19
27 23
27 28
27 33
27 40
27 52
27 53
27 62
27 63
27 66
27 90
27 93
27 108
27 113
27 123
27 131
27 149
27 150
28 12
28 13
28 20
28 43
28 44
28 79
28 91
28 99
28 102
28 103
28 110
28 111
28 121
28 123
28 158
29 36
29 39
29 41
29 58
29 60
29 84
29 95
29 100
29 108
29 114
29 122
29 124
29 138
29 140
29 141
29 149
29 151
30 2
30 18
30 34
30 43
30 57
30 63
30 68
30 75
30 76
30 85
30 92
30 93
30 100
30 103
30 144
31 35
31 42
31 54
31 56
31 64
31 70
31 79
31 91
31 102
31 111
31 132
31 158
32 36
32 47
32 48
32 53
32 55
32 62
32 89
32 90
32 97
32 106
32 110
32 119
32 144
32 146
33 19
33 20
33 23
33 25
33 26
33 31
33 32
33 35
33 37
33 39
33 44
33 66
33 68
33 72
33 75
33 83
33 94
33 101
33 111
33 122
34 3
34 38
34 57
34 69
34 77
34 78
34 86
34 90
34 97
34 121
34 124
34 133
34 134
34 142
34 146
34 153
35 13
35 17
35 19
35 23
35 48
35 51
35 59
35 61
35 70
35 87
35 91
35 93
35 96
35 100
35 101
35 107
35 108
35 119
35 129
35 132
35 133
35 147
35 149
35 151
35 154
35 157
36 3
36 23
36 31
36 35
36 41
36 42
36 44
36 45
36 57
36 66
36 69
36 73
36 74
36 76
36 78
36 87
36 88
36 91
36 96
36 101
36 114
36 116
36 117
36 119
36 133
36 155
36 156
37 0
37 9
37 20
37 38
37 46
37 59
37 75
37 90
37 92
37 98
37 101
37 105
37 107
37 114
37 117
37 125
37 126
37 134
37 151
38 5
38 6
38 31
38 35
38 42
38 51
38 53
38 60
38 71
38 74
38 100
38 134
39 23
39 46
39 52
39 54
39 60
39 64
39 70
39 80
39 96
39 106
39 142
39 154
39 155
39 156
40 2
40 4
40 20
40 31
40 57
40 69
40 71
40 87
40 88
40 93
40 107
40 114
40 146
40 147
41 9
41 19
41 28
41 35
41 85
41 88
41 100
41 105
41 110
41 132
41 159
42 0
42 5
42 14
42 19
42 24
42 44
42 87
42 116
42 144
42 147
42 151
43 2
43 4
43 6
43 13
43 14
43 17
43 33
43 34
43 52
43 58
43 116
43 121
44 6
44 7
44 9
44 10
44 14
44 19
44 25
44 29
44 48
44 50
44 57
44 65
44 68
44 70
44 74
44 75
44 92
44 96
44 101
44 104
44 134
45 0
45 4
45 6
45 21
45 23
45 25
45 34
45 52
45 65
45 73
45 77
45 82
45 85
45 124
45 129
45 139
45 152
46 9
46 15
46 19
46 22
46 40
46 44
46 57
46 61
46 62
46 69
46 79
46 80
46 84
46 89
46 101
46 103
46 119
46 126
46 133
46 145
46 147
47 3
47 4
47 12
47 35
47 42
47 43
47 45
47 48
47 56
47 59
47 67
47 76
47 79
47 80
47 81
47 86
47 92
47 93
47 104
47 119
47 122
48 2
48 8
48 9
48 33
48 49
48 63
48 83
48 90
48 93
48 107
48 108
48 132
48 137
48 158
49 16
49 33
49 34
49 41
49 42
49 44
49 46
49 66
49 82
49 92
49 102
49 106
49 122
49 136
49 144
49 147
50 23
50 24
50 26
50 30
50 32
50 57
50 60
50 97
50 99
50 106
50 108
50 123
50 135
50 143
50 154
50 157
51 5
51 10
51 12
51 40
51 41
51 55
51 64
51 72
51 83
51 90
51 102
51 103
51 112
51 114
51 121
51 123
51 134
51 138
51 146
51 155
52 7
52 9
52 17
52 18
52 24
52 36
52 72
52 88
52 94
52 104
52 129
52 145
53 1
53 2
53 4
53 12
53 48
53 50
53 51
53 58
53 76
53 79
53 84
53 89
53 123
53 128
53 130
53 133
53 135
53 146
53 151
54 2
54 3
54 9
54 13
54 20
54 29
54 50
54 57
54 73
54 113
54 130
54 145
55 2
55 8
55 23
55 27
55 30
55 34
55 53
55 58
55 76
55 80
55 101
55 121
55 122
55 128
55 132
55 147
55 152
56 14
56 24
56 38
56 40
56 51
56 55
56 59
56 63
56 73
56 77
56 79
56 102
56 112
56 121
56 127
56 143
56 155
57 32
57 33
57 35
57 45
57 49
57 51
57 81
57 92
57 96
57 98
57 105
57 120
57 132
57 147
58 1
58 22
58 23
58 25
58 28
58 72
58 79
58 100
58 111
58 124
58 129
58 149
58 150
59 2
59 7
59 28
59 36
59 48
59 62
59 64
59 90
59 103
59 115
59 118
59 131
59 132
59 137
59 159
60 14
60 22
60 34
60 70
60 75
60 79
60 87
60 94
60 97
60 101
60 109
60 126
60 131
60 139
60 146
60 147
60 148
61 3
61 12
61 23
61 54
61 57
61 67
61 71
61 74
61 82
61 91
61 96
61 108
61 126
61 143
61 159
62 1
62 21
62 36
62 39
62 50
62 54
62 67
62 79
62 89
62 90
62 92
62 110
62 115
62 116
62 121
62 128
62 131
62 132
62 146
62 147
63 1
63 17
63 20
63 43
63 47
63 57
63 64
63 71
63 91
63 104
63 105
63 109
63 118
63 121
63 126
63 136
63 137
63 152
63 156
64 3
64 12
64 28
64 55
64 66
64 67
64 74
64 79
64 81
64 91
64 94
64 95
64 98
64 113
64 114
64 139
64 151
65 7
65 16
65 37
65 47
65 51
65 56
65 58
65 60
65 85
65 88
65 97
65 109
65 123
65 125
65 132
65 142
65 143
66 31
66 42
66 67
66 84
66 85
66 91
66 102
66 107
66 108
66 143
66 145
66 149
67 11
67 18
67 48
67 50
67 76
67 90
67 93
67 98
67 99
67 101
67 113
67 118
67 127
67 132
67 153
68 1
68 2
68 7
68 10
68 24
68 35
68 59
68 60
68 65
68 67
68 74
68 75
68 81
68 83
68 85
68 94
68 97
68 103
68 150
68 154
69 6
69 14
69 30
69 31
69 33
69 56
69 66
69 92
69 98
69 100
69 113
69 115
69 128
69 129
69 139
69 144
69 151
70 2
70 8
70 20
70 29
70 50
70 66
70 74
70 82
70 91
70 120
70 123
70 125
70 133
70 137
70 149
70 152
71 16
71 25
71 32
71 41
71 44
71 55
71 60
71 74
71 84
71 99
71 106
71 107
71 111
71 120
71 125
71 129
71 134
71 143
71 144
71 149
71 151
71 155
72 4
72 16
72 32
72 43
72 44
72 54
72 59
72 89
72 90
72 92
72 98
72 115
72 122
72 147
72 154
72 158
73 6
73 18
73 19
73 24
73 46
73 61
73 66
73 71
73 99
73 100
73 105
73 128
73 129
73 136
73 142
74 3
74 10
74 18
74 24
74 28
74 42
74 48
74 54
74 56
74 57
74 62
74 85
74 89
74 105
74 110
74 112
74 123
74 124
74 152
74 158
74 159
75 1
75 2
75 5
75 21
75 57
75 85
75 87
75 116
75 117
75 122
75 141
75 144
75 150
76 9
76 15
76 25
76 39
76 44
76 45
76 49
76 62
76 71
76 81
76 82
76 87
76 93
76 103
76 109
76 120
76 130
76 138
76 139
76 148
76 159
77 6
77 7
77 17
77 18
77 19
77 32
77 39
77 40
77 41
77 47
77 51
77 66
77 69
77 71
77 90
77 97
77 103
77 109
77 124
77 152
78 9
78 30
78 33
78 63
78 81
78 82
78 90
78 125
78 126
78 127
78 134
78 138
78 140
78 150
78 156
79 63
79 65
79 81
79 85
79 99
79 116
79 118
79 120
79 127
79 129
79 131
79 139
80 0
80 19
80 27
80 48
80 52
80 57
80 73
80 74
80 75
80 92
80 112
80 130
80 132
80 135
80 140
80 154
81 3
81 8
81 11
81 14
81 24
81 39
81 40
81 71
81 80
81 83
81 85
81 89
81 93
81 96
81 114
81 117
81 120
81 123
81 126
81 130
81 135
81 157
82 19
82 32
82 41
82 46
82 47
82 50
82 62
82 71
82 87
82 88
82 92
82 96
82 102
82 112
82 127
82 130
82 142
83 5
83 6
83 23
83 31
83 34
83 39
83 47
83 61
83 78
83 86
83 101
83 128
83 131
83 149
83 152
84 0
84 3
84 9
84 40
84 49
84 51
84 54
84 64
84 80
84 92
84 108
84 110
84 113
84 138
84 140
84 153
85 3
85 11
85 14
85 27
85 31
85 33
85 34
85 49
85 50
85 55
85 63
85 69
85 92
85 95
85 96
85 116
86 36
86 51
86 71
86 78
86 91
86 110
86 130
86 135
87 5
87 11
87 23
87 33
87 61
87 65
87 73
87 97
87 117
87 137
87 152
88 9
88 13
88 21
88 23
88 25
88 28
88 35
88 42
88 54
88 64
88 72
88 78
88 127
88 129
88 133
88 144
89 14
89 21
89 27
89 31
89 43
89 79
89 86
89 88
89 106
89 115
89 120
89 122
89 134
89 154
89 158
89 159
90 4
90 29
90 36
90 38
90 52
90 53
90 55
90 58
90 83
90 93
90 98
90 108
90 118
90 126
90 139
90 140
90 149
91 16
91 17
91 23
91 24
91 27
91 73
91 78
91 93
91 96
91 115
91 116
91 124
91 126
91 131
91 141
91 154
92 0
92 1
92 8
92 12
92 14
92 23
92 64
92 68
92 77
92 94
92 106
92 112
92 142
92 147
92 149
92 155
92 156
93 10
93 19
93 41
93 53
93 55
93 86
93 89
93 102
93 107
93 118
93 119
93 120
93 126
93 154
93 157
94 2
94 21
94 31
94 36
94 43
94 57
94 65
94 66
94 77
94 81
94 101
94 121
94 126
94 130
94 131
94 134
94 147
94 154
94 158
95 7
95 17
95 37
95 53
95 56
95 57
95 75
95 94
95 112
95 121
95 130
95 139
95 141
95 154
96 8
96 19
96 21
96 41
96 42
96 68
96 114
96 119
96 131
96 135
96 141
96 142
96 153
96 158
97 1
97 8
97 25
97 29
97 37
97 62
97 75
97 111
97 120
97 125
97 135
97 138
97 152
97 156
97 159
98 6
98 58
98 60
98 76
98 79
98 110
98 117
98 127
98 132
98 135
99 0
99 1
99 3
99 23
99 31
99 38
99 55
99 103
99 124
99 136
99 142
99 145
99 146
99 153
99 154
99 158
99 159
100 0
100 6
100 13
100 24
100 32
100 36
100 66
100 83
100 118
100 140
100 144
100 153
100 158
101 7
101 8
101 19
101 21
101 38
101 73
101 79
101 80
101 102
101 117
101 120
101 135
101 146
102 4
102 8
102 12
102 14
102 19
102 23
102 59
102 64
102 67
102 68
102 71
102 99
102 125
102 129
102 133
102 140
102 141
102 144
102 149
102 152
102 155
102 159
103 10
103 15
103 26
103 36
103 39
103 48
103 72
103 80
103 82
103 89
103 114
103 130
103 131
103 132
103 138
103 144
103 147
103 155
104 0
104 11
104 18
104 21
104 22
104 27
104 31
104 40
104 53
104 68
104 69
104 82
104 84
104 101
104 102
104 103
104 118
104 127
104 129
104 157
105 1
105 8
105 11
105 16
105 20
105 27
105 28
105 29
105 33
105 36
105 47
105 52
105 55
105 66
105 88
105 96
105 103
105 107
105 108
105 111
105 113
105 129
105 145
105 146
105 147
105 148
105 156
106 14
106 17
106 19
106 24
106 33
106 47
106 69
106 72
106 81
106 91
106 129
106 131
106 148
106 151
106 157
107 6
107 16
107 27
107 31
107 39
107 47
107 69
107 70
107 72
107 122
107 124
107 128
107 129
107 131
107 140
107 152
107 154
107 155
108 25
108 26
108 33
108 38
108 41
108 53
108 82
108 114
108 115
108 124
108 126
108 138
108 139
108 141
108 142
108 150
109 1
109 8
109 28
109 43
109 46
109 51
109 61
109 74
109 101
109 110
109 114
109 120
109 125
109 127
110 6
110 8
110 9
110 22
110 30
110 36
110 44
110 45
110 54
110 56
110 57
110 64
110 90
110 102
110 107
110 118
110 122
110 123
110 132
110 144
110 145
110 153
110 159
111 3
111 11
111 20
111 27
111 37
111 46
111 53
111 70
111 77
111 93
111 100
111 115
111 145
111 151
111 152
111 157
111 158
112 8
112 14
112 21
112 40
112 47
112 65
112 73
112 78
112 96
112 100
112 117
112 140
112 144
112 148
112 155
113 20
113 28
113 34
113 42
113 49
113 58
113 61
113 65
113 66
113 71
113 74
113 81
113 96
113 97
113 130
113 137
113 140
113 156
114 4
114 7
114 18
114 24
114 28
114 45
114 48
114 63
114 82
114 84
114 91
114 95
114 97
114 100
114 111
114 113
114 132
114 134
114 135
114 137
114 149
114 151
115 0
115 13
115 14
115 17
115 33
115 42
115 67
115 73
115 76
115 78
115 149
115 154
116 63
116 76
116 78
116 87
116 92
116 98
116 103
116 104
116 124
116 135
116 148
117 2
117 7
117 11
117 18
117 24
117 40
117 42
117 57
117 67
117 74
117 86
117 88
117 93
117 105
117 124
117 128
117 129
117 139
118 24
118 28
118 34
118 36
118 50
118 72
118 73
118 75
118 77
118 95
118 97
118 114
118 122
118 137
118 143
118 147
118 155
118 159
119 9
119 24
119 33
119 43
119 45
119 66
119 69
119 77
119 86
119 104
119 105
119 117
119 128
119 158
120 9
120 16
120 20
120 21
120 44
120 56
120 73
120 108
120 124
120 136
120 155
121 0
121 2
121 31
121 35
121 41
121 71
121 86
121 89
121 120
121 122
121 126
121 127
121 135
121 140
121 153
122 8
122 21
122 24
122 31
122 48
122 78
122 98
122 104
122 113
122 128
122 137
122 153
122 154
122 155
123 6
123 13
123 15
123 18
123 21
123 23
123 25
123 38
123 57
123 59
123 84
123 102
123 111
123 118
123 128
124 21
124 23
124 26
124 33
124 41
124 43
124 68
124 73
124 75
124 78
124 88
124 92
124 102
124 105
124 159
125 6
125 13
125 26
125 27
125 34
125 66
125 73
125 74
125 85
125 92
125 105
125 112
125 126
125 150
125 156
126 15
126 40
126 45
126 59
126 65
126 68
126 79
126 135
126 143
126 146
127 9
127 14
127 27
127 38
127 41
127 48
127 54
127 58
127 83
127 84
127 87
127 122
127 136
127 137
127 139
127 148
127 156
128 0
128 11
128 20
128 24
128 36
128 43
128 80
128 86
128 99
128 103
128 120
128 126
128 146
128 152
129 3
129 26
129 48
129 82
129 87
129 93
129 111
129 120
129 145
130 5
130 11
130 22
130 43
130 45
130 59
130 61
130 63
130 70
130 73
130 98
130 104
130 154
131 1
131 13
131 31
131 33
131 35
131 36
131 37
131 39
131 41
131 85
131 112
131 114
131 116
131 122
131 123
131 129
131 136
131 148
131 152
132 4
132 8
132 21
132 28
132 69
132 76
132 99
132 107
132 113
132 116
132 127
132 138
132 148
132 150
132 154
133 4
133 6
133 16
133 17
133 47
133 51
133 62
133 72
133 82
133 93
133 97
133 106
133 113
133 116
133 117
133 136
133 142
133 143
133 155
134 0
134 4
134 5
134 7
134 16
134 26
134 33
134 42
134 45
134 66
134 73
134 75
134 76
134 81
134 91
134 100
134 105
134 106
134 112
134 115
134 122
134 148
134 158
135 2
135 4
135 10
135 27
135 32
135 40
135 46
135 52
135 55
135 62
135 68
135 76
135 92
135 111
135 113
135 120
135 137
135 148
135 150
135 157
136 7
136 25
136 39
136 40
136 52
136 58
136 59
136 61
136 71
136 77
136 84
136 94
136 101
136 129
136 134
136 143
137 10
137 18
137 38
137 40
137 54
137 58
137 79
137 81
137 83
137 88
137 101
137 112
137 131
137 133
137 139
137 148
138 5
138 11
138 12
138 22
138 34
138 35
138 41
138 44
138 58
138 60
138 65
138 67
138 88
138 101
138 115
138 124
138 128
138 133
138 136
138 140
138 144
138 149
138 151
139 1
139 16
139 17
139 36
139 38
139 40
139 43
139 62
139 63
139 73
139 74
139 80
139 86
139 120
139 128
139 133
139 155
140 16
140 21
140 34
140 50
140 55
140 58
140 60
140 64
140 76
140 82
140 83
140 99
140 103
140 114
140 134
140 135
140 149
141 2
141 14
141 18
141 27
141 30
141 34
141 42
141 49
141 52
141 74
141 98
141 101
141 127
141 129
141 131
141 151
141 157
142 7
142 18
142 54
142 62
142 69
142 78
142 86
142 101
142 104
142 120
142 121
142 128
142 136
142 146
142 155
143 16
143 19
143 55
143 60
143 63
143 70
143 76
143 88
143 91
143 111
143 112
143 115
143 130
143 135
143 145
144 9
144 13
144 24
144 39
144 53
144 64
144 67
144 79
144 83
144 98
144 105
144 125
144 137
144 140
144 151
145 16
145 23
145 63
145 72
145 75
145 78
145 96
145 123
145 147
146 2
146 3
146 9
146 20
146 30
146 33
146 44
146 86
146 95
146 117
146 118
146 119
146 123
146 129
146 130
146 134
146 152
146 154
146 158
147 12
147 19
147 27
147 41
147 48
147 50
147 52
147 69
147 80
147 89
147 96
147 122
147 125
147 137
147 139
147 142
147 151
148 3
148 12
148 38
148 54
148 56
148 63
148 83
148 103
148 128
148 151
149 9
149 12
149 16
149 17
149 22
149 24
149 33
149 75
149 87
149 95
149 100
149 106
149 111
149 118
149 136
149 150
149 152
149 155
150 10
150 12
150 15
150 38
150 54
150 57
150 72
150 90
150 103
150 116
150 120
150 123
150 136
150 152
150 157
151 13
151 21
151 23
151 36
151 62
151 75
151 81
151 93
151 104
151 115
151 126
151 130
151 146
152 9
152 13
152 29
152 33
152 39
152 40
152 82
152 101
152 124
152 125
152 141
152 144
152 157
153 22
153 26
153 28
153 58
153 62
153 82
153 86
153 92
153 109
153 113
153 118
153 127
153 136
153 139
153 152
154 28
154 36
154 37
154 57
154 63
154 67
154 75
154 79
154 92
154 110
154 117
154 121
154 127
154 128
154 129
155 9
155 20
155 22
155 32
155 48
155 53
155 54
155 55
155 85
155 86
155 97
155 108
155 124
155 154
155 158
156 3
156 18
156 19
156 31
156 41
156 42
156 51
156 62
156 104
156 112
156 116
156 119
156 126
156 141
156 144
156 147
156 149
156 158
157 4
157 8
157 11
157 12
157 16
157 17
157 24
157 32
157 52
157 53
157 57
157 60
157 64
157 66
157 75
157 110
157 113
157 118
157 131
158 11
158 12
158 34
158 50
158 53
158 54
158 71
158 80
158 81
158 85
158 86
158 92
158 109
158 126
158 129
158 149
158 151
158 152
159 0
159 5
159 12
159 37
159 40
159 42
159 69
159 71
159 78
159 91
159 98
159 112
159 120
159 140
159 146
0 1 2 3 4 5 6 7 8 9 10 11 12 13 14 15 16 17 18 19 20 21 22 23 24 25 26 27 28 29 30 31 32 33 34 35 36 37 38 39
