160 322 7
0 21
0 50
0 71
0 82
0 108
1 157
2 25
2 50
2 85
2 87
2 141
2 156
3 65
3 90
4 44
4 75
5 55
6 48
7 59
7 106
7 123
8 88
9 50
10 28
10 103
12 65
12 131
13 140
14 35
14 102
14 144
16 0
16 73
16 94
16 111
17 43
17 108
18 81
19 30
19 51
19 113
20 34
20 100
21 107
22 2
24 89
25 88
25 94
25 141
26 49
27 151
28 124
29 5
29 26
29 116
30 16
30 22
30 23
30 35
30 56
30 79
30 95
30 131
30 136
31 72
31 90
33 119
36 51
36 63
36 77
36 97
37 66
37 68
38 15
38 57
38 72
38 108
39 119
39 149
40 73
40 97
41 77
41 94
41 117
42 25
42 29
42 111
42 120
42 139
43 113
45 115
46 22
46 98
46 154
46 157
47 12
47 69
48 115
48 157
49 68
49 138
50 6
50 74
51 49
51 88
53 87
53 130
54 52
54 87
55 90
56 39
56 131
56 158
57 76
57 86
57 118
57 122
58 8
58 23
58 109
59 16
59 60
60 114
61 37
61 42
61 43
61 69
61 90
64 0
64 91
65 40
65 62
65 135
67 26
68 4
68 65
68 127
69 101
70 148
72 96
72 121
72 129
73 112
75 71
75 78
75 121
75 158
76 10
76 14
76 30
76 83
76 135
77 7
78 8
78 25
80 48
80 144
81 17
82 72
83 148
84 37
84 46
84 92
86 62
86 81
86 147
87 47
87 49
87 68
87 108
88 32
88 98
88 119
88 136
89 3
89 64
89 151
89 158
90 68
90 69
91 30
91 124
91 150
92 33
92 70
92 155
93 20
93 78
94 36
94 42
94 79
95 8
95 33
95 122
96 12
96 54
96 80
97 100
98 96
98 100
98 129
99 88
99 89
100 153
101 93
102 66
103 102
103 106
103 152
104 117
105 52
105 76
105 127
106 91
107 3
107 21
107 28
107 41
107 138
108 69
108 150
109 38
110 95
111 70
111 88
111 104
111 110
113 15
113 79
114 152
115 6
115 30
115 64
115 80
115 111
115 136
116 19
118 134
119 30
119 83
119 95
119 151
120 4
121 1
121 20
121 141
123 127
124 151
125 10
125 34
125 96
126 95
126 115
127 30
127 130
128 20
129 71
130 16
130 108
130 114
131 11
131 20
131 67
132 46
132 96
133 97
134 52
134 114
134 139
134 143
135 117
135 142
136 115
136 151
137 27
137 79
138 30
138 35
138 46
138 47
138 91
138 154
139 4
139 34
139 58
139 70
140 41
140 69
141 75
141 118
142 41
142 123
142 128
143 47
143 110
143 131
145 24
145 80
146 69
146 80
146 93
147 59
147 104
148 94
149 66
151 4
151 81
152 88
152 127
152 138
153 72
155 76
156 8
156 29
157 0
157 38
158 9
158 54
158 60
158 110
159 53
159 157
0 1 2 3 4 5 6
