160 12720 7
0 2
0 3
0 5
0 6
0 7
0 10
0 12
0 13
0 14
0 15
0 16
0 17
0 18
0 20
0 22
0 24
0 29
0 30
0 33
0 35
0 36
0 39
0 42
0 44
0 46
0 50
0 52
0 53
0 54
0 56
0 57
0 62
0 63
0 64
0 66
0 68
0 69
0 70
0 71
0 72
0 74
0 76
0 85
0 89
0 90
0 91
0 93
0 96
0 98
0 100
0 102
0 103
0 105
0 107
0 111
0 112
0 114
0 115
0 119
0 123
0 124
0 125
0 127
0 129
0 130
0 132
0 133
0 134
0 138
0 139
0 141
0 142
0 143
0 144
0 146
0 151
0 152
0 153
0 155
0 156
0 158
1 0
1 3
1 4
1 5
1 10
1 11
1 13
1 15
1 16
1 17
1 21
1 22
1 24
1 27
1 28
1 29
1 30
1 31
1 32
1 33
1 34
1 36
1 38
1 40
1 41
1 45
1 48
1 54
1 56
1 63
1 67
1 68
1 69
1 71
1 72
1 73
1 75
1 76
1 78
1 86
1 92
1 93
1 94
1 95
1 96
1 99
1 100
1 103
1 104
1 106
1 108
1 109
1 115
1 120
1 122
1 123
1 124
1 126
1 127
1 129
1 131
1 132
1 134
1 141
1 145
1 147
1 148
1 149
1 151
1 152
1 156
1 157
1 158
1 159
2 1
2 4
2 9
2 10
2 11
2 12
2 13
2 14
2 16
2 18
2 21
2 22
2 24
2 25
2 27
2 28
2 29
2 30
2 33
2 35
2 37
2 39
2 40
2 48
2 49
2 52
2 54
2 55
2 56
2 57
2 58
2 61
2 63
2 65
2 66
2 70
2 71
2 72
2 75
2 76
2 80
2 89
2 91
2 93
2 95
2 97
2 98
2 99
2 101
2 104
2 108
2 112
2 115
2 117
2 118
2 119
2 120
2 121
2 128
2 133
2 137
2 140
2 141
2 142
2 143
2 145
2 146
2 148
2 149
2 150
2 152
2 153
2 154
2 157
3 2
3 5
3 6
3 7
3 8
3 11
3 14
3 15
3 19
3 21
3 22
3 23
3 28
3 30
3 34
3 36
3 37
3 41
3 44
3 45
3 46
3 49
3 51
3 52
3 54
3 57
3 58
3 60
3 62
3 63
3 64
3 66
3 67
3 68
3 69
3 72
3 75
3 77
3 78
3 79
3 80
3 82
3 83
3 87
3 88
3 89
3 90
3 94
3 101
3 105
3 107
3 108
3 109
3 115
3 120
3 121
3 122
3 124
3 127
3 132
3 134
3 135
3 137
3 140
3 141
3 142
3 144
3 147
3 150
3 153
3 155
4 0
4 3
4 9
4 10
4 12
4 17
4 18
4 20
4 23
4 24
4 25
4 26
4 27
4 29
4 32
4 33
4 34
4 35
4 38
4 39
4 45
4 48
4 53
4 59
4 60
4 61
4 67
4 70
4 73
4 74
4 75
4 78
4 83
4 84
4 89
4 90
4 92
4 94
4 102
4 104
4 107
4 108
4 110
4 114
4 118
4 120
4 122
4 123
4 124
4 126
4 128
4 129
4 130
4 132
4 134
4 135
4 136
4 137
4 138
4 141
4 142
4 143
4 148
4 149
4 151
4 152
4 153
4 154
4 155
4 157
4 158
4 159
5 2
5 4
5 9
5 11
5 15
5 17
5 18
5 21
5 25
5 26
5 28
5 29
5 34
5 36
5 37
5 38
5 39
5 42
5 43
5 47
5 48
5 52
5 53
5 54
5 55
5 58
5 59
5 61
5 63
5 65
5 67
5 68
5 69
5 70
5 71
5 72
5 73
5 74
5 75
5 77
5 78
5 81
5 82
5 83
5 85
5 86
5 88
5 89
5 90
5 91
5 92
5 95
5 98
5 102
5 103
5 104
5 105
5 108
5 109
5 113
5 116
5 119
5 123
5 125
5 127
5 128
5 129
5 131
5 132
5 134
5 139
5 140
5 141
5 143
5 144
5 145
5 147
5 148
5 151
5 152
5 153
5 155
5 159
6 1
6 2
6 4
6 5
6 7
6 9
6 10
6 12
6 15
6 16
6 20
6 23
6 30
6 35
6 37
6 38
6 39
6 42
6 43
6 44
6 47
6 48
6 50
6 51
6 55
6 56
6 57
6 63
6 64
6 66
6 67
6 69
6 70
6 72
6 73
6 74
6 75
6 76
6 77
6 78
6 79
6 81
6 83
6 84
6 86
6 87
6 88
6 89
6 90
6 91
6 92
6 93
6 94
6 96
6 99
6 100
6 101
6 102
6 103
6 104
6 106
6 107
6 109
6 111
6 113
6 117
6 118
6 119
6 121
6 124
6 128
6 129
6 130
6 131
6 132
6 134
6 135
6 136
6 139
6 140
6 141
6 142
6 144
6 145
6 146
6 147
6 149
6 150
6 153
6 154
6 155
6 157
6 158
6 159
7 1
7 2
7 4
7 5
7 10
7 15
7 20
7 21
7 22
7 23
7 25
7 26
7 29
7 32
7 34
7 38
7 41
7 42
7 43
7 47
7 48
7 49
7 53
7 54
7 55
7 57
7 59
7 66
7 67
7 75
7 76
7 79
7 80
7 82
7 87
7 91
7 92
7 97
7 102
7 106
7 107
7 108
7 112
7 113
7 119
7 121
7 127
7 129
7 130
7 131
7 132
7 133
7 136
7 137
7 139
7 140
7 141
7 142
7 145
7 149
7 151
7 152
7 154
7 155
7 156
8 0
8 1
8 2
8 4
8 5
8 6
8 7
8 9
8 11
8 14
8 15
8 17
8 18
8 19
8 20
8 22
8 23
8 25
8 26
8 27
8 28
8 31
8 32
8 33
8 35
8 36
8 37
8 38
8 39
8 42
8 43
8 45
8 46
8 47
8 50
8 51
8 52
8 53
8 58
8 59
8 61
8 64
8 68
8 69
8 70
8 72
8 73
8 78
8 79
8 82
8 84
8 86
8 89
8 90
8 91
8 93
8 94
8 96
8 97
8 100
8 101
8 107
8 108
8 109
8 110
8 112
8 113
8 115
8 117
8 118
8 121
8 124
8 126
8 128
8 131
8 132
8 133
8 135
8 136
8 137
8 138
8 140
8 141
8 142
8 143
8 145
8 147
8 149
8 150
8 152
8 156
9 0
9 1
9 3
9 7
9 10
9 11
9 12
9 13
9 14
9 21
9 22
9 23
9 24
9 25
9 27
9 28
9 32
9 36
9 41
9 43
9 46
9 52
9 55
9 56
9 61
9 63
9 64
9 65
9 66
9 70
9 71
9 73
9 74
9 77
9 79
9 80
9 82
9 84
9 86
9 87
9 88
9 90
9 96
9 97
9 100
9 101
9 102
9 105
9 107
9 108
9 113
9 114
9 117
9 118
9 120
9 122
9 127
9 128
9 130
9 131
9 134
9 136
9 137
9 138
9 142
9 143
9 145
9 146
9 149
9 151
9 152
9 153
9 154
9 155
9 157
9 158
9 159
10 3
10 5
10 8
10 11
10 13
10 16
10 17
10 18
10 20
10 21
10 23
10 24
10 27
10 28
10 29
10 32
10 35
10 36
10 37
10 40
10 42
10 43
10 44
10 46
10 47
10 48
10 49
10 50
10 51
10 52
10 57
10 58
10 62
10 63
10 67
10 68
10 69
10 70
10 73
10 74
10 75
10 77
10 78
10 83
10 85
10 86
10 87
10 88
10 89
10 90
10 93
10 95
10 96
10 97
10 100
10 101
10 102
10 105
10 109
10 111
10 113
10 114
10 117
10 118
10 120
10 122
10 123
10 124
10 129
10 130
10 131
10 134
10 136
10 137
10 142
10 143
10 144
10 147
10 148
10 149
10 150
10 151
10 152
10 154
10 157
10 158
10 159
11 0
11 4
11 6
11 7
11 14
11 16
11 17
11 18
11 19
11 20
11 22
11 24
11 26
11 31
11 32
11 35
11 36
11 37
11 41
11 42
11 44
11 45
11 47
11 49
11 51
11 53
11 54
11 55
11 58
11 59
11 60
11 62
11 63
11 65
11 66
11 68
11 73
11 75
11 77
11 78
11 79
11 81
11 83
11 84
11 85
11 87
11 88
11 89
11 90
11 91
11 95
11 96
11 97
11 98
11 102
11 104
11 107
11 109
11 110
11 114
11 115
11 117
11 124
11 125
11 128
11 130
11 132
11 133
11 134
11 136
11 137
11 140
11 141
11 145
11 146
11 147
11 149
11 150
11 153
11 154
11 156
11 159
12 1
12 3
12 5
12 7
12 8
12 10
12 11
12 13
12 16
12 20
12 21
12 22
12 23
12 25
12 26
12 29
12 30
12 34
12 35
12 38
12 39
12 40
12 43
12 44
12 45
12 49
12 51
12 52
12 53
12 57
12 64
12 65
12 66
12 67
12 68
12 69
12 72
12 73
12 75
12 76
12 79
12 81
12 82
12 83
12 85
12 86
12 87
12 89
12 94
12 97
12 99
12 100
12 101
12 103
12 105
12 107
12 108
12 109
12 110
12 112
12 115
12 116
12 117
12 118
12 119
12 120
12 122
12 125
12 127
12 128
12 129
12 130
12 131
12 135
12 137
12 139
12 142
12 145
12 148
12 150
12 151
12 156
12 157
12 158
13 3
13 4
13 5
13 6
13 7
13 8
13 11
13 14
13 15
13 16
13 21
13 22
13 23
13 24
13 25
13 26
13 27
13 33
13 35
13 40
13 41
13 48
13 50
13 53
13 55
13 60
13 61
13 62
13 66
13 69
13 70
13 71
13 73
13 74
13 76
13 77
13 78
13 79
13 80
13 81
13 83
13 84
13 85
13 86
13 87
13 89
13 90
13 93
13 94
13 95
13 96
13 97
13 99
13 101
13 103
13 104
13 105
13 110
13 111
13 112
13 115
13 116
13 118
13 119
13 122
13 123
13 124
13 125
13 129
13 130
13 132
13 133
13 134
13 135
13 136
13 137
13 139
13 140
13 141
13 142
13 145
13 146
13 147
13 148
13 151
13 155
13 156
13 157
13 158
13 159
14 1
14 4
14 5
14 6
14 7
14 10
14 12
14 15
14 18
14 19
14 20
14 24
14 25
14 27
14 28
14 29
14 31
14 32
14 33
14 35
14 37
14 39
14 40
14 45
14 46
14 49
14 51
14 52
14 53
14 54
14 55
14 56
14 57
14 61
14 63
14 64
14 66
14 67
14 68
14 71
14 72
14 73
14 79
14 85
14 86
14 87
14 88
14 89
14 90
14 91
14 92
14 93
14 94
14 97
14 100
14 101
14 102
14 103
14 105
14 106
14 109
14 111
14 114
14 115
14 120
14 121
14 122
14 123
14 124
14 129
14 132
14 133
14 134
14 135
14 136
14 137
14 138
14 141
14 143
14 144
14 146
14 147
14 148
14 149
14 150
14 152
14 153
14 154
14 155
14 156
14 157
14 159
15 2
15 4
15 9
15 10
15 11
15 12
15 16
15 17
15 18
15 19
15 20
15 21
15 23
15 24
15 25
15 26
15 27
15 30
15 31
15 32
15 33
15 34
15 35
15 36
15 39
15 41
15 46
15 48
15 49
15 50
15 51
15 52
15 57
15 59
15 60
15 61
15 66
15 70
15 71
15 73
15 77
15 78
15 79
15 80
15 82
15 83
15 87
15 89
15 90
15 94
15 95
15 99
15 100
15 101
15 103
15 106
15 108
15 109
15 111
15 114
15 116
15 117
15 120
15 122
15 126
15 130
15 132
15 133
15 134
15 135
15 136
15 138
15 141
15 144
15 146
15 147
15 148
15 149
15 157
15 158
16 3
16 4
16 5
16 7
16 8
16 9
16 14
16 18
16 20
16 22
16 23
16 24
16 29
16 30
16 31
16 33
16 36
16 40
16 42
16 47
16 54
16 55
16 58
16 59
16 61
16 62
16 63
16 64
16 65
16 69
16 70
16 71
16 75
16 76
16 77
16 80
16 81
16 82
16 85
16 89
16 92
16 93
16 94
16 95
16 96
16 99
16 101
16 103
16 106
16 107
16 109
16 110
16 111
16 114
16 116
16 117
16 118
16 120
16 122
16 123
16 124
16 125
16 128
16 129
16 132
16 135
16 136
16 137
16 138
16 139
16 140
16 143
16 144
16 145
16 147
16 149
16 151
16 152
16 154
16 157
16 159
17 2
17 3
17 6
17 7
17 9
17 12
17 13
17 14
17 16
17 22
17 23
17 24
17 28
17 29
17 30
17 31
17 32
17 34
17 35
17 36
17 40
17 50
17 53
17 55
17 58
17 59
17 62
17 63
17 64
17 65
17 67
17 70
17 71
17 72
17 73
17 75
17 76
17 77
17 78
17 79
17 80
17 82
17 84
17 89
17 91
17 93
17 99
17 101
17 104
17 105
17 106
17 107
17 109
17 111
17 113
17 115
17 120
17 121
17 122
17 125
17 127
17 129
17 130
17 134
17 135
17 137
17 141
17 145
17 149
17 150
17 152
17 154
17 157
18 1
18 3
18 6
18 7
18 9
18 12
18 13
18 17
18 19
18 24
18 26
18 31
18 35
18 36
18 38
18 39
18 41
18 43
18 46
18 47
18 49
18 53
18 54
18 56
18 57
18 59
18 60
18 61
18 62
18 64
18 65
18 67
18 70
18 71
18 74
18 75
18 77
18 78
18 79
18 81
18 83
18 87
18 88
18 90
18 93
18 95
18 96
18 99
18 102
18 103
18 104
18 106
18 107
18 112
18 115
18 123
18 124
18 125
18 127
18 129
18 133
18 135
18 136
18 137
18 138
18 139
18 140
18 141
18 143
18 144
18 145
18 146
18 148
18 151
18 152
18 155
18 157
18 158
19 0
19 1
19 2
19 4
19 5
19 6
19 7
19 9
19 10
19 12
19 13
19 16
19 17
19 21
19 22
19 27
19 28
19 30
19 37
19 41
19 42
19 43
19 44
19 45
19 46
19 49
19 50
19 53
19 54
19 56
19 58
19 60
19 62
19 65
19 66
19 68
19 69
19 70
19 72
19 73
19 75
19 76
19 81
19 83
19 85
19 86
19 87
19 89
19 90
19 91
19 94
19 99
19 101
19 106
19 107
19 108
19 110
19 112
19 115
19 118
19 119
19 121
19 122
19 123
19 124
19 127
19 129
19 130
19 131
19 133
19 138
19 139
19 144
19 145
19 150
19 152
19 158
20 1
20 2
20 3
20 5
20 9
20 13
20 17
20 18
20 19
20 23
20 25
20 26
20 28
20 29
20 35
20 37
20 38
20 39
20 40
20 41
20 44
20 45
20 48
20 52
20 53
20 54
20 56
20 58
20 63
20 64
20 65
20 69
20 72
20 74
20 77
20 78
20 82
20 83
20 84
20 85
20 86
20 87
20 88
20 91
20 96
20 97
20 103
20 104
20 105
20 106
20 107
20 109
20 110
20 111
20 114
20 117
20 118
20 119
20 120
20 121
20 126
20 127
20 128
20 130
20 134
20 136
20 137
20 138
20 140
20 144
20 147
20 149
20 151
20 155
20 156
20 157
20 158
21 0
21 4
21 6
21 8
21 11
21 14
21 16
21 17
21 18
21 20
21 23
21 24
21 26
21 36
21 37
21 40
21 42
21 43
21 45
21 46
21 52
21 53
21 55
21 58
21 60
21 62
21 63
21 65
21 66
21 68
21 69
21 70
21 73
21 74
21 75
21 77
21 81
21 83
21 84
21 86
21 87
21 89
21 90
21 93
21 94
21 95
21 96
21 97
21 98
21 99
21 101
21 103
21 105
21 106
21 107
21 108
21 113
21 114
21 115
21 116
21 117
21 118
21 119
21 122
21 125
21 126
21 127
21 129
21 130
21 132
21 135
21 143
21 146
21 147
21 148
21 151
21 153
21 159
22 4
22 5
22 6
22 10
22 14
22 15
22 18
22 20
22 21
22 24
22 26
22 27
22 28
22 30
22 32
22 33
22 37
22 38
22 46
22 47
22 53
22 54
22 56
22 57
22 59
22 60
22 61
22 62
22 65
22 66
22 70
22 72
22 74
22 77
22 78
22 79
22 80
22 81
22 83
22 86
22 87
22 88
22 89
22 90
22 93
22 94
22 95
22 96
22 99
22 101
22 102
22 103
22 104
22 110
22 113
22 114
22 115
22 117
22 120
22 121
22 122
22 123
22 124
22 125
22 126
22 127
22 128
22 130
22 131
22 133
22 137
22 144
22 145
22 147
22 148
22 151
22 152
22 153
22 157
22 159
23 0
23 1
23 2
23 5
23 11
23 14
23 18
23 19
23 22
23 24
23 25
23 26
23 27
23 28
23 30
23 32
23 33
23 34
23 38
23 39
23 42
23 47
23 51
23 53
23 56
23 57
23 63
23 64
23 66
23 68
23 75
23 82
23 83
23 84
23 86
23 87
23 88
23 95
23 96
23 97
23 98
23 101
23 102
23 104
23 106
23 107
23 108
23 109
23 117
23 120
23 123
23 124
23 125
23 127
23 129
23 131
23 132
23 133
23 135
23 136
23 140
23 141
23 142
23 144
23 146
23 148
23 149
23 151
23 152
23 153
23 154
23 155
23 156
23 159
24 3
24 5
24 6
24 7
24 8
24 12
24 19
24 20
24 28
24 30
24 31
24 32
24 33
24 36
24 40
24 43
24 45
24 46
24 49
24 52
24 53
24 55
24 56
24 57
24 58
24 59
24 61
24 62
24 63
24 64
24 65
24 66
24 70
24 72
24 73
24 76
24 78
24 79
24 80
24 81
24 83
24 87
24 89
24 90
24 92
24 95
24 96
24 97
24 98
24 99
24 100
24 101
24 102
24 104
24 105
24 111
24 112
24 113
24 114
24 116
24 117
24 118
24 119
24 120
24 121
24 123
24 126
24 127
24 128
24 129
24 132
24 133
24 135
24 138
24 139
24 141
24 143
24 145
24 148
24 149
24 151
24 152
24 153
24 155
24 156
24 159
25 0
25 1
25 3
25 6
25 10
25 11
25 16
25 17
25 18
25 19
25 21
25 22
25 24
25 26
25 29
25 33
25 36
25 41
25 42
25 43
25 45
25 47
25 48
25 49
25 51
25 53
25 55
25 56
25 57
25 58
25 63
25 65
25 66
25 68
25 69
25 76
25 77
25 80
25 82
25 83
25 86
25 87
25 91
25 96
25 97
25 98
25 102
25 104
25 108
25 110
25 111
25 112
25 115
25 116
25 118
25 119
25 120
25 121
25 122
25 123
25 125
25 127
25 128
25 129
25 131
25 133
25 134
25 136
25 137
25 138
25 139
25 142
25 145
25 146
25 147
25 148
25 150
25 152
25 153
25 155
25 157
26 0
26 1
26 2
26 3
26 6
26 9
26 10
26 14
26 16
26 17
26 19
26 24
26 27
26 28
26 30
26 32
26 37
26 39
26 40
26 45
26 46
26 47
26 48
26 49
26 52
26 56
26 57
26 58
26 59
26 60
26 62
26 65
26 69
26 70
26 74
26 75
26 77
26 78
26 81
26 88
26 94
26 97
26 98
26 100
26 101
26 108
26 109
26 115
26 117
26 119
26 122
26 123
26 124
26 125
26 133
26 134
26 135
26 137
26 138
26 139
26 142
26 144
26 146
26 147
26 149
26 150
26 158
27 0
27 3
27 5
27 6
27 7
27 11
27 12
27 16
27 17
27 18
27 20
27 21
27 24
27 25
27 29
27 32
27 33
27 34
27 35
27 36
27 37
27 38
27 39
27 41
27 42
27 43
27 46
27 48
27 49
27 50
27 51
27 53
27 55
27 56
27 57
27 59
27 62
27 63
27 65
27 66
27 67
27 68
27 70
27 72
27 73
27 74
27 75
27 76
27 80
27 81
27 90
27 94
27 95
27 96
27 98
27 99
27 100
27 101
27 103
27 105
27 107
27 108
27 109
27 111
27 112
27 113
27 114
27 115
27 117
27 119
27 120
27 121
27 122
27 124
27 126
27 130
27 132
27 133
27 134
27 137
27 140
27 141
27 145
27 147
27 149
27 150
27 151
27 153
27 154
28 0
28 4
28 6
28 7
28 11
28 12
28 13
28 15
28 16
28 18
28 21
28 25
28 27
28 30
28 31
28 33
28 36
28 37
28 40
28 41
28 42
28 44
28 49
28 51
28 62
28 64
28 65
28 66
28 67
28 69
28 70
28 72
28 73
28 74
28 75
28 76
28 79
28 80
28 82
28 83
28 84
28 85
28 88
28 89
28 93
28 94
28 95
28 96
28 98
28 99
28 100
28 102
28 103
28 106
28 107
28 114
28 115
28 116
28 117
28 118
28 122
28 123
28 125
28 127
28 128
28 129
28 130
28 131
28 132
28 134
28 136
28 137
28 138
28 139
28 142
28 146
28 147
28 148
28 149
28 153
28 154
28 156
28 159
29 3
29 6
29 8
29 9
29 11
29 13
29 15
29 18
29 19
29 21
29 22
29 23
29 24
29 26
29 28
29 31
29 32
29 33
29 35
29 40
29 42
29 45
29 46
29 47
29 50
29 52
29 53
29 54
29 55
29 56
29 57
29 59
29 61
29 63
29 65
29 66
29 68
29 69
29 70
29 71
29 74
29 75
29 77
29 79
29 81
29 88
29 91
29 92
29 94
29 96
29 101
29 102
29 103
29 105
29 108
29 111
29 112
29 114
29 116
29 119
29 120
29 121
29 122
29 123
29 124
29 125
29 126
29 127
29 128
29 133
29 136
29 137
29 140
29 141
29 142
29 143
29 146
29 149
29 151
29 152
29 153
29 154
29 155
29 156
29 157
29 159
30 4
30 5
30 7
30 8
30 9
30 10
30 11
30 13
30 14
30 18
30 20
30 21
30 25
30 27
30 29
30 37
30 39
30 41
30 42
30 45
30 46
30 47
30 48
30 49
30 52
30 53
30 55
30 56
30 58
30 59
30 60
30 61
30 64
30 67
30 71
30 73
30 76
30 77
30 85
30 86
30 89
30 90
30 92
30 96
30 99
30 102
30 103
30 107
30 108
30 109
30 110
30 112
30 115
30 116
30 120
30 121
30 123
30 124
30 126
30 127
30 128
30 130
30 131
30 133
30 134
30 136
30 138
30 143
30 147
30 149
30 152
30 155
30 156
30 158
30 159
31 0
31 2
31 3
31 4
31 5
31 6
31 7
31 9
31 10
31 12
31 13
31 19
31 20
31 21
31 22
31 23
31 25
31 26
31 27
31 30
31 32
31 33
31 34
31 35
31 36
31 37
31 42
31 43
31 44
31 45
31 46
31 49
31 52
31 56
31 57
31 61
31 62
31 65
31 67
31 68
31 71
31 72
31 73
31 74
31 75
31 77
31 79
31 80
31 81
31 82
31 85
31 89
31 91
31 92
31 93
31 94
31 95
31 97
31 98
31 99
31 102
31 104
31 106
31 109
31 110
31 113
31 117
31 118
31 121
31 122
31 127
31 129
31 132
31 133
31 137
31 138
31 141
31 142
31 144
31 145
31 148
31 149
31 150
31 151
31 153
31 155
31 157
31 159
32 0
32 2
32 3
32 5
32 6
32 12
32 13
32 16
32 18
32 19
32 20
32 21
32 25
32 28
32 30
32 35
32 37
32 38
32 39
32 40
32 42
32 43
32 50
32 53
32 57
32 58
32 59
32 61
32 62
32 69
32 70
32 72
32 73
32 74
32 76
32 77
32 78
32 79
32 80
32 82
32 83
32 85
32 86
32 88
32 89
32 90
32 91
32 93
32 94
32 95
32 96
32 97
32 100
32 103
32 107
32 109
32 110
32 112
32 113
32 118
32 121
32 122
32 123
32 124
32 127
32 129
32 130
32 131
32 136
32 138
32 139
32 142
32 144
32 145
32 150
32 153
32 157
32 158
32 159
33 3
33 5
33 6
33 7
33 9
33 10
33 11
33 12
33 17
33 18
33 19
33 20
33 21
33 26
33 30
33 32
33 34
33 36
33 37
33 40
33 42
33 43
33 44
33 46
33 49
33 50
33 51
33 52
33 55
33 56
33 59
33 63
33 66
33 72
33 73
33 75
33 76
33 78
33 79
33 80
33 81
33 82
33 83
33 86
33 89
33 93
33 94
33 99
33 101
33 103
33 105
33 109
33 112
33 114
33 117
33 118
33 119
33 121
33 122
33 123
33 125
33 126
33 127
33 129
33 130
33 132
33 139
33 140
33 141
33 142
33 143
33 146
33 147
33 149
33 150
33 151
33 154
33 155
33 156
33 157
33 158
34 0
34 2
34 6
34 8
34 9
34 10
34 11
34 13
34 14
34 16
34 18
34 19
34 20
34 21
34 22
34 24
34 25
34 26
34 28
34 29
34 30
34 32
34 36
34 38
34 43
34 44
34 49
34 51
34 53
34 55
34 60
34 61
34 63
34 64
34 65
34 67
34 70
34 71
34 72
34 75
34 76
34 77
34 78
34 89
34 90
34 91
34 92
34 95
34 96
34 98
34 101
34 102
34 104
34 106
34 107
34 108
34 110
34 111
34 112
34 114
34 115
34 116
34 117
34 118
34 119
34 121
34 123
34 124
34 127
34 128
34 129
34 130
34 132
34 133
34 136
34 140
34 143
34 144
34 145
34 146
34 149
34 150
34 155
34 156
34 157
34 158
34 159
35 1
35 3
35 5
35 7
35 9
35 16
35 19
35 21
35 22
35 23
35 24
35 25
35 26
35 28
35 30
35 33
35 34
35 38
35 39
35 40
35 41
35 42
35 44
35 46
35 47
35 49
35 55
35 56
35 59
35 60
35 61
35 62
35 63
35 64
35 66
35 67
35 68
35 70
35 73
35 74
35 76
35 78
35 79
35 85
35 87
35 88
35 89
35 91
35 93
35 94
35 95
35 99
35 100
35 103
35 105
35 107
35 108
35 109
35 110
35 111
35 112
35 114
35 116
35 119
35 120
35 121
35 124
35 126
35 130
35 131
35 134
35 135
35 137
35 141
35 142
35 143
35 144
35 146
35 150
35 153
36 2
36 4
36 6
36 7
36 12
36 13
36 14
36 19
36 20
36 22
36 23
36 26
36 29
36 30
36 32
36 35
36 37
36 39
36 41
36 44
36 47
36 49
36 51
36 52
36 53
36 55
36 56
36 58
36 60
36 68
36 69
36 72
36 73
36 75
36 77
36 78
36 79
36 81
36 82
36 86
36 87
36 91
36 92
36 93
36 95
36 96
36 101
36 102
36 104
36 106
36 107
36 108
36 109
36 112
36 114
36 115
36 116
36 117
36 118
36 120
36 123
36 126
36 129
36 130
36 131
36 133
36 134
36 135
36 137
36 139
36 140
36 142
36 143
36 144
36 146
36 150
36 153
36 154
36 155
36 157
36 158
37 0
37 1
37 4
37 7
37 9
37 12
37 13
37 15
37 16
37 17
37 18
37 23
37 24
37 25
37 29
37 34
37 35
37 38
37 40
37 44
37 45
37 48
37 49
37 53
37 54
37 55
37 59
37 60
37 61
37 62
37 63
37 64
37 65
37 72
37 73
37 74
37 75
37 76
37 78
37 80
37 82
37 85
37 87
37 89
37 90
37 91
37 93
37 94
37 96
37 98
37 99
37 101
37 102
37 106
37 107
37 109
37 113
37 119
37 120
37 121
37 122
37 125
37 130
37 131
37 132
37 134
37 137
37 139
37 140
37 143
37 144
37 147
37 148
37 149
37 150
37 151
37 152
37 153
37 154
38 0
38 2
38 3
38 9
38 10
38 11
38 13
38 14
38 15
38 16
38 17
38 19
38 21
38 24
38 25
38 26
38 28
38 29
38 30
38 31
38 33
38 36
38 39
38 41
38 42
38 45
38 46
38 48
38 49
38 50
38 51
38 52
38 53
38 54
38 55
38 57
38 58
38 60
38 63
38 65
38 66
38 67
38 68
38 71
38 72
38 74
38 75
38 76
38 78
38 81
38 82
38 83
38 86
38 87
38 89
38 90
38 91
38 96
38 99
38 101
38 103
38 104
38 105
38 111
38 112
38 113
38 117
38 119
38 120
38 121
38 122
38 123
38 124
38 125
38 132
38 133
38 144
38 150
38 151
38 152
38 154
38 156
38 157
38 158
38 159
39 1
39 3
39 7
39 9
39 10
39 11
39 13
39 16
39 17
39 19
39 21
39 22
39 24
39 25
39 28
39 29
39 31
39 33
39 34
39 37
39 40
39 43
39 48
39 51
39 52
39 54
39 55
39 57
39 64
39 65
39 67
39 71
39 72
39 73
39 75
39 76
39 78
39 79
39 81
39 82
39 83
39 84
39 85
39 90
39 94
39 98
39 99
39 101
39 103
39 111
39 114
39 115
39 116
39 118
39 119
39 123
39 126
39 128
39 129
39 130
39 131
39 132
39 135
39 137
39 139
39 140
39 142
39 147
39 148
39 149
39 150
39 153
39 154
39 155
39 159
40 0
40 3
40 4
40 5
40 6
40 7
40 8
40 9
40 11
40 15
40 18
40 19
40 22
40 23
40 25
40 27
40 30
40 31
40 34
40 36
40 38
40 41
40 42
40 43
40 45
40 48
40 49
40 52
40 53
40 54
40 55
40 56
40 61
40 63
40 64
40 65
40 66
40 68
40 69
40 70
40 74
40 75
40 77
40 83
40 84
40 87
40 89
40 90
40 91
40 92
40 94
40 96
40 97
40 99
40 100
40 101
40 103
40 106
40 110
40 114
40 115
40 116
40 117
40 118
40 119
40 120
40 121
40 122
40 124
40 125
40 130
40 131
40 132
40 133
40 134
40 135
40 137
40 138
40 142
40 144
40 145
40 147
40 152
40 154
40 155
40 156
40 157
41 0
41 2
41 4
41 5
41 6
41 8
41 10
41 12
41 14
41 16
41 17
41 21
41 22
41 23
41 24
41 26
41 29
41 31
41 32
41 33
41 34
41 37
41 39
41 45
41 46
41 47
41 51
41 52
41 53
41 54
41 55
41 58
41 59
41 62
41 73
41 74
41 80
41 85
41 86
41 88
41 90
41 91
41 92
41 95
41 96
41 98
41 102
41 103
41 108
41 109
41 111
41 113
41 117
41 118
41 120
41 122
41 123
41 124
41 125
41 127
41 131
41 133
41 134
41 135
41 136
41 139
41 140
41 144
41 148
41 151
41 153
41 156
41 157
41 158
41 159
42 1
42 2
42 3
42 4
42 9
42 12
42 13
42 14
42 15
42 17
42 18
42 20
42 22
42 24
42 26
42 34
42 36
42 37
42 39
42 41
42 47
42 48
42 49
42 50
42 51
42 52
42 54
42 55
42 56
42 59
42 63
42 65
42 66
42 74
42 76
42 78
42 81
42 83
42 84
42 88
42 91
42 92
42 93
42 94
42 95
42 98
42 102
42 105
42 108
42 111
42 115
42 116
42 117
42 118
42 119
42 120
42 122
42 125
42 127
42 128
42 129
42 131
42 132
42 135
42 138
42 139
42 143
42 144
42 145
42 146
42 148
42 149
42 153
42 158
43 0
43 1
43 2
43 3
43 4
43 11
43 13
43 14
43 15
43 16
43 17
43 20
43 22
43 23
43 26
43 28
43 29
43 30
43 35
43 36
43 37
43 38
43 41
43 42
43 49
43 50
43 51
43 55
43 56
43 57
43 59
43 61
43 64
43 66
43 68
43 72
43 73
43 77
43 78
43 82
43 83
43 84
43 86
43 89
43 90
43 91
43 92
43 95
43 96
43 102
43 103
43 104
43 109
43 111
43 114
43 115
43 117
43 119
43 120
43 121
43 126
43 127
43 131
43 134
43 135
43 138
43 140
43 142
43 143
43 145
43 147
43 148
43 150
43 152
43 153
43 154
43 159
44 1
44 2
44 4
44 5
44 7
44 8
44 9
44 13
44 14
44 15
44 16
44 17
44 18
44 21
44 22
44 23
44 24
44 25
44 26
44 27
44 29
44 30
44 32
44 38
44 39
44 40
44 41
44 42
44 43
44 46
44 47
44 48
44 49
44 50
44 52
44 54
44 55
44 56
44 64
44 72
44 75
44 78
44 81
44 82
44 83
44 84
44 85
44 87
44 90
44 92
44 93
44 94
44 95
44 97
44 100
44 104
44 106
44 108
44 109
44 110
44 112
44 113
44 114
44 115
44 118
44 120
44 121
44 124
44 125
44 126
44 129
44 130
44 133
44 135
44 138
44 140
44 142
44 144
44 145
44 146
44 147
44 150
44 151
44 155
44 156
44 157
44 159
45 0
45 2
45 5
45 6
45 7
45 9
45 10
45 13
45 15
45 16
45 17
45 18
45 22
45 23
45 27
45 28
45 32
45 33
45 34
45 35
45 36
45 39
45 42
45 43
45 44
45 48
45 53
45 55
45 56
45 57
45 60
45 61
45 62
45 65
45 68
45 70
45 71
45 72
45 73
45 74
45 75
45 78
45 81
45 82
45 83
45 84
45 86
45 87
45 91
45 92
45 96
45 98
45 99
45 100
45 107
45 108
45 111
45 115
45 118
45 120
45 125
45 127
45 135
45 136
45 139
45 143
45 147
45 148
45 149
45 150
45 151
45 152
45 155
45 157
45 158
45 159
46 1
46 2
46 4
46 5
46 6
46 7
46 11
46 12
46 13
46 16
46 17
46 20
46 23
46 25
46 28
46 32
46 34
46 36
46 37
46 39
46 40
46 42
46 43
46 45
46 47
46 48
46 50
46 52
46 54
46 57
46 60
46 61
46 63
46 64
46 65
46 67
46 70
46 72
46 75
46 77
46 80
46 83
46 84
46 87
46 88
46 89
46 92
46 93
46 95
46 96
46 98
46 100
46 102
46 105
46 107
46 111
46 114
46 115
46 117
46 118
46 119
46 126
46 130
46 132
46 133
46 136
46 143
46 144
46 148
46 149
46 151
46 157
46 158
46 159
47 0
47 1
47 2
47 3
47 4
47 9
47 12
47 13
47 14
47 15
47 17
47 19
47 20
47 21
47 24
47 27
47 28
47 31
47 32
47 33
47 34
47 37
47 38
47 39
47 40
47 43
47 45
47 49
47 50
47 51
47 52
47 53
47 55
47 56
47 57
47 58
47 59
47 61
47 63
47 65
47 66
47 69
47 70
47 72
47 76
47 77
47 78
47 79
47 85
47 87
47 88
47 91
47 92
47 94
47 95
47 96
47 97
47 99
47 100
47 101
47 103
47 104
47 107
47 109
47 113
47 115
47 116
47 117
47 122
47 126
47 127
47 128
47 130
47 131
47 133
47 135
47 136
47 137
47 138
47 140
47 142
47 146
47 147
47 148
47 149
47 152
47 158
47 159
48 0
48 3
48 8
48 9
48 11
48 12
48 14
48 16
48 17
48 18
48 19
48 21
48 22
48 23
48 24
48 28
48 29
48 31
48 32
48 33
48 34
48 35
48 36
48 41
48 43
48 47
48 52
48 59
48 60
48 61
48 62
48 63
48 66
48 69
48 70
48 71
48 73
48 74
48 78
48 80
48 83
48 84
48 85
48 87
48 88
48 90
48 93
48 94
48 95
48 96
48 97
48 100
48 103
48 105
48 106
48 109
48 112
48 114
48 115
48 116
48 119
48 123
48 124
48 128
48 129
48 133
48 134
48 135
48 137
48 139
48 140
48 141
48 143
48 144
48 145
48 150
48 151
48 152
48 154
48 155
48 157
48 159
49 0
49 1
49 4
49 5
49 6
49 8
49 9
49 13
49 16
49 17
49 20
49 21
49 22
49 23
49 29
49 32
49 39
49 41
49 45
49 46
49 48
49 51
49 52
49 53
49 54
49 57
49 58
49 59
49 60
49 62
49 64
49 68
49 69
49 71
49 78
49 79
49 80
49 82
49 83
49 87
49 88
49 90
49 91
49 92
49 93
49 94
49 98
49 99
49 100
49 103
49 104
49 108
49 109
49 111
49 119
49 120
49 122
49 123
49 124
49 126
49 127
49 128
49 130
49 133
49 134
49 135
49 137
49 138
49 139
49 142
49 143
49 144
49 151
49 152
49 153
49 155
49 156
49 158
49 159
50 1
50 2
50 3
50 4
50 5
50 7
50 9
50 11
50 12
50 14
50 16
50 18
50 20
50 21
50 22
50 23
50 24
50 25
50 26
50 28
50 30
50 31
50 34
50 35
50 36
50 37
50 39
50 40
50 41
50 45
50 48
50 49
50 53
50 55
50 56
50 58
50 59
50 60
50 63
50 64
50 65
50 67
50 70
50 73
50 78
50 80
50 81
50 83
50 85
50 86
50 88
50 89
50 94
50 96
50 97
50 100
50 103
50 106
50 107
50 108
50 110
50 112
50 115
50 116
50 117
50 122
50 123
50 124
50 125
50 127
50 129
50 130
50 131
50 132
50 134
50 135
50 137
50 140
50 145
50 146
50 147
50 150
50 152
50 154
50 157
50 158
50 159
51 0
51 1
51 2
51 4
51 5
51 7
51 9
51 13
51 16
51 17
51 18
51 19
51 20
51 21
51 22
51 24
51 26
51 29
51 30
51 31
51 32
51 35
51 37
51 40
51 44
51 45
51 46
51 48
51 50
51 53
51 55
51 56
51 57
51 58
51 61
51 62
51 63
51 64
51 65
51 67
51 69
51 70
51 71
51 73
51 77
51 78
51 80
51 81
51 82
51 84
51 85
51 86
51 91
51 93
51 96
51 98
51 99
51 100
51 103
51 108
51 109
51 118
51 119
51 121
51 122
51 123
51 125
51 127
51 128
51 130
51 131
51 132
51 133
51 134
51 135
51 136
51 137
51 138
51 142
51 144
51 145
51 148
51 150
51 151
51 153
51 154
51 155
51 156
51 158
52 1
52 4
52 6
52 7
52 11
52 13
52 16
52 17
52 18
52 19
52 22
52 23
52 25
52 27
52 28
52 32
52 34
52 35
52 37
52 43
52 45
52 50
52 51
52 53
52 56
52 57
52 59
52 61
52 63
52 66
52 67
52 69
52 71
52 73
52 74
52 75
52 76
52 77
52 80
52 81
52 82
52 85
52 86
52 87
52 90
52 94
52 97
52 98
52 100
52 102
52 107
52 108
52 110
52 112
52 114
52 115
52 116
52 117
52 119
52 120
52 122
52 123
52 127
52 128
52 129
52 131
52 132
52 136
52 138
52 140
52 142
52 145
52 146
52 147
52 150
52 151
52 155
52 156
52 157
53 1
53 2
53 3
53 6
53 9
53 10
53 15
53 16
53 26
53 28
53 31
53 33
53 35
53 39
53 42
53 43
53 44
53 46
53 48
53 55
53 58
53 61
53 64
53 65
53 67
53 69
53 71
53 74
53 77
53 78
53 81
53 82
53 84
53 87
53 89
53 90
53 91
53 93
53 94
53 97
53 98
53 99
53 100
53 104
53 105
53 107
53 108
53 109
53 111
53 113
53 115
53 116
53 118
53 119
53 121
53 123
53 127
53 128
53 129
53 131
53 135
53 136
53 139
53 140
53 142
53 143
53 144
53 146
53 148
53 150
53 151
53 152
53 154
53 157
53 159
54 4
54 6
54 8
54 9
54 10
54 12
54 13
54 15
54 17
54 21
54 23
54 24
54 25
54 26
54 27
54 28
54 30
54 31
54 32
54 33
54 34
54 35
54 36
54 43
54 45
54 47
54 48
54 50
54 51
54 52
54 53
54 56
54 57
54 58
54 59
54 64
54 65
54 66
54 67
54 68
54 72
54 73
54 74
54 76
54 78
54 79
54 80
54 81
54 84
54 85
54 87
54 89
54 90
54 91
54 95
54 96
54 98
54 101
54 102
54 105
54 106
54 110
54 111
54 114
54 118
54 119
54 120
54 122
54 123
54 124
54 125
54 126
54 128
54 131
54 134
54 137
54 138
54 139
54 140
54 142
54 143
54 149
54 150
54 151
54 153
54 154
54 155
54 156
54 158
55 0
55 1
55 3
55 4
55 8
55 10
55 12
55 15
55 18
55 19
55 20
55 22
55 23
55 26
55 28
55 31
55 32
55 46
55 48
55 49
55 52
55 54
55 58
55 59
55 61
55 63
55 69
55 70
55 71
55 72
55 73
55 74
55 75
55 76
55 78
55 83
55 85
55 86
55 87
55 95
55 96
55 98
55 99
55 100
55 103
55 105
55 106
55 110
55 111
55 113
55 114
55 115
55 117
55 122
55 124
55 127
55 128
55 129
55 130
55 131
55 134
55 137
55 142
55 144
55 145
55 146
55 148
55 153
55 157
56 3
56 4
56 5
56 7
56 8
56 10
56 11
56 12
56 13
56 15
56 16
56 17
56 21
56 28
56 32
56 34
56 37
56 38
56 39
56 41
56 46
56 48
56 49
56 53
56 55
56 60
56 67
56 68
56 69
56 72
56 73
56 75
56 77
56 79
56 83
56 86
56 87
56 88
56 89
56 90
56 92
56 93
56 96
56 98
56 101
56 103
56 104
56 105
56 111
56 112
56 115
56 116
56 118
56 119
56 120
56 122
56 123
56 125
56 126
56 128
56 129
56 130
56 131
56 133
56 134
56 135
56 136
56 139
56 140
56 142
56 144
56 146
56 148
56 149
56 151
56 153
56 155
56 156
56 157
56 158
57 1
57 4
57 5
57 8
57 9
57 11
57 13
57 16
57 17
57 19
57 20
57 21
57 28
57 30
57 33
57 34
57 35
57 36
57 37
57 40
57 41
57 42
57 44
57 48
57 50
57 53
57 55
57 56
57 62
57 63
57 66
57 69
57 72
57 73
57 74
57 75
57 76
57 77
57 78
57 82
57 84
57 86
57 87
57 88
57 90
57 91
57 93
57 94
57 95
57 96
57 98
57 99
57 100
57 101
57 102
57 104
57 106
57 107
57 109
57 110
57 113
57 116
57 117
57 119
57 122
57 124
57 125
57 126
57 129
57 130
57 131
57 133
57 135
57 137
57 139
57 140
57 141
57 145
57 147
57 149
57 154
57 155
57 157
57 158
58 0
58 1
58 4
58 6
58 7
58 9
58 12
58 13
58 14
58 15
58 18
58 22
58 23
58 27
58 28
58 29
58 31
58 33
58 34
58 35
58 37
58 39
58 40
58 42
58 43
58 44
58 45
58 46
58 48
58 52
58 56
58 57
58 59
58 62
58 65
58 66
58 70
58 72
58 77
58 84
58 88
58 90
58 96
58 97
58 98
58 100
58 101
58 103
58 104
58 107
58 108
58 109
58 110
58 112
58 113
58 118
58 120
58 121
58 122
58 124
58 125
58 126
58 129
58 131
58 132
58 133
58 135
58 136
58 138
58 139
58 140
58 145
58 146
58 150
58 151
58 152
58 156
58 159
59 0
59 1
59 2
59 3
59 6
59 9
59 10
59 12
59 13
59 14
59 19
59 20
59 21
59 23
59 25
59 28
59 31
59 34
59 36
59 38
59 39
59 40
59 44
59 45
59 46
59 51
59 53
59 56
59 57
59 61
59 63
59 64
59 65
59 66
59 67
59 70
59 76
59 83
59 85
59 86
59 87
59 89
59 90
59 91
59 93
59 96
59 97
59 98
59 99
59 101
59 102
59 103
59 104
59 106
59 107
59 109
59 110
59 112
59 113
59 114
59 115
59 116
59 118
59 120
59 122
59 127
59 128
59 131
59 133
59 134
59 135
59 137
59 138
59 140
59 141
59 142
59 143
59 146
59 148
59 149
59 150
59 153
59 154
60 0
60 1
60 2
60 5
60 6
60 7
60 8
60 9
60 10
60 12
60 14
60 16
60 17
60 20
60 23
60 24
60 25
60 27
60 28
60 29
60 31
60 32
60 33
60 39
60 40
60 41
60 42
60 43
60 44
60 47
60 51
60 52
60 53
60 54
60 55
60 57
60 58
60 59
60 62
60 63
60 65
60 66
60 68
60 70
60 71
60 73
60 74
60 76
60 81
60 82
60 85
60 89
60 92
60 94
60 97
60 101
60 103
60 104
60 106
60 107
60 108
60 111
60 113
60 115
60 116
60 121
60 122
60 124
60 125
60 129
60 132
60 134
60 135
60 139
60 140
60 142
60 145
60 146
60 147
60 151
60 152
60 156
60 157
60 158
60 159
61 0
61 1
61 3
61 6
61 7
61 10
61 11
61 12
61 17
61 19
61 20
61 21
61 23
61 25
61 26
61 27
61 28
61 33
61 36
61 38
61 39
61 41
61 42
61 44
61 49
61 50
61 54
61 56
61 57
61 58
61 60
61 64
61 65
61 67
61 69
61 70
61 72
61 75
61 76
61 77
61 79
61 81
61 83
61 85
61 86
61 87
61 88
61 91
61 92
61 95
61 96
61 98
61 101
61 103
61 104
61 106
61 107
61 109
61 110
61 111
61 113
61 114
61 115
61 118
61 119
61 120
61 121
61 122
61 129
61 130
61 132
61 135
61 138
61 141
61 142
61 144
61 145
61 146
61 148
61 149
61 151
61 154
61 157
61 158
61 159
62 1
62 2
62 4
62 5
62 6
62 7
62 8
62 9
62 12
62 14
62 15
62 20
62 23
62 25
62 29
62 30
62 33
62 34
62 36
62 38
62 39
62 40
62 42
62 43
62 44
62 46
62 47
62 50
62 52
62 53
62 54
62 55
62 56
62 59
62 61
62 63
62 64
62 65
62 68
62 70
62 71
62 72
62 74
62 75
62 76
62 77
62 80
62 81
62 85
62 90
62 91
62 92
62 100
62 101
62 102
62 105
62 106
62 109
62 110
62 111
62 113
62 114
62 115
62 116
62 121
62 122
62 124
62 129
62 130
62 131
62 136
62 140
62 143
62 144
62 146
62 147
62 148
62 149
62 153
62 157
63 4
63 7
63 8
63 12
63 13
63 15
63 18
63 19
63 22
63 26
63 28
63 30
63 31
63 32
63 36
63 39
63 41
63 43
63 44
63 45
63 49
63 53
63 54
63 56
63 58
63 61
63 64
63 66
63 67
63 70
63 71
63 73
63 78
63 79
63 81
63 84
63 86
63 87
63 90
63 92
63 95
63 98
63 99
63 100
63 102
63 105
63 110
63 112
63 113
63 114
63 115
63 117
63 119
63 123
63 126
63 127
63 128
63 129
63 134
63 136
63 138
63 139
63 140
63 144
63 145
63 147
63 148
63 151
63 152
63 153
63 154
63 156
63 157
63 159
64 1
64 2
64 4
64 5
64 7
64 10
64 11
64 13
64 15
64 19
64 21
64 22
64 25
64 26
64 27
64 29
64 31
64 32
64 33
64 36
64 38
64 41
64 42
64 45
64 47
64 48
64 52
64 55
64 56
64 57
64 58
64 60
64 66
64 67
64 71
64 73
64 76
64 77
64 79
64 83
64 84
64 85
64 88
64 90
64 91
64 93
64 96
64 99
64 100
64 101
64 110
64 111
64 113
64 114
64 115
64 116
64 118
64 119
64 120
64 121
64 124
64 125
64 129
64 134
64 136
64 137
64 138
64 140
64 143
64 145
64 147
64 148
64 149
64 151
64 152
64 154
64 155
64 156
64 157
64 158
64 159
65 0
65 1
65 3
65 4
65 6
65 7
65 8
65 10
65 13
65 14
65 15
65 23
65 30
65 32
65 33
65 35
65 36
65 41
65 43
65 44
65 48
65 49
65 52
65 55
65 56
65 57
65 63
65 64
65 70
65 71
65 72
65 74
65 75
65 76
65 78
65 79
65 80
65 81
65 84
65 85
65 89
65 91
65 92
65 96
65 97
65 99
65 100
65 103
65 104
65 107
65 108
65 109
65 116
65 117
65 120
65 121
65 126
65 130
65 132
65 133
65 135
65 137
65 138
65 139
65 140
65 143
65 145
65 146
65 149
65 150
65 155
65 157
65 158
65 159
66 1
66 4
66 5
66 8
66 10
66 16
66 17
66 18
66 20
66 26
66 30
66 31
66 32
66 34
66 36
66 37
66 39
66 41
66 44
66 45
66 46
66 49
66 50
66 51
66 53
66 55
66 56
66 61
66 62
66 65
66 69
66 71
66 72
66 74
66 75
66 77
66 78
66 79
66 80
66 82
66 84
66 86
66 88
66 91
66 95
66 96
66 98
66 105
66 111
66 112
66 114
66 115
66 117
66 121
66 123
66 124
66 125
66 128
66 130
66 133
66 136
66 137
66 139
66 140
66 142
66 143
66 145
66 146
66 147
66 148
66 149
66 152
66 153
66 154
66 158
67 0
67 2
67 8
67 9
67 11
67 13
67 15
67 16
67 19
67 20
67 21
67 22
67 23
67 24
67 25
67 26
67 29
67 32
67 33
67 36
67 37
67 40
67 41
67 42
67 43
67 44
67 45
67 47
67 48
67 49
67 55
67 57
67 58
67 60
67 62
67 65
67 66
67 68
67 69
67 70
67 74
67 75
67 78
67 82
67 83
67 85
67 87
67 91
67 93
67 99
67 100
67 102
67 108
67 109
67 110
67 113
67 119
67 122
67 127
67 128
67 129
67 135
67 136
67 138
67 145
67 146
67 147
67 151
67 157
67 159
68 2
68 4
68 6
68 7
68 9
68 13
68 15
68 16
68 17
68 18
68 20
68 22
68 24
68 26
68 28
68 30
68 32
68 33
68 34
68 37
68 39
68 41
68 42
68 44
68 46
68 47
68 48
68 50
68 51
68 52
68 53
68 55
68 57
68 58
68 59
68 61
68 63
68 64
68 65
68 66
68 70
68 74
68 75
68 78
68 80
68 81
68 82
68 83
68 87
68 88
68 89
68 90
68 92
68 93
68 94
68 96
68 97
68 98
68 101
68 103
68 104
68 106
68 107
68 111
68 112
68 114
68 118
68 119
68 121
68 127
68 131
68 134
68 135
68 136
68 138
68 139
68 140
68 143
68 144
68 145
68 146
68 147
68 148
68 149
68 151
68 156
68 158
68 159
69 2
69 4
69 7
69 9
69 11
69 14
69 15
69 17
69 18
69 22
69 23
69 24
69 27
69 30
69 31
69 33
69 34
69 35
69 37
69 38
69 39
69 41
69 42
69 43
69 44
69 45
69 46
69 50
69 54
69 58
69 59
69 60
69 62
69 63
69 64
69 65
69 68
69 74
69 75
69 76
69 77
69 81
69 83
69 84
69 86
69 87
69 89
69 90
69 91
69 94
69 95
69 101
69 102
69 103
69 104
69 105
69 106
69 107
69 108
69 109
69 111
69 112
69 115
69 117
69 118
69 120
69 121
69 123
69 124
69 126
69 127
69 130
69 131
69 134
69 136
69 137
69 140
69 142
69 143
69 148
69 149
69 151
69 152
69 154
69 155
69 156
69 158
70 1
70 3
70 7
70 11
70 12
70 14
70 20
70 23
70 25
70 30
70 31
70 33
70 36
70 37
70 38
70 39
70 41
70 42
70 43
70 44
70 49
70 52
70 53
70 54
70 56
70 57
70 64
70 66
70 69
70 71
70 72
70 73
70 74
70 76
70 78
70 83
70 86
70 87
70 88
70 93
70 94
70 96
70 98
70 99
70 101
70 102
70 103
70 107
70 111
70 113
70 114
70 115
70 116
70 122
70 124
70 125
70 126
70 130
70 132
70 134
70 136
70 140
70 142
70 143
70 145
70 148
70 152
70 156
71 3
71 4
71 6
71 7
71 8
71 10
71 11
71 12
71 19
71 20
71 21
71 22
71 23
71 24
71 25
71 26
71 27
71 28
71 32
71 33
71 35
71 36
71 37
71 40
71 41
71 42
71 43
71 44
71 46
71 47
71 50
71 54
71 56
71 57
71 58
71 59
71 61
71 67
71 68
71 69
71 76
71 77
71 79
71 83
71 86
71 91
71 98
71 100
71 101
71 102
71 104
71 105
71 107
71 109
71 112
71 114
71 116
71 118
71 119
71 121
71 123
71 124
71 128
71 132
71 133
71 136
71 138
71 140
71 141
71 142
71 143
71 144
71 145
71 146
71 148
71 153
71 157
72 4
72 7
72 9
72 10
72 11
72 13
72 15
72 16
72 18
72 21
72 23
72 25
72 26
72 29
72 30
72 35
72 40
72 41
72 42
72 48
72 49
72 50
72 51
72 52
72 53
72 59
72 60
72 63
72 64
72 67
72 68
72 69
72 71
72 73
72 74
72 76
72 78
72 81
72 84
72 85
72 86
72 89
72 91
72 92
72 96
72 98
72 99
72 100
72 101
72 102
72 104
72 107
72 108
72 109
72 113
72 114
72 117
72 118
72 120
72 121
72 122
72 123
72 125
72 126
72 133
72 134
72 135
72 137
72 141
72 142
72 143
72 144
72 145
72 146
72 147
72 148
72 151
72 156
72 159
73 0
73 2
73 3
73 7
73 16
73 18
73 20
73 22
73 23
73 25
73 26
73 29
73 34
73 38
73 40
73 42
73 44
73 46
73 47
73 49
73 53
73 58
73 59
73 61
73 62
73 65
73 66
73 67
73 68
73 69
73 71
73 74
73 76
73 77
73 78
73 81
73 83
73 84
73 86
73 89
73 91
73 93
73 96
73 97
73 100
73 104
73 106
73 110
73 112
73 113
73 114
73 117
73 119
73 121
73 123
73 126
73 132
73 134
73 135
73 137
73 138
73 141
73 144
73 147
73 151
73 152
73 153
74 1
74 2
74 3
74 7
74 8
74 11
74 12
74 14
74 15
74 16
74 17
74 19
74 23
74 24
74 25
74 30
74 33
74 34
74 36
74 39
74 43
74 44
74 46
74 47
74 49
74 50
74 51
74 56
74 58
74 59
74 61
74 63
74 64
74 71
74 76
74 78
74 83
74 87
74 88
74 89
74 90
74 93
74 94
74 95
74 96
74 97
74 99
74 100
74 103
74 104
74 105
74 108
74 109
74 110
74 113
74 115
74 116
74 117
74 118
74 121
74 126
74 128
74 129
74 130
74 131
74 132
74 133
74 136
74 138
74 140
74 141
74 142
74 146
74 147
74 148
74 150
74 152
74 153
74 154
74 155
74 156
74 157
74 159
75 0
75 8
75 9
75 13
75 14
75 15
75 20
75 22
75 24
75 25
75 30
75 32
75 35
75 41
75 42
75 43
75 47
75 48
75 49
75 50
75 51
75 53
75 54
75 58
75 59
75 60
75 63
75 64
75 70
75 71
75 72
75 73
75 74
75 79
75 80
75 81
75 83
75 85
75 87
75 90
75 92
75 93
75 95
75 97
75 101
75 102
75 103
75 107
75 110
75 112
75 114
75 118
75 120
75 123
75 124
75 128
75 129
75 131
75 133
75 137
75 138
75 140
75 142
75 143
75 144
75 145
75 146
75 147
75 148
75 149
75 150
75 154
75 157
75 159
76 3
76 4
76 5
76 8
76 9
76 10
76 11
76 14
76 15
76 18
76 20
76 21
76 22
76 23
76 26
76 29
76 31
76 36
76 40
76 41
76 43
76 44
76 45
76 46
76 48
76 49
76 50
76 51
76 53
76 56
76 58
76 63
76 66
76 67
76 68
76 75
76 77
76 79
76 83
76 88
76 90
76 91
76 92
76 93
76 94
76 96
76 101
76 105
76 110
76 117
76 118
76 120
76 121
76 124
76 127
76 129
76 130
76 132
76 133
76 136
76 139
76 140
76 144
76 145
76 148
76 152
76 153
76 154
76 155
76 156
76 157
76 158
77 0
77 1
77 2
77 4
77 7
77 8
77 12
77 14
77 19
77 23
77 24
77 27
77 28
77 33
77 35
77 37
77 38
77 39
77 41
77 42
77 44
77 45
77 48
77 49
77 50
77 54
77 55
77 59
77 60
77 63
77 65
77 67
77 68
77 70
77 72
77 74
77 75
77 80
77 81
77 82
77 84
77 86
77 87
77 88
77 93
77 94
77 97
77 98
77 100
77 101
77 102
77 108
77 110
77 111
77 113
77 114
77 115
77 116
77 120
77 123
77 127
77 129
77 130
77 131
77 133
77 137
77 138
77 139
77 141
77 142
77 143
77 145
77 148
77 149
77 155
77 156
77 158
77 159
78 0
78 2
78 7
78 9
78 12
78 14
78 16
78 19
78 21
78 23
78 25
78 27
78 28
78 29
78 30
78 31
78 40
78 41
78 46
78 52
78 56
78 58
78 59
78 60
78 61
78 62
78 64
78 69
78 71
78 75
78 76
78 77
78 81
78 82
78 83
78 87
78 91
78 92
78 94
78 95
78 96
78 98
78 99
78 101
78 102
78 103
78 104
78 105
78 107
78 113
78 115
78 117
78 118
78 122
78 124
78 125
78 127
78 128
78 129
78 130
78 135
78 137
78 138
78 141
78 145
78 149
78 152
78 154
78 157
78 159
79 0
79 1
79 2
79 4
79 5
79 10
79 16
79 19
79 20
79 21
79 23
79 25
79 26
79 27
79 30
79 34
79 37
79 38
79 40
79 41
79 42
79 43
79 44
79 45
79 46
79 48
79 50
79 51
79 52
79 53
79 55
79 57
79 58
79 59
79 60
79 62
79 67
79 68
79 69
79 70
79 72
79 73
79 74
79 77
79 78
79 80
79 81
79 84
79 92
79 95
79 102
79 104
79 105
79 114
79 116
79 119
79 120
79 121
79 122
79 123
79 124
79 125
79 126
79 128
79 129
79 133
79 138
79 139
79 145
79 147
79 149
79 152
79 153
79 155
79 156
79 159
80 0
80 1
80 4
80 5
80 6
80 8
80 10
80 11
80 12
80 14
80 18
80 19
80 20
80 21
80 23
80 26
80 29
80 30
80 34
80 35
80 36
80 38
80 39
80 40
80 42
80 43
80 44
80 45
80 47
80 53
80 55
80 56
80 57
80 58
80 59
80 60
80 61
80 63
80 64
80 67
80 69
80 70
80 71
80 72
80 73
80 74
80 76
80 78
80 81
80 83
80 85
80 86
80 87
80 90
80 92
80 93
80 94
80 95
80 96
80 97
80 99
80 101
80 102
80 105
80 106
80 107
80 113
80 117
80 118
80 119
80 121
80 123
80 125
80 126
80 129
80 131
80 132
80 134
80 135
80 142
80 147
80 149
80 151
80 152
80 155
80 156
81 0
81 1
81 2
81 3
81 4
81 7
81 8
81 9
81 10
81 14
81 15
81 17
81 20
81 23
81 25
81 28
81 30
81 32
81 34
81 35
81 37
81 40
81 41
81 43
81 46
81 47
81 48
81 49
81 55
81 56
81 57
81 58
81 59
81 64
81 66
81 67
81 70
81 71
81 74
81 76
81 83
81 84
81 85
81 86
81 87
81 91
81 92
81 93
81 96
81 100
81 110
81 111
81 113
81 114
81 121
81 126
81 128
81 131
81 132
81 136
81 138
81 142
81 147
81 148
81 149
81 150
81 153
81 156
81 157
81 158
82 0
82 1
82 2
82 4
82 6
82 10
82 11
82 13
82 14
82 18
82 19
82 21
82 22
82 24
82 26
82 27
82 29
82 30
82 34
82 35
82 40
82 41
82 42
82 46
82 47
82 48
82 50
82 54
82 55
82 56
82 58
82 59
82 61
82 62
82 63
82 64
82 65
82 69
82 70
82 71
82 72
82 73
82 74
82 75
82 76
82 79
82 80
82 81
82 83
82 85
82 88
82 90
82 91
82 94
82 96
82 98
82 99
82 104
82 105
82 106
82 109
82 112
82 115
82 119
82 124
82 128
82 129
82 130
82 131
82 133
82 134
82 135
82 144
82 148
82 149
82 151
82 152
82 155
82 156
82 158
82 159
83 0
83 1
83 2
83 7
83 8
83 9
83 14
83 16
83 17
83 26
83 27
83 29
83 30
83 31
83 34
83 35
83 36
83 37
83 41
83 47
83 51
83 52
83 53
83 54
83 57
83 58
83 60
83 62
83 63
83 65
83 66
83 72
83 77
83 79
83 85
83 87
83 90
83 91
83 94
83 95
83 97
83 98
83 103
83 105
83 107
83 113
83 114
83 116
83 118
83 123
83 124
83 125
83 126
83 127
83 129
83 132
83 134
83 137
83 138
83 141
83 142
83 143
83 144
83 145
83 146
83 147
83 149
83 150
83 151
83 159
84 0
84 1
84 2
84 3
84 5
84 7
84 10
84 12
84 14
84 15
84 16
84 18
84 19
84 22
84 24
84 25
84 26
84 27
84 29
84 30
84 31
84 32
84 33
84 34
84 35
84 36
84 37
84 38
84 41
84 47
84 49
84 50
84 52
84 55
84 56
84 59
84 60
84 61
84 62
84 67
84 68
84 70
84 71
84 74
84 75
84 76
84 78
84 80
84 82
84 83
84 86
84 87
84 89
84 90
84 91
84 95
84 99
84 104
84 109
84 113
84 115
84 117
84 118
84 121
84 122
84 124
84 127
84 128
84 130
84 131
84 134
84 137
84 138
84 140
84 143
84 149
84 152
84 153
84 154
84 155
84 156
84 157
84 158
84 159
85 1
85 2
85 3
85 4
85 6
85 7
85 8
85 9
85 15
85 17
85 18
85 21
85 22
85 23
85 24
85 25
85 26
85 27
85 29
85 33
85 34
85 36
85 38
85 40
85 42
85 43
85 45
85 46
85 49
85 53
85 56
85 57
85 58
85 63
85 66
85 68
85 69
85 70
85 71
85 73
85 74
85 76
85 77
85 78
85 79
85 84
85 88
85 90
85 91
85 92
85 93
85 95
85 97
85 98
85 99
85 102
85 103
85 104
85 106
85 111
85 113
85 114
85 115
85 120
85 121
85 122
85 125
85 127
85 128
85 129
85 130
85 132
85 136
85 139
85 142
85 143
85 144
85 147
85 148
85 149
85 151
85 152
85 154
85 157
85 158
85 159
86 0
86 2
86 3
86 4
86 7
86 11
86 15
86 16
86 17
86 18
86 24
86 26
86 27
86 28
86 29
86 31
86 34
86 35
86 37
86 39
86 40
86 42
86 44
86 46
86 47
86 48
86 49
86 53
86 54
86 58
86 60
86 62
86 64
86 65
86 67
86 68
86 74
86 75
86 76
86 78
86 79
86 82
86 83
86 85
86 87
86 90
86 92
86 93
86 94
86 97
86 98
86 100
86 103
86 105
86 106
86 107
86 110
86 111
86 113
86 114
86 116
86 117
86 121
86 124
86 126
86 127
86 128
86 130
86 131
86 136
86 137
86 140
86 141
86 143
86 145
86 146
86 150
86 152
86 153
86 155
86 157
86 158
87 0
87 1
87 2
87 4
87 5
87 8
87 16
87 17
87 26
87 27
87 28
87 29
87 30
87 31
87 32
87 33
87 34
87 39
87 41
87 42
87 43
87 50
87 51
87 58
87 60
87 62
87 64
87 65
87 66
87 71
87 72
87 73
87 76
87 79
87 82
87 85
87 89
87 91
87 94
87 95
87 98
87 99
87 101
87 103
87 104
87 108
87 111
87 112
87 113
87 114
87 115
87 117
87 118
87 121
87 124
87 126
87 129
87 130
87 131
87 132
87 133
87 134
87 136
87 139
87 143
87 144
87 147
87 148
87 149
87 150
87 151
87 152
87 153
87 154
87 158
88 0
88 1
88 2
88 4
88 7
88 8
88 12
88 13
88 15
88 16
88 17
88 19
88 21
88 24
88 25
88 27
88 30
88 31
88 33
88 34
88 36
88 37
88 38
88 39
88 40
88 43
88 44
88 45
88 51
88 52
88 53
88 54
88 55
88 59
88 60
88 62
88 63
88 65
88 67
88 69
88 71
88 72
88 73
88 75
88 78
88 79
88 80
88 81
88 83
88 84
88 86
88 87
88 89
88 91
88 93
88 94
88 97
88 98
88 99
88 101
88 102
88 104
88 105
88 108
88 109
88 110
88 111
88 113
88 114
88 119
88 129
88 130
88 134
88 137
88 138
88 142
88 144
88 150
88 151
88 152
88 153
88 155
88 156
88 159
89 1
89 7
89 9
89 18
89 20
89 23
89 25
89 26
89 27
89 29
89 36
89 39
89 41
89 42
89 44
89 45
89 47
89 48
89 49
89 51
89 52
89 55
89 57
89 58
89 61
89 62
89 63
89 64
89 66
89 67
89 70
89 71
89 75
89 76
89 77
89 78
89 79
89 80
89 81
89 82
89 83
89 85
89 86
89 90
89 93
89 95
89 98
89 99
89 100
89 101
89 102
89 103
89 104
89 105
89 106
89 107
89 110
89 111
89 113
89 115
89 116
89 121
89 122
89 124
89 125
89 126
89 129
89 131
89 132
89 133
89 134
89 135
89 136
89 139
89 142
89 143
89 144
89 147
89 149
89 151
89 152
89 154
89 155
89 156
89 157
90 1
90 2
90 7
90 12
90 16
90 17
90 20
90 23
90 25
90 26
90 28
90 29
90 31
90 33
90 35
90 36
90 42
90 45
90 46
90 47
90 50
90 51
90 55
90 60
90 61
90 65
90 66
90 67
90 70
90 71
90 72
90 73
90 77
90 78
90 79
90 81
90 87
90 88
90 94
90 95
90 97
90 98
90 99
90 101
90 103
90 107
90 108
90 112
90 114
90 115
90 121
90 124
90 126
90 128
90 129
90 130
90 132
90 133
90 135
90 136
90 138
90 139
90 141
90 143
90 144
90 145
90 148
90 149
90 151
90 153
90 156
90 157
90 159
91 1
91 3
91 4
91 9
91 10
91 12
91 13
91 15
91 16
91 18
91 21
91 22
91 23
91 24
91 26
91 27
91 28
91 30
91 33
91 39
91 44
91 46
91 48
91 50
91 52
91 55
91 56
91 58
91 60
91 63
91 68
91 70
91 74
91 75
91 77
91 79
91 80
91 86
91 89
91 90
91 94
91 95
91 97
91 101
91 104
91 105
91 110
91 111
91 112
91 113
91 114
91 116
91 117
91 118
91 121
91 124
91 125
91 126
91 127
91 128
91 129
91 130
91 131
91 132
91 136
91 137
91 138
91 139
91 142
91 144
91 147
91 149
91 151
91 152
91 155
91 158
91 159
92 0
92 2
92 3
92 8
92 9
92 10
92 11
92 12
92 13
92 15
92 17
92 18
92 19
92 20
92 21
92 22
92 23
92 25
92 26
92 27
92 28
92 32
92 33
92 35
92 37
92 38
92 39
92 48
92 50
92 51
92 52
92 53
92 54
92 55
92 57
92 58
92 59
92 64
92 66
92 67
92 69
92 70
92 71
92 73
92 74
92 77
92 82
92 83
92 84
92 87
92 88
92 89
92 90
92 91
92 95
92 96
92 97
92 98
92 100
92 101
92 103
92 104
92 106
92 107
92 109
92 110
92 112
92 114
92 116
92 118
92 120
92 121
92 123
92 124
92 125
92 128
92 129
92 130
92 131
92 133
92 135
92 137
92 138
92 139
92 140
92 141
92 142
92 143
92 144
92 146
92 149
92 150
92 153
92 154
92 155
92 156
92 157
92 158
92 159
93 3
93 4
93 5
93 7
93 9
93 11
93 12
93 15
93 19
93 20
93 23
93 24
93 25
93 26
93 27
93 29
93 30
93 34
93 38
93 39
93 40
93 41
93 43
93 45
93 47
93 50
93 52
93 54
93 55
93 58
93 60
93 61
93 62
93 63
93 65
93 66
93 69
93 71
93 72
93 78
93 79
93 82
93 83
93 84
93 87
93 90
93 91
93 92
93 94
93 95
93 97
93 98
93 100
93 104
93 108
93 109
93 110
93 111
93 112
93 114
93 115
93 116
93 117
93 118
93 119
93 123
93 124
93 128
93 129
93 131
93 132
93 133
93 135
93 136
93 140
93 141
93 142
93 143
93 145
93 146
93 147
93 150
93 151
93 152
93 154
93 156
93 157
93 158
94 0
94 2
94 5
94 7
94 9
94 10
94 11
94 17
94 18
94 20
94 23
94 24
94 25
94 30
94 34
94 36
94 38
94 41
94 43
94 45
94 46
94 51
94 54
94 55
94 56
94 58
94 59
94 61
94 62
94 63
94 64
94 65
94 66
94 67
94 71
94 72
94 73
94 75
94 79
94 81
94 84
94 85
94 89
94 92
94 95
94 99
94 100
94 101
94 104
94 105
94 106
94 109
94 110
94 111
94 115
94 117
94 120
94 124
94 127
94 129
94 131
94 132
94 133
94 136
94 139
94 142
94 143
94 146
94 147
94 149
94 155
94 157
94 158
94 159
95 0
95 3
95 4
95 6
95 7
95 8
95 9
95 12
95 14
95 17
95 19
95 20
95 25
95 26
95 29
95 30
95 33
95 37
95 38
95 39
95 40
95 45
95 49
95 50
95 51
95 52
95 53
95 56
95 58
95 59
95 60
95 62
95 64
95 65
95 67
95 68
95 70
95 71
95 72
95 73
95 76
95 77
95 81
95 82
95 86
95 88
95 98
95 100
95 102
95 113
95 114
95 117
95 120
95 121
95 123
95 124
95 128
95 129
95 130
95 131
95 132
95 133
95 135
95 138
95 142
95 143
95 145
95 147
95 148
95 156
95 157
95 158
95 159
96 2
96 3
96 4
96 5
96 7
96 12
96 14
96 15
96 17
96 19
96 26
96 31
96 33
96 35
96 39
96 42
96 44
96 49
96 52
96 53
96 60
96 62
96 63
96 67
96 69
96 71
96 75
96 77
96 79
96 83
96 84
96 85
96 86
96 87
96 88
96 89
96 90
96 91
96 93
96 94
96 95
96 98
96 100
96 102
96 103
96 106
96 108
96 113
96 114
96 119
96 123
96 127
96 128
96 131
96 133
96 136
96 137
96 139
96 140
96 141
96 142
96 144
96 147
96 149
96 150
96 152
96 155
97 0
97 1
97 3
97 4
97 5
97 6
97 15
97 16
97 17
97 18
97 19
97 22
97 27
97 28
97 29
97 30
97 33
97 34
97 35
97 36
97 37
97 38
97 39
97 41
97 42
97 43
97 45
97 46
97 49
97 51
97 54
97 55
97 56
97 57
97 61
97 62
97 63
97 64
97 66
97 67
97 69
97 70
97 71
97 72
97 76
97 78
97 79
97 81
97 82
97 84
97 87
97 89
97 94
97 95
97 96
97 98
97 100
97 103
97 104
97 105
97 109
97 110
97 111
97 112
97 116
97 118
97 121
97 123
97 125
97 126
97 128
97 129
97 131
97 132
97 134
97 137
97 138
97 140
97 142
97 143
97 144
97 145
97 146
97 147
97 150
97 153
97 154
97 157
98 1
98 3
98 4
98 6
98 7
98 8
98 9
98 10
98 12
98 13
98 14
98 15
98 16
98 17
98 18
98 19
98 20
98 22
98 29
98 30
98 32
98 33
98 35
98 36
98 38
98 40
98 43
98 44
98 47
98 48
98 50
98 60
98 62
98 64
98 65
98 67
98 69
98 73
98 74
98 75
98 76
98 79
98 80
98 81
98 84
98 91
98 94
98 100
98 101
98 105
98 106
98 109
98 110
98 114
98 118
98 120
98 122
98 124
98 125
98 127
98 128
98 129
98 133
98 137
98 138
98 139
98 140
98 141
98 143
98 145
98 148
98 149
98 152
98 154
98 159
99 0
99 3
99 4
99 5
99 7
99 8
99 9
99 10
99 11
99 14
99 20
99 23
99 25
99 26
99 29
99 32
99 34
99 36
99 41
99 42
99 43
99 44
99 46
99 48
99 50
99 52
99 54
99 56
99 58
99 60
99 61
99 62
99 66
99 68
99 69
99 71
99 73
99 75
99 76
99 77
99 79
99 81
99 83
99 86
99 91
99 92
99 93
99 95
99 96
99 97
99 98
99 102
99 107
99 108
99 111
99 113
99 115
99 116
99 119
99 120
99 121
99 123
99 124
99 126
99 127
99 129
99 130
99 134
99 135
99 137
99 139
99 140
99 142
99 144
99 145
99 148
99 149
99 150
99 151
99 152
99 153
99 154
99 155
99 157
100 2
100 3
100 4
100 5
100 7
100 11
100 13
100 16
100 17
100 18
100 19
100 20
100 21
100 22
100 23
100 25
100 29
100 30
100 31
100 33
100 34
100 36
100 37
100 38
100 39
100 41
100 42
100 43
100 54
100 56
100 59
100 60
100 61
100 66
100 68
100 69
100 70
100 75
100 76
100 78
100 79
100 80
100 82
100 83
100 84
100 85
100 87
100 88
100 90
100 91
100 99
100 103
100 104
100 107
100 109
100 110
100 111
100 113
100 114
100 117
100 126
100 127
100 128
100 129
100 130
100 131
100 132
100 135
100 136
100 138
100 139
100 140
100 144
100 145
100 146
100 147
100 149
100 150
100 154
100 155
100 158
101 0
101 1
101 4
101 5
101 7
101 11
101 18
101 20
101 25
101 28
101 30
101 31
101 32
101 35
101 41
101 42
101 43
101 44
101 45
101 46
101 48
101 49
101 50
101 51
101 52
101 53
101 55
101 63
101 65
101 66
101 67
101 73
101 74
101 79
101 81
101 82
101 83
101 84
101 85
101 86
101 93
101 95
101 96
101 97
101 99
101 100
101 104
101 106
101 109
101 110
101 112
101 115
101 118
101 119
101 120
101 121
101 126
101 128
101 130
101 131
101 132
101 133
101 137
101 138
101 142
101 144
101 147
101 148
101 149
101 150
101 152
101 153
101 154
101 156
101 157
101 158
101 159
102 1
102 2
102 3
102 8
102 12
102 13
102 15
102 16
102 17
102 19
102 20
102 21
102 26
102 27
102 32
102 33
102 35
102 38
102 39
102 40
102 44
102 45
102 47
102 48
102 49
102 50
102 51
102 53
102 55
102 56
102 58
102 60
102 61
102 64
102 65
102 66
102 68
102 73
102 74
102 76
102 81
102 82
102 83
102 84
102 86
102 87
102 90
102 91
102 92
102 93
102 94
102 97
102 98
102 100
102 101
102 104
102 105
102 106
102 115
102 116
102 122
102 125
102 128
102 129
102 130
102 131
102 132
102 139
102 140
102 142
102 144
102 146
102 149
102 150
102 151
102 152
102 153
102 154
102 157
102 159
103 2
103 3
103 4
103 7
103 8
103 9
103 10
103 11
103 17
103 19
103 23
103 24
103 25
103 26
103 31
103 34
103 36
103 37
103 42
103 44
103 45
103 46
103 52
103 53
103 54
103 57
103 62
103 63
103 64
103 66
103 67
103 71
103 72
103 73
103 76
103 77
103 79
103 80
103 81
103 82
103 84
103 88
103 91
103 93
103 94
103 95
103 98
103 99
103 101
103 102
103 104
103 109
103 112
103 113
103 114
103 115
103 116
103 117
103 118
103 120
103 122
103 123
103 124
103 130
103 131
103 132
103 133
103 135
103 136
103 137
103 138
103 141
103 142
103 143
103 148
103 149
103 151
103 154
103 157
103 159
104 0
104 3
104 7
104 8
104 9
104 10
104 12
104 14
104 15
104 16
104 19
104 21
104 26
104 27
104 28
104 29
104 30
104 32
104 33
104 35
104 37
104 39
104 40
104 41
104 42
104 45
104 46
104 48
104 50
104 51
104 52
104 54
104 55
104 62
104 63
104 64
104 66
104 67
104 70
104 75
104 76
104 77
104 80
104 81
104 83
104 86
104 90
104 95
104 96
104 98
104 99
104 107
104 109
104 111
104 114
104 115
104 122
104 123
104 124
104 125
104 128
104 129
104 130
104 132
104 134
104 135
104 137
104 138
104 142
104 145
104 146
104 147
104 149
104 153
104 157
104 159
105 1
105 2
105 4
105 6
105 7
105 8
105 11
105 15
105 16
105 18
105 19
105 22
105 23
105 25
105 26
105 28
105 30
105 31
105 32
105 34
105 36
105 37
105 39
105 40
105 41
105 43
105 44
105 45
105 47
105 49
105 50
105 51
105 52
105 57
105 58
105 59
105 60
105 61
105 64
105 65
105 67
105 68
105 70
105 72
105 73
105 75
105 77
105 81
105 84
105 85
105 87
105 90
105 92
105 93
105 95
105 96
105 99
105 100
105 101
105 103
105 104
105 106
105 110
105 112
105 114
105 120
105 122
105 127
105 128
105 131
105 133
105 134
105 136
105 138
105 139
105 144
105 145
105 146
105 147
105 148
105 151
105 156
105 158
106 0
106 2
106 3
106 4
106 5
106 8
106 9
106 10
106 11
106 12
106 13
106 22
106 24
106 25
106 26
106 27
106 29
106 30
106 32
106 33
106 35
106 38
106 39
106 41
106 42
106 43
106 45
106 46
106 47
106 49
106 51
106 52
106 53
106 56
106 58
106 63
106 64
106 65
106 66
106 67
106 70
106 71
106 72
106 74
106 75
106 76
106 77
106 78
106 79
106 81
106 83
106 84
106 87
106 88
106 90
106 91
106 93
106 95
106 97
106 99
106 100
106 103
106 104
106 108
106 112
106 115
106 116
106 117
106 118
106 119
106 121
106 123
106 125
106 127
106 128
106 129
106 130
106 134
106 137
106 138
106 140
106 144
106 145
106 148
106 149
106 153
106 154
106 157
106 158
106 159
107 1
107 2
107 5
107 10
107 13
107 14
107 15
107 22
107 24
107 25
107 26
107 29
107 31
107 33
107 38
107 39
107 40
107 41
107 42
107 43
107 44
107 48
107 49
107 51
107 54
107 55
107 56
107 62
107 63
107 64
107 66
107 67
107 73
107 74
107 76
107 77
107 79
107 81
107 82
107 84
107 85
107 87
107 88
107 91
107 93
107 94
107 95
107 96
107 97
107 98
107 101
107 102
107 103
107 105
107 106
107 108
107 112
107 114
107 115
107 118
107 120
107 121
107 122
107 124
107 125
107 126
107 127
107 129
107 131
107 132
107 137
107 143
107 144
107 147
107 148
107 150
107 152
107 155
107 156
107 157
107 158
108 0
108 6
108 10
108 11
108 13
108 14
108 16
108 17
108 18
108 20
108 22
108 24
108 28
108 31
108 32
108 33
108 37
108 38
108 39
108 40
108 43
108 46
108 47
108 48
108 54
108 55
108 56
108 57
108 59
108 61
108 62
108 63
108 64
108 66
108 68
108 70
108 71
108 73
108 75
108 76
108 78
108 79
108 80
108 81
108 82
108 83
108 84
108 85
108 86
108 89
108 91
108 92
108 94
108 95
108 97
108 98
108 100
108 101
108 102
108 103
108 104
108 105
108 110
108 111
108 114
108 116
108 117
108 118
108 119
108 120
108 122
108 125
108 127
108 128
108 130
108 132
108 135
108 138
108 140
108 143
108 145
108 146
108 148
108 150
108 151
108 152
108 155
108 157
108 158
108 159
109 0
109 2
109 4
109 7
109 9
109 13
109 18
109 19
109 21
109 22
109 24
109 25
109 28
109 29
109 34
109 38
109 39
109 40
109 42
109 45
109 46
109 50
109 52
109 54
109 55
109 56
109 60
109 63
109 64
109 66
109 68
109 70
109 73
109 75
109 76
109 77
109 78
109 79
109 80
109 81
109 83
109 85
109 86
109 87
109 89
109 90
109 91
109 95
109 96
109 99
109 102
109 105
109 106
109 107
109 108
109 113
109 117
109 123
109 128
109 130
109 131
109 132
109 134
109 136
109 137
109 140
109 142
109 143
109 144
109 146
109 147
109 153
109 154
109 156
109 159
110 0
110 1
110 2
110 3
110 5
110 6
110 7
110 9
110 10
110 14
110 15
110 17
110 18
110 21
110 23
110 24
110 26
110 27
110 28
110 29
110 33
110 36
110 37
110 38
110 39
110 41
110 42
110 43
110 45
110 46
110 47
110 48
110 49
110 51
110 53
110 56
110 60
110 65
110 66
110 68
110 69
110 70
110 71
110 72
110 78
110 79
110 80
110 82
110 83
110 84
110 85
110 87
110 90
110 95
110 96
110 99
110 102
110 103
110 104
110 106
110 107
110 109
110 111
110 114
110 119
110 120
110 121
110 122
110 123
110 125
110 130
110 131
110 132
110 133
110 134
110 135
110 137
110 138
110 140
110 145
110 146
110 147
110 148
110 152
110 156
110 158
111 1
111 2
111 3
111 4
111 5
111 7
111 8
111 9
111 11
111 12
111 18
111 19
111 21
111 22
111 23
111 26
111 28
111 30
111 31
111 32
111 33
111 36
111 37
111 40
111 44
111 47
111 48
111 50
111 51
111 52
111 57
111 58
111 59
111 63
111 65
111 67
111 71
111 72
111 73
111 74
111 75
111 76
111 78
111 79
111 80
111 82
111 83
111 84
111 90
111 92
111 95
111 96
111 98
111 101
111 102
111 103
111 105
111 106
111 107
111 109
111 112
111 114
111 115
111 116
111 120
111 126
111 127
111 128
111 129
111 132
111 134
111 136
111 137
111 140
111 141
111 143
111 144
111 147
111 148
111 149
111 151
111 153
111 154
111 158
111 159
112 1
112 3
112 4
112 5
112 6
112 9
112 10
112 11
112 14
112 15
112 16
112 17
112 20
112 21
112 22
112 23
112 26
112 28
112 31
112 37
112 39
112 40
112 41
112 42
112 43
112 45
112 46
112 47
112 49
112 51
112 53
112 54
112 55
112 57
112 60
112 61
112 62
112 64
112 65
112 67
112 70
112 72
112 74
112 76
112 77
112 78
112 79
112 80
112 81
112 83
112 84
112 85
112 86
112 88
112 89
112 94
112 95
112 96
112 98
112 99
112 100
112 102
112 104
112 108
112 109
112 110
112 115
112 116
112 117
112 119
112 120
112 124
112 126
112 127
112 128
112 130
112 132
112 133
112 136
112 139
112 140
112 145
112 146
112 148
112 155
112 157
112 159
113 0
113 1
113 2
113 3
113 4
113 11
113 12
113 13
113 14
113 15
113 16
113 18
113 19
113 20
113 23
113 25
113 26
113 28
113 29
113 30
113 33
113 34
113 35
113 36
113 39
113 40
113 42
113 43
113 45
113 46
113 48
113 49
113 50
113 51
113 52
113 54
113 56
113 65
113 66
113 68
113 69
113 71
113 75
113 76
113 79
113 82
113 90
113 92
113 93
113 94
113 97
113 98
113 101
113 102
113 104
113 105
113 106
113 107
113 108
113 110
113 111
113 112
113 114
113 118
113 119
113 120
113 121
113 124
113 125
113 126
113 128
113 130
113 131
113 133
113 134
113 135
113 136
113 138
113 139
113 141
113 143
113 144
113 146
113 147
113 151
113 152
113 154
113 157
113 159
114 1
114 2
114 3
114 5
114 6
114 7
114 8
114 12
114 13
114 17
114 18
114 19
114 23
114 25
114 26
114 30
114 31
114 32
114 37
114 38
114 41
114 42
114 45
114 47
114 49
114 50
114 51
114 53
114 56
114 57
114 58
114 60
114 65
114 67
114 69
114 74
114 76
114 78
114 80
114 82
114 84
114 89
114 94
114 97
114 99
114 101
114 102
114 106
114 109
114 112
114 118
114 119
114 121
114 122
114 124
114 125
114 126
114 130
114 131
114 132
114 133
114 135
114 136
114 140
114 143
114 144
114 148
114 149
114 151
114 154
114 159
115 4
115 5
115 6
115 7
115 9
115 10
115 15
115 16
115 20
115 23
115 24
115 29
115 31
115 32
115 33
115 35
115 37
115 38
115 41
115 49
115 51
115 54
115 57
115 58
115 65
115 67
115 68
115 71
115 72
115 73
115 75
115 76
115 79
115 80
115 81
115 83
115 86
115 88
115 91
115 92
115 95
115 96
115 97
115 98
115 100
115 105
115 108
115 109
115 110
115 113
115 114
115 117
115 118
115 120
115 121
115 122
115 125
115 126
115 128
115 130
115 133
115 135
115 137
115 138
115 139
115 142
115 143
115 147
115 148
115 150
115 151
115 152
115 154
115 156
115 157
115 159
116 0
116 1
116 2
116 3
116 4
116 6
116 7
116 8
116 9
116 10
116 11
116 14
116 17
116 18
116 19
116 20
116 22
116 23
116 26
116 27
116 31
116 32
116 33
116 37
116 38
116 41
116 43
116 44
116 45
116 46
116 49
116 51
116 54
116 55
116 58
116 61
116 63
116 66
116 67
116 68
116 69
116 72
116 73
116 75
116 76
116 78
116 80
116 81
116 82
116 84
116 85
116 87
116 88
116 90
116 94
116 95
116 96
116 98
116 100
116 101
116 104
116 105
116 107
116 109
116 110
116 113
116 114
116 115
116 118
116 119
116 120
116 122
116 126
116 132
116 133
116 135
116 138
116 141
116 142
116 144
116 145
116 146
116 152
116 153
116 154
117 0
117 1
117 3
117 4
117 5
117 7
117 13
117 14
117 17
117 18
117 19
117 25
117 29
117 30
117 32
117 35
117 37
117 39
117 44
117 45
117 48
117 49
117 51
117 53
117 54
117 56
117 58
117 59
117 60
117 61
117 62
117 64
117 67
117 68
117 70
117 71
117 75
117 77
117 79
117 81
117 82
117 83
117 85
117 88
117 89
117 90
117 92
117 96
117 97
117 98
117 99
117 101
117 102
117 104
117 105
117 107
117 110
117 111
117 113
117 114
117 116
117 118
117 119
117 120
117 121
117 122
117 124
117 130
117 131
117 134
117 136
117 137
117 138
117 139
117 141
117 142
117 143
117 144
117 145
117 146
117 147
117 148
117 150
117 154
117 157
117 158
117 159
118 0
118 1
118 3
118 5
118 7
118 11
118 14
118 15
118 17
118 18
118 22
118 23
118 26
118 27
118 29
118 30
118 35
118 37
118 38
118 43
118 47
118 48
118 49
118 50
118 52
118 55
118 57
118 60
118 62
118 63
118 65
118 66
118 67
118 70
118 73
118 77
118 79
118 81
118 82
118 85
118 86
118 88
118 89
118 90
118 94
118 95
118 96
118 99
118 100
118 102
118 104
118 105
118 109
118 110
118 111
118 112
118 119
118 120
118 123
118 124
118 128
118 130
118 131
118 132
118 133
118 134
118 135
118 136
118 137
118 139
118 140
118 144
118 149
118 153
118 155
119 1
119 3
119 4
119 8
119 9
119 10
119 11
119 14
119 15
119 16
119 17
119 18
119 22
119 23
119 28
119 30
119 31
119 32
119 36
119 41
119 44
119 45
119 47
119 50
119 55
119 58
119 59
119 60
119 62
119 65
119 66
119 69
119 70
119 72
119 74
119 75
119 76
119 77
119 78
119 81
119 83
119 84
119 85
119 86
119 87
119 89
119 90
119 91
119 92
119 94
119 95
119 97
119 98
119 100
119 102
119 103
119 104
119 105
119 107
119 109
119 111
119 115
119 121
119 124
119 125
119 127
119 129
119 130
119 134
119 135
119 136
119 137
119 138
119 142
119 149
119 150
119 151
119 152
119 154
119 155
119 158
119 159
120 0
120 5
120 6
120 7
120 8
120 11
120 13
120 18
120 19
120 21
120 26
120 28
120 31
120 32
120 33
120 34
120 39
120 46
120 47
120 48
120 50
120 51
120 53
120 55
120 57
120 60
120 62
120 63
120 66
120 67
120 68
120 70
120 71
120 73
120 74
120 78
120 80
120 81
120 82
120 83
120 84
120 86
120 87
120 88
120 89
120 90
120 91
120 93
120 96
120 97
120 100
120 102
120 104
120 106
120 109
120 114
120 119
120 122
120 124
120 125
120 126
120 133
120 135
120 138
120 140
120 141
120 142
120 144
120 148
120 149
120 152
120 155
120 156
120 158
120 159
121 0
121 1
121 4
121 5
121 9
121 10
121 11
121 12
121 13
121 15
121 16
121 18
121 21
121 23
121 26
121 28
121 36
121 39
121 41
121 42
121 45
121 46
121 47
121 48
121 49
121 50
121 52
121 54
121 55
121 56
121 57
121 59
121 63
121 67
121 70
121 75
121 77
121 78
121 82
121 83
121 88
121 93
121 94
121 96
121 98
121 100
121 102
121 103
121 104
121 105
121 108
121 109
121 111
121 112
121 116
121 118
121 120
121 122
121 124
121 126
121 127
121 129
121 132
121 135
121 136
121 137
121 138
121 139
121 140
121 141
121 142
121 143
121 144
121 145
121 147
121 149
121 152
121 153
121 154
121 158
122 0
122 2
122 5
122 6
122 7
122 8
122 11
122 18
122 20
122 23
122 24
122 30
122 34
122 35
122 36
122 39
122 43
122 44
122 45
122 46
122 48
122 53
122 63
122 64
122 65
122 66
122 68
122 69
122 71
122 73
122 74
122 75
122 76
122 77
122 80
122 81
122 82
122 83
122 86
122 87
122 88
122 90
122 91
122 92
122 93
122 94
122 95
122 96
122 97
122 99
122 100
122 101
122 106
122 109
122 111
122 112
122 113
122 118
122 119
122 123
122 125
122 128
122 129
122 134
122 135
122 142
122 144
122 145
122 150
122 152
122 153
122 156
122 158
123 2
123 3
123 6
123 7
123 8
123 9
123 11
123 12
123 15
123 17
123 20
123 21
123 27
123 31
123 35
123 37
123 40
123 42
123 43
123 44
123 45
123 46
123 47
123 55
123 57
123 58
123 59
123 60
123 61
123 62
123 64
123 65
123 67
123 68
123 70
123 74
123 76
123 78
123 81
123 82
123 84
123 85
123 86
123 87
123 88
123 89
123 90
123 91
123 94
123 98
123 100
123 101
123 102
123 105
123 107
123 108
123 111
123 112
123 113
123 114
123 115
123 116
123 117
123 119
123 120
123 121
123 125
123 126
123 128
123 131
123 132
123 134
123 136
123 140
123 141
123 145
123 146
123 150
123 152
123 153
123 154
123 157
124 2
124 5
124 7
124 9
124 12
124 15
124 17
124 20
124 21
124 24
124 25
124 28
124 31
124 33
124 36
124 37
124 39
124 42
124 43
124 45
124 46
124 47
124 51
124 52
124 53
124 56
124 59
124 61
124 63
124 65
124 67
124 68
124 72
124 73
124 74
124 77
124 80
124 81
124 85
124 88
124 96
124 97
124 100
124 101
124 102
124 105
124 106
124 108
124 109
124 110
124 111
124 115
124 116
124 122
124 123
124 125
124 130
124 132
124 135
124 136
124 137
124 142
124 147
124 149
124 150
124 151
124 153
124 158
124 159
125 1
125 2
125 3
125 4
125 6
125 7
125 8
125 9
125 10
125 14
125 15
125 19
125 20
125 24
125 27
125 30
125 31
125 32
125 34
125 35
125 36
125 39
125 43
125 46
125 47
125 48
125 49
125 52
125 53
125 55
125 59
125 61
125 62
125 63
125 65
125 67
125 68
125 69
125 71
125 73
125 74
125 75
125 76
125 77
125 81
125 82
125 84
125 86
125 87
125 88
125 90
125 93
125 94
125 95
125 96
125 99
125 100
125 101
125 103
125 105
125 109
125 111
125 112
125 116
125 117
125 118
125 121
125 127
125 128
125 130
125 131
125 132
125 136
125 137
125 142
125 143
125 144
125 145
125 147
125 149
125 150
125 152
125 154
125 155
125 157
125 159
126 0
126 2
126 3
126 5
126 6
126 7
126 9
126 10
126 11
126 12
126 13
126 14
126 16
126 17
126 18
126 19
126 23
126 25
126 26
126 28
126 31
126 32
126 34
126 37
126 38
126 40
126 41
126 42
126 45
126 48
126 50
126 51
126 52
126 53
126 55
126 59
126 60
126 61
126 62
126 64
126 66
126 67
126 68
126 71
126 75
126 76
126 77
126 78
126 82
126 84
126 85
126 88
126 92
126 93
126 94
126 95
126 96
126 98
126 102
126 103
126 104
126 105
126 106
126 108
126 109
126 110
126 117
126 118
126 119
126 122
126 124
126 125
126 132
126 135
126 136
126 139
126 140
126 141
126 143
126 145
126 146
126 147
126 150
126 153
126 155
126 156
126 157
127 2
127 4
127 6
127 8
127 10
127 11
127 13
127 14
127 15
127 16
127 26
127 27
127 35
127 36
127 37
127 38
127 39
127 40
127 44
127 46
127 48
127 54
127 56
127 57
127 58
127 60
127 61
127 62
127 64
127 65
127 66
127 70
127 71
127 72
127 73
127 74
127 75
127 79
127 80
127 81
127 82
127 87
127 88
127 89
127 90
127 92
127 93
127 95
127 97
127 101
127 102
127 103
127 104
127 109
127 110
127 113
127 114
127 115
127 116
127 117
127 118
127 120
127 122
127 123
127 124
127 126
127 128
127 129
127 131
127 133
127 135
127 136
127 137
127 138
127 139
127 141
127 142
127 143
127 144
127 145
127 146
127 149
127 151
127 152
127 154
127 155
127 156
128 0
128 1
128 3
128 7
128 10
128 13
128 14
128 15
128 17
128 18
128 19
128 21
128 23
128 26
128 27
128 31
128 32
128 33
128 35
128 36
128 37
128 38
128 40
128 41
128 43
128 44
128 45
128 46
128 50
128 57
128 58
128 60
128 61
128 62
128 64
128 65
128 68
128 69
128 70
128 72
128 73
128 76
128 77
128 80
128 83
128 87
128 88
128 89
128 94
128 99
128 103
128 107
128 110
128 114
128 116
128 117
128 119
128 120
128 121
128 124
128 126
128 132
128 133
128 134
128 141
128 143
128 147
128 148
128 151
128 153
128 154
128 155
128 156
128 157
128 158
129 2
129 3
129 8
129 9
129 11
129 15
129 20
129 22
129 26
129 27
129 29
129 30
129 35
129 37
129 38
129 40
129 41
129 43
129 45
129 46
129 47
129 49
129 51
129 54
129 59
129 65
129 66
129 68
129 69
129 70
129 71
129 72
129 73
129 81
129 84
129 86
129 96
129 101
129 103
129 105
129 108
129 109
129 110
129 112
129 113
129 114
129 115
129 116
129 117
129 118
129 120
129 123
129 124
129 125
129 126
129 128
129 130
129 135
129 137
129 139
129 142
129 144
129 147
129 148
129 150
129 153
129 156
129 157
129 158
130 1
130 2
130 3
130 5
130 8
130 14
130 16
130 18
130 23
130 24
130 25
130 26
130 29
130 31
130 38
130 41
130 42
130 43
130 45
130 48
130 52
130 53
130 54
130 58
130 59
130 60
130 63
130 64
130 67
130 68
130 71
130 72
130 73
130 75
130 79
130 80
130 81
130 83
130 89
130 93
130 94
130 96
130 97
130 98
130 105
130 107
130 111
130 116
130 120
130 121
130 122
130 123
130 126
130 127
130 128
130 131
130 135
130 138
130 141
130 142
130 146
130 147
130 149
130 150
130 151
130 159
131 0
131 2
131 3
131 4
131 11
131 13
131 14
131 15
131 16
131 17
131 18
131 20
131 21
131 24
131 26
131 27
131 29
131 31
131 33
131 34
131 38
131 44
131 45
131 46
131 48
131 49
131 60
131 61
131 63
131 64
131 65
131 66
131 67
131 70
131 71
131 72
131 73
131 76
131 78
131 79
131 83
131 85
131 88
131 90
131 98
131 99
131 104
131 106
131 108
131 111
131 112
131 115
131 116
131 119
131 120
131 121
131 122
131 124
131 126
131 128
131 129
131 132
131 134
131 139
131 141
131 142
131 152
131 153
131 155
131 156
131 157
131 159
132 2
132 9
132 10
132 12
132 17
132 18
132 19
132 20
132 22
132 25
132 26
132 29
132 30
132 32
132 35
132 36
132 41
132 43
132 44
132 45
132 47
132 48
132 49
132 53
132 54
132 55
132 56
132 57
132 59
132 62
132 63
132 64
132 66
132 67
132 68
132 69
132 72
132 75
132 77
132 78
132 79
132 82
132 84
132 86
132 88
132 92
132 96
132 98
132 99
132 105
132 106
132 113
132 115
132 117
132 119
132 120
132 122
132 127
132 129
132 130
132 134
132 135
132 136
132 140
132 144
132 147
132 150
132 152
132 153
132 154
132 155
132 156
132 157
132 159
133 1
133 3
133 4
133 5
133 6
133 9
133 10
133 12
133 16
133 17
133 20
133 21
133 28
133 32
133 33
133 35
133 37
133 39
133 42
133 43
133 45
133 50
133 52
133 53
133 54
133 55
133 60
133 61
133 62
133 63
133 64
133 67
133 68
133 69
133 70
133 73
133 78
133 80
133 81
133 83
133 84
133 85
133 86
133 88
133 91
133 97
133 99
133 100
133 102
133 104
133 106
133 107
133 108
133 109
133 111
133 117
133 119
133 121
133 122
133 123
133 124
133 125
133 126
133 129
133 130
133 131
133 132
133 134
133 135
133 137
133 145
133 147
133 149
133 150
133 151
133 152
133 154
133 155
133 157
133 158
133 159
134 2
134 7
134 8
134 12
134 16
134 18
134 19
134 21
134 22
134 23
134 24
134 29
134 31
134 32
134 33
134 34
134 38
134 39
134 42
134 44
134 45
134 46
134 47
134 52
134 53
134 57
134 58
134 61
134 62
134 65
134 66
134 67
134 71
134 74
134 75
134 76
134 77
134 78
134 79
134 81
134 85
134 86
134 90
134 91
134 92
134 93
134 94
134 95
134 96
134 98
134 100
134 101
134 102
134 103
134 107
134 108
134 112
134 114
134 115
134 116
134 120
134 121
134 124
134 125
134 126
134 127
134 129
134 130
134 136
134 139
134 141
134 142
134 143
134 146
134 153
134 155
134 158
134 159
135 0
135 1
135 2
135 5
135 7
135 9
135 10
135 11
135 19
135 20
135 22
135 25
135 27
135 28
135 29
135 30
135 31
135 32
135 33
135 34
135 37
135 38
135 46
135 52
135 54
135 55
135 62
135 63
135 64
135 66
135 69
135 70
135 71
135 74
135 75
135 76
135 77
135 79
135 81
135 83
135 84
135 85
135 86
135 87
135 88
135 91
135 94
135 96
135 97
135 98
135 101
135 102
135 105
135 106
135 107
135 109
135 111
135 112
135 117
135 123
135 125
135 128
135 131
135 134
135 137
135 139
135 140
135 141
135 142
135 145
135 146
135 149
135 155
135 157
136 0
136 1
136 2
136 3
136 5
136 12
136 17
136 19
136 21
136 22
136 24
136 26
136 27
136 31
136 33
136 35
136 36
136 37
136 38
136 39
136 40
136 42
136 43
136 44
136 48
136 49
136 50
136 54
136 55
136 57
136 59
136 60
136 61
136 65
136 72
136 73
136 75
136 77
136 78
136 79
136 80
136 82
136 83
136 84
136 88
136 92
136 95
136 97
136 98
136 99
136 101
136 102
136 104
136 106
136 107
136 108
136 110
136 115
136 116
136 120
136 122
136 128
136 129
136 130
136 131
136 133
136 135
136 137
136 138
136 139
136 141
136 142
136 146
136 148
136 149
136 151
136 152
136 153
136 155
136 156
136 157
136 159
137 0
137 1
137 5
137 6
137 15
137 19
137 21
137 23
137 24
137 30
137 32
137 33
137 34
137 38
137 41
137 42
137 43
137 44
137 45
137 46
137 52
137 53
137 56
137 58
137 60
137 61
137 62
137 63
137 67
137 68
137 70
137 71
137 74
137 76
137 79
137 80
137 81
137 82
137 85
137 87
137 89
137 90
137 93
137 94
137 95
137 100
137 102
137 105
137 108
137 112
137 113
137 114
137 116
137 120
137 122
137 123
137 126
137 128
137 130
137 131
137 132
137 134
137 139
137 140
137 142
137 144
137 150
137 152
137 153
137 157
138 1
138 2
138 3
138 5
138 6
138 7
138 10
138 11
138 12
138 13
138 17
138 21
138 22
138 23
138 27
138 29
138 33
138 34
138 35
138 36
138 37
138 38
138 39
138 41
138 45
138 46
138 48
138 50
138 53
138 55
138 56
138 57
138 60
138 62
138 66
138 69
138 70
138 72
138 76
138 80
138 82
138 85
138 86
138 87
138 89
138 93
138 94
138 96
138 99
138 102
138 107
138 109
138 111
138 112
138 114
138 118
138 122
138 123
138 124
138 125
138 126
138 128
138 129
138 131
138 132
138 133
138 134
138 135
138 137
138 140
138 143
138 146
138 147
138 148
138 149
138 151
138 153
138 156
138 157
138 158
138 159
139 1
139 2
139 3
139 4
139 8
139 9
139 10
139 11
139 14
139 15
139 17
139 20
139 21
139 22
139 23
139 27
139 29
139 30
139 31
139 34
139 35
139 38
139 40
139 43
139 44
139 46
139 47
139 50
139 51
139 52
139 55
139 59
139 61
139 62
139 64
139 67
139 69
139 70
139 71
139 72
139 73
139 74
139 75
139 78
139 80
139 81
139 82
139 83
139 84
139 86
139 88
139 93
139 95
139 97
139 101
139 103
139 104
139 106
139 107
139 108
139 109
139 110
139 111
139 114
139 116
139 119
139 120
139 122
139 123
139 124
139 125
139 128
139 130
139 132
139 133
139 138
139 140
139 141
139 143
139 144
139 148
139 150
139 153
139 155
139 156
139 159
140 0
140 1
140 4
140 9
140 10
140 12
140 14
140 15
140 17
140 19
140 21
140 22
140 24
140 25
140 26
140 28
140 30
140 31
140 32
140 35
140 38
140 40
140 42
140 45
140 46
140 49
140 51
140 55
140 61
140 67
140 72
140 73
140 77
140 78
140 79
140 80
140 81
140 82
140 83
140 85
140 87
140 88
140 89
140 90
140 91
140 94
140 95
140 101
140 103
140 104
140 105
140 107
140 113
140 115
140 116
140 117
140 119
140 122
140 124
140 125
140 127
140 128
140 129
140 130
140 131
140 133
140 134
140 136
140 141
140 145
140 146
140 147
140 148
140 152
140 154
140 155
140 159
141 9
141 10
141 12
141 16
141 19
141 20
141 21
141 22
141 25
141 26
141 28
141 30
141 32
141 34
141 36
141 37
141 38
141 39
141 40
141 41
141 42
141 43
141 44
141 45
141 46
141 47
141 49
141 50
141 51
141 52
141 53
141 54
141 55
141 56
141 58
141 60
141 62
141 63
141 64
141 65
141 66
141 67
141 68
141 69
141 70
141 75
141 76
141 79
141 80
141 81
141 82
141 84
141 85
141 87
141 88
141 89
141 91
141 94
141 95
141 97
141 99
141 100
141 101
141 102
141 104
141 105
141 106
141 107
141 108
141 109
141 110
141 112
141 114
141 115
141 118
141 119
141 122
141 124
141 125
141 129
141 132
141 133
141 137
141 138
141 142
141 144
141 145
141 147
141 148
141 149
141 151
141 153
141 155
141 157
142 1
142 5
142 11
142 14
142 15
142 16
142 17
142 18
142 19
142 20
142 21
142 22
142 24
142 27
142 30
142 34
142 37
142 38
142 41
142 42
142 45
142 46
142 48
142 50
142 57
142 58
142 62
142 63
142 64
142 65
142 67
142 68
142 73
142 76
142 78
142 79
142 82
142 84
142 86
142 87
142 90
142 98
142 100
142 105
142 106
142 107
142 108
142 110
142 111
142 112
142 113
142 114
142 118
142 123
142 126
142 128
142 132
142 133
142 138
142 139
142 140
142 143
142 145
142 146
142 147
142 148
142 151
142 153
142 154
142 155
142 159
143 1
143 3
143 6
143 7
143 11
143 12
143 13
143 15
143 17
143 19
143 20
143 22
143 23
143 25
143 26
143 27
143 28
143 31
143 32
143 38
143 39
143 40
143 41
143 44
143 47
143 50
143 51
143 52
143 55
143 56
143 57
143 58
143 60
143 61
143 63
143 67
143 73
143 74
143 76
143 78
143 79
143 80
143 81
143 82
143 88
143 91
143 96
143 99
143 100
143 101
143 102
143 104
143 105
143 106
143 110
143 112
143 116
143 118
143 119
143 120
143 122
143 123
143 124
143 129
143 130
143 131
143 132
143 133
143 135
143 136
143 137
143 140
143 141
143 146
143 149
143 150
143 152
143 154
143 155
143 158
144 1
144 2
144 4
144 7
144 8
144 9
144 11
144 12
144 13
144 17
144 21
144 24
144 25
144 27
144 28
144 29
144 30
144 33
144 39
144 43
144 45
144 47
144 50
144 52
144 54
144 57
144 58
144 59
144 60
144 64
144 65
144 66
144 67
144 69
144 70
144 74
144 77
144 78
144 79
144 80
144 81
144 84
144 86
144 93
144 94
144 95
144 98
144 103
144 104
144 108
144 110
144 112
144 115
144 119
144 123
144 124
144 126
144 128
144 130
144 131
144 133
144 134
144 135
144 136
144 138
144 140
144 142
144 143
144 146
144 147
144 149
144 151
144 153
145 0
145 3
145 4
145 10
145 14
145 15
145 20
145 21
145 23
145 26
145 28
145 29
145 30
145 33
145 35
145 36
145 37
145 38
145 39
145 41
145 45
145 46
145 47
145 49
145 53
145 54
145 56
145 59
145 62
145 69
145 73
145 74
145 80
145 81
145 82
145 84
145 85
145 87
145 88
145 89
145 91
145 92
145 94
145 96
145 101
145 102
145 103
145 107
145 109
145 111
145 113
145 114
145 115
145 118
145 119
145 120
145 124
145 128
145 129
145 130
145 131
145 132
145 134
145 136
145 137
145 138
145 139
145 143
145 144
145 146
145 147
145 148
145 149
145 152
145 153
145 154
145 156
145 157
146 1
146 3
146 4
146 5
146 7
146 8
146 10
146 12
146 16
146 17
146 19
146 20
146 22
146 24
146 27
146 30
146 31
146 32
146 37
146 38
146 39
146 40
146 41
146 43
146 45
146 46
146 48
146 49
146 51
146 54
146 57
146 63
146 64
146 69
146 70
146 73
146 76
146 77
146 78
146 79
146 80
146 81
146 82
146 84
146 85
146 87
146 88
146 89
146 90
146 91
146 95
146 96
146 98
146 99
146 101
146 103
146 106
146 107
146 111
146 114
146 115
146 118
146 119
146 120
146 121
146 122
146 124
146 125
146 128
146 129
146 131
146 132
146 133
146 137
146 139
146 141
146 148
146 149
146 150
146 151
146 153
146 154
146 157
146 158
146 159
147 0
147 2
147 4
147 7
147 9
147 12
147 17
147 18
147 19
147 23
147 24
147 29
147 31
147 32
147 34
147 35
147 36
147 38
147 41
147 42
147 46
147 48
147 49
147 51
147 53
147 54
147 55
147 56
147 58
147 59
147 61
147 65
147 69
147 70
147 71
147 76
147 77
147 78
147 82
147 84
147 86
147 88
147 90
147 92
147 98
147 99
147 102
147 103
147 106
147 108
147 112
147 114
147 116
147 118
147 119
147 120
147 122
147 123
147 127
147 131
147 134
147 135
147 136
147 137
147 139
147 143
147 146
147 149
147 152
147 153
147 155
147 157
147 159
148 0
148 3
148 6
148 7
148 8
148 9
148 11
148 16
148 17
148 19
148 20
148 26
148 27
148 29
148 30
148 32
148 33
148 34
148 35
148 36
148 38
148 40
148 44
148 48
148 49
148 50
148 52
148 54
148 57
148 58
148 60
148 65
148 67
148 73
148 78
148 79
148 80
148 83
148 84
148 86
148 88
148 89
148 91
148 92
148 93
148 94
148 96
148 97
148 100
148 102
148 104
148 109
148 113
148 116
148 118
148 119
148 121
148 122
148 123
148 124
148 125
148 126
148 127
148 130
148 131
148 132
148 133
148 134
148 135
148 137
148 143
148 144
148 147
148 150
148 156
148 158
149 0
149 3
149 5
149 12
149 13
149 18
149 19
149 21
149 22
149 25
149 32
149 35
149 36
149 38
149 40
149 41
149 43
149 44
149 48
149 49
149 50
149 51
149 52
149 53
149 55
149 58
149 60
149 63
149 67
149 70
149 71
149 72
149 73
149 74
149 76
149 86
149 88
149 93
149 95
149 97
149 105
149 107
149 108
149 109
149 110
149 112
149 113
149 115
149 116
149 117
149 122
149 123
149 126
149 128
149 129
149 131
149 132
149 134
149 137
149 139
149 140
149 142
149 148
149 154
149 156
150 0
150 1
150 4
150 5
150 7
150 9
150 13
150 15
150 16
150 18
150 20
150 21
150 22
150 23
150 24
150 28
150 29
150 30
150 40
150 41
150 42
150 46
150 47
150 49
150 55
150 56
150 57
150 60
150 61
150 62
150 63
150 64
150 66
150 67
150 68
150 69
150 70
150 71
150 72
150 73
150 76
150 77
150 78
150 79
150 80
150 82
150 84
150 85
150 89
150 90
150 91
150 94
150 95
150 98
150 103
150 104
150 105
150 106
150 109
150 110
150 111
150 112
150 113
150 114
150 116
150 118
150 120
150 121
150 127
150 128
150 131
150 134
150 135
150 136
150 138
150 140
150 141
150 142
150 144
150 145
150 147
150 149
150 152
150 154
150 156
150 157
151 2
151 3
151 6
151 8
151 11
151 14
151 15
151 17
151 19
151 25
151 26
151 28
151 30
151 32
151 34
151 35
151 36
151 39
151 40
151 42
151 43
151 47
151 50
151 55
151 57
151 59
151 62
151 65
151 66
151 70
151 71
151 74
151 75
151 76
151 77
151 78
151 79
151 81
151 84
151 86
151 92
151 94
151 95
151 96
151 97
151 98
151 100
151 101
151 104
151 106
151 107
151 109
151 110
151 112
151 116
151 117
151 118
151 120
151 121
151 122
151 123
151 125
151 126
151 129
151 131
151 132
151 134
151 135
151 137
151 139
151 140
151 143
151 145
151 147
151 148
151 149
151 150
151 153
151 157
151 158
152 3
152 6
152 11
152 12
152 13
152 15
152 20
152 21
152 26
152 27
152 28
152 31
152 32
152 33
152 34
152 35
152 36
152 39
152 41
152 42
152 44
152 46
152 51
152 52
152 54
152 55
152 56
152 57
152 59
152 61
152 62
152 65
152 67
152 68
152 71
152 72
152 75
152 77
152 81
152 83
152 90
152 92
152 94
152 95
152 97
152 100
152 103
152 104
152 105
152 106
152 109
152 111
152 112
152 114
152 117
152 118
152 124
152 126
152 128
152 129
152 130
152 134
152 135
152 138
152 139
152 141
152 142
152 144
152 146
152 148
152 149
152 151
152 155
152 157
153 1
153 7
153 8
153 10
153 12
153 13
153 15
153 16
153 17
153 18
153 19
153 20
153 26
153 30
153 33
153 34
153 38
153 40
153 44
153 45
153 46
153 47
153 48
153 50
153 52
153 53
153 57
153 58
153 60
153 61
153 64
153 65
153 67
153 68
153 69
153 70
153 72
153 75
153 77
153 78
153 80
153 82
153 83
153 85
153 89
153 91
153 93
153 94
153 95
153 96
153 98
153 100
153 103
153 105
153 107
153 108
153 110
153 112
153 113
153 114
153 115
153 117
153 119
153 120
153 125
153 127
153 130
153 133
153 135
153 140
153 143
153 148
153 149
153 150
153 152
153 154
153 155
153 158
153 159
154 0
154 1
154 3
154 5
154 8
154 12
154 13
154 15
154 18
154 19
154 20
154 21
154 22
154 24
154 25
154 26
154 30
154 31
154 32
154 34
154 35
154 41
154 42
154 44
154 45
154 46
154 47
154 49
154 52
154 55
154 56
154 58
154 60
154 62
154 65
154 67
154 68
154 70
154 71
154 72
154 73
154 77
154 79
154 80
154 81
154 82
154 83
154 86
154 88
154 90
154 91
154 94
154 95
154 96
154 104
154 105
154 107
154 108
154 110
154 112
154 118
154 120
154 122
154 124
154 126
154 129
154 130
154 131
154 134
154 135
154 136
154 137
154 138
154 139
154 141
154 144
154 147
154 148
154 151
154 152
154 155
154 157
154 158
155 1
155 2
155 8
155 10
155 11
155 12
155 15
155 16
155 17
155 19
155 21
155 22
155 26
155 27
155 28
155 32
155 35
155 37
155 38
155 41
155 42
155 43
155 46
155 47
155 50
155 53
155 55
155 58
155 59
155 60
155 61
155 62
155 63
155 66
155 67
155 68
155 70
155 71
155 72
155 73
155 75
155 78
155 81
155 83
155 85
155 87
155 90
155 93
155 95
155 97
155 98
155 101
155 102
155 103
155 104
155 105
155 106
155 109
155 110
155 111
155 113
155 114
155 115
155 116
155 117
155 121
155 122
155 123
155 124
155 129
155 130
155 137
155 138
155 144
155 145
155 146
155 148
155 149
155 150
155 151
155 157
155 158
156 2
156 3
156 4
156 5
156 6
156 9
156 10
156 15
156 16
156 17
156 18
156 19
156 21
156 22
156 25
156 26
156 27
156 31
156 32
156 35
156 36
156 37
156 39
156 42
156 43
156 45
156 46
156 47
156 48
156 50
156 53
156 55
156 57
156 59
156 61
156 62
156 65
156 66
156 67
156 71
156 73
156 75
156 78
156 83
156 85
156 86
156 87
156 91
156 94
156 96
156 97
156 98
156 99
156 100
156 102
156 103
156 104
156 106
156 108
156 111
156 112
156 113
156 114
156 116
156 117
156 118
156 119
156 121
156 123
156 124
156 125
156 130
156 133
156 134
156 135
156 137
156 140
156 141
156 142
156 143
156 144
156 146
156 147
156 151
156 152
156 153
156 154
156 155
156 159
157 0
157 3
157 5
157 7
157 8
157 11
157 19
157 21
157 23
157 24
157 26
157 27
157 28
157 30
157 35
157 37
157 39
157 42
157 43
157 47
157 49
157 51
157 54
157 58
157 59
157 66
157 68
157 69
157 70
157 72
157 73
157 77
157 79
157 80
157 82
157 83
157 87
157 88
157 91
157 96
157 98
157 100
157 105
157 109
157 110
157 111
157 114
157 116
157 118
157 119
157 120
157 121
157 122
157 124
157 127
157 130
157 134
157 139
157 140
157 142
157 143
157 144
157 148
157 149
157 153
157 156
157 159
158 2
158 3
158 5
158 7
158 8
158 11
158 14
158 16
158 17
158 21
158 22
158 23
158 24
158 25
158 27
158 28
158 29
158 31
158 35
158 37
158 39
158 40
158 43
158 44
158 48
158 52
158 53
158 55
158 58
158 59
158 62
158 63
158 67
158 70
158 71
158 72
158 73
158 74
158 75
158 78
158 79
158 80
158 83
158 88
158 89
158 90
158 96
158 97
158 98
158 99
158 102
158 103
158 104
158 109
158 112
158 113
158 114
158 115
158 116
158 118
158 123
158 125
158 126
158 127
158 130
158 131
158 132
158 135
158 136
158 137
158 139
158 140
158 141
158 142
158 144
158 145
158 147
158 149
158 150
158 152
158 156
158 157
158 159
159 0
159 2
159 3
159 7
159 8
159 12
159 15
159 17
159 18
159 19
159 20
159 25
159 26
159 27
159 33
159 35
159 36
159 37
159 40
159 42
159 51
159 52
159 54
159 55
159 56
159 57
159 59
159 62
159 66
159 69
159 70
159 71
159 73
159 76
159 80
159 81
159 86
159 87
159 89
159 93
159 96
159 97
159 99
159 100
159 105
159 107
159 110
159 116
159 118
159 121
159 122
159 123
159 126
159 127
159 128
159 129
159 135
159 137
159 141
159 143
159 144
159 145
159 148
159 149
159 150
159 151
159 152
159 154
159 155
0 1 2 3 4 5 6
