160 2544 12
0 4
0 5
0 19
0 20
0 21
0 40
0 47
0 56
0 57
0 59
0 62
0 64
0 66
0 78
0 81
0 91
0 125
0 131
0 149
0 159
1 0
1 5
1 23
1 42
1 54
1 68
1 74
1 76
1 80
1 90
1 102
1 110
1 147
1 148
1 154
2 7
2 22
2 23
2 24
2 32
2 45
2 52
2 62
2 110
2 130
2 137
2 143
2 148
2 157
3 21
3 48
3 63
3 68
3 71
3 87
3 121
3 129
3 148
3 149
4 26
4 52
4 54
4 59
4 80
4 95
4 98
4 111
4 113
4 117
4 138
4 141
4 151
4 159
5 2
5 6
5 8
5 14
5 27
5 31
5 37
5 47
5 48
5 55
5 60
5 61
5 62
5 73
5 78
5 94
5 97
5 99
5 103
5 149
5 150
5 152
5 158
6 11
6 13
6 14
6 18
6 20
6 23
6 28
6 33
6 45
6 57
6 59
6 70
6 81
6 114
6 123
6 147
7 10
7 11
7 13
7 22
7 29
7 34
7 43
7 52
7 62
7 113
8 10
8 21
8 51
8 52
8 54
8 84
8 88
8 105
8 107
8 116
8 122
8 124
9 13
9 33
9 36
9 48
9 58
9 70
9 75
9 79
9 84
9 99
9 107
9 138
10 11
10 18
10 19
10 24
10 37
10 38
10 49
10 52
10 55
10 58
10 78
10 85
10 92
10 93
10 95
10 97
10 100
10 106
10 125
10 132
10 136
10 155
10 159
11 2
11 19
11 21
11 23
11 25
11 38
11 51
11 57
11 62
11 63
11 92
11 93
11 101
11 111
11 112
11 116
11 136
11 142
12 5
12 16
12 24
12 36
12 37
12 49
12 54
12 58
12 76
12 78
12 101
13 3
13 18
13 22
13 51
13 59
13 65
13 74
13 75
13 92
13 109
13 130
14 1
14 4
14 20
14 33
14 38
14 40
14 41
14 46
14 56
14 85
14 115
14 151
15 5
15 20
15 21
15 29
15 31
15 35
15 36
15 49
15 51
15 52
15 61
15 62
15 71
15 99
15 134
15 136
15 140
15 156
16 1
16 5
16 36
16 43
16 44
16 51
16 53
16 65
16 76
16 100
16 113
16 121
16 130
16 133
16 144
16 158
16 159
17 0
17 10
17 19
17 31
17 38
17 62
17 64
17 82
17 83
17 86
17 92
17 96
17 99
17 105
17 106
17 114
17 117
17 127
17 143
17 155
17 157
17 158
18 5
18 11
18 19
18 30
18 31
18 63
18 66
18 77
18 88
18 109
18 124
19 7
19 14
19 15
19 20
19 31
19 34
19 38
19 67
19 85
19 86
19 90
19 102
19 106
19 128
19 136
19 137
19 142
19 157
20 21
20 22
20 29
20 42
20 74
20 91
20 97
20 149
20 150
21 12
21 13
21 48
21 86
21 88
21 102
21 108
21 109
21 111
21 119
21 123
21 159
22 43
22 44
22 45
22 47
22 63
22 64
22 93
22 126
22 143
23 5
23 18
23 40
23 41
23 44
23 79
23 88
23 94
23 97
23 102
23 111
23 142
23 143
24 9
24 17
24 22
24 33
24 35
24 42
24 48
24 88
24 95
24 107
24 116
24 124
24 138
25 4
25 21
25 51
25 57
25 83
25 90
25 98
25 113
25 117
25 120
25 124
25 130
25 137
25 146
25 152
25 157
25 158
26 0
26 9
26 11
26 12
26 25
26 36
26 42
26 43
26 84
26 85
26 89
26 103
26 106
26 109
26 118
26 127
26 130
26 132
26 146
26 157
27 19
27 20
27 60
27 66
27 68
27 86
27 105
27 106
27 122
27 129
28 4
28 9
28 14
28 23
28 29
28 32
28 34
28 36
28 39
28 64
28 68
28 81
28 86
28 99
28 100
28 104
28 105
28 111
28 112
28 127
28 140
29 16
29 30
29 37
29 38
29 42
29 50
29 54
29 62
29 63
29 66
29 70
29 85
29 86
29 93
29 100
29 104
29 111
29 114
29 127
29 129
29 136
29 145
29 149
30 1
30 6
30 9
30 14
30 17
30 28
30 37
30 61
30 76
30 78
30 83
30 87
30 111
30 119
30 136
30 142
31 0
31 23
31 26
31 29
31 39
31 43
31 53
31 67
31 69
31 71
31 85
31 86
31 106
31 137
31 141
31 142
31 155
32 31
32 34
32 40
32 56
32 63
32 80
32 86
32 90
32 103
32 126
32 128
32 134
32 142
32 147
33 15
33 16
33 26
33 27
33 38
33 51
33 62
33 85
33 106
33 136
33 142
33 143
33 145
33 155
33 159
34 9
34 14
34 17
34 35
34 47
34 53
34 56
34 60
34 91
34 92
34 104
34 122
34 124
34 130
34 134
34 138
34 147
34 155
34 156
35 10
35 20
35 25
35 27
35 49
35 53
35 54
35 66
35 73
35 75
35 79
35 85
35 88
35 105
35 108
35 114
35 115
35 123
35 124
35 135
35 136
35 140
35 148
36 11
36 23
36 30
36 34
36 59
36 61
36 62
36 71
36 75
36 79
36 87
36 97
36 103
36 120
36 127
36 152
36 154
37 3
37 7
37 16
37 24
37 33
37 42
37 53
37 66
37 100
37 102
37 103
37 115
37 125
37 131
37 132
37 147
38 6
38 12
38 31
38 41
38 45
38 47
38 51
38 63
38 64
38 68
38 70
38 75
38 76
38 90
38 93
38 95
38 102
38 108
38 110
38 115
38 133
38 159
39 38
39 42
39 45
39 46
39 54
39 59
39 69
39 73
39 86
39 112
39 126
39 128
39 130
39 154
39 156
39 157
40 1
40 4
40 15
40 16
40 30
40 31
40 55
40 66
40 67
40 81
40 86
40 109
40 126
41 10
41 20
41 31
41 46
41 71
41 89
41 90
41 97
41 120
41 142
41 153
42 0
42 10
42 12
42 22
42 28
42 31
42 40
42 43
42 71
42 94
42 101
42 102
42 119
42 125
42 147
42 152
43 13
43 27
43 36
43 57
43 69
43 70
43 72
43 76
43 82
43 103
43 106
43 112
43 115
43 116
43 120
43 155
44 34
44 64
44 74
44 78
44 83
44 85
44 92
44 109
44 116
44 130
44 147
45 5
45 12
45 19
45 24
45 50
45 57
45 63
45 66
45 72
45 75
45 87
45 89
45 93
45 105
45 115
45 118
45 122
45 130
45 132
45 135
45 140
45 142
45 152
45 154
46 2
46 11
46 16
46 19
46 43
46 61
46 64
46 74
46 96
46 97
46 107
46 108
46 126
46 128
46 133
46 148
47 4
47 37
47 76
47 79
47 84
47 107
47 120
47 157
48 10
48 26
48 42
48 46
48 60
48 67
48 76
48 85
48 92
48 100
48 103
48 119
48 122
48 136
48 147
49 1
49 16
49 28
49 31
49 40
49 50
49 52
49 84
49 86
49 87
49 95
49 101
49 109
49 119
49 137
49 139
49 145
50 5
50 16
50 24
50 59
50 81
50 94
50 113
50 114
50 121
50 128
50 131
50 135
50 142
50 155
50 157
51 18
51 19
51 21
51 24
51 30
51 43
51 55
51 57
51 60
51 69
51 71
51 72
51 82
51 98
51 116
51 127
51 136
51 137
51 140
52 16
52 23
52 25
52 38
52 39
52 50
52 59
52 76
52 80
52 87
52 92
52 95
52 100
52 111
52 124
52 141
52 145
52 149
53 2
53 6
53 33
53 44
53 63
53 72
53 73
53 88
53 97
53 105
53 107
53 120
53 131
53 133
53 147
53 155
54 11
54 34
54 49
54 61
54 63
54 65
54 79
54 88
54 106
54 116
54 117
54 127
54 155
54 156
55 15
55 19
55 22
55 32
55 33
55 43
55 47
55 53
55 54
55 56
55 63
55 66
55 82
55 101
55 104
55 124
55 136
55 149
55 151
55 153
56 5
56 33
56 61
56 102
56 103
56 109
56 110
56 124
56 148
57 22
57 24
57 53
57 54
57 59
57 67
57 95
57 97
57 107
57 110
57 128
57 153
57 155
57 157
57 158
58 5
58 8
58 13
58 18
58 62
58 67
58 69
58 73
58 76
58 86
58 92
58 97
58 100
58 105
58 106
58 118
58 122
58 140
58 153
58 154
59 26
59 51
59 75
59 90
59 93
59 102
59 115
59 120
59 130
59 134
59 138
59 142
59 151
60 11
60 23
60 37
60 44
60 61
60 65
60 67
60 69
60 90
60 96
60 114
60 117
60 135
60 141
60 147
60 152
61 7
61 18
61 24
61 39
61 48
61 49
61 50
61 65
61 68
61 70
61 87
61 90
61 149
61 152
61 153
61 154
62 3
62 13
62 19
62 42
62 43
62 54
62 63
62 65
62 71
62 84
62 98
62 101
62 106
62 121
62 122
62 123
62 130
62 153
62 156
63 5
63 9
63 17
63 23
63 37
63 44
63 49
63 61
63 68
63 79
63 132
63 141
63 143
63 149
63 154
63 157
64 2
64 5
64 6
64 7
64 14
64 31
64 58
64 96
64 98
64 99
64 119
64 127
64 131
64 150
65 6
65 12
65 20
65 27
65 32
65 39
65 48
65 56
65 66
65 69
65 80
65 83
65 85
65 87
65 88
65 92
65 97
65 120
65 122
65 126
65 132
65 141
65 144
65 149
65 152
66 1
66 2
66 6
66 12
66 14
66 17
66 23
66 47
66 53
66 69
66 73
66 88
66 106
66 124
66 125
66 154
66 155
66 156
67 5
67 7
67 11
67 22
67 51
67 53
67 55
67 64
67 84
67 91
67 110
67 116
67 122
67 124
67 134
67 155
67 157
68 20
68 22
68 23
68 24
68 33
68 48
68 49
68 54
68 67
68 70
68 94
68 98
68 103
68 107
68 115
68 129
68 135
68 143
69 1
69 5
69 24
69 34
69 40
69 42
69 57
69 90
69 98
69 106
69 107
69 123
69 133
69 135
69 144
69 148
70 3
70 8
70 26
70 28
70 37
70 39
70 42
70 45
70 51
70 82
70 84
70 98
70 99
70 104
70 128
70 130
70 131
70 136
70 148
71 22
71 34
71 39
71 44
71 61
71 65
71 96
71 119
71 123
71 133
71 159
72 1
72 14
72 17
72 25
72 30
72 41
72 66
72 69
72 75
72 84
72 124
72 127
72 143
72 154
72 159
73 0
73 1
73 55
73 56
73 67
73 69
73 78
73 79
73 83
73 86
73 100
73 101
73 123
73 125
73 149
74 10
74 11
74 14
74 30
74 33
74 38
74 49
74 95
74 96
74 99
74 100
74 111
74 117
74 119
74 130
74 154
74 157
75 1
75 2
75 11
75 28
75 30
75 46
75 47
75 51
75 53
75 62
75 77
75 82
75 97
75 115
75 126
75 149
76 4
76 6
76 19
76 21
76 22
76 26
76 32
76 37
76 67
76 95
76 97
76 128
76 129
76 135
76 149
77 6
77 9
77 20
77 21
77 24
77 27
77 28
77 35
77 38
77 41
77 42
77 90
77 91
77 99
77 116
77 121
77 131
77 146
78 7
78 11
78 14
78 19
78 27
78 53
78 58
78 68
78 72
78 76
78 95
78 97
78 100
78 111
78 125
78 126
78 137
78 139
78 154
78 157
79 0
79 10
79 12
79 48
79 59
79 65
79 90
79 98
79 103
79 107
79 118
79 119
79 120
79 130
79 153
80 2
80 16
80 38
80 42
80 44
80 57
80 82
80 96
80 98
80 101
80 107
80 122
80 132
80 133
80 138
80 139
80 155
81 7
81 21
81 53
81 62
81 66
81 70
81 73
81 100
81 109
81 119
81 121
81 123
81 131
81 139
81 151
82 2
82 10
82 19
82 31
82 35
82 39
82 53
82 54
82 69
82 78
82 85
82 86
82 100
82 101
82 105
82 121
82 126
82 132
82 147
83 0
83 3
83 9
83 10
83 14
83 15
83 23
83 60
83 64
83 74
83 88
83 95
83 101
83 102
83 113
83 118
83 124
83 136
83 138
83 145
84 10
84 11
84 19
84 29
84 36
84 42
84 51
84 60
84 100
84 111
84 112
84 129
84 134
84 143
84 148
85 2
85 17
85 40
85 43
85 59
85 64
85 79
85 84
85 110
85 118
85 136
85 139
86 2
86 4
86 12
86 13
86 23
86 45
86 60
86 78
86 80
86 85
86 91
86 98
86 124
86 144
87 5
87 26
87 28
87 29
87 39
87 48
87 62
87 78
87 79
87 84
87 104
87 127
87 128
87 148
88 11
88 15
88 20
88 22
88 40
88 47
88 51
88 75
88 87
88 106
88 114
88 123
88 128
88 129
88 139
88 142
88 143
88 144
88 151
88 154
89 17
89 33
89 34
89 48
89 57
89 58
89 60
89 69
89 83
89 91
89 95
89 97
89 98
89 101
89 114
89 119
89 141
89 144
89 152
89 154
90 7
90 16
90 18
90 21
90 35
90 58
90 68
90 72
90 73
90 78
90 84
90 88
90 93
90 102
90 110
90 118
90 119
90 121
90 137
90 138
90 142
90 154
90 159
91 3
91 11
91 24
91 28
91 33
91 46
91 63
91 100
91 107
91 117
91 124
91 125
91 126
91 146
91 149
91 157
92 20
92 23
92 29
92 37
92 73
92 77
92 85
92 97
92 99
92 100
92 106
92 110
92 115
92 117
92 122
92 124
92 152
92 155
92 159
93 12
93 16
93 23
93 33
93 50
93 77
93 83
93 95
93 98
93 114
93 117
93 118
93 119
93 121
93 122
93 131
93 132
93 134
93 141
93 142
93 156
93 158
94 6
94 16
94 22
94 28
94 30
94 33
94 52
94 64
94 66
94 97
94 113
94 117
94 119
94 132
94 137
94 144
94 149
95 0
95 8
95 19
95 27
95 51
95 53
95 86
95 122
95 125
95 141
95 152
96 2
96 5
96 41
96 54
96 65
96 69
96 81
96 84
96 93
96 102
96 103
96 118
96 124
96 126
96 128
96 147
96 156
97 24
97 55
97 74
97 79
97 93
97 95
97 100
97 109
97 155
97 158
98 11
98 18
98 20
98 31
98 38
98 43
98 44
98 74
98 77
98 83
98 110
98 112
98 117
98 139
99 13
99 18
99 36
99 49
99 56
99 67
99 69
99 81
99 87
99 91
99 158
100 9
100 11
100 61
100 105
100 108
100 122
100 131
100 133
100 141
100 145
100 149
100 155
101 1
101 3
101 4
101 6
101 14
101 32
101 44
101 52
101 56
101 60
101 74
101 90
101 114
101 132
101 135
101 136
101 146
101 151
101 156
102 10
102 11
102 41
102 52
102 64
102 85
102 98
102 99
102 110
102 113
102 121
102 130
102 143
102 146
102 149
102 153
103 8
103 13
103 19
103 27
103 33
103 40
103 65
103 89
103 104
103 116
103 129
103 138
103 149
104 6
104 14
104 17
104 21
104 27
104 30
104 32
104 33
104 39
104 40
104 58
104 59
104 60
104 83
104 93
104 98
104 111
104 114
104 116
104 120
104 140
104 158
104 159
105 0
105 15
105 16
105 19
105 20
105 21
105 40
105 42
105 57
105 59
105 68
105 80
105 85
105 102
105 103
105 112
105 113
105 115
105 116
105 117
105 121
105 126
105 129
105 135
105 136
105 144
105 154
105 158
106 6
106 14
106 24
106 25
106 29
106 40
106 42
106 48
106 51
106 70
106 72
106 83
106 93
106 102
106 128
106 142
106 152
107 6
107 34
107 44
107 51
107 63
107 90
107 97
107 103
107 112
107 127
107 130
107 139
107 154
107 158
108 23
108 28
108 34
108 40
108 41
108 52
108 55
108 56
108 65
108 83
108 91
108 105
108 109
108 130
108 133
108 140
108 143
108 152
108 153
108 155
109 7
109 28
109 39
109 41
109 45
109 58
109 103
109 126
109 130
109 152
110 23
110 31
110 32
110 36
110 42
110 45
110 60
110 73
110 76
110 94
110 95
110 101
110 108
110 113
110 120
110 125
110 133
110 134
110 158
111 2
111 3
111 13
111 19
111 34
111 43
111 44
111 50
111 51
111 76
111 93
111 102
111 119
111 120
111 133
111 149
112 7
112 8
112 12
112 27
112 33
112 41
112 50
112 57
112 62
112 70
112 74
112 83
112 92
112 103
112 110
112 123
112 128
112 135
112 154
112 155
113 18
113 34
113 38
113 52
113 55
113 66
113 72
113 77
113 80
113 82
113 85
113 90
113 95
113 114
113 123
113 133
113 134
114 0
114 10
114 13
114 14
114 19
114 32
114 38
114 46
114 71
114 95
114 111
114 127
114 153
114 156
115 0
115 7
115 9
115 18
115 19
115 25
115 52
115 66
115 72
115 73
115 74
115 101
115 102
115 141
115 142
116 6
116 9
116 39
116 46
116 59
116 71
116 91
116 109
116 117
116 120
116 122
116 126
116 141
116 145
116 146
116 152
117 8
117 9
117 16
117 18
117 46
117 55
117 62
117 64
117 67
117 72
117 79
117 82
117 112
117 129
117 135
117 143
117 154
118 12
118 18
118 49
118 60
118 86
118 102
118 131
119 1
119 4
119 7
119 16
119 18
119 20
119 34
119 39
119 57
119 73
119 82
119 105
119 121
119 153
120 7
120 16
120 18
120 52
120 61
120 66
120 71
120 99
120 121
120 122
120 136
120 143
120 146
120 154
121 19
121 33
121 49
121 53
121 60
121 72
121 79
121 138
121 153
122 16
122 24
122 26
122 29
122 30
122 31
122 38
122 56
122 66
122 75
122 123
122 130
122 131
122 133
123 4
123 9
123 38
123 41
123 53
123 55
123 56
123 67
123 68
123 75
123 82
123 86
123 93
123 119
123 135
123 150
124 2
124 17
124 23
124 28
124 31
124 54
124 62
124 64
124 74
124 80
124 85
124 103
124 109
124 123
124 128
124 137
124 151
124 153
124 155
125 20
125 22
125 36
125 46
125 48
125 50
125 53
125 62
125 70
125 85
125 116
125 121
125 123
125 145
125 146
125 147
126 6
126 12
126 17
126 24
126 38
126 66
126 88
126 95
126 98
126 127
126 138
126 154
126 156
127 10
127 25
127 34
127 44
127 65
127 85
127 86
127 89
127 92
127 103
127 108
127 115
127 139
128 1
128 2
128 5
128 6
128 9
128 15
128 20
128 31
128 37
128 40
128 42
128 44
128 54
128 60
128 89
128 90
128 95
128 98
128 109
128 118
128 127
128 144
128 152
129 5
129 13
129 18
129 22
129 23
129 28
129 33
129 36
129 38
129 45
129 65
129 74
129 87
129 90
129 91
129 94
129 104
129 107
129 116
129 138
129 141
129 153
129 158
130 30
130 52
130 69
130 82
130 93
130 113
130 121
130 123
130 131
130 135
130 137
130 158
130 159
131 3
131 4
131 10
131 41
131 43
131 47
131 67
131 72
131 85
131 88
131 96
131 98
131 101
131 114
131 132
131 151
131 153
131 155
132 8
132 14
132 27
132 33
132 39
132 42
132 46
132 58
132 78
132 79
132 90
132 124
132 128
132 139
132 156
133 5
133 8
133 15
133 19
133 24
133 26
133 32
133 40
133 79
133 82
133 102
133 117
133 125
133 131
133 144
134 22
134 23
134 24
134 64
134 65
134 69
134 83
134 87
134 98
134 102
134 112
134 115
134 118
134 144
135 16
135 18
135 22
135 25
135 30
135 40
135 59
135 61
135 87
135 91
135 109
135 110
135 115
135 118
135 122
135 126
135 134
135 144
135 153
136 9
136 20
136 26
136 52
136 56
136 74
136 78
136 79
136 90
136 94
136 98
136 119
136 125
136 126
136 128
136 146
136 157
137 0
137 1
137 6
137 12
137 17
137 20
137 23
137 34
137 42
137 52
137 81
137 93
137 96
137 104
137 116
137 125
137 127
137 132
137 144
137 145
137 158
138 6
138 19
138 22
138 26
138 30
138 38
138 41
138 42
138 52
138 54
138 58
138 64
138 68
138 70
138 72
138 77
138 110
138 124
138 141
138 149
139 6
139 16
139 33
139 93
139 94
139 96
139 102
139 109
139 113
139 118
139 138
139 155
139 158
140 10
140 17
140 30
140 40
140 42
140 77
140 82
140 93
140 102
140 111
140 128
140 151
140 159
141 9
141 12
141 55
141 76
141 78
141 81
141 85
141 99
141 104
141 119
141 128
141 130
141 146
142 1
142 49
142 55
142 63
142 71
142 76
142 85
142 109
142 121
143 12
143 16
143 24
143 27
143 32
143 51
143 52
143 61
143 80
143 85
143 91
143 95
143 111
143 115
143 126
144 4
144 9
144 14
144 23
144 45
144 46
144 49
144 53
144 63
144 67
144 116
144 126
144 130
144 148
144 152
144 153
145 0
145 6
145 28
145 45
145 51
145 64
145 70
145 72
145 77
145 110
145 111
145 113
145 127
145 146
145 150
146 2
146 11
146 16
146 19
146 20
146 33
146 35
146 46
146 51
146 85
146 86
146 109
146 112
146 131
146 137
146 138
146 139
147 9
147 12
147 16
147 18
147 36
147 38
147 40
147 52
147 54
147 62
147 70
147 81
147 93
147 101
147 117
147 126
147 127
147 135
147 158
147 159
148 14
148 22
148 23
148 39
148 49
148 51
148 52
148 64
148 66
148 90
148 98
148 105
148 111
148 116
148 129
148 131
148 134
148 149
148 154
149 23
149 35
149 36
149 38
149 44
149 50
149 54
149 79
149 92
149 96
149 112
149 130
149 145
149 158
150 6
150 17
150 40
150 42
150 48
150 61
150 62
150 71
150 74
150 90
150 112
150 121
150 140
150 149
151 2
151 5
151 8
151 29
151 33
151 34
151 37
151 57
151 70
151 77
151 85
151 87
151 115
151 120
151 122
151 138
151 144
151 156
152 2
152 7
152 14
152 19
152 27
152 31
152 54
152 55
152 62
152 82
152 99
152 110
152 111
152 135
152 141
152 147
152 149
153 5
153 8
153 39
153 47
153 48
153 51
153 52
153 71
153 74
153 117
153 133
154 22
154 41
154 42
154 43
154 55
154 62
154 77
154 79
154 82
154 86
154 111
154 115
154 116
154 156
155 13
155 26
155 38
155 41
155 47
155 52
155 88
155 91
155 122
155 125
155 126
155 134
155 137
155 154
156 5
156 6
156 8
156 40
156 41
156 47
156 60
156 79
156 84
156 116
156 123
157 0
157 3
157 6
157 7
157 13
157 23
157 27
157 41
157 58
157 72
157 75
157 122
157 123
157 126
157 128
157 131
157 143
157 158
157 159
158 12
158 21
158 54
158 58
158 62
158 85
158 113
158 119
158 121
158 126
158 134
158 156
159 11
159 32
159 39
159 42
159 51
159 52
159 54
159 75
159 81
159 100
159 124
159 128
159 153
159 156
0 1 2 3 4 5 6 7 8 9 10 11
