160 2544 7
0 7
0 13
0 22
0 24
0 26
0 32
0 37
0 40
0 47
0 50
0 52
0 56
0 62
0 79
0 85
0 88
0 105
0 106
0 123
0 136
0 139
0 152
1 5
1 7
1 13
1 35
1 46
1 52
1 53
1 65
1 68
1 89
1 111
1 115
1 129
1 132
1 135
1 141
1 145
1 146
1 159
2 6
2 40
2 54
2 61
2 64
2 73
2 89
2 108
2 112
2 120
2 131
2 148
2 158
3 18
3 21
3 42
3 46
3 62
3 84
3 88
3 107
3 117
3 122
3 128
3 137
3 146
3 150
3 158
4 0
4 5
4 14
4 17
4 18
4 31
4 48
4 76
4 83
4 84
4 93
4 102
4 113
4 131
4 139
4 140
5 2
5 3
5 6
5 9
5 18
5 23
5 26
5 28
5 37
5 43
5 49
5 81
5 83
5 88
5 90
5 95
5 96
5 97
5 105
5 111
5 117
5 130
5 133
5 139
5 158
6 1
6 38
6 42
6 97
6 109
6 118
6 123
6 134
6 137
6 148
6 153
6 154
7 3
7 4
7 10
7 57
7 83
7 84
7 94
7 96
7 101
7 115
7 118
7 121
7 122
7 134
7 142
7 145
8 3
8 6
8 24
8 41
8 58
8 61
8 81
8 95
8 98
8 111
8 118
8 130
8 133
8 157
9 38
9 57
9 59
9 61
9 90
9 93
9 115
9 122
9 127
9 128
9 133
9 157
10 2
10 16
10 17
10 19
10 20
10 23
10 29
10 36
10 46
10 49
10 61
10 63
10 74
10 82
10 83
10 84
10 104
10 113
10 118
10 124
10 128
11 1
11 9
11 52
11 53
11 70
11 80
11 82
11 94
11 104
11 106
11 135
11 143
12 29
12 30
12 42
12 46
12 67
12 88
12 91
12 107
12 145
12 152
12 158
13 7
13 36
13 41
13 53
13 54
13 56
13 65
13 91
13 115
13 125
13 133
13 135
13 137
13 138
13 139
14 0
14 5
14 7
14 11
14 34
14 64
14 74
14 96
14 107
14 112
14 120
14 125
14 126
14 132
14 135
14 143
14 152
14 153
14 155
15 8
15 26
15 64
15 70
15 80
15 88
15 102
15 107
15 109
15 117
15 121
15 124
15 130
15 151
16 2
16 17
16 24
16 30
16 34
16 52
16 70
16 75
16 76
16 99
16 107
16 110
16 115
16 141
16 143
16 148
16 159
17 8
17 11
17 14
17 21
17 22
17 32
17 34
17 42
17 47
17 60
17 72
17 87
17 95
17 100
17 106
17 114
17 124
17 150
18 12
18 27
18 30
18 31
18 57
18 82
18 92
18 96
18 117
18 118
18 132
19 26
19 43
19 44
19 49
19 62
19 78
19 87
19 88
19 92
19 98
19 103
19 107
19 113
19 124
19 144
20 2
20 15
20 22
20 30
20 84
20 85
20 94
20 111
20 114
20 132
20 135
20 138
20 142
20 152
20 155
20 159
21 1
21 5
21 7
21 15
21 16
21 49
21 53
21 55
21 60
21 65
21 67
21 108
21 146
22 16
22 25
22 58
22 62
22 63
22 99
22 118
22 123
22 125
22 131
22 150
23 2
23 14
23 16
23 22
23 24
23 30
23 59
23 68
23 85
23 95
23 150
24 26
24 39
24 42
24 52
24 70
24 90
24 100
24 122
24 127
24 131
24 136
24 148
24 155
24 157
25 6
25 30
25 35
25 36
25 37
25 38
25 44
25 84
25 89
25 91
25 113
25 121
25 124
25 129
25 134
25 135
25 138
25 147
25 152
25 153
26 1
26 14
26 17
26 21
26 41
26 47
26 59
26 72
26 73
26 86
26 109
26 115
26 121
26 126
26 150
26 154
26 156
27 7
27 8
27 29
27 33
27 45
27 50
27 83
27 84
27 91
27 95
27 103
27 112
27 124
27 126
27 139
28 10
28 16
28 20
28 30
28 41
28 46
28 52
28 64
28 66
28 75
28 86
28 93
28 94
28 95
28 104
28 107
28 113
28 126
28 133
28 136
28 157
29 0
29 6
29 7
29 13
29 32
29 36
29 39
29 48
29 51
29 61
29 91
29 101
29 104
29 112
29 114
29 157
30 0
30 5
30 21
30 37
30 57
30 61
30 68
30 86
30 90
30 108
30 110
30 111
30 121
30 124
30 138
30 154
30 158
31 2
31 5
31 7
31 8
31 9
31 10
31 26
31 28
31 29
31 41
31 57
31 62
31 66
31 90
31 91
31 103
31 105
31 109
31 115
31 135
31 139
31 150
31 152
32 2
32 25
32 34
32 49
32 50
32 68
32 79
32 100
32 137
32 153
32 155
32 159
33 8
33 55
33 64
33 78
33 94
33 97
33 100
33 101
33 135
33 136
33 147
34 0
34 1
34 12
34 22
34 44
34 49
34 66
34 68
34 72
34 77
34 114
34 115
34 119
34 122
34 127
34 128
34 130
34 134
34 149
34 158
35 2
35 11
35 12
35 20
35 22
35 26
35 36
35 38
35 39
35 48
35 51
35 55
35 56
35 65
35 71
35 79
35 101
35 114
35 117
35 118
35 119
35 121
35 125
35 144
35 148
36 3
36 5
36 6
36 9
36 24
36 33
36 46
36 60
36 79
36 94
36 97
36 101
36 110
36 136
37 6
37 14
37 24
37 35
37 44
37 47
37 58
37 60
37 61
37 78
37 79
37 81
37 91
37 93
37 98
37 102
37 104
37 106
37 110
37 113
37 125
37 128
37 136
37 139
37 151
38 2
38 7
38 10
38 18
38 45
38 57
38 64
38 80
38 117
38 134
38 135
38 142
38 148
38 157
39 1
39 13
39 18
39 20
39 22
39 23
39 30
39 32
39 41
39 51
39 73
39 86
39 105
39 118
39 132
39 142
40 8
40 12
40 32
40 34
40 46
40 54
40 56
40 86
40 95
40 101
40 107
40 119
41 4
41 6
41 27
41 45
41 55
41 86
41 87
41 99
41 107
41 124
41 146
42 2
42 11
42 14
42 23
42 27
42 28
42 34
42 61
42 72
42 89
42 112
42 122
42 123
42 127
42 143
42 144
43 16
43 22
43 23
43 39
43 73
43 95
43 119
43 132
43 135
43 141
43 144
43 147
44 5
44 6
44 10
44 20
44 24
44 26
44 36
44 49
44 53
44 61
44 65
44 75
44 87
44 113
44 123
44 131
44 138
44 140
44 144
44 147
45 2
45 6
45 9
45 11
45 19
45 22
45 40
45 75
45 81
45 91
45 95
45 100
45 108
45 112
45 113
45 119
45 136
45 143
45 150
45 151
45 155
46 16
46 76
46 88
46 93
46 106
46 108
46 110
46 113
46 114
46 122
46 126
46 134
46 135
46 136
46 146
46 151
46 152
46 153
47 2
47 18
47 25
47 33
47 63
47 64
47 69
47 80
47 93
47 101
47 106
47 115
47 122
48 14
48 39
48 46
48 62
48 64
48 70
48 86
48 93
48 109
48 111
48 119
48 127
48 128
48 157
49 6
49 16
49 17
49 26
49 50
49 59
49 68
49 94
49 112
49 113
49 114
49 120
49 124
49 134
49 147
49 149
50 6
50 10
50 26
50 51
50 57
50 64
50 70
50 81
50 92
50 96
50 104
50 110
50 111
50 118
50 132
50 133
50 144
50 145
51 3
51 4
51 14
51 30
51 31
51 36
51 56
51 63
51 76
51 86
51 109
51 121
51 139
51 142
51 159
52 20
52 50
52 53
52 57
52 91
52 92
52 95
52 96
52 97
52 104
52 105
52 113
52 133
52 152
52 157
53 8
53 16
53 24
53 26
53 43
53 93
53 124
53 145
53 153
54 4
54 11
54 23
54 46
54 49
54 68
54 76
54 82
54 84
54 85
54 108
54 109
54 116
54 125
54 136
54 147
54 150
55 6
55 13
55 15
55 17
55 20
55 29
55 44
55 49
55 54
55 62
55 78
55 81
55 88
55 98
55 103
56 30
56 48
56 50
56 69
56 73
56 102
56 103
56 106
56 120
56 131
56 133
56 140
56 143
56 154
57 1
57 13
57 20
57 29
57 40
57 58
57 88
57 93
57 113
57 118
57 125
57 144
57 152
57 156
58 19
58 30
58 39
58 40
58 41
58 45
58 47
58 51
58 59
58 74
58 86
58 87
58 96
58 99
58 119
58 132
58 134
58 145
58 149
58 150
58 157
59 15
59 19
59 30
59 39
59 41
59 47
59 54
59 61
59 67
59 68
59 90
59 113
59 117
59 129
59 139
59 147
59 159
60 3
60 18
60 24
60 32
60 34
60 41
60 64
60 78
60 84
60 85
60 108
60 119
60 126
60 127
60 132
60 141
60 147
60 159
61 3
61 17
61 47
61 83
61 88
61 91
61 99
61 100
61 103
61 105
61 133
61 138
61 150
61 155
62 4
62 7
62 27
62 84
62 89
62 90
62 95
62 120
62 129
62 145
62 152
62 156
63 13
63 15
63 21
63 32
63 50
63 80
63 88
63 98
63 100
63 105
63 107
63 109
63 124
63 138
63 151
63 152
64 0
64 19
64 21
64 32
64 61
64 69
64 70
64 78
64 89
64 110
64 126
64 131
64 135
64 148
64 154
65 14
65 18
65 19
65 20
65 27
65 29
65 30
65 43
65 48
65 52
65 69
65 80
65 85
65 86
65 113
65 116
65 124
65 138
65 147
66 19
66 54
66 57
66 63
66 67
66 123
66 124
66 129
66 137
66 149
66 152
66 153
66 157
67 7
67 11
67 16
67 22
67 24
67 30
67 38
67 43
67 47
67 50
67 52
67 54
67 68
67 76
67 94
67 96
67 100
67 124
67 129
67 133
67 134
67 149
68 5
68 12
68 36
68 48
68 52
68 62
68 79
68 86
68 99
68 111
68 142
68 154
69 3
69 13
69 19
69 26
69 41
69 51
69 77
69 83
69 91
69 101
69 106
69 116
69 117
69 141
69 154
70 2
70 17
70 32
70 45
70 49
70 63
70 65
70 81
70 93
70 97
70 98
70 115
70 118
70 132
70 143
70 153
71 4
71 11
71 14
71 24
71 34
71 67
71 74
71 80
71 90
71 109
71 116
71 132
71 133
71 138
71 146
71 150
71 159
72 13
72 18
72 20
72 27
72 37
72 43
72 47
72 50
72 55
72 59
72 60
72 75
72 84
72 85
72 88
72 90
72 92
72 105
72 111
72 126
72 127
73 10
73 14
73 41
73 71
73 90
73 98
73 113
73 120
73 121
73 135
73 140
73 153
74 7
74 13
74 23
74 42
74 50
74 53
74 62
74 114
74 118
74 126
74 131
74 143
74 148
74 149
74 151
74 153
75 2
75 6
75 24
75 26
75 54
75 56
75 78
75 79
75 92
75 94
75 96
75 102
75 106
75 119
75 120
75 136
75 152
75 153
76 18
76 30
76 31
76 38
76 43
76 60
76 69
76 105
76 131
76 140
76 143
76 147
76 153
76 158
77 22
77 32
77 45
77 47
77 88
77 89
77 117
77 130
77 148
77 150
77 159
78 3
78 18
78 22
78 26
78 41
78 58
78 67
78 84
78 85
78 86
78 103
78 132
78 136
78 137
78 153
79 1
79 30
79 52
79 55
79 72
79 78
79 92
79 97
79 101
79 102
79 111
79 115
79 129
79 130
79 140
79 145
80 3
80 5
80 7
80 14
80 32
80 42
80 68
80 86
80 92
80 94
80 96
80 112
80 113
80 116
80 123
80 150
81 1
81 7
81 18
81 22
81 29
81 32
81 39
81 42
81 63
81 73
81 76
81 77
81 87
81 93
81 94
81 104
81 130
81 139
81 150
81 153
81 157
82 14
82 17
82 25
82 32
82 45
82 48
82 49
82 64
82 86
82 94
82 121
82 123
82 126
82 131
82 140
82 149
83 18
83 19
83 30
83 33
83 45
83 47
83 49
83 58
83 75
83 78
83 79
83 89
83 96
83 103
83 104
83 105
83 111
83 114
83 143
83 157
84 0
84 36
84 37
84 38
84 41
84 49
84 75
84 79
84 90
84 98
84 102
84 114
84 122
84 123
85 1
85 16
85 18
85 21
85 24
85 35
85 36
85 40
85 58
85 66
85 93
85 95
85 100
85 115
85 121
85 123
85 151
86 0
86 9
86 12
86 36
86 49
86 64
86 67
86 74
86 79
86 89
86 99
86 100
86 102
86 115
86 117
86 136
86 150
87 18
87 21
87 23
87 27
87 42
87 48
87 53
87 66
87 71
87 77
87 78
87 79
87 83
87 118
87 121
87 149
88 1
88 2
88 30
88 33
88 39
88 47
88 52
88 65
88 75
88 89
88 97
88 111
88 153
89 0
89 19
89 20
89 26
89 27
89 37
89 47
89 52
89 54
89 58
89 76
89 80
89 84
89 85
89 95
89 97
89 130
89 137
89 140
89 150
89 159
90 4
90 27
90 79
90 88
90 92
90 109
90 118
90 125
90 132
90 142
90 148
90 151
90 153
90 157
91 2
91 41
91 54
91 57
91 70
91 83
91 88
91 92
91 97
91 99
91 106
91 132
91 139
91 145
91 148
91 153
92 21
92 26
92 42
92 74
92 81
92 84
92 95
92 109
92 112
92 124
92 132
93 8
93 18
93 19
93 22
93 25
93 41
93 51
93 56
93 65
93 68
93 69
93 71
93 82
93 83
93 84
93 96
93 97
93 99
93 109
93 110
93 116
93 132
94 0
94 10
94 15
94 42
94 101
94 104
94 111
94 121
94 142
94 146
95 12
95 16
95 29
95 46
95 72
95 96
95 98
95 99
95 107
95 124
95 130
95 137
95 139
95 140
95 144
95 159
96 0
96 12
96 19
96 32
96 39
96 45
96 48
96 64
96 72
96 73
96 97
96 98
96 100
96 133
96 140
96 141
96 143
96 145
96 148
96 149
96 157
96 158
97 12
97 21
97 24
97 31
97 32
97 42
97 50
97 101
97 114
97 120
97 130
97 133
97 134
97 140
97 141
97 147
97 159
98 15
98 20
98 29
98 30
98 32
98 44
98 52
98 54
98 57
98 59
98 69
98 78
98 91
98 109
98 114
98 123
98 156
99 6
99 33
99 39
99 42
99 60
99 75
99 84
99 90
99 106
99 117
99 125
99 130
99 132
100 9
100 16
100 29
100 31
100 69
100 80
100 98
100 104
100 105
100 113
100 114
100 139
100 147
100 155
101 6
101 10
101 20
101 21
101 38
101 43
101 65
101 66
101 71
101 77
101 84
101 108
101 113
101 116
101 126
101 129
101 133
102 7
102 55
102 60
102 64
102 70
102 72
102 78
102 83
102 88
102 92
102 113
102 132
102 141
102 151
102 154
102 155
102 158
103 0
103 28
103 37
103 43
103 48
103 73
103 74
103 93
103 105
103 109
103 123
103 128
103 131
104 9
104 15
104 20
104 55
104 71
104 84
104 97
104 110
104 114
104 115
104 122
104 135
104 138
104 145
104 148
105 10
105 15
105 40
105 53
105 57
105 70
105 74
105 77
105 82
105 85
105 93
105 97
105 117
105 123
106 13
106 35
106 43
106 52
106 53
106 62
106 64
106 113
106 131
106 135
106 138
106 141
107 4
107 6
107 25
107 33
107 52
107 53
107 68
107 71
107 99
107 112
107 133
107 139
107 147
107 148
108 3
108 9
108 11
108 26
108 41
108 44
108 52
108 74
108 89
108 113
108 118
108 120
108 135
108 143
108 145
108 152
108 153
108 157
109 7
109 13
109 20
109 28
109 33
109 36
109 59
109 61
109 75
109 89
109 112
109 114
109 125
109 128
109 130
109 131
109 132
109 133
109 144
109 146
109 148
110 2
110 5
110 8
110 19
110 25
110 28
110 35
110 39
110 57
110 65
110 67
110 69
110 92
110 98
110 107
110 112
110 117
110 121
110 125
110 136
110 142
110 144
110 152
110 159
111 12
111 15
111 24
111 25
111 43
111 47
111 54
111 55
111 58
111 73
111 75
111 76
111 77
111 97
111 131
111 150
111 153
112 16
112 17
112 22
112 51
112 56
112 57
112 66
112 84
112 89
112 99
112 111
112 113
112 121
112 130
112 135
112 142
112 144
112 156
113 5
113 30
113 31
113 34
113 39
113 51
113 60
113 71
113 105
113 119
113 121
113 130
113 134
113 135
113 154
114 13
114 15
114 23
114 40
114 45
114 76
114 87
114 93
114 124
114 132
114 139
115 15
115 38
115 44
115 46
115 51
115 62
115 73
115 87
115 96
115 111
115 137
116 8
116 10
116 19
116 38
116 56
116 60
116 63
116 88
116 100
116 113
116 141
116 143
116 154
117 0
117 4
117 12
117 13
117 22
117 27
117 42
117 64
117 68
117 91
117 96
117 101
117 134
117 137
117 145
117 148
117 153
117 158
118 2
118 26
118 31
118 43
118 46
118 49
118 58
118 76
118 79
118 86
118 100
118 102
118 115
118 132
118 138
118 140
118 152
118 155
119 1
119 4
119 7
119 11
119 12
119 15
119 22
119 42
119 44
119 52
119 57
119 63
119 116
119 139
119 140
119 141
119 148
120 3
120 7
120 23
120 31
120 37
120 38
120 68
120 74
120 81
120 82
120 84
120 91
120 99
120 127
120 141
120 147
120 150
120 156
121 0
121 16
121 22
121 27
121 42
121 44
121 53
121 67
121 74
121 108
121 109
121 119
121 135
121 141
121 154
122 12
122 13
122 14
122 18
122 25
122 61
122 80
122 83
122 86
122 107
122 127
122 148
123 5
123 10
123 18
123 19
123 48
123 52
123 53
123 86
123 101
123 102
123 119
123 134
123 142
123 143
123 146
123 149
123 150
124 44
124 68
124 73
124 80
124 85
124 102
124 129
125 18
125 53
125 61
125 69
125 71
125 87
125 97
125 118
125 120
125 127
125 150
125 153
126 7
126 13
126 18
126 19
126 31
126 32
126 38
126 79
126 94
126 104
126 117
126 118
126 124
126 130
126 131
126 133
126 150
126 157
127 20
127 21
127 32
127 33
127 36
127 38
127 65
127 73
127 75
127 85
127 98
127 118
127 123
127 140
127 149
127 157
128 16
128 18
128 32
128 36
128 49
128 67
128 102
128 107
128 110
128 122
128 131
128 132
128 145
128 147
128 148
129 6
129 19
129 23
129 27
129 38
129 50
129 60
129 64
129 74
129 83
129 88
129 94
129 103
129 115
129 133
129 137
130 0
130 1
130 12
130 23
130 43
130 56
130 58
130 63
130 73
130 87
130 100
130 102
130 103
130 105
130 108
130 115
130 117
130 123
130 127
130 132
130 138
130 158
131 8
131 14
131 35
131 37
131 53
131 60
131 77
131 78
131 81
131 86
131 87
131 95
132 9
132 10
132 15
132 21
132 26
132 37
132 52
132 55
132 61
132 66
132 68
132 80
132 89
132 98
132 119
132 151
132 157
133 20
133 32
133 41
133 42
133 46
133 51
133 66
133 70
133 77
133 86
133 87
133 98
133 118
133 128
133 141
133 149
133 151
133 153
133 157
133 159
134 5
134 20
134 51
134 52
134 54
134 56
134 59
134 72
134 80
134 83
134 87
134 88
134 96
134 109
134 126
134 128
134 132
134 133
134 136
134 157
135 3
135 5
135 12
135 24
135 26
135 28
135 30
135 54
135 56
135 80
135 92
135 122
135 123
135 128
135 129
135 131
135 136
135 140
135 159
136 8
136 22
136 23
136 40
136 56
136 72
136 89
136 112
136 129
136 130
136 143
136 150
137 7
137 8
137 40
137 42
137 51
137 65
137 75
137 79
137 96
137 113
137 116
137 127
137 145
137 146
137 147
137 157
138 5
138 8
138 12
138 24
138 26
138 32
138 45
138 56
138 74
138 108
138 126
138 132
138 141
138 159
139 22
139 34
139 41
139 44
139 46
139 88
139 94
139 96
139 97
139 103
139 104
139 112
139 125
139 126
139 142
139 143
139 144
139 145
139 158
140 8
140 30
140 40
140 42
140 47
140 60
140 61
140 71
140 78
140 85
140 120
140 128
140 129
140 138
140 149
141 4
141 8
141 17
141 18
141 41
141 48
141 52
141 64
141 104
141 113
141 124
141 127
141 142
141 156
141 157
142 4
142 8
142 11
142 12
142 17
142 23
142 25
142 46
142 61
142 73
142 93
142 118
142 124
142 126
142 135
142 151
142 156
142 157
143 0
143 5
143 17
143 30
143 49
143 64
143 75
143 81
143 112
143 126
143 137
143 138
143 140
144 84
144 87
144 100
144 101
144 103
144 126
144 129
144 131
144 149
144 156
145 9
145 29
145 36
145 41
145 52
145 69
145 112
145 113
145 155
145 159
146 2
146 12
146 16
146 18
146 31
146 54
146 55
146 57
146 62
146 65
146 86
146 101
146 105
146 112
146 113
146 119
146 122
146 130
146 139
146 141
146 158
147 0
147 7
147 15
147 30
147 40
147 61
147 83
147 104
147 112
147 126
147 143
148 15
148 23
148 26
148 33
148 47
148 76
148 78
148 118
148 125
148 154
149 43
149 52
149 71
149 94
149 98
149 101
149 106
149 116
149 117
149 120
149 121
149 134
149 135
149 137
149 141
149 142
149 146
149 154
149 157
150 13
150 15
150 16
150 19
150 29
150 33
150 39
150 56
150 59
150 74
150 85
150 90
150 93
150 96
150 112
150 133
150 134
150 155
151 4
151 6
151 9
151 14
151 22
151 33
151 36
151 57
151 78
151 92
151 105
151 108
151 118
151 119
151 120
151 128
151 135
152 2
152 3
152 4
152 9
152 13
152 18
152 22
152 26
152 39
152 41
152 56
152 84
152 97
152 105
152 121
152 125
152 136
152 144
153 3
153 13
153 18
153 21
153 27
153 30
153 31
153 34
153 41
153 42
153 50
153 57
153 95
153 122
153 130
153 139
153 140
153 155
153 156
154 0
154 1
154 9
154 10
154 23
154 37
154 47
154 49
154 58
154 80
154 91
154 92
154 96
154 106
154 120
154 127
154 137
154 159
155 0
155 7
155 36
155 38
155 40
155 49
155 54
155 74
155 95
155 113
155 147
155 151
156 5
156 12
156 44
156 52
156 63
156 69
156 73
156 79
156 92
156 104
156 114
156 121
156 130
156 131
156 134
156 150
156 155
156 159
157 3
157 7
157 22
157 46
157 61
157 62
157 64
157 68
157 86
157 87
157 100
157 116
157 130
157 143
157 153
158 20
158 21
158 24
158 25
158 40
158 41
158 43
158 55
158 63
158 74
158 78
158 84
158 86
158 89
158 101
158 120
158 129
158 137
158 138
158 153
158 159
159 6
159 15
159 19
159 21
159 22
159 62
159 79
159 80
159 101
159 106
159 115
159 131
159 132
159 137
159 155
0 1 2 3 4 5 6
