160 2544 24
0 13
0 18
0 25
0 39
0 47
0 60
0 65
0 74
0 82
0 84
0 92
0 94
0 104
0 126
0 132
0 139
0 156
1 3
1 7
1 11
1 19
1 32
1 39
1 50
1 59
1 81
1 90
1 94
1 96
1 111
1 113
1 144
1 150
1 153
1 155
2 7
2 10
2 13
2 15
2 23
2 32
2 54
2 86
2 149
2 153
2 154
3 5
3 9
3 15
3 18
3 28
3 29
3 37
3 48
3 63
3 75
3 82
3 84
3 108
3 132
3 143
3 149
3 153
4 1
4 21
4 23
4 34
4 40
4 47
4 61
4 66
4 71
4 73
4 82
4 84
4 96
4 123
4 124
4 131
4 136
4 145
4 159
5 1
5 14
5 16
5 27
5 47
5 69
5 75
5 96
5 97
5 98
5 118
5 125
5 135
5 140
5 146
5 155
5 157
6 12
6 14
6 16
6 23
6 39
6 66
6 73
6 76
6 94
6 103
6 137
6 139
7 3
7 5
7 23
7 45
7 60
7 66
7 77
7 82
7 83
7 99
7 100
7 107
7 147
8 3
8 28
8 30
8 36
8 50
8 74
8 84
8 90
8 97
8 101
8 117
8 127
8 128
9 1
9 19
9 44
9 62
9 65
9 70
9 72
9 75
9 93
9 99
9 104
9 110
9 153
10 23
10 31
10 33
10 34
10 46
10 47
10 64
10 73
10 74
10 76
10 86
10 130
10 135
10 137
10 142
10 149
10 151
10 159
11 0
11 5
11 9
11 36
11 45
11 46
11 51
11 52
11 61
11 66
11 78
11 81
11 93
11 97
11 102
11 115
11 120
12 16
12 26
12 30
12 33
12 35
12 44
12 56
12 73
12 93
12 102
12 109
12 110
12 143
12 144
12 146
12 156
13 3
13 29
13 57
13 103
13 110
13 118
13 129
13 137
13 138
13 141
13 156
14 8
14 18
14 41
14 62
14 78
14 82
14 85
14 104
14 113
14 117
14 148
15 16
15 54
15 62
15 63
15 66
15 69
15 82
15 83
15 99
15 100
15 108
15 115
15 117
15 135
15 151
16 7
16 14
16 29
16 31
16 33
16 39
16 51
16 59
16 63
16 89
16 107
16 109
16 111
16 133
16 142
17 3
17 7
17 16
17 37
17 59
17 60
17 89
17 101
17 104
17 117
17 138
17 148
17 150
18 9
18 10
18 19
18 25
18 27
18 31
18 34
18 38
18 44
18 61
18 65
18 76
18 78
18 109
18 123
18 127
18 128
18 136
18 147
18 158
18 159
19 7
19 8
19 33
19 39
19 44
19 45
19 76
19 109
19 127
19 133
19 140
19 141
20 0
20 9
20 18
20 24
20 62
20 63
20 64
20 67
20 79
20 110
20 130
20 138
20 144
20 159
21 3
21 7
21 14
21 17
21 18
21 19
21 33
21 34
21 43
21 52
21 57
21 79
21 86
21 126
21 129
21 131
21 155
21 156
22 7
22 8
22 40
22 57
22 58
22 68
22 69
22 71
22 100
22 113
22 123
22 128
22 131
22 143
22 147
23 16
23 33
23 52
23 80
23 111
23 113
23 117
23 140
23 146
24 4
24 9
24 19
24 25
24 27
24 29
24 47
24 77
24 90
24 129
24 130
24 137
24 147
25 20
25 69
25 73
25 90
25 94
25 106
25 125
25 136
25 142
25 144
25 145
25 156
26 1
26 15
26 19
26 34
26 39
26 45
26 48
26 70
26 76
26 77
26 78
26 81
26 82
26 95
26 96
26 97
26 112
26 117
26 119
26 129
26 134
26 135
26 136
26 147
26 148
26 152
27 1
27 2
27 38
27 52
27 73
27 76
27 85
27 99
27 127
27 129
27 132
27 141
28 12
28 14
28 25
28 44
28 52
28 57
28 61
28 71
28 83
28 90
28 104
28 122
28 132
28 137
28 138
28 140
28 152
29 10
29 11
29 12
29 23
29 25
29 40
29 49
29 67
29 70
29 80
29 81
29 84
29 88
29 89
29 90
29 91
29 92
29 95
29 103
29 106
29 118
29 121
29 135
29 153
30 18
30 20
30 31
30 34
30 38
30 41
30 49
30 59
30 71
30 84
30 114
30 121
30 126
30 128
30 141
30 144
30 159
31 6
31 7
31 14
31 38
31 51
31 75
31 80
31 84
31 85
31 89
31 97
31 100
31 111
31 125
31 126
31 132
31 138
31 140
31 146
31 151
31 152
32 5
32 12
32 18
32 23
32 26
32 30
32 41
32 44
32 48
32 54
32 67
32 70
32 75
32 77
32 83
32 89
32 92
32 143
32 157
33 17
33 28
33 71
33 88
33 90
33 93
33 95
33 120
33 128
33 129
33 141
33 143
33 154
33 155
34 1
34 13
34 27
34 54
34 58
34 62
34 83
34 85
34 97
34 99
34 115
34 117
34 130
34 134
34 136
34 138
34 144
34 145
34 151
35 3
35 10
35 22
35 31
35 33
35 37
35 62
35 75
35 77
35 79
35 83
35 87
35 89
35 91
35 97
35 103
35 104
35 109
35 115
35 127
35 130
35 131
35 135
35 140
35 145
35 155
36 1
36 9
36 17
36 26
36 31
36 34
36 44
36 63
36 79
36 112
36 122
36 124
36 130
36 139
36 158
37 15
37 21
37 51
37 54
37 57
37 60
37 65
37 69
37 73
37 75
37 84
37 86
37 93
37 95
37 111
37 113
37 118
37 120
37 152
37 156
38 5
38 25
38 34
38 50
38 54
38 56
38 64
38 74
38 75
38 81
38 115
38 147
38 152
38 155
39 5
39 11
39 15
39 24
39 41
39 49
39 52
39 60
39 70
39 74
39 84
39 94
39 95
39 99
39 122
39 124
39 126
39 138
39 141
39 145
39 159
40 16
40 51
40 84
40 86
40 130
40 139
40 154
40 158
41 2
41 11
41 44
41 74
41 91
41 98
41 130
41 147
42 1
42 7
42 9
42 25
42 28
42 41
42 47
42 60
42 64
42 94
42 98
42 117
42 124
42 154
43 7
43 14
43 38
43 44
43 47
43 60
43 63
43 65
43 78
43 85
43 91
43 92
43 96
43 97
43 135
44 5
44 52
44 59
44 60
44 79
44 80
44 81
44 93
44 98
44 110
44 117
44 121
44 122
44 126
44 134
44 144
44 146
44 155
44 158
44 159
45 9
45 28
45 36
45 37
45 46
45 64
45 68
45 76
45 80
45 85
45 88
45 94
45 98
45 105
45 117
45 123
45 124
45 127
45 143
45 146
45 151
46 3
46 24
46 37
46 48
46 76
46 77
46 93
46 106
46 138
46 141
46 145
46 153
46 158
47 21
47 23
47 29
47 34
47 39
47 45
47 75
47 78
47 90
47 99
47 111
47 120
47 130
47 140
47 150
47 153
48 4
48 6
48 11
48 20
48 23
48 27
48 31
48 37
48 47
48 50
48 51
48 62
48 67
48 88
48 90
48 92
48 94
48 96
48 99
48 107
48 115
48 118
48 124
48 141
48 149
49 10
49 14
49 21
49 31
49 32
49 33
49 51
49 64
49 67
49 69
49 77
49 79
49 87
49 94
49 106
49 109
49 114
49 115
49 125
49 128
49 132
49 136
49 139
50 16
50 18
50 22
50 40
50 45
50 53
50 82
50 85
50 88
50 94
50 97
50 152
51 13
51 22
51 46
51 56
51 61
51 65
51 72
51 77
51 94
51 106
51 120
51 141
51 154
52 10
52 29
52 40
52 81
52 136
52 139
52 144
53 3
53 4
53 11
53 27
53 41
53 46
53 69
53 79
53 85
53 88
53 89
53 107
53 111
53 119
53 120
53 130
53 133
53 137
53 144
53 156
54 10
54 16
54 21
54 39
54 48
54 49
54 53
54 57
54 61
54 67
54 69
54 100
54 109
54 128
54 133
54 139
54 146
54 158
55 2
55 3
55 16
55 19
55 39
55 40
55 47
55 49
55 54
55 59
55 74
55 75
55 84
55 86
55 94
55 117
55 137
55 141
55 151
55 153
56 0
56 1
56 4
56 13
56 21
56 26
56 44
56 74
56 89
56 92
56 101
56 121
56 123
56 137
56 141
57 3
57 17
57 31
57 47
57 53
57 66
57 70
57 71
57 75
57 76
57 80
57 91
57 95
57 96
57 97
57 107
57 129
57 143
57 149
57 157
57 158
58 24
58 33
58 35
58 48
58 56
58 57
58 65
58 68
58 83
58 91
58 92
58 101
58 113
58 115
58 123
58 133
58 137
58 142
58 144
58 155
58 156
58 157
58 158
59 0
59 15
59 23
59 31
59 32
59 33
59 41
59 60
59 65
59 67
59 85
59 91
59 99
59 101
59 125
59 126
59 133
59 136
59 150
59 155
60 1
60 13
60 14
60 15
60 25
60 38
60 40
60 41
60 61
60 63
60 68
60 97
60 107
60 116
60 117
60 123
60 124
60 126
60 150
61 0
61 2
61 13
61 20
61 21
61 40
61 53
61 57
61 65
61 70
61 73
61 89
61 93
61 95
61 114
61 133
61 146
61 150
61 157
62 24
62 32
62 33
62 46
62 60
62 73
62 75
62 83
62 114
62 116
62 119
62 147
62 148
62 152
62 157
63 50
63 58
63 64
63 83
63 109
63 112
63 116
63 119
63 122
63 123
63 127
63 135
63 144
63 150
64 14
64 32
64 34
64 47
64 52
64 55
64 71
64 75
64 83
64 95
64 108
64 110
64 112
64 117
64 118
64 122
64 126
64 137
65 20
65 30
65 34
65 40
65 42
65 50
65 55
65 74
65 79
65 95
65 106
65 114
65 126
65 149
65 151
66 2
66 16
66 33
66 37
66 44
66 55
66 67
66 87
66 92
66 111
66 123
66 127
66 137
66 143
66 150
67 2
67 19
67 31
67 39
67 62
67 64
67 80
67 85
67 88
67 94
67 96
67 101
67 118
67 125
67 132
67 136
67 141
67 145
68 7
68 27
68 34
68 54
68 57
68 76
68 86
68 88
68 97
68 100
68 107
68 110
68 113
68 137
68 140
68 144
68 145
69 2
69 4
69 13
69 23
69 24
69 29
69 39
69 40
69 41
69 48
69 55
69 83
69 97
69 112
69 124
69 127
70 5
70 6
70 19
70 30
70 35
70 56
70 60
70 68
70 69
70 79
70 87
70 94
70 149
70 155
71 9
71 15
71 17
71 24
71 46
71 69
71 124
71 128
71 141
71 143
71 155
71 159
72 2
72 14
72 20
72 23
72 25
72 27
72 29
72 32
72 36
72 53
72 65
72 75
72 103
72 107
72 120
72 121
72 129
72 147
72 151
73 26
73 39
73 43
73 48
73 58
73 60
73 92
73 97
73 102
73 122
73 140
74 30
74 34
74 54
74 75
74 91
74 96
74 103
74 108
74 110
74 113
74 133
74 136
75 25
75 27
75 28
75 51
75 59
75 77
75 80
75 88
75 103
75 107
75 118
75 120
75 121
75 140
75 143
75 152
76 2
76 33
76 38
76 39
76 42
76 49
76 55
76 59
76 74
76 78
76 88
76 121
76 137
76 140
76 143
76 150
76 153
77 3
77 6
77 8
77 20
77 21
77 23
77 39
77 43
77 45
77 58
77 80
77 89
77 100
77 106
77 128
77 144
77 147
77 155
78 8
78 31
78 34
78 35
78 66
78 93
78 102
78 104
78 106
78 147
78 158
79 1
79 14
79 16
79 30
79 33
79 37
79 38
79 47
79 48
79 59
79 98
79 100
79 101
79 106
79 111
79 115
79 117
79 119
79 124
79 131
79 139
79 148
79 154
79 155
79 159
80 1
80 6
80 17
80 41
80 48
80 55
80 61
80 65
80 82
80 97
80 111
80 117
80 121
80 125
80 129
80 137
80 155
81 32
81 39
81 48
81 50
81 54
81 73
81 75
81 76
81 84
81 88
81 101
81 115
81 133
81 156
81 158
82 10
82 28
82 31
82 33
82 36
82 59
82 62
82 71
82 74
82 75
82 113
82 116
82 130
82 133
82 142
82 151
83 2
83 13
83 37
83 95
83 98
83 104
83 107
83 118
83 120
83 122
83 153
83 159
84 12
84 16
84 17
84 32
84 33
84 41
84 67
84 80
84 98
84 103
84 127
84 148
85 1
85 6
85 7
85 21
85 25
85 26
85 32
85 42
85 44
85 46
85 52
85 76
85 81
85 106
85 110
85 136
85 142
85 147
86 11
86 19
86 39
86 57
86 76
86 79
86 85
86 105
86 114
86 118
86 119
86 131
86 136
86 142
86 143
86 144
86 148
86 149
86 153
87 3
87 11
87 12
87 43
87 44
87 55
87 56
87 85
87 89
87 90
87 93
87 99
87 107
87 116
87 126
87 135
87 140
87 144
87 145
87 150
87 158
88 5
88 19
88 21
88 47
88 61
88 64
88 72
88 74
88 84
88 91
88 118
88 121
88 126
89 20
89 33
89 64
89 82
89 83
89 84
89 93
89 95
89 128
89 149
89 150
89 157
89 159
90 17
90 20
90 38
90 40
90 41
90 44
90 66
90 81
90 86
90 88
90 124
90 146
90 149
90 152
91 9
91 16
91 21
91 28
91 54
91 60
91 65
91 67
91 84
91 117
91 121
91 132
91 133
91 136
91 137
91 139
91 142
92 17
92 21
92 39
92 59
92 68
92 69
92 70
92 76
92 78
92 89
92 106
92 107
92 111
92 113
92 125
92 129
92 138
92 140
92 146
92 159
93 8
93 15
93 18
93 22
93 27
93 31
93 34
93 40
93 54
93 58
93 83
93 103
93 116
93 122
93 131
93 138
93 147
93 148
93 153
94 4
94 13
94 24
94 26
94 27
94 46
94 86
94 110
94 122
94 132
94 134
94 137
94 144
94 152
94 154
95 6
95 8
95 12
95 23
95 24
95 48
95 53
95 54
95 70
95 84
95 98
95 105
95 124
95 128
96 2
96 3
96 6
96 11
96 20
96 23
96 28
96 40
96 59
96 60
96 90
96 104
96 106
96 120
96 136
97 9
97 44
97 49
97 51
97 59
97 63
97 64
97 72
97 77
97 81
97 99
97 101
97 109
97 110
97 125
97 126
97 139
97 152
97 154
98 3
98 13
98 18
98 19
98 21
98 23
98 25
98 47
98 76
98 88
98 105
98 108
98 116
98 127
98 133
98 140
98 158
99 11
99 26
99 41
99 44
99 53
99 60
99 67
99 69
99 76
99 80
99 131
99 136
99 142
99 143
99 149
99 155
99 157
100 13
100 19
100 26
100 29
100 41
100 42
100 46
100 47
100 53
100 58
100 70
100 73
100 94
100 96
100 98
100 101
100 104
100 120
100 142
101 21
101 22
101 23
101 24
101 40
101 43
101 52
101 95
101 99
101 108
101 116
101 137
101 139
101 150
101 153
102 13
102 26
102 27
102 30
102 38
102 45
102 51
102 52
102 76
102 105
102 110
102 116
102 127
102 156
102 158
102 159
103 12
103 19
103 26
103 28
103 42
103 44
103 45
103 48
103 51
103 58
103 63
103 71
103 94
103 104
103 108
103 146
104 1
104 5
104 7
104 50
104 59
104 70
104 79
104 92
104 106
104 107
104 115
104 116
104 145
104 146
104 148
105 2
105 21
105 31
105 57
105 59
105 63
105 66
105 67
105 78
105 82
105 101
105 114
105 136
105 140
105 149
105 150
105 152
105 159
106 4
106 8
106 37
106 42
106 43
106 63
106 70
106 80
106 81
106 107
106 119
106 125
106 126
106 132
106 135
106 147
106 159
107 19
107 20
107 29
107 51
107 56
107 58
107 59
107 79
107 102
107 110
107 114
107 115
107 120
107 135
107 137
107 149
108 10
108 13
108 25
108 27
108 30
108 42
108 46
108 57
108 61
108 67
108 73
108 82
108 91
108 109
108 113
108 115
108 119
108 123
108 124
108 129
108 133
108 134
108 139
108 144
109 9
109 22
109 23
109 32
109 34
109 38
109 48
109 62
109 74
109 82
109 85
109 112
109 120
109 136
109 151
109 157
109 158
110 6
110 21
110 39
110 42
110 61
110 73
110 86
110 87
110 111
110 115
110 127
110 137
110 140
110 155
111 12
111 30
111 38
111 69
111 72
111 84
111 86
111 90
111 91
111 102
111 105
111 123
111 136
111 140
111 148
112 4
112 5
112 7
112 11
112 15
112 18
112 39
112 47
112 51
112 53
112 56
112 72
112 96
112 114
112 116
112 118
112 123
112 131
112 143
113 20
113 29
113 33
113 50
113 67
113 70
113 79
113 80
113 99
113 105
113 122
113 153
113 155
114 13
114 31
114 35
114 36
114 40
114 46
114 54
114 55
114 72
114 77
114 81
114 102
114 103
114 120
114 124
114 153
115 5
115 7
115 25
115 31
115 33
115 65
115 75
115 96
115 103
115 111
115 122
115 124
115 143
115 158
116 12
116 31
116 51
116 74
116 78
116 85
116 105
116 110
116 123
116 129
116 145
116 153
117 56
117 63
117 65
117 67
117 75
117 78
117 84
117 95
117 99
117 106
117 109
117 110
117 116
117 122
117 131
117 157
118 3
118 6
118 9
118 16
118 19
118 25
118 26
118 35
118 39
118 40
118 41
118 52
118 63
118 76
118 78
118 111
118 120
118 138
118 147
119 4
119 10
119 14
119 16
119 19
119 23
119 34
119 36
119 40
119 47
119 67
119 84
119 92
119 114
119 117
119 118
119 127
119 135
119 157
119 158
120 3
120 18
120 36
120 44
120 48
120 62
120 76
120 99
120 108
120 111
120 124
120 127
120 140
121 7
121 19
121 41
121 48
121 49
121 64
121 66
121 84
121 92
121 100
121 108
121 110
121 129
121 145
121 155
121 156
121 158
122 4
122 11
122 21
122 23
122 42
122 45
122 52
122 55
122 61
122 62
122 65
122 91
122 151
122 153
123 6
123 11
123 14
123 17
123 27
123 53
123 61
123 69
123 99
123 130
123 135
123 139
123 140
123 151
124 8
124 9
124 13
124 16
124 28
124 31
124 38
124 50
124 53
124 54
124 55
124 64
124 77
124 84
124 98
124 109
124 111
124 119
124 122
125 0
125 6
125 10
125 11
125 57
125 71
125 79
125 83
125 85
125 96
125 109
125 110
125 127
125 140
125 143
126 7
126 18
126 28
126 35
126 48
126 55
126 84
126 98
126 118
126 120
126 122
126 124
126 136
126 156
127 1
127 9
127 10
127 48
127 49
127 51
127 74
127 94
127 97
127 151
128 1
128 5
128 9
128 19
128 23
128 24
128 25
128 55
128 67
128 85
128 86
128 102
128 109
128 112
128 118
128 124
128 135
128 155
129 17
129 49
129 58
129 83
129 100
129 156
130 2
130 3
130 6
130 16
130 21
130 23
130 27
130 28
130 32
130 39
130 42
130 61
130 64
130 68
130 81
130 83
130 118
130 134
130 149
131 0
131 13
131 14
131 25
131 53
131 58
131 75
131 78
131 82
131 121
131 140
132 7
132 11
132 21
132 22
132 33
132 37
132 41
132 50
132 56
132 81
132 85
132 87
132 110
132 134
132 135
132 138
132 140
132 146
133 21
133 41
133 45
133 68
133 75
133 95
133 102
133 109
133 111
133 122
133 123
133 127
133 141
133 145
133 151
134 4
134 21
134 24
134 31
134 58
134 87
134 97
134 111
134 114
134 127
134 133
134 140
134 147
134 151
135 9
135 25
135 30
135 39
135 51
135 60
135 68
135 71
135 79
135 113
135 120
135 133
135 134
135 141
135 143
135 145
136 1
136 5
136 7
136 11
136 14
136 38
136 45
136 51
136 97
136 123
136 139
136 148
137 30
137 39
137 46
137 52
137 61
137 83
137 86
137 115
138 0
138 1
138 6
138 15
138 16
138 23
138 36
138 38
138 49
138 51
138 52
138 53
138 62
138 64
138 66
138 79
138 89
138 128
138 134
138 135
138 145
138 153
139 5
139 7
139 12
139 21
139 22
139 24
139 33
139 38
139 66
139 70
139 75
139 89
139 94
139 120
139 122
139 126
139 130
139 141
139 144
139 147
139 158
140 32
140 80
140 93
140 126
140 128
140 143
140 148
141 14
141 15
141 25
141 28
141 41
141 42
141 44
141 80
141 83
141 95
141 98
141 103
141 116
141 140
141 153
141 155
142 0
142 20
142 23
142 41
142 42
142 69
142 75
142 77
142 92
142 93
142 114
142 118
142 136
142 144
142 147
143 6
143 14
143 19
143 25
143 28
143 48
143 55
143 67
143 69
143 74
143 92
143 97
143 103
143 117
143 122
143 136
143 137
143 142
143 146
143 158
144 19
144 26
144 47
144 49
144 54
144 60
144 62
144 84
144 88
144 98
144 102
144 107
144 109
144 118
144 120
144 129
144 149
144 155
144 158
145 23
145 33
145 40
145 42
145 49
145 50
145 54
145 58
145 59
145 72
145 111
145 118
145 127
145 131
146 8
146 17
146 52
146 98
146 102
146 105
146 129
146 151
146 153
147 0
147 9
147 23
147 30
147 31
147 46
147 64
147 128
147 136
147 140
147 144
147 148
147 151
147 154
148 7
148 8
148 19
148 20
148 22
148 24
148 42
148 59
148 61
148 63
148 68
148 69
148 78
148 88
148 120
148 122
148 129
148 130
148 153
148 154
149 19
149 30
149 32
149 41
149 51
149 78
149 92
149 101
149 111
149 114
149 115
149 122
149 124
149 140
149 141
149 158
150 7
150 12
150 20
150 36
150 49
150 65
150 116
150 129
150 132
150 139
150 143
150 149
151 3
151 11
151 14
151 27
151 29
151 36
151 40
151 41
151 48
151 50
151 54
151 57
151 92
151 111
151 125
152 0
152 10
152 13
152 30
152 35
152 44
152 73
152 74
152 81
152 108
152 111
152 116
152 128
152 135
152 139
152 146
153 14
153 53
153 64
153 80
153 98
153 103
153 112
153 115
153 124
153 156
154 1
154 3
154 8
154 11
154 12
154 27
154 43
154 89
154 101
154 103
154 122
154 129
155 0
155 9
155 14
155 15
155 24
155 32
155 62
155 73
155 76
155 82
155 83
155 85
155 87
155 98
155 122
155 127
155 143
155 150
155 151
156 1
156 22
156 26
156 31
156 42
156 43
156 47
156 62
156 71
156 72
156 74
156 90
156 92
156 93
156 108
156 112
156 117
156 157
157 4
157 14
157 17
157 18
157 22
157 31
157 41
157 60
157 63
157 82
157 110
157 113
157 134
157 136
157 147
157 149
158 2
158 9
158 26
158 39
158 43
158 61
158 62
158 86
158 88
158 94
158 101
158 106
158 112
158 128
159 13
159 19
159 23
159 37
159 51
159 76
159 80
159 95
159 100
159 113
159 133
159 135
159 144
159 147
0 1 2 3 4 5 6 7 8 9 10 11 12 13 14 15 16 17 18 19 20 21 22 23
