160 812 24
0 45
0 68
0 89
0 119
0 122
0 147
1 45
1 51
1 64
1 73
1 96
1 110
1 128
2 0
2 13
2 28
2 56
2 140
2 142
3 53
3 71
3 79
3 118
3 140
3 153
4 85
5 11
5 49
5 74
5 75
5 98
5 105
6 9
6 13
6 23
6 45
6 98
6 123
6 135
6 137
6 159
7 17
7 43
7 124
7 149
8 5
8 57
8 63
8 72
8 113
8 149
9 34
9 44
9 77
9 102
9 117
10 7
10 60
10 98
10 142
10 155
11 83
12 31
12 39
12 56
12 94
12 121
12 126
13 22
13 26
13 27
13 65
13 75
13 83
13 84
13 90
13 98
13 113
13 152
14 106
14 119
14 136
14 138
14 156
15 4
15 37
15 45
15 60
15 117
15 122
16 9
16 21
16 85
16 96
16 121
16 134
16 137
17 22
17 53
17 67
17 78
17 84
17 86
17 91
17 99
17 124
17 155
18 86
18 140
18 143
19 11
19 64
19 98
20 2
20 99
20 119
21 107
21 158
22 31
22 43
22 67
22 74
22 89
22 101
22 146
23 30
24 23
24 43
24 112
24 138
24 148
25 5
25 39
25 54
25 95
25 108
25 131
26 20
26 47
26 70
26 113
26 114
27 99
28 15
28 69
28 85
28 119
28 128
29 6
29 7
29 15
29 44
29 73
29 91
29 123
29 135
29 158
30 13
30 24
31 3
31 28
31 72
32 30
32 70
32 149
32 154
33 51
33 82
33 87
34 17
34 23
34 49
34 84
35 10
35 59
35 87
35 137
37 3
37 32
37 56
37 80
37 101
37 109
37 135
38 29
38 46
38 108
38 141
39 9
39 79
39 93
39 113
39 147
40 68
40 90
40 94
40 107
40 140
41 18
41 67
41 129
41 148
41 157
43 45
43 112
43 157
44 19
44 28
44 46
44 74
44 98
44 106
44 116
44 133
45 23
45 24
45 94
45 117
45 123
46 57
46 63
46 94
46 155
47 2
47 113
48 13
48 77
49 13
49 59
49 103
49 151
50 11
50 23
50 63
50 110
50 155
51 66
51 71
51 109
51 147
52 17
52 19
52 98
52 118
52 140
53 38
53 54
53 55
53 80
53 92
54 3
55 22
55 28
55 76
55 100
55 150
56 26
56 88
56 94
56 95
56 104
57 31
57 70
57 127
57 150
58 16
58 21
58 27
58 33
58 40
58 42
58 75
58 100
58 119
58 121
59 84
59 109
60 2
60 31
60 80
60 100
60 127
60 130
61 42
61 56
61 82
61 126
61 128
62 30
62 135
62 142
62 149
63 49
63 73
63 127
63 140
65 2
65 64
65 73
65 96
65 125
66 28
66 73
66 142
66 146
66 150
67 54
67 101
67 123
67 130
67 137
68 61
68 67
68 87
68 92
68 130
69 8
69 31
69 104
69 112
69 143
69 153
70 0
70 51
70 85
70 119
70 141
70 155
71 24
71 105
71 116
71 119
71 122
71 147
71 153
72 12
72 79
73 7
73 20
73 21
73 77
73 115
73 116
73 133
74 11
74 27
74 97
75 31
75 48
75 64
76 52
76 63
76 65
76 111
77 15
77 71
77 88
77 140
77 142
77 146
78 7
78 25
78 39
78 55
78 154
79 19
79 28
79 55
79 66
79 109
79 115
79 121
79 142
79 155
80 9
80 25
80 55
80 112
80 132
80 137
81 8
81 21
81 48
81 74
81 103
81 126
81 139
82 13
82 92
82 131
82 159
83 141
84 5
84 32
84 56
84 86
84 95
85 84
85 159
86 27
86 54
86 72
86 79
86 97
86 109
86 154
86 155
87 50
87 63
87 69
87 79
87 80
87 122
88 48
88 107
88 110
88 158
89 51
89 121
89 148
90 29
90 42
90 59
90 74
90 80
90 83
90 93
90 123
90 149
90 159
91 6
91 33
91 78
91 84
91 97
92 7
92 52
92 71
92 78
92 88
92 96
92 101
93 19
93 31
93 55
93 74
93 116
93 144
94 7
94 42
95 22
95 42
95 88
95 109
96 2
96 30
96 85
96 87
96 145
96 157
97 7
97 12
97 27
97 42
97 90
97 143
98 61
98 80
98 96
98 146
99 35
99 48
99 67
99 140
100 51
100 74
100 145
100 159
101 21
101 24
101 26
101 61
101 77
101 81
101 90
101 94
101 122
101 154
102 45
102 48
102 53
102 55
103 15
103 78
103 109
103 118
104 3
104 52
104 82
104 129
104 135
105 23
105 29
105 39
105 86
105 106
106 71
106 75
106 98
106 127
107 13
107 24
107 79
107 81
108 21
108 59
108 63
108 81
108 129
108 157
109 9
109 11
109 55
109 120
109 126
109 153
110 15
110 24
110 93
111 5
111 8
111 15
111 84
111 92
111 107
111 116
111 158
112 18
112 20
112 52
112 104
112 110
112 156
113 10
113 19
113 33
113 49
113 58
113 150
113 155
113 158
114 94
114 109
114 110
114 138
115 2
115 7
115 41
115 62
115 75
115 133
115 141
115 144
116 3
116 5
116 53
116 68
116 100
116 131
116 149
116 156
117 33
117 40
117 67
117 107
117 109
117 134
117 136
117 140
118 9
118 112
118 120
118 137
119 5
119 48
119 93
119 129
120 59
120 84
120 86
120 102
120 115
121 7
121 36
121 59
121 75
121 94
121 99
122 13
122 51
122 66
122 102
122 108
123 3
123 7
123 13
123 16
123 25
123 44
123 51
123 92
123 96
124 16
124 53
124 78
124 104
124 107
124 127
124 155
125 42
125 84
125 92
125 98
125 147
126 63
126 85
126 98
126 128
126 138
127 16
127 23
127 45
127 84
127 91
127 121
127 128
127 155
128 25
128 26
128 47
128 75
128 80
128 86
128 136
128 145
128 157
129 7
129 44
129 63
129 65
129 98
130 4
130 48
130 83
130 103
130 116
131 8
131 52
131 61
131 79
131 86
131 93
131 114
131 119
131 154
132 3
132 61
132 67
132 85
132 100
132 135
133 72
133 76
133 128
133 132
134 11
134 15
134 78
134 155
135 0
135 14
135 20
135 40
135 147
135 157
136 38
136 45
136 51
136 55
136 101
136 130
137 62
137 102
137 111
137 154
138 11
138 19
138 84
138 116
139 4
139 5
139 7
139 13
139 99
139 113
139 135
140 23
140 121
140 139
141 41
141 46
141 65
141 91
141 133
142 19
142 44
142 76
142 145
143 29
143 35
143 48
143 79
143 101
143 103
143 117
144 0
144 56
144 63
144 86
144 158
145 13
145 21
145 38
145 95
145 102
145 111
145 125
145 136
145 141
146 21
146 35
146 47
146 60
146 67
146 70
146 131
147 1
147 45
147 57
147 92
147 109
147 158
148 3
148 7
148 9
148 12
148 14
148 59
148 67
148 70
148 71
148 72
148 79
148 107
148 151
149 40
149 69
149 76
149 82
149 94
149 141
150 18
150 105
150 147
151 36
151 46
151 65
151 75
151 111
151 122
151 134
152 17
152 83
152 89
152 108
153 16
153 43
153 51
153 107
153 110
153 129
153 149
154 48
154 104
154 136
155 95
155 150
156 43
156 151
157 78
157 79
157 97
157 117
158 0
158 54
158 82
158 95
158 106
158 132
159 20
159 43
159 49
0 1 2 3 4 5 6 7 8 9 10 11 12 13 14 15 16 17 18 19 20 21 22 23
