160 452 7
0 29
0 34
0 49
0 54
0 69
0 70
0 72
1 9
1 65
1 116
2 12
2 31
2 70
2 157
3 4
3 14
3 58
3 61
3 109
3 123
4 116
4 140
4 148
5 104
5 139
5 156
6 3
6 84
6 140
7 17
7 84
7 144
8 155
9 1
9 29
9 102
9 115
10 38
10 78
10 90
10 111
11 17
11 157
12 24
12 41
12 42
12 124
12 133
13 105
13 151
14 3
14 10
14 22
14 68
14 137
14 149
14 150
15 46
15 73
16 44
16 56
16 69
16 108
16 153
17 7
17 45
17 83
19 80
19 93
19 116
20 47
20 49
20 111
21 22
21 133
21 149
22 25
22 69
22 75
22 79
23 1
24 12
24 30
25 17
25 22
25 113
25 129
25 140
26 76
26 103
26 147
27 137
27 156
28 83
28 114
29 0
29 9
29 44
29 52
30 80
30 95
31 38
31 143
32 22
32 139
33 37
33 119
33 131
34 0
34 56
34 76
34 122
34 151
35 53
35 62
35 68
36 71
37 39
37 59
37 159
38 10
38 18
38 104
38 150
38 157
39 69
39 96
39 113
39 131
40 70
41 12
41 100
41 106
41 111
42 128
42 152
43 69
44 10
44 59
44 76
44 142
44 148
44 158
45 17
45 68
47 20
47 72
47 129
47 148
48 49
49 48
49 110
49 135
50 101
50 104
51 96
51 117
52 29
52 73
53 105
53 147
54 0
54 73
54 121
55 98
55 104
55 117
56 16
56 34
56 79
56 105
56 121
56 154
57 71
57 75
58 3
58 102
59 37
59 44
59 48
59 99
59 148
60 40
60 115
61 71
62 24
62 99
62 110
62 134
63 31
63 76
64 71
64 133
64 156
65 124
67 103
68 14
68 156
69 0
69 16
69 22
69 92
69 94
69 128
70 0
70 40
70 90
70 144
71 36
71 61
71 64
71 83
71 148
72 47
72 74
73 15
73 52
73 54
73 154
74 122
74 124
75 8
75 22
75 129
76 34
76 44
76 63
77 46
77 112
79 4
79 56
79 115
79 130
80 19
80 26
80 30
80 31
81 132
82 16
82 64
82 145
83 17
83 28
83 81
83 132
84 6
84 58
85 93
86 18
86 66
86 69
86 98
87 19
88 76
89 103
89 132
90 10
90 61
90 138
91 130
92 14
92 69
92 98
93 0
94 69
94 111
94 155
95 30
95 138
96 39
96 51
96 156
97 73
97 98
98 55
98 77
98 92
98 97
99 59
100 35
100 126
101 50
102 9
102 140
102 159
103 9
103 26
103 67
104 5
104 151
105 13
106 138
107 126
108 4
108 16
108 102
108 110
108 156
109 3
109 139
110 51
110 62
110 97
110 108
111 41
112 77
112 109
112 128
112 135
112 146
114 137
114 150
115 27
115 59
116 1
116 4
116 19
116 81
117 27
117 51
117 55
117 151
118 5
118 159
119 33
119 100
120 43
120 67
120 96
120 114
120 149
121 56
121 115
122 74
123 126
124 12
124 62
124 65
124 74
124 148
125 139
125 148
126 107
126 128
126 147
127 131
128 42
128 69
128 112
128 126
129 25
129 47
129 75
129 124
130 79
131 33
131 36
131 39
131 67
131 127
131 128
131 143
132 54
132 64
132 81
132 83
132 104
132 120
132 157
133 12
133 21
133 64
133 87
133 152
134 68
134 77
134 118
134 121
134 142
135 49
135 130
136 76
136 86
136 118
136 145
137 14
137 27
137 89
138 90
139 14
139 32
139 45
139 75
140 4
140 6
140 13
140 25
140 102
141 143
142 44
143 31
143 101
143 107
143 131
144 7
145 94
146 40
146 75
146 79
147 26
147 70
147 126
148 0
148 44
148 71
148 124
149 14
149 21
149 60
149 120
150 19
150 38
150 67
150 92
150 114
150 116
151 13
151 34
151 117
152 58
153 5
153 16
153 63
153 79
153 100
153 138
154 73
155 3
155 8
155 94
155 150
156 5
156 27
156 34
156 64
156 96
156 108
157 2
157 11
158 23
159 37
159 118
0 1 2 3 4 5 6
