160 812 7
0 17
0 29
0 37
0 41
0 49
0 75
0 85
0 87
0 102
0 112
0 124
0 129
0 132
0 151
1 7
1 28
1 112
1 114
2 0
2 59
2 78
2 79
2 96
3 29
3 49
3 94
3 139
4 46
4 91
4 98
4 117
4 121
5 72
5 73
5 75
5 95
5 136
6 21
6 23
6 38
6 51
6 69
6 81
7 95
8 36
8 68
8 84
8 113
8 128
8 140
9 27
9 69
9 74
9 112
9 151
10 5
10 51
10 53
10 72
10 78
10 122
11 1
11 13
11 14
11 17
11 55
11 80
11 88
11 119
11 128
12 10
12 19
12 98
13 2
13 51
13 86
13 104
13 105
13 114
13 133
14 141
15 7
15 25
15 32
15 78
15 82
15 109
15 157
15 158
16 19
16 133
16 155
17 3
17 45
17 97
17 135
18 27
18 155
18 156
19 71
19 117
19 147
19 149
19 157
20 14
20 24
20 35
20 41
20 43
20 61
20 68
20 73
20 77
20 144
21 62
21 128
21 139
22 126
23 16
23 75
23 83
23 84
23 140
24 17
24 31
24 53
24 57
24 72
24 144
25 10
26 53
26 125
27 10
27 55
27 88
27 109
27 111
27 136
27 144
28 3
28 36
28 64
28 75
28 105
28 115
29 25
29 75
29 108
29 115
29 121
29 124
29 150
29 159
30 16
30 53
30 70
30 72
30 148
31 102
31 159
32 0
32 3
32 9
32 21
32 52
32 62
32 83
32 91
32 150
33 5
33 60
33 61
33 81
33 101
33 123
34 8
34 31
34 96
34 103
34 110
34 112
34 119
34 149
35 50
35 70
35 114
35 118
36 2
36 15
36 22
36 38
36 43
36 80
36 83
36 90
36 93
36 144
37 71
37 119
37 133
37 147
38 22
39 30
39 38
39 49
39 56
39 94
39 126
39 146
40 32
40 33
40 50
40 90
40 92
40 106
41 54
41 113
41 124
42 91
42 108
42 110
42 142
43 5
43 49
43 91
44 33
44 152
45 75
45 115
45 150
46 37
46 71
46 72
46 97
46 109
47 35
47 61
47 151
48 11
48 34
48 112
49 44
49 46
49 90
49 93
49 105
49 115
49 127
49 128
51 85
51 146
52 35
52 51
52 145
53 1
53 58
53 63
53 82
53 90
53 128
53 148
54 1
54 20
54 38
54 81
54 92
54 110
54 139
54 150
54 152
55 1
55 6
55 24
55 132
56 17
56 48
56 73
56 84
56 108
56 110
56 150
57 1
57 52
57 53
57 98
57 118
58 21
58 88
58 110
58 117
58 122
59 0
59 50
59 84
59 141
60 10
60 26
60 29
60 104
60 122
60 140
61 34
61 48
61 142
62 7
62 19
62 29
62 36
62 42
62 80
62 99
62 100
62 110
62 134
62 135
62 150
63 2
63 58
63 62
63 107
63 116
64 68
64 148
64 159
65 29
65 67
65 81
65 111
65 121
65 124
66 23
66 31
66 70
66 102
66 130
67 7
67 11
67 20
67 21
67 28
67 44
67 45
67 72
67 106
67 111
67 122
67 136
68 30
68 59
68 119
69 21
69 39
69 80
69 89
69 113
69 147
70 0
70 6
70 29
71 20
71 57
71 153
72 35
72 105
73 88
73 102
73 110
74 14
74 60
74 105
75 16
75 25
75 39
75 68
75 88
75 102
75 105
75 136
76 34
76 59
76 65
76 99
77 43
77 75
77 97
77 111
77 128
78 12
78 21
78 29
78 83
78 112
78 118
78 127
78 142
79 72
79 85
79 126
79 152
80 14
80 18
80 26
80 47
80 63
80 66
80 138
81 13
81 29
81 76
82 0
82 10
82 12
82 75
82 105
82 157
83 5
83 22
83 45
83 79
83 95
84 43
84 50
84 74
84 76
84 92
84 95
84 119
85 18
85 20
85 42
85 43
85 120
85 131
85 133
85 142
86 7
86 22
86 78
86 112
87 9
87 19
87 72
87 84
87 92
87 116
87 124
87 133
87 155
88 3
88 32
89 12
89 31
89 37
89 55
89 81
89 82
89 83
89 96
89 117
90 2
90 7
90 21
91 2
91 44
91 113
92 8
92 16
92 29
92 49
92 66
92 70
92 105
93 31
93 52
93 58
93 61
93 139
95 26
95 55
95 71
95 74
95 77
95 82
96 15
96 40
96 41
96 44
96 68
97 29
97 64
97 72
97 78
97 114
97 129
97 145
98 25
99 71
99 132
99 152
100 48
100 60
100 81
100 87
100 108
100 123
101 31
101 44
101 53
101 92
101 117
102 39
102 100
102 117
103 10
103 23
103 28
103 51
103 60
103 61
103 132
103 134
104 35
104 40
104 46
104 77
104 87
104 156
104 159
105 31
105 100
105 141
106 52
106 83
106 84
106 102
106 109
107 4
107 10
107 33
107 62
107 91
108 26
108 36
108 47
108 98
108 131
109 62
109 75
109 79
109 92
109 97
109 118
110 6
110 7
110 74
110 103
110 118
110 126
111 29
111 43
111 44
111 114
112 60
112 67
112 76
112 94
112 103
112 149
113 3
113 15
113 19
113 108
113 122
113 159
114 38
114 134
114 136
115 13
115 66
115 70
115 90
115 132
115 144
116 3
116 21
116 26
116 76
116 104
116 108
116 150
117 45
117 51
117 112
117 129
117 132
118 11
118 22
118 47
118 48
118 114
118 119
118 136
119 31
119 69
119 98
119 107
119 108
119 153
119 155
119 159
120 113
120 127
120 154
121 8
121 61
121 99
121 112
121 113
121 140
121 151
122 18
122 36
123 8
123 25
123 27
123 38
123 79
123 96
123 99
124 14
124 74
124 106
124 127
124 133
125 109
125 141
125 143
125 144
125 155
126 37
126 56
126 59
126 65
126 72
126 83
126 89
126 101
126 143
127 58
127 105
127 139
127 144
128 3
128 27
128 98
128 104
128 107
128 110
128 134
129 5
129 24
129 69
129 71
129 90
129 93
129 138
130 8
130 9
130 25
130 73
130 116
131 51
131 109
131 132
132 38
132 62
132 84
132 93
132 118
132 137
133 21
133 80
133 125
133 145
133 154
134 10
134 78
134 81
134 92
134 115
134 133
135 20
135 50
135 55
135 57
135 102
136 81
136 132
137 0
137 28
137 35
137 42
138 22
138 54
138 103
138 131
139 20
139 91
139 103
139 120
139 137
139 152
140 7
140 123
141 30
141 42
141 46
141 73
141 99
142 6
142 40
142 105
142 117
142 128
143 69
143 99
143 108
143 159
144 8
144 51
144 73
144 77
144 78
144 86
144 95
144 128
144 137
144 143
145 10
145 25
145 29
145 31
145 46
145 65
145 79
145 83
145 122
145 143
145 149
146 33
146 56
146 88
146 120
147 3
147 6
147 55
147 58
147 154
148 15
148 37
149 62
149 93
149 155
150 50
150 53
150 71
150 81
150 106
150 123
150 126
151 41
151 79
152 22
152 32
152 48
152 52
152 113
152 146
153 67
153 90
153 102
153 111
153 128
154 62
154 63
154 112
154 150
155 21
155 30
155 43
155 49
155 57
155 84
155 140
155 150
156 10
156 27
156 38
156 56
156 76
156 87
157 25
157 121
158 0
158 4
158 27
158 81
158 130
158 131
158 155
159 55
159 61
0 1 2 3 4 5 6
