160 812 7
0 29
0 37
0 67
0 79
0 81
0 103
0 120
0 127
0 128
0 159
1 29
1 75
1 77
1 101
1 110
1 124
2 14
2 15
2 116
2 150
3 18
3 52
3 155
4 2
4 75
4 95
4 126
4 145
4 146
5 25
5 90
5 115
6 19
6 37
6 64
6 71
6 118
6 125
6 129
7 0
7 39
7 64
7 96
7 107
8 6
8 33
8 130
9 13
9 36
9 62
9 109
9 138
9 144
9 154
10 6
10 35
10 45
10 63
10 98
10 112
10 121
10 139
11 6
11 65
11 150
12 4
12 21
12 24
12 73
12 112
12 114
12 137
12 147
12 157
13 49
13 95
13 124
13 139
14 118
14 127
14 142
15 77
15 97
15 99
15 149
15 150
15 157
16 38
16 39
16 47
16 96
16 98
16 139
16 145
17 70
17 83
18 50
18 51
18 61
18 104
18 120
18 123
18 133
19 11
19 16
19 34
19 63
19 93
19 113
19 140
19 147
20 24
20 27
20 126
21 47
21 123
21 158
22 126
23 8
23 52
23 55
23 66
23 85
23 90
23 102
23 128
23 145
23 153
24 133
25 52
25 55
25 91
25 95
25 120
25 142
26 13
26 32
26 80
26 100
26 117
26 124
26 132
27 24
27 90
28 23
28 54
28 82
28 154
29 40
29 86
29 108
29 121
29 143
30 8
30 35
30 60
31 32
31 126
31 144
31 146
31 158
32 61
32 84
32 159
33 24
33 55
33 58
33 73
33 93
34 46
34 53
34 59
34 61
34 68
34 79
34 96
34 112
34 146
35 22
35 51
35 64
35 97
35 152
36 56
36 103
36 110
36 152
37 57
37 79
37 136
37 140
39 64
39 101
40 32
40 62
40 86
40 98
40 115
40 144
40 154
41 2
41 13
41 21
41 88
41 111
41 123
41 136
42 10
42 13
42 79
42 90
43 41
43 47
43 71
43 76
43 153
44 2
44 3
45 25
45 139
46 54
46 87
46 103
47 68
47 72
47 100
47 125
47 150
48 3
48 29
48 72
49 15
49 18
49 43
49 76
49 135
50 10
50 11
50 43
50 94
50 112
50 121
50 147
50 148
52 16
52 18
52 93
52 155
53 73
53 105
53 125
53 134
53 150
54 16
54 22
54 90
54 120
54 141
54 143
54 154
55 11
55 15
55 26
55 68
55 74
55 84
55 114
56 39
56 68
56 74
56 77
56 81
56 113
56 154
57 40
57 70
57 141
58 21
58 78
58 83
58 88
59 8
59 9
59 30
59 42
59 121
59 152
60 48
60 53
60 93
60 100
60 138
61 35
61 46
61 67
61 102
61 110
61 112
61 146
62 45
62 50
62 70
62 72
62 97
62 114
62 145
63 62
63 85
63 99
63 125
63 128
64 27
64 53
64 99
64 105
64 114
64 118
64 135
65 0
65 63
65 85
65 158
66 110
66 148
66 152
67 12
67 26
67 44
67 58
67 97
67 116
68 6
68 10
68 53
68 108
68 117
68 126
68 136
69 28
69 97
70 16
70 23
70 24
70 102
71 27
71 94
71 106
71 129
72 7
72 52
72 60
72 128
73 30
73 59
73 69
73 142
74 3
74 37
74 65
75 61
75 70
75 131
76 59
76 96
76 101
76 111
76 135
77 24
77 103
77 107
77 113
77 143
78 27
78 41
78 70
78 102
78 106
78 148
78 156
79 4
79 40
79 52
79 119
80 22
80 53
80 67
80 126
81 103
81 128
82 11
82 33
82 77
83 1
83 12
83 18
83 30
83 34
83 48
83 94
83 101
83 105
84 53
84 54
84 62
84 77
84 78
84 89
84 122
84 130
84 159
85 0
85 21
85 43
85 137
85 151
85 153
86 20
86 44
86 83
86 90
86 98
86 125
86 151
87 5
87 49
87 89
87 101
87 107
87 115
88 22
88 61
88 131
88 150
89 10
89 16
89 30
89 51
89 58
89 88
90 63
90 82
90 135
91 79
91 86
92 31
92 127
92 147
92 153
93 83
94 10
94 56
95 73
95 104
95 156
96 68
96 128
97 65
97 108
97 129
98 3
98 18
98 20
98 55
98 122
99 11
99 21
99 56
99 60
99 90
99 126
99 151
100 0
100 6
100 9
100 46
100 57
100 71
101 8
101 17
101 33
101 140
101 148
102 7
102 80
102 86
102 147
103 21
103 43
103 76
103 88
103 145
104 13
104 32
104 38
104 41
104 62
104 77
104 83
105 52
105 87
105 104
105 155
106 4
106 9
106 15
106 62
106 75
106 87
106 105
106 154
107 24
107 31
107 120
107 132
108 104
108 135
109 1
109 27
109 32
109 34
109 47
110 48
110 49
110 69
110 70
110 82
110 83
110 91
110 136
111 21
111 45
111 70
111 104
111 156
112 86
112 100
113 4
113 30
113 45
113 55
113 91
113 99
113 107
113 123
114 22
114 23
114 95
114 96
114 132
114 158
115 1
115 26
115 82
115 107
115 118
115 121
116 24
116 30
116 41
116 57
116 76
116 79
116 89
116 118
117 0
117 56
117 92
117 94
117 95
117 109
117 126
117 138
118 10
118 12
118 124
119 29
119 37
119 44
119 123
119 152
119 155
120 9
120 69
120 90
120 115
120 142
120 144
121 8
121 26
121 30
121 70
121 82
121 98
121 119
121 129
121 131
121 132
122 31
122 57
123 20
123 22
123 34
123 83
123 88
123 98
123 136
123 138
123 146
124 4
124 67
124 81
124 88
124 93
125 35
125 64
125 84
125 89
125 105
125 126
125 138
126 7
126 36
126 59
126 64
126 79
126 100
127 22
127 31
127 44
127 140
128 2
128 142
129 122
129 158
130 1
130 19
130 54
130 80
130 144
130 154
131 5
131 11
131 38
131 44
131 76
132 14
132 22
132 34
132 72
132 77
133 72
133 81
133 123
133 159
134 4
134 16
134 61
134 97
134 100
134 147
135 1
135 7
135 20
135 25
135 33
135 43
135 111
135 134
136 7
136 46
136 63
136 67
136 69
136 87
136 88
136 102
136 159
137 27
137 38
137 51
137 68
137 88
137 135
138 36
138 61
138 73
139 24
139 29
139 60
139 112
140 111
141 24
141 25
141 45
141 68
141 98
142 7
142 24
142 51
142 72
142 98
142 117
142 123
142 136
143 9
143 16
143 21
143 52
143 110
143 121
143 156
144 1
144 26
144 39
144 60
144 76
144 80
144 83
144 106
144 131
144 145
145 19
145 120
145 128
145 143
146 47
146 52
146 153
147 55
147 60
147 94
147 144
148 14
148 19
148 23
148 33
148 37
148 55
148 76
148 91
148 94
149 26
149 47
149 69
149 83
149 84
150 7
150 9
150 74
150 102
150 105
150 133
150 134
150 158
150 159
151 81
151 107
151 109
151 150
152 56
152 78
152 131
152 151
152 157
153 7
153 14
153 15
153 24
153 33
153 47
153 113
153 145
153 156
154 23
154 36
154 37
154 41
154 48
154 50
154 52
154 59
154 146
155 27
155 47
155 74
155 84
155 100
155 109
155 115
156 17
156 55
156 73
156 77
156 92
156 120
156 154
157 32
157 37
157 64
157 95
157 121
157 153
158 41
158 155
159 15
159 27
159 54
159 58
159 59
159 91
159 103
159 146
0 1 2 3 4 5 6
