160 283 7
0 55
0 59
0 79
0 142
1 14
1 22
2 144
3 35
3 39
3 68
3 83
4 60
5 25
5 107
5 148
6 2
7 10
7 114
10 143
11 26
12 133
12 148
13 31
13 153
14 120
15 73
15 98
16 32
16 92
17 82
17 117
17 140
17 156
17 157
18 9
18 75
18 123
18 143
19 113
20 78
20 153
21 3
21 110
22 1
22 150
23 19
23 136
24 73
24 94
24 126
25 18
25 90
26 100
27 0
28 50
29 128
30 86
30 87
30 98
32 16
32 153
33 46
33 112
34 75
34 149
36 115
37 45
37 116
38 39
39 3
39 63
40 151
41 30
41 125
42 35
42 116
42 126
43 111
43 114
43 136
46 21
46 48
46 149
47 53
47 134
48 29
49 142
50 19
50 28
50 42
51 6
51 62
51 86
51 154
52 46
53 122
54 80
55 0
55 67
56 79
57 50
57 158
58 14
58 134
58 139
59 7
59 69
59 131
60 4
60 112
62 55
62 101
62 151
63 62
64 85
64 92
65 73
66 61
66 112
68 3
68 138
69 12
69 88
70 102
71 111
71 136
72 0
72 44
73 15
73 65
73 158
74 46
74 152
74 153
75 8
75 34
75 84
76 39
77 142
78 20
78 135
79 0
79 107
80 54
82 17
82 30
82 87
82 141
82 152
83 3
83 144
85 64
85 86
86 15
86 30
87 64
87 82
87 89
87 112
87 125
88 122
88 156
89 104
89 149
91 101
91 119
92 28
92 128
92 154
94 24
95 27
95 66
95 134
96 135
97 90
97 130
98 37
99 57
100 8
101 27
101 62
101 68
101 146
102 70
103 99
103 115
104 41
104 72
105 44
105 93
106 59
109 79
109 91
110 127
111 43
111 54
112 27
112 33
112 60
112 66
112 98
114 51
114 72
114 147
115 16
115 22
115 103
115 150
115 158
117 158
118 127
118 133
118 137
120 16
120 137
121 95
122 148
124 139
125 41
128 108
128 114
129 14
129 101
130 46
130 107
130 145
131 14
131 24
131 73
132 28
133 12
133 106
134 17
135 7
135 96
136 43
136 71
136 101
137 25
137 27
137 118
138 68
138 84
139 12
139 47
139 96
139 116
141 82
141 108
143 18
144 5
144 83
145 38
145 82
145 99
145 130
147 75
147 110
147 114
148 11
148 59
149 81
149 144
151 134
152 18
152 80
152 82
152 91
152 108
152 134
153 13
153 36
153 74
154 51
155 32
155 93
155 102
155 112
156 54
156 88
157 45
158 104
159 123
0 1 2 3 4 5 6
