160 2544 40
0 6
0 14
0 18
0 20
0 24
0 39
0 43
0 49
0 52
0 57
0 58
0 60
0 63
0 76
0 80
0 86
0 99
0 111
0 123
0 130
0 132
0 138
0 152
1 2
1 19
1 33
1 39
1 44
1 50
1 58
1 63
1 87
1 112
1 114
1 125
1 129
1 133
1 135
1 136
1 138
1 146
1 150
2 25
2 55
2 60
2 65
2 71
2 93
2 104
2 117
2 123
2 129
2 139
2 149
3 35
3 36
3 38
3 42
3 61
3 75
3 85
3 90
3 94
3 103
3 104
3 112
3 117
3 121
3 131
3 133
3 142
3 145
3 148
4 0
4 13
4 19
4 46
4 49
4 50
4 58
4 59
4 68
4 77
4 78
4 79
4 110
4 114
4 132
4 138
4 139
4 142
4 154
4 156
5 9
5 26
5 35
5 41
5 43
5 45
5 50
5 51
5 57
5 66
5 79
5 95
5 97
5 126
6 5
6 9
6 24
6 32
6 59
6 70
6 75
6 76
6 101
6 105
6 111
6 116
6 120
6 129
7 6
7 30
7 63
7 67
7 88
7 89
7 91
7 107
7 108
7 114
7 121
7 123
7 128
7 135
8 19
8 48
8 58
8 65
8 71
8 77
8 82
8 87
8 102
8 104
8 112
8 131
8 157
9 11
9 13
9 22
9 30
9 41
9 55
9 59
9 62
9 76
9 79
9 136
9 144
9 152
9 155
9 156
9 159
10 2
10 6
10 7
10 9
10 14
10 23
10 37
10 45
10 47
10 56
10 75
10 87
10 95
10 97
10 121
10 128
10 133
10 143
10 145
11 6
11 8
11 10
11 39
11 43
11 70
11 76
11 84
11 85
11 89
11 91
11 110
11 117
11 123
11 125
11 135
11 144
11 150
11 156
12 1
12 3
12 6
12 7
12 14
12 36
12 74
12 83
12 99
12 105
12 109
12 112
12 120
12 126
12 137
12 149
13 20
13 39
13 48
13 52
13 55
13 60
13 62
13 87
13 120
14 3
14 13
14 23
14 41
14 43
14 44
14 46
14 53
14 66
14 70
14 73
14 75
14 90
14 97
14 99
14 112
14 132
14 135
14 137
14 151
14 159
15 8
15 10
15 20
15 21
15 45
15 59
15 65
15 67
15 81
15 108
15 130
15 143
15 151
16 6
16 13
16 15
16 19
16 27
16 31
16 32
16 48
16 55
16 76
16 92
16 116
16 118
16 124
16 134
16 145
16 154
17 0
17 3
17 6
17 7
17 11
17 21
17 28
17 31
17 36
17 50
17 58
17 61
17 63
17 64
17 66
17 74
17 77
17 98
17 99
17 112
17 125
17 146
18 4
18 8
18 26
18 40
18 62
18 73
18 80
18 98
18 116
18 118
18 119
18 126
18 157
19 2
19 12
19 15
19 18
19 33
19 58
19 60
19 74
19 95
19 100
19 101
19 111
19 123
19 132
19 149
20 1
20 7
20 19
20 21
20 61
20 65
20 72
20 95
20 100
20 106
20 113
20 118
20 121
20 123
20 124
20 134
20 147
20 151
20 158
21 1
21 24
21 36
21 40
21 56
21 66
21 115
21 149
21 154
21 158
22 2
22 5
22 15
22 20
22 49
22 53
22 61
22 65
22 66
22 81
22 101
22 103
22 155
22 156
23 18
23 30
23 40
23 104
23 109
23 124
23 127
23 136
23 154
24 2
24 9
24 16
24 19
24 20
24 29
24 36
24 40
24 42
24 44
24 73
24 91
24 99
24 101
24 106
24 112
24 130
24 135
24 136
24 140
24 156
24 157
25 5
25 16
25 24
25 27
25 43
25 47
25 68
25 82
25 88
25 98
25 102
25 107
25 123
25 125
25 136
25 143
26 0
26 6
26 11
26 19
26 44
26 57
26 65
26 76
26 88
26 90
26 94
26 95
26 132
26 142
26 147
26 151
27 1
27 19
27 20
27 21
27 28
27 44
27 45
27 67
27 70
27 84
27 99
27 101
27 104
27 115
27 118
27 123
27 134
27 144
28 2
28 4
28 7
28 12
28 13
28 18
28 24
28 50
28 65
28 69
28 70
28 74
28 88
28 90
28 92
28 94
28 98
28 99
28 118
28 127
28 133
28 135
28 137
28 140
28 144
28 154
29 0
29 2
29 10
29 15
29 22
29 25
29 26
29 32
29 33
29 63
29 80
29 85
29 98
29 99
29 100
29 113
29 115
29 127
29 136
29 155
30 18
30 52
30 54
30 57
30 58
30 60
30 63
30 64
30 82
30 99
30 100
30 105
30 112
30 122
30 125
30 131
30 133
30 140
30 144
30 156
31 21
31 23
31 34
31 62
31 63
31 75
31 79
31 85
31 98
31 99
31 107
31 117
32 11
32 14
32 26
32 41
32 62
32 71
32 78
32 81
32 93
32 97
32 102
32 114
32 117
32 126
32 133
33 8
33 10
33 12
33 35
33 37
33 52
33 82
33 84
33 90
33 99
33 102
33 104
33 110
33 111
33 125
33 142
33 143
33 148
33 150
33 156
34 4
34 27
34 40
34 57
34 58
34 71
34 81
34 92
34 98
34 110
34 112
34 114
34 115
34 116
34 129
34 147
34 148
34 149
34 153
34 159
35 1
35 6
35 13
35 19
35 24
35 34
35 37
35 53
35 54
35 59
35 91
35 100
35 113
35 114
35 115
35 122
35 142
36 18
36 32
36 45
36 47
36 56
36 65
36 75
36 81
36 87
36 88
36 95
36 99
36 107
36 113
36 122
36 124
36 129
36 130
36 135
36 136
37 3
37 22
37 54
37 62
37 64
37 75
37 77
37 83
37 100
37 126
37 154
37 159
38 17
38 20
38 27
38 30
38 35
38 36
38 43
38 53
38 61
38 62
38 70
38 89
38 95
38 114
38 124
38 126
38 132
38 139
38 140
38 142
39 4
39 7
39 14
39 24
39 25
39 32
39 37
39 49
39 53
39 65
39 73
39 84
39 122
39 123
39 152
39 155
40 0
40 2
40 8
40 16
40 17
40 25
40 26
40 30
40 55
40 56
40 74
40 94
40 113
40 117
40 143
41 4
41 13
41 22
41 51
41 80
41 85
41 92
41 131
41 132
42 8
42 9
42 12
42 20
42 25
42 32
42 52
42 57
42 90
42 96
42 98
42 110
42 113
42 124
42 134
42 139
42 147
42 149
42 159
43 21
43 23
43 36
43 46
43 50
43 62
43 66
43 72
43 99
43 100
43 105
43 134
43 138
43 151
43 153
43 158
44 7
44 8
44 12
44 15
44 16
44 20
44 23
44 30
44 32
44 46
44 59
44 62
44 72
44 86
44 93
44 95
44 97
44 100
44 118
44 121
44 127
44 130
44 132
44 133
44 150
44 154
45 20
45 26
45 60
45 62
45 71
45 72
45 76
45 89
45 91
45 94
45 97
45 137
45 146
45 148
46 9
46 10
46 22
46 42
46 49
46 67
46 80
46 83
46 88
46 90
46 110
46 115
46 126
46 146
46 155
47 3
47 7
47 21
47 31
47 41
47 46
47 60
47 63
47 69
47 75
47 78
47 99
47 105
47 112
47 129
48 6
48 12
48 31
48 39
48 43
48 51
48 54
48 55
48 58
48 63
48 66
48 70
48 76
48 90
48 96
48 105
48 120
48 124
48 135
48 137
48 138
48 143
48 148
48 151
48 152
48 155
49 6
49 8
49 14
49 21
49 27
49 28
49 43
49 61
49 62
49 69
49 76
49 82
49 85
49 89
49 101
49 122
49 158
50 6
50 22
50 34
50 46
50 61
50 73
50 80
50 82
50 103
50 105
50 115
50 122
50 125
50 129
50 133
51 3
51 7
51 12
51 21
51 32
51 52
51 84
51 101
51 111
51 119
51 144
51 158
52 6
52 16
52 18
52 22
52 57
52 79
52 98
52 100
52 103
52 105
52 113
52 117
52 126
52 133
52 149
53 17
53 30
53 42
53 54
53 62
53 70
53 75
53 77
53 78
53 79
53 93
53 145
53 149
54 9
54 17
54 21
54 27
54 31
54 41
54 47
54 51
54 63
54 66
54 68
54 86
54 90
54 92
54 102
54 105
54 111
54 122
54 130
54 134
55 3
55 12
55 20
55 29
55 30
55 38
55 43
55 54
55 64
55 72
55 80
55 99
55 107
55 112
55 140
55 142
56 1
56 4
56 6
56 43
56 51
56 54
56 55
56 72
56 76
56 82
56 91
56 102
56 122
56 123
56 124
56 126
56 132
56 155
56 158
57 7
57 11
57 15
57 21
57 22
57 35
57 51
57 64
57 79
57 83
57 101
57 104
57 106
57 138
57 139
57 143
57 144
57 152
57 154
57 156
58 23
58 114
58 126
58 128
58 130
58 149
59 17
59 42
59 47
59 78
59 87
59 101
59 107
59 109
59 120
59 123
59 126
59 130
59 132
60 5
60 6
60 21
60 22
60 29
60 32
60 52
60 61
60 64
60 76
60 79
60 101
60 103
60 107
60 117
60 121
60 134
60 139
61 24
61 43
61 66
61 67
61 83
61 89
61 94
61 98
61 110
61 115
61 121
61 133
61 138
61 141
61 144
62 3
62 6
62 30
62 48
62 52
62 77
62 80
62 81
62 111
62 121
62 129
62 138
62 145
62 157
62 158
63 6
63 38
63 42
63 43
63 45
63 53
63 62
63 66
63 70
63 72
63 74
63 89
63 96
63 100
63 137
63 148
63 149
64 25
64 27
64 33
64 46
64 63
64 74
64 77
64 78
64 91
64 96
64 99
64 108
64 111
64 116
64 132
64 145
64 149
64 153
65 3
65 4
65 23
65 31
65 56
65 60
65 64
65 71
65 80
65 82
65 83
65 91
65 101
65 121
65 125
65 135
65 151
65 158
66 11
66 33
66 46
66 65
66 100
66 108
66 109
66 119
66 121
66 125
66 127
66 146
67 1
67 12
67 32
67 56
67 65
67 70
67 76
67 95
67 96
67 97
67 114
67 122
67 128
67 139
67 146
67 150
67 153
68 2
68 3
68 12
68 14
68 19
68 26
68 29
68 33
68 34
68 38
68 39
68 48
68 63
68 72
68 86
68 100
68 120
68 121
68 125
68 129
68 135
68 144
68 147
69 15
69 20
69 42
69 64
69 68
69 81
69 86
69 96
69 105
69 128
70 0
70 4
70 22
70 41
70 44
70 47
70 49
70 60
70 64
70 77
70 79
70 96
70 100
70 111
70 114
70 126
70 138
70 139
71 10
71 11
71 13
71 17
71 27
71 54
71 87
71 90
71 97
71 117
71 119
71 141
71 144
72 12
72 21
72 37
72 40
72 48
72 58
72 73
72 80
72 82
72 85
72 93
72 111
72 117
72 135
72 153
72 156
73 15
73 20
73 26
73 42
73 52
73 53
73 67
73 76
73 78
73 82
73 83
73 85
73 115
73 121
73 133
73 143
73 147
73 155
73 156
74 4
74 15
74 22
74 60
74 61
74 68
74 81
74 84
74 94
74 97
74 118
74 120
74 130
74 138
74 142
74 151
75 5
75 27
75 41
75 55
75 61
75 78
75 83
75 107
75 114
75 116
75 121
75 156
76 8
76 19
76 21
76 30
76 33
76 39
76 53
76 63
76 65
76 70
76 104
76 106
76 109
76 111
76 119
76 121
76 146
76 147
77 9
77 40
77 49
77 52
77 61
77 66
77 68
77 85
77 92
77 113
77 128
77 137
77 139
77 151
77 152
77 157
78 13
78 43
78 63
78 74
78 79
78 91
78 97
78 102
78 103
78 109
78 125
78 136
78 144
78 146
79 0
79 12
79 29
79 33
79 58
79 69
79 73
79 81
79 84
79 91
79 117
79 119
79 125
79 127
79 128
79 138
79 142
79 155
79 159
80 6
80 15
80 19
80 36
80 38
80 40
80 61
80 73
80 83
80 85
80 89
80 90
80 96
80 113
80 119
80 138
81 1
81 2
81 4
81 5
81 13
81 18
81 27
81 54
81 56
81 57
81 64
81 78
81 82
81 104
81 122
81 124
81 149
81 150
81 153
82 13
82 15
82 26
82 29
82 31
82 53
82 68
82 76
82 108
82 116
82 139
82 156
83 0
83 18
83 29
83 40
83 49
83 67
83 68
83 72
83 76
83 81
83 86
83 90
83 103
83 105
83 109
83 110
83 141
83 153
84 1
84 13
84 24
84 29
84 38
84 45
84 47
84 50
84 73
84 103
84 107
85 1
85 8
85 13
85 20
85 22
85 30
85 32
85 40
85 42
85 46
85 61
85 63
85 75
85 93
85 110
85 135
85 139
85 157
86 17
86 23
86 26
86 30
86 32
86 35
86 50
86 51
86 62
86 71
86 74
86 78
86 88
86 100
86 112
86 129
86 134
86 138
86 150
86 154
87 0
87 14
87 26
87 50
87 64
87 78
87 79
87 84
87 94
87 96
87 101
87 106
87 111
87 113
87 127
87 135
87 137
87 145
87 146
87 153
88 45
88 60
88 63
88 75
88 78
88 89
88 95
88 101
88 103
88 107
88 118
88 126
88 140
88 151
88 158
89 0
89 2
89 8
89 9
89 30
89 33
89 54
89 66
89 74
89 90
89 107
89 114
89 118
89 128
89 129
89 142
89 144
90 13
90 22
90 36
90 51
90 82
90 85
90 91
90 99
90 108
90 126
90 146
90 147
90 154
91 0
91 16
91 26
91 31
91 44
91 46
91 48
91 80
91 81
91 96
91 105
91 111
91 114
91 117
91 122
91 129
91 132
91 137
92 3
92 4
92 7
92 20
92 23
92 30
92 36
92 42
92 56
92 60
92 79
92 80
92 84
92 88
92 89
92 93
92 95
92 99
92 111
92 126
92 154
93 17
93 18
93 21
93 38
93 48
93 52
93 71
93 76
93 78
93 100
93 102
93 109
93 111
93 114
93 138
93 143
93 145
94 2
94 9
94 11
94 18
94 20
94 37
94 49
94 50
94 51
94 57
94 62
94 78
94 80
94 88
94 103
94 118
94 124
94 125
94 134
94 148
94 158
95 12
95 16
95 17
95 23
95 28
95 31
95 46
95 60
95 75
95 76
95 106
95 116
95 121
95 133
95 138
95 153
96 18
96 21
96 22
96 37
96 50
96 51
96 54
96 68
96 101
96 110
96 128
96 138
96 141
96 146
96 152
96 153
96 155
97 3
97 4
97 11
97 13
97 35
97 48
97 54
97 118
97 123
97 124
97 133
97 142
97 143
98 0
98 7
98 22
98 40
98 41
98 45
98 48
98 78
98 80
98 94
98 125
98 129
98 134
99 18
99 38
99 46
99 50
99 54
99 56
99 74
99 89
99 110
99 146
99 158
99 159
100 13
100 31
100 54
100 57
100 67
100 72
100 76
100 77
100 89
100 110
100 111
100 115
100 117
100 119
100 123
100 129
100 152
101 20
101 29
101 33
101 39
101 55
101 70
101 72
101 85
101 121
101 127
101 142
101 158
102 12
102 24
102 38
102 40
102 71
102 84
102 94
102 106
102 117
102 124
102 138
102 151
103 14
103 18
103 26
103 29
103 31
103 37
103 39
103 59
103 63
103 104
103 143
103 145
103 149
103 150
103 152
104 10
104 55
104 77
104 86
104 126
104 135
104 138
104 140
104 145
105 25
105 31
105 35
105 38
105 70
105 71
105 96
105 101
105 102
105 108
105 111
105 115
105 130
105 133
105 137
105 145
105 148
105 150
105 155
106 14
106 23
106 28
106 35
106 44
106 51
106 54
106 89
106 107
106 140
106 141
106 144
106 147
107 5
107 30
107 37
107 46
107 49
107 53
107 73
107 86
107 96
107 97
107 110
107 112
107 134
107 137
107 148
107 153
107 157
107 158
108 3
108 4
108 8
108 12
108 20
108 32
108 35
108 39
108 47
108 54
108 57
108 81
108 111
108 117
108 124
108 131
108 135
108 139
108 148
108 153
108 157
108 158
108 159
109 15
109 16
109 19
109 20
109 27
109 33
109 52
109 55
109 70
109 75
109 104
109 112
109 114
109 135
109 157
110 2
110 24
110 31
110 47
110 49
110 52
110 65
110 71
110 73
110 98
110 104
110 144
111 7
111 18
111 31
111 32
111 52
111 83
111 86
111 113
111 118
111 120
111 121
111 127
111 146
111 152
111 156
112 7
112 18
112 37
112 40
112 48
112 66
112 71
112 74
112 95
112 99
112 117
112 134
113 14
113 22
113 27
113 39
113 62
113 66
113 67
113 70
113 83
113 92
113 108
113 110
113 130
113 137
113 157
114 0
114 6
114 14
114 15
114 28
114 51
114 71
114 74
114 79
114 86
114 137
115 8
115 11
115 13
115 71
115 80
115 83
115 86
115 116
115 120
115 126
115 132
115 133
115 150
116 21
116 35
116 39
116 46
116 51
116 62
116 70
116 77
116 83
116 85
116 87
116 104
116 126
116 130
116 149
116 150
117 8
117 19
117 29
117 39
117 44
117 45
117 49
117 53
117 66
117 121
117 124
117 129
117 135
117 145
117 149
117 155
118 5
118 19
118 29
118 101
118 126
118 153
119 0
119 1
119 10
119 11
119 14
119 43
119 56
119 60
119 68
119 92
119 95
119 96
119 109
119 118
119 126
119 129
119 145
119 154
120 15
120 34
120 60
120 62
120 91
120 102
120 112
120 116
120 121
120 137
120 145
120 147
120 155
121 2
121 6
121 18
121 23
121 36
121 38
121 40
121 48
121 99
121 122
121 123
121 133
121 144
121 153
122 3
122 4
122 7
122 10
122 12
122 16
122 23
122 27
122 58
122 75
122 88
122 94
122 97
122 123
122 126
122 129
122 130
123 5
123 8
123 32
123 38
123 41
123 46
123 66
123 70
123 89
123 102
123 112
123 134
123 135
124 3
124 26
124 37
124 39
124 41
124 45
124 51
124 54
124 61
124 65
124 78
124 89
124 99
124 114
124 121
124 127
124 148
125 0
125 8
125 27
125 35
125 39
125 43
125 51
125 52
125 58
125 61
125 71
125 119
125 136
125 140
125 145
125 159
126 1
126 7
126 8
126 16
126 25
126 29
126 40
126 43
126 48
126 50
126 76
126 107
126 110
126 123
126 124
126 131
126 132
126 140
126 154
127 9
127 21
127 26
127 39
127 42
127 62
127 72
127 78
127 88
127 90
127 105
127 112
127 115
127 120
127 134
127 148
128 17
128 18
128 19
128 26
128 40
128 68
128 70
128 73
128 74
128 80
128 85
128 93
128 99
128 111
128 123
128 152
129 3
129 8
129 11
129 17
129 20
129 29
129 39
129 40
129 44
129 53
129 74
129 80
129 93
129 105
129 111
129 118
129 127
129 146
129 155
130 12
130 21
130 23
130 25
130 30
130 47
130 64
130 65
130 72
130 95
130 100
130 103
130 106
130 120
130 145
130 146
130 149
130 150
130 153
130 156
130 159
131 10
131 11
131 19
131 36
131 48
131 51
131 68
131 71
131 73
131 97
131 103
131 105
131 112
131 127
131 129
131 141
131 156
132 11
132 15
132 22
132 29
132 35
132 42
132 49
132 54
132 66
132 81
132 92
132 135
132 144
132 149
132 155
133 2
133 26
133 38
133 41
133 51
133 62
133 64
133 83
133 90
133 102
133 103
133 104
133 109
133 116
133 130
133 144
134 0
134 6
134 9
134 28
134 45
134 46
134 52
134 58
134 72
134 104
134 110
134 111
134 114
134 117
134 139
134 140
134 153
135 20
135 22
135 25
135 32
135 37
135 39
135 43
135 53
135 56
135 58
135 61
135 67
135 69
135 73
135 120
135 131
135 149
136 0
136 4
136 12
136 17
136 38
136 63
136 84
136 85
136 89
136 92
136 114
136 121
136 132
136 135
136 144
136 150
136 152
136 157
136 158
137 8
137 30
137 37
137 38
137 51
137 54
137 59
137 121
137 129
137 133
137 135
137 147
137 149
138 12
138 13
138 19
138 20
138 23
138 28
138 29
138 30
138 36
138 37
138 73
138 76
138 84
138 103
138 112
138 115
138 117
138 124
138 144
138 153
139 0
139 1
139 22
139 75
139 81
139 99
139 102
139 126
139 131
139 132
139 137
139 153
140 0
140 3
140 10
140 12
140 19
140 43
140 50
140 53
140 60
140 64
140 65
140 79
140 81
140 95
140 98
140 110
140 131
140 137
140 141
140 142
140 145
140 159
141 7
141 23
141 42
141 48
141 54
141 57
141 78
141 117
141 130
141 132
141 133
141 135
141 136
141 157
142 2
142 8
142 21
142 24
142 25
142 34
142 47
142 63
142 71
142 73
142 90
142 94
142 95
142 105
142 111
142 118
142 119
142 120
142 127
142 128
142 129
142 149
142 150
143 27
143 32
143 55
143 59
143 75
143 86
143 116
143 119
143 136
143 149
144 21
144 77
144 82
144 84
144 102
144 108
144 113
144 122
144 128
144 145
145 4
145 31
145 40
145 43
145 52
145 82
145 88
145 89
145 95
145 112
145 122
145 129
145 141
145 147
145 149
145 153
146 7
146 10
146 12
146 18
146 34
146 35
146 38
146 51
146 81
146 82
146 121
146 125
146 143
147 8
147 24
147 39
147 40
147 45
147 47
147 57
147 65
147 67
147 69
147 74
147 80
147 92
147 95
147 97
147 98
147 108
147 115
147 116
147 117
147 134
147 140
148 1
148 5
148 17
148 39
148 49
148 65
148 74
148 79
148 85
148 90
148 91
148 111
148 112
148 119
148 125
148 130
148 137
148 146
148 150
148 156
149 10
149 31
149 47
149 57
149 65
149 70
149 83
149 115
149 121
149 126
149 127
150 4
150 41
150 45
150 50
150 100
150 122
150 134
150 138
150 146
150 149
150 153
151 1
151 10
151 17
151 23
151 37
151 46
151 63
151 76
151 79
151 84
151 87
151 98
151 122
151 128
152 1
152 6
152 13
152 17
152 29
152 62
152 80
152 84
152 91
152 124
152 126
152 138
152 151
153 0
153 4
153 13
153 49
153 71
153 89
153 116
153 128
153 140
154 11
154 14
154 31
154 41
154 48
154 50
154 51
154 59
154 82
154 85
154 109
154 110
154 116
154 128
154 151
155 10
155 11
155 12
155 15
155 17
155 47
155 59
155 70
155 85
155 98
155 119
155 123
155 125
156 1
156 15
156 16
156 31
156 32
156 52
156 58
156 61
156 62
156 83
156 85
156 93
156 103
156 116
156 125
156 149
156 159
157 1
157 14
157 19
157 22
157 38
157 39
157 43
157 72
157 79
157 96
157 119
157 121
157 137
158 23
158 39
158 40
158 41
158 44
158 77
158 98
158 139
158 159
159 15
159 21
159 30
159 44
159 54
159 66
159 75
159 86
159 96
159 119
159 122
159 126
159 143
0 1 2 3 4 5 6 7 8 9 10 11 12 13 14 15 16 17 18 19 20 21 22 23 24 25 26 27 28 29 30 31 32 33 34 35 36 37 38 39
