160 2544 24
0 12
0 17
0 41
0 43
0 44
0 56
0 72
0 78
0 82
0 88
0 94
0 95
0 96
0 100
0 109
0 116
0 135
0 149
1 9
1 15
1 19
1 24
1 42
1 47
1 65
1 85
1 106
1 110
1 114
1 119
1 135
2 0
2 10
2 18
2 31
2 57
2 62
2 63
2 65
2 72
2 82
2 92
2 99
2 137
2 158
3 11
3 19
3 27
3 31
3 37
3 53
3 69
3 70
3 75
3 82
3 106
3 109
3 121
3 123
3 133
3 153
3 159
4 10
4 19
4 26
4 29
4 33
4 34
4 46
4 73
4 79
4 103
4 106
4 109
4 114
4 121
4 141
4 142
4 143
4 145
4 146
4 158
5 23
5 26
5 32
5 55
5 60
5 63
5 67
5 74
5 82
5 99
5 110
5 118
5 129
5 135
5 140
5 156
5 159
6 9
6 12
6 14
6 33
6 44
6 58
6 61
6 72
6 82
6 125
6 135
7 25
7 49
7 50
7 57
7 63
7 76
7 83
7 87
7 88
7 94
8 1
8 11
8 31
8 33
8 47
8 54
8 58
8 71
8 77
8 102
8 104
8 109
8 119
8 123
9 8
9 13
9 46
9 58
9 59
9 72
9 81
9 82
9 87
9 90
9 93
9 109
9 143
9 155
9 158
9 159
10 11
10 28
10 32
10 52
10 71
10 72
10 81
10 96
10 130
10 134
10 137
10 142
10 144
10 146
10 155
11 1
11 4
11 9
11 16
11 26
11 32
11 59
11 61
11 74
11 77
11 78
11 80
11 116
11 121
11 126
11 139
11 147
12 5
12 7
12 9
12 51
12 56
12 89
12 99
12 103
12 111
12 115
12 116
12 123
12 142
13 8
13 12
13 15
13 30
13 46
13 50
13 56
13 78
13 84
13 102
13 137
13 149
13 154
14 32
14 39
14 41
14 52
14 60
14 74
14 82
14 101
14 133
14 139
14 149
14 156
14 158
15 7
15 16
15 53
15 68
15 105
15 114
15 116
15 117
15 123
15 128
15 132
15 137
15 138
15 140
15 147
15 153
15 154
16 22
16 48
16 50
16 54
16 61
16 70
16 89
16 90
16 115
16 120
16 128
16 131
16 149
16 154
17 8
17 9
17 16
17 19
17 27
17 33
17 55
17 82
17 84
17 86
17 107
17 112
17 113
17 124
17 158
18 10
18 15
18 24
18 36
18 39
18 44
18 47
18 52
18 55
18 58
18 66
18 75
18 91
18 96
18 101
18 104
18 112
18 129
18 135
18 154
18 155
18 157
18 159
19 15
19 29
19 64
19 81
19 87
19 93
19 111
19 154
20 6
20 8
20 15
20 36
20 38
20 44
20 72
20 80
20 102
20 108
20 111
20 120
20 129
20 131
20 138
20 143
21 1
21 4
21 7
21 12
21 28
21 44
21 72
21 83
21 146
21 149
21 157
22 1
22 5
22 11
22 48
22 54
22 60
22 79
22 88
22 94
22 96
22 99
22 107
22 133
22 139
22 147
22 148
23 11
23 43
23 49
23 77
23 89
23 133
23 156
23 157
24 3
24 20
24 22
24 26
24 43
24 60
24 71
24 78
24 79
24 88
24 104
24 109
24 128
24 133
24 148
24 159
25 8
25 16
25 19
25 21
25 22
25 23
25 52
25 63
25 91
25 94
25 109
25 142
26 7
26 17
26 19
26 23
26 25
26 34
26 41
26 48
26 55
26 57
26 62
26 70
26 79
26 104
26 121
26 147
26 150
27 1
27 14
27 15
27 19
27 37
27 42
27 45
27 71
27 72
27 73
27 100
27 104
27 107
27 108
27 113
27 132
27 134
27 143
27 151
28 7
28 12
28 16
28 24
28 25
28 29
28 45
28 64
28 88
28 99
28 104
28 119
28 133
28 137
28 156
29 3
29 8
29 20
29 21
29 30
29 59
29 68
29 72
29 73
29 75
29 80
29 88
29 105
29 109
29 119
29 121
29 122
29 127
29 138
29 140
29 150
30 3
30 4
30 9
30 24
30 28
30 31
30 50
30 55
30 63
30 69
30 73
30 77
30 78
30 89
30 93
30 95
30 99
30 104
30 108
30 112
30 120
30 134
30 141
30 146
30 147
30 148
30 152
30 153
31 20
31 25
31 38
31 59
31 71
31 76
31 77
31 78
31 108
31 112
31 118
31 136
32 9
32 31
32 38
32 66
32 71
32 81
32 97
32 104
32 115
32 117
32 130
32 159
33 18
33 24
33 32
33 40
33 51
33 67
33 69
33 71
33 74
33 76
33 86
33 91
33 93
33 97
33 112
33 116
33 133
33 134
33 144
34 50
34 51
34 66
34 78
34 127
34 139
34 147
34 150
34 156
34 159
35 3
35 12
35 13
35 25
35 48
35 50
35 69
35 71
35 85
35 87
35 110
35 111
35 121
35 143
35 144
35 157
36 6
36 13
36 16
36 24
36 38
36 47
36 55
36 59
36 64
36 67
36 68
36 70
36 73
36 74
36 78
36 93
36 110
36 113
36 120
36 126
36 131
36 132
36 140
36 144
36 154
36 159
37 0
37 18
37 19
37 25
37 40
37 63
37 83
37 92
37 93
37 97
37 117
37 121
37 140
37 144
38 3
38 14
38 22
38 45
38 52
38 60
38 85
38 93
38 95
38 106
38 123
38 141
38 142
38 146
38 149
38 153
39 5
39 28
39 44
39 48
39 59
39 76
39 84
39 89
39 97
39 101
39 110
39 118
39 129
39 137
39 140
39 157
39 158
39 159
40 1
40 17
40 25
40 26
40 29
40 67
40 72
40 74
40 85
40 129
40 155
40 158
41 7
41 9
41 12
41 21
41 28
41 31
41 42
41 43
41 57
41 60
41 66
41 74
41 86
41 106
41 109
41 118
41 121
41 158
41 159
42 5
42 19
42 24
42 25
42 50
42 63
42 82
42 86
42 98
42 107
42 148
42 156
43 10
43 15
43 19
43 29
43 34
43 62
43 63
43 100
43 103
43 112
43 134
44 13
44 29
44 32
44 38
44 43
44 51
44 54
44 68
44 89
44 102
44 108
44 120
44 137
44 140
45 1
45 26
45 30
45 36
45 37
45 43
45 49
45 57
45 99
45 103
45 115
45 118
45 128
45 140
45 150
45 152
46 10
46 21
46 38
46 41
46 45
46 54
46 61
46 66
46 72
46 102
46 119
46 125
46 127
46 132
46 134
46 137
46 151
47 10
47 11
47 22
47 55
47 66
47 68
47 73
47 76
47 80
47 81
47 86
47 93
47 96
47 98
47 102
47 103
47 114
47 115
47 116
47 143
47 147
47 152
47 154
48 12
48 19
48 50
48 80
48 86
48 89
48 90
48 95
48 103
48 104
48 106
48 113
48 137
48 146
48 149
48 159
49 0
49 63
49 68
49 70
49 80
49 88
49 109
49 116
49 129
49 138
49 149
50 2
50 4
50 17
50 18
50 32
50 43
50 44
50 45
50 56
50 57
50 61
50 75
50 76
50 78
50 80
50 90
50 100
50 132
50 139
50 142
50 143
50 150
50 151
50 156
51 1
51 17
51 24
51 30
51 54
51 58
51 76
51 104
51 109
51 119
51 132
51 134
51 135
51 152
51 157
52 5
52 15
52 51
52 54
52 59
52 62
52 70
52 71
52 72
52 78
52 92
52 129
52 138
52 145
53 49
53 69
53 88
53 89
53 91
53 93
53 101
53 136
53 141
53 146
53 148
53 149
53 157
53 158
54 5
54 15
54 19
54 21
54 23
54 38
54 76
54 96
54 130
54 136
55 0
55 9
55 24
55 27
55 29
55 34
55 49
55 50
55 54
55 62
55 98
55 107
55 119
55 138
55 149
55 152
55 156
56 6
56 14
56 36
56 40
56 44
56 47
56 57
56 72
56 78
56 91
56 92
56 114
56 119
56 124
56 129
56 137
56 151
56 152
56 153
57 19
57 22
57 32
57 42
57 43
57 66
57 94
57 110
57 133
57 135
57 136
57 158
58 31
58 35
58 42
58 43
58 49
58 67
58 70
58 85
58 86
58 107
58 108
58 112
58 120
58 132
58 136
58 150
58 151
58 154
59 23
59 26
59 27
59 34
59 47
59 51
59 56
59 58
59 62
59 67
59 70
59 88
59 92
59 94
59 101
59 117
59 121
59 127
59 128
59 135
59 137
59 143
59 145
59 147
59 153
59 156
60 2
60 15
60 25
60 31
60 42
60 45
60 53
60 82
60 92
60 93
60 100
60 101
60 121
60 136
61 5
61 7
61 15
61 31
61 34
61 43
61 51
61 52
61 54
61 57
61 63
61 65
61 66
61 72
61 91
61 92
61 94
61 114
61 120
61 129
61 138
61 145
61 148
61 154
61 155
62 12
62 24
62 29
62 35
62 60
62 63
62 67
62 78
62 99
62 100
62 113
62 135
62 149
62 150
62 153
63 4
63 6
63 14
63 26
63 28
63 41
63 44
63 56
63 68
63 100
63 101
63 104
63 125
63 127
63 138
63 144
63 152
63 159
64 5
64 39
64 68
64 69
64 81
64 96
64 108
64 110
64 119
64 133
64 146
64 148
64 153
65 3
65 8
65 11
65 15
65 41
65 48
65 73
65 80
65 89
65 95
65 112
65 118
65 124
65 138
65 140
66 1
66 14
66 19
66 23
66 24
66 33
66 44
66 53
66 70
66 92
66 98
66 100
66 112
66 118
66 123
66 137
66 139
66 141
66 150
66 152
66 158
67 8
67 16
67 18
67 31
67 44
67 48
67 71
67 82
67 88
67 95
67 102
67 103
67 114
67 128
67 149
67 151
67 152
67 156
68 16
68 56
68 61
68 65
68 84
68 88
68 94
68 101
68 131
68 133
68 147
68 148
68 150
69 6
69 45
69 47
69 55
69 70
69 85
69 99
69 105
69 109
69 118
69 130
69 136
69 137
69 140
70 0
70 6
70 13
70 15
70 32
70 37
70 57
70 93
70 98
70 102
70 123
70 130
70 139
70 143
71 3
71 18
71 19
71 20
71 41
71 50
71 61
71 73
71 98
71 104
71 118
71 121
71 131
71 147
71 158
71 159
72 4
72 16
72 32
72 54
72 58
72 63
72 65
72 66
72 77
72 98
72 109
72 112
72 115
72 116
72 131
72 139
72 142
72 148
73 17
73 20
73 23
73 28
73 33
73 39
73 41
73 49
73 70
73 77
73 86
73 108
73 118
73 123
73 139
73 141
73 152
74 1
74 6
74 17
74 19
74 22
74 23
74 34
74 58
74 92
74 93
74 99
74 106
74 123
74 125
74 126
74 140
74 142
74 156
75 12
75 13
75 14
75 25
75 35
75 45
75 76
75 88
75 91
75 108
75 117
75 118
75 147
75 156
76 21
76 22
76 29
76 34
76 53
76 57
76 58
76 61
76 94
76 111
76 118
76 141
77 6
77 15
77 20
77 40
77 41
77 50
77 52
77 54
77 55
77 66
77 98
77 109
77 114
77 115
77 124
77 128
77 139
77 158
78 14
78 23
78 33
78 40
78 53
78 65
78 66
78 73
78 75
78 106
78 110
78 123
78 125
78 126
78 134
78 137
78 138
79 1
79 3
79 9
79 28
79 29
79 33
79 37
79 51
79 74
79 84
79 89
79 90
79 96
79 114
79 151
79 154
79 155
80 14
80 15
80 18
80 38
80 45
80 59
80 75
80 81
80 82
80 88
80 97
80 98
80 107
80 114
80 124
80 138
80 148
80 154
81 16
81 24
81 44
81 50
81 51
81 52
81 76
81 83
81 86
81 94
81 97
81 110
81 132
81 148
81 156
82 18
82 19
82 20
82 27
82 38
82 58
82 83
82 93
82 107
82 118
82 121
82 122
82 124
82 134
82 149
82 150
82 152
82 155
82 156
82 157
83 9
83 23
83 38
83 44
83 53
83 54
83 62
83 70
83 78
83 89
83 110
83 118
83 126
83 130
83 142
83 148
84 7
84 10
84 11
84 27
84 28
84 36
84 44
84 59
84 62
84 65
84 98
84 104
84 111
84 118
84 126
84 135
84 141
84 153
85 5
85 47
85 55
85 57
85 64
85 74
85 75
85 84
85 102
85 103
85 107
85 121
85 122
85 123
85 139
85 141
85 145
85 157
86 11
86 14
86 57
86 59
86 63
86 66
86 90
86 92
86 97
86 116
86 125
87 24
87 25
87 48
87 56
87 68
87 71
87 73
87 79
87 91
87 99
87 142
87 153
87 158
88 9
88 27
88 35
88 41
88 44
88 45
88 58
88 61
88 87
88 101
88 115
88 121
88 123
88 142
88 149
88 153
88 156
89 40
89 50
89 62
89 82
89 100
89 110
89 114
89 118
89 121
89 123
89 125
89 130
90 4
90 12
90 14
90 24
90 28
90 31
90 68
90 71
90 72
90 84
90 92
90 94
90 97
90 103
90 107
90 113
90 116
90 137
90 142
90 145
90 158
91 1
91 2
91 7
91 8
91 29
91 44
91 49
91 55
91 57
91 74
91 85
91 93
91 106
91 118
91 132
91 138
91 149
92 5
92 17
92 49
92 64
92 67
92 80
92 101
92 121
92 122
92 131
92 134
92 139
92 148
93 13
93 16
93 21
93 24
93 41
93 42
93 43
93 46
93 58
93 59
93 71
93 80
93 95
93 99
93 106
93 107
93 122
93 123
93 127
93 128
93 130
93 133
93 139
93 143
93 159
94 6
94 18
94 33
94 46
94 47
94 60
94 69
94 78
94 85
94 93
94 108
94 114
94 115
94 125
94 126
94 134
94 141
94 149
95 3
95 5
95 34
95 35
95 54
95 68
95 81
95 107
95 111
95 112
95 113
95 117
95 118
95 133
95 137
95 139
95 156
96 13
96 20
96 23
96 25
96 43
96 61
96 71
96 92
96 98
96 115
96 116
96 118
96 130
96 136
96 149
97 3
97 13
97 20
97 35
97 44
97 55
97 62
97 65
97 67
97 74
97 82
97 91
97 92
97 116
97 125
97 141
97 151
97 158
98 2
98 7
98 9
98 10
98 20
98 27
98 30
98 34
98 39
98 67
98 74
98 103
98 107
98 121
98 123
98 127
98 130
98 135
98 142
98 145
99 0
99 7
99 8
99 14
99 17
99 24
99 31
99 36
99 42
99 48
99 49
99 55
99 56
99 76
99 80
99 81
99 92
99 122
99 127
99 128
99 142
99 143
99 145
100 16
100 34
100 38
100 54
100 79
100 88
100 92
100 102
100 103
100 107
100 127
100 155
100 159
101 2
101 7
101 33
101 44
101 45
101 54
101 84
101 86
101 102
101 112
101 117
101 125
101 126
101 127
101 128
101 129
101 142
101 152
101 156
101 159
102 24
102 34
102 48
102 55
102 65
102 71
102 88
102 108
102 119
102 122
102 138
102 149
103 6
103 20
103 23
103 29
103 40
103 41
103 62
103 74
103 83
103 86
103 99
103 107
103 117
103 141
103 142
103 143
103 146
103 150
104 0
104 14
104 22
104 29
104 33
104 60
104 73
104 78
104 81
104 83
104 86
104 88
104 95
104 98
104 115
104 134
104 139
104 143
104 146
104 148
104 155
104 158
105 3
105 13
105 21
105 27
105 30
105 43
105 51
105 81
105 98
105 126
105 139
105 141
105 144
105 149
105 154
105 157
106 6
106 8
106 16
106 30
106 69
106 76
106 84
106 104
106 119
106 154
106 155
106 157
107 21
107 41
107 47
107 49
107 62
107 64
107 114
107 120
107 129
107 151
107 157
108 2
108 13
108 15
108 17
108 38
108 41
108 62
108 66
108 81
108 85
108 91
108 98
108 128
108 129
108 131
108 134
108 135
108 143
108 148
108 156
108 158
109 2
109 22
109 26
109 32
109 58
109 93
109 100
109 117
109 143
109 147
109 157
110 0
110 9
110 28
110 33
110 42
110 53
110 59
110 66
110 68
110 90
110 100
110 113
110 115
110 119
110 121
110 126
110 137
110 159
111 15
111 29
111 46
111 51
111 56
111 81
111 104
111 121
111 124
111 125
111 127
111 142
112 10
112 29
112 42
112 50
112 59
112 61
112 68
112 69
112 71
112 79
112 84
112 86
112 121
112 130
112 134
112 140
113 34
113 46
113 47
113 63
113 75
113 79
113 86
113 88
113 89
113 93
113 100
113 104
113 118
113 125
113 130
113 135
113 159
114 2
114 13
114 31
114 36
114 52
114 57
114 66
114 88
114 96
114 112
114 118
114 123
114 132
114 143
114 154
115 1
115 21
115 22
115 29
115 31
115 53
115 54
115 56
115 58
115 83
115 97
115 105
115 113
115 124
115 148
115 152
116 2
116 4
116 23
116 25
116 31
116 67
116 70
116 73
116 94
116 100
116 113
116 121
116 122
116 134
116 135
116 136
116 139
117 0
117 5
117 6
117 8
117 9
117 20
117 24
117 28
117 38
117 42
117 50
117 74
117 82
117 84
117 104
117 111
117 132
117 150
117 158
118 3
118 10
118 24
118 42
118 43
118 46
118 53
118 68
118 80
118 102
118 104
118 112
118 116
118 129
118 134
119 16
119 24
119 43
119 49
119 59
119 61
119 65
119 68
119 93
119 94
119 103
119 105
119 116
119 120
119 121
119 148
119 151
120 11
120 13
120 18
120 34
120 51
120 72
120 77
120 78
120 79
120 96
120 113
120 115
120 116
120 129
120 140
120 156
120 158
121 0
121 12
121 44
121 48
121 58
121 67
121 78
121 79
121 80
121 84
121 86
121 87
121 127
121 136
121 137
121 155
122 7
122 12
122 17
122 21
122 31
122 43
122 46
122 50
122 53
122 58
122 72
122 79
122 84
122 100
122 110
122 113
122 115
122 118
122 148
122 158
123 5
123 14
123 28
123 32
123 33
123 49
123 54
123 58
123 97
123 102
123 113
123 128
123 131
123 136
123 139
124 5
124 6
124 9
124 35
124 40
124 43
124 55
124 76
124 85
124 87
124 92
124 93
124 95
124 119
124 123
124 146
124 150
125 10
125 11
125 13
125 17
125 20
125 21
125 28
125 48
125 50
125 66
125 90
125 95
125 99
125 109
125 110
125 116
125 122
125 141
125 145
125 150
125 151
126 2
126 15
126 24
126 55
126 102
126 119
126 120
126 127
126 149
126 151
127 3
127 4
127 35
127 75
127 81
127 84
127 86
127 112
127 129
127 147
128 20
128 21
128 34
128 35
128 40
128 56
128 66
128 72
128 73
128 76
128 80
128 87
128 88
128 90
128 116
128 125
128 136
128 155
129 0
129 3
129 6
129 19
129 34
129 35
129 44
129 48
129 63
129 66
129 69
129 77
129 78
129 87
129 88
129 91
129 106
129 131
130 2
130 13
130 31
130 34
130 35
130 49
130 56
130 57
130 64
130 65
130 79
130 84
130 85
130 92
130 115
130 126
130 129
130 136
131 9
131 11
131 30
131 37
131 38
131 46
131 50
131 51
131 53
131 54
131 58
131 64
131 79
131 82
131 85
131 87
131 110
131 118
131 122
131 137
131 138
131 148
131 153
131 158
132 0
132 3
132 13
132 23
132 28
132 29
132 38
132 41
132 53
132 63
132 77
132 88
132 118
132 120
132 148
132 149
132 151
133 13
133 16
133 48
133 70
133 78
133 85
133 97
133 99
133 116
133 134
133 154
133 158
134 15
134 16
134 21
134 23
134 25
134 34
134 39
134 66
134 68
134 103
134 113
134 120
134 126
134 128
134 140
134 148
134 152
135 2
135 14
135 23
135 25
135 32
135 44
135 47
135 55
135 63
135 67
135 69
135 73
135 92
135 128
135 129
135 130
135 137
136 29
136 32
136 40
136 55
136 63
136 71
136 73
136 81
136 113
136 146
136 150
136 151
136 159
137 4
137 7
137 23
137 120
137 155
138 2
138 16
138 19
138 33
138 43
138 89
138 101
138 103
138 105
138 107
138 108
138 116
138 126
138 128
138 133
138 145
138 149
138 151
139 3
139 4
139 8
139 12
139 18
139 32
139 61
139 62
139 74
139 84
139 100
139 101
139 103
139 109
139 124
139 126
139 142
139 146
139 152
140 4
140 9
140 18
140 38
140 41
140 49
140 57
140 82
140 124
140 127
140 133
140 147
141 9
141 27
141 42
141 45
141 52
141 56
141 60
141 62
141 87
141 124
141 129
141 133
141 135
141 154
142 1
142 3
142 20
142 30
142 41
142 44
142 59
142 60
142 68
142 76
142 105
142 110
142 114
142 151
142 153
142 157
143 12
143 18
143 23
143 29
143 44
143 58
143 63
143 66
143 75
143 76
143 78
143 88
143 100
143 102
143 125
143 130
143 144
143 146
143 154
144 4
144 17
144 19
144 26
144 31
144 40
144 42
144 62
144 70
144 86
144 87
144 94
144 101
144 113
144 116
144 128
144 130
144 131
144 134
144 137
144 142
144 147
144 150
144 156
145 13
145 24
145 44
145 46
145 76
145 95
145 124
145 128
145 130
145 144
146 15
146 23
146 34
146 39
146 45
146 73
146 78
146 82
146 88
146 94
146 134
146 135
146 137
146 145
146 153
147 8
147 10
147 16
147 19
147 46
147 110
147 123
147 130
147 131
147 134
147 154
148 20
148 25
148 32
148 40
148 48
148 55
148 74
148 100
148 142
148 143
148 155
148 158
149 1
149 2
149 33
149 40
149 50
149 57
149 66
149 71
149 100
149 113
149 117
149 119
149 125
149 139
149 143
150 7
150 9
150 11
150 21
150 43
150 46
150 64
150 79
150 99
150 101
150 102
150 123
150 139
150 151
151 2
151 13
151 19
151 29
151 44
151 51
151 78
151 95
151 98
151 100
151 112
151 129
151 130
151 137
151 140
151 154
151 156
152 1
152 3
152 4
152 6
152 9
152 16
152 28
152 48
152 49
152 52
152 58
152 64
152 72
152 97
152 110
152 111
152 121
152 122
152 124
152 150
153 48
153 58
153 72
153 92
153 95
153 97
153 102
153 122
153 159
154 0
154 6
154 8
154 9
154 24
154 25
154 38
154 59
154 72
154 74
154 94
154 97
154 103
154 111
154 119
154 130
154 131
154 142
154 146
155 16
155 39
155 50
155 53
155 54
155 68
155 73
155 83
155 86
155 87
155 110
155 120
155 136
156 6
156 9
156 25
156 30
156 35
156 64
156 68
156 80
156 84
156 97
156 98
156 99
156 114
156 119
156 136
156 137
156 154
156 159
157 10
157 15
157 16
157 34
157 68
157 73
157 87
157 94
157 116
157 123
157 153
157 158
158 16
158 34
158 42
158 45
158 58
158 59
158 82
158 84
158 88
158 93
158 150
159 1
159 19
159 46
159 54
159 73
159 112
159 118
159 137
159 139
159 151
159 155
0 1 2 3 4 5 6 7 8 9 10 11 12 13 14 15 16 17 18 19 20 21 22 23
