160 2544 7
0 6
0 11
0 24
0 30
0 36
0 56
0 73
0 76
0 88
0 100
0 105
0 110
0 112
0 117
0 122
0 136
1 15
1 24
1 40
1 44
1 45
1 56
1 62
1 66
1 81
1 107
1 116
1 123
1 127
1 138
1 140
1 153
1 157
2 7
2 23
2 34
2 58
2 62
2 64
2 76
2 93
2 114
2 150
2 156
2 157
3 0
3 10
3 14
3 27
3 35
3 42
3 51
3 53
3 67
3 81
3 105
3 107
3 147
3 148
4 20
4 65
4 69
4 70
4 74
4 93
4 99
4 108
4 113
4 114
4 140
4 143
5 11
5 19
5 22
5 33
5 45
5 67
5 68
5 72
5 77
5 82
5 85
5 93
5 95
5 102
5 125
5 131
5 156
6 20
6 23
6 27
6 42
6 46
6 55
6 69
6 72
6 73
6 75
6 77
6 98
6 102
6 107
6 116
6 122
6 136
6 139
7 4
7 17
7 25
7 90
7 92
7 130
7 136
7 137
7 158
8 6
8 19
8 20
8 36
8 55
8 58
8 62
8 118
8 144
8 147
8 148
8 149
8 151
9 1
9 8
9 15
9 20
9 30
9 31
9 38
9 54
9 55
9 75
9 84
9 95
9 100
9 101
9 108
9 120
9 132
9 140
9 141
9 144
10 26
10 43
10 56
10 59
10 60
10 63
10 65
10 80
10 83
10 93
10 98
10 105
10 145
10 148
10 155
11 16
11 17
11 25
11 51
11 58
11 79
11 80
11 104
11 106
11 115
11 116
11 127
11 129
11 139
11 141
11 151
12 3
12 9
12 18
12 26
12 70
12 71
12 77
12 81
12 86
12 87
12 91
12 94
12 104
12 123
12 139
12 141
12 152
12 154
12 155
13 2
13 18
13 21
13 43
13 86
13 106
13 110
13 125
13 132
13 136
13 138
13 146
13 154
14 18
14 37
14 48
14 55
14 56
14 60
14 73
14 82
14 110
14 138
14 159
15 14
15 45
15 70
15 75
15 78
15 88
15 93
15 100
15 101
15 109
15 121
15 124
15 127
15 142
16 3
16 10
16 12
16 14
16 15
16 22
16 23
16 33
16 35
16 43
16 71
16 72
16 84
16 93
16 106
16 117
16 139
16 144
16 153
17 19
17 23
17 71
17 82
17 86
17 90
17 99
17 110
17 118
17 134
17 157
18 25
18 37
18 44
18 47
18 49
18 58
18 60
18 77
18 78
18 94
18 113
18 126
18 131
18 136
18 139
18 148
18 150
19 7
19 10
19 31
19 32
19 50
19 51
19 65
19 109
19 124
19 138
19 147
19 148
20 3
20 19
20 43
20 81
20 88
20 90
20 98
20 112
20 137
20 156
21 14
21 15
21 23
21 27
21 50
21 51
21 52
21 56
21 69
21 80
21 86
21 102
21 157
21 159
22 30
22 45
22 54
22 60
22 66
22 68
22 70
22 80
22 84
22 89
22 118
22 119
22 129
22 137
22 154
22 156
23 0
23 7
23 49
23 65
23 97
23 136
23 137
23 141
24 22
24 23
24 26
24 40
24 51
24 58
24 59
24 67
24 81
24 97
24 109
24 113
24 122
24 127
25 10
25 21
25 37
25 47
25 55
25 57
25 66
25 108
25 132
25 150
25 153
26 9
26 34
26 36
26 40
26 59
26 64
26 70
26 75
26 81
26 93
26 95
26 111
26 115
26 136
26 142
26 148
26 159
27 9
27 18
27 25
27 28
27 41
27 49
27 50
27 54
27 55
27 62
27 75
27 80
27 88
27 104
27 126
27 133
27 134
27 150
28 25
28 32
28 35
28 38
28 55
28 74
28 85
28 86
28 87
28 95
28 113
28 115
28 124
28 126
28 139
28 143
28 147
28 157
29 3
29 12
29 46
29 58
29 65
29 72
29 83
29 106
29 107
29 110
29 114
29 116
29 121
29 125
29 126
29 128
29 140
29 147
29 159
30 2
30 10
30 19
30 42
30 43
30 60
30 69
30 96
30 97
30 105
30 110
30 114
30 132
30 139
30 158
31 4
31 34
31 36
31 38
31 62
31 67
31 85
31 89
31 100
31 128
31 140
31 151
31 152
31 157
32 13
32 14
32 21
32 24
32 35
32 38
32 60
32 86
32 87
32 94
32 97
32 115
32 132
32 147
32 154
33 1
33 41
33 52
33 58
33 68
33 80
33 82
33 90
33 92
33 95
33 114
33 115
33 154
34 6
34 14
34 17
34 22
34 24
34 27
34 32
34 45
34 87
34 101
34 104
34 108
34 114
34 132
34 140
34 142
35 9
35 23
35 34
35 48
35 51
35 61
35 71
35 81
35 86
35 92
35 124
35 127
35 129
35 130
35 143
35 149
36 6
36 7
36 10
36 11
36 28
36 34
36 43
36 44
36 45
36 58
36 59
36 61
36 65
36 66
36 90
36 101
36 106
36 118
36 119
36 123
36 125
36 129
36 133
36 144
36 147
36 149
36 156
37 3
37 12
37 29
37 33
37 41
37 46
37 49
37 50
37 61
37 66
37 70
37 115
37 128
37 131
37 134
38 1
38 16
38 21
38 22
38 26
38 42
38 46
38 47
38 56
38 81
38 96
38 102
38 106
38 108
38 116
38 133
38 135
38 139
38 153
39 5
39 6
39 13
39 18
39 29
39 33
39 54
39 56
39 64
39 68
39 70
39 79
39 82
39 100
39 101
39 123
39 140
39 144
39 159
40 13
40 22
40 35
40 37
40 53
40 55
40 69
40 87
40 101
40 104
40 105
40 140
40 145
40 149
41 10
41 12
41 20
41 47
41 65
41 73
41 82
41 89
41 95
41 121
41 142
41 145
42 1
42 16
42 20
42 24
42 25
42 36
42 41
42 45
42 65
42 73
42 80
42 97
42 104
42 144
42 147
43 9
43 14
43 24
43 65
43 83
43 96
43 98
43 103
43 127
43 151
43 152
44 22
44 23
44 31
44 46
44 70
44 100
44 101
44 116
44 134
44 137
44 149
44 156
45 14
45 76
45 81
45 91
45 98
45 99
45 101
45 120
45 121
45 125
45 126
45 127
45 128
45 136
46 0
46 10
46 16
46 32
46 34
46 43
46 54
46 57
46 64
46 68
46 72
46 76
46 100
46 112
46 124
46 126
46 130
46 138
46 141
46 145
46 148
46 154
47 3
47 5
47 6
47 8
47 23
47 31
47 54
47 60
47 63
47 65
47 80
47 85
47 89
47 96
47 97
47 98
47 102
47 118
47 125
47 127
47 138
47 141
47 153
48 7
48 23
48 43
48 44
48 56
48 57
48 58
48 66
48 80
48 83
48 88
48 94
48 114
48 117
48 118
48 128
48 133
49 1
49 13
49 34
49 48
49 56
49 62
49 88
49 92
49 112
49 120
49 122
49 124
49 128
49 131
49 143
50 12
50 23
50 25
50 26
50 47
50 51
50 75
50 76
50 86
50 88
50 93
50 108
50 115
50 117
50 126
50 141
51 12
51 25
51 53
51 65
51 82
51 88
51 117
51 144
51 146
51 148
52 0
52 5
52 45
52 46
52 50
52 54
52 55
52 71
52 79
52 93
52 96
52 98
52 102
52 121
52 133
52 152
52 158
53 4
53 48
53 65
53 76
53 94
53 106
53 113
53 116
53 119
53 148
53 152
53 153
54 1
54 13
54 14
54 18
54 21
54 34
54 42
54 49
54 51
54 57
54 58
54 80
54 86
54 108
54 146
55 11
55 13
55 38
55 41
55 46
55 66
55 101
55 108
55 150
56 5
56 6
56 16
56 42
56 64
56 66
56 97
56 105
56 110
56 113
56 118
56 153
57 7
57 17
57 20
57 21
57 35
57 40
57 55
57 63
57 69
57 72
57 79
57 98
57 102
57 111
57 115
57 123
57 126
57 127
57 142
58 1
58 22
58 25
58 30
58 43
58 69
58 72
58 84
58 85
58 87
58 111
58 131
58 133
58 146
59 5
59 9
59 19
59 28
59 41
59 43
59 44
59 66
59 71
59 73
59 82
59 102
59 123
59 127
59 138
59 148
60 1
60 3
60 9
60 13
60 34
60 45
60 53
60 56
60 58
60 65
60 76
60 79
60 80
60 85
60 86
60 94
60 95
60 109
60 114
60 122
60 125
60 127
60 146
61 8
61 10
61 19
61 20
61 22
61 27
61 29
61 55
61 58
61 64
61 65
61 67
61 77
61 95
61 106
61 107
61 109
61 117
61 126
61 139
61 147
61 158
62 9
62 22
62 42
62 63
62 64
62 73
62 80
62 81
62 84
62 105
62 115
62 117
62 134
62 145
63 1
63 4
63 13
63 24
63 28
63 38
63 44
63 51
63 82
63 86
63 93
63 97
63 108
63 119
63 135
63 142
64 13
64 19
64 23
64 24
64 54
64 75
64 82
64 99
64 110
64 111
64 115
64 125
64 127
64 130
64 146
64 152
65 0
65 8
65 9
65 17
65 33
65 39
65 46
65 58
65 62
65 81
65 96
65 106
65 107
65 108
65 109
65 110
65 135
66 45
66 89
66 94
66 95
66 105
66 112
66 113
66 118
66 138
66 145
66 150
66 154
67 20
67 21
67 37
67 55
67 57
67 59
67 74
67 80
67 89
67 93
67 107
67 118
67 155
67 159
68 3
68 6
68 10
68 12
68 19
68 31
68 40
68 47
68 48
68 56
68 62
68 71
68 88
68 97
68 98
68 129
68 135
68 137
68 149
69 9
69 12
69 23
69 24
69 28
69 34
69 44
69 45
69 48
69 67
69 72
69 74
69 78
69 79
69 83
69 89
69 110
69 111
69 115
69 127
69 149
69 151
70 1
70 32
70 47
70 53
70 59
70 74
70 78
70 80
70 92
70 101
70 109
70 147
70 153
71 4
71 20
71 29
71 50
71 53
71 65
71 72
71 76
71 78
71 110
71 118
71 121
71 125
71 136
71 144
71 148
72 8
72 11
72 12
72 13
72 21
72 28
72 35
72 41
72 82
72 83
72 85
72 93
72 95
72 98
72 112
72 120
72 141
72 150
73 21
73 35
73 38
73 56
73 58
73 65
73 76
73 98
73 103
73 117
73 126
73 135
73 138
73 146
73 149
73 153
73 157
73 158
73 159
74 5
74 12
74 23
74 24
74 26
74 29
74 35
74 40
74 57
74 58
74 62
74 79
74 84
74 113
74 116
74 119
74 120
74 129
74 136
74 142
74 151
74 156
75 10
75 40
75 44
75 51
75 53
75 60
75 93
75 98
75 103
75 119
75 122
75 133
75 150
75 158
75 159
76 10
76 16
76 17
76 24
76 31
76 32
76 33
76 79
76 86
76 93
76 114
76 132
76 145
76 146
76 147
76 157
76 159
77 4
77 9
77 11
77 13
77 16
77 19
77 26
77 32
77 36
77 41
77 48
77 50
77 88
77 90
77 98
77 105
77 106
77 123
77 146
77 147
77 148
77 149
78 28
78 33
78 48
78 51
78 57
78 62
78 84
78 93
78 107
78 114
78 131
78 132
79 8
79 9
79 12
79 15
79 24
79 33
79 41
79 45
79 46
79 56
79 65
79 77
79 82
79 104
79 111
79 124
79 128
79 129
79 145
79 155
80 9
80 34
80 44
80 49
80 50
80 61
80 75
80 88
80 91
80 124
80 143
80 144
80 147
80 153
80 154
81 9
81 17
81 19
81 25
81 41
81 59
81 60
81 68
81 103
81 115
81 120
81 133
81 134
81 139
81 144
81 150
81 154
82 7
82 18
82 19
82 21
82 38
82 40
82 50
82 60
82 73
82 76
82 86
82 91
82 95
82 105
82 134
82 159
83 5
83 8
83 16
83 27
83 31
83 40
83 50
83 60
83 68
83 70
83 88
83 89
83 103
83 106
83 128
83 143
83 145
84 3
84 8
84 14
84 21
84 27
84 33
84 41
84 43
84 50
84 51
84 52
84 77
84 88
84 92
84 112
84 132
84 137
84 138
85 25
85 27
85 32
85 69
85 73
85 83
85 91
85 94
85 105
85 116
85 121
85 125
85 131
85 136
85 140
85 147
86 5
86 7
86 31
86 49
86 72
86 97
86 99
86 111
86 140
86 146
86 159
87 41
87 48
87 91
87 96
87 118
87 130
87 132
87 135
87 136
87 144
88 3
88 22
88 25
88 31
88 38
88 67
88 72
88 86
88 96
88 97
88 98
88 99
88 100
88 104
88 106
88 136
88 139
89 18
89 39
89 48
89 64
89 73
89 101
89 104
89 127
89 137
90 5
90 11
90 38
90 46
90 60
90 73
90 87
90 89
90 93
90 100
90 127
90 128
90 129
90 140
90 147
90 158
91 1
91 2
91 7
91 17
91 19
91 31
91 40
91 47
91 49
91 53
91 56
91 59
91 67
91 68
91 102
91 119
91 120
91 144
91 153
91 156
91 158
92 9
92 16
92 23
92 31
92 40
92 53
92 75
92 80
92 86
92 88
92 103
92 104
92 115
92 120
92 122
92 137
92 140
92 146
92 148
93 19
93 27
93 40
93 43
93 48
93 53
93 58
93 65
93 71
93 97
93 104
93 105
93 107
93 108
93 117
93 122
93 130
93 131
93 144
94 8
94 23
94 33
94 34
94 64
94 77
94 90
94 102
94 106
94 110
94 124
94 129
94 139
94 141
94 158
95 8
95 15
95 20
95 22
95 30
95 32
95 54
95 57
95 69
95 98
95 99
95 109
95 122
95 124
95 127
95 130
95 131
95 132
95 139
95 142
95 149
95 159
96 7
96 14
96 34
96 42
96 48
96 64
96 66
96 70
96 74
96 93
96 94
96 101
96 109
96 129
96 136
96 137
96 138
96 143
97 12
97 13
97 14
97 17
97 21
97 34
97 36
97 40
97 60
97 62
97 82
97 105
97 107
97 114
97 127
97 132
97 136
97 154
98 1
98 14
98 23
98 35
98 44
98 46
98 60
98 61
98 86
98 89
98 102
98 103
98 115
98 119
98 137
98 146
98 147
98 149
98 154
98 159
99 3
99 28
99 29
99 35
99 43
99 56
99 75
99 76
99 77
99 104
99 107
99 122
99 127
100 4
100 10
100 17
100 20
100 34
100 62
100 66
100 73
100 74
100 78
100 80
100 97
100 106
100 115
100 130
100 140
100 144
100 149
101 20
101 24
101 54
101 113
101 118
101 122
101 124
101 159
102 12
102 14
102 70
102 76
102 77
102 87
102 114
102 115
102 120
102 129
102 136
102 147
102 148
102 152
103 1
103 7
103 24
103 34
103 42
103 59
103 61
103 99
103 125
103 145
103 146
103 151
103 153
103 156
104 5
104 9
104 24
104 73
104 75
104 78
104 81
104 84
104 86
104 97
104 106
104 107
104 114
104 116
104 117
104 127
104 139
104 140
104 144
104 146
104 156
104 157
105 23
105 24
105 27
105 31
105 35
105 45
105 55
105 57
105 58
105 71
105 74
105 80
105 83
105 99
105 121
105 128
105 143
105 149
106 7
106 12
106 18
106 23
106 39
106 43
106 49
106 54
106 55
106 89
106 102
106 105
106 115
106 126
106 135
106 140
106 150
107 2
107 14
107 36
107 45
107 89
107 90
107 106
107 150
108 11
108 48
108 71
108 77
108 106
108 113
108 115
108 116
108 121
108 122
108 132
108 134
108 149
109 13
109 33
109 69
109 75
109 89
109 110
109 115
109 123
109 127
109 128
109 133
109 135
109 138
109 145
109 149
109 153
110 5
110 18
110 28
110 61
110 68
110 82
110 91
110 111
110 123
110 139
110 140
110 141
110 142
110 144
110 145
110 148
110 156
111 1
111 22
111 39
111 46
111 48
111 50
111 54
111 72
111 75
111 85
111 98
111 120
111 121
111 125
111 127
111 150
111 152
111 155
111 156
111 158
112 21
112 23
112 27
112 33
112 57
112 59
112 60
112 65
112 75
112 88
112 93
112 94
112 98
112 99
112 119
112 121
112 128
112 137
113 19
113 35
113 51
113 62
113 82
113 84
113 92
113 96
113 98
113 124
113 139
113 141
113 144
113 158
114 6
114 20
114 31
114 52
114 59
114 66
114 68
114 75
114 81
114 87
114 89
114 95
114 115
114 126
114 140
114 142
114 149
115 25
115 87
115 124
115 146
116 0
116 13
116 25
116 30
116 43
116 46
116 66
116 75
116 77
116 78
116 87
116 94
116 102
116 103
116 105
116 114
116 117
116 123
116 139
116 140
116 147
116 148
116 153
117 14
117 49
117 79
117 88
117 95
117 100
117 115
117 118
117 140
117 150
118 0
118 4
118 5
118 49
118 50
118 58
118 69
118 70
118 89
118 90
118 93
118 109
118 114
118 126
118 139
118 144
119 2
119 6
119 8
119 14
119 15
119 17
119 28
119 47
119 51
119 56
119 71
119 83
119 85
119 117
119 126
119 132
119 133
119 144
120 2
120 5
120 19
120 28
120 34
120 35
120 44
120 63
120 66
120 70
120 85
120 95
120 103
120 104
120 114
120 127
120 132
120 139
120 149
121 9
121 24
121 42
121 43
121 46
121 47
121 57
121 64
121 65
121 98
121 103
121 113
121 116
121 125
121 132
121 143
121 150
121 153
122 16
122 18
122 19
122 20
122 28
122 59
122 64
122 79
122 85
122 89
122 90
122 105
122 115
122 130
122 148
122 158
123 7
123 10
123 21
123 24
123 30
123 31
123 38
123 45
123 54
123 68
123 69
123 74
123 96
123 103
123 112
123 114
123 121
123 124
123 125
123 135
123 138
123 142
123 151
124 12
124 20
124 41
124 48
124 77
124 88
124 100
124 133
124 135
124 137
124 140
124 145
125 4
125 7
125 21
125 27
125 42
125 44
125 49
125 52
125 53
125 66
125 68
125 75
125 80
125 82
125 104
125 112
125 119
125 122
125 150
126 2
126 10
126 16
126 43
126 44
126 53
126 70
126 78
126 80
126 90
126 95
126 125
126 130
126 135
126 142
126 145
126 149
126 152
127 21
127 37
127 53
127 74
127 88
127 117
127 118
127 122
127 144
127 145
127 149
127 151
128 0
128 2
128 8
128 10
128 14
128 35
128 46
128 63
128 74
128 75
128 80
128 82
128 89
128 93
128 103
128 116
128 120
128 127
128 136
128 156
129 4
129 7
129 8
129 25
129 26
129 34
129 41
129 42
129 56
129 78
129 104
129 135
129 158
130 8
130 24
130 26
130 28
130 37
130 42
130 45
130 71
130 80
130 81
130 84
130 111
130 118
130 121
130 127
130 155
130 156
131 7
131 11
131 13
131 15
131 16
131 27
131 41
131 42
131 45
131 55
131 63
131 80
131 83
131 90
131 99
131 112
131 115
131 126
131 130
131 142
131 143
131 151
131 157
131 158
132 1
132 11
132 19
132 24
132 37
132 43
132 47
132 54
132 63
132 79
132 104
132 126
132 128
132 142
132 156
133 6
133 61
133 67
133 77
133 103
133 107
133 130
133 147
133 151
133 157
134 7
134 30
134 32
134 33
134 48
134 58
134 64
134 74
134 76
134 87
134 91
134 107
134 117
134 124
134 133
135 7
135 8
135 23
135 28
135 53
135 57
135 58
135 69
135 78
135 88
135 105
135 114
135 115
135 118
135 122
135 139
135 141
135 149
135 157
135 158
136 14
136 20
136 29
136 35
136 53
136 73
136 79
136 81
136 86
136 90
136 94
136 116
136 126
136 131
136 134
136 141
136 157
137 28
137 30
137 58
137 59
137 66
137 72
137 79
137 86
137 97
137 99
137 103
137 109
137 113
137 115
137 116
137 119
137 125
137 130
137 151
138 9
138 16
138 22
138 27
138 31
138 37
138 44
138 49
138 51
138 56
138 67
138 81
138 88
138 100
138 103
138 110
138 130
138 131
138 141
138 144
138 145
138 147
138 153
139 0
139 2
139 27
139 44
139 48
139 68
139 90
139 96
139 102
139 123
139 153
140 10
140 11
140 21
140 25
140 50
140 52
140 74
140 77
140 81
140 96
140 97
140 102
140 103
140 108
140 127
140 128
140 129
140 138
140 142
140 145
141 0
141 13
141 15
141 17
141 42
141 62
141 65
141 71
141 73
141 74
141 88
141 89
141 101
141 107
141 117
141 137
141 149
141 150
142 6
142 9
142 12
142 22
142 31
142 40
142 44
142 45
142 55
142 76
142 80
142 92
142 101
142 105
142 125
142 137
142 154
142 155
142 159
143 2
143 16
143 20
143 21
143 38
143 43
143 63
143 74
143 82
143 88
143 90
143 111
143 122
143 126
143 127
143 128
143 140
143 151
144 1
144 2
144 17
144 24
144 53
144 66
144 70
144 76
144 86
144 90
144 99
144 123
144 125
144 128
144 131
144 143
145 1
145 2
145 3
145 9
145 44
145 55
145 58
145 68
145 86
145 94
145 118
145 119
145 133
145 136
145 137
145 142
145 146
145 148
145 151
146 1
146 12
146 16
146 30
146 43
146 46
146 55
146 71
146 79
146 95
146 120
146 121
146 124
146 129
146 150
147 12
147 16
147 18
147 21
147 23
147 24
147 48
147 66
147 67
147 99
147 112
147 118
147 119
147 122
147 130
147 154
147 158
148 11
148 30
148 38
148 42
148 44
148 55
148 75
148 98
148 108
148 124
148 125
148 141
148 155
148 157
149 1
149 5
149 13
149 19
149 24
149 33
149 37
149 54
149 112
149 121
149 123
149 139
149 146
150 3
150 14
150 15
150 26
150 30
150 34
150 36
150 87
150 93
150 105
150 110
150 114
150 116
150 127
150 135
150 143
150 153
151 9
151 13
151 16
151 26
151 27
151 29
151 67
151 75
151 78
151 82
151 86
151 87
151 93
151 122
151 129
151 139
151 154
152 2
152 14
152 23
152 25
152 59
152 60
152 61
152 63
152 72
152 86
152 101
152 106
152 107
152 121
152 134
152 149
152 155
153 0
153 2
153 14
153 15
153 18
153 23
153 26
153 27
153 29
153 33
153 40
153 44
153 76
153 108
153 123
153 127
153 135
153 149
154 2
154 4
154 6
154 42
154 43
154 59
154 70
154 71
154 92
154 105
154 120
154 157
155 19
155 37
155 39
155 43
155 57
155 63
155 94
155 102
155 104
155 107
155 129
155 136
156 15
156 16
156 21
156 26
156 51
156 55
156 70
156 73
156 85
156 96
156 112
156 114
156 140
156 144
156 153
157 9
157 12
157 13
157 19
157 23
157 42
157 43
157 44
157 54
157 57
157 61
157 64
157 87
157 93
157 151
157 159
158 8
158 36
158 45
158 66
158 74
158 77
158 123
158 128
158 137
158 146
159 3
159 6
159 12
159 23
159 27
159 43
159 81
159 89
159 121
159 129
159 132
159 133
159 139
159 151
159 153
0 1 2 3 4 5 6
