160 812 40
0 23
0 30
0 46
0 52
0 65
0 100
0 112
0 118
1 9
1 24
1 40
1 58
1 98
1 140
1 157
2 139
2 154
3 10
3 68
3 88
4 7
4 93
5 39
5 52
5 68
6 0
6 20
6 69
6 73
6 98
6 122
6 142
7 136
8 9
8 19
8 62
8 83
8 95
8 119
8 128
8 144
9 55
9 62
10 43
10 93
10 126
11 17
11 79
11 106
11 139
11 148
12 26
12 29
12 50
12 72
12 97
12 104
12 141
12 155
13 64
13 138
13 141
13 146
13 154
14 48
14 54
14 82
14 84
14 110
15 21
15 45
15 88
15 131
15 142
15 153
16 10
16 12
16 33
16 92
16 93
16 117
16 131
16 139
17 57
17 118
17 119
17 141
18 136
18 147
19 5
19 61
19 82
19 91
19 113
19 149
20 8
20 41
20 67
20 122
20 136
20 137
20 156
21 27
21 38
21 127
21 147
22 5
22 16
22 24
22 44
22 58
22 60
22 156
23 17
23 49
24 42
24 101
25 7
25 10
25 55
25 153
26 10
26 34
26 59
26 95
26 111
26 129
26 142
26 151
27 25
27 34
27 150
28 25
28 95
28 113
28 124
28 126
28 143
29 72
29 110
29 126
29 128
30 2
30 60
30 105
30 110
31 4
31 9
31 19
31 89
32 14
32 77
32 94
32 95
32 134
33 37
33 58
33 78
33 82
33 84
33 112
34 22
34 69
34 104
35 16
35 48
35 72
35 113
35 143
36 0
36 58
36 101
36 118
36 119
36 125
37 3
37 12
37 18
37 25
37 46
37 130
37 132
38 16
38 28
38 31
38 46
38 47
38 73
38 106
38 116
39 65
39 101
39 106
39 123
40 24
40 55
40 69
40 82
40 87
40 91
40 145
40 153
41 27
41 79
41 87
41 89
43 13
43 24
43 59
43 65
43 106
43 152
43 155
43 157
44 63
44 70
44 116
44 142
45 5
45 22
45 99
45 101
46 10
46 32
46 34
46 65
46 116
46 124
46 145
46 146
47 23
47 25
47 41
47 68
47 127
48 23
48 43
48 56
48 77
48 87
48 96
48 108
48 118
48 139
49 37
49 117
50 27
50 76
50 126
51 53
51 113
51 117
51 148
52 55
52 140
53 48
53 153
54 13
54 34
54 42
54 47
54 49
54 108
55 27
55 148
56 5
56 113
56 119
56 153
57 40
57 54
57 95
57 105
57 112
57 126
57 135
57 155
58 11
58 18
58 60
58 69
58 73
59 36
59 66
59 114
59 123
59 148
59 154
60 3
60 9
60 10
60 13
60 14
60 34
60 47
60 85
60 127
61 10
61 20
61 37
61 106
61 152
62 64
62 65
62 78
62 134
63 4
63 62
63 120
64 23
64 96
64 110
64 122
65 33
65 47
65 53
65 79
65 109
65 112
65 135
66 36
66 48
66 55
67 37
67 80
67 155
68 6
68 22
68 39
68 81
68 97
68 123
68 129
69 12
69 28
69 72
69 78
69 79
69 89
69 127
70 22
70 47
70 59
70 83
70 118
70 153
71 16
71 29
71 50
71 65
71 119
71 154
72 8
72 13
72 83
72 95
72 137
72 150
73 98
73 103
73 157
74 69
74 84
74 100
74 105
74 136
75 15
75 44
75 50
75 53
75 128
75 158
76 0
76 16
76 71
76 86
76 102
76 142
77 13
77 19
77 84
77 158
78 28
78 132
78 151
79 76
79 77
79 146
80 9
80 11
80 27
80 33
80 42
80 50
80 54
80 60
80 128
80 147
81 3
81 12
81 26
81 62
81 114
81 136
81 140
82 39
82 50
82 51
82 59
82 60
82 72
82 73
82 95
82 105
82 110
83 48
83 68
83 105
84 9
84 41
84 43
84 50
84 62
84 92
85 27
85 47
85 94
86 5
86 17
86 28
86 31
86 32
86 60
86 97
86 140
87 12
87 58
87 134
87 135
88 0
88 20
88 27
88 84
88 92
89 90
89 109
89 127
90 11
90 33
90 126
90 136
90 140
90 143
91 12
91 31
91 47
91 49
91 59
91 110
91 158
92 23
92 53
92 80
92 140
92 154
93 40
93 48
93 63
93 71
93 105
93 107
93 151
94 60
94 96
95 30
95 66
95 99
95 132
96 87
97 17
97 34
97 36
97 42
97 88
97 114
98 23
98 44
98 47
98 57
98 68
99 43
99 64
99 88
100 20
100 31
100 117
100 124
100 140
101 34
101 54
102 6
102 47
102 77
102 94
102 114
102 139
103 34
103 123
103 125
103 128
103 153
104 24
104 73
104 92
104 97
104 140
105 23
105 56
105 62
105 97
105 106
106 7
106 12
106 54
106 65
106 94
106 150
106 152
107 97
107 104
107 134
108 9
108 38
108 65
108 93
108 116
110 0
110 13
110 61
110 94
110 145
110 150
111 39
111 86
111 98
111 156
112 84
112 94
112 119
112 128
113 62
113 74
113 84
113 92
113 101
113 124
114 29
114 33
114 68
114 75
114 87
114 104
114 156
115 25
115 33
115 57
115 87
115 146
116 1
116 11
116 25
116 75
116 87
116 102
116 105
116 137
116 140
116 147
118 5
118 58
118 66
118 69
118 90
118 135
118 145
119 14
119 47
119 53
119 74
119 75
119 83
119 126
119 132
120 9
120 19
120 95
120 103
121 29
121 45
121 47
121 85
121 125
121 146
122 18
122 75
122 89
122 99
122 101
122 135
122 143
122 147
122 158
123 30
123 45
123 116
123 151
123 153
124 134
125 42
125 44
125 47
125 112
126 16
126 80
126 106
126 130
126 131
126 143
126 145
127 35
127 37
127 99
127 111
127 143
127 150
128 14
128 31
128 46
128 74
129 34
129 41
129 104
129 140
130 26
130 80
130 87
130 133
131 7
131 41
131 63
131 80
131 85
131 93
131 95
131 112
131 142
131 143
132 54
132 79
132 104
132 108
132 120
132 121
132 126
133 61
133 75
133 77
133 103
133 107
133 157
134 27
134 48
135 63
135 68
135 105
135 115
135 123
135 124
135 157
136 45
136 87
136 94
136 102
137 22
137 103
137 113
137 124
137 151
138 19
138 49
138 81
138 88
138 109
138 141
139 95
139 110
139 153
140 40
140 50
140 97
140 114
140 156
141 11
141 46
141 50
141 71
141 74
141 107
141 137
142 74
142 80
142 101
142 105
142 110
142 132
142 137
142 140
143 2
143 82
143 88
143 111
143 140
144 9
144 24
144 53
144 76
144 80
144 100
144 118
144 123
145 86
145 109
145 148
146 30
146 71
146 73
146 76
146 77
146 98
146 124
146 149
147 32
147 61
147 67
147 112
147 158
148 19
148 30
148 44
148 77
148 102
148 110
148 124
149 1
149 40
149 73
149 108
149 109
149 112
149 141
149 153
150 2
150 75
150 114
150 116
150 141
150 143
151 13
151 29
151 43
151 75
152 2
152 25
152 63
152 64
152 86
152 101
153 2
153 14
153 26
153 33
153 38
153 150
154 6
154 80
154 81
154 147
155 136
155 152
156 5
156 36
156 55
156 91
156 132
157 17
157 28
157 54
157 57
157 64
157 76
157 131
157 151
158 52
158 129
158 137
159 21
159 27
159 76
159 81
159 86
159 89
159 133
0 1 2 3 4 5 6 7 8 9 10 11 12 13 14 15 16 17 18 19 20 21 22 23 24 25 26 27 28 29 30 31 32 33 34 35 36 37 38 39
