160 812 40
0 16
0 32
0 41
0 47
0 59
0 83
0 140
0 146
0 149
0 157
1 16
1 20
1 76
1 85
1 100
1 127
2 3
2 5
2 40
2 77
2 82
2 139
3 16
3 37
3 89
4 30
4 34
4 40
4 42
4 79
4 108
5 14
5 34
5 46
5 77
6 24
6 27
6 28
6 39
6 44
6 54
6 141
7 5
8 62
8 112
8 119
8 123
9 0
9 6
9 19
9 54
9 113
9 141
9 148
10 14
10 33
10 42
10 124
10 125
10 155
11 19
11 91
12 66
12 67
12 68
12 105
12 149
12 156
13 40
13 76
13 93
14 35
14 51
14 90
14 101
14 105
14 120
14 129
14 147
15 31
15 33
15 61
15 72
15 83
15 115
15 157
16 22
16 46
16 50
16 57
16 94
16 100
16 119
17 27
17 50
17 121
18 23
18 36
18 54
18 95
18 118
18 122
18 128
18 143
19 66
19 70
19 113
19 116
19 124
20 9
20 60
20 114
20 119
21 8
21 17
21 73
22 60
22 62
22 113
22 140
22 141
23 8
23 22
23 42
23 82
23 98
24 17
24 28
24 140
25 2
25 16
25 117
25 119
25 126
25 147
25 149
26 21
26 42
26 57
26 110
26 127
26 152
27 37
27 53
27 134
28 94
28 118
29 16
29 27
29 85
29 86
29 118
29 154
30 3
30 21
30 63
30 77
30 87
30 137
31 16
31 26
31 64
31 106
32 7
32 10
32 26
32 30
32 33
32 50
32 58
32 92
32 95
32 132
32 136
32 142
32 146
33 4
33 13
33 20
33 21
33 31
33 35
33 127
33 132
33 133
33 147
33 148
33 149
34 118
34 132
35 0
35 2
35 9
35 11
35 20
35 50
35 76
35 121
35 130
35 147
35 152
36 25
36 55
36 91
36 117
37 10
37 41
37 54
37 70
37 88
38 54
38 68
38 88
38 116
38 138
39 64
39 74
39 79
39 146
39 156
40 70
40 78
40 132
40 133
40 153
41 31
41 35
41 81
41 93
41 113
42 12
42 33
42 153
42 159
43 2
43 25
43 89
43 114
43 137
43 141
43 145
44 8
44 59
44 91
44 132
45 16
45 21
45 64
45 144
46 93
46 97
46 101
46 121
46 145
48 28
48 38
48 42
48 58
48 153
49 38
49 74
49 101
49 120
49 132
49 138
49 151
50 51
50 110
50 121
50 126
51 40
51 73
51 82
51 86
51 129
52 16
52 136
52 143
53 6
53 28
53 37
53 45
53 92
53 93
53 119
54 4
54 41
54 43
54 64
54 80
54 144
55 71
55 81
55 92
56 15
56 44
56 89
56 129
57 28
57 31
57 80
57 137
58 5
58 59
58 96
58 121
58 147
58 159
59 11
59 31
59 33
59 42
59 49
60 14
60 23
60 45
60 71
60 93
60 96
60 126
61 21
61 55
61 105
61 110
61 154
62 49
62 86
62 92
62 122
63 65
63 101
63 130
63 133
63 159
64 8
64 120
64 140
64 154
65 21
65 90
65 103
65 121
65 124
66 3
66 20
66 47
67 27
67 30
67 48
67 80
67 143
67 145
68 8
68 19
68 28
68 60
68 91
69 37
69 49
69 61
69 101
70 0
70 45
70 138
71 25
71 141
72 69
72 123
72 144
72 150
73 42
73 60
73 145
74 10
74 41
74 141
74 148
75 48
75 56
75 58
75 83
75 95
75 131
76 95
77 154
77 158
78 0
78 20
78 27
78 58
78 69
78 76
78 104
78 116
78 119
79 1
79 6
79 16
79 31
79 49
79 80
79 96
79 118
79 144
80 32
80 38
80 62
80 104
80 112
81 15
81 20
81 27
81 50
82 7
82 38
82 78
82 156
83 90
83 113
83 146
83 150
84 17
84 24
84 101
84 121
84 157
85 20
85 33
85 80
85 115
85 124
85 134
86 26
86 40
86 75
86 146
87 11
87 44
87 70
87 76
87 79
87 108
87 156
87 159
88 1
88 7
88 15
88 24
88 58
88 87
88 103
88 133
89 44
89 48
89 59
89 93
89 153
90 64
90 73
90 81
90 82
90 124
91 42
91 84
91 127
92 38
92 76
93 21
93 113
93 119
93 151
94 40
94 42
94 139
95 25
95 30
95 83
95 153
96 40
96 49
96 70
96 92
96 107
96 108
97 56
97 58
97 89
97 107
97 154
98 9
98 26
98 31
98 32
98 51
98 68
98 77
98 96
98 137
98 159
99 12
99 41
99 73
99 75
99 90
100 2
100 15
100 23
100 27
100 55
100 81
100 89
100 93
100 98
100 99
100 108
100 124
100 151
100 159
101 7
101 31
101 89
101 94
102 24
102 34
102 41
103 36
103 48
103 58
103 73
103 96
103 154
104 13
104 41
104 106
104 145
105 32
105 78
105 91
105 100
105 104
105 139
106 19
106 122
107 12
107 87
108 24
108 103
108 106
108 149
109 8
109 42
109 84
109 88
110 3
110 13
110 37
110 39
110 66
110 69
110 78
110 79
110 80
110 81
110 91
110 98
110 102
110 113
110 144
110 152
110 155
110 157
111 20
111 33
111 43
111 98
112 44
112 53
112 69
112 81
112 88
112 103
112 122
112 157
113 116
113 159
114 1
114 13
114 29
114 36
114 37
114 102
114 144
115 4
115 47
115 51
115 53
115 146
115 153
116 10
116 20
116 24
116 79
116 83
117 28
117 35
117 119
118 45
118 54
118 65
118 84
118 156
119 4
119 10
119 19
119 61
119 64
119 69
119 79
119 92
119 104
119 110
119 123
120 0
120 54
120 115
121 19
121 36
121 114
121 135
121 139
122 19
122 60
122 74
122 94
122 111
122 134
123 22
123 90
124 32
124 47
124 75
124 130
124 151
125 89
125 91
125 153
126 16
126 145
126 155
127 27
127 34
127 37
127 43
127 52
127 62
127 74
127 83
127 97
127 141
127 158
128 8
128 14
128 24
128 53
128 74
128 92
128 98
128 136
129 39
129 44
129 141
130 1
130 41
130 47
130 60
130 69
130 74
130 140
131 44
131 52
131 54
131 128
132 2
132 11
132 53
132 64
132 125
133 9
133 14
133 86
134 155
135 14
135 81
135 100
135 109
135 149
136 44
136 55
136 57
136 82
136 94
136 107
137 3
137 24
137 66
137 83
137 123
138 1
138 95
138 112
138 119
138 123
138 145
139 7
139 35
139 63
139 70
139 79
139 104
139 136
139 150
139 153
140 21
140 63
140 73
140 75
140 90
140 97
140 109
140 136
140 144
141 49
141 122
141 137
141 140
142 1
142 9
142 14
142 70
143 1
143 83
143 108
143 150
143 156
144 14
144 17
144 18
145 37
145 99
145 119
145 147
146 11
146 71
146 102
146 110
146 147
147 45
147 56
148 30
149 37
149 41
149 82
149 130
149 138
150 10
150 26
150 56
150 89
150 133
151 142
151 147
151 150
152 3
152 39
152 65
152 93
152 102
153 2
153 70
153 72
153 91
153 122
154 2
154 50
154 56
154 141
155 17
155 30
155 31
155 46
155 55
155 79
155 99
155 106
156 32
156 46
156 100
157 4
157 93
157 101
157 109
157 130
157 134
157 139
158 34
158 42
158 94
158 141
158 143
158 157
159 24
159 51
0 1 2 3 4 5 6 7 8 9 10 11 12 13 14 15 16 17 18 19 20 21 22 23 24 25 26 27 28 29 30 31 32 33 34 35 36 37 38 39
