160 403 12
0 13
0 29
0 56
0 64
0 106
0 121
0 130
1 89
2 35
2 38
2 54
2 64
2 88
3 7
3 18
3 62
3 84
3 107
3 108
3 120
4 62
5 14
5 18
5 21
5 31
5 81
6 25
6 50
7 67
7 147
8 140
9 104
9 127
9 133
10 31
10 116
10 118
10 132
11 52
11 53
11 108
11 119
11 135
12 42
12 158
13 0
13 55
13 106
13 153
14 4
14 5
15 117
15 132
15 151
16 10
16 17
16 21
16 75
16 100
17 16
17 49
21 5
21 26
21 92
23 2
23 85
23 120
23 130
24 23
24 60
24 75
24 100
25 30
25 91
26 21
26 47
26 78
27 33
27 72
27 117
28 86
28 107
28 136
29 145
30 5
30 25
30 67
30 135
30 158
31 51
31 66
31 113
32 39
32 50
32 68
33 100
33 135
34 40
34 149
35 12
35 37
35 51
35 131
36 94
36 155
37 5
37 35
37 72
37 103
37 136
38 2
38 10
38 148
39 29
39 32
39 118
40 12
40 32
40 34
40 58
40 86
40 136
41 27
41 45
41 107
42 12
42 17
43 72
43 106
43 130
43 158
45 41
45 75
45 136
46 54
47 59
47 72
47 93
48 87
49 17
49 19
49 143
50 6
50 32
50 72
50 92
51 3
51 31
51 109
52 57
52 68
52 145
53 11
53 93
54 46
54 66
54 98
55 111
56 51
56 116
57 9
57 52
57 153
58 96
58 132
58 149
59 47
59 49
59 68
59 90
59 159
60 36
60 76
60 78
60 127
61 88
61 157
62 4
62 106
64 0
64 78
65 1
66 54
66 133
67 7
67 30
67 129
68 67
69 117
69 156
70 50
71 159
72 43
73 124
73 153
74 92
74 103
75 16
75 136
75 137
76 143
77 32
78 26
78 85
78 102
78 153
79 111
80 68
81 39
81 143
82 10
82 105
83 30
84 3
86 67
86 115
86 136
86 158
87 42
87 81
87 114
88 61
88 111
89 1
89 27
89 42
90 59
91 99
91 148
92 21
93 53
93 71
93 84
93 99
93 105
93 110
93 150
94 33
94 101
95 12
95 131
95 144
96 139
97 32
97 70
97 96
98 37
98 63
98 70
98 110
99 130
100 118
101 21
101 108
101 116
102 78
102 151
103 37
103 43
103 56
103 73
103 123
103 131
104 37
104 122
104 145
105 63
105 83
105 93
106 0
106 13
106 69
106 131
107 28
107 148
108 3
108 11
108 44
109 93
109 114
110 25
110 98
111 79
113 10
113 30
113 80
114 109
115 86
116 71
116 100
117 69
118 10
118 79
118 138
119 11
119 139
120 23
121 0
122 34
122 104
123 53
123 103
123 130
124 73
124 85
124 126
125 13
125 71
125 148
126 60
126 94
126 117
126 124
126 130
126 138
127 9
127 20
127 73
127 130
127 140
128 48
128 107
129 23
129 67
130 23
130 97
130 103
130 109
130 115
130 127
130 153
131 35
131 53
131 95
132 58
132 93
132 109
132 128
132 157
133 71
133 96
133 159
134 80
135 14
135 30
135 56
135 142
136 0
136 46
137 75
138 61
138 65
138 118
138 126
139 112
139 119
140 8
140 127
140 128
141 60
142 25
142 151
143 49
143 74
143 81
144 95
145 69
145 137
146 65
146 130
147 83
147 97
148 38
149 34
149 58
149 82
149 123
150 3
151 22
151 90
151 92
151 102
151 120
152 118
153 13
153 21
153 57
153 73
153 78
153 81
153 91
155 45
156 63
156 69
158 3
158 43
158 76
158 86
158 89
158 96
159 80
159 101
159 154
0 1 2 3 4 5 6 7 8 9 10 11
