160 2544 7
0 6
0 8
0 17
0 20
0 25
0 39
0 46
0 48
0 49
0 53
0 59
0 62
0 70
0 78
0 81
0 90
0 103
0 119
0 131
0 135
0 137
0 158
1 15
1 43
1 49
1 70
1 82
1 84
1 111
1 122
1 124
1 143
1 144
1 149
2 0
2 11
2 29
2 32
2 46
2 49
2 55
2 61
2 72
2 126
2 157
3 7
3 8
3 14
3 37
3 43
3 48
3 63
3 76
3 83
3 106
3 132
3 136
3 145
3 150
4 8
4 39
4 46
4 49
4 52
4 58
4 66
4 75
4 81
4 84
4 96
4 104
4 110
4 113
4 128
4 138
5 1
5 4
5 10
5 33
5 39
5 42
5 46
5 48
5 56
5 72
5 73
5 76
5 92
5 93
5 95
5 98
5 99
5 103
5 116
5 121
5 129
5 136
5 139
5 142
5 146
5 150
5 158
6 20
6 28
6 34
6 36
6 41
6 52
6 69
6 77
6 101
6 109
7 14
7 31
7 40
7 44
7 53
7 56
7 60
7 72
7 73
7 86
7 113
7 132
7 135
7 145
7 158
7 159
8 7
8 27
8 38
8 56
8 63
8 77
8 91
8 97
9 7
9 10
9 30
9 36
9 37
9 43
9 56
9 58
9 63
9 73
9 78
9 82
9 97
9 116
9 126
9 127
9 130
9 142
9 152
10 1
10 25
10 31
10 50
10 61
10 69
10 119
10 121
10 123
10 124
10 130
10 133
10 151
10 157
11 9
11 31
11 37
11 47
11 64
11 67
11 71
11 72
11 76
11 83
11 86
11 96
11 109
11 116
12 0
12 3
12 16
12 17
12 28
12 41
12 47
12 54
12 77
12 83
12 92
12 96
12 116
12 125
12 149
12 153
13 9
13 12
13 14
13 17
13 23
13 38
13 80
13 114
13 125
13 127
13 132
13 136
13 148
13 155
14 5
14 11
14 27
14 37
14 59
14 75
14 100
14 110
14 120
14 124
14 129
15 4
15 7
15 10
15 13
15 14
15 16
15 58
15 84
15 97
15 105
15 110
15 113
15 121
15 126
15 129
15 136
15 137
15 139
15 143
15 146
15 156
16 9
16 13
16 31
16 32
16 34
16 37
16 48
16 59
16 66
16 94
16 101
16 106
16 107
16 130
16 147
16 156
17 5
17 8
17 15
17 19
17 25
17 39
17 55
17 56
17 59
17 81
17 86
17 90
17 92
17 106
17 112
17 119
17 122
17 128
17 134
17 139
17 140
17 146
17 147
17 156
18 15
18 24
18 39
18 41
18 55
18 56
18 62
18 65
18 93
18 95
18 98
18 99
18 109
18 126
18 151
18 157
18 158
18 159
19 8
19 12
19 63
19 107
19 109
19 110
19 114
19 135
20 3
20 4
20 7
20 14
20 21
20 38
20 41
20 48
20 55
20 56
20 61
20 66
20 89
20 93
20 117
20 122
21 11
21 39
21 43
21 47
21 54
21 75
21 77
21 88
21 90
21 91
21 104
21 107
21 118
21 135
21 141
21 154
21 155
22 3
22 7
22 30
22 31
22 48
22 60
22 83
22 128
22 141
22 143
23 5
23 22
23 32
23 43
23 54
23 55
23 58
23 65
23 96
23 100
23 115
23 119
23 128
23 140
24 42
24 45
24 52
24 55
24 58
24 74
24 94
24 104
24 107
24 110
24 114
24 119
24 123
24 126
24 128
24 133
24 140
24 148
24 153
24 155
25 13
25 16
25 23
25 29
25 34
25 38
25 39
25 62
25 63
25 74
25 76
25 77
25 80
25 81
25 106
25 113
25 123
25 137
25 140
25 153
26 5
26 22
26 24
26 30
26 33
26 51
26 83
26 85
26 91
26 93
26 114
26 121
26 132
26 133
26 134
26 150
26 155
27 2
27 12
27 13
27 16
27 24
27 52
27 62
27 84
27 87
27 88
27 93
27 104
27 107
27 114
27 122
27 129
27 135
27 142
27 143
27 145
27 151
27 155
27 157
27 158
28 9
28 17
28 23
28 32
28 51
28 65
28 79
28 81
28 82
28 90
28 102
28 106
28 115
28 117
28 118
28 124
28 135
28 142
29 20
29 27
29 51
29 55
29 63
29 66
29 88
29 102
29 124
29 140
29 157
30 14
30 63
30 81
30 95
30 98
30 102
30 107
30 109
30 114
30 129
30 132
30 135
30 141
30 144
30 155
31 6
31 9
31 25
31 40
31 43
31 53
31 54
31 63
31 85
31 114
31 115
31 127
31 129
31 135
31 149
31 151
32 0
32 4
32 13
32 14
32 18
32 29
32 34
32 62
32 89
32 107
32 125
32 127
32 130
32 144
32 147
32 148
32 154
32 155
33 1
33 17
33 22
33 25
33 45
33 50
33 66
33 71
33 84
33 126
33 129
33 134
33 140
33 146
33 151
33 157
34 0
34 14
34 19
34 33
34 42
34 51
34 60
34 61
34 63
34 64
34 75
34 83
34 90
34 94
34 108
34 109
34 110
34 111
34 114
34 121
34 124
34 126
34 128
34 140
34 158
34 159
35 6
35 22
35 24
35 37
35 38
35 47
35 49
35 57
35 63
35 65
35 72
35 84
35 104
35 108
35 115
35 134
35 142
36 15
36 17
36 26
36 48
36 58
36 61
36 67
36 87
36 102
36 107
36 111
36 129
36 131
36 132
36 142
36 148
36 152
36 153
36 158
37 12
37 22
37 26
37 32
37 52
37 56
37 66
37 69
37 70
37 79
37 81
37 82
37 107
37 123
37 138
37 142
37 143
37 145
37 149
37 150
38 6
38 11
38 21
38 22
38 30
38 46
38 64
38 74
38 92
38 101
38 120
38 123
38 135
38 138
38 140
39 3
39 23
39 24
39 31
39 36
39 53
39 54
39 55
39 67
39 75
39 111
39 115
39 150
39 153
40 47
40 62
40 65
40 120
40 129
40 132
40 150
41 25
41 78
41 110
41 115
41 116
41 131
41 137
41 159
42 13
42 20
42 23
42 38
42 47
42 75
42 82
42 84
42 90
42 92
42 101
42 115
42 117
42 132
42 134
42 139
42 145
42 154
43 0
43 5
43 16
43 17
43 61
43 68
43 69
43 75
43 80
43 84
43 101
43 124
43 141
43 149
44 16
44 23
44 24
44 37
44 40
44 42
44 58
44 62
44 89
44 97
44 108
44 111
44 114
44 115
44 133
44 153
45 3
45 14
45 21
45 22
45 41
45 62
45 65
45 77
45 82
45 83
45 85
45 86
45 97
45 109
45 115
45 121
45 123
45 131
45 146
45 157
45 159
46 24
46 25
46 32
46 50
46 72
46 79
46 94
46 115
46 130
46 132
46 134
46 147
46 158
47 17
47 30
47 36
47 38
47 39
47 41
47 77
47 81
47 89
47 97
47 114
47 157
47 159
48 1
48 15
48 21
48 25
48 50
48 64
48 65
48 72
48 76
48 83
48 86
48 110
48 114
48 131
48 140
48 147
48 149
49 20
49 22
49 28
49 43
49 45
49 54
49 62
49 68
49 78
49 83
49 91
49 104
49 116
49 117
49 126
49 129
49 138
49 150
49 156
49 158
50 8
50 16
50 19
50 24
50 31
50 49
50 57
50 59
50 67
50 81
50 89
50 96
50 106
50 121
50 139
51 4
51 14
51 16
51 19
51 21
51 23
51 45
51 56
51 57
51 66
51 71
51 81
51 118
51 119
51 126
51 132
51 134
51 152
51 155
52 7
52 21
52 31
52 55
52 77
52 92
52 101
52 108
52 149
53 1
53 20
53 21
53 51
53 52
53 54
53 57
53 66
53 77
53 82
53 87
53 90
53 104
53 118
53 131
53 138
53 144
53 151
53 152
54 4
54 8
54 9
54 13
54 47
54 59
54 67
54 77
54 79
54 80
54 88
54 122
54 129
54 144
54 148
54 157
55 5
55 33
55 35
55 66
55 74
55 79
55 93
55 100
55 109
55 110
55 120
55 125
55 159
56 14
56 22
56 25
56 33
56 63
56 73
56 75
56 96
56 99
56 105
56 109
56 127
56 129
56 133
56 141
57 18
57 24
57 42
57 64
57 77
57 80
57 89
57 91
57 94
57 96
57 98
57 99
57 102
57 105
57 122
57 134
57 148
57 152
57 159
58 13
58 30
58 33
58 48
58 52
58 53
58 60
58 63
58 91
58 92
58 100
58 110
58 132
58 136
58 137
59 13
59 24
59 55
59 58
59 64
59 69
59 72
59 77
59 89
59 94
59 96
59 103
59 122
59 137
59 139
59 157
59 159
60 2
60 3
60 14
60 15
60 19
60 42
60 43
60 47
60 53
60 54
60 57
60 70
60 72
60 94
60 96
60 107
60 108
60 113
60 119
60 124
60 134
60 135
60 144
60 154
60 158
61 5
61 9
61 23
61 47
61 49
61 53
61 60
61 70
61 73
61 86
61 90
61 99
61 110
61 114
61 125
61 137
61 141
61 145
61 154
62 6
62 19
62 23
62 59
62 72
62 82
62 92
62 100
62 109
62 111
62 117
62 137
62 142
62 146
63 13
63 17
63 38
63 77
63 83
63 84
63 98
63 115
63 120
63 136
63 150
64 1
64 5
64 19
64 20
64 35
64 37
64 39
64 40
64 42
64 52
64 56
64 75
64 98
64 99
64 102
64 105
64 110
64 114
64 129
64 142
64 144
64 152
65 6
65 11
65 27
65 37
65 43
65 46
65 53
65 59
65 71
65 78
65 79
65 81
65 84
65 93
65 97
65 112
65 117
65 144
65 145
66 1
66 2
66 41
66 46
66 48
66 70
66 78
66 83
66 99
66 101
66 109
66 111
66 124
66 144
66 152
67 7
67 10
67 17
67 24
67 28
67 38
67 53
67 65
67 66
67 78
67 85
67 91
67 121
67 124
67 125
67 142
67 149
68 6
68 13
68 15
68 26
68 35
68 42
68 60
68 62
68 67
68 69
68 83
68 90
68 107
68 114
68 121
68 130
68 134
68 151
68 154
68 157
69 4
69 9
69 32
69 55
69 57
69 60
69 63
69 76
69 79
69 80
69 84
69 86
69 90
69 108
69 117
69 131
69 132
69 157
70 8
70 14
70 46
70 74
70 87
70 99
70 109
70 135
70 136
70 151
71 6
71 15
71 25
71 29
71 32
71 46
71 103
71 104
71 133
71 142
71 151
71 159
72 19
72 22
72 24
72 42
72 54
72 77
72 82
72 90
72 100
72 102
72 142
72 144
72 146
72 159
73 16
73 18
73 37
73 43
73 50
73 52
73 65
73 70
73 75
73 86
73 90
73 96
73 108
73 111
73 118
73 129
73 135
73 148
73 151
74 30
74 39
74 78
74 94
74 117
74 122
74 151
74 155
75 13
75 18
75 20
75 22
75 32
75 47
75 60
75 88
75 89
75 90
75 100
75 122
75 124
75 141
75 146
75 154
76 0
76 6
76 16
76 21
76 28
76 34
76 41
76 49
76 63
76 78
76 96
76 127
76 129
76 134
76 147
77 3
77 22
77 27
77 48
77 49
77 78
77 80
77 96
77 99
77 108
77 112
77 139
77 158
77 159
78 10
78 11
78 22
78 45
78 69
78 72
78 73
78 89
78 97
78 98
78 116
78 133
79 0
79 13
79 19
79 38
79 42
79 62
79 70
79 98
79 138
79 143
79 144
79 159
80 11
80 26
80 31
80 48
80 49
80 52
80 73
80 76
80 91
80 109
80 131
80 135
80 136
80 139
80 141
81 1
81 9
81 20
81 27
81 32
81 55
81 71
81 76
81 91
81 92
81 104
81 113
81 116
81 119
81 126
81 139
81 150
81 153
81 157
81 159
82 2
82 5
82 21
82 24
82 26
82 30
82 47
82 49
82 51
82 56
82 60
82 77
82 84
82 105
82 107
82 112
82 121
82 132
82 139
82 145
82 146
83 5
83 9
83 32
83 35
83 39
83 46
83 47
83 52
83 77
83 80
83 84
83 95
83 104
83 110
83 114
83 123
83 146
83 153
83 156
84 7
84 14
84 17
84 23
84 24
84 28
84 29
84 32
84 55
84 60
84 71
84 88
84 90
84 91
84 92
84 138
84 155
85 0
85 3
85 5
85 9
85 11
85 18
85 35
85 54
85 55
85 70
85 75
85 96
85 97
85 122
85 130
85 141
85 152
86 5
86 8
86 9
86 39
86 41
86 49
86 51
86 52
86 55
86 71
86 92
86 104
86 107
86 127
86 138
86 139
86 156
87 2
87 7
87 9
87 21
87 23
87 33
87 56
87 59
87 64
87 85
87 90
87 92
87 112
87 115
87 123
87 124
87 125
87 128
87 143
87 145
87 151
87 157
88 2
88 6
88 9
88 50
88 58
88 68
88 85
88 86
88 87
88 91
88 102
88 118
88 123
88 126
88 133
88 135
88 153
89 6
89 7
89 12
89 16
89 26
89 34
89 36
89 38
89 52
89 58
89 62
89 63
89 64
89 66
89 70
89 82
89 86
89 90
89 102
89 123
89 126
89 128
89 149
89 151
90 20
90 31
90 35
90 38
90 76
90 95
90 110
90 115
90 124
90 126
90 148
91 0
91 4
91 9
91 10
91 12
91 15
91 17
91 20
91 23
91 39
91 43
91 68
91 75
91 86
91 94
91 100
91 108
91 123
91 124
91 135
91 138
91 144
91 149
91 152
91 156
92 0
92 11
92 24
92 31
92 69
92 85
92 93
92 96
92 98
92 104
92 120
92 121
92 127
92 129
92 145
92 157
93 4
93 6
93 12
93 23
93 47
93 50
93 53
93 54
93 63
93 66
93 88
93 99
93 121
93 125
93 133
93 134
93 140
93 143
93 147
94 5
94 17
94 20
94 40
94 54
94 61
94 65
94 68
94 72
94 73
94 99
94 105
94 112
94 115
94 118
94 130
94 131
94 149
94 152
95 4
95 6
95 15
95 19
95 26
95 35
95 39
95 41
95 43
95 57
95 69
95 72
95 75
95 78
95 85
95 99
95 118
95 124
95 154
95 156
96 6
96 26
96 32
96 39
96 48
96 66
96 71
96 97
96 122
96 129
96 130
96 137
96 151
97 5
97 7
97 37
97 38
97 39
97 48
97 52
97 53
97 61
97 90
97 94
97 99
97 100
97 133
97 143
97 146
98 32
98 33
98 48
98 56
98 68
98 89
98 109
98 143
98 145
99 0
99 16
99 17
99 22
99 40
99 73
99 82
99 84
99 87
99 107
99 108
99 109
100 7
100 27
100 38
100 43
100 47
100 67
100 68
100 71
100 99
100 104
100 124
100 128
100 135
100 142
100 144
100 145
100 146
100 149
100 150
101 23
101 24
101 33
101 55
101 58
101 76
101 82
101 104
101 120
101 138
101 147
102 0
102 7
102 8
102 18
102 20
102 31
102 48
102 49
102 51
102 53
102 55
102 61
102 66
102 74
102 104
102 105
102 137
102 141
102 157
103 10
103 27
103 32
103 41
103 45
103 52
103 107
103 131
103 133
104 18
104 30
104 42
104 52
104 57
104 62
104 80
104 107
104 118
104 119
104 128
104 129
105 6
105 7
105 18
105 25
105 28
105 37
105 44
105 46
105 54
105 89
105 92
105 123
105 140
105 145
105 146
105 150
105 159
106 2
106 24
106 26
106 32
106 33
106 34
106 48
106 65
106 67
106 69
106 82
106 84
106 85
106 101
106 105
106 117
106 118
106 131
106 153
106 159
107 4
107 5
107 8
107 10
107 40
107 45
107 51
107 62
107 72
107 73
107 77
107 126
107 130
107 134
107 140
107 142
107 150
107 152
107 153
108 9
108 11
108 21
108 23
108 49
108 51
108 76
108 85
108 110
108 113
108 115
108 124
108 133
108 143
108 148
108 154
108 158
109 5
109 9
109 13
109 16
109 27
109 57
109 58
109 60
109 63
109 83
109 90
109 94
109 116
109 132
109 147
109 148
109 150
109 157
110 7
110 12
110 18
110 29
110 56
110 60
110 85
110 86
110 91
110 99
110 100
110 123
110 125
110 129
110 142
110 145
110 149
111 2
111 6
111 9
111 19
111 23
111 46
111 76
111 82
111 91
111 100
111 110
111 114
111 122
111 131
111 150
111 155
111 157
111 159
112 30
112 42
112 95
112 100
112 114
112 115
112 134
112 154
112 156
112 159
113 1
113 22
113 26
113 29
113 40
113 44
113 49
113 57
113 62
113 68
113 70
113 74
113 100
113 150
114 5
114 7
114 18
114 23
114 32
114 33
114 37
114 85
114 101
114 127
114 132
114 147
115 15
115 16
115 22
115 43
115 51
115 54
115 73
115 76
115 80
115 105
115 107
115 111
115 113
115 114
115 124
115 127
115 136
115 139
115 147
115 153
116 7
116 18
116 19
116 29
116 39
116 46
116 50
116 52
116 65
116 82
116 85
116 90
116 97
116 105
116 131
116 138
116 140
116 148
116 153
117 37
117 39
117 58
117 73
117 76
117 100
117 112
117 130
117 137
117 139
117 146
117 154
117 158
117 159
118 16
118 17
118 19
118 24
118 30
118 37
118 66
118 82
118 96
118 103
118 111
118 113
118 115
118 123
118 139
119 2
119 3
119 26
119 30
119 45
119 47
119 53
119 55
119 56
119 70
119 92
119 97
119 110
119 113
119 122
119 123
119 141
120 2
120 9
120 22
120 27
120 37
120 39
120 41
120 68
120 76
120 88
120 91
120 117
120 127
120 136
120 154
121 3
121 13
121 16
121 17
121 18
121 20
121 24
121 54
121 71
121 81
121 85
121 86
121 88
121 101
121 103
121 124
121 125
121 132
121 147
121 149
121 157
122 2
122 23
122 31
122 73
122 106
122 115
122 118
122 130
122 135
122 137
122 138
122 142
122 144
123 0
123 6
123 18
123 55
123 63
123 108
123 115
123 155
123 156
124 5
124 25
124 27
124 36
124 38
124 40
124 50
124 82
124 83
124 97
124 106
124 116
124 117
124 126
124 134
124 137
124 144
124 147
125 18
125 20
125 30
125 40
125 46
125 56
125 71
125 85
125 119
125 120
125 124
125 147
125 155
125 158
126 1
126 3
126 13
126 25
126 37
126 42
126 50
126 55
126 62
126 63
126 73
126 78
126 86
126 109
126 127
126 139
126 150
127 22
127 35
127 36
127 37
127 38
127 40
127 41
127 49
127 50
127 70
127 73
127 82
127 83
127 84
127 91
127 112
127 132
127 154
128 11
128 15
128 20
128 21
128 30
128 41
128 52
128 63
128 64
128 65
128 67
128 74
128 75
128 90
128 116
128 127
128 153
129 0
129 7
129 13
129 28
129 29
129 37
129 46
129 61
129 84
129 87
129 94
129 111
129 113
129 120
129 125
129 128
129 131
129 145
129 146
129 150
129 151
130 5
130 7
130 11
130 29
130 38
130 39
130 55
130 75
130 81
130 89
130 99
130 102
130 112
130 118
130 120
130 133
130 135
130 138
130 153
130 158
131 1
131 5
131 7
131 8
131 12
131 14
131 20
131 24
131 27
131 28
131 33
131 37
131 56
131 58
131 60
131 66
131 72
131 74
131 75
131 83
131 122
131 132
132 2
132 64
132 79
132 85
132 86
132 89
132 95
132 105
132 123
132 124
132 134
132 137
132 140
133 0
133 11
133 12
133 16
133 21
133 34
133 54
133 111
133 112
133 120
133 126
133 143
133 153
133 156
134 18
134 20
134 23
134 24
134 31
134 32
134 40
134 43
134 52
134 71
134 92
134 122
134 123
134 147
135 14
135 17
135 52
135 54
135 63
135 82
135 84
135 101
135 105
135 106
135 124
135 128
135 158
136 25
136 28
136 39
136 45
136 60
136 61
136 77
136 86
136 97
136 99
136 118
136 122
136 126
136 149
136 155
137 28
137 31
137 39
137 43
137 65
137 70
137 79
137 81
137 93
137 111
137 116
137 123
137 129
137 134
137 139
137 147
137 152
138 2
138 12
138 15
138 19
138 25
138 26
138 35
138 41
138 45
138 60
138 65
138 72
138 77
138 82
138 89
138 127
138 128
139 1
139 9
139 10
139 30
139 32
139 35
139 41
139 53
139 93
139 95
139 119
139 127
140 20
140 40
140 46
140 60
140 65
140 78
140 80
140 84
140 85
140 115
140 127
140 148
141 3
141 38
141 52
141 59
141 60
141 64
141 81
141 83
141 111
141 139
141 143
141 148
142 1
142 6
142 23
142 31
142 33
142 51
142 75
142 79
142 92
142 104
142 116
142 117
142 120
142 126
142 130
142 134
142 153
142 154
143 25
143 26
143 38
143 39
143 53
143 56
143 89
143 95
143 103
143 116
143 125
143 132
143 147
143 148
143 153
144 18
144 22
144 40
144 41
144 59
144 68
144 82
144 85
144 90
144 114
144 127
144 129
144 136
144 148
145 11
145 18
145 48
145 126
145 150
145 153
146 14
146 19
146 22
146 23
146 36
146 116
146 128
146 147
146 149
147 22
147 60
147 66
147 69
147 99
147 102
147 103
147 122
147 141
148 6
148 34
148 37
148 41
148 53
148 71
148 74
148 111
148 123
148 146
148 150
148 154
149 14
149 16
149 25
149 29
149 40
149 55
149 57
149 59
149 97
149 98
149 102
149 107
149 120
149 123
149 124
149 126
149 129
149 152
149 157
150 13
150 25
150 32
150 41
150 61
150 82
150 94
150 117
150 135
150 141
151 0
151 4
151 15
151 29
151 37
151 58
151 78
151 92
151 117
151 120
151 121
151 124
151 130
151 131
151 150
151 158
151 159
152 0
152 2
152 16
152 18
152 28
152 33
152 42
152 47
152 61
152 69
152 82
152 92
152 95
152 111
152 118
152 128
152 130
152 134
153 10
153 11
153 14
153 16
153 31
153 32
153 42
153 50
153 65
153 67
153 68
153 69
153 78
153 93
153 112
153 131
153 134
153 141
153 151
154 9
154 11
154 14
154 17
154 23
154 28
154 62
154 77
154 92
154 94
154 103
154 146
154 152
154 156
155 1
155 15
155 17
155 35
155 39
155 52
155 59
155 61
155 85
155 99
155 113
156 19
156 20
156 31
156 42
156 43
156 52
156 53
156 55
156 61
156 70
156 72
156 73
156 117
156 142
156 157
157 3
157 8
157 16
157 17
157 19
157 25
157 26
157 34
157 49
157 51
157 64
157 82
157 88
157 91
157 95
157 123
157 127
157 144
157 159
158 9
158 20
158 26
158 50
158 51
158 74
158 80
158 82
158 95
158 102
158 103
158 116
158 121
158 132
158 143
158 155
159 3
159 8
159 15
159 17
159 31
159 54
159 62
159 78
159 80
159 93
159 113
159 115
159 120
159 121
159 122
159 125
159 131
159 135
159 139
159 140
159 143
159 152
159 155
0 1 2 3 4 5 6
