160 812 24
0 43
0 53
0 60
0 61
0 63
0 83
0 89
0 94
0 111
0 119
0 124
0 126
0 148
1 0
1 9
1 42
1 51
1 97
1 136
2 10
2 29
2 33
2 53
2 141
3 63
3 101
3 142
4 40
4 88
4 90
4 119
4 125
5 42
5 58
5 61
5 92
5 156
5 158
6 8
6 20
6 21
6 34
6 42
7 54
7 80
7 132
7 145
8 12
8 55
8 65
8 94
8 126
8 155
9 7
9 20
9 31
10 14
10 24
10 38
10 49
10 127
11 4
11 5
11 50
11 68
11 78
11 106
11 132
11 137
11 157
12 42
12 98
12 144
13 9
13 37
13 93
13 118
13 122
13 139
13 150
14 113
14 148
15 22
15 42
15 50
15 54
15 148
16 26
16 39
16 101
16 102
16 135
17 1
17 3
17 14
17 36
17 52
17 57
17 98
17 99
17 121
18 11
18 30
18 55
18 66
18 75
18 88
18 93
18 100
18 117
18 140
18 153
19 25
19 31
19 94
19 131
20 11
20 37
20 76
21 9
21 56
21 151
21 153
21 158
22 52
22 57
22 58
22 105
22 117
23 68
24 95
25 8
25 17
25 77
25 100
25 113
25 142
26 2
26 21
26 33
26 73
26 75
26 134
26 135
27 55
27 78
27 95
28 74
29 8
29 18
29 68
29 128
29 148
30 10
30 89
30 102
30 134
30 157
31 25
31 87
31 96
32 6
32 19
32 35
32 132
33 114
33 124
33 129
33 135
33 143
33 150
34 5
34 20
34 90
34 100
34 102
34 104
34 120
35 34
35 64
35 81
35 86
35 111
35 115
35 121
35 127
36 15
36 48
36 54
36 60
36 90
36 92
36 106
36 112
36 114
36 122
37 39
37 147
38 2
38 6
38 22
38 37
38 74
38 96
38 102
39 28
39 59
39 62
39 134
40 52
40 55
40 100
40 138
41 16
41 39
41 50
41 62
41 88
41 99
41 102
42 155
43 36
43 40
43 47
43 56
43 66
43 70
43 120
44 103
44 124
45 19
45 23
45 26
45 28
45 55
45 90
45 104
45 109
46 1
46 24
46 44
46 60
46 133
47 50
47 115
47 158
48 2
48 16
48 44
48 103
48 132
48 141
48 156
49 11
49 54
49 67
50 9
50 31
50 103
51 33
51 130
52 27
52 36
52 99
53 1
53 14
53 15
53 36
53 72
53 79
53 85
53 136
54 82
54 99
54 128
54 135
55 41
55 57
55 95
55 152
56 10
56 76
56 145
57 25
57 26
57 27
57 39
57 84
57 99
57 101
57 104
57 147
58 39
58 70
58 83
58 142
59 0
59 1
59 16
59 19
59 44
59 62
59 69
59 89
60 41
60 62
60 93
60 130
61 8
61 33
61 34
61 77
61 80
61 112
61 159
62 17
62 20
62 32
62 52
62 73
62 74
62 127
63 1
63 25
63 38
63 39
63 87
63 97
63 126
64 43
64 77
64 82
64 96
64 109
64 139
64 145
64 152
65 43
65 48
65 57
65 99
65 107
65 126
66 6
66 21
66 34
66 96
66 158
67 44
67 104
67 130
67 140
68 53
68 75
68 110
68 118
69 6
69 7
69 33
69 58
69 93
69 98
69 108
69 113
70 3
70 8
70 57
70 69
70 126
71 21
71 132
72 7
72 71
72 105
72 134
73 15
73 66
73 92
73 95
73 139
74 23
74 64
74 70
74 103
74 147
74 158
75 0
75 6
75 17
75 39
75 121
76 52
76 71
77 0
77 1
77 7
77 93
77 137
77 148
78 5
78 87
79 36
79 49
79 57
79 110
79 139
79 154
79 157
80 28
80 68
80 85
80 107
80 152
81 2
81 20
82 45
82 55
82 63
82 87
82 99
83 44
83 80
84 0
84 17
84 50
84 88
84 91
84 117
85 62
85 91
85 98
85 138
85 159
86 13
86 32
86 60
86 108
86 109
86 121
86 128
87 14
87 32
87 41
87 100
87 125
87 157
87 159
88 80
88 109
89 15
89 16
89 22
90 38
90 59
90 72
90 74
90 91
90 105
91 47
91 130
92 42
92 47
92 112
93 157
94 41
94 50
94 60
94 82
95 30
95 64
95 72
95 94
95 128
95 137
95 147
96 48
96 58
96 87
96 91
97 36
97 60
97 67
97 91
97 143
98 10
98 20
98 32
98 51
98 71
98 72
98 83
98 95
98 137
99 12
99 26
99 60
99 64
99 75
99 83
99 94
99 133
99 149
99 151
100 47
100 52
100 61
100 97
100 152
101 11
101 44
101 84
101 141
102 43
102 45
102 101
102 121
102 148
102 153
103 23
103 28
103 37
103 95
103 98
103 113
104 17
104 61
104 93
104 115
105 63
105 73
105 77
105 101
106 8
106 29
106 66
106 79
106 80
106 132
106 152
107 151
108 14
108 24
108 59
108 66
108 121
109 4
109 27
109 43
109 58
109 126
110 61
111 28
111 82
111 103
111 144
112 3
112 10
112 73
112 132
112 151
113 3
113 19
113 54
113 82
113 143
114 34
114 48
114 57
114 59
114 87
114 127
114 132
114 145
115 6
115 23
115 26
115 56
115 62
115 87
115 105
115 126
115 129
116 20
116 32
116 33
116 43
116 72
116 104
116 112
116 137
117 5
117 6
117 24
117 91
117 146
117 159
118 20
118 77
118 80
118 103
118 131
118 135
118 143
119 57
119 58
119 84
119 93
119 98
119 123
120 23
120 49
120 136
121 9
121 11
121 42
121 70
121 100
121 136
121 150
122 46
122 61
122 73
122 77
122 79
122 80
122 95
123 16
123 19
123 44
123 77
123 96
123 112
123 135
123 139
124 34
124 49
124 83
124 90
124 122
125 47
125 51
125 115
125 124
125 130
126 2
126 32
126 35
126 73
126 113
126 129
126 137
127 42
127 85
127 105
127 156
128 71
128 137
128 156
129 6
129 34
129 71
129 96
129 100
129 157
129 159
130 12
130 17
130 38
130 49
130 56
130 107
130 110
131 44
131 84
131 101
131 106
131 146
131 157
132 69
132 76
132 99
133 31
133 81
133 104
134 4
134 19
134 79
134 112
134 132
135 18
135 109
135 153
136 38
136 68
136 81
136 105
136 107
136 157
137 3
137 47
137 61
137 130
137 152
138 23
138 73
138 77
138 82
138 98
138 101
138 102
138 135
138 151
139 46
139 82
139 91
139 130
140 9
140 116
141 33
141 102
141 114
142 12
142 18
142 19
142 21
142 73
142 90
142 150
142 158
143 19
143 85
143 136
143 156
144 13
144 19
144 102
144 141
144 155
145 50
145 53
145 73
145 85
145 143
146 7
146 11
146 20
146 27
146 34
146 58
146 63
146 93
147 30
147 47
147 91
147 102
147 131
147 135
147 138
148 38
148 51
148 106
149 46
149 65
149 75
149 108
149 119
150 38
150 50
150 64
151 0
151 1
151 57
151 73
151 89
151 96
151 105
151 145
152 43
152 60
152 89
153 109
153 111
153 121
154 6
154 68
154 82
154 119
155 18
155 27
155 28
155 36
155 93
155 128
156 4
156 23
156 43
156 96
156 117
156 130
156 137
156 139
157 70
157 122
157 147
158 1
158 59
158 84
158 139
159 34
159 84
159 121
159 157
0 1 2 3 4 5 6 7 8 9 10 11 12 13 14 15 16 17 18 19 20 21 22 23
