160 2544 40
0 2
0 6
0 11
0 12
0 15
0 31
0 35
0 36
0 37
0 39
0 54
0 56
0 65
0 77
0 87
0 96
0 108
0 111
0 120
0 127
0 132
0 138
0 151
1 0
1 4
1 16
1 28
1 36
1 40
1 48
1 55
1 67
1 95
1 96
1 101
1 104
1 108
1 118
1 135
1 142
1 143
1 153
1 157
2 60
2 83
2 91
2 98
2 115
2 120
2 126
2 146
3 9
3 17
3 31
3 43
3 65
3 71
3 76
3 77
3 120
3 149
3 156
4 10
4 21
4 47
4 49
4 55
4 58
4 70
4 101
4 112
4 129
4 130
4 135
4 136
4 142
5 2
5 16
5 20
5 28
5 46
5 58
5 68
5 87
5 88
5 92
5 105
5 106
5 111
5 118
5 121
5 122
5 128
5 135
5 140
5 154
6 12
6 18
6 22
6 32
6 33
6 43
6 50
6 56
6 65
6 73
6 78
6 102
6 109
6 137
6 140
7 1
7 33
7 55
7 69
7 70
7 77
7 78
7 81
7 87
7 92
7 100
7 134
8 20
8 21
8 25
8 36
8 39
8 61
8 66
8 76
8 81
8 85
8 107
8 108
8 139
9 21
9 26
9 27
9 30
9 40
9 46
9 50
9 68
9 76
9 87
9 130
9 137
9 147
9 149
9 152
10 0
10 15
10 18
10 53
10 55
10 62
10 65
10 85
10 103
10 109
10 110
10 113
10 115
10 123
10 138
10 146
11 9
11 18
11 19
11 23
11 32
11 41
11 43
11 45
11 49
11 60
11 67
11 74
11 86
11 96
11 125
11 126
11 140
11 147
11 150
11 153
11 154
11 159
12 7
12 34
12 41
12 62
12 63
12 78
12 90
12 97
12 112
12 117
12 145
13 40
13 55
13 65
13 67
13 69
13 70
13 71
13 94
13 116
13 135
13 146
14 8
14 10
14 13
14 15
14 35
14 37
14 39
14 41
14 57
14 100
14 130
14 143
14 154
14 158
15 5
15 25
15 34
15 40
15 47
15 53
15 57
15 61
15 64
15 66
15 67
15 76
15 98
15 100
15 104
15 106
15 113
15 121
15 123
15 148
16 0
16 4
16 11
16 18
16 20
16 32
16 57
16 60
16 74
16 81
16 86
16 98
16 113
16 116
16 119
16 139
16 148
16 149
17 0
17 12
17 30
17 35
17 37
17 44
17 53
17 61
17 64
17 67
17 69
17 71
17 77
17 87
17 107
17 130
17 135
17 138
17 140
17 158
18 1
18 22
18 54
18 57
18 59
18 61
18 81
18 114
18 130
18 136
18 140
18 141
19 3
19 7
19 13
19 17
19 20
19 48
19 50
19 53
19 60
19 77
19 86
19 88
19 94
19 104
19 117
19 121
19 123
19 132
19 142
19 151
20 1
20 10
20 23
20 35
20 80
20 81
20 92
20 126
20 127
20 140
21 11
21 19
21 22
21 37
21 43
21 47
21 48
21 63
21 71
21 73
21 75
21 90
21 102
21 112
21 156
22 1
22 9
22 12
22 40
22 63
22 92
22 93
22 94
22 122
22 146
22 158
23 29
23 47
23 60
23 84
23 87
23 133
23 140
23 152
24 27
24 75
24 94
24 109
24 113
24 132
24 145
25 19
25 22
25 33
25 56
25 61
25 66
25 84
25 88
25 99
25 101
25 104
25 117
25 121
25 129
25 130
25 134
25 138
25 157
26 18
26 19
26 31
26 44
26 75
26 81
26 92
26 94
26 95
26 96
26 102
26 106
26 109
26 118
26 149
26 154
27 7
27 20
27 25
27 43
27 63
27 67
27 76
27 92
27 94
27 104
27 123
27 157
28 56
28 60
28 64
28 68
28 81
28 85
28 96
28 97
28 107
28 110
28 112
28 114
28 130
28 142
28 147
28 151
28 155
29 34
29 39
29 44
29 46
29 53
29 56
29 65
29 67
29 71
29 73
29 75
29 90
29 97
29 99
29 117
29 119
29 123
29 126
29 133
29 140
29 142
30 27
30 40
30 50
30 72
30 73
30 74
30 79
30 103
30 116
30 125
30 139
30 146
30 152
31 7
31 13
31 14
31 29
31 42
31 44
31 45
31 48
31 63
31 65
31 72
31 98
31 99
31 101
31 117
31 128
31 136
31 144
31 145
31 156
32 0
32 4
32 24
32 34
32 38
32 51
32 60
32 61
32 72
32 73
32 78
32 84
32 86
32 99
32 113
32 153
33 2
33 17
33 19
33 45
33 56
33 61
33 70
33 81
33 92
33 96
33 99
33 102
33 109
33 111
33 137
33 144
33 147
34 1
34 3
34 17
34 22
34 28
34 33
34 49
34 52
34 64
34 70
34 75
34 79
34 83
34 93
34 99
34 107
34 108
34 112
34 119
34 122
34 146
35 2
35 7
35 9
35 13
35 33
35 43
35 58
35 66
35 73
35 76
35 77
35 80
35 81
35 85
35 93
35 99
35 105
35 130
35 134
35 136
35 140
35 142
35 144
35 155
35 156
36 33
36 45
36 53
36 60
36 82
36 84
36 88
36 91
36 112
36 136
36 138
36 141
36 145
36 159
37 5
37 20
37 24
37 34
37 36
37 40
37 43
37 48
37 57
37 66
37 67
37 74
37 79
37 80
37 82
37 87
37 97
37 100
37 126
37 135
37 136
37 138
37 144
37 157
38 11
38 15
38 16
38 18
38 27
38 37
38 47
38 81
38 107
38 112
38 113
38 115
38 120
38 121
38 132
38 144
39 2
39 38
39 40
39 49
39 60
39 62
39 63
39 84
39 96
39 97
39 138
39 144
39 146
39 158
40 12
40 16
40 17
40 34
40 45
40 64
40 67
40 91
40 95
40 110
40 112
40 115
40 140
40 157
40 158
41 30
41 31
41 34
41 39
41 66
41 82
41 92
41 104
41 118
41 146
41 147
42 10
42 16
42 47
42 52
42 66
42 85
42 101
42 102
42 108
42 110
42 125
42 133
42 140
42 145
42 149
42 152
43 2
43 8
43 22
43 31
43 45
43 59
43 84
43 86
43 100
43 107
43 112
43 117
43 128
43 131
43 143
43 157
44 10
44 57
44 59
44 67
44 77
44 81
44 90
44 98
44 100
44 120
44 134
44 138
44 142
44 149
44 151
44 159
45 7
45 42
45 48
45 57
45 63
45 69
45 89
45 90
45 95
45 109
45 111
45 112
45 114
45 150
45 151
46 17
46 26
46 38
46 40
46 56
46 69
46 90
46 96
46 99
46 135
46 142
46 155
47 2
47 20
47 24
47 39
47 53
47 64
47 85
47 91
47 99
47 107
47 113
47 124
47 125
47 150
47 158
48 18
48 23
48 24
48 30
48 34
48 36
48 38
48 39
48 40
48 41
48 50
48 53
48 77
48 80
48 86
48 98
48 107
48 118
48 130
48 147
48 148
49 9
49 15
49 16
49 32
49 37
49 48
49 54
49 68
49 81
49 99
49 115
49 119
49 124
49 137
49 138
49 140
49 144
49 150
50 1
50 33
50 40
50 42
50 60
50 65
50 76
50 85
50 89
50 96
50 100
50 125
50 133
50 159
51 3
51 12
51 13
51 31
51 39
51 43
51 57
51 67
51 68
51 73
51 124
51 128
51 130
51 136
51 142
51 153
51 158
52 6
52 7
52 22
52 37
52 64
52 91
52 123
52 137
52 154
53 4
53 20
53 26
53 43
53 84
53 92
53 93
53 120
53 124
53 131
53 145
54 8
54 22
54 40
54 59
54 94
54 107
54 122
54 123
54 141
54 151
54 159
55 25
55 30
55 32
55 40
55 42
55 43
55 53
55 65
55 77
55 82
55 83
55 86
55 97
55 119
55 123
55 136
55 143
55 149
56 3
56 11
56 32
56 36
56 42
56 52
56 64
56 80
56 106
56 137
56 138
56 154
56 155
57 13
57 27
57 40
57 47
57 48
57 56
57 63
57 68
57 94
57 108
57 117
57 124
57 142
57 148
58 6
58 11
58 16
58 19
58 32
58 39
58 41
58 42
58 46
58 49
58 59
58 65
58 76
58 78
58 87
58 88
58 98
58 111
58 115
58 117
58 118
58 125
58 137
58 138
58 147
58 155
59 22
59 23
59 52
59 60
59 69
59 73
59 87
59 105
59 112
59 135
59 137
59 153
59 157
60 3
60 24
60 25
60 26
60 41
60 45
60 48
60 61
60 76
60 89
60 90
60 96
60 125
60 134
60 138
60 141
60 153
60 158
61 35
61 36
61 59
61 64
61 67
61 68
61 72
61 73
61 92
61 93
61 128
61 131
61 158
62 11
62 20
62 21
62 23
62 30
62 41
62 45
62 46
62 47
62 48
62 53
62 60
62 72
62 76
62 79
62 88
62 89
62 103
62 108
62 117
62 158
63 15
63 34
63 36
63 38
63 42
63 54
63 59
63 60
63 77
63 78
63 82
63 89
63 92
63 104
63 115
63 118
63 121
63 128
63 143
63 147
64 5
64 20
64 21
64 24
64 42
64 53
64 55
64 69
64 91
64 104
64 111
64 119
64 120
64 138
64 141
64 148
64 153
64 154
65 32
65 52
65 57
65 63
65 68
65 95
65 106
65 107
65 135
65 152
66 2
66 13
66 14
66 17
66 20
66 31
66 36
66 39
66 49
66 81
66 108
66 109
66 121
66 135
66 138
66 152
66 154
67 9
67 16
67 24
67 58
67 69
67 78
67 82
67 94
67 103
67 107
67 119
67 131
67 152
67 155
67 158
68 6
68 8
68 11
68 12
68 13
68 18
68 19
68 21
68 30
68 56
68 81
68 90
68 103
68 123
68 143
68 146
68 156
68 159
69 5
69 15
69 57
69 70
69 83
69 89
69 101
69 104
69 128
69 145
69 159
70 15
70 27
70 39
70 41
70 44
70 58
70 80
70 85
70 89
70 121
70 123
70 126
70 150
70 157
71 1
71 22
71 27
71 48
71 80
71 81
71 90
71 115
71 119
71 129
71 133
71 134
71 147
72 7
72 16
72 26
72 29
72 38
72 58
72 86
72 89
72 96
72 101
72 117
72 123
72 124
72 126
72 138
72 141
72 142
72 150
73 8
73 14
73 16
73 19
73 20
73 34
73 40
73 43
73 48
73 49
73 70
73 104
73 111
73 138
73 149
73 151
73 158
74 0
74 3
74 4
74 10
74 28
74 39
74 40
74 41
74 46
74 61
74 65
74 69
74 80
74 94
74 124
74 132
74 141
74 159
75 2
75 11
75 12
75 28
75 37
75 51
75 55
75 73
75 79
75 80
75 88
75 97
75 99
75 109
75 111
75 133
75 136
75 138
75 141
75 148
76 12
76 14
76 16
76 22
76 23
76 33
76 40
76 41
76 53
76 61
76 69
76 71
76 75
76 80
76 84
76 102
76 110
76 113
76 140
77 15
77 18
77 20
77 32
77 38
77 40
77 46
77 50
77 81
77 83
77 84
77 90
77 93
77 94
77 112
77 120
77 148
77 150
78 18
78 23
78 24
78 40
78 60
78 84
78 88
78 94
78 108
78 110
78 112
78 122
78 130
78 137
78 140
78 155
79 29
79 31
79 32
79 33
79 41
79 67
79 69
79 106
79 108
79 109
79 119
79 128
79 131
79 143
79 144
79 146
79 150
79 158
80 3
80 6
80 19
80 46
80 51
80 52
80 58
80 64
80 77
80 96
80 103
80 105
80 118
80 125
80 129
80 138
81 17
81 22
81 23
81 27
81 55
81 61
81 62
81 85
81 107
81 118
81 124
81 126
81 131
81 145
82 0
82 1
82 2
82 5
82 6
82 9
82 14
82 18
82 32
82 34
82 40
82 71
82 113
82 117
82 119
82 125
82 135
83 1
83 19
83 27
83 54
83 57
83 60
83 62
83 87
83 89
83 92
83 96
83 106
83 107
83 123
83 141
83 145
83 148
83 152
84 7
84 8
84 19
84 29
84 41
84 42
84 47
84 80
84 86
84 88
84 96
84 105
84 134
84 143
84 155
85 13
85 18
85 19
85 25
85 26
85 65
85 83
85 90
85 95
85 97
85 124
85 128
85 130
85 139
85 148
85 149
86 17
86 20
86 22
86 27
86 41
86 45
86 47
86 79
86 99
86 101
86 107
86 113
86 115
86 116
86 119
86 139
86 141
87 10
87 14
87 19
87 50
87 57
87 68
87 74
87 112
87 113
87 153
88 1
88 16
88 18
88 61
88 86
88 90
88 99
88 108
88 126
88 127
88 128
88 147
88 154
88 156
88 158
89 6
89 8
89 22
89 30
89 31
89 40
89 44
89 51
89 52
89 64
89 67
89 79
89 85
89 88
89 94
89 95
89 104
89 106
89 118
89 128
89 137
89 139
89 150
89 153
89 158
90 0
90 4
90 15
90 16
90 18
90 28
90 36
90 38
90 41
90 53
90 69
90 84
90 92
90 93
90 100
90 105
90 122
90 126
90 127
90 129
90 144
90 153
91 3
91 10
91 21
91 25
91 37
91 43
91 53
91 58
91 84
91 99
91 110
91 112
91 116
91 136
91 140
91 150
91 154
92 10
92 14
92 28
92 31
92 36
92 54
92 65
92 77
92 88
92 89
92 99
92 111
92 112
92 122
92 127
92 136
92 139
92 151
92 152
93 5
93 7
93 20
93 32
93 57
93 65
93 67
93 81
93 86
93 101
93 107
93 109
93 115
93 124
93 136
93 138
93 142
93 146
93 150
94 4
94 5
94 10
94 15
94 16
94 28
94 32
94 49
94 55
94 58
94 71
94 73
94 75
94 76
94 85
94 88
94 106
94 107
94 110
94 120
94 129
94 140
94 143
94 145
94 146
95 22
95 31
95 47
95 50
95 61
95 74
95 79
95 84
95 90
95 94
95 96
95 101
95 125
95 132
95 133
95 153
95 157
96 22
96 23
96 47
96 52
96 59
96 64
96 66
96 71
96 87
96 114
96 128
96 130
96 139
96 142
97 13
97 32
97 33
97 38
97 68
97 72
97 73
97 78
97 101
97 110
97 121
97 134
97 135
97 158
98 0
98 23
98 28
98 33
98 53
98 66
98 70
98 84
98 85
98 87
98 100
98 106
98 114
98 126
98 128
98 130
98 131
98 137
98 145
99 11
99 17
99 22
99 24
99 38
99 45
99 53
99 64
99 79
99 103
99 122
99 141
100 9
100 28
100 40
100 48
100 77
100 120
100 121
100 128
100 133
100 134
100 136
101 0
101 2
101 3
101 5
101 7
101 9
101 21
101 27
101 28
101 30
101 35
101 51
101 66
101 75
101 89
101 96
101 98
101 130
101 158
102 0
102 16
102 55
102 60
102 94
102 97
102 98
102 117
102 124
102 126
102 128
102 131
102 132
102 139
102 141
102 149
103 1
103 6
103 17
103 18
103 19
103 33
103 39
103 40
103 64
103 71
103 91
103 115
103 136
103 137
103 141
103 143
104 0
104 5
104 22
104 32
104 38
104 66
104 79
104 103
104 109
104 117
104 136
104 140
105 11
105 12
105 24
105 26
105 58
105 62
105 75
105 78
105 81
105 121
105 123
105 142
105 147
105 148
105 152
105 153
106 7
106 12
106 14
106 18
106 19
106 32
106 53
106 68
106 74
106 99
106 116
106 129
106 138
106 140
106 143
106 147
106 151
106 152
107 1
107 7
107 11
107 45
107 52
107 73
107 77
107 85
107 88
107 106
107 117
107 127
107 131
107 152
107 153
108 5
108 6
108 7
108 14
108 16
108 20
108 31
108 52
108 63
108 76
108 92
108 103
108 109
108 110
108 116
108 132
108 136
108 145
108 146
108 149
108 158
109 9
109 17
109 35
109 36
109 50
109 55
109 69
109 76
109 90
109 101
109 107
109 113
109 118
109 134
109 136
109 139
109 144
109 145
109 151
110 13
110 55
110 64
110 67
110 74
110 87
110 98
110 111
110 112
110 117
110 119
110 141
110 146
110 148
110 151
110 153
110 155
110 158
111 11
111 15
111 37
111 49
111 80
111 85
111 109
111 117
111 129
111 149
111 157
112 8
112 11
112 15
112 23
112 49
112 63
112 70
112 85
112 106
112 111
112 115
112 117
112 122
112 130
113 21
113 25
113 33
113 39
113 40
113 57
113 71
113 78
113 92
113 111
113 119
113 121
113 124
113 126
114 5
114 32
114 35
114 43
114 53
114 65
114 75
114 81
114 106
114 119
114 139
114 143
114 150
115 7
115 8
115 9
115 14
115 15
115 29
115 43
115 47
115 55
115 64
115 67
115 74
115 106
115 116
115 118
115 128
115 131
115 141
115 147
116 0
116 18
116 19
116 39
116 43
116 52
116 54
116 60
116 63
116 75
116 83
116 84
116 88
116 97
116 117
116 129
116 132
117 0
117 2
117 13
117 38
117 51
117 78
117 87
117 114
117 120
117 122
117 138
117 141
117 150
117 153
118 7
118 11
118 30
118 36
118 55
118 71
118 88
118 95
118 105
118 107
118 113
118 125
118 129
118 137
118 139
118 152
118 157
119 2
119 15
119 26
119 30
119 36
119 45
119 51
119 61
119 74
119 88
119 90
119 92
119 95
119 100
119 118
119 122
119 129
119 142
119 154
120 6
120 9
120 20
120 24
120 25
120 32
120 45
120 61
120 67
120 74
120 78
120 105
120 113
120 123
120 127
120 132
120 133
120 140
120 143
120 148
121 0
121 2
121 9
121 11
121 12
121 22
121 29
121 41
121 42
121 48
121 53
121 64
121 71
121 76
121 77
121 120
121 134
121 147
121 152
121 153
122 6
122 13
122 18
122 20
122 28
122 65
122 97
122 101
122 103
122 106
122 116
122 143
122 144
123 5
123 12
123 21
123 30
123 42
123 77
123 94
123 103
123 121
123 136
123 143
123 158
124 3
124 14
124 55
124 91
124 105
124 106
124 108
124 114
124 117
124 147
124 156
125 34
125 37
125 40
125 43
125 57
125 59
125 73
125 88
125 123
125 127
125 132
125 154
126 5
126 19
126 45
126 50
126 68
126 77
126 86
126 87
126 91
126 94
126 111
126 118
126 119
126 120
126 127
126 130
126 141
126 155
127 3
127 5
127 6
127 23
127 49
127 50
127 83
127 86
127 110
127 119
127 121
128 4
128 10
128 18
128 22
128 56
128 64
128 72
128 75
128 78
128 86
128 105
128 138
128 153
129 28
129 36
129 38
129 43
129 44
129 55
129 83
129 100
129 142
130 33
130 38
130 43
130 46
130 50
130 56
130 57
130 62
130 72
130 81
130 86
130 87
130 127
130 144
130 147
130 158
131 9
131 11
131 13
131 14
131 44
131 134
131 145
131 148
131 158
132 16
132 27
132 41
132 52
132 62
132 94
132 100
132 104
132 117
132 130
132 134
132 136
133 6
133 7
133 9
133 14
133 19
133 20
133 32
133 40
133 54
133 56
133 60
133 62
133 66
133 80
133 82
133 86
133 88
133 91
133 101
133 112
133 124
133 125
133 138
133 141
133 142
134 6
134 9
134 18
134 32
134 41
134 58
134 66
134 123
134 130
134 144
134 151
134 157
135 0
135 8
135 12
135 16
135 24
135 48
135 61
135 68
135 70
135 74
135 81
135 84
135 91
135 104
135 111
135 119
135 130
135 131
135 152
135 157
136 5
136 11
136 24
136 33
136 40
136 54
136 56
136 65
136 79
136 87
136 105
136 112
136 114
136 117
136 127
136 147
136 151
137 0
137 8
137 13
137 26
137 30
137 31
137 32
137 37
137 38
137 42
137 50
137 72
137 73
137 82
137 84
137 88
137 93
137 94
137 96
137 100
137 127
137 129
137 146
137 157
138 8
138 26
138 30
138 38
138 40
138 63
138 69
138 71
138 85
138 87
138 94
138 101
138 104
138 110
138 114
138 115
138 118
138 137
138 148
138 154
138 155
138 159
139 6
139 15
139 59
139 68
139 75
139 76
139 79
139 113
139 126
139 129
139 148
139 154
140 7
140 15
140 19
140 21
140 22
140 24
140 63
140 74
140 86
140 92
140 97
140 118
140 132
140 144
140 158
141 4
141 9
141 10
141 16
141 21
141 30
141 50
141 68
141 78
141 97
141 105
141 153
142 5
142 11
142 13
142 14
142 15
142 20
142 62
142 80
142 83
142 88
142 95
142 111
142 121
142 140
142 158
143 2
143 4
143 19
143 21
143 28
143 40
143 56
143 73
143 74
143 111
143 135
143 151
143 154
144 18
144 46
144 76
144 78
144 84
144 86
144 92
144 120
144 126
144 146
144 150
145 13
145 14
145 19
145 30
145 44
145 45
145 64
145 79
145 116
145 122
145 126
145 129
145 137
145 140
145 144
145 151
145 152
145 156
146 8
146 29
146 40
146 57
146 98
146 109
146 118
146 121
146 125
146 128
146 129
146 139
146 157
147 0
147 5
147 13
147 18
147 24
147 46
147 49
147 56
147 87
147 97
147 98
147 101
147 114
147 119
147 135
147 139
147 144
147 153
147 155
147 158
148 1
148 3
148 4
148 7
148 8
148 12
148 18
148 30
148 31
148 43
148 47
148 51
148 54
148 88
148 111
148 116
148 123
148 124
148 125
148 133
148 136
148 146
149 6
149 28
149 46
149 52
149 60
149 76
149 89
149 98
149 107
149 119
149 121
149 130
149 151
149 154
150 0
150 12
150 13
150 26
150 30
150 32
150 88
150 92
150 95
150 103
150 113
150 122
150 136
150 139
150 156
151 18
151 23
151 27
151 30
151 35
151 41
151 48
151 61
151 68
151 77
151 81
151 91
151 114
151 122
151 125
151 137
152 2
152 15
152 19
152 24
152 25
152 28
152 33
152 39
152 52
152 59
152 64
152 68
152 73
152 80
152 84
152 90
152 95
152 117
152 130
152 132
152 137
152 148
153 8
153 14
153 22
153 25
153 73
153 77
153 85
153 91
153 114
153 118
153 119
153 133
153 140
153 142
154 7
154 10
154 18
154 20
154 31
154 40
154 46
154 78
154 79
154 80
154 115
154 122
155 0
155 1
155 22
155 27
155 32
155 41
155 42
155 61
155 71
155 100
155 106
155 114
155 117
155 122
155 132
155 145
155 149
155 150
156 12
156 17
156 23
156 26
156 27
156 29
156 38
156 41
156 42
156 48
156 50
156 55
156 56
156 58
156 75
156 84
156 90
156 101
156 111
156 112
156 119
156 123
156 128
156 136
156 153
157 52
157 69
157 73
157 79
157 97
157 101
157 115
157 158
158 1
158 6
158 7
158 12
158 19
158 41
158 45
158 75
158 78
158 100
158 113
158 115
158 119
158 133
158 143
158 159
159 1
159 4
159 34
159 39
159 47
159 51
159 80
159 85
159 92
159 116
159 128
159 129
159 148
159 154
0 1 2 3 4 5 6 7 8 9 10 11 12 13 14 15 16 17 18 19 20 21 22 23 24 25 26 27 28 29 30 31 32 33 34 35 36 37 38 39
