160 812 40
0 29
0 37
0 50
0 56
0 64
0 121
0 136
0 147
0 152
1 13
1 21
1 57
1 65
1 89
1 154
2 23
2 75
2 88
2 120
3 18
3 21
3 84
3 120
3 157
4 7
4 51
4 71
4 90
4 113
4 141
5 2
5 14
5 30
5 31
5 37
5 88
5 139
6 25
6 36
6 38
6 44
6 97
6 123
7 3
7 157
8 133
8 136
8 138
8 141
9 57
9 127
10 16
10 20
10 31
10 38
10 50
10 116
10 118
10 132
11 35
11 108
12 35
12 40
12 42
12 95
12 119
12 138
12 158
13 0
13 29
13 36
13 63
13 106
13 126
13 135
13 153
14 4
14 23
14 48
14 151
15 59
15 70
15 102
15 104
15 117
15 150
15 151
16 17
16 100
16 107
17 4
17 10
17 22
17 49
17 70
17 87
18 4
18 5
18 47
18 122
18 152
19 49
19 64
19 65
19 69
19 103
19 126
20 30
20 55
20 85
20 104
20 132
20 133
21 5
21 16
21 49
21 97
22 58
22 150
23 22
23 68
23 129
23 130
23 136
23 148
24 16
24 23
24 60
24 75
24 100
24 131
24 138
25 142
26 5
26 21
26 78
26 89
27 29
27 33
27 41
27 89
27 117
27 129
27 153
28 5
28 66
28 107
28 136
29 95
30 25
30 28
30 59
30 79
30 83
30 113
30 135
30 138
31 8
31 41
31 66
31 76
31 105
32 50
32 97
32 128
33 36
33 88
33 97
33 100
34 12
34 16
34 49
34 68
34 113
34 115
34 122
35 2
35 22
35 25
35 37
35 38
35 51
35 65
35 79
35 106
35 121
35 131
36 9
36 10
36 35
36 44
36 51
36 94
36 145
37 14
37 44
37 72
37 79
37 84
37 103
37 120
37 136
38 2
38 9
38 18
38 76
38 101
39 13
39 29
39 32
39 142
39 150
40 0
40 32
40 34
40 86
40 114
40 136
41 13
41 26
41 45
41 60
41 69
41 141
42 17
42 89
42 140
43 19
43 23
43 72
43 130
43 141
43 158
44 19
44 98
44 108
45 11
45 75
45 155
46 76
46 122
46 136
47 26
47 69
47 72
47 88
47 154
48 29
48 93
49 10
49 113
50 6
50 63
50 74
50 104
51 3
51 31
51 50
51 56
51 63
51 86
51 93
52 11
52 104
52 149
53 11
53 26
53 131
54 2
54 46
54 109
54 134
54 135
54 136
55 13
55 29
55 44
55 81
55 88
55 111
56 30
56 40
56 69
56 103
56 135
56 136
56 150
57 52
57 144
58 40
58 99
58 132
58 149
58 157
59 23
59 47
59 49
59 58
59 98
60 36
60 76
60 78
60 126
60 129
60 140
60 141
61 29
61 138
62 3
62 4
62 68
63 80
63 98
63 105
64 2
64 32
64 61
64 96
65 44
65 69
65 85
65 110
66 54
66 67
66 101
66 112
66 133
67 7
67 30
67 86
67 96
67 129
68 32
68 52
68 59
68 67
68 99
68 120
69 77
69 101
69 106
69 117
69 125
70 48
70 50
70 81
70 98
70 143
71 80
71 93
71 116
71 133
71 150
72 27
72 50
72 55
72 102
72 105
72 111
72 126
73 124
74 105
74 150
75 16
75 78
75 83
75 96
76 81
76 147
76 158
77 32
77 88
77 133
78 64
78 67
78 86
78 132
79 83
79 102
79 118
80 68
80 113
80 124
80 132
80 159
81 1
81 5
81 29
81 39
81 63
81 120
81 153
82 10
82 14
82 120
82 126
83 45
84 20
84 78
85 23
85 66
85 78
85 89
85 115
85 124
86 28
86 80
87 21
87 27
87 42
87 48
87 78
87 81
87 114
87 115
87 125
87 144
87 149
88 15
88 52
88 61
88 97
88 102
88 111
89 76
89 158
90 24
90 59
90 118
90 142
90 148
90 151
91 12
91 25
91 37
91 70
91 99
91 117
92 21
92 50
92 74
93 8
93 22
93 47
93 53
93 57
93 84
93 99
93 110
94 33
94 81
94 82
94 126
95 17
95 23
95 40
95 43
95 72
95 144
96 0
96 39
96 45
96 52
96 58
96 72
96 97
96 98
97 70
97 91
97 130
98 20
98 37
98 54
98 69
98 78
98 100
98 127
98 133
98 156
99 6
99 39
99 90
99 95
99 130
100 61
100 157
101 21
101 94
101 97
101 108
101 149
101 159
102 7
102 75
102 78
102 92
102 132
102 155
103 31
103 43
103 55
103 73
103 74
104 9
104 10
104 29
104 37
104 94
105 39
105 82
105 83
105 93
105 130
106 0
106 43
106 52
106 62
106 75
106 141
107 3
107 25
107 41
107 52
107 99
107 148
108 3
108 45
108 60
108 135
109 51
109 63
109 93
109 114
110 2
110 25
110 46
110 98
110 128
110 159
111 8
111 79
111 83
111 131
112 2
112 57
112 109
112 111
112 136
112 139
112 150
113 5
113 10
113 31
113 45
113 51
113 60
113 73
114 15
114 17
114 45
114 76
114 83
114 98
114 139
115 62
115 86
115 130
116 56
116 100
116 101
116 137
116 143
117 12
117 35
117 42
117 96
117 99
117 101
117 126
118 39
118 74
118 87
118 100
118 138
118 152
119 11
119 34
119 60
119 139
119 151
120 23
120 49
120 140
120 158
121 7
121 30
121 53
121 73
121 82
121 85
121 152
122 25
122 104
123 10
123 18
123 53
123 103
123 130
124 27
124 44
124 92
124 95
124 102
125 13
125 35
125 71
125 152
126 14
126 27
126 32
126 38
126 124
126 130
126 144
126 147
127 20
127 60
127 73
127 130
127 140
127 141
128 48
128 67
128 107
128 133
128 140
128 145
129 66
129 74
129 83
130 0
130 15
130 73
130 77
130 87
130 89
130 103
130 109
130 153
130 157
131 14
131 76
131 78
131 81
131 95
131 103
131 106
132 15
132 37
132 70
132 93
132 109
132 114
132 128
133 9
133 41
133 46
133 52
133 61
133 96
133 101
133 159
134 20
134 34
134 80
134 87
134 109
134 150
135 1
135 11
135 14
135 20
135 24
135 31
135 33
135 140
136 33
136 45
136 75
136 86
136 110
136 134
137 7
137 75
137 157
138 44
138 65
138 126
139 4
139 37
139 44
139 95
139 96
139 103
140 8
140 138
141 16
141 48
141 97
141 104
141 156
142 12
142 23
142 135
142 141
142 151
143 45
143 49
143 64
143 74
143 76
143 81
144 35
144 84
144 100
144 101
144 110
144 131
145 7
145 29
145 52
145 62
145 69
145 104
145 137
146 31
146 65
146 94
146 130
147 7
147 83
147 97
147 107
148 35
148 38
148 64
148 91
148 117
148 125
148 128
149 34
149 82
149 120
149 123
150 3
150 59
150 85
150 93
150 125
150 155
150 156
151 22
151 45
151 92
151 102
151 120
151 128
151 133
152 22
152 25
152 110
153 21
153 31
153 34
153 57
153 73
153 74
153 75
153 78
153 90
153 91
153 111
153 139
154 6
154 116
155 7
155 36
155 100
156 63
156 69
156 73
156 114
156 130
156 144
156 153
157 29
157 61
157 132
158 3
158 24
158 25
158 30
158 86
158 96
159 21
159 22
159 59
159 71
159 79
159 89
159 154
159 155
0 1 2 3 4 5 6 7 8 9 10 11 12 13 14 15 16 17 18 19 20 21 22 23 24 25 26 27 28 29 30 31 32 33 34 35 36 37 38 39
