160 355 7
0 45
0 79
0 137
0 147
1 19
1 49
2 35
2 45
2 105
2 107
2 133
2 148
3 70
3 90
4 52
4 149
5 63
6 59
6 147
7 10
7 42
9 86
9 125
10 0
10 7
10 51
11 56
11 64
11 154
12 26
12 143
13 26
13 130
14 58
14 91
15 91
15 133
15 149
16 111
16 139
17 69
17 122
17 141
18 83
18 146
19 77
20 40
20 148
21 14
21 46
21 58
21 103
22 105
22 128
22 152
23 25
23 53
23 104
23 112
23 129
24 92
24 129
26 12
26 13
26 28
26 93
26 129
28 26
29 23
29 45
29 62
30 83
30 122
31 45
31 157
32 39
32 43
32 129
33 63
33 123
33 155
34 135
35 2
35 89
36 86
36 134
37 89
37 133
38 26
38 93
38 106
39 32
40 18
40 20
41 127
42 7
42 44
43 42
43 78
43 148
44 38
44 42
44 115
44 129
45 0
45 2
45 29
45 31
45 125
46 21
46 58
46 95
47 141
47 156
48 33
48 73
48 129
48 150
49 1
50 92
50 104
50 158
51 10
51 77
53 23
53 71
53 139
53 143
55 139
56 11
56 91
57 153
58 14
58 21
58 46
59 49
59 86
59 141
60 143
61 47
61 64
62 29
62 78
63 5
63 129
64 11
65 144
66 76
66 91
67 84
68 137
69 17
70 3
70 125
70 139
71 53
71 95
71 153
72 157
73 48
73 96
73 100
73 153
74 150
75 77
75 119
76 66
76 84
76 129
77 51
78 29
78 158
79 4
79 54
79 146
80 84
80 111
81 86
81 140
82 94
82 123
83 18
83 30
83 109
84 67
84 76
84 80
84 91
84 94
85 101
85 114
86 9
86 59
86 81
86 109
87 10
87 115
87 150
88 40
88 100
89 104
90 3
91 14
91 15
91 56
91 66
92 24
93 119
94 0
94 23
94 38
94 82
95 19
95 71
97 1
97 28
97 145
98 10
98 111
99 76
99 94
100 73
101 139
102 114
103 21
103 159
104 50
104 64
104 136
105 9
105 22
105 45
105 58
105 114
105 126
106 38
107 2
108 66
108 74
109 83
109 139
109 141
111 80
111 98
111 142
112 23
113 8
114 102
114 105
114 117
115 87
115 147
116 54
117 88
117 114
118 147
119 75
119 93
120 150
121 61
121 106
122 17
122 128
123 33
123 82
124 139
125 25
125 45
125 70
125 130
125 142
125 159
126 99
126 105
127 41
127 62
127 152
128 22
128 80
128 122
128 152
128 157
129 26
129 44
129 63
130 155
131 74
131 136
133 2
134 36
134 124
135 140
136 104
136 146
137 0
137 68
139 16
139 27
139 55
139 70
139 101
139 109
139 124
140 81
140 108
140 135
141 17
141 47
141 109
142 51
142 111
142 125
143 12
143 53
143 132
144 65
144 70
144 107
145 63
146 136
147 6
147 115
147 118
148 2
148 34
148 35
148 43
148 113
149 15
149 112
149 125
150 27
150 74
150 87
150 120
151 108
152 22
153 71
153 73
153 117
154 111
155 33
155 130
156 31
156 47
156 91
156 138
157 31
157 72
157 83
157 128
157 141
159 110
159 125
159 141
0 1 2 3 4 5 6
