160 405 24
0 3
0 17
0 18
0 32
0 75
0 95
0 110
0 145
1 6
1 13
1 27
1 66
1 90
2 13
2 15
2 91
2 128
3 0
3 59
3 63
3 65
4 69
4 120
4 150
5 16
5 57
6 18
6 81
7 18
7 25
7 28
7 83
7 146
8 36
8 49
8 97
9 138
10 28
10 64
11 14
11 36
11 111
11 132
12 10
12 21
12 53
13 1
13 18
13 110
13 118
13 124
14 75
14 117
14 142
15 4
15 23
15 58
15 73
15 74
15 141
16 5
16 94
17 6
18 7
18 13
18 112
19 45
20 22
20 94
21 12
21 20
21 27
21 45
21 91
21 133
21 144
21 148
22 79
23 78
23 116
24 25
24 49
24 115
25 2
25 7
25 108
26 35
27 21
27 77
27 101
28 4
28 22
28 74
28 106
28 112
28 134
29 59
29 113
29 145
30 35
31 121
31 135
31 144
32 0
33 28
33 41
33 51
33 75
33 107
33 131
33 149
34 46
34 147
35 49
35 81
36 8
36 122
36 132
37 33
37 89
38 72
38 88
38 89
39 9
39 85
40 55
41 33
41 112
41 135
42 101
42 148
43 24
43 50
43 115
43 151
44 124
45 19
45 64
46 60
46 137
47 17
47 43
47 58
47 136
47 144
48 61
48 155
49 71
49 98
49 117
49 121
50 36
50 43
50 153
51 33
51 64
51 71
51 73
51 129
51 135
51 140
51 156
52 77
52 148
53 50
54 65
54 115
55 43
55 51
55 69
55 107
56 5
56 156
57 130
58 15
59 95
60 46
61 22
61 57
61 118
62 64
63 3
64 10
64 51
64 62
66 26
66 30
67 92
67 156
68 39
68 70
68 80
68 82
68 131
69 4
70 68
70 122
71 46
71 49
71 83
71 105
73 51
73 57
73 107
74 15
74 28
74 76
74 97
74 112
75 0
75 14
75 96
76 19
76 49
76 74
76 80
78 23
78 42
79 47
79 75
80 68
81 35
82 54
82 139
83 7
83 71
83 96
83 109
83 111
83 149
84 3
84 49
84 63
84 73
84 77
84 154
85 39
85 130
86 152
87 96
88 38
88 75
88 96
88 153
89 75
89 125
90 53
90 59
90 131
91 34
91 104
93 8
93 58
93 159
94 16
94 20
94 84
95 0
95 59
96 13
96 75
96 87
97 74
97 146
98 49
99 65
99 67
99 107
99 131
100 118
100 146
101 27
101 134
101 144
103 155
104 91
104 108
104 145
105 56
105 128
106 19
107 33
107 90
107 146
108 14
108 25
108 104
108 131
109 75
109 83
110 109
111 11
112 18
112 28
112 74
113 0
113 29
113 33
113 111
114 86
114 95
115 43
115 54
116 79
116 129
118 39
118 61
118 157
119 151
120 4
120 94
120 153
121 74
121 86
121 120
121 152
122 78
122 99
123 45
123 56
123 63
123 141
123 153
124 13
124 19
124 65
125 64
126 29
126 74
127 38
128 2
128 132
128 135
129 12
129 51
129 101
129 116
130 0
130 63
131 90
131 102
131 108
131 119
132 7
132 11
132 128
132 131
133 45
133 115
133 135
134 27
134 101
134 113
135 41
135 128
136 140
138 9
138 30
138 68
138 142
139 82
139 150
140 51
140 78
140 108
141 88
142 12
142 30
142 59
143 77
144 21
144 31
144 47
144 101
145 0
145 20
145 29
146 97
146 158
147 0
147 34
149 23
149 91
149 147
150 129
151 17
151 87
152 118
152 142
153 34
153 120
153 123
154 83
154 128
155 54
155 56
155 59
155 94
155 105
156 67
157 13
157 61
157 93
157 118
159 15
0 1 2 3 4 5 6 7 8 9 10 11 12 13 14 15 16 17 18 19 20 21 22 23
