160 812 24
0 29
0 34
0 44
0 45
0 49
0 66
0 70
0 72
0 93
0 100
0 143
0 148
0 156
1 23
1 31
1 98
2 12
2 18
2 38
2 49
2 62
2 92
3 4
3 14
3 28
3 44
3 58
3 61
3 89
3 106
3 109
4 18
4 51
4 79
4 108
4 140
4 148
5 54
5 104
5 109
5 128
5 153
6 3
7 49
7 140
7 144
8 2
8 14
8 29
8 75
8 116
8 155
9 1
9 72
9 102
9 115
9 131
10 38
10 44
10 72
10 77
10 104
11 17
11 18
11 80
11 110
11 133
11 157
12 41
12 42
12 54
12 96
12 116
12 133
12 140
12 153
12 155
13 20
13 112
13 122
13 140
13 153
14 0
14 10
14 22
14 79
14 92
14 113
14 137
15 13
15 46
15 73
15 89
16 3
16 10
16 19
16 22
16 44
16 82
16 99
16 108
16 159
17 7
17 25
17 35
17 45
17 83
17 120
17 142
18 20
18 63
18 86
18 109
19 60
19 115
19 152
20 111
20 126
21 124
22 21
22 25
22 27
22 32
22 69
22 75
22 79
23 2
23 28
23 43
23 81
24 12
24 72
25 24
25 33
25 50
25 61
25 74
25 113
25 155
26 33
26 80
26 103
26 153
27 8
27 48
27 80
27 156
28 111
28 135
29 9
29 40
29 44
29 78
29 83
29 151
30 1
30 13
30 15
30 24
30 58
30 70
30 80
31 2
31 3
31 63
31 145
32 27
32 39
32 61
32 77
32 114
32 139
33 131
34 48
34 56
34 63
34 76
35 62
35 66
35 68
35 100
35 145
36 28
36 71
36 131
36 158
37 3
37 33
37 70
37 111
38 18
38 31
38 39
38 63
38 97
38 104
38 117
38 145
39 3
39 28
39 37
39 69
39 90
39 113
39 132
39 145
40 22
40 28
41 0
41 100
41 106
42 66
42 128
42 133
42 138
42 152
43 54
43 103
43 126
44 2
44 21
44 55
44 59
44 119
44 142
44 148
45 68
45 81
45 139
47 20
47 149
48 59
48 126
48 130
48 149
49 10
49 20
49 45
49 48
49 67
49 72
49 85
49 132
50 30
50 83
50 104
51 8
51 54
51 110
51 117
51 151
52 29
52 55
52 59
52 105
53 26
53 35
53 105
54 0
54 3
54 47
54 68
54 132
54 145
55 12
55 98
55 104
55 120
55 140
56 0
56 16
56 73
56 79
56 84
56 92
56 97
56 100
56 121
57 53
57 75
57 116
57 117
58 84
58 110
58 158
59 33
59 37
59 62
59 115
60 8
60 40
60 44
60 108
60 115
60 143
61 52
62 13
62 24
62 40
62 50
62 98
62 110
63 20
63 117
63 153
64 71
64 92
64 133
64 156
65 1
65 13
65 21
65 76
65 125
66 6
66 83
66 86
66 156
67 34
67 54
67 80
67 85
67 120
67 131
67 150
68 2
68 14
68 18
68 44
68 89
68 135
68 156
69 0
69 16
69 43
69 86
69 92
69 123
69 139
70 2
70 40
70 50
70 67
70 144
70 147
70 152
71 57
71 61
71 83
71 113
71 138
72 47
72 52
72 95
72 141
73 52
73 54
73 62
73 75
73 79
73 154
74 72
75 15
75 67
75 84
75 146
76 23
76 26
76 44
76 48
76 49
76 63
76 88
76 93
76 96
77 16
77 30
77 46
77 112
78 10
78 12
78 32
79 38
79 39
79 64
79 91
79 93
79 107
79 130
79 153
80 19
80 31
80 43
80 47
81 14
81 103
81 116
81 132
82 52
82 64
82 142
83 11
83 28
83 45
83 65
83 81
83 132
83 138
84 6
84 7
84 50
84 52
84 141
85 81
85 102
86 36
86 101
87 19
87 94
88 14
88 49
88 50
88 56
88 58
88 117
89 64
89 103
90 10
90 53
90 61
90 70
91 3
91 8
91 86
91 130
91 141
92 15
92 74
92 81
92 98
92 150
93 19
93 20
93 53
93 85
93 107
93 123
94 12
94 20
94 69
94 74
94 111
94 115
94 130
94 136
94 137
94 153
95 4
95 10
95 30
95 94
95 139
95 153
96 39
96 51
96 88
96 120
96 134
96 147
96 154
97 73
97 145
98 18
98 52
98 76
98 77
98 86
98 97
99 59
99 62
99 74
99 76
99 138
100 45
100 126
101 50
101 92
101 143
102 31
102 58
102 91
102 108
102 140
103 9
103 67
104 16
104 69
104 150
105 6
105 13
105 56
106 7
106 81
106 135
107 143
107 144
107 158
108 59
108 136
109 10
109 24
109 80
109 139
110 49
110 56
110 71
110 97
110 108
110 122
111 6
111 10
111 41
111 83
111 93
112 24
112 27
112 97
112 109
112 128
112 135
112 146
113 45
113 46
113 116
114 20
114 21
114 23
114 28
114 59
115 2
115 27
115 73
115 79
115 101
115 108
115 121
116 1
116 4
116 19
116 150
117 21
117 27
117 55
117 58
117 90
117 98
117 127
117 129
117 151
118 5
118 23
118 30
118 100
118 136
118 159
119 33
119 46
119 78
119 82
119 100
119 117
119 150
120 9
120 11
120 23
120 43
120 114
120 132
120 149
120 152
121 54
121 119
121 125
122 27
122 34
122 42
122 74
122 75
122 88
122 124
122 141
122 143
123 3
123 126
124 12
124 22
124 24
124 62
124 65
124 74
124 86
124 97
124 121
124 129
124 134
124 148
125 64
125 139
125 147
125 155
125 159
126 7
126 10
126 29
126 65
126 107
126 110
126 118
126 128
127 21
127 73
127 124
127 137
127 145
127 149
128 48
128 50
128 67
128 69
128 91
128 109
128 131
129 6
129 25
129 47
129 75
129 77
129 114
129 133
129 138
130 30
130 40
130 135
131 39
131 92
131 104
131 117
131 127
131 143
131 146
132 30
132 64
132 74
132 89
132 104
132 141
133 21
133 87
133 100
134 62
134 68
134 77
134 92
134 104
134 105
134 111
134 118
134 121
134 127
134 142
135 49
135 78
135 99
136 3
136 48
136 76
136 86
136 156
137 24
137 27
137 69
137 89
137 114
137 118
137 134
138 56
138 90
138 95
138 106
138 130
138 150
139 1
139 5
139 14
139 75
139 90
139 141
140 6
140 25
140 40
140 50
140 66
140 137
140 157
141 118
142 91
142 103
142 137
143 31
143 55
143 111
143 141
143 156
144 3
144 36
144 96
144 99
144 100
144 112
144 137
145 16
145 20
145 82
145 92
145 94
145 108
145 136
145 157
146 40
146 79
146 96
146 127
146 144
146 149
147 26
147 53
147 99
147 126
148 41
148 47
148 59
148 71
148 79
148 125
149 14
149 21
149 60
149 113
149 152
150 14
150 19
150 24
150 38
150 114
150 115
150 144
150 155
151 9
151 13
151 34
151 89
151 104
152 8
152 58
152 63
152 75
152 93
152 122
152 125
152 133
152 148
153 16
153 52
153 100
153 119
153 138
154 53
154 56
154 100
154 112
154 117
154 142
155 1
155 3
155 43
155 94
155 144
155 152
156 5
156 34
156 71
156 96
156 108
156 114
157 2
157 30
157 38
157 118
157 132
157 151
157 155
158 23
158 39
158 44
158 110
158 116
158 126
159 31
159 37
159 76
159 102
159 114
0 1 2 3 4 5 6 7 8 9 10 11 12 13 14 15 16 17 18 19 20 21 22 23
