160 339 7
0 59
0 61
0 75
0 83
0 84
0 126
0 151
1 17
1 42
1 46
1 51
1 53
1 59
1 77
1 136
1 158
2 10
2 29
3 142
4 88
4 119
5 11
5 34
6 20
6 75
6 115
7 69
8 70
10 2
10 49
11 49
11 50
11 68
11 132
12 142
14 113
15 22
15 54
16 39
16 135
17 14
17 36
17 52
17 57
17 130
18 66
18 93
19 45
20 62
20 81
21 151
21 153
21 158
22 117
24 10
24 46
25 8
25 19
25 57
26 16
26 57
26 115
27 57
27 95
28 103
30 18
30 134
31 9
31 50
32 6
32 62
32 86
33 2
33 26
33 69
34 20
34 35
34 61
34 90
34 120
34 146
35 64
35 86
35 127
36 43
36 54
36 155
37 103
38 2
38 102
38 130
39 59
39 62
40 43
41 50
42 5
42 92
42 127
42 155
43 0
43 66
43 102
43 120
44 59
44 67
44 101
44 103
45 19
45 102
46 44
46 122
46 139
47 158
49 124
50 41
50 103
50 145
51 33
52 40
53 2
53 36
54 36
55 45
56 21
56 43
56 115
56 130
57 101
58 69
58 83
58 146
59 44
59 62
59 90
59 108
59 114
60 46
60 93
60 130
61 33
61 110
61 137
62 74
63 0
63 1
64 96
65 99
66 6
67 140
68 11
68 29
69 98
70 69
71 21
72 71
72 98
73 112
73 122
73 126
74 70
74 90
74 103
75 26
75 99
76 71
77 122
77 123
78 27
79 110
81 20
81 35
82 54
82 139
84 91
85 62
86 121
87 78
87 96
87 100
87 115
88 18
89 22
90 4
91 97
91 139
92 73
93 18
93 146
94 0
94 41
94 95
95 72
95 73
95 103
95 147
96 129
97 63
97 143
98 51
98 83
98 137
99 52
99 57
99 60
99 151
100 18
100 40
100 87
101 3
101 16
101 84
102 45
102 138
103 23
103 37
103 98
103 118
104 67
104 115
105 72
105 101
105 127
106 66
106 80
107 80
107 136
108 24
108 69
108 86
109 4
109 135
111 28
111 82
111 153
112 36
112 123
113 19
113 143
114 33
114 34
114 48
114 145
115 6
115 62
115 125
116 43
116 112
117 91
118 13
118 80
119 0
119 57
120 136
121 11
121 102
121 159
122 61
122 79
123 44
123 96
123 135
124 33
124 34
124 122
124 125
125 4
125 115
126 0
126 8
126 70
126 115
127 10
127 114
127 156
128 95
129 157
130 67
130 91
130 110
131 84
131 101
132 32
132 76
132 99
132 106
132 134
133 31
133 99
134 39
135 18
135 147
136 1
136 121
137 98
137 116
138 23
138 73
138 151
139 13
139 82
139 123
140 67
140 116
141 101
141 144
142 19
143 33
143 136
143 145
143 156
144 13
144 19
146 27
146 117
147 37
147 57
147 157
148 0
148 102
149 46
149 65
149 99
150 64
152 60
152 64
153 135
154 119
155 28
155 93
155 144
156 5
157 93
157 131
157 136
158 66
158 84
159 85
159 121
159 157
0 1 2 3 4 5 6
