160 812 12
0 10
0 43
0 55
0 58
0 60
0 98
0 112
0 114
0 127
0 143
1 0
1 9
1 19
1 27
1 60
1 72
1 113
2 34
2 39
2 105
3 14
3 31
3 58
3 79
3 89
3 92
3 149
4 13
4 32
4 43
4 77
4 90
5 37
5 47
5 85
6 7
6 16
6 50
6 58
6 104
6 109
7 14
7 32
8 6
8 134
9 31
9 51
9 52
9 108
9 122
9 126
10 4
10 44
10 63
10 95
10 139
10 158
11 54
11 71
11 125
11 128
12 22
12 77
12 85
12 93
12 127
12 147
12 153
13 2
13 5
13 48
13 66
13 96
14 43
14 58
14 60
14 73
14 80
14 83
14 89
14 135
14 144
14 148
15 23
15 43
15 55
15 92
15 101
15 119
16 41
16 49
16 58
16 75
16 117
16 132
17 14
17 49
17 99
17 123
18 13
18 55
18 86
18 111
18 119
18 136
18 141
18 154
19 37
19 49
19 74
19 76
19 102
19 137
20 16
20 28
20 101
20 122
21 9
21 11
21 12
21 134
22 15
22 20
22 85
22 126
23 31
23 40
23 53
23 61
23 83
23 87
24 9
24 48
24 142
25 7
25 118
25 129
26 20
26 54
26 59
26 60
26 92
26 96
27 53
27 87
27 102
27 158
28 22
28 35
28 148
29 109
29 131
29 135
30 27
30 32
30 59
30 65
30 83
31 5
31 39
31 57
31 78
32 31
32 59
32 136
32 155
33 16
33 48
33 84
33 105
33 110
34 20
34 82
34 103
34 105
34 106
35 30
35 49
35 115
35 148
35 152
36 51
36 57
36 80
36 103
36 146
37 102
37 117
37 140
37 150
38 20
38 23
38 59
38 66
38 73
38 104
38 152
39 3
39 8
39 50
39 58
39 87
39 113
40 72
40 79
40 105
41 2
41 10
41 11
41 25
41 43
41 66
41 78
41 104
41 115
42 3
42 28
42 46
42 62
42 86
42 97
42 119
42 140
43 65
43 81
43 97
44 1
44 15
44 45
45 85
45 134
46 0
46 19
46 39
46 58
46 68
46 92
46 93
46 94
46 131
46 157
47 10
47 44
47 116
48 17
48 136
49 42
49 66
49 85
49 107
49 138
49 139
49 149
50 100
51 47
51 50
51 75
52 8
52 62
52 72
52 130
52 133
52 139
53 11
53 16
53 39
53 66
53 73
53 104
53 113
53 116
53 139
53 148
53 154
54 112
55 75
55 126
55 132
55 135
56 34
56 40
56 49
56 72
56 144
56 148
57 111
57 120
57 121
57 134
58 21
58 38
58 45
58 92
58 122
58 142
59 7
59 14
59 96
59 117
59 137
59 157
60 46
60 47
60 56
60 67
60 72
60 107
60 117
60 129
60 136
61 9
61 50
61 57
61 97
61 112
62 1
62 20
62 28
62 56
62 102
63 23
63 26
63 32
63 78
63 91
63 92
63 107
63 119
63 121
63 132
64 40
64 45
64 129
65 7
65 8
65 22
65 24
65 40
65 52
65 91
65 141
65 143
65 151
65 155
66 43
66 74
66 103
67 12
67 75
67 112
67 114
67 115
68 28
68 98
69 3
69 12
69 21
69 43
69 90
70 3
70 119
70 128
70 134
70 141
71 15
71 19
71 52
72 4
72 51
72 62
72 68
72 110
73 12
73 16
73 31
73 35
73 50
73 60
74 26
74 39
74 75
74 91
74 98
74 150
75 19
75 44
75 46
75 49
75 57
75 60
75 69
75 101
76 25
76 89
76 157
77 24
77 30
77 83
77 96
77 114
77 145
77 149
78 24
78 32
78 44
78 54
78 76
78 124
79 1
79 92
79 99
79 118
79 141
80 0
81 24
81 42
81 61
81 147
82 3
82 35
82 84
82 118
83 50
83 58
83 107
83 125
83 154
84 35
84 37
84 47
85 15
85 33
85 58
85 87
85 103
85 147
85 155
86 54
86 56
86 95
86 131
87 25
87 70
87 80
87 106
87 121
88 14
88 36
88 50
88 75
88 153
88 158
89 29
89 59
90 3
90 25
90 44
90 93
90 98
91 40
91 53
91 147
92 65
92 80
92 141
93 61
93 73
93 80
93 102
94 3
94 20
94 24
94 63
94 77
94 111
94 123
94 125
95 8
95 11
95 27
95 29
95 37
95 79
95 94
96 20
96 40
96 79
96 115
96 139
97 0
97 58
97 123
97 128
98 14
98 48
98 87
98 116
99 35
99 50
99 82
99 83
99 116
100 2
100 74
100 79
100 148
100 149
101 46
101 48
101 64
101 77
101 92
102 14
102 28
102 42
102 48
102 145
102 150
103 21
103 123
103 154
104 86
104 94
105 50
105 96
105 120
106 17
106 57
107 7
107 91
107 97
107 103
107 134
108 66
108 78
108 97
108 105
108 145
108 159
109 0
109 5
109 19
109 21
109 31
109 73
109 75
109 144
110 21
110 51
110 77
110 79
110 148
111 19
111 60
111 137
111 144
112 36
112 43
112 116
112 128
112 147
113 9
113 24
113 50
113 104
113 111
113 158
114 1
114 42
114 57
114 84
114 92
115 9
115 29
115 42
115 110
115 126
115 148
115 158
116 20
116 89
116 95
116 96
116 122
117 1
117 4
117 14
117 43
117 44
117 122
117 130
117 143
118 104
118 116
118 134
118 137
119 12
119 50
119 64
119 93
119 123
119 149
120 75
120 76
120 82
120 99
120 102
120 110
120 131
121 28
121 32
121 69
121 79
121 100
121 102
121 123
122 4
122 82
122 129
123 14
123 41
123 51
123 91
123 101
124 9
124 19
124 100
124 154
124 158
125 91
125 137
126 45
126 78
126 142
126 144
127 3
127 31
127 70
127 111
128 59
128 68
128 130
128 137
128 143
129 54
129 81
130 78
130 83
130 137
130 142
131 15
131 44
131 59
131 68
131 81
131 99
131 107
131 136
132 10
132 17
132 51
132 53
132 64
132 68
132 94
132 120
132 137
132 150
133 39
133 58
133 59
133 96
133 108
133 131
134 41
134 60
134 80
135 3
135 6
135 34
135 46
135 67
135 103
136 12
136 27
136 31
136 33
136 56
136 58
136 98
136 120
137 7
137 8
137 24
137 64
137 68
137 69
137 114
138 26
138 31
138 66
138 68
138 71
138 82
138 90
138 129
138 148
139 37
139 98
139 108
139 109
139 111
139 138
140 11
140 58
140 80
141 39
141 62
141 95
141 130
142 48
142 93
142 118
142 138
143 67
143 81
143 92
143 120
143 130
144 23
144 59
144 70
144 92
144 104
145 20
145 32
145 84
145 89
145 122
145 156
146 38
146 52
146 75
146 93
146 95
146 110
146 131
146 143
146 153
148 38
148 54
148 92
148 111
148 120
148 142
148 152
149 15
149 43
149 116
149 129
150 16
150 31
150 129
151 24
151 31
151 71
151 138
151 159
152 39
152 86
152 112
153 33
153 45
153 54
153 59
153 104
154 13
154 16
154 104
155 11
155 39
155 57
155 66
155 90
155 118
155 127
156 1
156 28
156 46
156 92
156 100
156 130
156 147
156 154
156 155
157 10
157 13
157 21
157 71
157 74
158 65
158 71
158 104
159 2
159 17
159 28
159 40
159 57
159 72
159 73
159 110
159 155
0 1 2 3 4 5 6 7 8 9 10 11
