160 405 24
0 29
0 47
0 86
0 112
0 120
0 132
1 2
1 50
1 76
1 82
2 8
2 58
2 63
2 140
3 21
3 112
3 158
4 5
4 85
4 90
5 99
5 100
5 105
5 123
6 52
6 76
6 89
6 103
7 37
7 38
7 122
8 43
8 66
8 78
8 147
9 101
10 82
10 137
10 148
11 32
11 76
11 111
11 118
11 147
12 58
13 55
13 108
13 146
14 15
15 14
15 71
15 91
16 36
16 39
16 76
16 83
16 88
17 22
17 84
18 99
19 69
19 87
19 106
19 121
19 137
19 142
19 148
20 12
20 42
20 83
21 43
21 89
22 17
23 48
23 139
23 154
24 99
24 101
25 19
25 73
25 116
26 19
26 81
26 101
26 109
26 146
27 34
27 146
28 26
29 0
29 41
29 52
30 125
30 159
31 41
31 150
32 34
32 36
32 67
33 82
33 107
34 32
34 45
34 130
35 137
36 42
37 7
37 114
37 121
37 122
38 58
38 84
38 102
39 16
39 52
39 127
40 93
41 29
41 31
41 47
41 87
41 95
42 1
42 36
42 144
43 9
43 21
43 140
43 155
44 134
44 142
45 12
45 26
45 30
45 87
45 139
46 130
47 41
47 108
47 154
48 1
48 72
48 102
49 41
49 69
49 140
50 1
50 80
50 118
50 137
51 20
51 25
51 39
51 150
52 39
52 82
52 109
52 123
52 137
53 105
54 19
54 68
54 111
55 10
55 56
56 124
57 88
57 128
57 148
58 12
58 111
59 95
60 135
62 66
62 88
63 12
63 35
63 144
64 17
64 19
64 45
65 144
65 146
65 150
66 8
66 62
66 114
67 32
67 74
67 135
68 113
69 23
69 49
69 98
70 100
70 151
71 1
71 74
71 87
72 145
73 49
74 6
74 71
75 84
76 11
76 30
77 5
78 57
78 107
79 17
79 117
79 137
80 47
80 58
81 26
81 62
81 102
82 1
82 20
83 16
83 86
84 17
84 38
84 56
85 4
85 113
85 155
86 60
86 137
87 19
87 45
87 71
87 113
88 57
88 62
90 37
91 42
91 67
91 107
92 70
92 144
92 149
93 4
93 62
93 63
94 72
94 77
94 134
95 57
95 132
96 74
97 21
97 138
99 5
99 18
99 24
99 58
99 72
99 102
99 111
100 5
100 116
101 9
101 76
101 126
102 99
102 132
103 6
103 31
103 154
104 3
104 39
104 110
105 19
105 53
105 88
105 158
106 14
106 19
106 127
106 135
107 78
107 130
108 92
109 26
109 34
109 52
110 64
110 83
110 104
111 11
111 140
111 145
112 0
113 63
113 68
113 87
115 28
116 25
117 62
118 11
118 86
118 99
119 49
119 58
119 75
120 0
120 62
121 38
122 7
122 43
123 5
123 52
124 4
124 61
124 140
124 143
125 16
125 45
126 50
126 148
127 106
128 58
128 114
129 76
129 134
129 152
130 34
130 105
131 59
131 129
132 0
132 95
132 135
133 96
133 135
134 94
134 129
135 7
135 60
135 72
135 86
135 133
135 144
135 145
136 29
137 10
137 79
138 61
138 98
138 111
139 8
139 113
140 43
140 49
140 71
140 124
141 32
142 102
142 124
143 75
143 83
143 124
143 153
144 42
144 65
144 98
144 135
144 159
145 72
145 111
145 135
145 140
145 150
146 13
146 27
146 65
146 124
147 97
147 154
148 19
150 5
150 31
150 51
150 65
151 62
151 70
151 138
152 13
152 95
153 93
153 141
153 149
153 159
154 47
154 71
154 103
156 50
156 57
156 115
157 44
157 115
158 3
158 157
159 113
0 1 2 3 4 5 6 7 8 9 10 11 12 13 14 15 16 17 18 19 20 21 22 23
