160 319 7
0 17
0 34
0 96
0 99
0 121
0 129
1 21
1 75
1 101
2 36
2 132
2 139
2 157
3 56
3 69
4 141
4 150
5 6
6 0
6 5
6 85
6 156
9 13
9 28
9 120
10 86
11 62
11 115
12 63
12 79
12 135
13 62
13 93
13 125
13 131
13 140
14 17
14 110
14 143
15 145
16 50
16 129
17 0
17 13
17 14
17 117
17 122
17 146
18 155
19 101
20 85
20 102
21 52
22 120
24 14
24 73
24 88
25 63
25 147
26 88
27 15
27 127
28 71
29 140
31 114
32 87
32 95
33 28
33 54
33 111
34 42
34 101
35 85
36 2
36 41
36 88
37 76
38 35
38 44
38 155
39 0
39 128
39 129
40 117
41 36
41 146
42 137
43 139
44 71
45 78
45 123
46 122
47 135
48 32
48 108
49 149
50 117
50 137
51 150
52 65
52 74
52 116
53 97
54 33
54 61
54 123
55 31
56 3
56 90
56 103
57 69
58 107
59 76
60 9
60 71
61 102
62 13
62 63
62 123
62 126
62 147
63 12
63 62
64 100
65 52
65 121
66 49
66 140
67 79
68 71
70 71
70 117
71 62
71 68
71 93
71 100
71 127
72 63
72 136
73 141
74 39
74 97
75 1
75 31
75 117
76 17
77 55
77 113
77 117
77 138
78 45
79 12
79 48
79 67
80 61
80 155
81 8
81 32
81 42
81 83
81 156
82 4
83 56
83 81
83 96
83 145
84 22
84 47
84 76
85 6
85 20
86 10
86 19
86 99
86 107
88 24
88 36
88 99
88 103
88 129
88 134
89 30
89 118
90 101
92 159
93 13
94 117
94 129
94 135
95 32
95 110
96 0
96 83
96 115
96 151
97 53
97 74
98 132
99 62
99 157
100 71
100 99
101 19
101 121
102 20
102 79
103 27
104 116
105 85
106 80
107 7
108 97
108 129
109 49
110 14
110 95
110 145
111 13
112 94
114 31
114 146
115 23
115 105
116 104
116 122
117 17
117 70
117 75
117 145
118 9
118 112
119 38
119 125
119 157
120 9
120 130
120 132
120 136
120 150
121 65
122 8
122 32
122 46
123 31
123 54
123 62
123 157
124 94
125 119
126 62
126 152
127 27
127 71
128 99
129 0
129 108
131 13
132 2
132 91
132 98
132 107
132 120
133 95
134 55
134 88
135 47
135 94
135 99
135 102
136 120
137 42
138 41
139 2
139 43
140 29
140 66
140 109
141 42
141 51
142 71
142 111
143 14
143 61
143 77
143 132
144 94
145 4
145 83
145 110
145 117
146 17
146 114
147 25
147 62
148 39
148 128
149 67
150 37
151 96
151 113
152 126
153 98
153 121
154 105
155 0
155 18
155 52
155 56
155 80
155 107
156 6
156 81
156 152
157 2
157 99
157 123
158 71
158 117
159 48
0 1 2 3 4 5 6
