160 812 24
0 4
0 6
0 24
0 26
0 39
0 79
0 98
0 107
0 149
1 0
1 37
1 74
1 86
1 129
1 156
2 52
2 124
3 50
3 63
3 157
4 27
4 29
4 70
4 146
4 156
5 12
5 84
5 150
5 151
5 154
6 8
6 11
6 71
6 80
6 86
6 93
6 113
6 148
7 20
7 33
7 37
7 83
8 13
9 0
9 49
9 123
9 129
9 145
10 24
10 85
10 92
10 96
10 103
10 134
11 15
11 76
11 122
11 133
12 13
12 17
12 93
13 3
13 4
13 10
13 14
13 32
13 37
13 78
13 105
13 109
13 135
14 28
14 34
14 50
14 70
14 117
14 143
14 146
15 20
15 53
15 132
15 139
15 142
16 26
16 44
16 62
16 112
16 121
16 140
17 78
17 91
17 115
17 137
17 151
18 24
18 150
18 158
19 25
19 87
19 96
19 98
19 119
19 139
19 142
19 151
20 23
20 34
20 50
20 59
20 69
21 33
21 40
21 137
22 19
22 25
23 66
23 127
23 151
24 15
24 33
24 52
24 64
24 79
24 108
24 129
24 150
25 82
25 150
26 34
26 82
26 91
26 145
27 40
27 59
27 107
27 148
28 8
28 39
28 68
28 85
29 6
29 9
29 65
30 3
30 5
30 20
30 27
30 63
30 111
30 128
30 135
31 89
31 94
31 99
31 133
32 6
32 25
32 34
32 64
33 25
33 62
33 154
34 65
34 68
34 73
34 104
34 128
34 154
34 155
35 2
35 30
35 46
35 52
35 66
35 107
36 12
36 84
36 103
36 105
37 21
37 74
37 88
37 111
37 118
37 152
37 157
38 21
38 43
38 72
38 128
38 130
38 131
38 136
39 4
39 5
39 14
39 17
39 38
39 65
39 89
39 139
40 8
40 47
40 48
41 3
41 33
41 80
41 81
42 14
42 17
42 20
42 39
42 47
42 79
42 88
42 111
42 118
43 10
43 40
43 46
43 57
43 88
43 105
43 131
44 130
45 48
45 55
45 128
45 131
46 3
46 6
46 8
46 9
46 14
46 124
47 12
47 18
47 94
47 112
47 141
47 153
48 6
48 24
48 93
48 121
48 126
48 139
49 16
49 73
49 133
50 25
50 81
50 116
51 72
51 95
51 119
51 134
51 142
52 21
52 130
53 20
53 32
53 43
53 90
53 142
54 13
54 58
54 59
54 66
54 123
54 150
55 0
55 11
55 35
55 43
55 60
55 121
55 139
55 158
56 12
56 47
56 53
56 54
56 59
56 86
56 98
57 22
57 34
57 56
57 68
57 143
58 9
58 28
58 52
58 71
58 75
58 80
58 123
59 112
59 113
59 157
60 23
60 41
60 89
60 97
60 104
61 57
61 63
61 108
62 88
62 116
63 0
63 42
63 71
63 109
63 125
63 138
63 150
64 47
64 101
64 143
64 150
65 15
65 104
65 134
65 139
66 4
66 21
66 92
66 111
66 117
66 146
67 5
67 9
67 10
67 43
67 47
67 50
67 53
67 88
67 112
67 114
67 120
67 134
68 49
68 128
68 154
69 93
69 97
69 107
69 144
70 25
70 128
70 151
70 153
71 23
71 35
71 74
71 95
71 121
72 32
72 45
72 148
73 47
73 129
73 137
74 39
74 55
74 103
74 121
75 119
76 25
76 123
76 125
76 133
76 156
77 19
77 23
77 40
77 63
77 75
77 111
77 147
78 25
78 35
78 102
78 114
79 15
79 20
79 44
79 90
80 4
80 11
80 60
80 76
80 126
80 127
80 136
81 33
81 49
81 65
81 73
81 101
81 118
82 7
82 24
82 104
82 157
83 19
83 21
83 32
83 49
83 63
83 136
84 33
84 35
84 53
84 58
84 64
84 77
85 2
85 13
85 22
85 57
85 151
85 159
86 20
86 41
86 48
86 50
86 78
86 84
86 104
87 32
87 113
87 126
88 18
88 27
88 35
88 47
88 87
88 89
88 127
88 132
89 6
89 10
89 27
89 97
89 113
89 115
89 139
90 5
90 81
90 86
90 95
90 96
90 107
90 108
90 128
90 138
91 43
91 141
92 16
92 30
92 44
92 61
92 84
92 90
92 144
93 3
93 40
93 47
93 127
94 10
94 17
94 117
94 136
95 32
95 46
95 104
96 52
96 94
97 0
97 10
97 31
97 57
97 64
97 72
97 75
97 82
97 109
97 136
98 20
98 47
98 75
98 94
98 127
98 158
99 71
99 93
99 122
99 153
100 18
100 34
101 16
101 63
101 88
101 126
101 147
102 8
102 123
102 129
103 6
103 14
103 53
103 102
103 110
103 145
104 9
104 21
104 62
104 66
104 76
104 93
105 71
106 39
106 45
106 59
106 60
106 101
106 103
107 11
107 33
107 38
107 127
107 146
108 28
108 37
108 65
108 91
109 81
109 82
109 102
110 56
110 69
110 75
110 77
110 102
110 150
110 158
111 15
111 68
111 87
111 106
111 126
111 157
112 15
112 32
112 73
112 94
113 63
113 81
113 97
113 156
114 25
114 50
114 72
114 145
114 155
115 29
115 46
115 58
115 59
115 79
115 86
115 90
115 91
115 125
115 128
115 158
116 11
116 17
116 22
116 37
116 68
116 88
116 111
116 131
116 146
117 40
117 118
117 122
118 29
118 61
118 93
118 101
118 138
118 155
119 25
119 49
119 71
119 84
119 95
119 103
119 125
119 132
119 156
120 23
120 37
120 64
120 102
120 117
121 12
121 28
121 63
121 65
121 89
121 93
121 109
121 136
121 148
122 72
122 141
123 31
123 41
123 139
123 151
124 25
124 90
124 151
124 157
125 3
125 22
125 28
125 40
125 57
125 67
125 100
125 147
125 157
126 106
126 116
126 120
126 144
127 21
127 25
127 67
127 72
127 77
128 71
128 83
128 134
129 91
129 99
129 149
130 46
130 47
130 60
130 77
130 84
130 85
130 97
130 141
131 48
131 61
131 70
132 13
132 111
132 113
132 114
132 142
132 153
133 53
133 95
133 115
134 25
134 73
134 82
134 107
135 53
135 77
135 100
135 123
136 24
136 34
136 87
136 93
138 28
138 61
138 96
138 105
139 12
139 38
139 77
139 91
139 104
139 137
140 4
140 8
140 12
141 16
141 60
141 89
141 127
141 146
142 59
142 139
142 157
143 21
143 45
143 65
143 71
143 159
144 16
144 49
144 95
144 97
144 99
144 111
144 157
145 34
145 51
145 85
145 91
145 122
145 130
146 28
146 30
146 46
146 78
146 105
146 117
146 132
147 7
147 37
147 59
147 75
147 83
147 91
148 4
148 10
148 51
148 54
148 60
148 68
148 70
148 76
148 83
148 158
149 15
149 70
149 79
149 105
149 106
149 110
149 114
149 144
149 150
150 1
150 34
150 40
150 51
150 142
150 152
150 153
151 47
151 48
151 72
151 93
151 113
151 122
151 138
152 24
152 75
152 97
152 122
152 123
152 144
152 145
154 29
154 51
154 74
154 111
154 130
155 5
155 96
155 112
155 149
156 49
156 50
156 58
156 66
157 8
157 27
157 52
157 86
157 90
157 131
157 146
157 155
157 156
158 11
158 26
158 43
158 53
158 81
158 120
158 156
159 4
159 22
159 40
159 145
0 1 2 3 4 5 6 7 8 9 10 11 12 13 14 15 16 17 18 19 20 21 22 23
