160 2544 7
0 10
0 13
0 16
0 20
0 23
0 35
0 40
0 41
0 44
0 47
0 49
0 52
0 59
0 69
0 76
0 80
0 119
0 120
0 127
0 130
0 133
0 146
0 157
1 12
1 20
1 57
1 69
1 76
1 79
1 85
1 88
1 110
1 114
1 115
1 127
1 136
1 138
1 139
1 141
1 142
1 153
2 1
2 3
2 31
2 43
2 46
2 50
2 62
2 81
2 86
2 105
2 125
2 132
2 153
2 156
3 30
3 34
3 37
3 58
3 83
3 137
3 138
3 139
3 148
3 152
3 159
4 11
4 12
4 17
4 31
4 33
4 40
4 42
4 44
4 46
4 53
4 79
4 84
4 87
4 90
4 100
4 108
4 123
4 137
4 142
5 2
5 8
5 12
5 17
5 22
5 26
5 31
5 38
5 41
5 51
5 63
5 65
5 77
5 88
5 96
5 98
5 103
5 105
5 129
5 135
5 141
5 151
6 4
6 11
6 17
6 34
6 43
6 79
6 91
6 94
6 98
6 106
6 107
6 109
6 120
6 121
6 146
7 5
7 32
7 77
7 78
7 82
7 87
7 88
7 101
7 115
7 126
7 138
7 153
8 6
8 12
8 21
8 35
8 64
8 71
8 79
8 87
8 109
8 112
8 118
8 120
8 123
8 128
9 0
9 6
9 19
9 35
9 48
9 52
9 53
9 55
9 58
9 76
9 78
9 80
9 82
9 99
9 111
9 113
9 125
9 127
9 131
9 133
9 140
9 142
10 2
10 8
10 15
10 16
10 33
10 37
10 40
10 42
10 64
10 74
10 85
10 87
10 100
10 105
10 107
10 128
10 129
10 150
11 19
11 25
11 31
11 33
11 35
11 59
11 73
11 78
11 87
11 134
11 146
12 3
12 18
12 50
12 51
12 68
12 137
12 140
12 146
12 149
12 156
13 2
13 9
13 26
13 27
13 29
13 38
13 58
13 93
13 110
13 116
13 118
13 122
13 132
13 142
14 0
14 5
14 6
14 10
14 20
14 38
14 60
14 84
14 85
14 90
14 93
14 101
14 105
14 111
14 113
14 114
14 124
14 128
14 129
14 135
14 145
14 147
14 155
14 157
15 14
15 23
15 34
15 40
15 67
15 72
15 75
15 76
15 89
15 95
15 115
15 130
15 131
15 157
16 1
16 3
16 6
16 14
16 25
16 26
16 29
16 40
16 46
16 47
16 51
16 66
16 68
16 74
16 79
16 82
16 86
16 99
16 100
16 114
16 118
16 131
16 135
16 153
17 2
17 21
17 24
17 25
17 29
17 33
17 79
17 84
17 87
17 89
17 113
18 22
18 36
18 46
18 47
18 53
18 122
18 143
18 144
18 148
19 5
19 15
19 49
19 65
19 84
19 98
19 101
19 107
19 116
19 119
19 121
19 124
19 150
20 2
20 7
20 9
20 35
20 52
20 60
20 81
20 82
20 98
20 119
20 121
20 132
20 138
20 139
20 141
20 153
21 4
21 23
21 30
21 45
21 51
21 58
21 61
21 87
21 93
21 140
21 157
22 4
22 8
22 15
22 16
22 44
22 62
22 64
22 65
22 117
22 125
22 140
22 141
22 150
23 8
23 16
23 18
23 22
23 33
23 60
23 67
23 97
23 98
23 103
23 118
24 1
24 2
24 6
24 7
24 25
24 50
24 75
24 83
24 88
24 102
24 127
24 135
24 140
24 150
24 153
25 1
25 2
25 26
25 36
25 43
25 48
25 56
25 73
25 74
25 75
25 88
25 90
25 95
25 97
25 100
25 119
25 126
25 140
25 142
25 145
25 147
25 149
26 21
26 32
26 37
26 42
26 71
26 86
26 99
26 104
26 105
26 116
26 150
26 152
27 6
27 7
27 14
27 17
27 33
27 37
27 67
27 78
27 81
27 88
27 100
27 109
27 117
27 134
27 135
28 6
28 9
28 13
28 19
28 24
28 32
28 33
28 45
28 47
28 57
28 68
28 93
28 96
28 99
28 110
28 116
28 117
28 118
28 119
28 147
28 148
29 1
29 3
29 9
29 22
29 27
29 39
29 41
29 46
29 50
29 68
29 76
29 77
29 81
29 85
29 93
29 94
29 107
29 108
29 109
29 131
29 149
30 0
30 2
30 4
30 8
30 16
30 18
30 33
30 35
30 42
30 52
30 61
30 62
30 77
30 99
30 113
30 136
30 144
30 148
30 155
30 156
31 14
31 15
31 16
31 18
31 26
31 33
31 41
31 57
31 75
31 76
31 79
31 92
31 97
31 98
31 102
31 106
31 118
31 120
31 123
31 140
32 0
32 5
32 6
32 8
32 10
32 30
32 33
32 34
32 42
32 43
32 58
32 80
32 92
32 98
32 114
32 146
33 5
33 6
33 13
33 15
33 20
33 21
33 25
33 37
33 42
33 44
33 45
33 63
33 65
33 68
33 80
33 82
33 85
33 98
33 111
33 120
33 121
33 147
33 148
33 151
33 157
34 4
34 5
34 8
34 48
34 55
34 84
34 102
34 103
34 104
34 105
34 106
34 110
34 112
34 120
34 132
34 136
34 153
34 155
34 158
35 2
35 3
35 12
35 14
35 32
35 33
35 38
35 41
35 50
35 55
35 63
35 69
35 80
35 94
35 97
35 98
35 99
35 102
35 109
35 121
35 125
35 139
35 147
35 152
36 13
36 20
36 21
36 51
36 55
36 65
36 73
36 94
36 110
36 114
36 116
36 117
36 121
36 125
36 130
36 135
36 154
36 156
37 14
37 23
37 34
37 36
37 41
37 49
37 54
37 69
37 70
37 80
37 91
37 97
37 113
37 114
37 115
37 122
37 127
37 134
37 145
38 0
38 10
38 22
38 54
38 75
38 76
38 80
38 82
38 92
38 96
38 103
38 110
38 116
38 144
39 6
39 61
39 64
39 65
39 79
39 86
39 92
39 110
39 116
39 119
39 124
39 130
40 2
40 13
40 33
40 51
40 52
40 86
40 87
40 111
40 115
40 128
40 145
41 44
41 48
41 74
41 99
41 113
41 122
41 125
41 149
41 153
42 2
42 12
42 13
42 18
42 23
42 29
42 73
42 88
42 109
42 115
42 124
42 135
42 140
42 142
42 158
42 159
43 9
43 22
43 36
43 40
43 51
43 54
43 80
43 84
43 95
43 111
43 119
43 127
43 137
43 141
43 142
43 149
44 6
44 8
44 26
44 55
44 59
44 66
44 89
44 91
44 98
44 112
44 122
44 128
44 131
44 132
44 136
44 143
45 6
45 16
45 27
45 53
45 60
45 61
45 64
45 70
45 107
45 110
45 117
45 144
45 147
46 5
46 11
46 48
46 49
46 61
46 93
46 96
46 97
46 101
46 111
46 119
46 127
46 135
46 155
46 156
46 158
47 33
47 61
47 66
47 100
47 115
47 124
47 130
47 156
48 8
48 13
48 14
48 15
48 28
48 38
48 42
48 47
48 61
48 67
48 75
48 89
48 90
48 103
48 114
48 124
48 125
49 38
49 59
49 62
49 67
49 68
49 74
49 76
49 79
49 96
49 101
49 109
49 119
49 132
49 139
49 145
49 147
49 151
50 4
50 16
50 17
50 22
50 32
50 36
50 43
50 53
50 55
50 61
50 81
50 97
50 102
50 110
50 112
50 117
50 123
50 131
50 146
50 151
51 2
51 14
51 20
51 22
51 23
51 25
51 45
51 50
51 56
51 79
51 82
51 83
51 86
51 98
51 131
51 132
51 134
51 139
51 151
51 156
51 159
52 16
52 17
52 27
52 29
52 39
52 41
52 48
52 49
52 79
52 112
52 130
52 133
52 136
53 6
53 7
53 27
53 28
53 37
53 72
53 82
53 92
53 107
53 111
53 112
53 113
53 115
53 130
53 132
53 141
53 145
53 158
54 4
54 6
54 7
54 9
54 18
54 19
54 31
54 40
54 41
54 65
54 79
54 98
54 105
54 115
54 118
54 119
54 129
55 22
55 23
55 27
55 29
55 30
55 67
55 71
55 81
55 82
55 90
55 99
55 104
55 108
55 146
55 150
56 5
56 14
56 15
56 24
56 44
56 61
56 64
56 75
56 83
56 101
56 129
56 144
56 147
57 6
57 16
57 22
57 26
57 39
57 64
57 71
57 77
57 80
57 97
57 117
57 135
57 136
57 144
58 5
58 8
58 11
58 30
58 44
58 48
58 56
58 59
58 62
58 63
58 64
58 67
58 78
58 80
58 88
58 89
58 97
58 103
58 121
58 147
58 151
58 155
59 7
59 13
59 20
59 31
59 33
59 38
59 42
59 80
59 81
59 89
59 91
59 93
59 144
59 153
59 154
59 156
60 4
60 12
60 22
60 34
60 40
60 73
60 80
60 81
60 89
60 95
60 96
60 98
60 103
60 113
60 122
60 126
60 154
61 9
61 15
61 26
61 55
61 65
61 87
61 94
61 110
61 119
61 121
61 122
62 0
62 1
62 3
62 8
62 19
62 32
62 68
62 69
62 80
62 84
62 86
62 123
62 134
62 135
62 137
62 149
62 155
62 158
63 4
63 9
63 20
63 30
63 41
63 42
63 45
63 51
63 84
63 88
63 93
63 101
63 111
63 113
63 129
63 136
63 159
64 14
64 31
64 32
64 38
64 52
64 54
64 55
64 71
64 85
64 90
64 117
64 118
64 120
64 130
64 132
64 139
64 154
64 155
65 6
65 21
65 40
65 63
65 68
65 90
65 118
65 121
65 147
65 152
65 153
66 3
66 12
66 14
66 19
66 20
66 30
66 56
66 61
66 75
66 84
66 93
66 103
66 110
66 114
66 117
66 138
66 140
66 151
67 12
67 30
67 53
67 80
67 97
67 102
67 109
67 115
67 126
67 143
67 150
67 158
68 8
68 9
68 15
68 19
68 36
68 38
68 39
68 57
68 60
68 99
68 101
68 134
68 156
68 159
69 7
69 11
69 12
69 20
69 27
69 33
69 46
69 49
69 61
69 64
69 82
69 98
69 110
69 112
69 119
69 130
70 0
70 7
70 19
70 24
70 40
70 42
70 72
70 87
70 96
70 102
70 111
70 117
70 122
70 130
70 135
70 139
70 140
70 142
71 2
71 20
71 25
71 41
71 60
71 70
71 87
71 91
71 127
71 128
71 132
71 141
71 146
71 159
72 12
72 17
72 64
72 68
72 69
72 77
72 79
72 92
72 95
72 112
72 120
72 137
72 138
72 141
72 144
73 16
73 20
73 21
73 31
73 33
73 51
73 52
73 55
73 61
73 66
73 76
73 90
73 103
73 115
73 117
73 136
73 137
73 142
74 4
74 11
74 31
74 36
74 38
74 39
74 47
74 60
74 97
74 98
74 106
74 121
74 126
74 127
74 128
74 137
74 141
75 16
75 19
75 20
75 40
75 47
75 58
75 74
75 76
75 80
75 88
75 92
75 95
75 105
75 124
75 140
75 148
75 159
76 13
76 18
76 35
76 39
76 42
76 46
76 52
76 53
76 69
76 71
76 84
76 87
76 95
76 118
76 123
76 130
76 132
76 150
77 2
77 10
77 20
77 40
77 47
77 49
77 56
77 76
77 78
77 99
77 106
77 144
77 148
77 158
78 0
78 20
78 40
78 48
78 51
78 55
78 69
78 72
78 76
78 81
78 82
78 105
78 110
78 112
78 124
78 141
78 142
78 150
79 80
79 107
79 108
79 110
79 113
79 115
79 116
79 121
79 136
79 139
79 142
79 155
80 15
80 23
80 29
80 53
80 54
80 71
80 85
80 95
80 104
80 110
80 111
80 112
80 146
81 3
81 6
81 13
81 15
81 41
81 71
81 110
81 113
81 133
81 135
81 144
82 2
82 12
82 23
82 31
82 62
82 63
82 70
82 79
82 80
82 90
82 102
82 104
82 105
82 106
82 120
82 136
82 154
82 156
83 0
83 1
83 6
83 10
83 15
83 26
83 33
83 52
83 59
83 75
83 82
83 87
83 90
83 93
83 95
83 111
83 116
83 127
83 131
83 137
83 143
83 146
84 22
84 24
84 79
84 101
84 106
84 118
84 126
84 150
84 158
85 6
85 20
85 59
85 74
85 75
85 99
85 104
85 138
85 141
85 144
86 10
86 29
86 35
86 43
86 57
86 63
86 73
86 75
86 88
86 93
86 96
86 112
86 114
86 121
86 123
86 129
86 133
86 138
86 147
87 30
87 44
87 67
87 79
87 88
87 116
87 124
87 156
88 0
88 4
88 10
88 11
88 15
88 23
88 37
88 38
88 49
88 65
88 90
88 105
88 112
88 136
88 138
88 140
89 3
89 23
89 43
89 56
89 65
89 71
89 93
89 100
89 101
89 110
89 125
89 126
89 150
89 153
89 155
90 35
90 52
90 81
90 89
90 93
90 94
90 98
90 100
90 101
90 104
90 107
90 112
90 118
90 123
90 128
90 129
90 131
90 136
90 140
90 152
91 1
91 11
91 18
91 25
91 26
91 28
91 36
91 42
91 68
91 76
91 84
91 87
91 105
91 112
91 125
91 127
91 153
91 159
92 15
92 17
92 25
92 55
92 56
92 57
92 62
92 76
92 88
92 96
92 125
92 127
92 130
92 149
93 24
93 41
93 53
93 60
93 68
93 73
93 74
93 106
93 107
93 113
93 118
93 131
93 132
93 140
93 151
93 152
93 156
93 157
94 16
94 19
94 26
94 28
94 40
94 42
94 47
94 55
94 77
94 84
94 96
94 113
94 116
94 117
94 122
94 136
94 139
94 148
94 157
95 18
95 30
95 32
95 41
95 42
95 53
95 79
95 105
95 125
95 128
95 131
95 132
95 138
95 149
96 32
96 40
96 50
96 57
96 58
96 79
96 98
96 103
96 107
96 116
96 128
96 133
96 135
96 141
96 148
96 152
96 154
97 14
97 24
97 28
97 32
97 41
97 53
97 56
97 62
97 89
97 103
97 114
97 127
97 128
97 158
98 9
98 26
98 38
98 58
98 68
98 77
98 89
98 91
98 100
98 111
98 123
98 128
98 129
98 134
98 137
98 159
99 7
99 8
99 12
99 38
99 42
99 43
99 56
99 71
99 73
99 74
99 75
99 76
99 86
99 90
99 100
99 139
99 145
99 149
99 155
100 1
100 2
100 6
100 7
100 15
100 17
100 23
100 24
100 26
100 30
100 52
100 54
100 55
100 81
100 82
100 93
100 103
100 105
100 110
100 112
100 124
100 145
101 21
101 28
101 31
101 39
101 48
101 51
101 69
101 79
101 94
101 95
101 104
101 105
101 107
101 134
101 139
101 145
101 152
101 155
101 157
102 9
102 15
102 20
102 27
102 36
102 41
102 46
102 53
102 58
102 59
102 74
102 84
102 103
102 110
102 116
102 121
102 129
102 130
102 139
102 141
102 147
102 158
103 0
103 1
103 9
103 36
103 46
103 61
103 63
103 65
103 78
103 82
103 88
103 112
103 113
103 140
103 147
103 154
103 159
104 10
104 13
104 24
104 33
104 41
104 43
104 51
104 63
104 76
104 78
104 92
104 98
104 99
104 105
104 120
104 139
104 145
104 149
104 158
104 159
105 1
105 4
105 12
105 13
105 22
105 25
105 32
105 36
105 38
105 41
105 43
105 49
105 61
105 103
105 115
105 119
105 141
105 148
106 19
106 25
106 33
106 42
106 49
106 70
106 81
106 86
106 87
106 102
106 104
106 108
106 122
106 148
106 155
107 0
107 3
107 12
107 23
107 46
107 64
107 80
107 83
107 87
107 97
107 119
107 126
107 139
107 144
107 159
108 9
108 12
108 15
108 24
108 27
108 31
108 37
108 38
108 39
108 53
108 68
108 76
108 87
108 96
108 100
108 102
108 103
108 110
108 113
108 130
108 143
108 149
108 154
109 9
109 33
109 39
109 61
109 84
109 86
109 88
109 100
109 110
109 114
109 135
109 140
109 157
109 159
110 3
110 14
110 25
110 26
110 37
110 46
110 70
110 91
110 98
110 113
110 114
110 115
110 122
110 130
110 134
110 137
110 144
110 146
110 148
110 155
110 158
111 20
111 32
111 51
111 64
111 77
111 81
111 85
111 86
111 95
111 96
111 124
111 129
111 133
111 134
111 135
111 137
112 17
112 26
112 30
112 49
112 81
112 83
112 102
112 133
112 147
112 154
112 155
113 19
113 22
113 83
113 117
113 136
113 137
113 146
114 13
114 19
114 20
114 22
114 29
114 38
114 42
114 43
114 50
114 54
114 68
114 73
114 102
114 103
114 111
114 113
114 116
114 121
114 128
114 143
114 146
114 153
115 4
115 51
115 66
115 85
115 89
115 90
115 96
115 104
115 106
115 120
115 128
115 131
115 139
115 140
115 153
115 158
116 10
116 20
116 22
116 24
116 49
116 52
116 69
116 78
116 104
116 110
116 111
116 113
116 115
116 123
116 125
117 8
117 12
117 17
117 25
117 31
117 32
117 35
117 48
117 80
117 95
117 115
117 119
117 156
118 7
118 17
118 18
118 26
118 29
118 34
118 45
118 52
118 74
118 79
118 88
118 111
118 113
118 132
118 136
118 146
118 152
118 153
119 4
119 6
119 8
119 10
119 16
119 21
119 37
119 47
119 48
119 53
119 62
119 64
119 73
119 78
119 79
119 92
119 93
119 104
119 110
119 115
119 124
119 138
120 10
120 14
120 44
120 49
120 53
120 54
120 55
120 66
120 136
121 7
121 17
121 46
121 47
121 50
121 84
121 95
121 97
121 98
121 105
121 135
121 154
122 10
122 19
122 23
122 33
122 36
122 51
122 62
122 74
122 82
122 83
122 111
122 112
122 115
122 125
122 132
122 134
122 137
122 141
123 0
123 22
123 39
123 72
123 78
123 93
123 94
123 119
123 128
123 138
124 0
124 2
124 10
124 20
124 21
124 22
124 30
124 32
124 45
124 57
124 65
124 72
124 85
124 90
124 104
124 112
124 116
124 117
124 126
124 130
124 132
124 140
125 10
125 21
125 30
125 31
125 64
125 70
125 84
125 111
125 153
126 1
126 5
126 16
126 30
126 40
126 50
126 52
126 73
126 77
126 81
126 87
126 88
126 94
126 99
126 100
126 125
126 135
126 145
126 155
126 159
127 8
127 10
127 17
127 26
127 27
127 33
127 34
127 52
127 62
127 72
127 78
127 90
127 129
127 141
128 0
128 15
128 18
128 24
128 33
128 53
128 65
128 92
128 93
128 113
128 129
128 131
128 133
128 136
129 19
129 39
129 41
129 43
129 44
129 46
129 47
129 51
129 69
129 73
129 103
129 112
129 125
129 137
129 144
129 149
130 1
130 14
130 18
130 25
130 27
130 35
130 41
130 48
130 60
130 63
130 74
130 123
130 125
130 140
131 10
131 21
131 46
131 52
131 54
131 75
131 96
131 100
131 140
131 145
132 11
132 16
132 27
132 29
132 32
132 33
132 40
132 56
132 60
132 99
132 115
132 119
132 125
132 137
132 144
132 158
132 159
133 14
133 16
133 22
133 33
133 38
133 40
133 60
133 63
133 75
133 84
133 88
133 104
133 118
133 132
133 141
133 146
133 147
133 159
134 5
134 8
134 18
134 39
134 52
134 61
134 71
134 85
134 87
134 113
134 115
134 136
134 139
134 157
135 20
135 32
135 52
135 67
135 88
135 93
135 100
135 108
135 116
135 128
135 145
135 149
136 5
136 8
136 23
136 32
136 37
136 40
136 41
136 55
136 100
136 107
136 130
136 140
136 144
136 150
137 9
137 20
137 22
137 24
137 30
137 39
137 52
137 55
137 57
137 65
137 66
137 79
137 82
137 103
137 123
137 126
137 141
137 146
137 156
138 12
138 15
138 36
138 38
138 49
138 70
138 77
138 102
138 112
138 115
138 122
138 129
138 130
138 137
138 143
138 145
138 146
138 149
139 2
139 7
139 23
139 53
139 57
139 63
139 86
139 100
139 103
139 105
139 118
139 121
139 130
139 136
139 147
139 153
140 0
140 8
140 18
140 29
140 46
140 49
140 63
140 64
140 73
140 86
140 97
140 111
140 126
140 134
140 141
140 158
140 159
141 3
141 6
141 9
141 16
141 21
141 23
141 49
141 54
141 55
141 70
141 86
141 115
141 128
141 129
141 146
141 147
141 154
142 14
142 32
142 36
142 37
142 59
142 63
142 120
142 127
142 129
142 137
142 151
143 1
143 14
143 34
143 38
143 43
143 52
143 84
143 99
143 113
143 118
143 130
143 139
143 151
143 156
143 158
144 8
144 12
144 13
144 14
144 17
144 35
144 40
144 43
144 52
144 54
144 71
144 79
144 90
144 96
144 105
144 109
144 114
144 120
144 127
144 137
144 140
144 141
144 152
145 0
145 43
145 46
145 57
145 67
145 73
145 86
145 91
145 102
145 116
145 119
145 124
145 137
146 10
146 23
146 39
146 59
146 65
146 73
146 79
146 86
146 100
146 102
146 115
146 122
146 129
146 147
147 8
147 12
147 13
147 19
147 30
147 37
147 50
147 59
147 64
147 140
147 145
147 151
147 155
148 9
148 23
148 26
148 47
148 74
148 76
148 97
148 113
148 124
148 131
148 133
148 137
148 151
149 0
149 33
149 37
149 64
149 82
149 86
149 89
149 118
149 119
149 130
149 133
149 137
149 151
149 153
150 6
150 29
150 46
150 52
150 56
150 58
150 72
150 83
150 87
150 91
150 133
150 138
150 139
150 143
150 151
151 3
151 12
151 13
151 35
151 44
151 64
151 67
151 88
151 91
151 99
151 100
151 115
151 119
151 124
151 136
151 144
152 4
152 15
152 27
152 39
152 91
152 100
152 102
152 110
152 151
153 6
153 23
153 27
153 40
153 42
153 48
153 51
153 60
153 70
153 72
153 77
153 87
153 95
153 97
153 110
153 122
153 126
153 128
153 129
153 135
154 2
154 15
154 29
154 40
154 42
154 48
154 50
154 56
154 61
154 72
154 77
154 84
154 87
154 97
154 127
154 130
154 156
155 1
155 10
155 17
155 19
155 21
155 31
155 32
155 41
155 45
155 53
155 55
155 87
155 88
155 113
155 120
155 134
156 0
156 6
156 13
156 27
156 31
156 32
156 39
156 50
156 53
156 66
156 74
156 78
156 92
156 100
156 118
156 123
156 130
156 134
156 148
157 4
157 5
157 22
157 32
157 40
157 65
157 66
157 75
157 78
157 84
157 95
157 110
157 112
157 130
157 132
157 139
157 141
157 149
157 153
157 158
158 6
158 22
158 43
158 48
158 73
158 80
158 94
158 126
158 127
158 130
158 141
158 149
159 4
159 24
159 30
159 31
159 50
159 58
159 78
159 84
159 85
159 87
159 96
159 100
159 112
159 113
159 148
0 1 2 3 4 5 6
