256 1534 128
0 1
0 2
0 4
0 8
0 32
0 64
0 128
1 0
1 5
1 17
1 65
1 129
2 0
2 10
2 18
2 34
2 66
2 130
3 1
3 2
3 7
3 67
4 0
4 5
4 6
4 12
4 20
4 36
4 68
4 132
5 1
5 7
5 13
5 37
5 69
5 133
6 2
6 4
6 7
6 14
6 134
7 3
7 6
7 15
7 39
7 71
7 135
8 9
8 12
8 24
8 40
8 72
8 136
9 1
9 8
9 13
9 25
9 41
9 137
10 2
10 8
10 11
10 42
10 74
10 138
11 3
11 9
11 10
11 15
11 27
11 43
11 75
12 4
12 14
12 44
12 76
13 9
13 12
13 15
13 29
13 141
14 6
14 10
14 12
14 30
14 46
14 142
15 7
15 11
15 13
15 14
15 47
15 79
15 143
16 0
16 17
16 20
16 24
16 48
16 80
16 144
17 1
17 16
17 19
17 21
17 25
17 49
17 145
18 2
18 16
18 19
18 26
18 50
18 82
18 146
19 3
19 17
19 18
19 23
19 51
19 83
19 147
20 4
20 16
20 21
20 22
20 28
20 52
20 84
21 5
21 17
21 20
21 23
21 29
21 53
21 85
22 6
22 18
22 20
22 23
22 30
22 54
22 86
22 150
23 7
23 19
23 22
23 55
23 151
24 8
24 25
24 26
24 28
24 56
24 88
25 9
25 24
25 29
25 57
25 89
25 153
26 10
26 24
26 58
26 90
27 11
27 19
27 25
27 26
27 31
27 59
27 155
28 12
28 20
28 24
28 29
28 30
28 60
28 156
29 13
29 21
29 25
29 31
29 93
30 14
30 22
30 26
30 28
30 31
30 62
30 94
30 158
31 15
31 23
31 30
31 95
31 159
32 0
32 34
32 36
32 48
32 96
32 160
33 1
33 32
33 35
33 37
33 49
33 97
34 32
34 35
34 38
34 42
34 98
34 162
35 3
35 33
35 34
35 39
35 43
35 51
35 99
36 4
36 37
36 38
36 44
36 100
37 5
37 33
37 36
37 39
37 45
37 53
38 6
38 36
38 39
38 46
38 54
39 7
39 35
39 37
39 38
39 55
39 103
40 8
40 32
40 41
40 56
40 104
41 9
41 33
41 40
41 43
41 45
41 57
41 169
42 10
42 34
42 40
42 46
42 58
42 106
42 170
43 35
43 41
43 42
43 47
43 107
43 171
44 36
44 40
44 45
44 46
44 60
44 108
44 172
45 13
45 37
45 47
45 61
45 109
46 38
46 42
46 44
46 47
46 62
47 15
47 39
47 46
47 111
47 175
48 32
48 49
48 50
48 52
48 56
48 112
48 176
49 17
49 48
49 51
49 53
49 177
50 18
50 34
50 48
50 51
50 54
50 114
50 178
51 19
51 35
51 50
51 55
51 115
51 179
52 20
52 36
52 48
52 53
52 60
52 180
53 21
53 49
53 55
53 61
53 117
53 181
54 22
54 38
54 50
54 52
54 55
54 62
54 118
54 182
55 23
55 51
55 53
55 119
55 183
56 24
56 48
56 57
56 60
56 120
56 184
57 41
57 49
57 56
57 121
57 185
58 26
58 42
58 50
58 56
59 43
59 51
59 57
59 58
59 63
59 123
59 187
60 28
60 44
60 52
60 56
60 61
60 62
61 29
61 53
61 57
61 60
61 63
61 125
61 189
62 58
62 60
62 126
62 190
63 31
63 47
63 55
63 59
63 61
63 62
63 127
63 191
64 0
64 65
64 66
64 80
64 96
64 192
65 1
65 64
65 67
65 69
65 81
65 193
66 2
66 67
66 70
66 74
66 82
66 98
66 194
67 3
67 65
67 66
67 71
67 75
67 83
67 99
67 195
68 4
68 64
68 69
68 70
68 76
68 84
68 100
68 196
69 5
69 77
69 85
69 101
70 6
70 66
70 68
70 71
70 78
70 198
71 7
71 69
71 70
71 79
71 103
71 199
72 64
72 73
72 76
72 104
73 9
73 65
73 72
73 75
73 77
73 105
73 201
74 10
74 72
74 78
74 106
75 74
75 79
75 91
75 107
75 203
76 12
76 68
76 72
76 77
76 108
77 13
77 69
77 73
77 76
77 79
77 109
78 14
78 76
78 79
78 110
78 206
79 15
79 71
79 77
79 78
79 95
79 111
79 207
80 16
80 64
80 81
80 84
80 88
80 112
80 208
81 17
81 80
81 83
81 89
81 113
81 209
82 18
82 66
82 80
82 83
82 86
82 90
82 114
82 210
83 67
83 87
83 91
83 115
83 211
84 20
84 68
84 85
84 86
84 116
84 212
85 69
85 81
85 84
85 87
85 93
85 213
86 22
86 70
86 84
86 87
86 94
86 118
86 214
87 23
87 71
87 83
87 85
87 86
87 95
87 215
88 72
88 80
88 89
88 90
88 92
88 216
89 73
89 88
89 91
89 93
89 121
89 217
90 26
90 74
90 88
90 91
90 94
90 122
90 218
91 27
91 75
91 83
91 89
91 95
91 123
92 28
92 76
92 84
92 88
92 94
92 220
93 29
93 77
93 92
93 95
93 125
94 30
94 78
94 86
94 92
94 95
94 126
94 222
95 31
95 93
95 94
95 127
95 223
96 32
96 64
96 100
96 112
96 224
97 65
97 96
97 99
97 113
98 66
98 96
98 99
98 102
98 114
98 226
99 35
99 97
99 98
99 103
99 107
100 36
100 68
100 96
100 101
100 102
100 108
100 116
100 228
101 37
101 69
101 97
101 100
101 103
102 38
102 70
102 98
102 100
102 103
102 118
102 230
103 39
103 71
103 99
103 101
103 102
103 111
103 119
104 72
104 96
104 105
104 106
104 120
104 232
105 41
105 73
105 97
105 107
105 109
105 121
106 42
106 74
106 98
106 104
106 107
106 234
107 75
107 99
107 105
107 106
107 123
107 235
108 76
108 100
108 104
108 109
108 110
108 236
109 45
109 77
109 101
109 105
109 111
109 125
110 46
110 102
110 106
110 108
110 126
111 47
111 79
111 103
111 107
111 109
111 110
111 127
111 239
112 48
112 96
112 113
112 116
112 240
113 49
113 97
113 112
113 115
113 241
114 50
114 82
114 98
114 112
114 115
114 118
114 242
115 51
115 99
115 113
115 114
115 119
115 123
116 52
116 84
116 100
116 112
116 117
116 118
116 244
117 53
117 85
117 101
117 113
117 116
117 119
117 245
118 54
118 86
118 116
118 119
118 246
119 87
119 103
119 115
119 117
119 127
120 56
120 88
120 104
120 112
120 121
120 248
121 113
121 120
121 123
121 125
121 249
122 58
122 90
122 106
122 114
122 120
122 126
122 250
123 59
123 107
123 115
123 122
123 127
124 60
124 92
124 108
124 116
124 120
124 125
124 252
125 61
125 93
125 109
125 117
125 253
126 62
126 94
126 110
126 118
126 124
126 127
127 63
127 95
127 111
127 125
127 126
127 255
128 129
128 130
128 132
128 136
128 160
129 128
129 131
129 133
129 145
129 161
130 2
130 128
130 131
130 138
130 146
130 162
130 194
131 3
131 135
131 139
131 163
131 195
132 4
132 133
132 140
132 148
132 164
132 196
133 5
133 129
133 135
133 141
133 165
134 6
134 130
134 132
134 150
134 198
135 7
135 131
135 134
135 143
135 151
136 128
136 138
136 140
136 152
136 168
137 9
137 129
137 136
137 139
137 153
137 169
138 10
138 130
138 136
138 170
138 202
139 11
139 131
139 137
139 138
139 155
139 171
139 203
140 12
140 132
140 142
140 156
140 172
141 13
141 137
141 140
141 143
141 173
141 205
142 14
142 134
142 138
142 140
142 143
142 158
142 174
142 206
143 15
143 135
143 139
143 141
143 142
143 159
143 175
143 207
144 16
144 128
144 145
144 146
144 148
144 152
144 176
145 17
145 129
145 144
145 149
145 153
145 177
145 209
146 130
146 144
146 147
146 150
146 154
146 210
147 19
147 131
147 145
147 146
147 151
147 179
147 211
148 20
148 132
148 144
148 149
148 150
148 156
148 180
148 212
149 21
149 133
149 145
149 148
149 151
149 157
149 181
149 213
150 22
150 134
150 146
150 151
150 158
150 182
150 214
151 159
151 183
151 215
152 24
152 136
152 154
152 184
152 216
153 25
153 145
153 152
153 157
153 217
154 26
154 138
154 155
154 158
154 186
154 218
155 27
155 147
155 153
155 154
155 159
155 187
155 219
156 28
156 140
156 152
156 157
156 188
156 220
157 29
157 141
157 153
157 156
157 159
157 189
158 150
158 154
158 156
158 159
159 143
159 151
159 155
159 191
159 223
160 32
160 128
160 161
160 162
160 164
160 168
160 176
160 224
161 33
161 165
161 169
161 177
161 225
162 34
162 130
162 160
162 166
162 170
162 178
163 35
163 131
163 161
163 162
163 167
163 171
164 36
164 132
164 160
164 172
164 180
164 228
165 37
165 133
165 161
165 164
165 173
166 38
166 134
166 162
166 164
166 167
166 174
166 182
166 230
167 39
167 135
167 165
167 166
167 175
167 231
168 40
168 136
168 160
168 169
168 170
168 172
168 184
168 232
169 168
169 171
169 173
169 233
170 162
170 168
170 171
170 174
170 234
171 43
171 163
171 169
171 175
171 187
171 235
172 173
172 174
172 188
172 236
173 45
173 141
173 165
173 175
173 189
173 237
174 46
174 142
174 170
174 175
174 190
174 238
175 167
175 173
175 174
175 191
175 239
176 48
176 160
176 177
176 184
176 240
177 49
177 176
177 185
177 241
178 50
178 146
178 176
178 179
178 182
178 186
178 242
179 51
179 163
179 177
179 178
179 183
180 52
180 148
180 164
180 176
180 181
180 182
180 244
181 53
181 149
181 165
181 177
181 180
181 183
181 189
181 245
182 150
182 166
182 178
182 180
182 183
182 246
183 55
183 167
183 179
183 181
183 182
183 191
184 56
184 152
184 176
184 185
184 188
184 248
185 57
185 153
185 169
185 177
185 187
185 249
186 58
186 170
186 178
186 184
187 171
187 179
187 185
187 186
187 191
187 251
188 60
188 156
188 172
188 180
188 184
188 189
188 190
188 252
189 61
189 157
189 181
189 185
189 188
189 191
189 253
190 158
190 174
190 182
190 186
190 188
190 191
190 254
191 63
191 159
191 175
191 187
191 190
191 255
192 128
192 194
192 200
193 65
193 129
193 192
193 195
193 197
193 201
193 209
193 225
194 66
194 130
194 195
194 198
194 202
194 226
195 67
195 131
195 193
195 194
195 199
195 203
195 211
195 227
196 68
196 192
196 197
196 198
196 212
196 228
197 69
197 133
197 193
197 196
197 199
197 229
198 70
198 194
198 199
198 214
198 230
199 71
199 135
199 195
199 197
199 198
199 207
199 215
200 72
200 136
200 192
200 201
201 73
201 137
201 193
201 200
201 203
201 205
201 217
201 233
202 74
202 138
202 194
202 200
202 203
202 206
202 218
202 234
203 75
203 139
203 195
203 201
203 202
203 207
203 235
204 76
204 140
204 196
204 200
204 205
204 206
204 220
204 236
205 77
205 197
205 201
205 204
205 207
205 221
206 78
206 142
206 198
206 202
206 204
206 207
206 222
206 238
207 143
207 199
207 205
207 206
207 223
207 239
208 80
208 144
208 192
208 209
208 212
208 216
208 240
209 81
209 145
209 193
209 208
209 217
209 241
210 146
210 194
210 208
210 211
210 218
210 242
211 147
211 209
211 215
211 219
212 84
212 196
212 213
212 214
212 220
212 244
213 85
213 197
213 209
213 212
213 215
213 221
213 245
214 86
214 150
214 198
214 210
214 215
214 222
214 246
215 151
215 199
215 213
215 214
216 152
216 200
216 217
216 220
216 248
217 89
217 153
217 201
217 209
217 216
217 219
217 221
217 249
218 202
218 210
218 216
218 250
219 91
219 203
219 211
219 217
219 218
219 223
219 251
220 92
220 212
220 216
220 221
220 222
220 252
221 93
221 157
221 213
221 217
221 220
221 223
221 253
222 158
222 218
222 220
222 223
223 95
223 159
223 215
223 219
223 221
223 222
223 255
224 160
224 192
224 225
224 226
224 228
224 232
224 240
225 97
225 161
225 193
225 227
225 241
226 98
226 162
226 224
226 227
226 230
226 242
227 99
227 163
227 195
227 225
227 226
227 243
228 100
228 196
228 229
228 236
228 244
229 101
229 165
229 225
229 228
229 231
229 245
230 102
230 166
230 226
230 228
230 231
230 238
230 246
231 103
231 167
231 199
231 227
231 230
231 239
231 247
232 104
232 168
232 200
232 224
232 233
232 234
233 105
233 169
233 201
233 225
233 235
233 249
234 170
234 226
234 232
234 238
234 250
235 107
235 171
235 227
235 233
235 234
235 239
235 251
236 172
236 204
236 228
236 232
236 252
237 109
237 173
237 205
237 229
237 233
237 236
237 253
238 110
238 174
238 206
238 230
238 234
238 236
238 239
238 254
239 111
239 175
239 207
239 231
239 237
239 238
239 255
240 224
240 241
240 242
240 244
240 248
241 209
241 243
241 249
242 210
242 226
242 240
242 243
242 250
243 115
243 179
243 211
243 241
243 247
244 228
244 245
244 246
244 252
245 117
245 181
245 213
245 241
245 244
246 242
246 254
247 119
247 183
247 215
247 231
247 243
247 245
247 246
247 255
248 120
248 184
248 216
248 232
248 249
248 250
248 252
249 233
249 251
249 253
250 122
250 186
250 218
250 234
250 248
250 251
250 254
251 123
251 187
251 219
251 243
251 250
251 255
252 124
252 188
252 220
252 236
252 244
252 253
252 254
253 125
253 189
253 237
253 245
253 249
253 252
253 255
254 126
254 190
254 222
254 246
254 250
254 255
255 127
0 3 5 6 9 10 12 15 17 18 20 23 24 27 29 30 33 34 36 39 40 43 45 46 48 51 53 54 57 58 60 63 65 66 68 71 72 75 77 78 80 83 85 86 89 90 92 95 96 99 101 102 105 106 108 111 113 114 116 119 120 123 125 126 129 130 132 135 136 139 141 142 144 147 149 150 153 154 156 159 160 163 165 166 169 170 172 175 177 178 180 183 184 187 189 190 192 195 197 198 201 202 204 207 209 210 212 215 216 219 221 222 225 226 228 231 232 235 237 238 240 243 245 246 249 250 252 255
