512 3444 256
0 1
0 2
0 4
0 8
0 16
0 64
0 128
0 256
1 3
1 5
1 17
1 65
1 257
2 0
2 6
2 66
2 130
2 258
3 1
3 2
3 7
3 11
3 19
3 35
3 67
4 0
4 5
4 12
4 20
4 36
4 68
4 132
4 260
5 1
5 7
5 13
5 133
5 261
6 2
6 4
6 7
6 14
6 22
6 70
6 134
6 262
7 3
7 5
7 15
7 23
7 71
7 135
7 263
8 0
8 9
8 10
8 12
8 40
8 72
8 136
9 1
9 8
9 11
9 13
9 25
9 73
10 2
10 8
10 14
10 42
10 74
10 266
11 3
11 9
11 10
11 15
11 27
11 43
11 267
12 4
12 8
12 13
12 14
12 28
12 76
12 140
13 5
13 12
13 15
13 29
13 45
13 77
13 141
14 10
14 12
14 15
14 30
14 78
14 142
15 7
15 11
15 13
15 31
15 47
15 79
15 143
15 271
16 17
16 20
16 24
16 48
16 80
16 272
17 1
17 16
17 21
17 25
17 49
17 81
17 145
18 2
18 16
18 19
18 22
18 26
18 50
18 82
18 146
18 274
19 3
19 17
19 18
19 27
19 83
19 147
19 275
20 4
20 16
20 21
20 22
20 28
20 52
20 84
20 148
21 5
21 17
21 20
21 23
21 85
21 149
21 277
22 6
22 18
22 20
22 23
22 54
22 278
23 7
23 19
23 21
23 31
23 55
23 151
23 279
24 8
24 25
24 26
24 28
24 88
24 280
25 17
25 24
25 27
25 57
25 89
25 153
25 281
26 10
26 18
26 30
26 58
26 154
26 282
27 11
27 19
27 25
27 26
27 31
27 91
27 155
28 12
28 20
28 29
28 30
28 92
28 156
28 284
29 21
29 25
29 31
29 61
29 93
29 285
30 14
30 22
30 26
30 28
30 31
30 94
30 286
31 15
31 23
31 27
31 29
31 30
31 159
31 287
32 0
32 33
32 34
32 36
32 96
32 160
32 288
33 1
33 32
33 35
33 37
33 97
33 161
34 2
34 32
34 35
34 38
34 50
34 98
35 3
35 43
35 51
35 99
35 163
35 291
36 4
36 32
36 37
36 38
36 44
36 52
36 164
36 292
37 5
37 36
37 39
37 45
37 53
37 165
37 293
38 6
38 34
38 39
38 46
38 54
38 102
39 7
39 35
39 38
39 47
39 55
39 103
39 167
40 8
40 32
40 41
40 42
40 104
40 168
40 296
41 9
41 33
41 43
41 45
41 57
41 169
41 297
42 34
42 40
42 43
42 58
42 106
42 298
43 11
43 35
43 41
43 42
43 47
43 59
43 107
43 171
44 12
44 40
44 45
44 46
44 60
44 108
44 172
44 300
45 41
45 44
45 47
45 61
45 109
45 301
46 14
46 42
46 62
46 110
46 174
47 15
47 39
47 43
47 45
47 46
48 16
48 32
48 49
48 56
48 112
48 176
49 17
49 33
49 48
49 51
49 53
49 57
49 113
49 177
49 305
50 48
50 51
50 54
50 58
50 114
50 178
51 19
51 35
51 49
51 50
51 55
51 59
51 115
52 20
52 48
52 53
52 54
52 60
52 180
53 21
53 37
53 52
53 55
53 61
53 117
53 181
53 309
54 22
54 38
54 50
54 52
54 55
54 62
54 118
54 182
54 310
55 23
55 39
55 51
55 53
55 63
55 119
55 183
55 311
56 24
56 40
56 48
56 57
56 58
56 60
56 184
56 312
57 25
57 41
57 49
57 56
57 59
57 185
58 42
58 56
58 59
58 122
58 186
58 314
59 27
59 43
59 51
59 58
59 63
59 187
60 28
60 56
60 62
60 124
60 188
61 29
61 45
61 53
61 57
61 60
61 63
61 189
61 317
62 30
62 58
62 60
62 63
62 190
63 31
63 47
63 55
63 59
63 61
63 62
63 127
63 191
63 319
64 0
64 66
64 72
64 192
65 1
65 64
65 67
65 69
65 73
65 97
65 193
65 321
66 2
66 64
66 67
66 74
66 82
66 98
66 194
66 322
67 3
67 65
67 66
67 71
67 75
67 99
67 195
67 323
68 64
68 69
68 70
68 76
68 84
68 100
68 196
68 324
69 5
69 68
69 71
69 77
69 101
69 197
69 325
70 6
70 66
70 71
70 78
70 86
70 102
70 326
71 69
71 70
71 79
71 103
71 199
71 327
72 8
72 64
72 73
72 74
72 76
72 88
72 104
72 328
73 9
73 65
73 75
73 77
73 89
73 105
73 201
73 329
74 10
74 72
74 75
74 90
74 106
74 202
75 11
75 74
75 79
75 91
75 107
76 12
76 72
76 77
76 78
76 92
76 108
76 204
76 332
77 13
77 69
77 76
77 205
78 14
78 70
78 74
78 79
78 94
78 334
79 77
79 78
79 95
79 111
79 335
80 16
80 64
80 81
80 82
80 84
80 88
80 112
81 17
81 65
81 80
81 83
81 209
81 337
82 18
82 66
82 80
82 83
82 90
82 210
82 338
83 67
83 81
83 82
83 87
83 115
83 211
83 339
84 20
84 80
84 85
84 86
84 92
84 116
84 340
85 21
85 69
85 81
85 87
85 93
85 117
86 22
86 70
86 82
86 84
86 87
86 94
86 214
87 23
87 71
87 83
87 85
87 119
87 215
88 24
88 72
88 80
88 90
88 92
88 120
88 344
89 73
89 81
89 88
89 93
89 121
89 345
90 26
90 74
90 82
90 91
90 122
90 218
91 75
91 83
91 89
91 95
91 123
91 347
92 76
92 84
92 88
92 93
92 94
92 124
92 348
93 29
93 77
93 85
93 92
93 125
93 221
94 30
94 78
94 86
94 90
94 92
94 95
94 126
94 350
95 31
95 79
95 87
95 91
95 93
95 94
95 127
96 32
96 64
96 100
96 104
96 112
96 224
96 352
97 96
97 101
97 105
97 225
97 353
98 34
98 96
98 102
98 114
98 226
99 35
99 97
99 98
99 107
99 115
99 227
99 355
100 36
100 101
100 102
100 108
100 228
100 356
101 37
101 69
101 97
101 100
101 103
101 117
101 229
101 357
102 98
102 103
102 110
102 230
102 358
103 39
103 99
103 102
103 111
103 119
103 231
103 359
104 40
104 72
104 96
104 105
104 108
104 232
105 41
105 109
105 233
105 361
106 42
106 98
106 104
106 107
106 110
107 43
107 75
107 99
107 105
107 106
107 111
107 123
107 235
108 44
108 76
108 100
108 104
108 109
108 110
108 364
109 45
109 77
109 101
109 105
109 111
109 125
109 237
110 46
110 78
110 102
110 111
111 47
111 79
111 103
111 110
111 239
111 367
112 48
112 80
112 113
112 116
112 120
112 240
113 49
113 81
113 97
113 115
113 117
113 121
113 369
114 50
114 82
114 98
114 112
114 115
114 118
114 122
114 242
114 370
115 83
115 99
115 113
115 114
115 119
115 123
115 243
116 52
116 100
116 112
116 117
116 118
116 124
116 244
116 372
117 85
117 101
117 113
117 116
117 125
117 373
118 54
118 86
118 102
118 119
118 126
118 246
118 374
119 55
119 87
119 103
119 115
119 117
119 118
119 127
119 375
120 56
120 88
120 104
120 112
120 121
120 122
120 124
120 248
120 376
121 57
121 89
121 105
121 113
121 120
121 123
121 125
121 249
121 377
122 58
122 106
122 114
122 123
122 126
122 250
122 378
123 59
123 91
123 107
123 127
123 251
123 379
124 60
124 92
124 108
124 116
124 125
124 252
124 380
125 61
125 109
125 117
125 253
126 62
126 110
126 118
126 122
126 124
126 127
126 382
127 95
127 111
127 123
127 125
127 255
127 383
128 0
128 129
128 132
128 136
128 144
128 160
128 192
128 384
129 1
129 128
129 131
129 133
129 161
129 193
130 2
130 128
130 131
130 134
130 138
130 146
130 162
130 194
130 386
131 3
131 129
131 147
131 163
131 195
131 387
132 4
132 128
132 133
132 164
132 196
132 388
133 5
133 132
133 149
133 165
133 197
133 389
134 6
134 130
134 132
134 135
134 142
134 166
135 7
135 131
135 133
135 134
135 143
135 167
135 199
135 391
136 8
136 138
136 140
136 152
136 168
136 200
136 392
137 9
137 129
137 136
137 139
137 141
137 169
137 201
137 393
138 10
138 130
138 136
138 139
138 142
138 154
138 170
138 202
138 394
139 11
139 131
139 143
139 155
139 171
139 203
139 395
140 132
140 136
140 141
140 142
140 156
140 172
140 204
140 396
141 13
141 133
141 137
141 140
141 143
141 157
141 173
142 14
142 134
142 138
142 143
142 158
142 174
143 15
143 135
143 139
143 141
143 142
143 159
143 399
144 16
144 128
144 145
144 146
144 148
144 152
144 176
144 400
145 17
145 129
145 144
145 147
145 149
145 177
145 401
146 18
146 130
146 144
146 147
146 154
146 178
146 402
147 19
147 131
147 145
147 146
147 151
147 155
148 132
148 144
148 149
148 150
148 156
148 180
148 212
148 404
149 148
149 151
149 213
149 405
150 22
150 134
150 146
150 151
150 158
150 214
151 23
151 135
151 147
151 149
151 150
151 159
151 183
151 215
151 407
152 24
152 136
152 144
152 153
152 154
152 156
152 184
152 216
153 25
153 137
153 145
153 157
153 185
153 217
153 409
154 26
154 138
154 152
154 186
154 218
154 410
155 139
155 147
155 153
155 154
155 187
155 219
155 411
156 28
156 140
156 148
156 152
156 158
156 188
156 412
157 29
157 149
157 153
157 156
157 159
158 30
158 142
158 150
158 154
158 156
158 159
158 190
158 222
158 414
159 31
159 143
159 155
159 157
159 158
159 191
159 223
159 415
160 32
160 161
160 162
160 164
160 168
160 224
160 416
161 33
161 160
161 163
161 165
161 169
161 177
161 417
162 34
162 130
162 163
162 166
162 170
162 178
162 226
162 418
163 171
163 179
163 227
164 132
164 160
164 166
164 180
164 228
165 133
165 161
165 164
165 167
165 173
165 181
165 229
165 421
166 38
166 134
166 167
166 174
166 182
166 230
166 422
167 39
167 135
167 163
167 231
167 423
168 40
168 169
168 170
168 172
168 232
168 424
169 41
169 137
169 161
169 168
169 171
169 233
169 425
170 42
170 171
170 174
170 186
170 234
170 426
171 163
171 169
171 175
171 187
171 427
172 140
172 164
172 168
172 173
172 174
172 188
172 236
172 428
173 45
173 141
173 165
173 169
173 175
173 429
174 46
174 166
174 170
174 172
174 175
174 190
174 430
175 47
175 143
175 167
175 173
175 174
175 431
176 144
176 160
176 178
176 180
176 240
176 432
177 49
177 145
177 176
177 179
177 181
177 185
177 241
177 433
178 50
178 179
178 182
178 434
179 51
179 147
179 163
179 177
179 183
179 187
179 435
180 148
180 164
180 176
180 181
180 182
180 188
180 436
181 53
181 149
181 177
181 180
181 189
182 150
182 166
182 178
182 183
182 190
182 246
182 438
183 55
183 151
183 167
183 179
183 181
183 191
183 247
183 439
184 152
184 168
184 176
184 186
184 188
184 440
185 57
185 153
185 169
185 177
185 184
185 187
185 189
185 441
186 58
186 170
186 178
186 250
186 442
187 59
187 155
187 171
187 179
187 185
187 186
187 191
187 443
188 60
188 156
188 184
188 189
188 190
188 252
188 444
189 157
189 173
189 181
189 185
189 188
189 191
189 253
189 445
190 158
190 174
190 186
190 191
190 254
190 446
191 63
191 159
191 175
191 189
191 190
191 255
191 447
192 64
192 196
192 200
192 208
192 448
193 65
193 129
193 192
193 195
193 197
193 201
193 209
194 66
194 130
194 192
194 202
194 210
194 450
195 194
195 203
195 211
195 451
196 132
196 192
196 197
196 198
196 204
196 212
196 228
196 452
197 69
197 193
197 196
197 205
197 229
197 453
198 70
198 134
198 194
198 196
198 199
198 206
198 230
198 454
199 71
199 135
199 195
199 197
199 207
200 72
200 192
200 201
200 202
200 204
200 456
201 73
201 137
201 193
201 203
201 205
201 217
201 457
202 138
202 194
202 206
202 218
202 234
202 458
203 75
203 139
203 201
203 202
203 207
203 219
203 235
204 76
204 140
204 196
204 200
204 205
204 206
204 220
204 236
204 460
205 77
205 141
205 201
205 204
205 207
205 221
205 237
205 461
206 78
206 142
206 198
206 204
206 207
206 222
206 238
206 462
207 79
207 143
207 199
207 205
207 206
207 223
207 463
208 80
208 144
208 192
208 210
208 216
208 240
208 464
209 81
209 145
209 193
209 208
209 211
209 213
209 217
209 465
210 146
210 208
210 211
210 218
210 466
211 83
211 147
211 195
211 210
211 215
211 243
211 467
212 84
212 148
212 208
212 213
212 214
212 220
212 244
213 85
213 197
213 209
213 212
213 215
213 221
213 469
214 198
214 210
214 212
214 222
214 246
215 87
215 151
215 199
215 211
215 214
215 247
215 471
216 88
216 152
216 200
216 208
216 218
216 220
217 89
217 153
217 201
217 216
217 221
218 90
218 154
218 202
218 210
218 216
218 219
218 222
218 250
218 474
219 91
219 203
219 211
219 217
219 218
219 223
219 251
219 475
220 92
220 156
220 204
220 212
220 216
220 221
220 222
221 93
221 157
221 213
221 217
221 220
221 253
221 477
222 94
222 158
222 214
222 220
222 223
222 254
222 478
223 95
223 159
223 215
223 221
223 479
224 192
224 225
224 226
224 228
224 232
224 240
225 97
225 161
225 193
225 224
225 227
225 233
225 241
225 481
226 98
226 162
226 194
226 227
226 242
226 482
227 163
227 195
227 225
227 226
227 231
227 235
227 243
227 483
228 100
228 164
228 230
228 244
228 484
229 101
229 225
229 228
229 231
229 237
229 485
230 102
230 166
230 198
230 226
230 231
230 246
230 486
231 103
231 167
231 199
231 227
231 229
231 230
231 239
231 247
232 168
232 200
232 224
232 236
232 488
233 169
233 201
233 225
233 232
233 235
233 249
233 489
234 106
234 170
234 202
234 226
234 232
234 235
234 490
235 107
235 171
235 203
235 227
235 233
235 234
235 251
235 491
236 108
236 172
236 204
236 228
236 232
236 237
236 238
236 492
237 109
237 173
237 233
237 236
237 239
237 253
237 493
238 110
238 174
238 230
238 234
238 236
238 254
238 494
239 175
239 207
239 231
239 235
239 237
239 238
239 255
240 176
240 208
240 241
240 242
240 244
241 113
241 209
241 240
241 243
241 245
241 249
241 497
242 114
242 178
242 210
242 246
242 250
243 179
243 241
243 242
243 247
243 251
243 499
244 116
244 180
244 212
244 228
244 240
244 245
244 246
244 500
245 117
245 181
245 213
245 229
245 241
245 244
245 247
245 253
245 501
246 118
246 182
246 214
246 247
246 502
247 119
247 183
247 231
247 243
247 245
247 246
247 503
248 120
248 184
248 216
248 232
248 240
248 249
248 252
248 504
249 121
249 185
249 217
249 241
249 248
249 251
249 253
249 505
250 122
250 186
250 234
250 242
250 248
250 251
250 254
251 187
251 219
251 243
251 250
251 255
251 507
252 124
252 188
252 220
252 236
252 244
252 248
252 253
252 508
253 125
253 189
253 221
253 237
253 252
253 255
253 509
254 126
254 222
254 238
254 246
254 252
254 510
255 127
255 223
255 239
255 247
255 251
255 253
255 254
255 511
256 257
256 258
256 260
256 272
256 288
256 320
257 1
257 256
257 261
257 273
257 289
258 259
258 262
258 266
258 290
258 322
259 3
259 257
259 258
259 263
259 267
259 275
259 387
260 4
260 256
260 261
260 262
260 268
260 292
260 324
261 257
261 260
261 263
261 269
261 277
261 293
261 389
262 6
262 258
262 260
262 263
262 278
262 326
262 390
263 7
263 259
263 261
263 262
263 271
263 279
263 295
263 327
263 391
264 8
264 256
264 265
264 280
264 296
265 9
265 257
265 264
265 269
265 281
265 297
265 329
265 393
266 10
266 264
266 270
266 282
266 298
267 11
267 259
267 265
267 266
267 271
267 299
267 331
267 395
268 12
268 260
268 264
268 269
268 284
268 300
268 332
269 13
269 261
269 268
269 271
269 301
269 333
269 397
270 14
270 262
270 266
270 268
270 271
270 286
270 302
270 334
270 398
271 15
271 263
271 287
271 303
271 335
272 256
272 273
272 274
272 276
272 280
272 336
272 400
273 17
273 272
273 275
273 277
273 305
273 401
274 258
274 272
274 278
274 282
274 338
274 402
275 19
275 259
275 273
275 274
275 279
275 283
275 307
275 339
276 20
276 260
276 272
276 277
276 278
276 284
276 308
276 340
277 279
277 285
277 405
278 22
278 262
278 274
278 279
278 286
278 342
278 406
279 263
279 277
279 278
279 287
279 343
279 407
280 264
280 272
280 281
280 282
280 284
280 312
281 273
281 280
281 283
281 313
281 345
281 409
282 26
282 266
282 283
282 286
282 346
282 410
283 27
283 267
283 282
283 287
283 315
283 411
284 28
284 276
284 280
284 285
284 286
284 316
285 29
285 269
285 277
285 281
285 284
285 287
285 317
285 349
285 413
286 30
286 270
286 278
286 282
286 284
286 287
286 318
287 31
287 279
287 286
287 319
287 415
288 256
288 289
288 292
288 296
288 304
288 352
288 416
289 33
289 257
289 288
289 291
289 293
289 305
289 353
290 34
290 258
290 288
290 291
290 294
290 298
290 306
290 354
290 418
291 35
291 259
291 289
291 290
291 295
291 299
291 307
291 355
291 419
292 36
292 294
292 300
292 308
292 356
292 420
293 37
293 261
293 292
293 295
293 301
293 309
293 357
294 38
294 262
294 290
294 292
294 295
294 302
294 310
294 358
294 422
295 39
295 291
295 293
295 294
295 311
295 359
295 423
296 40
296 264
296 288
296 297
296 300
296 312
296 360
296 424
297 41
297 265
297 289
297 296
297 299
297 301
297 313
297 425
298 42
298 266
298 290
298 296
298 299
298 302
298 314
298 426
299 43
299 267
299 291
299 315
299 363
299 427
300 44
300 292
300 301
300 302
300 316
301 293
301 297
301 300
301 303
301 317
301 365
302 46
302 294
302 303
302 318
302 366
303 47
303 271
303 295
303 299
303 302
303 319
304 48
304 272
304 306
304 308
304 368
305 49
305 273
305 289
305 304
305 307
305 309
305 313
305 433
306 50
306 274
306 290
306 310
306 314
307 51
307 291
307 305
307 306
307 311
307 315
307 371
307 435
308 52
308 276
308 292
308 304
308 309
308 310
308 316
308 372
308 436
309 53
309 277
309 293
309 305
309 308
309 311
309 317
309 373
309 437
310 54
310 278
310 294
310 306
310 308
310 311
310 374
310 438
311 55
311 279
311 295
311 307
311 319
311 375
311 439
312 56
312 296
312 304
312 313
312 314
312 316
312 376
313 57
313 281
313 305
313 315
313 317
313 377
313 441
314 58
314 282
314 298
314 306
314 312
314 315
314 318
314 378
315 59
315 299
315 307
315 319
315 379
315 443
316 60
316 284
316 300
316 308
316 312
316 317
317 61
317 301
317 309
317 316
317 319
318 62
318 286
318 310
318 314
318 316
318 319
318 382
318 446
319 63
319 287
319 311
319 315
319 317
319 318
319 383
319 447
320 64
320 324
320 328
320 336
320 352
321 65
321 257
321 320
321 323
321 325
321 329
321 337
321 353
321 449
322 258
322 320
322 323
322 326
322 330
322 354
322 450
323 67
323 259
323 321
323 327
323 331
323 339
323 355
323 451
324 68
324 260
324 320
324 325
324 332
324 340
324 452
325 69
325 261
325 321
325 324
325 327
325 341
325 453
326 70
326 324
326 327
326 342
326 358
326 454
327 71
327 263
327 325
327 326
327 335
327 359
328 264
328 320
328 329
328 330
328 332
328 344
328 360
328 456
329 265
329 321
329 328
329 331
329 345
329 361
329 457
330 74
330 266
330 328
330 334
330 346
331 75
331 323
331 330
331 335
331 347
331 363
332 76
332 324
332 328
332 333
332 334
332 348
332 460
333 77
333 269
333 325
333 329
333 335
333 365
333 461
334 78
334 270
334 326
334 335
334 350
334 366
334 462
335 79
335 271
335 327
335 331
335 334
335 351
335 367
335 463
336 80
336 272
336 320
336 337
336 338
336 340
336 344
336 368
337 81
337 273
337 321
337 339
337 341
337 345
337 369
337 465
338 82
338 322
338 336
338 339
338 342
338 346
338 370
338 466
339 83
339 275
339 347
339 371
339 467
340 341
340 342
340 348
340 372
340 468
341 85
341 277
341 343
341 349
341 373
342 86
342 278
342 338
342 340
342 343
342 350
342 374
342 470
343 87
343 279
343 327
343 339
343 341
343 351
343 375
344 88
344 280
344 328
344 336
344 345
344 346
344 376
344 472
345 89
345 281
345 329
345 337
345 344
345 349
345 377
346 90
346 282
346 344
346 347
346 350
346 378
346 474
347 91
347 283
347 345
347 346
347 475
348 284
348 332
348 340
348 344
348 349
348 380
349 93
349 333
349 341
349 345
349 351
349 477
350 286
350 342
350 346
350 348
350 382
350 478
351 95
351 287
351 347
351 349
351 350
351 383
352 288
352 320
352 353
352 354
352 368
353 321
353 352
353 361
353 369
353 481
354 98
354 290
354 322
354 352
354 355
354 358
354 370
354 482
355 99
355 323
355 353
355 354
355 363
355 483
356 292
356 324
356 352
356 357
356 358
356 364
356 484
357 101
357 293
357 325
357 353
357 356
357 359
357 373
357 485
358 102
358 294
358 326
358 354
358 356
358 374
359 295
359 327
359 355
359 357
359 358
359 367
359 375
359 487
360 104
360 296
360 328
360 352
360 362
360 364
360 376
361 297
361 353
361 360
361 363
361 365
361 377
361 489
362 106
362 298
362 330
362 354
362 360
362 366
362 378
362 490
363 107
363 331
363 355
363 361
363 362
363 367
363 379
363 491
364 108
364 300
364 332
364 366
364 380
364 492
365 109
365 333
365 357
365 361
365 364
365 367
365 381
366 110
366 334
366 358
366 362
366 364
366 367
366 382
366 494
367 303
367 335
367 365
367 366
367 495
368 112
368 336
368 352
368 369
368 370
368 372
368 496
369 113
369 305
369 353
369 368
369 371
369 373
369 377
369 497
370 306
370 368
370 374
370 378
370 498
371 115
371 307
371 339
371 355
371 370
371 375
371 379
371 499
372 116
372 340
372 356
372 373
372 380
372 500
373 117
373 309
373 369
373 375
373 381
374 358
374 372
374 382
374 502
375 311
375 343
375 359
375 371
375 374
375 503
376 312
376 360
376 368
376 377
376 378
376 380
377 345
377 361
377 376
377 379
377 381
377 505
378 122
378 314
378 362
378 379
378 382
378 506
379 123
379 315
379 347
379 371
379 378
379 383
380 124
380 316
380 364
380 372
380 376
380 381
380 382
380 508
381 125
381 317
381 349
381 380
381 383
382 126
382 318
382 350
382 374
382 378
382 380
382 383
382 510
383 319
383 367
383 375
383 381
383 382
383 511
384 128
384 256
384 386
384 388
384 392
384 400
384 416
385 129
385 257
385 384
385 389
385 393
385 401
385 417
385 449
386 130
386 258
386 384
386 387
386 390
386 394
386 402
386 418
386 450
387 131
387 259
387 385
387 386
387 391
387 395
387 419
387 451
388 260
388 384
388 389
388 390
388 396
388 404
388 420
389 261
389 385
389 388
389 391
389 397
389 405
389 421
390 134
390 391
390 398
390 406
390 422
391 263
391 389
391 390
391 399
391 407
391 423
391 455
392 136
392 264
392 384
392 393
392 394
392 396
392 408
392 424
392 456
393 265
393 385
393 392
393 395
393 397
394 138
394 266
394 386
394 392
394 395
394 398
394 410
394 426
395 387
395 394
395 427
396 140
396 268
396 388
396 392
396 397
396 398
396 428
396 460
397 141
397 389
397 399
397 429
398 142
398 394
398 396
398 414
399 143
399 271
399 395
399 397
399 398
399 431
400 272
400 384
400 401
400 402
400 404
400 408
400 432
400 464
401 385
401 400
401 403
401 409
401 433
401 465
402 146
402 386
402 400
402 403
402 466
403 147
403 275
403 387
403 402
403 407
403 411
403 435
403 467
404 148
404 276
404 400
404 406
404 468
405 149
405 389
405 401
405 404
405 407
405 413
405 437
406 150
406 278
406 390
406 402
406 404
406 414
406 470
407 151
407 279
407 403
407 405
407 406
407 415
407 471
408 152
408 280
408 400
408 409
408 410
408 412
408 440
409 153
409 281
409 393
409 401
409 411
409 413
409 441
410 394
410 402
410 411
410 414
410 442
410 474
411 155
411 283
411 395
411 403
411 409
411 410
411 415
411 475
412 156
412 284
412 396
412 404
412 414
412 444
412 476
413 157
413 285
413 397
413 409
413 412
413 415
413 445
413 477
414 158
414 286
414 398
414 410
414 412
414 415
414 446
414 478
415 399
415 414
415 479
416 160
416 384
416 417
416 418
416 420
416 424
416 480
417 161
417 289
417 419
417 425
417 433
417 481
418 162
418 290
418 419
418 426
418 434
418 482
419 163
419 291
419 387
419 418
419 427
419 435
419 483
420 164
420 416
420 421
420 422
420 428
420 436
420 484
421 165
421 293
421 389
421 417
421 420
421 423
421 429
421 437
421 485
422 166
422 294
422 390
422 418
422 420
422 423
422 430
422 438
422 486
423 295
423 391
423 419
423 422
423 431
423 439
423 487
424 168
424 296
424 392
424 416
424 426
424 428
424 488
425 169
425 297
425 393
425 417
425 424
425 429
426 170
426 298
426 394
426 418
426 424
426 430
426 442
426 490
427 171
427 299
427 395
427 419
427 425
427 426
427 431
428 172
428 300
428 420
428 424
428 429
428 430
428 492
429 301
429 397
429 421
429 425
429 428
429 431
429 493
430 174
430 302
430 398
430 422
430 426
430 431
430 446
431 303
431 399
431 423
431 430
431 447
431 495
432 176
432 304
432 400
432 416
432 433
432 440
432 496
433 305
433 417
433 432
433 441
433 497
434 178
434 306
434 402
434 418
434 432
434 435
434 438
434 442
434 498
435 179
435 403
435 419
435 433
435 434
435 439
435 443
435 499
436 180
436 404
436 420
436 432
436 437
436 444
436 500
437 181
437 309
437 405
437 421
437 433
437 436
437 445
437 501
438 310
438 406
438 436
438 439
438 446
438 502
439 407
439 423
439 437
439 438
439 447
439 503
440 312
440 408
440 424
440 432
440 441
440 442
440 444
440 504
441 313
441 425
441 433
441 440
441 445
441 505
442 314
442 410
442 434
442 443
443 187
443 315
443 411
443 427
443 435
443 441
443 442
443 447
443 507
444 316
444 428
444 436
444 445
444 446
445 317
445 413
445 429
445 437
445 441
445 444
445 447
446 430
446 442
446 444
446 510
447 319
447 415
447 431
447 445
447 446
447 511
448 192
448 320
448 384
448 450
448 452
448 456
448 464
449 193
449 448
449 451
449 453
449 465
449 481
450 322
450 386
450 451
450 454
450 482
451 323
451 449
451 450
451 459
451 483
452 324
452 388
452 448
452 453
452 460
452 468
452 484
453 197
453 389
453 452
453 455
453 461
453 469
453 485
454 198
454 390
454 452
454 462
454 470
455 199
455 327
455 391
455 451
455 453
455 454
455 463
455 487
456 200
456 328
456 392
456 448
456 458
456 472
456 488
457 393
457 449
457 456
457 473
457 489
458 202
458 330
458 394
458 450
458 459
459 203
459 331
459 395
459 451
459 457
459 458
459 463
459 475
459 491
460 204
460 332
460 456
460 462
460 476
461 205
461 397
461 453
461 457
461 460
462 398
462 454
462 458
462 463
462 478
462 494
463 207
463 335
463 399
463 455
463 459
463 461
463 462
463 495
464 208
464 336
464 400
464 465
464 466
464 468
464 472
464 496
465 209
465 337
465 449
465 467
465 469
465 473
465 497
466 402
466 450
466 464
466 467
466 474
467 339
467 451
467 471
467 475
467 499
468 212
468 340
468 404
468 452
468 464
468 469
468 476
468 500
469 213
469 341
469 405
469 453
469 465
469 468
469 471
469 501
470 214
470 342
470 454
470 466
470 468
470 471
470 478
470 502
471 343
471 407
471 455
471 469
471 470
471 479
471 503
472 216
472 408
472 456
472 473
472 474
472 504
473 217
473 345
473 409
473 457
473 465
473 475
473 477
473 505
474 346
474 410
474 458
474 472
474 475
474 478
474 506
475 219
475 347
475 411
475 459
475 467
475 473
475 479
476 220
476 348
476 412
476 460
476 468
476 472
476 477
476 478
476 508
477 221
477 349
477 461
477 469
477 473
477 476
477 479
477 509
478 222
478 350
478 414
478 462
478 474
478 476
478 510
479 223
479 351
479 415
479 463
479 475
479 478
479 511
480 224
480 352
480 448
480 482
480 484
480 488
481 225
481 353
481 417
481 449
481 480
481 485
481 489
481 497
482 226
482 354
482 418
482 450
482 480
482 483
482 486
482 490
482 498
483 227
483 419
483 451
483 481
483 487
483 499
484 228
484 420
484 485
484 486
484 492
484 500
485 229
485 357
485 453
485 484
485 493
486 358
486 454
486 487
486 494
486 502
487 231
487 359
487 423
487 485
487 495
487 503
488 360
488 424
488 456
488 480
488 489
488 490
488 492
488 504
489 361
489 425
489 457
489 481
489 488
489 491
489 493
489 505
490 234
490 426
490 458
490 482
490 488
490 491
490 494
490 506
491 363
491 427
491 459
491 483
491 489
491 507
492 236
492 364
492 460
492 484
492 488
492 493
492 494
493 237
493 365
493 461
493 485
493 492
493 495
494 238
494 366
494 430
494 462
494 490
494 492
494 495
494 510
495 239
495 367
495 431
495 463
495 487
495 491
495 493
495 494
495 511
496 240
496 368
496 432
496 464
496 480
496 497
496 498
496 500
496 504
497 241
497 433
497 481
497 496
497 499
497 501
497 505
498 242
498 466
498 482
498 496
498 499
498 506
499 243
499 371
499 435
499 467
499 498
499 503
499 507
500 244
500 372
500 436
500 468
500 496
500 501
500 502
501 373
501 469
501 485
501 503
501 509
502 246
502 374
502 486
502 498
502 500
502 510
503 375
503 439
503 499
503 502
504 248
504 376
504 488
504 496
504 505
504 506
504 508
505 249
505 377
505 473
505 497
505 509
506 250
506 442
506 474
506 490
506 507
506 510
507 379
507 443
507 475
507 491
507 499
507 505
507 506
507 511
508 380
508 444
508 492
508 500
508 504
508 510
509 381
509 445
509 493
509 501
509 505
509 508
509 511
510 254
510 382
510 446
510 478
510 494
510 502
510 508
510 511
511 255
511 383
511 447
511 479
511 503
511 507
0 3 5 6 9 10 12 15 17 18 20 23 24 27 29 30 33 34 36 39 40 43 45 46 48 51 53 54 57 58 60 63 65 66 68 71 72 75 77 78 80 83 85 86 89 90 92 95 96 99 101 102 105 106 108 111 113 114 116 119 120 123 125 126 129 130 132 135 136 139 141 142 144 147 149 150 153 154 156 159 160 163 165 166 169 170 172 175 177 178 180 183 184 187 189 190 192 195 197 198 201 202 204 207 209 210 212 215 216 219 221 222 225 226 228 231 232 235 237 238 240 243 245 246 249 250 252 255 257 258 260 263 264 267 269 270 272 275 277 278 281 282 284 287 288 291 293 294 297 298 300 303 305 306 308 311 312 315 317 318 320 323 325 326 329 330 332 335 337 338 340 343 344 347 349 350 353 354 356 359 360 363 365 366 368 371 373 374 377 378 380 383 384 387 389 390 393 394 396 399 401 402 404 407 408 411 413 414 417 418 420 423 424 427 429 430 432 435 437 438 441 442 444 447 449 450 452 455 456 459 461 462 464 467 469 470 473 474 476 479 480 483 485 486 489 490 492 495 497 498 500 503 504 507 509 510
