243 1215 27
0 1
0 3
0 9
0 27
1 19
1 28
1 163
2 0
2 1
2 20
2 56
2 164
3 5
3 6
3 12
3 21
3 30
3 165
4 1
4 3
4 5
4 13
4 22
4 58
4 166
5 2
6 0
6 15
6 24
6 33
6 60
6 168
7 1
7 4
7 6
7 16
7 61
8 2
8 5
8 6
8 7
8 17
8 35
8 62
8 89
9 10
9 11
9 12
9 18
9 36
9 171
10 1
10 13
10 16
10 19
11 2
11 10
11 14
11 92
11 173
12 14
12 39
12 66
12 93
13 12
13 22
13 40
13 67
13 175
14 5
14 13
14 17
14 68
14 95
14 176
15 9
15 12
15 16
15 177
16 13
16 17
16 97
17 11
17 15
17 26
17 98
17 179
18 0
18 45
18 72
18 99
18 180
19 18
19 22
19 25
19 46
19 73
19 181
20 11
20 18
20 19
20 26
20 182
21 12
21 18
21 22
21 23
21 48
21 75
21 102
21 183
22 76
22 184
23 5
23 14
23 20
23 22
23 26
23 50
23 77
23 104
23 185
24 15
24 18
24 21
24 25
24 26
24 51
24 78
24 105
24 186
25 7
25 16
25 22
25 26
25 52
25 106
26 8
26 53
26 107
27 28
27 29
27 36
28 29
28 34
28 46
28 55
29 2
29 32
29 110
30 27
30 31
30 32
30 33
30 57
30 111
30 192
31 4
31 28
31 40
31 112
31 193
32 5
32 31
32 35
32 41
32 50
32 59
32 113
32 194
33 27
33 42
33 114
33 195
34 7
34 31
34 33
34 35
34 43
34 52
34 61
34 196
35 29
35 33
35 44
35 53
36 37
36 38
36 39
36 45
36 198
37 10
37 28
37 38
37 43
37 46
38 11
38 29
38 47
39 30
39 41
39 48
39 66
39 120
40 37
40 39
40 43
40 67
40 202
41 14
41 38
41 40
41 68
41 203
42 15
42 36
42 39
42 123
43 16
43 42
43 70
44 17
44 38
44 41
44 42
44 43
44 71
45 27
45 48
45 72
45 126
45 207
46 45
46 49
46 73
46 127
46 208
47 20
47 29
47 45
47 46
48 30
48 49
48 50
48 51
48 210
49 22
49 31
49 40
49 52
50 41
50 47
50 49
50 77
50 212
51 33
51 42
51 45
51 132
52 43
52 46
52 51
52 79
53 44
53 47
53 50
53 51
53 52
53 80
53 215
54 0
54 27
54 56
54 57
54 60
54 63
54 135
55 1
55 54
55 58
55 61
55 73
55 136
55 217
56 29
56 55
56 59
56 62
56 65
56 137
57 3
57 58
57 59
57 66
57 75
58 31
58 59
58 61
58 76
58 139
58 220
59 5
59 62
59 68
59 140
59 221
60 33
60 57
60 61
60 62
60 69
60 222
61 70
61 79
61 142
61 223
62 35
62 61
63 9
63 36
63 64
63 66
63 69
63 72
63 225
64 10
64 37
64 55
64 65
64 67
64 145
65 11
65 38
65 63
65 74
65 146
66 67
66 147
66 228
67 58
67 76
67 148
68 65
68 66
68 67
68 71
68 77
68 149
68 230
69 15
69 42
69 66
69 70
69 71
69 231
70 16
70 64
70 67
70 71
70 79
71 17
71 62
71 65
71 80
71 233
72 54
72 73
72 78
72 153
73 64
73 76
73 154
73 235
74 20
74 47
74 56
74 72
74 73
74 77
74 80
74 155
74 236
75 48
75 66
75 72
75 76
75 77
76 49
76 157
77 59
77 76
77 80
77 158
77 239
78 51
78 60
78 69
78 75
78 80
78 159
78 240
79 25
79 73
79 76
79 78
79 160
80 26
80 62
80 79
80 161
81 0
81 84
81 87
81 90
81 99
81 135
81 162
82 1
82 81
82 83
82 85
82 100
83 2
83 81
83 92
83 101
83 110
84 3
84 85
84 86
84 93
84 102
84 138
85 4
85 94
85 103
85 112
85 139
85 166
86 5
86 83
86 85
86 89
86 113
86 140
86 167
87 6
87 84
87 88
87 96
87 141
88 7
88 82
88 85
88 89
88 106
88 115
88 142
89 83
89 87
89 98
89 143
90 9
90 91
90 92
90 96
90 117
90 144
91 10
91 82
91 92
91 94
91 97
91 100
91 118
91 172
92 98
92 101
92 146
93 90
93 102
93 147
94 13
94 93
94 148
95 86
95 92
95 93
95 94
95 104
95 122
95 149
95 176
96 15
96 93
96 105
96 123
96 150
96 177
97 88
97 94
97 96
97 106
97 124
97 178
98 95
98 96
98 97
98 107
99 90
99 100
99 101
99 102
99 105
99 153
99 180
100 19
100 101
100 103
100 127
100 154
101 20
101 107
101 128
101 182
102 129
103 22
103 94
103 102
103 106
103 157
104 86
104 101
104 102
104 103
104 131
105 87
105 102
105 106
105 107
105 159
106 100
106 160
107 89
107 104
107 106
107 161
108 27
108 81
108 109
108 110
108 111
108 117
108 135
109 28
109 82
109 110
109 112
109 118
109 136
110 113
110 137
110 191
111 84
111 120
111 138
112 111
112 113
112 121
112 130
113 111
113 116
113 131
113 194
114 87
114 108
114 111
114 115
114 123
114 141
115 34
115 109
115 112
115 124
115 133
115 142
115 196
116 35
116 89
116 110
116 114
116 115
116 125
116 134
116 197
117 36
117 118
117 120
118 37
118 119
118 121
118 124
118 127
118 145
118 199
119 38
119 92
119 110
119 117
119 125
119 128
120 93
120 121
120 123
120 129
120 147
120 201
121 40
121 94
121 122
122 41
122 113
122 119
122 120
122 125
122 149
122 203
123 117
123 124
123 150
123 204
124 43
124 121
124 125
124 133
124 151
124 205
125 44
125 98
125 123
125 134
125 206
126 99
126 108
126 117
126 128
126 153
126 207
127 109
127 126
127 133
128 47
128 110
128 127
128 131
128 134
128 155
129 48
129 111
129 126
129 131
129 132
130 49
130 103
130 121
130 127
130 129
131 50
131 122
131 130
132 105
132 114
132 123
132 126
132 134
132 159
132 213
133 52
133 106
133 130
133 132
133 134
134 53
134 107
134 131
134 161
135 136
135 138
135 144
135 153
135 216
136 82
136 139
136 145
136 154
137 83
137 135
137 136
137 143
137 146
137 155
138 57
138 139
138 141
138 147
138 156
138 219
139 112
139 140
139 142
139 157
139 220
140 113
140 137
140 138
140 143
140 149
141 60
141 135
142 136
142 141
143 62
143 116
143 141
143 142
143 152
143 161
144 63
144 117
144 147
145 91
145 144
145 146
145 148
145 151
145 154
146 119
146 144
146 152
146 155
146 227
147 156
148 121
148 139
148 147
148 149
148 151
148 157
149 146
149 147
149 158
149 230
150 69
150 141
150 144
150 147
150 231
151 70
151 97
151 142
151 150
151 152
151 160
152 71
152 98
152 125
152 149
152 150
152 161
152 233
153 144
153 154
153 155
153 156
153 159
153 234
154 127
154 155
155 101
155 158
155 161
155 236
156 75
156 102
156 129
156 157
156 159
156 237
157 130
157 154
157 158
157 160
157 238
158 104
158 131
158 140
158 156
158 161
158 239
159 141
159 150
159 240
160 133
160 142
160 154
160 159
160 161
161 159
161 242
162 0
162 164
162 165
162 168
162 180
162 189
163 82
163 162
163 164
163 169
163 172
164 83
164 191
164 218
165 84
165 166
165 192
166 163
166 220
167 5
167 164
167 165
167 166
167 221
168 87
168 165
168 169
168 186
168 195
169 7
169 88
169 166
169 170
169 178
170 8
170 89
170 164
170 167
170 168
170 188
171 90
171 162
171 172
171 173
171 177
172 10
172 199
173 92
173 164
173 172
173 176
173 179
173 227
174 12
174 93
174 165
174 171
174 175
174 183
174 228
175 94
175 166
175 172
175 176
175 178
176 167
176 174
176 185
176 203
177 168
177 174
177 178
177 231
178 16
178 172
178 179
178 205
178 232
179 98
179 170
179 176
179 177
179 188
179 206
179 233
180 171
180 182
180 183
180 207
180 234
181 100
181 163
181 172
181 180
181 182
182 164
182 173
182 236
183 102
183 165
183 184
183 185
184 103
184 166
184 175
184 181
184 238
185 104
185 167
185 182
185 184
186 105
186 177
186 180
186 183
186 187
187 25
187 106
187 169
187 178
187 181
187 184
187 188
187 241
188 26
188 107
188 182
188 185
188 186
188 242
189 27
189 108
189 192
189 195
189 198
189 207
189 216
190 28
190 109
190 163
190 189
190 191
190 196
190 199
191 29
191 189
191 197
191 200
191 209
192 111
192 194
192 210
192 219
193 112
193 166
193 190
193 192
193 194
193 196
193 211
194 167
194 191
194 212
194 221
195 114
195 192
195 196
195 204
196 169
196 205
196 214
197 35
197 170
197 194
197 195
197 196
197 206
197 224
198 117
198 171
198 199
198 201
198 204
198 225
199 37
199 202
199 208
199 226
200 38
200 119
200 173
200 198
200 199
200 206
200 209
201 39
201 174
201 192
201 203
201 210
201 228
202 121
202 175
202 193
202 201
202 205
202 211
203 194
203 200
203 202
203 206
203 230
204 42
204 177
204 201
204 205
204 206
205 43
205 199
205 232
206 44
206 205
207 198
207 208
207 210
207 234
208 127
208 181
208 190
208 211
208 214
208 235
209 47
209 128
209 182
209 207
209 208
210 129
210 183
210 211
210 212
210 237
211 49
211 130
211 184
211 238
212 131
212 185
212 203
212 209
212 211
212 239
213 51
213 186
213 195
213 204
213 207
213 210
214 52
214 133
214 187
214 205
214 211
214 213
214 241
215 134
215 188
215 197
215 206
215 209
215 212
215 213
215 214
215 242
216 54
216 162
216 225
216 234
217 136
217 163
217 190
217 216
217 218
217 223
217 235
218 56
218 137
218 191
218 216
218 227
219 57
219 165
219 216
219 221
219 228
219 237
220 193
220 217
220 219
220 221
220 223
220 229
221 140
221 218
221 230
221 239
222 141
222 168
222 195
222 216
222 219
222 231
223 142
223 169
223 196
223 222
223 232
223 241
224 62
224 143
224 170
224 218
224 221
224 222
224 223
224 242
225 144
225 171
225 227
225 228
225 231
225 234
226 64
226 145
226 172
226 217
226 225
226 227
226 235
227 65
227 200
227 236
228 147
228 230
228 237
229 67
229 148
229 175
229 202
229 226
229 228
230 176
230 227
230 229
230 233
230 239
231 204
231 228
231 240
232 70
232 151
232 226
232 229
232 231
232 233
232 241
233 206
233 224
233 227
233 231
233 242
234 72
234 235
234 236
234 237
234 240
235 154
235 181
235 238
235 241
236 209
236 218
236 235
236 239
237 75
237 183
237 238
237 240
238 76
238 220
238 229
238 239
239 185
239 237
239 242
240 186
240 213
240 222
240 241
241 79
241 160
241 238
242 80
242 236
242 240
242 241
0 14 25 32 43 45 59 64 78 89 91 102 109 120 134 135 152 157 166 177 182 195 200 211 223 228 236
