64 192 12
0 1
0 32
1 17
1 33
2 0
2 3
2 6
2 34
3 1
3 19
3 35
4 0
4 6
4 12
4 20
5 1
5 4
5 7
5 13
5 21
6 14
6 38
7 3
7 6
7 23
7 39
8 0
8 40
9 1
9 8
9 11
9 25
10 2
10 8
10 14
10 26
10 42
11 3
11 10
11 27
11 43
12 8
12 13
12 14
12 28
12 44
13 9
13 15
13 45
14 15
14 46
15 7
15 11
16 0
16 18
17 16
17 49
18 2
18 19
18 22
18 26
19 17
19 51
20 16
20 21
20 22
21 17
21 23
22 6
22 30
22 54
23 19
23 22
23 31
24 8
24 16
24 26
24 28
24 56
25 17
25 24
25 57
26 58
27 19
27 25
27 26
27 31
28 20
28 30
29 13
29 21
29 25
29 28
29 31
29 61
30 14
30 26
30 31
31 15
32 33
33 35
33 37
33 41
34 32
34 35
34 38
34 50
35 43
36 4
36 32
37 5
37 36
37 39
37 45
37 53
38 36
38 46
38 54
39 35
39 38
40 32
40 42
41 9
41 40
41 45
42 34
42 46
42 58
43 41
43 42
43 47
44 36
44 40
45 44
45 61
46 44
46 47
46 62
47 15
47 39
47 45
48 16
48 32
48 50
48 56
49 33
49 48
50 18
50 51
50 54
50 58
51 35
51 49
51 55
51 59
52 20
52 36
52 48
52 53
53 21
53 49
54 52
54 62
55 23
55 39
55 53
55 54
56 40
56 58
56 60
57 41
57 49
57 56
58 59
59 27
59 43
59 57
60 28
60 44
60 52
60 61
61 53
61 57
62 30
62 58
62 60
63 31
63 47
63 55
63 59
63 61
63 62
1 6 15 23 26 28 35 37 40 48 57 62
