512 3415 64
0 1
0 2
0 4
0 8
0 16
0 64
0 128
1 0
1 3
1 5
1 9
1 17
1 33
1 65
1 129
1 257
2 3
2 6
2 10
2 34
2 130
2 258
3 1
3 2
3 11
3 19
3 67
3 131
3 259
4 0
4 5
4 12
4 36
4 132
5 4
5 7
5 13
5 69
5 133
5 261
6 2
6 4
6 14
6 38
6 70
6 262
7 3
7 5
7 6
7 15
7 39
7 71
7 135
7 263
8 9
8 10
8 12
8 24
8 40
8 72
8 136
8 264
9 1
9 8
9 11
9 13
9 25
9 41
9 265
10 8
10 11
10 14
10 42
10 74
10 266
11 3
11 9
11 10
11 15
11 27
11 267
12 4
12 8
12 13
12 14
12 28
12 76
12 268
13 5
13 9
13 12
13 29
13 45
13 141
13 269
14 6
14 10
14 12
14 15
14 30
14 46
14 270
15 7
15 13
15 31
15 47
15 79
15 143
16 0
16 17
16 18
16 20
16 48
16 80
16 272
17 1
17 19
17 21
17 25
17 81
17 145
17 273
18 2
18 19
18 22
18 26
18 146
19 3
19 23
19 27
19 51
19 83
20 4
20 16
20 21
20 22
20 28
20 52
20 84
20 148
20 276
21 5
21 17
21 23
21 29
21 53
21 85
21 149
21 277
22 6
22 18
22 23
22 30
22 86
22 150
22 278
23 7
23 19
23 21
23 22
23 31
23 55
23 87
23 151
23 279
24 16
24 25
24 56
24 88
24 280
25 9
25 27
25 29
25 57
25 89
25 153
25 281
26 10
26 24
26 27
26 30
26 58
26 90
26 154
26 282
27 11
27 25
27 31
27 59
27 91
27 155
27 283
28 24
28 60
28 92
29 13
29 25
29 28
29 31
29 61
29 157
29 285
30 14
30 22
30 28
30 31
30 94
30 158
30 286
31 15
31 23
31 27
31 63
31 95
31 159
31 287
32 0
32 33
32 34
32 36
32 40
32 48
32 96
32 160
32 288
33 32
33 35
33 37
33 41
33 49
33 97
33 161
33 289
34 2
34 32
34 38
34 50
34 290
35 3
35 33
35 34
35 39
35 43
35 51
35 99
35 291
36 4
36 32
36 38
36 52
36 164
36 292
37 5
37 33
37 36
37 39
37 45
37 101
37 165
37 293
38 6
38 34
38 36
38 39
38 46
38 102
38 166
38 294
39 7
39 35
39 37
39 38
39 103
39 167
39 295
40 32
40 41
40 42
40 44
40 56
40 168
40 296
41 33
41 40
41 57
41 105
41 297
42 10
42 34
42 46
42 58
42 170
42 298
43 11
43 41
43 42
43 47
43 59
43 107
43 171
43 299
44 12
44 36
44 40
44 45
44 108
44 172
44 300
45 37
45 41
45 47
45 109
45 173
45 301
46 14
46 38
46 42
46 44
46 47
46 110
46 174
46 302
47 39
47 46
47 63
47 111
47 175
47 303
48 16
48 32
48 49
48 50
48 52
48 112
48 304
49 17
49 33
49 48
49 51
49 53
49 57
49 113
49 177
49 305
50 18
50 34
50 48
50 51
50 54
50 114
50 178
51 35
51 49
51 50
51 55
51 115
51 307
52 36
52 48
52 53
52 60
52 116
52 180
52 308
53 37
53 52
53 55
53 61
53 117
53 309
54 22
54 38
54 50
54 52
54 55
54 62
54 118
54 182
54 310
55 39
55 51
55 53
55 119
55 311
56 40
56 48
56 58
56 120
56 184
56 312
57 25
57 41
57 56
57 59
57 61
57 185
57 313
58 42
58 50
58 56
58 59
58 62
58 122
58 314
59 27
59 51
59 57
59 63
59 123
59 187
60 28
60 44
60 52
60 56
60 61
60 62
60 188
60 316
61 29
61 45
61 53
61 57
61 60
61 125
61 189
62 30
62 46
62 58
62 60
62 190
62 318
63 31
63 47
63 55
63 59
63 61
63 62
63 127
63 191
64 0
64 65
64 66
64 68
64 72
64 80
64 192
65 1
65 67
65 69
65 73
65 81
65 97
65 193
65 321
66 2
66 64
66 82
66 98
66 194
66 322
67 66
67 71
67 83
67 99
67 323
68 4
68 64
68 70
68 84
68 196
68 324
69 5
69 65
69 68
69 71
69 77
69 197
69 325
70 66
70 68
70 71
70 86
70 102
70 198
70 326
71 7
71 67
71 70
71 79
71 87
71 199
71 327
72 8
72 73
72 74
72 76
72 104
72 200
72 328
73 9
73 65
73 72
73 77
73 89
73 105
74 10
74 66
74 72
74 75
74 78
74 90
74 106
74 202
74 330
75 11
75 67
75 73
75 79
75 91
75 107
75 203
76 12
76 68
76 77
76 78
76 92
76 108
76 332
77 13
77 69
77 76
77 79
77 109
77 205
78 14
78 70
78 74
78 79
78 94
79 75
79 77
79 78
79 111
79 207
79 335
80 64
80 81
80 82
80 84
80 208
80 336
81 17
81 85
81 89
81 113
81 337
82 18
82 66
82 80
82 90
82 210
82 338
83 19
83 67
83 81
83 82
83 87
83 115
83 339
84 20
84 68
84 80
84 86
84 92
84 116
84 212
84 340
85 21
85 69
85 81
85 84
85 87
85 93
85 341
86 22
86 82
86 87
86 94
86 118
86 214
87 23
87 71
87 83
87 85
87 86
87 95
87 119
87 215
87 343
88 72
88 80
88 89
88 90
88 92
88 216
88 344
89 25
89 81
89 91
89 217
89 345
90 26
90 82
90 91
90 94
90 122
90 218
90 346
91 83
91 89
91 90
91 95
91 123
91 219
91 347
92 76
92 88
92 93
92 94
92 220
92 348
93 29
93 77
93 89
93 95
93 125
93 221
93 349
94 30
94 90
94 95
94 126
94 222
94 350
95 31
95 79
95 87
95 91
95 93
95 127
95 223
95 351
96 32
96 64
96 97
96 98
96 100
96 104
97 33
97 65
97 96
97 101
97 105
97 113
97 225
97 353
98 34
98 66
98 96
98 99
98 106
98 114
98 226
98 354
99 35
99 97
99 98
99 103
99 115
99 227
99 355
100 36
100 68
100 102
100 108
100 116
100 356
101 69
101 100
101 103
101 109
101 229
101 357
102 38
102 70
102 98
102 110
102 118
102 230
102 358
103 71
103 101
103 102
103 111
103 119
103 359
104 40
104 72
104 96
104 105
104 106
104 108
104 232
104 360
105 41
105 73
105 104
105 109
105 121
105 233
105 361
106 42
106 74
106 98
106 104
106 107
106 110
106 122
106 362
107 99
107 105
107 111
107 123
107 235
108 44
108 76
108 104
108 109
108 110
108 124
108 236
109 45
109 77
109 101
109 105
109 111
109 365
110 78
110 108
110 111
110 126
111 109
111 110
111 239
111 367
112 80
112 96
112 113
112 116
112 120
112 368
113 49
113 81
113 112
113 121
113 241
114 50
114 82
114 112
114 115
114 122
115 83
115 99
115 113
115 114
115 119
115 123
115 243
115 371
116 84
116 112
116 117
116 118
116 124
117 85
117 101
117 113
117 245
117 373
118 54
118 86
118 114
118 126
118 374
119 55
119 87
119 115
119 117
119 118
119 127
119 247
120 88
120 104
120 112
120 121
120 122
120 124
120 376
121 57
121 89
121 113
121 120
121 123
121 249
122 58
122 90
122 106
122 114
122 120
122 123
122 126
122 250
122 378
123 91
123 107
123 122
123 251
123 379
124 60
124 92
124 108
124 116
124 120
124 125
124 126
125 61
125 93
125 109
125 117
125 121
125 127
125 253
126 62
126 110
126 118
126 124
126 127
126 382
127 95
127 111
127 119
127 123
127 125
127 126
127 383
128 0
128 129
128 132
128 136
128 144
128 192
129 128
129 131
129 137
129 161
129 193
130 2
130 128
130 131
130 134
130 146
130 162
130 386
131 3
131 129
131 130
131 135
131 139
131 147
131 163
131 195
131 387
132 4
132 133
132 134
132 164
132 196
132 388
133 129
133 141
133 149
133 165
133 389
134 6
134 130
134 135
134 142
134 166
134 390
135 7
135 133
135 134
135 143
135 167
135 199
135 391
136 8
136 128
136 137
136 138
136 140
136 152
136 168
136 200
136 392
137 9
137 141
137 153
137 393
138 10
138 130
138 139
138 142
138 154
138 170
139 11
139 131
139 137
139 138
139 171
139 395
140 12
140 132
140 136
140 156
140 204
140 396
141 13
141 137
141 140
141 143
141 157
141 173
142 14
142 134
142 138
142 140
142 143
142 158
142 174
142 206
142 398
143 15
143 139
143 141
143 142
143 159
143 175
143 207
143 399
144 16
144 128
144 146
144 148
144 152
144 176
144 208
145 129
145 144
145 147
145 149
145 153
145 177
145 209
145 401
146 154
146 210
146 402
147 19
147 131
147 145
147 146
147 151
147 155
147 179
147 211
147 403
148 20
148 132
148 149
148 150
148 156
148 180
148 212
148 404
149 21
149 133
149 145
149 148
149 151
149 157
149 181
149 213
149 405
150 134
150 146
150 148
150 151
150 158
150 214
150 406
151 23
151 135
151 159
151 183
151 215
151 407
152 24
152 153
152 154
152 156
152 184
152 216
152 408
153 137
153 152
153 157
153 185
154 26
154 146
154 152
154 155
154 158
154 186
154 218
154 410
155 139
155 147
155 153
155 154
155 159
155 187
155 219
155 411
156 28
156 140
156 148
156 158
156 188
156 220
157 29
157 141
157 153
157 156
157 189
157 221
158 30
158 150
158 159
158 190
158 222
159 31
159 157
159 158
159 191
159 223
159 415
160 128
160 162
160 164
160 168
160 176
160 224
160 416
161 33
161 160
161 163
161 169
161 177
161 225
161 417
162 34
162 130
162 160
162 163
162 166
162 170
162 178
162 226
163 35
163 131
163 161
163 167
163 171
163 227
164 165
164 166
164 180
164 420
165 133
165 161
165 164
165 167
165 173
165 181
166 162
166 167
166 182
166 230
167 135
167 163
167 175
167 183
167 231
167 423
168 136
168 160
168 169
168 170
169 41
169 137
169 161
169 168
169 171
169 185
169 233
169 425
170 42
170 138
170 162
170 168
170 174
170 186
170 426
171 43
171 139
171 169
171 170
171 175
171 187
171 427
172 140
172 164
172 168
172 173
172 174
172 188
172 428
173 141
173 165
173 169
173 172
173 175
173 189
173 237
173 429
174 46
174 142
174 166
174 172
174 190
174 238
174 430
175 167
175 173
175 174
175 191
175 239
176 48
176 144
176 160
176 177
176 178
176 180
176 184
176 240
176 432
177 49
177 176
177 181
177 241
177 433
178 50
178 146
178 176
178 179
178 182
178 186
178 242
179 51
179 147
179 163
179 177
179 183
179 187
179 243
179 435
180 52
180 148
180 176
180 181
180 182
180 188
180 244
181 53
181 149
181 165
181 183
181 189
181 245
181 437
182 54
182 150
182 178
182 180
182 190
182 246
183 55
183 151
183 167
183 182
183 191
183 247
183 439
184 56
184 152
184 168
184 176
184 185
184 186
184 188
184 248
184 440
185 57
185 153
185 169
185 177
185 187
185 249
185 441
186 58
186 154
186 184
186 187
186 190
186 250
187 59
187 155
187 171
187 179
187 185
187 186
187 251
187 443
188 172
188 180
188 189
188 190
188 252
188 444
189 61
189 157
189 173
189 181
189 185
189 188
189 191
189 445
190 158
190 182
190 186
190 188
190 191
190 254
191 63
191 175
191 183
191 187
191 189
191 190
192 64
192 128
192 193
192 200
192 208
192 224
192 448
193 65
193 129
193 195
193 225
193 449
194 66
194 130
194 192
194 198
194 226
195 67
195 194
195 199
195 203
195 211
195 227
196 192
196 197
196 204
196 452
197 133
197 193
197 196
197 199
197 213
197 229
197 453
198 70
198 134
198 194
198 196
198 199
198 206
198 214
199 71
199 135
199 195
199 207
199 215
199 231
200 136
200 192
200 201
200 202
200 204
200 232
200 456
201 73
201 137
201 193
201 205
201 217
201 233
201 457
202 74
202 138
202 194
202 200
202 203
202 206
202 218
202 458
203 75
203 139
203 201
203 235
203 459
204 76
204 196
204 205
204 236
204 460
205 77
205 141
205 197
205 201
205 204
205 237
206 78
206 142
206 198
206 202
206 204
206 238
206 462
207 79
207 203
207 205
207 206
207 223
207 239
207 463
208 80
208 192
208 209
208 210
208 216
208 240
208 464
209 81
209 193
209 208
209 217
209 241
209 465
210 82
210 146
210 194
210 211
210 214
210 218
211 83
211 195
211 209
211 210
211 215
211 219
211 467
212 148
212 196
212 208
212 213
212 214
212 244
212 468
213 85
213 149
213 209
213 212
213 215
213 221
213 245
213 469
214 86
214 198
214 210
214 215
214 246
214 470
215 151
215 199
215 211
215 213
215 214
215 247
216 88
216 200
216 208
216 217
216 218
216 248
216 472
217 153
217 201
217 219
217 473
218 90
218 154
218 216
218 219
218 250
218 474
219 91
219 203
219 217
219 223
219 251
219 475
220 204
220 212
220 216
220 221
220 222
220 252
220 476
221 157
221 205
221 213
221 217
221 220
221 223
222 94
222 206
222 214
222 218
222 220
222 223
222 254
222 478
223 95
223 159
223 207
223 215
223 219
223 255
223 479
224 96
224 160
224 192
224 225
224 226
224 228
224 480
225 97
225 161
225 193
225 224
225 229
226 98
226 162
226 194
226 227
226 234
226 242
226 482
227 99
227 163
227 225
227 226
227 231
227 243
227 483
228 100
228 164
228 196
228 229
228 236
228 484
229 101
229 165
229 197
229 225
229 228
229 231
229 237
229 245
229 485
230 166
230 198
230 226
230 228
230 231
230 238
230 246
230 486
231 103
231 167
231 199
231 230
231 247
232 104
232 168
232 224
232 233
232 234
232 488
233 169
233 201
233 225
233 235
233 237
233 249
233 489
234 106
234 170
234 202
234 226
234 232
234 235
234 238
234 250
234 490
235 107
235 171
235 203
235 227
236 172
236 204
236 228
236 232
236 237
236 238
236 252
236 492
237 109
237 173
237 205
237 236
237 253
238 110
238 174
238 206
238 234
238 239
238 254
238 494
239 111
239 175
239 231
239 235
239 237
239 238
239 255
240 112
240 176
240 224
240 241
240 242
240 244
240 248
241 209
241 225
241 245
241 497
242 114
242 178
242 210
242 226
242 246
243 115
243 211
243 241
243 242
243 247
243 499
244 116
244 180
244 228
244 245
245 117
245 213
245 229
245 241
245 244
245 247
245 501
246 118
246 182
246 214
246 244
246 247
246 254
246 502
247 119
247 215
247 245
247 246
247 255
247 503
248 120
248 184
248 216
248 232
248 240
248 249
248 250
248 252
249 121
249 185
249 217
249 241
249 248
249 251
249 505
250 186
250 218
250 234
250 242
250 248
250 251
251 187
251 235
251 243
251 249
251 250
251 255
251 507
252 124
252 188
252 220
252 236
252 244
252 254
252 508
253 125
253 189
253 221
253 237
253 245
253 249
253 252
253 255
253 509
254 126
254 190
254 222
254 238
254 246
254 250
254 252
254 510
255 127
255 191
255 223
255 239
255 247
255 251
255 254
255 511
256 0
256 257
256 258
256 260
256 264
256 272
256 288
256 320
256 384
257 1
257 256
257 261
257 273
257 289
257 321
257 385
258 259
258 262
258 266
258 290
258 322
259 257
259 267
259 275
259 291
259 387
260 4
260 256
260 261
260 268
260 276
260 292
260 324
260 388
261 263
261 277
261 293
261 325
261 389
262 6
262 258
262 260
262 263
262 278
262 294
262 390
263 7
263 259
263 261
263 279
263 295
263 327
263 391
264 256
264 266
264 268
264 280
264 296
264 392
265 9
265 257
265 264
265 269
265 281
265 393
266 258
266 264
266 267
266 270
266 282
266 330
266 394
267 11
267 265
267 266
267 271
267 299
267 331
267 395
268 12
268 264
268 269
268 270
268 284
268 396
269 261
269 268
269 271
269 285
269 301
269 333
270 262
270 266
270 268
270 271
270 286
270 302
270 334
270 398
271 15
271 263
271 267
271 303
271 335
271 399
272 16
272 256
272 273
272 274
272 280
272 304
272 336
272 400
273 17
273 257
273 275
273 277
273 281
273 305
273 337
273 401
274 18
274 258
274 272
274 282
274 306
274 402
275 19
275 259
275 274
275 279
275 283
275 307
275 339
275 403
276 260
276 272
276 277
276 278
276 284
276 308
276 340
276 404
277 21
277 261
277 273
277 276
277 279
277 285
277 341
277 405
278 274
278 276
278 279
278 310
278 342
278 406
279 23
279 263
279 277
279 287
279 311
279 343
279 407
280 24
280 264
280 272
280 282
280 284
280 312
280 344
280 408
281 265
281 273
281 280
281 283
281 285
281 313
282 26
282 266
282 274
282 280
282 286
282 314
282 410
283 27
283 267
283 275
283 281
283 282
283 287
283 347
284 28
284 268
284 276
284 280
284 286
284 412
285 29
285 277
285 281
285 284
285 287
285 317
285 349
286 270
286 278
286 282
286 284
286 318
286 350
286 414
287 31
287 271
287 283
287 285
287 286
287 351
288 256
288 289
288 290
288 292
288 296
289 33
289 257
289 288
289 291
289 293
289 297
289 305
289 417
290 34
290 258
290 288
290 291
290 294
290 306
290 354
290 418
291 35
291 259
291 289
291 295
291 299
291 307
291 419
292 260
292 288
292 293
292 294
292 300
292 308
292 356
292 420
293 37
293 292
293 295
293 357
294 38
294 295
294 302
294 310
294 358
294 422
295 39
295 263
295 291
295 293
295 294
295 303
296 40
296 264
296 288
296 300
296 312
296 360
296 424
297 265
297 289
297 296
297 301
297 313
297 361
297 425
298 42
298 266
298 290
298 296
298 299
298 302
298 362
298 426
299 43
299 297
299 298
299 303
299 315
299 363
299 427
300 268
300 292
300 316
300 428
301 293
301 297
301 300
301 303
301 317
301 429
302 46
302 294
302 298
302 300
302 303
302 318
303 47
303 271
303 295
303 301
303 302
303 319
303 367
303 431
304 48
304 272
304 288
304 305
304 308
304 312
304 368
304 432
305 49
305 273
305 309
305 313
305 369
305 433
306 50
306 290
306 304
306 307
306 310
306 314
306 370
306 434
307 51
307 275
307 291
307 305
307 306
307 311
307 371
307 435
308 52
308 276
308 292
308 304
308 309
308 310
308 316
308 372
309 277
309 293
309 305
309 311
309 317
309 373
309 437
310 278
310 294
310 306
310 308
310 311
310 318
310 374
311 55
311 279
311 295
311 307
311 309
311 319
311 439
312 296
312 304
312 313
312 314
312 316
312 440
313 57
313 281
313 305
313 312
313 315
313 441
314 58
314 282
314 298
314 306
314 312
314 315
314 318
314 442
315 59
315 283
315 299
315 307
315 313
315 319
315 379
315 443
316 284
316 300
316 308
316 318
316 380
317 61
317 285
317 309
317 313
317 316
317 319
317 381
317 445
318 310
318 314
318 319
318 446
319 63
319 287
319 311
319 317
319 318
320 64
320 256
320 321
320 322
320 336
320 448
321 65
321 323
321 325
321 329
321 337
321 353
322 66
322 258
322 320
322 323
322 326
322 450
323 67
323 259
323 327
323 331
323 339
323 355
323 451
324 68
324 260
324 320
324 326
325 69
325 321
325 324
325 333
325 357
325 453
326 70
326 262
326 327
326 334
326 358
326 454
327 71
327 263
327 323
327 325
327 326
327 343
328 264
328 320
328 329
328 330
328 344
328 360
329 73
329 265
329 321
329 328
329 331
329 345
329 361
329 457
330 74
330 266
330 322
330 328
330 334
330 346
330 458
331 75
331 267
331 329
331 330
331 335
331 347
331 363
331 459
332 268
332 324
332 328
332 334
332 364
333 77
333 269
333 325
333 329
333 332
333 349
333 365
333 461
334 78
334 326
334 330
334 332
334 335
334 350
335 271
335 327
335 331
335 333
335 334
335 367
335 463
336 80
336 272
336 320
336 337
336 344
336 464
337 81
337 273
337 321
337 336
337 339
337 341
337 369
338 82
338 274
338 322
338 336
338 339
338 346
338 370
338 466
339 83
339 275
339 323
339 338
339 343
339 347
339 371
340 324
340 336
340 341
340 342
340 372
340 468
341 85
341 277
341 325
341 337
341 340
341 343
341 349
341 469
342 86
342 326
342 338
342 340
342 343
342 374
343 279
343 339
343 341
343 342
343 351
343 375
343 471
344 280
344 328
344 346
344 348
344 376
344 472
345 281
345 329
345 337
345 344
345 347
345 349
345 377
345 473
346 90
346 282
346 330
346 338
346 350
346 378
346 474
347 283
347 331
347 346
347 351
347 475
348 92
348 284
348 332
348 340
348 344
348 349
348 350
348 476
349 93
349 333
349 341
349 345
349 348
349 351
349 477
350 94
350 286
350 334
350 342
350 348
350 478
351 95
351 287
351 335
351 343
351 347
351 350
351 479
352 96
352 288
352 320
352 353
352 354
352 356
352 360
352 368
352 480
353 289
353 321
353 352
353 357
353 361
354 322
354 352
354 355
354 358
354 362
354 370
354 482
355 99
355 291
355 323
355 353
355 354
355 363
355 483
356 100
356 292
356 324
356 358
356 364
356 372
356 484
357 101
357 325
357 353
357 356
357 359
357 485
358 354
358 356
358 359
358 366
358 374
358 486
359 295
359 327
359 355
359 357
359 358
359 367
359 375
359 487
360 104
360 296
360 328
360 352
360 362
360 364
360 376
360 488
361 105
361 329
361 353
361 360
361 363
361 377
362 330
362 360
362 363
362 378
362 490
363 107
363 299
363 355
363 361
363 362
363 367
364 108
364 300
364 356
364 360
364 365
364 380
364 492
365 301
365 333
365 357
365 361
365 364
365 381
365 493
366 110
366 302
366 334
366 358
366 362
366 364
366 367
366 494
367 335
367 363
367 365
367 366
367 495
368 112
368 336
368 369
368 370
368 372
368 496
369 113
369 305
369 353
369 371
369 373
369 377
369 497
370 114
370 354
370 368
370 371
370 378
371 115
371 307
371 355
371 379
371 499
372 116
372 356
372 368
372 380
372 500
373 117
373 309
373 341
373 357
373 369
373 372
373 381
374 118
374 342
374 358
374 370
374 372
374 375
374 382
374 502
375 119
375 311
375 343
375 359
375 371
375 373
376 120
376 312
376 344
376 368
376 378
376 504
377 121
377 313
377 345
377 361
377 376
377 379
377 381
377 505
378 314
378 346
378 379
378 382
378 506
379 123
379 315
379 347
379 363
379 378
379 507
380 124
380 316
380 348
380 364
380 376
380 381
380 382
380 508
381 125
381 349
381 365
381 373
381 380
381 383
381 509
382 126
382 318
382 350
382 366
382 380
382 383
382 510
383 319
383 351
383 367
383 375
383 379
383 382
384 128
384 256
384 385
384 386
384 388
384 392
384 400
384 416
385 129
385 257
385 387
385 389
385 393
385 417
386 130
386 258
386 384
386 387
386 390
386 394
386 402
386 418
387 131
387 259
387 385
387 386
387 391
387 395
387 419
388 384
388 389
388 390
388 396
388 404
388 420
388 452
389 261
389 391
389 397
389 405
389 421
390 134
390 386
390 388
390 391
390 398
390 406
390 422
391 135
391 263
391 389
391 390
391 399
391 423
391 455
392 136
392 264
392 384
392 393
392 394
392 408
392 456
393 137
393 392
393 397
393 409
393 425
394 138
394 266
394 386
394 395
394 398
394 410
394 426
394 458
395 139
395 267
395 393
395 394
395 399
395 411
396 140
396 268
396 392
396 397
396 398
396 412
396 428
396 460
397 141
397 269
397 389
397 393
397 399
397 413
397 429
397 461
398 142
398 270
398 390
398 394
398 396
398 399
398 462
399 271
399 391
399 395
399 397
399 398
399 415
399 431
399 463
400 144
400 272
400 401
400 402
400 404
400 408
400 432
400 464
401 273
401 385
401 400
401 405
401 409
401 433
401 465
402 146
402 386
402 400
402 403
402 406
402 410
402 434
402 466
403 147
403 275
403 387
403 401
403 402
403 411
403 467
404 148
404 276
404 406
404 436
404 468
405 149
405 277
405 389
405 401
405 404
405 407
405 413
405 437
405 469
406 150
406 278
406 390
406 402
406 404
406 407
406 414
406 438
406 470
407 391
407 403
407 405
407 406
407 471
408 152
408 280
408 392
408 409
408 410
408 412
408 440
408 472
409 153
409 281
409 401
409 408
409 411
409 473
410 154
410 282
410 402
410 411
410 414
410 442
410 474
411 155
411 283
411 395
411 415
412 156
412 284
412 396
412 404
412 413
412 444
412 476
413 157
413 285
413 405
413 409
413 415
413 445
413 477
414 158
414 286
414 398
414 412
414 446
414 478
415 287
415 407
415 411
415 414
415 447
415 479
416 160
416 288
416 384
416 417
416 418
416 424
416 432
416 480
417 161
417 289
417 416
417 421
417 425
417 433
417 481
418 162
418 290
418 416
418 419
418 422
418 426
418 434
419 163
419 417
419 418
419 427
419 435
420 164
420 292
420 416
420 422
420 484
421 165
421 293
421 417
421 420
421 423
421 429
421 437
421 485
422 166
422 294
422 390
422 418
422 430
422 438
423 167
423 295
423 419
423 422
423 431
424 168
424 296
424 392
424 425
424 428
424 440
424 488
425 169
425 297
425 424
425 441
425 489
426 298
426 394
426 424
426 442
427 171
427 395
427 419
427 425
427 426
427 431
427 443
427 491
428 300
428 396
428 420
428 424
428 429
428 430
428 444
429 173
429 301
429 397
429 425
429 428
429 431
429 445
430 174
430 302
430 398
430 426
430 428
430 431
430 446
430 494
431 175
431 303
431 399
431 427
431 429
431 430
431 495
432 176
432 400
432 433
432 436
432 440
432 496
433 305
433 417
433 432
433 435
433 437
433 441
434 178
434 418
434 432
434 435
434 438
434 442
434 498
435 179
435 307
435 403
435 419
435 433
435 434
435 439
435 443
436 180
436 308
436 420
436 437
436 438
436 444
436 500
437 309
437 405
437 421
437 433
437 436
437 439
437 445
437 501
438 182
438 310
438 422
438 434
438 436
438 439
438 446
439 183
439 311
439 407
439 423
439 437
439 447
440 312
440 424
440 441
440 442
440 444
440 504
441 313
441 409
441 433
441 443
441 445
442 186
442 426
442 434
442 440
442 443
442 446
442 506
443 411
443 441
444 188
444 316
444 412
444 428
444 436
444 446
444 508
445 429
445 437
445 444
445 447
445 509
446 190
446 318
446 414
446 430
446 438
446 444
447 191
447 319
447 415
447 431
447 439
447 443
447 445
447 446
447 511
448 384
448 449
448 450
448 464
448 480
449 321
449 385
449 451
449 465
449 481
450 194
450 386
450 448
450 451
450 458
450 466
450 482
451 195
451 323
451 387
451 449
451 450
451 459
452 324
452 388
452 448
452 453
452 454
452 460
452 468
452 484
453 389
453 449
453 452
453 485
454 198
454 326
454 390
454 450
454 452
454 455
454 462
454 486
455 199
455 327
455 391
455 451
455 453
455 454
455 463
455 471
455 487
456 200
456 328
456 392
456 448
456 458
456 472
456 488
457 201
457 393
457 449
457 456
457 459
457 461
457 473
457 489
458 202
458 330
458 394
458 459
458 462
458 474
459 203
459 331
459 395
459 457
459 458
459 463
459 475
459 491
460 332
460 396
460 456
460 461
460 462
460 476
460 492
461 205
461 397
461 453
461 460
461 463
461 477
461 493
462 206
462 334
462 458
462 460
462 463
462 478
463 207
463 399
463 455
463 459
463 461
463 462
463 495
464 336
464 465
464 466
464 468
464 472
465 209
465 337
465 401
465 464
465 469
465 473
465 497
466 210
466 338
466 464
466 467
466 470
466 498
467 211
467 339
467 403
467 451
467 465
467 466
467 471
468 212
468 340
468 404
468 452
468 469
468 470
468 476
469 213
469 341
469 405
469 453
469 465
469 468
469 471
469 501
470 342
470 406
470 454
470 468
470 471
470 478
470 502
471 215
471 343
471 407
471 467
471 469
471 470
471 479
472 216
472 344
472 456
472 464
472 474
472 476
472 504
473 217
473 345
473 465
473 472
473 477
473 505
474 218
474 346
474 410
474 466
474 472
474 475
474 478
474 506
475 347
475 411
475 459
475 467
475 473
475 479
475 507
476 220
476 412
476 460
476 472
476 477
476 508
477 221
477 349
477 413
477 469
477 473
477 476
477 509
478 222
478 350
478 414
478 462
478 470
478 474
478 476
478 479
478 510
479 223
479 351
479 415
479 463
479 477
479 478
479 511
480 224
480 352
480 416
480 481
480 482
480 484
480 496
481 225
481 353
481 417
481 449
481 480
481 483
481 489
481 497
482 226
482 418
482 480
482 483
482 486
482 498
483 227
483 355
483 419
483 451
483 482
483 487
483 491
483 499
484 356
484 420
484 452
484 480
484 485
484 486
484 492
484 500
485 229
485 421
485 453
485 481
485 493
485 501
486 358
486 422
486 482
486 484
486 494
486 502
487 231
487 359
487 423
487 455
487 483
487 485
487 486
487 495
488 232
488 360
488 480
488 490
488 492
488 504
489 233
489 361
489 425
489 457
489 481
489 488
489 505
490 426
490 458
490 482
490 488
490 491
490 494
490 506
491 235
491 363
491 427
491 459
491 489
491 507
492 236
492 428
492 484
492 488
492 493
492 494
492 508
493 237
493 365
493 429
493 485
493 489
493 492
493 495
493 509
494 366
494 430
494 462
494 486
494 490
494 492
494 510
495 239
495 367
495 491
495 493
495 494
495 511
496 240
496 464
496 497
496 498
496 500
496 504
497 241
497 369
497 433
497 481
497 499
497 501
497 505
498 242
498 370
498 434
498 466
498 482
498 496
498 499
498 502
499 243
499 371
499 435
499 467
499 483
499 497
499 498
499 503
500 244
500 372
500 436
500 468
500 484
500 496
500 501
500 502
500 508
501 245
501 373
501 437
501 469
501 500
501 503
501 509
502 246
502 374
502 438
502 486
502 500
502 503
503 375
503 439
503 471
503 487
503 499
503 501
503 511
504 248
504 440
504 472
504 488
504 505
504 508
505 249
505 377
505 441
505 504
505 507
506 250
506 378
506 490
506 498
506 504
507 251
507 443
507 491
507 499
507 505
507 506
508 252
508 380
508 444
508 476
508 500
508 509
509 253
509 381
509 477
509 493
509 501
509 505
509 508
509 511
510 254
510 382
510 446
510 502
510 506
510 508
510 511
511 255
511 383
511 447
511 479
511 495
511 503
511 507
511 509
511 510
11 14 17 21 40 47 49 54 64 71 90 92 98 101 123 124 130 141 150 152 163 164 186 189 196 201 211 223 233 238 240 247 260 264 274 287 289 300 311 314 323 333 342 345 358 363 368 381 385 391 411 412 418 431 436 441 458 462 464 469 485 488 499 510
