64 290 32
0 2
0 4
0 8
0 32
1 0
1 3
1 5
1 9
1 17
1 33
2 0
2 6
2 10
2 34
3 1
3 2
3 7
3 11
3 19
3 35
4 0
4 5
4 6
4 12
4 20
4 36
5 4
5 7
5 13
5 21
5 37
6 2
6 4
6 7
6 22
7 3
7 5
7 6
7 15
7 39
8 0
8 9
8 24
9 13
9 25
9 41
10 2
10 8
10 11
10 26
10 42
11 3
11 9
11 15
11 27
11 43
12 4
12 8
12 14
12 28
13 5
13 9
13 12
13 29
14 6
14 10
14 12
14 30
14 46
15 11
15 13
15 14
15 47
16 0
16 18
16 20
17 1
17 16
17 19
17 21
17 25
17 49
18 2
18 16
18 19
18 22
18 26
19 3
19 17
19 18
19 51
20 4
20 21
20 22
20 52
21 5
21 17
21 20
21 23
21 29
21 53
22 18
22 20
22 23
22 30
22 54
23 7
23 19
23 21
23 22
23 31
23 55
24 8
24 16
24 25
24 26
24 28
24 56
25 24
25 27
25 29
25 57
26 10
26 24
26 27
26 58
27 11
27 19
27 25
27 26
27 31
28 20
28 24
28 29
28 30
28 60
29 25
29 31
30 14
30 22
30 26
30 28
30 31
31 15
31 23
31 27
31 63
32 0
32 33
32 36
32 40
32 48
33 1
33 32
33 35
33 37
33 49
34 32
34 35
34 42
34 50
35 3
35 33
35 39
36 4
36 32
36 37
36 38
36 44
36 52
37 5
37 33
37 36
37 39
37 45
37 53
38 6
38 34
38 39
38 54
39 7
39 35
39 37
39 38
39 47
39 55
40 8
40 42
40 44
41 9
41 33
41 40
41 43
41 57
42 40
42 43
42 46
42 58
43 11
43 35
43 41
43 42
43 59
44 12
44 36
44 40
44 45
44 46
44 60
45 13
45 41
45 44
46 38
46 44
46 47
46 62
47 15
47 39
47 43
47 45
47 63
48 16
48 50
48 56
49 17
49 48
49 51
49 53
49 57
50 18
50 34
50 51
50 58
51 19
51 35
51 49
51 59
52 36
52 48
52 53
52 54
52 60
53 21
53 37
53 52
53 55
53 61
54 38
54 50
54 55
54 62
55 39
55 51
55 53
55 54
55 63
56 40
56 48
56 57
56 58
56 60
57 25
57 49
57 59
58 26
58 50
58 59
58 62
59 27
59 51
59 57
59 58
59 63
60 28
60 52
60 56
60 61
60 62
61 29
61 45
61 57
61 60
61 63
62 30
62 46
62 58
62 63
63 47
63 55
63 59
0 3 5 6 9 10 12 15 17 18 20 23 24 27 29 30 33 34 36 39 40 43 45 46 48 51 53 54 57 58 60 63
