50 121 9
0 12
0 25
1 38
1 44
2 3
2 5
2 7
2 25
2 26
2 39
3 2
3 12
3 21
4 15
5 46
6 11
6 21
7 10
7 29
7 36
7 44
8 10
9 24
10 32
10 41
10 42
11 2
12 11
12 26
12 39
14 10
14 13
14 22
14 28
14 31
15 22
15 30
16 13
16 26
17 0
17 1
17 6
17 21
17 46
18 22
19 7
19 26
19 27
19 29
19 35
20 2
20 31
21 17
21 22
22 6
22 14
22 15
23 3
23 33
23 43
24 13
24 31
25 0
26 2
26 14
26 32
27 19
28 14
28 30
28 31
29 7
29 49
30 7
30 15
30 42
30 44
31 14
31 24
31 28
31 29
31 33
31 35
31 45
32 14
32 26
32 28
32 34
33 23
34 22
34 44
35 49
36 42
37 19
37 40
37 49
38 9
38 43
39 1
39 2
39 15
39 37
39 48
40 33
40 44
40 46
41 10
41 16
42 25
42 30
44 3
44 30
44 36
45 31
45 37
46 28
46 34
47 2
47 32
48 2
48 44
49 29
34 40 38 24 41 48 35 21 37
