75 176 13
0 40
1 14
1 38
2 26
2 39
3 42
4 57
5 27
6 16
6 18
6 32
6 37
6 68
7 38
7 50
8 22
8 69
8 71
9 43
10 58
11 41
12 69
13 47
14 1
14 19
14 50
15 51
15 64
16 6
17 44
17 59
17 73
18 6
18 24
18 63
19 55
19 66
20 28
20 40
21 33
21 47
22 40
23 62
24 7
24 18
25 43
25 71
26 2
26 35
26 39
26 46
27 5
27 43
27 47
27 62
28 20
28 29
29 28
29 41
29 61
31 33
31 60
31 73
32 6
32 64
33 21
33 31
34 59
35 26
35 43
36 60
36 73
37 6
37 46
37 53
37 59
37 64
38 1
38 7
39 2
39 26
40 0
40 20
40 22
40 29
40 46
41 11
41 29
41 52
41 55
41 64
41 73
42 3
42 43
42 50
42 53
42 54
42 70
43 9
43 25
43 27
43 35
43 42
43 45
43 64
43 67
44 0
44 17
45 43
45 48
45 51
46 26
46 37
46 40
47 13
47 21
47 27
48 45
49 64
49 72
50 7
50 42
51 15
51 45
52 15
52 41
53 37
53 42
53 65
54 42
55 19
55 41
55 74
56 43
56 57
57 4
57 56
58 10
58 64
59 30
59 34
59 37
59 60
59 66
60 31
60 36
60 59
61 29
62 23
62 27
63 18
64 15
64 32
64 37
64 41
64 43
64 49
64 58
65 53
66 19
66 38
66 59
68 6
69 8
69 12
69 70
70 42
70 69
71 8
71 25
72 49
73 17
73 31
73 36
73 41
74 55
54 51 59 62 23 25 69 35 28 50 22 58 13
