75 212 19
0 66
0 71
1 4
1 16
1 18
1 26
1 52
1 54
2 10
3 65
4 16
4 56
4 59
5 29
6 20
6 48
6 66
7 8
7 29
7 31
7 53
7 66
8 7
8 36
8 46
9 65
9 66
10 2
10 41
10 43
10 62
11 17
11 32
12 15
12 38
13 74
14 9
15 21
16 4
16 21
16 32
18 25
18 41
19 29
19 35
19 39
20 6
20 44
20 46
21 9
21 15
21 23
21 47
22 7
22 51
22 65
23 21
23 24
23 39
23 54
23 56
23 58
24 23
25 15
25 18
25 28
25 65
26 1
26 29
26 74
27 43
27 55
27 60
27 72
28 1
28 72
29 5
29 19
29 26
29 30
29 40
29 46
29 64
30 2
30 29
30 40
30 70
31 44
31 51
31 74
32 11
32 16
32 35
32 71
33 21
33 35
33 55
34 37
35 22
35 33
35 68
36 8
36 22
36 38
36 54
37 22
37 34
37 44
37 52
38 12
38 58
38 62
39 15
39 19
39 23
39 50
41 10
41 11
41 18
41 57
41 60
41 72
42 57
42 58
42 70
43 10
43 61
43 64
44 16
44 20
45 19
45 54
45 72
46 8
46 16
46 20
46 29
46 52
47 38
48 6
49 45
50 39
50 52
50 55
50 63
51 12
51 17
51 22
51 50
51 61
52 50
53 24
53 27
54 36
54 43
54 45
54 65
55 27
56 0
56 4
56 23
57 2
57 41
58 28
58 42
58 67
58 74
59 13
59 46
59 70
60 27
60 41
61 47
61 51
62 10
62 38
63 64
63 74
64 29
64 48
64 63
64 72
64 73
65 3
65 9
65 25
66 0
66 9
66 51
66 72
67 58
68 15
68 35
68 66
69 42
69 46
70 16
70 39
70 59
71 0
71 32
71 60
72 27
72 34
72 36
72 41
72 45
72 66
73 37
73 49
74 26
74 31
11 19 63 23 47 29 73 41 53 43 27 30 48 16 26 33 34 67 52
