100 249 25
0 9
0 86
1 15
1 18
1 46
1 55
2 67
2 90
3 73
3 84
4 7
4 34
4 52
4 55
4 83
4 86
4 98
5 58
5 93
6 10
6 33
6 44
6 63
6 94
7 4
8 50
8 95
9 0
9 28
10 6
10 96
11 47
11 99
12 13
12 16
12 56
13 12
13 21
14 41
15 1
15 52
16 12
16 22
16 34
17 53
17 79
18 1
18 35
18 77
19 62
19 67
19 94
20 58
20 59
21 13
21 88
22 16
22 36
23 49
23 52
23 60
24 72
24 98
25 33
26 46
27 73
27 99
28 9
29 80
30 45
30 65
31 92
32 86
33 6
33 25
33 55
33 99
34 4
34 16
34 92
35 18
36 22
37 94
38 40
39 41
39 95
40 38
40 50
41 14
41 39
41 74
42 53
42 67
42 94
43 53
43 65
43 97
44 6
44 49
45 30
46 1
46 26
46 71
47 11
47 56
47 75
48 77
49 23
49 44
50 8
50 40
50 52
51 65
52 4
52 15
52 23
52 50
52 77
53 17
53 42
53 43
53 69
53 74
54 59
55 1
55 4
55 33
55 61
55 62
56 12
56 38
56 47
56 85
56 88
57 78
57 82
57 88
58 5
58 20
58 95
59 20
59 54
59 70
60 23
61 55
61 64
61 73
62 19
62 55
63 6
63 97
64 61
65 30
65 43
65 51
65 67
65 70
66 89
66 90
67 2
67 19
67 42
67 65
67 69
67 73
67 87
68 85
69 53
69 67
70 59
70 65
70 80
71 46
72 24
72 88
72 95
73 3
73 27
73 61
73 67
73 86
73 95
74 41
74 53
75 47
75 79
75 88
76 90
77 18
77 48
77 52
77 95
78 57
79 17
79 75
79 90
80 29
80 70
81 88
82 57
83 4
84 3
85 56
85 68
86 0
86 4
86 32
86 73
86 96
87 67
88 21
88 56
88 57
88 72
88 75
88 81
88 91
89 66
90 2
90 66
90 76
90 79
91 88
92 31
92 34
92 96
93 5
94 6
94 19
94 37
94 42
95 8
95 39
95 58
95 72
95 73
95 77
96 10
96 86
96 92
97 43
97 63
98 4
98 24
98 99
99 11
99 27
99 33
99 98
84 95 21 29 38 39 48 75 14 41 15 11 24 70 78 5 69 40 85 91 97 64 42 77 71
