50 118 25
0 33
0 48
1 47
3 4
3 21
3 47
4 3
4 21
4 30
5 44
6 16
6 28
6 32
7 20
8 9
8 17
8 21
8 26
8 40
8 42
8 44
9 5
9 8
9 12
9 19
9 29
9 47
10 2
10 14
10 19
10 20
11 18
11 20
11 29
11 34
12 9
12 33
13 27
13 49
14 10
14 46
15 17
15 37
16 6
16 49
17 8
17 15
18 11
19 9
19 22
20 7
20 8
20 10
20 11
20 29
21 3
21 4
21 8
21 24
21 49
22 19
23 26
23 39
24 21
25 29
25 38
26 8
26 23
27 13
28 36
28 40
29 9
29 11
29 20
29 25
29 30
29 31
30 4
30 29
30 36
31 29
32 6
32 35
33 0
33 12
34 11
35 32
35 41
36 28
36 30
37 15
38 25
38 49
39 18
39 23
40 8
40 28
40 41
41 35
41 40
41 43
42 8
42 49
43 41
44 5
44 8
45 33
46 14
47 1
47 3
47 9
48 0
49 13
49 16
49 21
49 38
49 39
49 42
31 1 8 35 47 19 38 41 15 49 40 0 27 11 12 33 9 24 3 43 48 14 23 37 36
