50 123 9
0 12
0 17
0 25
1 17
1 38
1 39
2 3
2 5
2 7
2 25
2 39
2 47
2 48
3 12
3 21
3 23
3 44
4 15
5 46
6 11
6 21
6 22
7 10
7 19
7 30
7 36
7 44
8 10
9 38
10 32
10 42
11 2
11 12
12 0
12 39
13 14
13 16
13 24
14 10
14 13
14 22
14 26
14 28
15 22
15 30
16 13
16 26
16 41
17 0
17 6
17 46
19 7
19 27
19 35
20 2
21 17
22 6
22 18
22 21
22 34
23 33
23 43
24 9
25 0
26 2
26 12
26 14
26 16
26 19
26 32
28 30
28 32
29 7
29 19
29 49
30 42
31 14
31 20
31 24
31 28
31 29
31 33
31 45
32 14
32 28
32 47
33 31
34 32
34 44
35 31
36 42
37 19
37 39
37 40
37 45
38 1
38 43
39 2
39 15
40 33
40 37
40 44
40 46
41 10
42 25
43 38
44 1
44 3
44 7
44 30
44 34
44 36
44 48
45 37
46 28
46 34
47 32
48 2
48 39
48 44
49 29
49 35
49 37
34 40 38 24 41 48 35 21 37
