50 142 13
0 6
0 17
0 31
0 34
0 39
1 3
1 11
1 15
1 27
1 46
2 13
2 19
2 20
2 33
3 23
3 27
3 40
3 48
4 47
4 48
5 11
5 17
5 20
5 25
5 41
5 49
6 0
6 45
7 35
8 24
8 35
8 41
9 12
9 17
10 31
10 43
11 5
11 14
11 16
11 34
12 9
13 24
14 24
15 1
15 20
15 41
16 11
16 20
16 26
16 45
17 0
17 4
18 9
18 36
18 43
19 18
19 38
19 46
19 48
20 0
20 5
20 8
20 16
20 36
22 9
22 30
22 32
22 41
23 13
23 35
23 44
24 4
24 13
24 14
24 42
24 47
25 47
26 16
26 41
26 47
27 3
28 30
29 10
29 24
29 27
30 22
30 25
31 0
31 10
31 29
31 35
31 41
32 22
33 2
33 22
33 36
34 11
34 48
35 7
35 8
35 45
36 3
36 7
36 18
36 39
37 44
37 45
38 2
38 19
39 9
39 36
40 3
41 15
41 26
41 31
41 43
41 48
42 22
43 41
44 7
44 23
44 35
44 37
44 41
45 5
45 17
45 35
45 37
45 46
46 21
46 45
47 4
47 24
47 25
47 26
48 4
48 19
48 20
48 34
48 37
48 41
49 5
4 23 6 22 2 14 15 12 19 36 30 34 38
