75 185 38
0 16
0 48
1 38
1 49
1 51
1 70
1 74
2 63
3 64
4 12
4 21
4 50
5 51
6 13
6 29
6 54
6 61
6 65
6 71
7 32
7 67
8 14
8 25
8 44
8 53
9 27
9 31
9 72
9 73
10 32
11 27
11 30
12 4
12 64
13 6
13 23
13 37
13 64
13 70
13 72
14 8
15 25
15 36
16 0
17 49
17 66
18 53
18 70
19 68
20 54
21 4
22 44
22 65
23 13
23 34
23 48
24 31
25 8
25 15
25 41
26 40
26 44
27 9
27 11
27 46
28 45
28 49
28 62
28 73
29 6
30 11
30 31
30 41
30 68
31 9
31 24
31 30
31 69
32 7
32 10
32 66
33 36
33 41
33 67
34 23
34 39
35 50
36 15
36 33
36 38
36 61
37 13
37 61
38 1
38 36
39 34
39 47
40 26
40 67
41 25
41 30
41 33
41 56
42 43
43 42
43 50
43 59
44 8
44 22
44 26
44 45
44 67
45 28
45 44
46 27
47 39
47 58
47 66
48 0
48 23
49 1
49 17
49 28
50 4
50 35
50 43
51 1
51 5
52 56
53 8
53 18
53 62
53 64
53 67
54 6
54 20
54 57
55 66
56 41
56 52
57 54
57 72
58 47
59 43
60 62
60 68
61 6
61 36
61 37
62 28
62 60
63 2
63 74
64 3
64 12
64 13
64 53
65 6
65 22
66 17
66 47
66 55
66 72
67 7
67 33
67 40
67 44
67 53
68 19
68 30
68 60
69 31
70 1
70 13
70 18
71 6
72 9
72 13
72 19
72 57
72 66
73 9
73 28
74 1
74 63
19 66 71 49 33 30 73 52 28 29 20 12 69 58 68 63 48 39 67 3 32 35 41 70 7 44 61 56 40 10 8 13 72 45 6 1 4 27
