75 277 13
0 6
0 26
0 50
0 73
1 7
1 23
1 25
1 47
1 57
2 45
2 74
3 25
4 17
4 50
4 68
5 17
5 69
6 0
6 60
6 65
6 74
7 1
7 16
7 22
7 39
8 30
8 33
8 37
8 40
8 42
8 45
9 29
9 34
9 36
9 38
10 29
10 55
10 72
11 14
11 16
11 38
11 39
11 67
11 72
12 17
13 20
13 31
13 48
14 11
15 33
15 50
15 58
15 63
16 7
16 11
17 4
17 5
17 12
17 41
17 65
17 72
18 38
18 70
19 49
19 68
20 13
20 59
21 39
21 61
21 71
21 72
22 7
22 25
22 26
22 28
22 44
22 45
22 47
22 57
22 72
23 1
23 26
23 61
23 64
23 68
24 59
25 1
25 3
25 22
25 35
25 60
25 72
26 0
26 22
26 23
26 43
26 74
27 45
28 29
28 38
28 63
28 66
29 10
29 28
29 73
30 8
30 36
30 45
30 63
31 13
31 40
31 42
31 66
32 13
32 37
32 44
32 74
33 15
33 35
33 41
33 44
33 45
33 47
33 66
34 9
34 44
34 52
34 58
34 64
34 72
35 25
35 33
35 44
36 9
36 30
37 8
37 32
38 9
38 11
38 18
38 24
38 28
39 7
39 11
39 21
39 70
40 8
40 31
40 68
41 17
41 33
41 52
41 59
42 8
42 31
42 49
43 26
43 72
44 22
44 33
44 34
44 35
44 58
45 2
45 22
45 27
45 63
46 67
46 74
47 1
47 22
47 33
47 48
47 53
47 64
48 13
48 47
48 57
49 16
49 19
49 42
49 70
50 0
50 4
50 43
51 55
52 34
52 41
52 54
52 72
53 65
54 45
54 52
54 57
55 0
55 10
55 51
55 64
56 62
56 63
56 74
57 1
57 22
57 48
57 54
58 15
58 34
58 44
58 65
59 20
59 24
59 41
59 63
59 70
59 71
60 6
60 25
60 74
61 21
61 23
61 31
62 56
63 15
63 28
63 30
63 45
63 56
63 59
64 23
64 34
64 47
64 55
65 6
65 17
65 53
65 58
66 28
66 31
66 71
66 74
67 11
67 46
68 4
68 19
68 23
68 40
69 5
69 11
70 6
70 18
70 19
70 39
70 44
70 49
70 59
71 21
71 59
71 66
72 10
72 11
72 17
72 21
72 22
72 25
72 34
72 37
72 43
72 52
73 0
73 29
74 2
74 6
74 26
74 32
74 46
74 60
74 66
8 35 49 27 38 43 12 57 59 1 51 4 58
