75 295 38
0 8
0 18
0 66
0 73
1 17
1 25
1 31
1 52
1 62
1 71
1 72
2 3
2 11
2 36
2 41
2 72
3 2
3 21
3 53
4 30
4 46
4 50
4 63
5 21
5 47
5 64
5 68
6 66
7 65
7 71
8 0
8 63
8 68
9 13
9 18
9 44
9 60
10 28
10 70
11 2
11 18
11 34
11 43
12 15
12 23
13 9
13 48
13 50
13 51
13 67
14 21
14 56
14 68
15 12
15 27
15 37
16 38
16 47
17 1
17 53
17 68
18 0
18 9
18 11
18 31
18 36
18 43
18 59
19 44
19 50
19 65
19 74
20 57
20 59
21 3
21 5
21 14
21 22
21 26
21 27
21 67
22 21
22 31
22 32
22 49
22 50
22 54
22 56
22 66
23 12
23 41
23 50
24 41
24 73
25 1
25 39
26 21
26 28
26 31
26 38
26 51
26 54
27 15
27 21
27 56
27 69
28 26
28 37
28 56
28 63
28 73
28 74
29 60
29 72
30 4
30 33
30 39
30 60
31 1
31 18
31 22
31 26
31 33
31 55
31 69
32 22
33 30
33 31
33 42
34 11
34 61
34 62
34 74
35 38
35 49
35 57
35 58
35 65
36 2
36 18
36 39
36 42
37 15
37 28
37 45
37 49
37 59
37 71
38 16
38 26
38 35
39 25
39 30
39 36
39 53
40 56
40 71
41 2
41 23
41 55
41 73
42 33
42 36
42 49
42 50
42 54
42 58
43 11
43 18
44 9
44 19
44 47
44 65
45 37
46 4
46 54
46 57
46 59
47 5
47 16
47 44
47 50
47 54
47 67
47 70
48 13
48 54
48 64
49 22
49 35
49 37
49 42
49 52
50 4
50 13
50 19
50 22
50 23
50 42
50 70
51 13
51 26
52 1
52 49
53 3
53 17
53 39
53 55
53 56
53 58
53 64
54 22
54 26
54 42
54 46
54 47
54 48
54 63
55 31
55 41
55 53
56 14
56 22
56 27
56 28
56 40
56 53
57 12
57 20
57 35
57 46
57 70
58 35
58 42
58 53
58 70
59 18
59 20
59 37
59 46
60 9
60 29
60 30
60 68
60 72
61 34
61 62
61 69
62 1
62 61
63 4
63 8
63 28
63 54
64 5
64 48
64 53
65 7
65 19
65 35
65 44
66 0
66 6
66 22
67 13
67 21
67 47
68 5
68 8
68 14
68 17
68 60
69 27
69 31
69 61
70 10
70 47
70 50
70 57
70 58
71 1
71 7
71 37
71 40
72 1
72 2
72 29
72 60
73 0
73 24
73 28
73 41
74 19
74 28
74 34
9 66 52 11 39 1 0 14 41 28 60 31 26 57 40 34 62 42 71 32 61 7 63 8 17 56 19 2 18 73 3 67 48 38 6 43 45 4
