160 812 24
0 2
0 45
0 70
0 89
0 122
0 147
1 45
1 51
1 64
2 20
2 28
2 47
2 56
2 60
2 65
2 142
3 54
3 71
3 104
3 116
3 118
3 123
3 132
3 148
4 15
4 130
4 139
5 75
5 98
5 105
5 119
6 13
6 45
6 98
6 135
7 10
7 29
7 78
7 94
7 121
7 124
7 148
7 149
8 5
8 57
8 69
8 72
8 81
8 111
8 113
9 6
9 16
9 44
9 77
9 80
9 117
10 35
11 5
11 19
11 74
11 83
12 39
12 56
12 94
12 121
13 2
13 22
13 30
13 48
13 65
13 83
13 84
13 98
13 107
13 122
13 139
14 119
14 138
14 148
15 110
15 111
15 134
16 21
16 58
16 96
16 121
16 124
16 127
16 134
16 137
16 153
17 7
17 84
17 86
17 99
17 124
17 152
17 155
18 140
18 150
19 44
19 64
19 93
19 113
19 138
19 142
20 26
20 112
20 119
20 159
21 73
22 17
22 43
22 74
22 89
22 95
22 101
23 6
23 24
23 34
23 127
24 71
24 101
24 110
24 112
24 138
25 5
25 54
25 78
25 80
25 95
25 123
25 131
26 13
26 70
26 101
26 114
27 13
27 74
27 97
28 15
28 31
28 44
28 85
28 119
28 128
29 6
29 15
29 90
29 123
29 158
30 23
30 24
30 32
30 96
31 3
31 12
31 22
31 57
31 72
32 149
32 154
33 51
33 58
33 82
33 87
33 91
33 113
34 9
34 17
34 49
35 87
35 99
35 137
35 143
36 121
36 151
37 3
37 15
37 32
37 80
37 101
37 109
37 135
38 29
38 53
38 108
38 136
38 145
39 9
39 25
39 78
39 93
39 147
40 58
40 68
40 90
40 94
40 117
41 18
41 129
41 141
41 157
42 90
42 94
42 95
43 7
43 24
43 112
43 157
44 29
44 46
44 74
44 129
45 15
45 23
45 24
45 43
45 102
45 117
45 127
46 38
46 63
46 141
46 155
47 26
47 113
48 75
48 77
48 130
48 154
49 5
49 13
49 59
49 103
49 151
49 159
50 11
50 23
50 87
50 155
51 71
51 89
51 100
51 109
51 153
52 17
52 19
52 92
52 112
52 131
53 3
53 17
53 55
53 102
54 53
54 67
54 86
55 22
55 28
55 78
55 80
55 100
55 102
55 136
56 26
56 37
56 104
57 46
57 150
58 21
58 27
58 42
58 100
58 119
59 35
59 90
59 108
59 120
59 121
60 10
60 15
60 31
61 42
61 56
61 98
61 128
61 132
62 30
62 135
62 142
63 8
63 49
63 50
63 73
63 76
63 87
63 108
63 126
63 127
64 65
64 75
65 73
65 96
65 125
65 151
66 28
66 51
66 73
66 142
66 146
66 150
67 17
67 22
67 41
67 99
67 101
67 123
67 137
67 148
68 0
68 61
68 67
68 87
68 92
68 116
68 130
69 28
69 31
69 104
69 149
69 153
70 32
70 51
70 57
70 141
70 146
70 148
70 155
71 92
71 105
71 106
71 147
72 12
72 86
72 133
72 148
73 1
73 7
73 20
73 29
74 5
74 90
74 97
74 100
75 13
75 31
75 58
75 106
75 121
75 128
75 151
76 52
76 55
76 65
76 111
76 149
77 15
77 71
77 73
77 101
77 140
77 142
77 146
78 17
78 91
78 92
78 103
78 134
78 154
78 157
79 3
79 19
79 28
79 39
79 55
79 66
79 72
79 87
79 121
79 143
79 148
80 53
80 60
80 87
80 90
80 112
80 128
81 21
81 48
81 74
81 101
81 107
81 108
81 139
82 13
82 61
82 92
82 159
83 90
83 130
83 152
84 5
84 32
84 34
84 56
84 59
84 95
84 120
84 127
84 138
85 4
85 16
85 70
85 84
85 132
85 159
86 18
86 27
86 79
86 84
86 105
86 109
86 131
86 144
87 69
87 122
88 48
88 56
88 77
88 107
89 152
90 13
90 93
90 97
90 101
90 123
91 6
91 17
91 29
91 84
91 127
91 141
92 7
92 53
92 88
92 96
92 111
92 123
92 125
92 147
93 31
93 55
93 74
93 110
93 116
93 119
93 131
94 45
94 46
94 56
94 101
94 149
95 56
95 88
95 158
96 1
96 2
96 85
96 87
96 98
96 123
96 157
97 7
97 12
97 42
97 86
97 91
97 143
98 10
98 19
98 44
98 52
98 80
98 125
98 146
99 20
99 27
99 48
99 140
100 60
100 116
100 159
101 21
101 61
101 92
101 122
101 143
102 9
102 48
102 122
102 145
103 15
103 81
103 109
103 118
104 52
104 82
104 112
104 129
104 135
105 23
105 29
105 39
105 150
106 14
106 44
106 98
106 105
107 21
107 24
107 40
107 79
107 148
107 153
108 21
108 25
108 152
108 157
109 9
109 11
109 55
109 59
109 79
109 95
109 117
109 120
109 147
109 153
110 1
110 50
110 88
110 153
111 5
111 84
111 107
111 137
112 18
112 69
112 110
112 118
112 156
113 10
113 13
113 26
113 39
113 49
113 58
113 139
114 94
114 109
114 110
115 2
115 7
115 41
115 62
115 73
115 75
115 79
115 120
115 141
116 5
116 44
116 53
116 71
116 73
116 111
116 156
117 15
117 33
117 67
117 107
117 134
117 140
118 9
118 52
118 120
118 137
119 0
119 48
119 70
119 71
119 129
120 86
120 102
121 58
121 89
121 94
121 99
121 127
121 140
122 15
122 51
122 66
122 71
122 108
123 6
123 7
123 13
123 16
123 44
123 45
123 51
124 53
124 78
124 104
124 107
125 42
125 84
125 147
126 12
126 61
126 81
126 85
126 98
126 109
127 57
127 60
127 106
127 124
128 1
128 25
128 26
128 47
128 86
128 126
128 127
128 133
128 157
129 7
129 63
129 65
129 98
129 108
130 60
130 67
130 103
130 116
131 8
131 61
131 79
131 82
131 114
131 116
131 119
132 67
132 80
132 100
132 158
133 44
133 73
133 76
133 115
133 132
133 141
134 11
135 0
135 14
135 20
135 29
135 40
135 132
135 157
136 14
136 45
136 51
136 101
136 117
136 128
136 130
136 154
137 6
137 62
137 80
137 102
137 154
138 11
138 114
138 116
138 126
139 5
139 7
139 99
139 135
140 2
140 3
140 23
140 40
140 52
140 63
140 139
141 38
141 65
141 83
142 10
142 44
142 76
142 79
142 145
143 18
143 29
143 48
143 69
143 103
143 117
144 0
144 56
144 63
144 93
144 115
145 13
145 21
145 95
145 96
145 100
145 111
145 125
145 128
145 136
145 141
146 21
146 22
146 35
146 47
146 60
146 67
146 131
147 1
147 45
147 51
147 57
147 135
148 9
148 12
148 24
148 41
148 59
148 71
148 89
149 8
149 40
149 62
149 82
149 90
149 116
149 141
150 55
150 113
150 147
151 46
151 111
151 122
151 134
151 148
151 156
152 13
153 3
153 43
153 71
153 129
153 149
154 86
154 101
154 104
154 131
155 10
155 79
155 86
155 95
155 113
155 124
155 127
155 134
155 150
156 14
156 43
157 79
157 97
157 117
158 0
158 21
158 54
158 82
158 88
158 106
158 111
158 113
158 144
158 147
159 6
159 43
159 90
0 1 2 3 4 5 6 7 8 9 10 11 12 13 14 15 16 17 18 19 20 21 22 23
