160 2544 40
0 1
0 2
0 10
0 11
0 15
0 31
0 35
0 36
0 37
0 82
0 87
0 90
0 96
0 98
0 101
0 111
0 121
0 127
0 135
0 137
0 138
0 147
0 150
0 155
1 7
1 18
1 20
1 48
1 55
1 67
1 83
1 96
1 104
1 108
1 135
1 148
1 155
1 159
2 33
2 43
2 60
2 82
2 83
2 91
2 101
2 115
2 117
2 119
2 120
2 143
3 9
3 17
3 19
3 43
3 60
3 80
3 101
3 120
3 156
4 1
4 10
4 21
4 47
4 55
4 74
4 90
4 101
4 129
4 130
4 136
4 141
4 143
4 159
5 2
5 28
5 58
5 64
5 101
5 104
5 108
5 111
5 114
5 121
5 122
5 126
5 127
5 128
5 135
5 136
6 0
6 22
6 32
6 43
6 50
6 52
6 56
6 73
6 80
6 82
6 102
6 108
6 120
6 122
6 127
6 133
6 139
6 140
6 158
7 19
7 70
7 78
7 81
7 84
7 87
7 93
7 101
7 115
7 148
7 154
8 14
8 20
8 21
8 39
8 43
8 54
8 61
8 68
8 76
8 85
8 89
8 108
8 135
8 138
8 146
8 148
9 26
9 27
9 30
9 49
9 68
9 87
9 100
9 109
9 115
9 130
9 147
9 149
9 152
10 14
10 15
10 18
10 20
10 42
10 53
10 65
10 74
10 85
10 87
10 92
10 94
10 109
10 110
10 113
10 115
10 128
10 138
10 141
10 154
11 9
11 16
11 19
11 32
11 38
11 41
11 43
11 45
11 56
11 74
11 75
11 96
11 107
11 111
11 112
11 126
11 140
11 147
11 150
12 0
12 6
12 7
12 22
12 51
12 62
12 68
12 90
12 105
12 112
12 117
12 135
12 145
13 19
13 35
13 40
13 55
13 65
13 66
13 68
13 70
13 94
13 97
13 110
13 116
13 137
13 145
13 150
14 13
14 31
14 39
14 66
14 82
14 87
14 106
14 115
14 130
14 131
14 142
15 5
15 14
15 34
15 53
15 61
15 64
15 69
15 70
15 77
15 90
15 115
15 123
15 140
15 148
16 0
16 1
16 4
16 5
16 18
16 32
16 38
16 40
16 42
16 49
16 57
16 72
16 73
16 74
16 81
16 86
16 94
16 98
16 113
16 116
16 119
16 135
16 139
16 148
17 0
17 12
17 30
17 34
17 35
17 37
17 40
17 44
17 53
17 66
17 67
17 77
17 81
17 86
17 87
17 103
17 107
17 109
17 140
18 6
18 11
18 26
18 38
18 48
18 77
18 81
18 82
18 85
18 90
18 103
18 106
18 114
18 128
18 134
18 136
18 140
18 141
18 144
18 147
18 148
18 154
19 17
19 20
19 21
19 26
19 53
19 68
19 73
19 83
19 84
19 86
19 87
19 103
19 106
19 116
19 121
19 123
19 142
19 143
19 145
19 152
20 5
20 16
20 35
20 47
20 62
20 64
20 77
20 80
20 86
20 92
20 120
20 122
20 140
21 9
21 11
21 22
21 62
21 63
21 64
21 68
21 71
21 91
21 101
21 102
21 113
21 123
21 140
21 141
21 143
21 156
22 1
22 9
22 18
22 25
22 34
22 43
22 59
22 81
22 86
22 89
22 93
22 94
22 99
22 122
22 146
22 153
23 11
23 20
23 29
23 47
23 59
23 76
23 81
23 84
23 87
23 112
23 133
23 140
23 156
24 60
24 64
24 78
24 94
24 105
24 109
24 120
24 132
24 140
24 147
25 8
25 15
25 19
25 55
25 56
25 60
25 91
25 101
25 129
25 130
25 138
25 157
26 31
26 44
26 53
26 60
26 92
26 105
26 118
26 156
27 7
27 20
27 24
27 25
27 30
27 67
27 71
27 76
27 92
27 155
27 156
27 157
28 1
28 64
28 74
28 75
28 81
28 92
28 94
28 96
28 97
28 98
28 101
28 107
28 112
28 130
28 142
28 143
28 151
28 152
28 155
29 39
29 44
29 46
29 67
29 90
29 117
29 121
29 123
29 126
29 133
29 156
30 40
30 48
30 55
30 72
30 79
30 101
30 116
30 118
30 125
30 137
30 138
30 139
30 145
30 151
30 152
31 3
31 7
31 13
31 29
31 41
31 44
31 51
31 66
31 72
31 89
31 108
31 128
31 136
31 137
31 148
32 0
32 4
32 24
32 38
32 49
32 51
32 60
32 61
32 73
32 77
32 78
32 79
32 93
32 97
32 114
32 120
32 137
32 150
32 153
33 6
33 7
33 17
33 19
33 25
33 36
33 50
33 56
33 76
33 79
33 97
33 102
33 103
33 113
33 136
33 137
33 147
33 152
34 1
34 3
34 12
34 28
34 29
34 32
34 33
34 41
34 63
34 70
34 75
34 83
34 107
34 108
34 159
35 2
35 7
35 9
35 14
35 33
35 43
35 61
35 66
35 99
35 101
35 134
35 136
35 144
35 155
36 1
36 8
36 37
36 45
36 56
36 61
36 88
36 129
37 5
37 14
37 20
37 21
37 24
37 34
37 38
37 40
37 48
37 49
37 57
37 74
37 79
37 80
37 97
37 111
37 138
37 144
38 15
38 27
38 63
38 81
38 90
38 99
38 104
38 115
38 120
38 121
38 129
38 130
38 132
38 137
38 138
38 156
39 0
39 2
39 38
39 40
39 48
39 49
39 51
39 58
39 60
39 62
39 66
39 70
39 74
39 96
39 103
39 116
39 152
39 158
40 1
40 9
40 12
40 15
40 22
40 34
40 48
40 50
40 57
40 64
40 73
40 74
40 95
40 100
40 112
40 113
40 133
40 138
40 140
40 154
40 157
40 158
41 12
41 14
41 30
41 39
41 58
41 60
41 66
41 70
41 74
41 79
41 84
41 86
41 90
41 92
41 118
41 121
41 132
41 151
42 31
42 45
42 47
42 52
42 55
42 64
42 66
42 84
42 85
42 102
42 108
42 110
42 121
42 123
42 133
42 140
42 149
42 152
42 156
43 21
43 27
43 31
43 37
43 53
43 55
43 84
43 91
43 100
43 107
43 115
43 117
43 129
43 130
43 157
44 10
44 59
44 67
44 70
44 77
44 98
44 100
44 120
44 134
44 142
44 145
44 151
44 159
45 7
45 31
45 33
45 40
45 43
45 48
45 57
45 60
45 62
45 69
45 90
45 95
45 111
45 112
45 114
45 126
45 145
45 150
45 151
46 5
46 9
46 17
46 26
46 38
46 40
46 56
46 62
46 77
46 80
46 130
46 142
46 147
46 149
47 2
47 15
47 21
47 24
47 38
47 39
47 53
47 84
47 85
47 86
47 107
47 124
47 148
47 158
47 159
48 19
48 21
48 23
48 24
48 31
48 34
48 36
48 38
48 41
48 53
48 71
48 80
48 86
48 100
48 107
48 121
48 135
48 147
48 148
48 151
49 4
49 11
49 15
49 34
49 48
49 66
49 73
49 94
49 111
49 112
49 115
49 119
49 144
49 147
49 150
50 1
50 9
50 19
50 30
50 42
50 48
50 65
50 77
50 85
50 87
50 100
50 109
50 125
50 126
50 127
50 130
50 133
50 141
50 156
51 3
51 13
51 43
51 57
51 67
51 73
51 75
51 80
51 101
51 117
51 119
51 128
51 130
51 136
51 142
51 153
52 7
52 22
52 34
52 37
52 65
52 80
52 91
52 96
52 108
52 123
52 132
52 137
52 149
52 152
52 154
52 157
53 4
53 20
53 29
53 36
53 91
53 92
53 98
53 114
53 120
53 145
54 0
54 18
54 22
54 40
54 49
54 92
54 122
54 123
54 133
54 148
54 159
55 7
55 10
55 32
55 40
55 53
55 77
55 81
55 82
55 83
55 109
55 110
55 124
55 136
56 0
56 3
56 28
56 29
56 32
56 42
56 52
56 80
56 106
56 128
56 130
56 136
56 138
56 147
56 155
56 156
57 13
57 14
57 15
57 18
57 27
57 44
57 47
57 48
57 56
57 63
57 68
57 83
57 87
57 93
57 94
57 117
57 124
57 130
57 142
57 148
58 4
58 6
58 11
58 16
58 19
58 32
58 35
58 42
58 46
58 49
58 59
58 67
58 78
58 80
58 87
58 91
58 111
58 118
58 138
58 147
58 156
59 18
59 43
59 52
59 54
59 73
59 87
59 96
59 125
59 135
59 152
59 157
60 11
60 16
60 19
60 23
60 28
60 36
60 48
60 50
60 59
60 61
60 62
60 63
60 83
60 90
60 96
60 102
60 116
60 125
60 133
60 134
60 141
61 17
61 18
61 25
61 33
61 59
61 64
61 67
61 72
61 74
61 92
61 119
61 131
61 158
62 10
62 11
62 23
62 30
62 41
62 47
62 48
62 53
62 76
62 81
62 89
62 103
62 105
62 117
62 132
62 142
63 12
63 15
63 22
63 27
63 31
63 36
63 39
63 42
63 45
63 54
63 59
63 78
63 112
63 115
63 118
63 121
63 147
64 17
64 34
64 47
64 52
64 53
64 55
64 56
64 69
64 91
64 103
64 120
64 128
64 141
64 148
64 152
64 153
65 0
65 3
65 6
65 29
65 31
65 32
65 55
65 57
65 58
65 63
65 92
65 93
65 95
65 106
65 122
65 135
65 136
65 152
66 2
66 8
66 15
66 20
66 25
66 36
66 37
66 81
66 98
66 108
66 121
66 133
66 135
66 138
66 152
66 154
67 9
67 11
67 13
67 15
67 16
67 24
67 37
67 40
67 78
67 79
67 89
67 103
67 107
67 110
67 115
67 119
67 120
67 155
67 158
68 5
68 6
68 11
68 18
68 28
68 30
68 49
68 51
68 56
68 61
68 65
68 81
68 97
68 106
68 123
68 126
68 135
68 139
68 152
68 156
69 5
69 7
69 13
69 17
69 46
69 57
69 59
69 67
69 74
69 76
69 89
69 90
69 101
69 128
69 138
69 157
69 159
70 4
70 27
70 33
70 58
70 69
70 73
70 80
70 112
70 126
70 135
70 157
71 1
71 3
71 13
71 17
71 22
71 29
71 76
71 81
71 82
71 90
71 96
71 115
71 119
71 121
71 133
71 134
71 147
71 155
72 7
72 26
72 29
72 32
72 38
72 58
72 62
72 96
72 97
72 117
72 124
72 128
72 130
72 137
72 141
73 8
73 14
73 20
73 21
73 29
73 30
73 34
73 35
73 43
73 48
73 61
73 75
73 97
73 104
73 125
73 138
73 149
73 152
73 157
74 0
74 3
74 30
74 46
74 65
74 80
74 95
74 106
74 120
74 124
74 135
74 159
75 2
75 12
75 21
75 24
75 26
75 29
75 37
75 55
75 76
75 79
75 80
75 111
75 128
75 133
75 158
76 3
76 9
76 12
76 14
76 15
76 16
76 22
76 35
76 40
76 41
76 50
76 53
76 58
76 60
76 61
76 84
76 94
76 109
76 110
76 113
76 149
77 0
77 3
77 7
77 19
77 35
77 38
77 40
77 48
77 63
77 80
77 81
77 83
77 84
77 90
77 123
77 126
77 151
77 153
78 6
78 12
78 18
78 23
78 40
78 60
78 94
78 108
78 117
78 120
78 122
78 130
78 137
78 140
79 29
79 31
79 34
79 62
79 69
79 89
79 95
79 106
79 109
79 139
79 144
79 146
79 154
79 157
80 19
80 35
80 64
80 71
80 76
80 105
80 118
80 133
80 152
80 154
80 159
81 8
81 20
81 26
81 27
81 33
81 35
81 44
81 49
81 61
81 107
81 114
81 118
81 126
81 130
81 131
81 135
81 145
81 151
82 1
82 5
82 9
82 32
82 34
82 36
82 37
82 40
82 41
82 63
82 67
82 119
82 125
82 135
83 27
83 54
83 62
83 69
83 96
83 116
83 123
83 127
83 129
83 141
83 142
84 8
84 25
84 29
84 32
84 36
84 39
84 53
84 78
84 80
84 86
84 88
84 90
84 95
84 105
84 134
84 137
84 144
84 155
84 156
85 13
85 19
85 25
85 26
85 28
85 35
85 65
85 70
85 81
85 83
85 89
85 97
85 112
85 124
85 139
85 148
85 149
85 159
86 11
86 27
86 32
86 43
86 45
86 55
86 72
86 79
86 88
86 99
86 101
86 107
86 115
86 127
86 133
86 141
86 144
87 5
87 37
87 68
87 74
87 83
87 96
87 98
87 113
87 126
87 138
87 153
88 1
88 5
88 16
88 18
88 19
88 25
88 58
88 61
88 62
88 75
88 78
88 89
88 92
88 116
88 118
88 125
88 126
88 127
88 128
88 133
88 137
88 154
88 158
89 6
89 30
89 40
89 44
89 45
89 50
89 51
89 52
89 60
89 63
89 64
89 70
89 72
89 83
89 94
89 95
89 101
89 106
89 137
89 149
89 150
89 153
90 16
90 21
90 28
90 36
90 44
90 46
90 53
90 68
90 85
90 88
90 92
90 93
90 126
90 129
90 153
91 3
91 10
91 36
91 37
91 40
91 47
91 84
91 103
91 116
91 124
91 133
91 136
91 140
91 150
92 5
92 7
92 14
92 22
92 31
92 33
92 36
92 63
92 77
92 83
92 89
92 99
92 119
92 139
92 140
92 151
92 152
92 159
93 5
93 20
93 34
93 35
93 53
93 61
93 67
93 77
93 81
93 86
93 101
93 109
93 136
93 138
93 142
93 146
94 4
94 5
94 15
94 19
94 26
94 27
94 32
94 54
94 55
94 58
94 67
94 71
94 73
94 74
94 75
94 77
94 85
94 88
94 102
94 110
94 132
94 138
94 140
94 146
95 1
95 22
95 26
95 31
95 47
95 50
95 61
95 85
95 90
95 94
95 96
95 101
95 119
95 125
95 150
95 152
95 153
95 157
96 22
96 23
96 26
96 33
96 46
96 47
96 50
96 64
96 66
96 80
96 84
96 128
96 130
96 142
97 12
97 29
97 38
97 39
97 55
97 75
97 78
97 101
97 110
97 116
97 121
97 134
97 147
97 158
98 2
98 15
98 23
98 31
98 33
98 48
98 58
98 70
98 84
98 85
98 101
98 114
98 128
98 130
98 137
98 145
98 147
98 149
99 11
99 17
99 24
99 25
99 29
99 31
99 32
99 33
99 34
99 45
99 46
99 47
99 49
99 53
99 64
99 75
99 79
99 88
99 91
99 103
99 106
99 122
100 7
100 14
100 15
100 28
100 37
100 77
100 90
100 98
100 119
100 120
100 129
100 134
100 155
101 1
101 9
101 27
101 31
101 42
101 66
101 72
101 75
101 96
101 109
101 130
101 133
101 138
101 158
102 0
102 16
102 26
102 55
102 76
102 97
102 98
102 117
102 124
102 128
102 131
102 132
102 139
103 1
103 6
103 10
103 30
103 40
103 68
103 71
103 80
103 108
103 115
103 137
103 143
103 150
104 0
104 15
104 19
104 22
104 25
104 27
104 32
104 41
104 63
104 64
104 66
104 69
104 79
104 89
104 103
104 109
104 135
104 136
105 5
105 11
105 35
105 58
105 59
105 75
105 78
105 81
105 90
105 121
105 128
105 136
105 142
105 148
106 5
106 7
106 12
106 15
106 26
106 32
106 53
106 83
106 94
106 98
106 112
106 114
106 115
106 116
106 122
106 147
106 151
106 152
106 155
107 1
107 7
107 8
107 38
107 45
107 52
107 54
107 65
107 73
107 77
107 83
107 85
107 88
107 93
107 94
107 106
107 109
107 117
107 131
107 153
108 0
108 7
108 14
108 16
108 20
108 57
108 62
108 63
108 76
108 79
108 88
108 92
108 109
108 110
108 124
108 136
108 145
108 158
109 6
109 26
109 33
109 35
109 36
109 45
109 66
109 69
109 75
109 90
109 111
109 113
109 118
109 136
109 144
109 145
109 151
110 28
110 40
110 64
110 74
110 78
110 87
110 91
110 98
110 112
110 117
110 127
110 146
110 153
110 155
110 158
111 15
111 33
111 64
111 73
111 80
111 85
111 92
111 110
111 126
111 129
111 143
112 4
112 8
112 15
112 21
112 34
112 36
112 38
112 43
112 59
112 77
112 78
112 87
112 91
112 92
112 111
112 122
112 156
113 15
113 24
113 25
113 32
113 38
113 39
113 47
113 57
113 71
113 78
113 82
113 86
113 92
113 111
113 120
113 126
113 139
113 158
114 28
114 35
114 43
114 65
114 75
114 96
114 117
114 119
114 124
114 136
114 139
114 143
114 147
114 151
114 153
114 155
115 8
115 29
115 40
115 47
115 55
115 58
115 64
115 74
115 93
115 112
115 116
115 118
115 128
115 141
115 154
115 158
116 0
116 18
116 43
116 52
116 54
116 63
116 75
116 84
116 86
116 108
116 132
116 145
116 148
116 159
117 0
117 13
117 19
117 25
117 31
117 38
117 58
117 82
117 87
117 104
117 111
117 112
117 116
117 132
117 136
117 150
118 1
118 5
118 7
118 11
118 36
118 48
118 55
118 71
118 89
118 95
118 105
118 107
118 113
118 119
118 126
118 139
118 140
118 146
118 152
118 153
119 15
119 26
119 29
119 30
119 34
119 36
119 45
119 55
119 64
119 74
119 79
119 86
119 88
119 90
119 110
119 113
119 127
119 129
119 142
119 153
119 156
119 158
120 0
120 9
120 25
120 45
120 61
120 77
120 94
120 105
120 117
120 127
120 140
120 144
121 2
121 9
121 11
121 12
121 15
121 22
121 25
121 53
121 64
121 70
121 76
121 77
121 100
121 113
121 120
121 127
121 147
121 153
122 13
122 18
122 28
122 34
122 90
122 92
122 97
122 101
122 103
122 116
122 117
122 119
122 143
122 144
122 150
122 151
122 154
123 5
123 10
123 12
123 27
123 30
123 55
123 70
123 72
123 94
123 103
123 105
123 120
123 121
123 125
123 156
123 158
124 3
124 14
124 49
124 51
124 53
124 81
124 93
124 105
124 106
124 113
124 117
124 133
124 147
125 11
125 34
125 37
125 40
125 42
125 43
125 47
125 57
125 58
125 80
125 118
125 148
126 2
126 19
126 20
126 37
126 72
126 86
126 91
126 94
126 98
126 102
126 119
126 120
126 127
126 130
126 139
127 3
127 20
127 23
127 49
127 90
127 92
127 107
127 125
127 137
128 4
128 22
128 43
128 61
128 63
128 78
128 79
128 85
128 86
128 89
128 100
128 138
128 153
129 28
129 44
129 55
129 71
129 80
129 94
129 106
129 116
129 118
129 137
129 139
129 159
130 17
130 18
130 33
130 35
130 48
130 62
130 85
130 86
130 87
130 112
130 127
130 147
130 149
130 152
130 158
131 9
131 11
131 13
131 43
131 44
131 53
131 67
131 79
131 98
131 115
131 134
131 145
131 148
131 158
132 0
132 16
132 19
132 27
132 74
132 95
132 100
132 104
132 108
132 120
132 125
132 130
132 134
132 136
132 155
133 7
133 9
133 14
133 19
133 20
133 32
133 56
133 62
133 82
133 95
133 100
133 112
133 120
133 125
133 138
133 142
133 148
133 153
134 6
134 7
134 9
134 25
134 32
134 41
134 58
134 66
134 109
134 121
134 123
134 130
134 151
135 4
135 13
135 17
135 24
135 37
135 46
135 61
135 84
135 91
135 97
135 111
135 119
135 130
135 131
135 143
135 147
135 152
136 11
136 24
136 36
136 37
136 40
136 54
136 75
136 79
136 87
136 92
136 100
136 103
136 112
136 123
136 127
136 147
136 148
137 6
137 8
137 9
137 26
137 37
137 42
137 49
137 50
137 56
137 58
137 59
137 73
137 82
137 93
137 94
137 96
137 100
137 118
137 157
138 17
138 26
138 36
138 39
138 44
138 49
138 60
138 63
138 64
138 71
138 72
138 75
138 80
138 85
138 104
138 106
138 110
138 114
138 115
138 117
138 118
138 137
138 155
139 8
139 15
139 59
139 75
139 76
139 86
139 89
139 96
139 109
139 146
139 154
140 5
140 7
140 19
140 22
140 29
140 35
140 49
140 63
140 74
140 76
140 86
140 97
140 104
140 106
140 132
140 144
140 158
141 9
141 16
141 30
141 36
141 54
141 68
141 74
141 75
141 78
141 97
141 99
141 102
141 103
141 105
141 110
141 117
141 126
141 133
141 153
142 1
142 4
142 5
142 11
142 13
142 15
142 20
142 29
142 35
142 72
142 80
142 88
142 95
142 111
142 121
142 129
142 140
142 158
143 1
143 14
143 40
143 43
143 55
143 56
143 63
143 68
143 73
143 74
143 79
143 84
143 94
143 106
143 120
143 123
143 151
144 31
144 33
144 38
144 39
144 46
144 76
144 78
144 90
144 92
144 126
144 130
144 134
145 14
145 24
145 31
145 36
145 42
145 64
145 69
145 79
145 83
145 94
145 122
145 126
145 129
145 137
145 140
145 144
145 151
145 152
145 155
146 2
146 10
146 13
146 29
146 30
146 34
146 39
146 40
146 41
146 57
146 68
146 98
146 108
146 109
146 121
146 125
146 128
146 129
146 137
146 144
146 148
146 157
147 5
147 13
147 28
147 41
147 87
147 88
147 101
147 105
147 115
147 119
147 139
147 144
147 158
148 3
148 4
148 12
148 30
148 43
148 51
148 75
148 77
148 83
148 88
148 110
148 111
148 120
148 123
148 124
148 138
148 139
149 3
149 6
149 16
149 26
149 28
149 44
149 55
149 60
149 102
149 107
149 108
149 111
149 119
149 121
149 151
149 154
149 155
150 12
150 26
150 30
150 47
150 70
150 72
150 77
150 79
150 88
150 92
150 93
150 113
150 114
150 136
150 139
150 144
150 155
150 156
151 0
151 18
151 19
151 23
151 27
151 35
151 54
151 61
151 68
151 73
151 91
151 110
151 125
151 136
151 137
152 2
152 15
152 23
152 24
152 25
152 67
152 83
152 84
152 90
152 105
152 107
152 117
152 121
152 132
152 137
152 148
153 1
153 8
153 11
153 14
153 25
153 59
153 60
153 73
153 85
153 91
153 105
153 117
153 140
153 142
153 147
154 5
154 11
154 14
154 20
154 26
154 31
154 46
154 56
154 64
154 78
154 91
154 119
154 125
154 138
154 143
154 159
155 22
155 32
155 41
155 42
155 46
155 58
155 61
155 78
155 117
155 122
155 126
155 147
156 12
156 17
156 31
156 35
156 41
156 48
156 55
156 75
156 88
156 90
156 101
156 111
156 124
156 128
156 136
156 145
156 153
157 1
157 37
157 97
157 101
157 111
157 115
157 118
157 134
157 135
157 158
158 1
158 7
158 12
158 14
158 17
158 19
158 22
158 41
158 45
158 51
158 60
158 62
158 73
158 78
158 79
158 89
158 100
158 133
158 143
158 159
159 11
159 36
159 39
159 50
159 51
159 68
159 128
159 138
159 148
0 1 2 3 4 5 6 7 8 9 10 11 12 13 14 15 16 17 18 19 20 21 22 23 24 25 26 27 28 29 30 31 32 33 34 35 36 37 38 39
