160 812 40
0 6
0 23
0 36
0 46
0 65
0 100
0 112
0 118
1 9
1 149
1 157
2 30
2 139
2 143
2 150
3 10
3 81
3 88
4 31
4 63
4 93
5 19
5 22
5 45
5 56
5 86
5 118
6 98
6 122
6 142
7 4
7 106
8 9
8 62
8 83
8 119
9 31
9 60
9 84
9 120
10 25
10 43
10 61
10 93
10 126
11 58
11 79
11 80
11 90
11 106
11 141
12 26
12 29
12 37
12 72
12 91
13 43
13 60
13 64
13 141
13 146
13 154
14 48
14 82
14 119
14 128
15 21
15 88
15 131
15 153
16 10
16 12
16 22
16 35
16 71
16 117
16 139
17 11
17 23
18 58
18 122
19 8
19 31
19 61
19 77
19 91
19 113
19 138
19 148
19 149
20 6
20 8
20 41
20 61
20 156
21 27
21 127
21 147
21 159
22 24
22 58
22 68
22 70
22 156
23 48
23 64
23 92
23 98
23 105
24 1
24 43
24 101
24 144
25 7
25 28
26 10
26 59
26 111
26 129
26 130
26 142
26 153
27 25
27 41
27 85
28 38
28 69
28 86
28 95
28 113
28 143
28 157
29 71
29 72
29 114
29 126
30 0
30 60
30 95
30 110
30 148
31 86
31 91
31 100
32 14
32 94
32 95
32 134
33 16
33 65
33 82
33 112
33 114
33 153
34 22
34 26
34 27
34 46
34 69
35 48
35 72
35 113
35 127
35 143
36 58
36 59
36 66
36 101
36 125
36 156
37 3
37 18
37 25
37 33
37 46
37 49
37 67
37 127
37 132
38 16
38 21
38 31
38 46
38 47
38 73
38 108
38 116
38 153
39 5
39 68
39 82
39 106
40 1
40 24
40 55
40 57
40 69
40 82
40 87
40 93
41 79
41 84
41 89
42 24
42 54
42 80
42 97
43 65
43 106
43 152
43 155
44 22
44 98
44 148
45 15
45 22
45 99
45 121
46 10
46 32
46 116
46 128
46 145
46 146
47 23
47 25
47 41
47 65
47 68
47 119
47 125
47 127
48 43
48 56
48 77
48 83
48 93
48 108
48 139
49 23
49 54
49 91
49 117
50 12
50 27
50 80
50 84
50 141
51 82
51 148
52 0
52 5
52 158
53 48
53 51
53 92
53 119
54 13
54 14
54 34
54 47
54 57
54 101
54 108
54 132
55 9
55 25
55 27
55 52
55 66
57 17
57 95
57 126
57 155
58 1
58 33
58 60
58 87
58 118
59 43
59 70
59 82
60 3
60 10
60 14
60 22
60 34
60 47
60 86
61 37
61 106
61 133
61 152
62 9
62 64
62 78
62 81
62 84
62 105
62 113
62 134
63 44
63 62
63 135
63 152
64 96
64 110
64 122
65 39
65 46
65 53
65 62
65 71
65 79
65 109
65 112
65 135
66 48
66 59
66 118
67 20
67 80
67 155
68 3
68 5
68 6
68 97
68 114
68 123
68 129
68 135
69 6
69 12
69 58
69 72
69 78
69 118
69 127
70 44
70 47
70 153
71 50
71 76
71 93
71 119
71 146
71 154
72 8
72 13
72 82
72 150
73 6
73 58
73 104
73 146
73 149
74 69
74 119
74 136
74 141
74 142
75 15
75 44
75 50
75 53
75 116
75 119
75 122
75 128
75 151
76 0
76 16
76 50
76 79
76 86
76 102
76 142
76 144
76 146
76 157
77 13
77 32
77 79
77 84
77 102
77 146
78 28
78 33
78 151
79 69
80 9
80 27
80 33
80 54
80 60
80 92
80 126
80 131
80 142
80 147
80 154
81 12
81 26
81 68
81 138
81 154
81 159
82 19
82 50
82 60
82 73
82 105
82 110
83 68
83 70
83 72
84 14
84 33
84 43
84 74
84 92
84 112
84 113
85 47
85 60
85 121
86 17
86 32
86 140
86 152
87 12
87 41
87 48
87 96
87 114
87 130
87 134
87 136
88 0
88 20
88 27
88 84
88 92
88 138
88 143
89 31
89 69
89 127
90 33
90 89
90 126
91 40
91 47
91 59
91 156
91 158
92 16
92 104
92 113
92 140
93 16
93 63
93 108
93 131
93 151
94 60
94 85
94 102
94 106
94 110
94 112
94 136
95 8
95 26
95 66
95 72
95 82
95 99
95 120
95 131
95 139
96 48
96 94
97 12
97 17
97 34
97 36
97 86
97 88
97 107
98 1
98 47
98 57
98 68
98 73
98 146
99 43
99 64
99 88
99 122
99 127
100 20
100 74
100 124
100 140
101 34
101 39
101 45
101 122
102 6
102 47
102 114
102 139
102 148
103 34
103 73
103 125
103 128
103 137
104 12
104 24
104 34
104 97
104 114
104 132
104 140
105 30
105 56
105 57
105 74
105 83
105 93
105 97
105 106
105 142
106 12
106 38
106 54
106 65
106 150
106 152
107 93
107 104
107 141
108 9
108 65
109 89
109 149
110 0
110 13
110 14
110 29
110 61
110 91
110 139
110 148
110 150
111 39
111 86
111 98
111 143
111 156
112 57
112 125
112 128
112 149
113 51
113 56
113 74
113 101
113 137
114 59
114 75
114 81
114 97
115 25
115 33
115 57
115 87
115 135
115 146
116 1
116 11
116 25
116 44
116 87
116 102
116 105
116 108
116 123
117 51
117 100
118 17
118 36
118 48
118 70
118 90
118 144
119 17
119 36
119 56
119 83
119 112
119 126
120 19
120 63
120 103
121 29
121 47
122 20
122 89
122 135
122 143
122 158
123 30
123 39
123 45
123 59
123 103
123 151
123 153
124 28
124 46
124 113
124 134
124 137
124 146
125 42
125 44
125 121
126 16
126 28
126 50
126 106
126 143
127 60
127 111
128 8
128 29
128 31
128 74
128 80
129 34
129 41
129 104
129 158
130 37
130 80
130 126
131 7
131 16
131 41
131 63
131 85
131 112
131 126
131 143
132 78
132 79
132 95
132 108
132 119
132 120
132 121
132 126
133 75
133 77
133 103
133 107
133 130
134 27
134 48
134 107
135 57
135 87
135 105
135 118
135 123
135 124
136 7
136 18
136 20
136 45
136 81
136 90
136 102
136 155
137 20
137 22
137 72
137 116
137 141
138 13
138 49
138 109
139 11
139 153
140 1
140 40
140 50
140 52
140 81
140 90
140 97
140 114
140 116
140 129
140 143
140 156
141 12
141 17
141 46
141 71
141 138
142 15
142 44
142 101
142 110
142 131
142 132
142 137
142 140
143 82
143 90
143 127
144 8
144 9
144 53
144 80
144 100
144 123
145 40
145 86
145 109
145 110
145 118
145 126
145 148
146 30
146 79
146 121
147 18
147 32
147 61
147 67
147 112
147 116
147 122
148 11
148 55
148 59
148 77
148 124
149 40
149 108
149 141
149 146
150 27
150 75
150 114
150 116
150 127
150 141
150 143
151 13
151 26
151 29
151 43
151 137
152 2
152 25
152 64
152 101
152 155
153 2
153 14
153 25
153 40
153 53
153 56
153 103
153 149
153 150
154 2
154 6
154 59
154 92
154 147
155 12
156 5
156 55
156 114
156 132
157 17
157 43
157 54
157 57
157 64
157 73
157 131
157 133
157 135
157 151
158 75
158 77
158 137
158 147
159 27
159 76
159 86
159 89
159 133
0 1 2 3 4 5 6 7 8 9 10 11 12 13 14 15 16 17 18 19 20 21 22 23 24 25 26 27 28 29 30 31 32 33 34 35 36 37 38 39
