160 420 7
0 16
0 21
0 50
0 64
0 71
0 108
1 157
2 25
2 50
2 85
2 87
3 90
3 107
4 44
4 68
4 75
4 120
4 139
5 55
6 48
7 59
7 77
7 106
8 58
8 78
8 88
8 95
8 156
9 158
10 76
10 103
10 125
11 131
12 131
14 35
14 76
14 102
14 144
16 30
16 94
17 43
17 81
17 108
19 30
19 116
20 93
20 100
20 128
21 107
22 2
22 46
23 30
23 58
24 89
25 2
25 42
25 78
25 88
25 94
26 29
26 49
26 67
27 137
27 151
28 10
28 107
28 124
29 5
29 42
29 116
29 156
30 16
30 22
30 35
30 56
30 76
30 95
30 115
30 127
31 90
32 88
33 95
33 119
34 20
35 138
36 63
36 77
36 97
37 66
37 84
38 15
38 57
38 108
38 109
38 157
39 56
39 119
40 73
40 97
41 77
41 94
41 107
41 140
42 25
42 61
42 120
42 139
44 4
45 115
46 22
46 84
46 98
46 132
46 138
46 157
47 12
47 87
47 138
47 143
48 80
48 157
49 51
49 68
49 87
50 0
50 2
50 6
50 9
50 74
51 19
51 36
51 88
52 54
52 105
52 134
53 87
53 130
53 159
54 52
54 87
55 5
55 90
56 39
56 131
56 158
57 76
57 86
57 122
58 23
58 109
58 139
59 7
59 16
59 60
60 158
61 37
61 42
61 43
61 69
62 65
62 86
63 36
64 91
65 3
65 12
65 40
65 62
65 68
66 102
66 149
67 26
67 131
68 37
68 87
68 90
69 47
69 90
69 101
69 108
69 140
70 92
70 111
71 0
71 129
72 31
72 38
72 82
72 129
73 16
73 112
74 50
75 71
75 78
75 121
75 141
75 158
76 14
76 57
76 105
76 135
76 155
77 41
78 25
78 75
78 93
79 30
79 137
80 96
80 115
80 146
81 17
81 18
81 86
81 151
82 0
82 72
83 76
83 119
83 148
84 37
84 92
86 62
86 81
87 2
87 47
87 53
87 54
88 98
88 99
88 111
88 119
88 152
89 3
89 64
89 99
89 151
90 3
90 31
90 55
90 61
90 68
91 30
91 106
91 124
91 138
92 33
92 155
93 20
93 78
94 16
94 36
94 41
94 42
94 79
94 148
95 33
95 110
95 119
95 126
96 12
96 54
96 72
96 80
96 98
97 40
98 46
98 100
98 129
99 88
99 89
100 20
100 97
100 98
100 153
101 93
102 14
102 66
103 10
103 102
103 152
104 111
104 117
105 76
105 127
106 91
106 103
107 28
108 17
108 38
108 69
108 87
108 150
109 38
110 95
110 111
110 158
111 16
111 42
111 70
111 88
111 115
112 73
113 15
113 19
113 43
113 79
114 60
114 130
114 152
115 6
115 30
115 48
115 64
115 80
116 19
116 29
117 41
117 104
118 57
119 30
119 151
120 42
121 1
121 20
121 72
121 141
122 57
122 95
123 7
123 127
123 142
124 28
124 151
125 34
125 96
126 115
127 30
127 68
127 123
127 130
127 152
128 142
129 71
129 98
130 16
130 108
130 114
131 11
131 12
131 20
131 30
131 56
131 67
131 143
132 46
132 96
133 97
134 114
134 118
134 139
135 65
135 76
135 117
136 30
136 88
136 115
136 151
138 30
138 35
138 46
138 47
138 49
138 91
138 107
138 152
138 154
139 4
139 34
139 70
140 13
140 41
141 2
141 25
141 75
141 118
142 41
142 123
142 135
143 110
143 131
143 134
144 14
144 80
145 24
145 80
146 69
146 93
147 59
147 86
147 104
148 70
149 39
150 91
151 4
151 81
151 119
152 103
153 72
154 46
156 2
156 29
157 0
157 46
157 48
157 159
158 54
158 56
158 60
158 89
159 53
0 1 2 3 4 5 6
