160 2544 24
0 2
0 12
0 37
0 41
0 44
0 56
0 72
0 78
0 82
0 104
0 109
0 110
0 116
0 117
0 121
0 149
1 11
1 15
1 21
1 22
1 24
1 27
1 40
1 45
1 51
1 66
1 74
1 114
1 119
1 135
1 152
2 18
2 57
2 62
2 65
2 91
2 98
2 108
2 114
2 130
2 137
2 151
2 158
3 11
3 24
3 27
3 29
3 30
3 31
3 38
3 69
3 70
3 71
3 82
3 105
3 127
3 132
3 133
3 159
4 10
4 19
4 26
4 33
4 50
4 63
4 73
4 103
4 106
4 114
4 116
4 127
4 139
4 143
4 146
4 152
5 52
5 54
5 61
5 63
5 64
5 74
5 82
5 92
5 95
5 99
5 110
5 117
5 156
5 159
6 12
6 14
6 20
6 33
6 58
6 63
6 69
6 72
6 77
6 94
6 103
6 106
6 117
6 129
6 135
6 154
7 12
7 57
7 76
7 83
7 84
7 87
7 91
7 98
7 137
8 1
8 17
8 20
8 29
8 31
8 33
8 58
8 65
8 67
8 71
8 91
8 102
8 109
8 117
8 123
8 154
9 1
9 6
9 8
9 12
9 17
9 30
9 58
9 59
9 72
9 83
9 90
9 109
9 110
9 124
9 131
9 143
9 158
9 159
10 2
10 11
10 18
10 28
10 32
10 43
10 46
10 52
10 81
10 84
10 96
10 98
10 118
10 125
10 134
10 137
10 142
10 144
10 147
10 155
10 157
11 4
11 8
11 9
11 22
11 23
11 32
11 61
11 65
11 74
11 77
11 78
11 84
11 126
11 131
11 147
12 5
12 21
12 28
12 35
12 56
12 89
12 99
12 103
12 122
12 143
13 8
13 9
13 12
13 15
13 35
13 50
13 70
13 78
13 84
13 97
13 102
13 130
13 133
13 137
13 149
13 154
14 27
14 38
14 41
14 60
14 63
14 66
14 74
14 86
14 99
14 123
14 135
14 156
15 7
15 18
15 27
15 43
15 54
15 61
15 68
15 70
15 80
15 123
15 137
15 140
15 147
15 157
16 11
16 15
16 17
16 25
16 28
16 72
16 90
16 100
16 115
16 120
16 131
16 133
16 134
16 138
16 147
16 149
16 157
16 158
17 0
17 19
17 27
17 33
17 51
17 55
17 82
17 84
17 86
17 99
17 107
17 112
17 124
17 144
17 158
18 24
18 33
18 36
18 39
18 50
18 52
18 66
18 67
18 71
18 75
18 82
18 91
18 94
18 112
18 139
18 140
18 143
19 1
19 3
19 15
19 26
19 29
19 37
19 42
19 48
19 54
19 57
19 64
19 74
19 82
19 87
19 93
19 111
19 129
19 138
19 144
19 151
19 154
19 159
20 15
20 29
20 44
20 73
20 77
20 96
20 97
20 102
20 103
20 117
20 125
20 128
20 131
20 138
21 4
21 7
21 28
21 29
21 41
21 46
21 83
21 105
21 115
21 122
21 134
21 146
21 150
21 157
22 5
22 16
22 38
22 47
22 60
22 79
22 104
22 107
22 109
22 115
22 133
23 5
23 25
23 26
23 43
23 54
23 59
23 66
23 73
23 74
23 77
23 78
23 83
23 96
23 132
23 137
23 143
23 146
23 157
24 20
24 22
24 26
24 33
24 43
24 60
24 62
24 78
24 79
24 87
24 93
24 102
24 104
24 109
24 119
24 128
24 133
24 154
25 7
25 8
25 19
25 21
25 22
25 37
25 40
25 60
25 63
25 87
25 91
25 96
25 109
25 135
25 148
26 5
26 7
26 11
26 17
26 25
26 40
26 41
26 45
26 63
26 79
26 150
27 19
27 37
27 45
27 71
27 72
27 73
27 84
27 88
27 107
27 141
28 7
28 24
28 25
28 29
28 73
28 79
28 104
28 117
28 119
28 133
29 4
29 44
29 55
29 59
29 73
29 76
29 79
29 80
29 103
29 104
29 105
29 109
29 111
29 115
29 119
29 122
29 138
29 140
29 143
30 4
30 13
30 24
30 28
30 29
30 31
30 45
30 50
30 63
30 69
30 73
30 93
30 108
30 134
30 142
30 146
30 147
30 148
31 2
31 20
31 25
31 32
31 38
31 58
31 60
31 71
31 78
31 99
31 112
31 114
31 118
31 122
31 130
31 136
32 5
32 9
32 14
32 33
32 57
32 66
32 70
32 81
32 109
32 123
32 130
32 136
33 66
33 69
33 71
33 73
33 78
33 93
33 94
33 97
33 112
33 116
33 134
33 138
33 144
33 149
34 4
34 26
34 55
34 61
34 95
34 98
34 113
34 120
34 127
34 134
34 146
34 147
34 157
34 158
35 3
35 25
35 58
35 71
35 75
35 88
35 97
35 110
35 121
35 124
35 129
35 156
36 6
36 13
36 16
36 20
36 24
36 38
36 47
36 59
36 68
36 70
36 99
36 110
36 114
36 120
37 3
37 18
37 40
37 45
37 92
37 93
37 121
37 140
38 20
38 32
38 44
38 45
38 54
38 80
38 95
38 140
38 154
39 5
39 14
39 28
39 44
39 59
39 64
39 76
39 97
39 101
39 110
39 137
39 146
40 17
40 29
40 33
40 67
40 72
40 103
40 129
40 136
40 148
40 149
41 7
41 9
41 12
41 28
41 31
41 43
41 57
41 60
41 63
41 65
41 66
41 71
41 73
41 77
41 86
41 103
41 106
41 107
41 108
41 109
41 118
41 132
41 140
41 142
41 159
42 1
42 5
42 24
42 25
42 27
42 41
42 57
42 60
42 93
42 98
42 112
42 117
42 144
42 148
42 158
43 0
43 19
43 29
43 34
43 44
43 63
43 93
43 103
43 105
43 119
43 124
43 134
44 6
44 13
44 18
44 21
44 32
44 50
44 51
44 54
44 63
44 66
44 68
44 81
44 83
44 88
44 91
44 97
44 101
44 102
44 120
44 121
44 129
44 142
45 28
45 36
45 43
45 46
45 49
45 57
45 60
45 88
45 99
45 101
45 103
45 118
45 128
45 140
45 141
45 146
45 152
46 4
46 9
46 13
46 38
46 41
46 54
46 66
46 72
46 94
46 113
46 118
46 125
46 131
46 132
46 134
46 147
46 151
47 1
47 8
47 10
47 11
47 18
47 56
47 59
47 73
47 80
47 81
47 85
47 86
47 98
47 102
47 103
47 114
47 116
47 135
47 147
47 152
47 154
48 12
48 16
48 22
48 26
48 35
48 39
48 50
48 65
48 67
48 86
48 90
48 95
48 104
48 106
48 113
48 129
48 133
48 137
48 146
48 149
48 153
49 0
49 7
49 23
49 55
49 58
49 73
49 88
49 92
49 99
49 116
49 130
49 138
49 140
50 2
50 7
50 16
50 17
50 32
50 34
50 35
50 42
50 43
50 45
50 57
50 75
50 77
50 80
50 81
50 100
50 125
50 139
50 142
50 149
50 150
50 155
51 12
51 24
51 30
51 33
51 34
51 52
51 54
51 58
51 59
51 81
51 105
51 111
51 120
51 131
51 132
51 134
52 14
52 15
52 25
52 38
52 59
52 61
52 62
52 71
52 77
52 78
52 81
52 138
52 141
52 145
52 152
53 3
53 15
53 49
53 60
53 66
53 69
53 78
53 83
53 89
53 91
53 101
53 110
53 115
53 122
53 131
53 132
53 141
53 146
53 148
53 149
53 157
54 8
54 16
54 21
54 22
54 52
54 77
54 83
54 96
54 100
54 115
54 130
54 131
54 136
54 155
54 159
55 0
55 5
55 9
55 18
55 24
55 26
55 27
55 30
55 36
55 47
55 50
55 54
55 62
55 69
55 102
55 107
55 124
55 136
55 138
55 156
56 6
56 13
56 14
56 36
56 40
56 44
56 50
56 68
56 91
56 92
56 99
56 115
56 124
56 137
56 141
56 151
56 152
57 22
57 26
57 43
57 56
57 76
57 85
57 114
57 133
58 18
58 42
58 43
58 67
58 70
58 72
58 74
58 82
58 86
58 93
58 108
58 109
58 112
58 120
58 122
58 123
58 131
58 132
58 150
58 151
58 153
58 154
59 11
59 26
59 27
59 31
59 34
59 56
59 58
59 62
59 67
59 80
59 92
59 93
59 94
59 110
59 121
59 135
59 145
59 147
59 154
60 2
60 5
60 15
60 38
60 92
60 93
60 94
60 104
60 121
60 142
61 6
61 7
61 16
61 31
61 43
61 46
61 50
61 51
61 54
61 57
61 65
61 66
61 68
61 71
61 88
61 92
61 94
61 96
61 112
61 114
61 119
61 120
61 138
61 154
61 155
62 12
62 26
62 29
62 35
62 43
62 60
62 67
62 83
62 99
62 107
62 135
62 149
62 153
63 2
63 7
63 28
63 37
63 42
63 49
63 56
63 61
63 62
63 72
63 101
63 104
63 113
63 127
63 132
63 136
63 152
64 28
64 36
64 92
64 96
64 108
64 110
64 146
64 148
64 153
65 1
65 3
65 15
65 72
65 95
65 102
65 118
65 124
65 130
65 138
66 19
66 24
66 34
66 47
66 57
66 78
66 86
66 92
66 98
66 110
66 112
66 114
66 118
66 123
66 128
66 137
66 141
66 143
66 150
66 152
66 158
67 5
67 16
67 31
67 33
67 36
67 44
67 71
67 88
67 92
67 97
67 103
67 114
67 116
67 121
67 128
67 135
67 152
67 156
68 16
68 29
68 47
68 49
68 63
68 64
68 65
68 84
68 90
68 95
68 101
68 110
68 112
68 118
68 142
68 147
68 155
68 156
69 35
69 45
69 47
69 64
69 85
69 94
69 99
69 109
69 112
69 129
69 130
69 135
69 136
70 0
70 6
70 16
70 26
70 37
70 49
70 52
70 57
70 59
70 66
70 69
70 83
70 102
70 116
70 130
70 133
70 143
70 144
71 10
71 19
71 20
71 24
71 32
71 50
71 73
71 90
71 98
71 104
71 112
71 121
71 131
71 147
71 149
72 2
72 4
72 10
72 20
72 21
72 29
72 32
72 52
72 54
72 56
72 61
72 66
72 77
72 90
72 109
72 115
72 120
72 122
72 128
72 139
72 152
72 154
73 17
73 36
73 39
73 65
73 70
73 77
73 87
73 108
73 118
73 128
73 136
73 141
73 155
73 157
74 6
74 17
74 22
74 33
74 34
74 36
74 40
74 41
74 91
74 92
74 97
74 106
74 117
74 123
74 125
75 3
75 12
75 13
75 14
75 25
75 29
75 45
75 76
75 85
75 88
75 143
75 156
76 21
76 22
76 31
76 33
76 34
76 47
76 50
76 51
76 53
76 54
76 58
76 61
76 81
76 106
76 111
76 118
76 143
76 145
77 8
77 15
77 30
77 31
77 40
77 55
77 66
77 98
77 109
77 114
77 115
78 14
78 30
78 34
78 36
78 40
78 50
78 56
78 62
78 65
78 73
78 75
78 94
78 104
78 120
78 121
78 126
78 134
78 146
78 151
79 1
79 3
79 4
79 9
79 33
79 37
79 51
79 74
79 84
79 89
79 90
79 96
79 122
79 130
79 151
79 155
80 11
80 14
80 18
80 20
80 45
80 48
80 49
80 65
80 75
80 93
80 98
80 107
80 118
80 121
80 154
81 9
81 16
81 19
81 24
81 64
81 80
81 83
81 95
81 104
81 105
81 108
81 132
81 136
81 148
82 2
82 6
82 9
82 14
82 20
82 27
82 38
82 42
82 60
82 67
82 80
82 83
82 89
82 93
82 97
82 107
82 117
82 122
82 124
82 134
82 155
82 158
83 37
83 38
83 78
83 89
83 103
83 104
83 110
83 115
83 142
83 148
83 155
84 28
84 36
84 39
84 44
84 59
84 62
84 65
84 90
84 104
84 111
84 117
84 121
84 126
84 127
84 130
84 153
85 1
85 5
85 35
85 38
85 40
85 55
85 58
85 64
85 74
85 84
85 94
85 102
85 121
85 122
85 123
85 130
85 131
85 139
85 141
85 145
86 11
86 33
86 42
86 57
86 59
86 63
86 73
86 81
86 90
86 103
86 113
86 125
86 127
86 144
86 155
87 9
87 35
87 48
87 56
87 68
87 71
87 79
87 99
87 124
87 131
87 142
87 144
87 155
88 0
88 7
88 9
88 22
88 24
88 28
88 29
88 41
88 53
88 58
88 59
88 68
88 80
88 87
88 102
88 104
88 114
88 115
88 121
88 123
88 128
88 129
88 149
88 156
89 16
89 23
89 30
89 39
89 40
89 44
89 48
89 50
89 62
89 65
89 100
89 110
89 113
89 118
89 125
89 138
90 4
90 12
90 14
90 24
90 28
90 31
90 50
90 92
90 94
90 103
90 107
90 142
90 158
91 1
91 29
91 33
91 49
91 55
91 57
91 61
91 75
91 85
91 87
91 106
91 129
91 149
92 2
92 17
92 52
92 80
92 86
92 96
92 99
92 101
92 121
92 122
92 134
93 9
93 13
93 16
93 21
93 36
93 38
93 41
93 46
93 47
93 53
93 70
93 71
93 74
93 91
93 94
93 107
93 109
93 122
93 123
93 124
93 127
93 130
93 143
93 159
94 0
94 7
94 22
94 25
94 47
94 57
94 68
94 76
94 81
94 108
94 114
94 119
94 134
94 154
95 0
95 3
95 30
95 35
95 54
95 67
95 93
95 104
95 107
95 113
95 117
95 118
95 125
95 133
95 151
95 153
95 156
96 0
96 13
96 18
96 22
96 43
96 47
96 71
96 98
96 116
96 118
96 136
96 149
97 3
97 32
97 37
97 55
97 62
97 65
97 80
97 81
97 86
97 90
97 91
97 92
97 116
97 123
97 125
97 141
97 154
97 158
98 9
98 20
98 27
98 30
98 39
98 55
98 67
98 70
98 72
98 74
98 84
98 104
98 121
98 127
98 130
98 142
98 145
98 156
99 0
99 2
99 7
99 8
99 22
99 24
99 28
99 30
99 42
99 48
99 55
99 74
99 76
99 80
99 81
99 93
99 103
99 122
99 125
99 127
99 133
99 142
99 150
100 0
100 27
100 34
100 38
100 43
100 60
100 62
100 63
100 66
100 79
100 88
100 92
100 103
100 110
100 116
100 127
100 139
100 143
100 155
100 159
101 2
101 7
101 14
101 18
101 33
101 54
101 59
101 60
101 84
101 86
101 88
101 102
101 117
101 125
101 126
101 127
101 139
101 142
101 156
102 34
102 46
102 48
102 67
102 71
102 100
102 108
102 118
102 119
102 126
102 138
103 23
103 48
103 62
103 74
103 85
103 98
103 107
103 134
103 138
103 141
103 143
104 8
104 14
104 18
104 26
104 27
104 30
104 32
104 33
104 51
104 73
104 86
104 106
104 111
104 113
104 115
104 117
104 148
104 155
104 158
105 13
105 15
105 27
105 30
105 69
105 98
105 115
105 119
105 126
105 141
105 149
105 154
105 157
106 1
106 3
106 8
106 16
106 30
106 38
106 69
106 78
106 84
106 93
106 129
106 155
106 157
107 21
107 42
107 47
107 49
107 58
107 64
107 85
107 98
107 100
107 129
107 138
107 151
107 157
108 13
108 15
108 17
108 20
108 27
108 31
108 38
108 44
108 62
108 66
108 75
108 85
108 91
108 98
108 129
108 134
108 135
108 143
108 156
108 158
109 2
109 3
109 4
109 26
109 49
109 51
109 100
109 125
109 147
110 1
110 28
110 33
110 42
110 57
110 78
110 81
110 90
110 115
110 119
110 121
110 131
110 137
110 152
111 12
111 15
111 20
111 35
111 46
111 56
111 81
111 95
111 127
112 10
112 29
112 30
112 43
112 50
112 59
112 65
112 72
112 79
112 84
112 86
112 95
112 101
112 114
112 127
112 140
112 151
113 17
113 27
113 36
113 47
113 62
113 75
113 79
113 88
113 90
113 93
113 100
113 110
113 115
113 116
113 118
113 120
113 122
113 125
113 130
113 134
113 136
113 144
113 149
113 159
114 13
114 15
114 52
114 56
114 79
114 80
114 89
114 96
114 107
114 118
114 123
114 143
114 156
115 1
115 12
115 31
115 32
115 45
115 47
115 58
115 94
115 96
115 97
115 122
115 152
116 2
116 11
116 12
116 15
116 23
116 25
116 31
116 72
116 73
116 86
116 90
116 94
116 118
116 119
116 120
116 128
116 133
116 136
116 157
117 9
117 15
117 24
117 32
117 37
117 38
117 50
117 59
117 75
117 103
117 109
117 111
117 149
118 3
118 5
118 24
118 39
118 42
118 43
118 53
118 69
118 71
118 75
118 82
118 83
118 84
118 91
118 104
118 112
118 129
118 131
118 132
118 134
118 159
119 8
119 16
119 46
119 49
119 51
119 55
119 56
119 59
119 64
119 65
119 68
119 93
119 103
119 106
119 126
119 148
119 151
120 11
120 13
120 18
120 20
120 30
120 77
120 79
120 96
120 107
120 115
120 119
120 126
120 132
120 134
120 156
121 3
121 4
121 11
121 12
121 26
121 29
121 41
121 48
121 58
121 79
121 82
121 86
121 87
121 89
121 111
121 112
121 116
121 119
121 136
121 152
122 7
122 17
122 43
122 46
122 50
122 84
122 100
122 102
122 110
122 116
122 118
122 131
122 158
123 3
123 5
123 12
123 28
123 33
123 38
123 49
123 54
123 70
123 73
123 78
123 89
123 98
123 102
123 113
123 131
123 136
123 139
123 150
123 157
124 5
124 6
124 40
124 76
124 77
124 80
124 85
124 92
124 95
124 111
124 115
124 119
124 123
124 139
124 141
125 6
125 11
125 13
125 17
125 21
125 28
125 48
125 63
125 66
125 78
125 90
125 94
125 110
125 111
125 116
125 122
125 128
125 141
125 143
125 145
126 2
126 15
126 24
126 36
126 55
126 74
126 83
126 94
126 110
126 138
126 151
127 29
127 35
127 46
127 59
127 75
127 81
127 121
127 126
127 129
127 140
128 15
128 16
128 21
128 34
128 35
128 40
128 56
128 59
128 76
128 77
128 80
128 87
128 90
128 93
128 99
128 101
128 108
128 123
128 145
128 155
129 0
129 3
129 5
129 18
129 20
129 34
129 39
129 49
129 52
129 56
129 61
129 63
129 66
129 77
129 78
129 87
129 101
129 120
129 131
129 151
130 10
130 34
130 35
130 56
130 57
130 64
130 83
130 89
130 92
130 96
130 112
130 115
130 126
130 129
130 135
130 145
131 30
131 36
131 37
131 38
131 50
131 64
131 68
131 72
131 79
131 82
131 92
131 108
131 138
131 144
131 147
131 148
131 153
131 158
132 0
132 13
132 15
132 27
132 28
132 29
132 36
132 38
132 50
132 77
132 88
132 91
132 114
132 117
132 148
132 149
132 151
133 14
133 23
133 33
133 64
133 68
133 78
133 85
133 93
133 97
133 134
133 141
133 154
134 15
134 23
134 25
134 27
134 39
134 66
134 68
134 104
134 112
134 116
134 126
134 128
134 140
134 144
134 146
134 152
135 0
135 2
135 5
135 18
135 23
135 32
135 44
135 51
135 55
135 57
135 63
135 73
135 84
135 92
135 98
135 113
135 116
135 128
135 129
135 141
135 146
136 29
136 53
136 57
136 58
136 60
136 71
136 128
136 130
136 146
136 151
136 155
137 4
137 28
137 44
137 46
137 59
137 69
137 78
137 90
137 95
137 120
137 121
137 131
137 135
138 2
138 15
138 43
138 63
138 78
138 80
138 91
138 101
138 105
138 108
138 116
138 128
138 133
138 145
139 3
139 8
139 11
139 12
139 14
139 22
139 32
139 34
139 61
139 62
139 66
139 70
139 73
139 74
139 77
139 84
139 92
139 93
139 95
139 103
139 104
139 105
139 109
139 116
139 126
139 142
139 149
140 4
140 5
140 9
140 36
140 39
140 44
140 57
140 65
140 69
140 74
140 82
140 120
140 124
140 133
140 147
141 4
141 9
141 30
141 38
141 42
141 60
141 62
141 76
141 84
141 87
141 94
141 129
141 154
142 1
142 3
142 4
142 12
142 20
142 25
142 38
142 59
142 72
142 74
142 76
142 88
142 103
142 105
142 110
142 111
142 114
142 151
142 153
142 157
143 20
143 27
143 35
143 44
143 47
143 50
143 58
143 59
143 63
143 78
143 88
143 99
143 102
143 104
143 109
143 130
143 144
144 4
144 26
144 31
144 35
144 36
144 37
144 40
144 62
144 63
144 94
144 101
144 105
144 116
144 128
144 130
144 137
144 142
144 150
144 156
145 4
145 13
145 24
145 44
145 46
145 61
145 90
145 95
145 99
145 124
145 144
145 146
146 10
146 15
146 38
146 73
146 82
146 88
146 94
146 103
146 104
146 124
146 137
146 139
146 143
146 154
147 8
147 19
147 22
147 26
147 75
147 110
147 123
147 127
147 130
147 134
147 144
147 154
148 20
148 22
148 24
148 32
148 48
148 55
148 61
148 68
148 72
148 74
148 80
148 92
148 100
148 108
148 115
148 122
148 134
148 142
148 143
149 1
149 2
149 14
149 21
149 38
149 49
149 55
149 57
149 66
149 67
149 82
149 94
149 100
149 102
149 119
149 125
149 126
149 138
149 143
150 7
150 9
150 11
150 29
150 34
150 43
150 45
150 46
150 62
150 64
150 68
150 79
150 82
150 101
150 102
150 103
150 117
150 124
150 125
150 136
150 139
150 151
151 13
151 27
151 29
151 44
151 50
151 51
151 67
151 97
151 98
151 100
151 125
151 130
151 137
151 138
151 140
151 154
151 156
151 159
152 3
152 6
152 9
152 16
152 28
152 30
152 48
152 49
152 51
152 55
152 58
152 64
152 73
152 82
152 97
152 101
152 111
152 122
152 124
152 139
152 150
153 3
153 15
153 30
153 38
153 56
153 59
153 72
153 87
153 88
153 92
153 97
153 102
153 122
153 146
153 157
153 159
154 0
154 9
154 15
154 16
154 18
154 25
154 36
154 74
154 79
154 103
154 106
154 111
154 114
154 119
154 130
154 131
154 142
154 143
155 9
155 16
155 18
155 39
155 40
155 53
155 110
155 120
155 121
155 137
155 148
155 159
156 6
156 9
156 23
156 25
156 28
156 30
156 34
156 42
156 50
156 59
156 64
156 74
156 80
156 81
156 82
156 84
156 97
156 99
156 119
156 136
156 137
156 154
156 159
157 18
157 35
157 39
157 51
157 68
157 82
157 85
157 87
157 94
157 109
157 158
158 4
158 14
158 39
158 40
158 41
158 45
158 53
158 57
158 58
158 59
158 71
158 77
158 84
158 87
158 88
158 93
158 117
158 120
158 133
158 148
158 150
159 1
159 18
159 24
159 32
159 34
159 36
159 39
159 46
159 48
159 63
159 71
159 73
159 101
159 110
159 112
159 136
159 137
159 139
0 1 2 3 4 5 6 7 8 9 10 11 12 13 14 15 16 17 18 19 20 21 22 23
