160 812 24
0 1
0 43
0 59
0 60
0 63
0 83
0 89
0 94
0 111
1 17
1 42
1 46
1 51
1 53
1 59
1 136
2 26
2 29
2 38
2 48
2 53
2 81
2 126
3 17
3 70
3 112
3 113
4 90
4 119
4 125
5 11
5 58
5 92
5 156
6 8
6 32
6 38
6 69
6 115
6 154
7 54
7 77
7 80
7 132
7 146
8 12
8 25
8 29
8 55
8 70
8 126
8 155
9 1
9 7
9 13
9 31
9 140
10 2
10 56
10 112
10 127
11 4
11 68
11 78
11 106
11 132
11 157
12 99
12 130
12 144
13 93
13 118
13 139
13 144
14 10
14 17
14 87
15 22
15 50
15 53
16 59
16 89
16 123
16 135
17 25
17 52
17 57
17 75
17 84
17 98
17 99
17 104
18 11
18 75
18 88
18 100
18 117
18 135
18 140
19 25
19 32
19 45
19 94
19 123
19 134
19 142
19 143
19 144
20 6
20 9
20 11
20 62
20 76
20 98
20 118
21 6
21 9
21 158
22 57
22 58
22 89
22 105
23 45
23 74
23 138
24 10
24 117
25 31
25 63
25 77
25 100
26 16
26 21
26 33
26 45
26 57
26 73
26 99
26 134
27 55
27 57
27 95
27 155
28 45
28 80
28 103
29 18
29 128
29 148
30 10
30 18
30 89
30 147
31 19
31 87
32 35
32 62
32 87
32 98
32 132
33 2
33 124
33 129
33 135
33 141
33 143
33 150
34 5
34 6
34 20
34 35
34 61
34 90
34 104
34 114
34 120
34 124
34 146
34 159
35 81
35 86
35 111
35 115
35 126
35 127
36 15
36 17
36 43
36 52
36 53
36 60
36 92
36 97
36 106
36 112
36 114
36 155
37 13
37 20
38 10
38 22
38 37
38 74
38 90
38 102
38 148
38 150
39 16
39 28
39 37
39 41
39 62
39 134
40 4
40 52
40 55
41 16
41 60
41 94
41 99
42 5
42 6
42 12
42 15
42 92
43 40
43 47
43 64
43 66
43 70
43 116
43 120
44 67
44 101
44 103
44 124
45 55
45 82
45 102
45 109
46 24
46 44
46 133
46 139
46 149
47 50
47 125
47 147
48 16
48 36
48 44
48 96
48 114
48 156
49 10
49 11
49 79
49 130
50 9
50 11
50 31
50 41
50 84
50 145
51 33
51 98
51 130
51 148
52 22
52 27
52 76
53 0
53 14
53 136
54 15
54 36
54 49
54 128
55 18
55 41
55 57
55 95
56 21
56 43
56 115
56 130
57 25
57 39
57 65
57 70
57 151
58 39
58 83
58 109
58 142
59 19
59 39
59 44
59 62
59 89
59 90
59 108
59 114
59 158
60 46
60 62
60 97
60 99
60 130
61 0
61 5
61 8
61 33
61 77
61 80
61 110
61 112
61 159
62 17
62 41
62 52
62 73
62 74
62 115
62 127
63 1
63 3
63 38
63 39
63 87
63 126
64 35
64 74
64 77
64 82
64 95
64 96
64 109
64 150
64 152
65 8
65 43
65 48
65 126
65 149
66 6
66 18
66 21
66 34
66 73
66 96
66 108
66 158
67 49
67 97
68 23
68 29
68 53
68 75
68 136
68 154
69 7
69 33
69 58
69 59
69 70
70 58
70 74
70 126
70 157
71 21
71 72
71 98
71 128
71 129
71 132
72 7
72 53
72 98
72 116
72 134
73 15
73 92
73 95
73 105
73 112
73 122
73 138
73 139
73 142
73 151
74 28
74 158
75 0
75 6
75 26
75 39
75 149
76 56
76 71
76 132
77 0
77 1
77 118
77 122
77 137
77 138
78 5
78 27
79 36
79 53
79 57
79 106
79 122
79 134
79 154
79 157
80 68
80 107
80 118
80 122
81 20
81 133
82 54
82 55
82 63
82 99
82 113
82 139
82 154
83 44
83 80
83 124
84 0
84 57
84 88
84 101
84 117
84 158
84 159
85 53
85 62
85 80
85 138
85 159
86 13
86 32
86 60
87 41
87 78
87 82
87 96
87 100
87 114
87 115
87 125
88 4
88 41
88 80
89 15
89 151
89 152
90 36
90 45
90 72
90 74
90 91
90 124
90 142
91 47
91 84
91 85
91 96
91 97
91 117
91 130
91 139
91 147
92 47
93 18
93 60
93 69
93 77
93 104
93 155
94 8
94 50
94 60
94 82
95 24
95 30
95 72
95 94
95 98
95 103
95 122
95 137
95 147
96 31
96 38
96 58
96 151
97 1
97 63
97 143
98 10
98 12
98 69
98 83
98 85
98 137
98 138
99 52
99 54
99 57
99 64
99 65
99 75
99 83
99 94
99 149
99 151
100 34
100 40
100 47
100 52
100 61
100 97
100 129
101 3
101 11
101 16
101 57
101 105
101 138
101 141
102 16
102 30
102 34
102 41
102 43
102 101
102 121
102 144
102 148
102 153
103 23
103 37
103 48
103 50
103 74
103 98
103 118
104 45
104 57
104 61
104 67
105 63
105 72
105 77
105 90
105 136
105 151
106 8
106 29
106 66
106 80
106 148
106 152
107 65
107 136
107 151
108 14
108 24
108 69
108 86
108 149
109 4
109 27
109 43
109 86
109 88
109 126
110 68
110 79
110 130
111 28
111 82
111 103
111 153
112 92
112 134
112 151
113 14
113 19
113 25
113 54
113 69
113 103
113 126
114 33
114 57
115 23
115 26
115 47
115 104
115 105
115 125
115 129
116 20
116 32
116 33
116 104
116 112
117 5
117 6
117 22
118 68
118 131
118 135
119 0
119 57
119 58
119 84
119 93
119 98
119 123
120 23
120 49
120 136
121 9
121 11
121 17
121 35
121 42
121 70
121 75
121 86
121 100
121 108
121 136
121 150
121 159
122 13
122 36
122 46
122 61
122 124
123 44
123 77
123 96
123 112
124 0
124 49
125 51
125 124
125 130
126 0
126 32
126 73
126 115
127 42
127 85
127 105
127 114
128 86
128 95
128 155
129 6
129 34
129 96
129 126
129 159
130 17
130 38
130 67
130 107
131 19
131 44
131 84
131 101
131 106
132 48
132 69
132 99
132 106
132 112
132 114
132 134
133 31
133 99
133 104
134 4
134 30
135 26
135 54
135 109
135 123
135 138
136 38
136 81
137 3
137 11
137 47
137 61
137 116
137 126
137 128
137 130
137 152
138 40
138 82
138 102
138 147
138 151
139 64
139 79
139 123
139 130
140 67
140 116
141 2
141 48
141 102
141 114
142 3
142 12
142 18
142 21
142 25
142 150
143 85
143 113
143 118
143 136
144 111
144 141
145 7
145 53
145 56
145 64
145 73
145 85
145 114
145 143
146 11
146 20
146 27
146 58
146 63
146 93
146 117
146 131
147 37
147 57
147 74
147 102
147 131
147 135
148 0
148 14
148 15
148 77
149 119
150 13
150 50
151 0
151 1
151 21
151 145
152 43
152 55
152 60
152 80
152 100
153 18
153 21
153 109
153 121
153 135
154 119
155 18
155 28
155 42
155 144
156 4
156 23
156 43
156 96
156 117
156 127
156 128
156 130
156 137
156 139
156 143
157 30
157 87
157 93
157 122
157 129
157 131
157 136
157 147
157 159
158 1
158 5
158 47
158 139
158 142
159 87
159 117
0 1 2 3 4 5 6 7 8 9 10 11 12 13 14 15 16 17 18 19 20 21 22 23
