160 973 12
0 10
0 13
0 31
0 36
0 44
0 58
0 75
0 88
0 98
0 109
0 111
0 122
1 6
2 70
2 77
2 80
2 90
2 92
2 98
2 124
3 44
3 53
3 92
3 103
3 112
3 135
3 138
3 144
3 152
4 28
4 56
4 83
5 32
5 76
5 86
5 116
5 145
6 1
6 5
6 24
6 31
6 44
6 94
6 101
6 125
6 148
6 155
6 158
7 69
7 77
7 106
8 22
8 24
8 49
8 74
8 79
8 105
8 138
8 152
9 45
9 77
9 83
9 84
9 122
10 0
10 38
10 40
10 73
11 129
11 136
12 36
12 60
12 123
12 130
12 143
13 44
13 84
13 108
13 123
14 1
14 31
14 36
14 52
14 100
14 112
14 123
14 134
14 141
15 106
15 109
16 2
16 10
16 87
16 110
16 144
17 42
17 77
18 5
18 41
18 75
18 110
19 44
19 52
19 81
19 114
19 147
19 154
20 17
20 27
20 35
20 45
20 77
20 114
20 120
20 142
20 143
21 8
21 13
21 14
21 108
21 122
21 144
22 8
22 29
22 30
22 33
22 46
22 111
22 117
22 118
22 127
22 144
23 54
23 60
23 87
23 99
23 105
23 120
23 134
23 150
24 6
24 15
24 62
24 107
25 30
25 45
25 65
25 68
25 73
25 74
25 100
25 118
25 148
25 154
26 18
26 66
26 109
26 125
26 140
27 48
27 56
27 88
27 128
27 130
27 137
28 4
28 42
28 54
28 146
28 152
28 159
29 9
29 33
29 35
29 72
29 89
29 101
29 104
29 138
30 35
30 69
30 97
30 154
31 0
31 3
31 14
31 24
31 49
31 57
31 65
31 67
31 82
31 102
31 107
31 127
31 157
32 38
32 98
32 105
32 127
32 148
32 150
32 153
32 158
33 47
33 63
33 68
33 96
33 111
33 132
33 143
33 150
34 36
34 55
34 65
34 75
34 117
34 151
35 7
35 29
35 56
35 59
35 92
35 108
35 159
36 14
36 88
36 94
36 115
36 119
36 133
36 155
37 106
37 107
37 159
38 2
38 3
38 14
38 31
38 32
38 52
38 64
38 117
38 129
39 3
39 5
39 68
39 79
39 83
39 84
39 110
39 112
40 10
40 16
40 26
40 47
40 52
40 152
41 6
41 10
41 18
41 94
42 17
42 29
42 31
42 46
42 57
42 74
42 85
42 142
42 153
43 21
43 74
43 120
43 154
44 3
44 13
44 89
44 127
44 139
45 9
45 25
45 52
45 70
45 97
45 117
45 128
45 152
46 0
46 25
46 37
46 80
46 101
46 110
46 121
46 135
47 40
47 100
47 125
48 27
48 56
48 78
48 93
48 109
48 137
49 16
49 17
49 23
49 48
49 82
49 88
50 86
50 102
51 8
51 26
51 34
51 82
51 86
51 103
52 28
52 38
52 120
53 32
53 85
53 121
53 142
54 9
54 11
54 18
54 42
54 98
54 104
54 121
54 133
54 136
57 31
57 42
57 56
57 61
57 151
58 0
58 46
58 84
58 150
59 35
59 50
59 52
59 70
59 130
59 133
59 140
59 148
60 3
60 12
60 22
60 68
60 120
61 7
61 22
61 96
61 101
61 106
61 128
61 131
62 38
62 39
62 96
62 121
63 14
63 33
63 109
63 149
64 40
64 48
64 62
64 68
64 91
64 92
64 113
64 134
64 151
64 155
65 31
65 34
65 37
65 40
65 75
65 85
65 96
65 122
65 133
65 146
66 26
66 47
66 74
66 136
66 139
66 151
66 157
67 52
67 87
67 98
67 104
67 148
67 155
68 33
68 39
68 52
68 84
68 111
69 35
69 58
69 59
69 139
69 159
70 79
70 86
71 36
71 133
72 11
72 79
72 86
72 106
72 128
72 145
73 18
73 33
73 99
73 117
73 120
73 121
73 134
73 138
73 156
73 157
74 42
74 54
74 65
74 66
74 88
74 127
74 130
74 148
75 0
75 133
75 134
75 150
76 22
76 89
76 149
77 2
77 7
77 9
77 17
77 21
77 27
77 53
77 55
77 89
77 90
77 151
78 43
78 89
79 24
79 32
79 39
79 83
79 85
79 98
79 139
79 152
80 0
80 12
80 30
80 96
80 114
80 120
81 37
81 45
81 57
81 63
81 102
81 103
81 111
81 149
82 49
82 51
83 11
83 39
83 48
83 85
83 104
83 112
83 149
84 13
84 36
84 44
84 75
84 77
84 85
84 111
84 117
84 128
84 149
84 157
85 14
85 27
85 44
85 48
85 53
85 72
85 114
85 121
85 123
85 130
85 147
86 12
86 37
86 57
86 70
86 72
86 105
86 110
86 134
86 148
86 154
87 67
87 111
87 118
87 123
87 133
88 29
88 64
88 68
88 74
88 105
89 4
89 44
89 46
89 47
89 147
90 47
90 68
90 99
90 101
90 114
90 119
90 143
90 158
91 6
91 25
91 50
91 64
91 100
91 122
91 129
91 145
92 3
92 29
92 31
92 35
92 103
92 110
92 112
92 120
93 58
93 62
93 102
93 111
94 33
94 141
94 156
94 157
95 81
95 101
95 124
95 141
95 147
96 33
96 135
96 157
97 24
97 30
97 45
97 108
97 135
97 141
98 0
98 19
98 26
98 45
98 46
98 79
98 86
98 106
98 128
99 124
99 131
99 140
100 4
100 91
100 102
100 118
100 133
101 2
101 6
101 30
101 68
101 83
101 90
101 95
101 111
101 151
102 5
102 16
102 37
102 51
102 100
102 107
102 133
103 98
103 150
104 47
104 113
104 115
104 127
104 142
104 156
105 8
105 23
105 24
105 28
105 39
105 43
106 29
106 72
106 87
106 99
106 124
106 144
107 13
107 15
107 24
107 37
107 64
107 71
107 84
107 105
107 127
107 144
108 2
108 5
108 21
108 97
109 12
109 16
109 31
109 48
109 63
109 80
110 12
110 23
110 86
110 92
110 103
110 109
110 111
110 133
111 0
111 28
111 48
111 59
111 76
111 84
111 93
111 101
111 129
112 29
112 83
112 89
113 39
113 51
113 144
113 157
114 19
114 24
114 53
114 56
114 85
114 90
114 92
114 154
115 2
115 10
115 24
115 89
115 104
115 107
115 120
115 145
116 22
117 5
117 10
117 25
117 70
117 97
117 103
117 118
117 143
117 152
118 22
118 24
118 42
118 77
118 86
118 87
118 117
119 6
119 51
119 85
119 124
120 15
120 20
120 44
120 52
120 92
121 46
121 54
121 80
121 85
121 144
122 0
122 21
122 31
122 65
122 152
122 159
123 13
123 14
123 24
123 25
123 116
124 99
124 103
124 119
125 22
125 61
125 89
125 99
125 112
125 127
126 55
126 157
127 0
127 44
127 80
127 104
127 125
127 126
127 151
128 22
128 70
128 73
128 79
128 143
129 91
129 102
129 133
129 135
129 137
129 142
130 5
130 27
130 29
130 56
130 99
130 102
131 38
131 145
132 33
132 60
132 69
132 123
133 26
133 71
133 73
133 75
133 100
133 110
133 129
134 29
134 64
134 65
134 67
134 68
134 76
134 81
134 82
134 142
135 37
135 46
135 117
135 148
135 153
135 157
136 11
136 18
136 56
136 60
136 66
136 68
136 73
136 137
137 4
137 53
137 85
137 101
137 134
137 136
137 157
138 34
138 45
138 60
138 93
138 100
138 103
138 129
138 147
138 154
139 36
139 44
139 82
139 100
139 111
139 130
140 50
140 77
140 82
140 99
140 126
141 3
141 9
141 12
141 23
141 25
141 52
141 95
141 138
141 157
142 20
142 53
142 76
142 97
142 129
142 150
142 152
143 20
143 44
143 47
143 86
143 90
143 128
143 139
143 142
144 3
144 7
144 16
144 33
144 53
144 113
144 121
144 131
144 137
144 138
144 153
145 6
145 40
145 49
145 72
145 91
145 93
145 115
145 120
145 158
146 78
146 134
146 141
147 5
147 42
147 55
147 85
147 89
147 95
147 122
148 18
148 25
148 39
148 67
148 86
148 135
148 141
148 153
149 6
149 63
149 84
149 95
149 96
149 109
149 150
150 27
150 79
150 116
150 149
151 3
151 38
151 56
151 64
151 66
152 3
152 6
152 8
152 28
152 65
152 66
152 117
152 121
152 147
153 32
153 35
153 52
153 62
153 80
153 131
153 133
153 144
153 148
154 1
154 8
154 19
154 25
154 31
154 48
154 86
154 96
154 159
155 21
155 75
155 121
155 149
156 46
156 51
156 76
156 104
156 132
156 151
156 157
157 6
157 31
157 39
157 66
157 135
157 137
157 145
157 156
158 52
159 28
159 35
159 41
159 48
159 102
159 140
159 144
159 154
0 1 2 3 4 5 6 7 8 9 10 11
