160 2544 7
0 3
0 6
0 23
0 24
0 36
0 56
0 73
0 76
0 88
0 118
0 122
0 128
0 136
0 139
0 141
1 24
1 42
1 44
1 49
1 54
1 56
1 58
1 60
1 63
1 70
1 91
1 98
1 127
1 138
1 140
1 146
1 157
2 23
2 34
2 62
2 91
2 107
2 120
2 128
2 144
2 150
2 154
2 156
2 157
3 12
3 14
3 16
3 20
3 27
3 37
3 51
3 53
3 60
3 81
3 99
3 150
4 7
4 20
4 69
4 70
4 74
4 93
4 108
4 118
4 125
4 140
5 11
5 19
5 33
5 39
5 47
5 56
5 72
5 82
5 83
5 118
5 120
5 149
5 156
6 8
6 23
6 27
6 36
6 39
6 42
6 46
6 47
6 75
6 77
6 102
6 107
6 114
6 116
6 136
6 142
6 154
7 2
7 17
7 23
7 36
7 48
7 57
7 82
7 91
7 92
7 103
7 123
7 158
8 20
8 36
8 47
8 55
8 61
8 65
8 84
8 128
8 129
8 135
8 144
8 147
8 151
8 158
9 1
9 8
9 12
9 15
9 26
9 30
9 38
9 43
9 55
9 62
9 69
9 77
9 79
9 95
9 100
9 101
9 121
9 140
9 144
9 145
9 157
10 3
10 16
10 26
10 56
10 59
10 60
10 61
10 63
10 65
10 68
10 75
10 80
10 98
10 100
10 105
10 123
10 128
10 140
10 148
10 155
11 0
11 16
11 17
11 36
11 51
11 55
11 72
11 77
11 80
11 106
11 108
11 115
11 116
11 127
11 131
11 151
12 16
12 26
12 41
12 50
12 51
12 71
12 77
12 81
12 86
12 102
12 124
12 139
12 142
12 154
12 157
13 2
13 18
13 21
13 40
13 43
13 64
13 77
13 86
13 106
13 110
13 116
13 131
13 136
13 146
13 149
13 151
13 154
14 21
14 34
14 45
14 54
14 60
14 84
14 98
14 102
14 117
14 128
14 138
14 150
14 153
15 1
15 14
15 78
15 100
15 109
15 121
15 131
15 141
15 150
15 153
16 14
16 15
16 46
16 72
16 77
16 84
16 93
16 117
16 122
16 126
16 131
16 138
16 139
16 147
16 151
16 153
17 19
17 23
17 65
17 71
17 82
17 86
17 90
17 97
17 99
17 110
17 134
17 144
17 157
18 12
18 14
18 25
18 27
18 37
18 44
18 54
18 58
18 78
18 82
18 89
18 94
18 110
18 113
18 122
18 139
18 153
19 7
19 8
19 10
19 20
19 30
19 61
19 65
19 68
19 77
19 82
19 91
19 93
19 109
19 122
19 132
19 138
19 147
19 148
19 149
19 155
19 157
20 6
20 9
20 42
20 43
20 57
20 67
20 90
20 100
20 101
20 122
20 124
20 137
20 143
21 15
21 25
21 32
21 38
21 51
21 52
21 69
21 72
21 73
21 82
21 102
21 123
21 127
21 140
21 156
21 157
22 5
22 16
22 24
22 30
22 40
22 44
22 60
22 66
22 88
22 89
22 95
22 111
22 118
22 138
22 142
22 154
23 16
23 21
23 24
23 35
23 44
23 47
23 48
23 49
23 50
23 64
23 69
23 94
23 106
23 112
23 135
23 137
23 141
23 153
24 26
24 40
24 42
24 58
24 59
24 64
24 74
24 79
24 81
24 97
24 104
24 109
24 113
24 123
24 149
25 7
25 10
25 11
25 27
25 42
25 47
25 51
25 55
25 58
25 66
25 88
25 115
25 140
25 150
25 152
26 50
26 64
26 93
26 95
26 115
26 136
26 142
26 148
26 151
26 153
27 9
27 21
27 41
27 61
27 80
27 105
27 112
27 134
27 139
27 150
28 25
28 27
28 32
28 69
28 72
28 74
28 87
28 99
28 110
28 113
28 120
28 122
28 124
28 126
28 130
28 137
28 139
28 147
29 3
29 12
29 46
29 58
29 61
29 72
29 74
29 83
29 107
29 110
29 114
29 126
29 159
30 0
30 2
30 10
30 60
30 95
30 96
30 97
30 105
30 123
30 132
30 137
30 146
30 158
31 4
31 9
31 19
31 38
31 47
31 67
31 68
31 85
31 86
31 88
31 89
31 92
31 123
31 128
31 138
31 151
32 13
32 14
32 19
32 24
32 34
32 46
32 60
32 76
32 95
32 115
32 132
32 134
33 1
33 16
33 37
33 58
33 65
33 68
33 80
33 82
33 92
33 94
33 95
33 109
33 134
33 153
34 6
34 17
34 22
34 24
34 26
34 27
34 31
34 46
34 49
34 69
34 80
34 87
34 100
34 103
34 104
34 120
34 129
34 150
35 3
35 9
35 16
35 28
35 32
35 34
35 51
35 57
35 72
35 74
35 81
35 92
35 98
35 113
35 128
35 130
35 143
36 10
36 26
36 28
36 31
36 34
36 43
36 58
36 59
36 97
36 101
36 107
36 118
36 149
36 150
37 12
37 14
37 25
37 29
37 46
37 49
37 66
37 70
37 127
37 128
37 132
37 138
38 1
38 16
38 22
38 26
38 28
38 32
38 47
38 90
38 123
38 133
38 139
38 143
38 153
39 13
39 18
39 29
39 33
39 64
39 68
39 70
39 100
39 106
39 159
40 1
40 26
40 35
40 37
40 53
40 75
40 87
40 91
40 93
40 97
40 140
40 145
40 149
40 153
41 10
41 20
41 33
41 37
41 42
41 47
41 55
41 59
41 72
41 73
41 81
41 82
41 84
41 87
41 89
41 95
41 124
41 129
41 131
41 145
42 3
42 16
42 30
42 36
42 38
42 54
42 62
42 96
42 97
42 125
42 129
42 141
42 144
42 148
42 154
43 10
43 14
43 16
43 24
43 30
43 83
43 84
43 98
43 99
43 116
43 126
43 127
43 146
43 151
43 152
43 155
43 157
44 31
44 36
44 46
44 48
44 59
44 69
44 75
44 80
44 98
44 100
44 116
44 120
44 125
44 138
44 148
44 149
44 156
44 157
45 1
45 5
45 15
45 22
45 34
45 36
45 42
45 69
45 76
45 79
45 81
45 98
45 99
45 101
45 105
45 107
45 121
45 125
45 127
45 128
45 131
45 158
46 0
46 10
46 38
46 43
46 52
46 57
46 65
46 68
46 72
46 90
46 100
46 116
46 121
46 130
46 141
46 145
46 146
46 148
47 3
47 18
47 60
47 63
47 65
47 80
47 89
47 91
47 97
47 98
47 102
47 118
47 119
47 121
47 127
47 141
47 153
48 14
48 35
48 43
48 57
48 58
48 66
48 77
48 78
48 80
48 83
48 88
48 93
48 108
48 111
48 124
48 133
48 139
48 147
49 13
49 18
49 27
49 48
49 62
49 91
49 92
49 106
49 122
49 128
49 138
50 19
50 21
50 25
50 27
50 37
50 47
50 51
50 52
50 76
50 83
50 88
50 93
50 111
50 115
50 118
50 140
50 141
51 19
51 24
51 53
51 54
51 78
51 84
51 113
51 119
51 138
51 144
51 146
52 0
52 5
52 33
52 45
52 79
52 84
52 93
52 98
52 114
52 121
52 125
52 158
53 4
53 48
53 60
53 65
53 70
53 71
53 75
53 76
53 92
53 93
53 106
53 113
53 119
53 125
53 126
53 135
53 136
53 144
53 152
53 153
54 9
54 13
54 21
54 22
54 27
54 34
54 39
54 46
54 47
54 49
54 52
54 57
54 58
54 80
54 111
54 123
54 146
54 149
55 6
55 13
55 14
55 27
55 28
55 38
55 40
55 46
55 52
55 57
55 66
55 67
55 101
55 105
55 106
55 108
55 131
56 6
56 14
56 16
56 21
56 38
56 39
56 42
56 48
56 49
56 60
56 64
56 68
56 91
56 97
56 113
56 138
57 17
57 21
57 25
57 40
57 69
57 72
57 74
57 95
57 102
57 115
57 121
57 123
57 126
57 157
58 2
58 8
58 11
58 22
58 30
58 43
58 60
58 73
58 84
58 131
58 133
58 134
58 135
58 145
59 5
59 9
59 19
59 26
59 28
59 43
59 66
59 70
59 73
59 81
59 82
59 102
59 112
59 114
59 122
59 123
59 138
59 148
59 154
60 9
60 13
60 18
60 34
60 45
60 65
60 76
60 79
60 81
60 86
60 90
60 94
60 97
60 114
60 127
61 20
61 22
61 35
61 36
61 37
61 55
61 58
61 65
61 67
61 80
61 107
61 109
61 110
61 133
61 139
61 157
62 1
62 8
62 22
62 27
62 31
62 63
62 64
62 65
62 68
62 78
62 81
62 84
62 97
62 100
62 105
62 113
62 115
62 134
63 4
63 13
63 24
63 28
63 38
63 44
63 51
63 57
63 86
63 93
63 108
63 120
63 135
63 152
64 2
64 19
64 46
64 54
64 61
64 82
64 99
64 111
64 121
64 127
64 130
64 134
64 152
65 0
65 4
65 9
65 23
65 29
65 36
65 39
65 41
65 42
65 43
65 51
65 58
65 71
65 79
65 106
65 121
65 135
66 1
66 36
66 45
66 56
66 89
66 94
66 112
66 113
66 118
66 137
66 154
67 3
67 5
67 21
67 24
67 37
67 57
67 59
67 69
67 80
67 89
67 91
67 93
67 147
67 151
67 155
67 159
68 3
68 5
68 6
68 12
68 22
68 40
68 47
68 48
68 83
68 88
68 91
68 97
68 98
68 114
68 129
68 137
68 139
68 149
69 6
69 12
69 24
69 30
69 40
69 48
69 58
69 72
69 74
69 78
69 83
69 85
69 95
69 111
69 115
69 118
69 123
69 127
69 135
70 12
70 15
70 22
70 26
70 32
70 44
70 47
70 74
70 78
70 80
70 96
70 102
70 109
70 118
70 120
70 126
70 156
71 4
71 16
71 20
71 29
71 35
71 50
71 52
71 59
71 68
71 72
71 93
71 105
71 118
71 119
71 121
71 136
71 141
71 146
71 148
71 154
72 6
72 8
72 12
72 13
72 58
72 82
72 88
72 98
72 111
72 120
72 137
72 150
72 152
73 6
73 14
73 35
73 38
73 42
73 56
73 62
73 65
73 76
73 85
73 98
73 103
73 104
73 126
73 135
73 138
73 141
73 153
73 156
73 158
74 5
74 12
74 23
74 26
74 40
74 58
74 62
74 67
74 79
74 96
74 100
74 105
74 116
74 123
74 128
74 129
74 140
74 142
74 151
74 158
75 9
75 15
75 26
75 27
75 50
75 51
75 60
75 64
75 92
75 98
75 104
75 109
75 116
75 119
75 125
75 150
75 151
75 158
75 159
76 2
76 10
76 16
76 17
76 24
76 31
76 33
76 46
76 71
76 132
76 144
76 145
77 4
77 5
77 18
77 26
77 32
77 36
77 41
77 50
77 61
77 84
77 90
77 94
77 102
77 105
77 106
77 133
77 140
77 146
77 147
77 148
77 149
78 28
78 33
78 57
78 71
78 126
78 129
78 135
78 151
79 8
79 11
79 12
79 15
79 33
79 39
79 41
79 46
79 56
79 57
79 69
79 76
79 77
79 111
79 124
79 136
79 137
79 145
79 155
80 9
80 21
80 22
80 42
80 49
80 50
80 60
80 62
80 75
80 88
80 91
80 128
80 130
80 143
80 147
81 1
81 9
81 17
81 19
81 20
81 25
81 26
81 38
81 65
81 68
81 114
81 120
81 133
81 136
81 138
81 154
82 14
82 38
82 39
82 40
82 50
82 51
82 60
82 63
82 73
82 76
82 79
82 86
82 97
82 113
82 125
82 128
82 159
83 8
83 10
83 16
83 27
83 31
83 40
83 60
83 70
83 72
83 85
83 88
83 103
83 105
83 106
83 119
83 128
83 131
84 3
84 9
84 21
84 22
84 27
84 33
84 50
84 74
84 78
84 88
84 92
84 112
85 5
85 25
85 27
85 28
85 32
85 47
85 58
85 60
85 72
85 91
85 111
85 116
85 119
85 120
85 121
85 122
85 140
85 147
85 156
86 5
86 7
86 21
86 28
86 32
86 35
86 49
86 50
86 54
86 72
86 76
86 92
86 99
86 111
86 137
86 144
86 146
86 151
86 152
87 12
87 32
87 48
87 58
87 96
87 116
87 118
87 135
87 136
87 144
87 151
87 157
88 3
88 15
88 20
88 27
88 38
88 49
88 51
88 67
88 77
88 86
88 96
88 97
88 98
88 100
88 117
88 135
88 139
88 141
88 143
89 39
89 48
89 64
89 69
89 73
89 83
89 90
89 104
89 107
89 118
89 127
89 128
89 141
90 5
90 7
90 11
90 33
90 36
90 73
90 87
90 107
90 118
90 126
90 127
90 128
90 129
90 131
90 136
90 147
91 12
91 17
91 31
91 45
91 53
91 59
91 82
91 87
91 102
91 119
91 120
91 134
91 153
92 9
92 16
92 23
92 40
92 70
92 80
92 88
92 103
92 113
92 115
92 120
92 137
92 140
93 2
93 5
93 10
93 15
93 27
93 43
93 58
93 65
93 72
93 75
93 76
93 78
93 90
93 104
93 107
93 117
93 128
93 144
93 150
93 157
94 8
94 12
94 32
94 34
94 48
94 53
94 64
94 85
94 90
94 102
94 106
94 110
94 129
94 155
95 5
95 8
95 15
95 20
95 28
95 54
95 60
95 61
95 66
95 72
95 82
95 109
95 114
95 122
95 124
95 126
95 127
95 131
95 142
95 149
95 159
96 7
96 14
96 34
96 38
96 43
96 47
96 48
96 52
96 64
96 65
96 66
96 93
96 94
96 101
96 123
96 137
96 156
97 12
97 13
97 14
97 21
97 23
97 32
97 34
97 63
97 86
97 93
97 104
97 105
97 127
97 132
97 136
97 140
97 154
98 6
98 20
98 23
98 46
98 57
98 60
98 61
98 77
98 86
98 89
98 95
98 112
98 113
98 115
98 119
98 146
98 147
98 154
98 159
99 4
99 29
99 35
99 56
99 75
99 76
99 77
99 88
99 95
99 104
99 105
99 107
99 122
99 144
100 0
100 4
100 17
100 31
100 66
100 73
100 78
100 80
100 90
100 97
100 106
100 117
100 140
100 149
101 15
101 24
101 34
101 39
101 40
101 44
101 54
101 70
101 89
101 113
101 122
101 124
101 142
101 152
101 159
102 5
102 38
102 52
102 76
102 87
102 98
102 106
102 114
102 116
102 120
102 139
102 148
103 1
103 24
103 42
103 43
103 59
103 61
103 75
103 81
103 98
103 99
103 116
103 121
103 125
103 128
103 133
103 145
103 146
103 151
103 156
104 5
104 9
104 11
104 12
104 27
104 40
104 42
104 78
104 79
104 81
104 84
104 86
104 88
104 92
104 106
104 107
104 114
104 125
104 127
104 140
104 146
104 155
104 156
105 0
105 3
105 23
105 24
105 31
105 35
105 40
105 56
105 57
105 58
105 66
105 80
105 82
105 85
105 93
105 116
105 121
105 143
105 154
106 7
106 12
106 16
106 18
106 29
106 36
106 38
106 43
106 54
106 61
106 88
106 89
106 105
106 107
106 115
106 135
107 1
107 3
107 14
107 65
107 67
107 78
107 97
107 133
107 134
107 141
107 150
107 152
108 9
108 25
108 34
108 38
108 50
108 54
108 65
108 71
108 77
108 93
108 106
108 122
108 132
108 134
108 140
108 148
108 149
109 13
109 60
109 65
109 69
109 89
109 96
109 115
109 127
109 128
109 133
109 137
109 145
109 149
110 0
110 5
110 14
110 30
110 56
110 64
110 65
110 68
110 69
110 71
110 82
110 91
110 109
110 123
110 138
110 139
110 140
110 142
110 145
110 148
110 156
111 1
111 26
111 39
111 46
111 57
111 58
111 75
111 98
111 110
111 121
111 125
111 130
111 152
111 158
112 0
112 20
112 21
112 33
112 46
112 49
112 57
112 60
112 65
112 72
112 75
112 88
112 93
112 94
112 99
112 119
112 121
112 131
112 137
112 156
113 4
113 19
113 74
113 84
113 96
113 108
113 158
114 2
114 4
114 20
114 30
114 31
114 33
114 34
114 48
114 66
114 75
114 76
114 78
114 87
114 89
114 97
114 120
114 135
114 149
114 150
115 28
115 33
115 37
115 64
115 81
115 87
115 100
115 102
115 108
115 114
115 117
115 122
115 124
115 131
115 135
115 146
116 0
116 1
116 25
116 29
116 30
116 38
116 53
116 66
116 77
116 78
116 94
116 104
116 108
116 114
116 117
116 121
116 128
116 136
116 137
116 139
116 140
116 147
116 153
117 0
117 48
117 49
117 50
117 51
117 61
117 62
117 73
117 79
117 95
117 104
117 119
117 134
118 8
118 17
118 48
118 49
118 56
118 58
118 67
118 93
118 101
118 109
118 114
118 117
118 126
118 127
118 130
118 135
118 147
119 2
119 6
119 8
119 14
119 15
119 17
119 22
119 28
119 36
119 56
119 63
119 74
119 125
119 133
119 147
120 9
120 19
120 35
120 45
120 49
120 66
120 74
120 95
120 103
120 104
120 111
120 128
120 149
120 154
121 24
121 29
121 41
121 42
121 43
121 98
121 108
121 113
121 123
121 125
121 130
121 149
121 150
121 153
122 6
122 24
122 60
122 64
122 75
122 79
122 89
122 90
122 92
122 93
122 105
122 127
122 135
122 143
122 158
123 1
123 12
123 36
123 39
123 45
123 68
123 77
123 103
123 109
123 112
123 114
123 116
123 135
123 139
123 149
124 15
124 19
124 35
124 46
124 49
124 77
124 80
124 88
124 94
124 100
124 113
124 123
124 133
124 137
124 140
124 145
124 148
125 5
125 7
125 13
125 21
125 27
125 29
125 36
125 47
125 49
125 60
125 64
125 66
125 68
125 71
125 80
125 85
125 112
125 122
125 123
125 126
125 137
125 144
126 2
126 10
126 18
126 27
126 44
126 45
126 46
126 50
126 61
126 80
126 106
126 114
126 119
126 132
126 135
126 136
126 142
127 15
127 24
127 35
127 53
127 57
127 59
127 74
127 88
127 99
127 111
127 117
127 120
127 140
127 145
127 149
127 150
128 29
128 46
128 48
128 63
128 75
128 79
128 105
128 112
128 127
128 144
128 156
129 4
129 7
129 11
129 22
129 25
129 26
129 35
129 36
129 56
129 79
129 96
129 102
129 104
129 135
129 151
129 155
130 7
130 8
130 24
130 26
130 37
130 42
130 45
130 71
130 81
130 84
130 87
130 93
130 95
130 100
130 122
130 126
130 127
130 133
130 156
131 5
131 7
131 18
131 27
131 37
131 42
131 49
131 63
131 78
131 80
131 85
131 93
131 99
131 126
131 130
131 136
131 138
131 142
131 143
131 151
131 157
131 158
132 1
132 9
132 11
132 13
132 24
132 25
132 34
132 43
132 47
132 54
132 63
132 78
132 79
132 84
132 87
132 95
132 104
132 119
132 120
132 121
132 128
132 142
132 156
133 6
133 27
133 36
133 52
133 67
133 75
133 145
133 147
133 157
133 159
134 7
134 30
134 37
134 44
134 48
134 74
134 76
134 81
134 82
134 87
134 124
134 133
134 136
135 7
135 28
135 38
135 57
135 68
135 105
135 109
135 124
135 141
135 150
135 153
135 157
136 7
136 14
136 18
136 20
136 23
136 29
136 35
136 45
136 73
136 74
136 85
136 86
136 88
136 94
136 96
136 102
136 128
136 141
136 145
137 7
137 22
137 44
137 58
137 59
137 84
137 89
137 97
137 98
137 99
137 103
137 113
137 115
137 119
137 130
138 9
138 13
138 27
138 46
138 47
138 66
138 67
138 84
138 88
138 96
138 100
138 103
138 109
138 123
138 130
138 141
138 147
139 2
139 6
139 11
139 30
139 44
139 81
139 90
139 94
139 95
139 96
139 104
139 113
139 118
139 120
139 135
139 149
140 11
140 29
140 31
140 34
140 39
140 52
140 81
140 86
140 90
140 96
140 102
140 103
140 106
140 114
140 117
140 128
140 129
140 138
140 142
140 145
141 9
141 11
141 12
141 13
141 17
141 62
141 65
141 72
141 74
141 94
141 101
141 110
141 113
141 117
141 137
141 149
141 150
142 9
142 15
142 31
142 34
142 40
142 41
142 44
142 45
142 55
142 57
142 63
142 76
142 80
142 92
142 105
142 114
142 123
142 125
142 137
142 154
142 155
143 2
143 4
143 16
143 21
143 28
143 43
143 49
143 63
143 74
143 82
143 83
143 90
143 96
143 111
143 121
143 126
143 127
143 128
143 140
144 1
144 16
144 24
144 36
144 39
144 66
144 70
144 71
144 80
144 81
144 90
144 91
144 100
144 104
144 110
144 113
144 118
144 119
144 123
144 127
144 131
144 138
144 143
145 1
145 2
145 3
145 10
145 44
145 55
145 62
145 66
145 68
145 83
145 86
145 94
145 118
145 119
145 126
145 137
145 138
145 142
145 148
145 151
146 12
146 16
146 55
146 58
146 60
146 64
146 73
146 76
146 79
146 92
146 95
146 120
146 121
146 124
146 129
146 145
146 149
146 158
147 3
147 12
147 18
147 21
147 23
147 24
147 29
147 32
147 36
147 42
147 61
147 66
147 70
147 76
147 99
147 102
147 112
147 122
147 130
147 154
148 3
148 8
148 11
148 18
148 30
148 38
148 51
148 53
148 55
148 75
148 92
148 98
148 116
148 122
148 125
148 141
148 157
149 1
149 8
149 33
149 35
149 37
149 69
149 73
149 98
149 105
149 112
149 126
149 135
150 18
150 26
150 30
150 55
150 66
150 81
150 87
150 105
150 106
150 110
150 111
150 116
150 117
150 125
150 143
150 146
150 153
151 9
151 27
151 29
151 69
151 82
151 93
151 122
151 123
151 127
151 133
151 137
151 139
151 143
151 154
151 157
151 159
152 2
152 12
152 14
152 23
152 31
152 52
152 59
152 60
152 61
152 102
152 106
152 121
152 126
152 134
152 149
152 155
153 0
153 1
153 2
153 25
153 27
153 29
153 44
153 56
153 70
153 76
153 80
153 103
153 108
153 109
153 123
153 127
153 138
153 139
153 149
153 159
154 4
154 32
154 33
154 43
154 46
154 70
154 80
154 92
154 157
155 12
155 37
155 39
155 57
155 63
155 102
155 107
155 111
155 130
155 136
155 148
156 15
156 16
156 20
156 22
156 26
156 36
156 51
156 55
156 74
156 91
156 111
156 114
156 140
156 144
156 153
157 13
157 23
157 28
157 31
157 42
157 54
157 64
157 73
157 76
157 104
157 136
157 159
158 36
158 61
158 66
158 77
158 90
158 91
158 94
158 123
158 128
158 129
158 135
158 137
158 147
159 3
159 6
159 12
159 14
159 21
159 23
159 26
159 27
159 43
159 73
159 76
159 81
159 86
159 89
159 121
159 129
159 132
159 139
159 142
0 1 2 3 4 5 6
