160 366 12
0 9
0 32
0 59
0 78
0 83
0 140
1 16
1 76
1 79
1 85
1 100
2 154
3 2
3 16
3 37
3 89
3 152
4 34
5 2
6 44
7 32
7 139
8 23
8 109
8 123
9 19
9 20
9 35
9 133
10 125
10 150
11 19
11 59
13 40
13 104
14 51
14 101
14 142
15 72
15 88
16 3
16 31
16 79
16 119
18 95
19 106
19 119
20 1
20 111
21 73
21 140
22 23
23 60
23 82
23 100
24 102
24 116
24 128
24 159
25 71
25 117
25 147
26 57
26 127
26 152
27 67
29 85
30 32
30 155
31 15
31 16
31 26
31 41
31 79
32 7
32 105
32 132
32 142
33 31
33 32
33 35
33 127
33 149
34 4
34 102
34 118
35 147
36 18
37 54
37 70
38 54
38 68
39 79
39 156
40 13
41 54
41 74
41 102
41 104
42 23
42 33
42 48
42 94
44 59
44 87
44 91
44 132
45 70
45 118
45 147
46 5
46 97
46 155
46 156
47 124
47 130
48 42
48 75
48 89
48 153
50 32
50 126
51 73
51 86
51 159
52 127
53 6
53 45
53 112
53 119
54 4
54 6
54 9
54 41
54 80
54 118
55 136
55 155
56 15
56 129
56 150
57 26
58 59
58 75
58 96
58 97
59 0
59 11
59 44
59 89
60 23
60 96
60 130
61 69
61 110
62 86
64 132
65 21
65 63
65 124
65 152
66 137
67 12
67 143
68 8
68 28
69 61
70 37
70 45
70 96
70 138
70 142
71 60
74 130
75 48
76 1
76 13
76 35
77 2
77 5
77 30
78 27
79 1
79 16
79 49
79 80
79 87
79 119
79 139
79 155
80 32
80 54
80 110
81 15
81 50
82 38
82 149
83 15
83 95
83 127
83 146
84 24
84 91
84 157
87 30
87 44
87 107
87 108
89 59
89 93
90 65
91 36
91 42
92 119
93 41
93 151
93 152
94 16
94 42
95 18
95 30
95 32
95 138
96 58
96 98
97 56
97 89
99 41
99 75
99 100
99 155
100 1
100 81
100 99
100 105
101 14
101 89
102 34
102 114
103 88
104 106
105 12
105 32
106 104
108 87
108 100
108 149
109 84
110 39
110 78
110 98
110 102
110 152
110 155
111 33
111 98
112 157
113 19
113 41
113 159
114 13
114 29
114 37
114 43
114 121
115 47
115 85
116 19
116 20
117 25
118 156
119 61
119 64
119 69
119 78
119 79
119 117
120 0
120 64
121 19
121 36
121 46
121 65
121 114
122 111
123 22
126 25
126 50
127 1
127 62
127 74
127 141
127 158
128 14
128 53
128 98
129 51
129 141
130 63
130 149
130 157
131 54
132 33
132 40
132 49
132 53
132 125
133 150
134 85
134 122
135 14
135 109
135 149
136 32
136 55
136 57
136 82
137 30
137 141
138 49
138 70
138 119
139 2
139 63
139 104
139 150
139 157
140 21
140 63
140 97
140 109
141 122
141 127
141 129
141 140
141 158
142 14
143 18
143 158
144 72
144 140
145 147
146 147
147 56
148 9
148 30
149 0
149 33
149 41
150 10
150 83
150 139
151 49
151 93
153 40
153 70
153 122
154 29
154 77
155 17
156 12
156 32
156 100
157 0
158 94
159 63
0 1 2 3 4 5 6 7 8 9 10 11
