160 2544 12
0 1
0 4
0 17
0 19
0 21
0 40
0 47
0 56
0 57
0 79
0 81
0 83
0 91
0 95
0 105
0 131
0 157
0 159
1 14
1 16
1 23
1 30
1 40
1 49
1 66
1 69
1 72
1 90
1 102
1 110
1 137
1 148
2 7
2 22
2 24
2 46
2 53
2 66
2 80
2 86
2 110
2 128
2 130
2 137
2 146
2 148
2 151
2 152
2 157
3 37
3 63
3 68
3 70
3 87
3 111
3 157
4 25
4 26
4 54
4 59
4 80
4 95
4 111
4 119
4 123
4 138
4 151
4 159
5 0
5 1
5 2
5 8
5 12
5 15
5 18
5 37
5 48
5 50
5 67
5 69
5 87
5 94
5 96
5 99
5 103
5 129
5 133
5 149
5 150
5 151
6 5
6 14
6 18
6 23
6 28
6 30
6 33
6 57
6 64
6 65
6 70
6 77
6 94
6 101
6 104
6 106
6 116
6 123
6 128
6 138
7 13
7 29
7 34
7 37
7 43
7 61
7 64
7 90
7 119
7 120
7 157
8 10
8 21
8 54
8 58
8 70
8 84
8 95
8 105
8 116
8 117
8 124
8 151
8 156
9 24
9 26
9 36
9 48
9 58
9 77
9 84
9 107
9 115
9 117
9 123
9 138
10 7
10 18
10 19
10 24
10 35
10 37
10 38
10 41
10 42
10 49
10 58
10 74
10 78
10 79
10 83
10 84
10 92
10 93
10 95
10 97
10 102
10 106
10 114
10 127
10 131
10 136
10 159
11 2
11 6
11 7
11 10
11 18
11 19
11 21
11 23
11 26
11 57
11 60
11 63
11 75
11 78
11 84
11 93
11 101
11 111
11 112
11 159
12 26
12 36
12 38
12 54
12 65
12 76
12 78
12 93
12 101
12 143
12 158
13 3
13 6
13 9
13 18
13 22
13 51
13 58
13 62
13 74
13 92
13 99
13 103
13 109
13 155
14 4
14 5
14 19
14 30
14 34
14 41
14 64
14 74
14 78
14 101
14 106
14 115
14 132
14 148
15 31
15 49
15 52
15 61
15 83
15 88
15 105
15 128
16 5
16 12
16 37
16 44
16 49
16 51
16 53
16 76
16 80
16 90
16 93
16 94
16 100
16 119
16 120
16 121
16 130
16 133
16 143
16 144
16 158
16 159
17 10
17 19
17 30
17 31
17 38
17 64
17 72
17 82
17 83
17 85
17 86
17 92
17 104
17 105
17 117
17 124
17 126
17 127
17 140
17 143
17 150
18 19
18 51
18 58
18 61
18 98
18 109
18 113
18 115
18 118
18 119
18 120
18 124
18 147
19 7
19 15
19 27
19 31
19 34
19 38
19 45
19 46
19 51
19 62
19 67
19 76
19 82
19 90
19 103
19 105
19 114
19 115
19 128
19 133
19 138
19 146
19 152
20 0
20 6
20 14
20 15
20 19
20 21
20 22
20 42
20 65
20 68
20 77
20 97
20 105
20 125
20 128
20 146
20 149
21 3
21 12
21 13
21 15
21 25
21 48
21 77
21 81
21 102
21 108
21 158
21 159
22 7
22 24
22 42
22 43
22 55
22 57
22 63
22 67
22 68
22 71
22 76
22 88
22 93
22 94
22 125
22 129
22 138
23 2
23 5
23 18
23 28
23 31
23 36
23 41
23 44
23 63
23 79
23 88
23 92
23 97
23 102
23 110
23 129
23 137
23 142
23 143
23 149
24 12
24 17
24 33
24 35
24 45
24 68
24 69
24 91
24 95
24 106
24 107
24 122
24 124
24 134
24 143
25 11
25 52
25 57
25 72
25 115
25 120
25 146
25 152
25 158
26 0
26 25
26 36
26 42
26 43
26 59
26 70
26 89
26 122
26 132
27 5
27 20
27 33
27 35
27 68
27 78
27 86
27 105
27 152
27 157
28 4
28 9
28 14
28 29
28 36
28 42
28 49
28 64
28 75
28 77
28 81
28 86
28 87
28 94
28 99
28 104
28 111
28 112
28 124
28 140
28 145
29 15
29 16
29 20
29 30
29 38
29 42
29 50
29 66
29 93
29 111
29 122
29 127
29 129
29 136
30 9
30 18
30 28
30 36
30 37
30 51
30 72
30 76
30 87
30 104
30 119
30 122
30 136
30 138
30 140
30 142
31 0
31 5
31 18
31 26
31 29
31 38
31 42
31 43
31 49
31 67
31 82
31 98
31 106
31 122
31 152
32 2
32 28
32 31
32 34
32 40
32 55
32 65
32 90
32 101
32 103
32 126
32 128
32 142
32 143
32 147
32 159
33 9
33 14
33 15
33 16
33 26
33 53
33 56
33 89
33 91
33 103
33 104
33 106
33 132
33 139
33 142
33 146
33 151
34 9
34 17
34 28
34 36
34 53
34 54
34 69
34 89
34 91
34 104
34 107
34 113
34 127
34 134
34 138
34 155
35 15
35 20
35 25
35 34
35 53
35 54
35 82
35 85
35 90
35 105
35 140
35 146
36 11
36 15
36 16
36 61
36 62
36 79
36 87
36 99
36 103
36 125
36 129
37 12
37 24
37 29
37 33
37 42
37 92
37 128
37 131
37 147
37 151
38 6
38 11
38 14
38 33
38 41
38 51
38 63
38 64
38 75
38 77
38 102
38 108
38 123
38 133
38 138
38 149
38 155
39 28
39 31
39 38
39 46
39 54
39 59
39 61
39 65
39 69
39 70
39 71
39 82
39 86
39 109
39 112
39 116
39 119
39 126
39 128
39 132
39 148
39 153
39 156
39 159
40 4
40 14
40 15
40 16
40 23
40 30
40 31
40 49
40 69
40 81
40 103
40 104
40 108
40 109
40 128
40 133
41 20
41 31
41 71
41 72
41 90
41 96
41 108
41 112
41 120
41 138
41 142
41 153
41 155
41 156
42 0
42 1
42 12
42 24
42 39
42 40
42 43
42 48
42 62
42 70
42 77
42 80
42 84
42 94
42 102
42 105
42 106
42 128
42 140
42 147
42 152
42 154
43 13
43 16
43 27
43 36
43 55
43 57
43 62
43 69
43 72
43 76
43 82
43 85
43 98
43 106
43 112
43 116
43 120
43 154
44 22
44 34
44 60
44 63
44 74
44 80
44 83
44 85
44 101
44 109
44 127
44 128
45 2
45 5
45 6
45 12
45 22
45 38
45 39
45 50
45 63
45 66
45 70
45 72
45 89
45 93
45 105
45 115
45 122
45 129
45 132
45 135
45 140
45 142
45 144
45 145
45 154
46 11
46 14
46 16
46 41
46 43
46 64
46 74
46 97
46 107
46 108
46 117
46 125
46 126
46 128
46 133
46 146
47 4
47 5
47 22
47 34
47 37
47 38
47 66
47 75
47 88
47 120
47 153
47 155
48 3
48 10
48 24
48 26
48 46
48 60
48 68
48 76
48 79
48 100
48 119
48 125
48 147
48 150
49 12
49 35
49 52
49 68
49 86
49 87
49 99
49 101
49 118
49 121
49 137
49 139
49 142
50 16
50 24
50 49
50 52
50 61
50 93
50 111
50 112
50 113
50 114
50 142
50 149
50 155
51 8
51 11
51 15
51 21
51 24
51 25
51 33
51 43
51 55
51 59
51 60
51 67
51 72
51 75
51 82
51 84
51 88
51 95
51 98
51 107
51 111
51 127
51 136
51 140
51 143
51 145
51 148
51 153
51 159
52 2
52 4
52 7
52 8
52 10
52 16
52 23
52 38
52 39
52 76
52 80
52 87
52 92
52 95
52 113
52 115
52 124
52 130
52 137
52 141
52 143
52 145
52 147
52 148
52 149
52 153
53 6
53 31
53 37
53 44
53 67
53 72
53 75
53 82
53 88
53 107
53 125
53 147
53 155
54 1
54 11
54 29
54 49
54 55
54 62
54 65
54 88
54 96
54 106
54 116
54 138
54 147
54 158
55 5
55 10
55 15
55 19
55 33
55 40
55 47
55 53
55 56
55 101
55 104
55 108
55 113
55 123
55 136
55 142
55 151
55 152
55 153
56 5
56 14
56 32
56 34
56 61
56 73
56 99
56 101
56 102
56 109
56 110
56 123
56 124
56 148
57 24
57 45
57 51
57 53
57 54
57 59
57 69
57 97
57 105
57 107
57 112
57 153
57 158
58 5
58 12
58 69
58 73
58 78
58 97
58 100
58 104
58 109
58 118
58 138
58 153
58 154
58 157
58 158
59 0
59 6
59 13
59 36
59 50
59 52
59 85
59 93
59 102
59 104
59 105
59 115
59 116
59 120
59 134
59 151
60 5
60 23
60 27
60 34
60 37
60 61
60 67
60 83
60 90
60 104
60 117
60 135
60 147
60 156
61 5
61 24
61 30
61 46
61 48
61 49
61 54
61 68
61 70
61 71
61 90
61 120
61 143
61 153
62 0
62 2
62 3
62 5
62 7
62 11
62 15
62 17
62 29
62 33
62 58
62 81
62 84
62 98
62 101
62 122
62 123
62 130
62 152
63 5
63 9
63 17
63 18
63 29
63 32
63 37
63 49
63 53
63 54
63 55
63 61
63 62
63 79
63 107
63 141
63 143
63 144
63 149
64 0
64 2
64 5
64 22
64 31
64 44
64 58
64 85
64 94
64 96
64 98
64 117
64 119
64 124
64 127
64 131
64 138
64 150
65 13
65 16
65 27
65 48
65 56
65 60
65 61
65 62
65 69
65 71
65 80
65 83
65 85
65 87
65 92
65 96
65 103
65 122
65 126
65 127
65 129
65 132
65 134
65 149
65 152
66 0
66 6
66 12
66 14
66 17
66 18
66 23
66 27
66 35
66 37
66 40
66 53
66 55
66 65
66 69
66 81
66 94
66 106
66 113
66 115
66 120
66 148
66 154
67 7
67 11
67 40
67 48
67 55
67 57
67 58
67 64
67 68
67 73
67 91
67 99
67 110
67 122
67 123
67 131
67 134
67 144
67 155
68 1
68 23
68 28
68 33
68 38
68 54
68 63
68 90
68 103
68 105
68 115
68 123
68 135
68 138
68 143
69 31
69 42
69 51
69 60
69 73
69 90
69 98
69 99
69 107
69 123
69 133
69 134
69 148
70 9
70 28
70 29
70 37
70 38
70 43
70 51
70 68
70 81
70 84
70 99
70 106
70 112
70 125
70 130
70 138
70 147
70 148
71 3
71 15
71 31
71 34
71 36
71 42
71 44
71 51
71 62
71 114
71 119
71 123
71 142
71 153
72 14
72 66
72 69
72 75
72 90
72 106
72 121
72 124
72 131
72 154
72 157
72 159
73 0
73 1
73 5
73 35
73 39
73 53
73 55
73 66
73 78
73 101
73 119
73 123
74 1
74 11
74 20
74 30
74 33
74 38
74 49
74 98
74 100
74 101
74 115
74 117
74 119
74 150
74 153
74 154
74 157
75 1
75 2
75 9
75 13
75 30
75 35
75 36
75 45
75 46
75 59
75 62
75 77
75 82
75 159
76 1
76 4
76 6
76 21
76 26
76 32
76 37
76 38
76 47
76 58
76 67
76 78
76 110
76 111
76 135
76 149
77 18
77 24
77 27
77 35
77 41
77 93
77 98
77 99
77 116
77 121
77 131
78 0
78 5
78 7
78 19
78 30
78 44
78 53
78 68
78 72
78 82
78 86
78 95
78 100
78 136
78 139
78 154
79 9
79 12
79 35
79 47
79 54
79 59
79 65
79 73
79 85
79 87
79 107
79 118
79 121
79 133
79 136
79 149
80 1
80 32
80 38
80 57
80 82
80 86
80 96
80 101
80 105
80 107
80 113
80 122
80 124
80 138
80 139
80 155
81 6
81 7
81 50
81 53
81 73
81 121
81 137
81 139
81 141
81 147
81 151
81 159
82 2
82 10
82 54
82 55
82 69
82 70
82 101
82 105
82 113
82 119
82 126
82 132
82 140
82 152
83 3
83 9
83 14
83 23
83 25
83 30
83 64
83 73
83 74
83 88
83 89
83 93
83 102
83 112
83 113
83 136
83 138
83 145
84 19
84 26
84 29
84 36
84 47
84 49
84 60
84 67
84 72
84 87
84 90
84 100
84 111
84 112
84 134
85 2
85 10
85 14
85 19
85 26
85 29
85 31
85 33
85 40
85 48
85 82
85 84
85 86
85 105
85 118
85 124
85 125
85 127
85 139
85 142
85 151
86 4
86 12
86 13
86 19
86 21
86 23
86 29
86 31
86 32
86 40
86 45
86 58
86 60
86 73
86 82
86 91
86 95
86 118
86 146
86 154
87 26
87 29
87 39
87 45
87 48
87 61
87 62
87 78
87 99
87 104
87 127
87 128
87 129
87 134
88 8
88 11
88 18
88 20
88 21
88 24
88 35
88 40
88 65
88 66
88 75
88 87
88 106
88 123
88 128
88 129
88 131
88 142
88 151
88 155
89 17
89 41
89 48
89 57
89 58
89 60
89 69
89 91
89 95
89 98
89 101
89 144
89 154
90 18
90 21
90 25
90 38
90 58
90 59
90 73
90 77
90 78
90 79
90 88
90 102
90 113
90 121
90 128
90 132
90 137
90 138
90 142
90 159
91 3
91 11
91 20
91 28
91 46
91 63
91 77
91 116
91 126
91 129
91 146
91 149
91 155
91 157
92 11
92 20
92 29
92 34
92 44
92 48
92 58
92 73
92 77
92 85
92 99
92 110
92 115
92 117
92 122
92 149
92 159
93 23
93 33
93 38
93 90
93 104
93 111
93 114
93 119
93 121
93 122
93 130
93 131
93 139
93 140
93 141
93 142
93 158
94 23
94 30
94 33
94 50
94 52
94 68
94 97
94 117
94 119
94 132
94 136
94 137
94 144
95 19
95 27
95 38
95 49
95 53
95 57
95 74
95 76
95 83
95 93
95 113
95 122
95 126
95 152
96 2
96 17
96 46
96 60
96 69
96 71
96 74
96 81
96 84
96 93
96 103
96 118
96 126
96 128
96 137
96 139
96 147
96 149
96 156
97 5
97 24
97 36
97 41
97 53
97 55
97 65
97 74
97 75
97 76
97 78
97 79
97 89
97 92
97 93
97 95
97 107
97 109
98 4
98 11
98 20
98 25
98 38
98 44
98 68
98 70
98 79
98 80
98 83
98 86
98 93
98 102
98 112
98 128
98 134
98 139
98 148
99 9
99 15
99 17
99 18
99 64
99 74
99 81
99 91
99 102
99 158
100 9
100 10
100 11
100 28
100 29
100 37
100 52
100 61
100 73
100 81
100 82
100 91
100 92
100 97
100 105
100 108
100 131
100 133
100 141
100 145
101 1
101 3
101 4
101 42
101 52
101 60
101 83
101 90
101 110
101 114
101 135
101 146
101 147
101 151
102 11
102 19
102 37
102 41
102 52
102 64
102 85
102 96
102 106
102 110
102 121
102 134
102 139
102 143
102 149
103 8
103 26
103 27
103 37
103 43
103 48
103 56
103 79
103 89
103 107
103 109
103 112
103 116
103 124
104 14
104 21
104 27
104 29
104 32
104 39
104 70
104 83
104 98
104 103
104 114
104 116
104 120
104 129
104 137
104 140
104 159
105 16
105 21
105 28
105 40
105 53
105 58
105 102
105 103
105 113
105 115
105 116
105 119
105 126
105 129
105 144
105 148
105 154
105 158
106 17
106 19
106 25
106 26
106 27
106 29
106 40
106 48
106 51
106 58
106 62
106 69
106 83
106 92
106 93
106 142
107 6
107 8
107 44
107 47
107 68
107 90
107 91
107 112
107 127
107 130
107 154
107 158
108 23
108 28
108 34
108 35
108 52
108 56
108 65
108 83
108 91
108 105
108 110
108 133
108 152
108 153
108 155
109 7
109 21
109 26
109 28
109 41
109 45
109 49
109 81
109 108
109 128
109 130
109 142
110 31
110 32
110 36
110 38
110 42
110 45
110 57
110 60
110 73
110 85
110 90
110 94
110 95
110 98
110 133
110 145
111 2
111 13
111 19
111 21
111 23
111 30
111 34
111 43
111 44
111 52
111 74
111 78
111 102
111 104
111 114
111 133
111 140
111 145
111 148
111 149
111 152
111 154
112 7
112 8
112 12
112 27
112 33
112 62
112 74
112 92
112 105
112 110
112 123
112 128
112 134
112 146
112 149
112 150
112 154
112 155
113 4
113 7
113 16
113 25
113 38
113 72
113 77
113 85
113 94
113 102
113 110
113 114
113 133
113 139
113 158
114 0
114 6
114 13
114 14
114 17
114 29
114 32
114 35
114 38
114 46
114 60
114 88
114 89
114 95
114 156
115 0
115 7
115 35
115 37
115 38
115 43
115 72
115 73
115 75
115 101
115 102
115 127
115 134
115 135
115 151
115 154
116 9
116 11
116 24
116 44
116 46
116 51
116 67
116 71
116 109
116 122
116 137
116 144
116 152
116 154
116 156
117 4
117 16
117 18
117 25
117 54
117 55
117 62
117 67
117 72
117 79
117 82
117 91
117 93
117 98
117 105
117 112
117 116
117 129
117 133
117 153
117 154
118 12
118 26
118 45
118 60
118 83
118 90
118 93
118 102
118 131
118 139
119 1
119 20
119 21
119 34
119 42
119 49
119 57
119 79
119 81
119 89
119 90
119 111
119 123
119 136
120 36
120 52
120 53
120 65
120 71
120 79
120 99
120 110
120 111
120 116
120 121
120 143
120 151
121 3
121 19
121 33
121 50
121 53
121 60
121 62
121 82
121 105
121 119
121 130
121 153
122 8
122 16
122 27
122 34
122 38
122 48
122 56
122 58
122 66
122 75
122 100
122 120
122 130
122 131
122 133
122 151
122 155
122 157
123 21
123 35
123 41
123 53
123 75
123 81
123 82
123 86
123 93
123 113
123 122
123 125
123 157
124 2
124 23
124 25
124 31
124 34
124 35
124 54
124 55
124 62
124 66
124 67
124 74
124 83
124 86
124 91
124 92
124 96
124 109
124 123
124 128
124 132
124 137
125 0
125 10
125 37
125 42
125 50
125 62
125 66
125 73
125 78
125 91
125 95
125 110
125 116
125 121
125 136
125 146
125 147
125 155
126 6
126 12
126 22
126 24
126 38
126 40
126 66
126 75
126 78
126 88
126 98
126 109
126 116
126 147
126 154
126 156
127 25
127 26
127 28
127 36
127 54
127 72
127 86
127 89
127 92
127 103
127 108
127 114
127 126
127 128
127 137
128 1
128 5
128 9
128 31
128 50
128 54
128 57
128 60
128 70
128 76
128 89
128 95
128 106
128 118
128 132
128 152
128 157
128 159
129 3
129 13
129 18
129 27
129 28
129 33
129 38
129 68
129 74
129 76
129 84
129 90
129 94
129 103
129 107
129 116
129 138
129 141
129 153
129 158
130 13
130 25
130 26
130 30
130 34
130 39
130 44
130 45
130 59
130 69
130 74
130 79
130 82
130 102
130 108
130 113
130 123
130 131
130 135
130 137
130 149
130 158
131 3
131 4
131 41
131 43
131 47
131 50
131 53
131 70
131 81
131 85
131 96
131 98
131 101
131 114
131 132
131 133
131 146
131 153
131 157
132 8
132 10
132 27
132 37
132 42
132 46
132 58
132 63
132 78
132 79
132 80
132 93
132 101
132 137
132 139
133 8
133 15
133 24
133 26
133 32
133 53
133 71
133 80
133 82
133 102
133 125
133 144
133 153
134 15
134 22
134 23
134 32
134 64
134 83
134 93
134 110
134 113
134 118
135 16
135 18
135 22
135 25
135 30
135 35
135 40
135 50
135 59
135 61
135 69
135 87
135 91
135 105
135 109
135 110
135 112
135 117
135 118
135 122
135 123
135 126
135 134
135 153
136 9
136 11
136 15
136 19
136 20
136 26
136 33
136 35
136 48
136 52
136 56
136 70
136 74
136 85
136 90
136 98
136 101
136 105
136 120
136 126
136 128
137 0
137 6
137 12
137 17
137 19
137 20
137 25
137 31
137 34
137 42
137 51
137 78
137 93
137 125
137 144
137 146
138 24
138 26
138 42
138 52
138 59
138 72
138 77
138 103
138 110
138 121
138 124
138 126
138 141
138 149
139 6
139 16
139 88
139 94
139 107
139 109
139 127
139 138
139 155
139 158
140 10
140 15
140 40
140 58
140 77
140 102
140 108
140 128
140 151
140 159
141 4
141 9
141 12
141 31
141 55
141 60
141 65
141 76
141 78
141 85
141 89
141 95
141 99
141 104
141 115
141 116
141 119
141 128
141 130
142 1
142 11
142 19
142 31
142 59
142 63
142 76
142 115
142 121
143 2
143 22
143 27
143 33
143 72
143 80
143 84
143 85
143 88
143 91
143 95
143 108
143 111
143 115
143 117
143 126
144 4
144 9
144 14
144 23
144 46
144 49
144 53
144 65
144 69
144 86
144 88
144 126
144 128
144 130
144 134
144 135
144 153
145 0
145 6
145 29
145 33
145 49
145 64
145 70
145 72
145 77
145 113
145 116
145 125
145 127
145 137
145 146
145 149
146 11
146 16
146 26
146 51
146 77
146 85
146 102
146 109
146 116
146 120
146 136
146 138
146 139
146 141
147 1
147 6
147 9
147 12
147 16
147 34
147 36
147 38
147 40
147 44
147 62
147 82
147 93
147 117
147 127
147 135
147 152
147 158
148 3
148 22
148 23
148 35
148 46
148 49
148 64
148 84
148 87
148 90
148 116
148 129
148 131
148 134
148 144
148 154
149 0
149 3
149 29
149 35
149 36
149 44
149 54
149 55
149 61
149 73
149 75
149 94
149 100
149 103
149 148
149 158
150 6
150 20
150 40
150 42
150 61
150 62
150 71
150 90
150 121
150 123
150 140
150 145
150 149
151 14
151 29
151 34
151 57
151 70
151 77
151 87
151 124
151 131
151 138
151 144
151 156
152 5
152 7
152 14
152 36
152 45
152 54
152 60
152 61
152 89
152 92
152 99
152 106
152 109
152 110
152 135
152 141
152 144
152 149
153 5
153 8
153 48
153 62
153 79
153 102
153 114
153 119
153 124
153 159
154 1
154 22
154 36
154 39
154 41
154 55
154 61
154 62
154 63
154 77
154 79
154 82
154 88
154 90
154 120
154 155
154 156
155 10
155 17
155 26
155 31
155 33
155 43
155 52
155 54
155 57
155 66
155 92
155 97
155 100
155 124
155 126
155 131
155 134
155 137
156 5
156 6
156 15
156 34
156 40
156 47
156 54
156 62
156 66
156 79
156 84
156 93
156 101
156 123
156 132
156 159
157 6
157 13
157 17
157 19
157 23
157 25
157 26
157 39
157 41
157 47
157 50
157 57
157 63
157 67
157 75
157 78
157 126
157 136
157 143
157 158
157 159
158 5
158 17
158 62
158 85
158 97
158 104
158 110
158 119
158 121
158 126
158 134
158 137
158 156
159 33
159 38
159 42
159 52
159 54
159 71
159 100
159 124
159 130
159 147
0 1 2 3 4 5 6 7 8 9 10 11
