160 812 12
0 9
0 10
0 47
0 50
0 102
0 148
0 158
1 6
1 30
1 115
1 129
1 130
1 135
1 144
1 147
1 158
2 82
2 129
2 159
3 10
3 11
3 38
3 49
3 79
3 140
4 52
4 79
5 7
5 65
5 82
6 34
6 72
6 96
6 130
6 150
7 53
7 56
7 116
7 151
8 22
8 54
8 130
8 142
9 5
9 56
9 75
9 121
9 138
9 143
10 6
10 21
10 74
10 87
10 90
10 92
10 149
11 96
12 139
13 15
13 46
13 119
13 131
14 0
14 8
14 36
14 45
14 90
15 8
15 11
15 14
15 42
15 60
15 80
15 137
15 143
15 152
16 26
16 93
16 133
17 122
17 128
17 129
18 7
18 139
18 146
19 12
19 18
19 35
19 52
19 60
19 110
19 112
19 136
19 154
19 159
20 70
20 75
21 19
21 58
21 60
21 112
21 115
21 134
22 17
22 29
22 50
22 95
22 97
22 117
22 140
23 19
23 40
23 41
23 52
23 62
23 89
23 99
23 109
23 135
24 6
24 18
24 30
24 91
24 104
24 130
24 146
25 24
25 88
25 123
25 153
26 24
26 88
26 115
26 139
26 140
26 155
27 75
27 77
27 83
27 89
27 123
27 140
28 25
28 90
28 99
28 143
29 7
29 24
29 36
29 54
29 92
29 95
29 154
30 112
30 130
31 65
31 94
31 153
32 4
32 38
32 74
32 93
32 143
33 22
33 111
33 112
33 149
34 36
34 38
34 39
34 42
34 44
34 81
34 141
34 153
34 156
35 38
35 86
35 101
35 121
35 146
35 147
35 155
36 6
36 47
36 55
36 56
36 78
36 105
36 140
37 57
37 72
37 82
37 91
37 110
38 11
38 43
38 135
38 152
39 21
39 37
39 50
39 125
39 142
39 144
40 12
40 29
40 64
40 116
40 132
40 149
41 36
41 96
41 142
42 27
42 32
42 55
42 88
43 14
43 26
43 71
43 151
44 40
44 61
44 76
44 122
44 125
45 2
45 24
45 31
45 37
45 100
45 110
45 128
45 139
46 22
46 39
46 70
46 119
46 136
47 112
47 159
48 97
48 122
49 8
49 22
49 70
50 141
50 151
51 34
51 54
51 66
51 151
52 31
52 66
52 80
52 96
53 38
53 40
53 54
53 63
53 118
53 145
54 7
54 14
54 59
54 149
55 1
55 33
55 51
55 98
55 117
55 130
56 52
56 54
56 58
56 64
56 87
56 115
57 139
58 2
58 18
58 71
58 108
58 121
58 155
59 52
59 53
59 57
59 85
59 108
59 113
59 123
59 129
59 134
60 1
60 54
60 73
60 82
60 103
60 145
61 22
61 27
61 36
61 82
62 54
62 90
62 92
62 158
63 6
63 71
63 82
63 86
63 96
63 112
63 148
64 79
64 93
64 95
64 108
64 123
64 146
65 46
65 92
65 103
65 149
65 154
66 2
66 10
66 54
66 68
66 87
66 135
66 137
67 41
67 45
67 55
67 62
67 70
67 92
67 157
68 58
68 74
68 89
69 23
69 89
69 124
69 151
69 155
70 1
70 3
70 9
70 24
70 50
70 58
70 85
70 93
70 129
70 139
71 52
71 69
71 78
71 132
71 138
71 144
71 159
72 1
72 40
72 54
72 76
72 94
72 95
72 154
72 156
73 7
73 10
73 17
73 35
73 59
73 70
73 96
73 117
74 15
74 38
74 42
74 55
74 99
75 52
75 55
75 88
75 96
75 148
76 16
77 31
77 57
77 84
77 124
77 129
78 23
78 123
78 141
79 10
79 21
79 51
79 56
79 83
79 85
79 112
80 10
80 13
80 41
81 113
81 119
82 3
82 14
82 29
82 33
82 85
82 106
82 140
83 6
83 93
83 114
83 145
84 28
84 63
84 65
84 79
84 98
84 117
84 129
84 144
85 51
85 88
85 112
86 40
86 45
86 82
86 89
87 0
87 4
87 6
87 20
87 67
87 86
87 90
87 119
87 128
88 67
88 90
88 114
88 123
89 20
89 147
89 149
90 57
90 67
90 105
90 136
90 141
90 159
91 80
91 86
91 92
91 129
91 134
91 145
92 31
92 39
92 103
92 109
93 1
93 41
93 102
93 127
93 159
94 27
94 47
94 102
94 136
94 139
95 13
95 31
95 55
95 133
96 20
96 58
96 111
96 130
96 146
97 29
97 34
97 96
97 101
97 102
98 6
98 10
98 115
98 139
99 1
99 4
99 95
99 109
99 113
99 124
99 157
100 81
100 83
100 97
101 13
101 25
101 115
101 122
101 147
102 12
102 19
102 42
102 63
102 77
103 7
103 44
103 52
103 93
103 99
104 41
104 42
104 44
104 55
104 69
104 116
104 128
104 146
105 8
105 73
105 87
105 101
105 112
105 137
106 13
106 45
106 87
106 113
106 127
106 137
107 23
107 29
107 38
107 82
107 92
108 15
108 39
108 137
109 0
109 72
109 86
109 124
110 17
110 62
110 87
110 134
110 141
110 157
111 38
111 75
111 87
111 102
111 141
111 152
112 14
112 22
113 29
113 41
113 111
113 154
114 131
114 140
115 53
115 54
115 103
115 111
115 145
115 150
115 151
116 35
116 133
117 157
118 36
118 40
118 63
119 58
119 82
120 23
120 29
120 56
120 89
120 93
120 110
120 113
120 115
121 106
121 123
122 4
122 28
122 32
122 62
122 74
122 92
122 120
122 141
123 43
123 141
124 10
124 47
124 49
124 55
124 64
124 95
124 96
125 16
125 17
125 34
125 73
125 84
125 93
126 17
126 85
126 115
126 116
127 8
127 49
127 92
127 96
127 156
128 44
128 66
128 68
128 111
128 142
129 44
129 104
129 151
130 14
130 46
130 54
130 71
130 77
130 98
130 127
130 150
131 25
131 37
131 38
131 67
131 104
131 113
131 123
132 2
132 19
132 20
132 25
132 75
132 82
132 90
132 111
133 7
133 63
133 73
133 78
133 94
133 107
133 154
134 0
134 18
134 26
134 85
134 95
134 101
134 105
134 129
135 32
135 41
135 57
135 111
135 119
135 125
136 15
136 17
136 45
136 56
136 59
136 80
136 98
136 101
136 114
136 122
136 125
137 31
137 52
137 103
137 121
137 122
137 129
137 155
138 22
138 59
138 99
139 23
139 27
139 103
139 109
140 6
140 25
140 113
141 4
141 60
141 88
141 120
141 121
141 138
142 23
142 68
142 135
143 12
143 23
143 44
143 56
143 67
143 68
143 79
143 119
143 126
143 139
144 11
144 88
144 111
144 136
144 138
145 17
145 65
146 11
146 23
146 30
146 50
146 68
146 84
146 102
146 130
146 143
147 20
147 32
147 56
147 65
147 67
147 77
148 27
148 32
148 73
148 83
148 107
148 109
148 113
149 4
149 70
150 28
150 55
150 64
150 84
150 126
151 1
151 15
151 17
151 28
151 70
151 108
151 135
152 1
152 23
152 32
152 49
152 58
152 99
152 159
153 47
153 55
153 128
154 1
154 17
154 40
154 42
154 83
154 96
154 128
155 50
155 59
155 74
156 25
156 39
156 43
157 0
157 25
157 63
157 112
157 124
157 145
157 150
158 22
158 25
158 50
158 97
159 61
159 82
159 122
0 1 2 3 4 5 6 7 8 9 10 11
