160 921 40
0 13
0 29
0 40
0 50
0 64
0 96
0 121
0 136
0 147
0 152
1 135
1 154
2 5
2 23
2 35
2 38
2 88
3 7
3 18
3 51
3 62
3 84
3 107
3 108
3 150
3 158
4 14
4 17
4 113
4 141
5 14
5 26
5 31
5 81
5 88
5 139
6 36
6 50
6 99
7 3
7 4
7 67
7 121
7 147
7 155
7 157
8 111
8 133
8 136
8 140
8 141
9 36
9 38
9 57
9 133
10 17
10 20
10 31
10 36
10 50
10 82
10 113
11 45
11 53
11 108
12 40
12 42
12 95
12 119
12 158
13 0
13 1
13 29
13 39
13 41
13 63
13 126
13 135
13 153
14 23
14 37
14 82
14 131
15 70
15 104
15 114
15 130
16 10
16 34
16 75
16 141
17 10
17 16
17 22
17 42
17 70
17 87
17 95
17 114
18 4
18 5
18 38
18 47
18 122
18 123
19 43
19 65
19 69
19 103
20 30
20 55
20 84
20 85
20 132
20 134
20 135
21 1
21 3
21 5
21 16
21 49
21 92
21 101
21 153
21 159
22 23
22 35
22 93
22 150
22 152
23 24
23 85
23 136
24 16
24 60
24 75
24 90
24 100
24 135
24 158
25 6
25 91
25 107
25 142
25 158
26 21
26 41
26 53
26 78
26 89
27 41
27 72
27 87
27 89
27 124
27 129
28 5
28 66
28 86
28 136
29 13
29 27
29 55
29 81
29 104
29 145
30 5
30 25
30 28
30 79
30 83
30 113
30 135
30 158
31 8
31 66
31 76
31 105
31 113
31 146
31 153
32 50
32 68
32 77
32 128
33 27
33 36
33 88
33 94
33 97
33 100
33 135
33 136
34 12
34 40
34 49
34 115
34 119
34 122
34 134
34 153
35 11
35 12
35 22
35 25
35 36
35 38
35 51
35 65
35 79
35 117
35 121
35 125
35 144
35 148
36 9
36 13
36 51
36 145
36 155
37 0
37 5
37 35
37 44
37 72
37 79
37 91
37 136
37 139
38 6
38 10
38 101
38 126
39 29
39 32
39 81
39 96
39 99
39 150
40 32
40 34
40 56
40 58
40 86
40 114
40 136
41 31
41 133
42 117
42 140
43 19
43 23
43 95
43 130
43 141
44 6
44 19
44 36
44 55
44 98
44 108
44 139
45 41
45 75
45 114
45 136
45 151
45 155
46 76
46 122
46 133
47 26
47 59
47 72
47 154
48 14
48 29
48 70
48 87
48 93
49 10
49 17
49 19
49 34
49 120
50 51
50 72
50 92
51 3
51 4
51 31
51 36
51 63
51 86
51 109
52 11
52 68
52 88
52 106
52 133
52 149
53 93
53 123
54 2
54 46
54 136
55 13
55 111
56 0
56 30
56 40
56 51
56 103
56 135
57 1
57 52
57 93
57 112
57 144
57 153
58 22
58 40
58 59
59 15
59 23
59 30
59 49
59 150
60 36
60 41
60 78
60 113
60 126
60 129
60 141
61 29
61 64
61 88
61 100
61 133
61 138
62 4
62 115
62 145
63 50
63 80
63 98
63 105
64 0
64 2
64 19
64 32
64 78
64 96
65 1
65 19
65 44
65 69
65 85
65 110
65 146
66 54
66 67
66 101
66 129
66 133
67 30
67 78
67 86
67 96
67 128
67 129
68 23
68 32
68 34
68 59
68 62
68 67
68 99
69 19
69 41
69 47
69 56
69 65
69 77
69 98
69 101
69 106
69 125
69 145
69 156
70 17
70 50
70 81
70 97
70 98
70 132
71 4
71 116
71 159
72 43
72 55
72 95
72 96
72 102
73 103
73 113
73 124
73 127
73 130
73 156
74 50
74 92
74 103
74 105
74 143
74 153
75 2
75 78
75 83
75 96
75 102
75 106
75 136
75 153
76 31
76 38
76 46
76 60
76 81
76 89
76 131
77 32
77 69
77 88
78 26
78 84
78 85
78 98
78 102
78 132
78 153
79 83
79 111
79 159
80 68
80 71
80 86
80 124
80 132
81 1
81 5
81 55
81 63
81 120
81 131
81 143
82 10
82 94
82 126
83 45
83 79
83 105
83 111
83 114
83 129
84 37
84 93
84 144
85 23
85 65
85 66
85 89
85 115
85 121
85 124
86 28
86 51
86 78
86 136
86 158
87 21
87 27
87 42
87 78
87 81
87 125
87 144
88 15
88 47
88 55
88 102
89 1
89 42
89 130
89 158
89 159
90 4
90 59
90 99
90 118
90 153
91 12
91 25
91 70
91 97
91 99
91 148
91 153
92 102
92 124
92 151
93 8
93 47
93 48
93 51
93 71
93 84
93 99
93 105
93 109
93 110
93 132
94 36
94 81
94 101
94 104
94 126
95 17
95 23
95 29
95 40
95 124
95 131
95 139
95 144
96 0
96 45
96 52
96 58
96 97
96 98
96 117
96 139
97 6
97 21
97 32
97 88
97 130
98 20
98 37
98 54
98 59
98 69
98 96
98 100
98 110
98 133
98 156
99 58
99 91
99 95
99 117
100 16
100 33
100 118
100 155
100 157
101 94
101 97
101 108
101 133
101 149
101 159
102 7
102 15
102 72
102 79
102 88
102 151
103 31
103 37
103 43
103 55
103 73
104 9
104 10
104 20
104 37
104 50
104 52
104 122
104 141
104 145
105 39
105 72
105 82
105 93
105 130
106 0
106 13
106 35
106 43
106 62
106 69
106 131
106 141
107 16
107 25
107 28
107 41
107 52
107 99
107 147
107 148
108 11
108 45
108 60
108 101
109 54
109 63
109 112
109 114
109 134
110 2
110 25
110 46
110 93
110 136
110 159
111 8
111 55
111 72
111 83
111 88
111 112
111 131
111 153
112 2
112 66
113 5
113 34
113 45
113 49
113 51
113 80
114 15
114 45
114 76
114 87
114 98
114 132
114 156
115 34
115 85
115 86
115 87
116 10
116 56
116 100
116 101
116 137
116 154
117 12
117 15
117 27
117 69
117 91
117 96
117 99
117 101
118 10
118 39
118 74
118 79
118 87
118 152
119 11
119 60
119 139
120 2
120 3
120 23
120 37
120 68
120 82
120 140
120 158
121 30
121 53
121 73
121 82
121 152
122 25
123 6
123 10
123 103
123 130
124 44
124 73
124 85
124 92
124 102
124 126
125 13
125 69
125 71
125 148
125 152
126 14
126 19
126 27
126 32
126 38
126 72
126 94
126 117
126 144
127 9
127 20
127 60
127 98
128 48
128 67
128 107
128 110
128 132
128 145
129 23
129 66
129 74
130 0
130 15
130 23
130 43
130 77
130 87
130 99
130 103
130 105
130 109
130 115
130 123
130 126
130 127
130 153
131 24
131 35
131 53
131 78
131 103
131 144
132 10
132 15
132 37
132 58
132 102
132 109
132 114
132 157
133 9
133 20
133 71
133 77
133 96
133 101
133 128
134 54
134 80
134 87
135 11
135 14
135 20
135 30
135 31
135 54
135 56
135 108
135 140
136 45
136 46
136 56
136 112
136 134
137 7
137 75
137 116
137 145
137 157
138 8
138 12
138 24
138 30
138 44
138 65
138 118
138 126
138 140
139 4
139 37
139 103
139 112
139 114
140 60
140 120
140 127
140 128
140 138
141 41
141 48
141 97
141 127
141 156
142 12
142 23
142 25
142 39
142 90
142 135
142 141
143 45
143 49
143 64
143 70
143 76
143 116
144 35
144 57
144 95
144 100
144 101
144 110
144 156
145 7
145 52
145 104
146 65
146 94
146 130
147 76
147 83
147 97
147 126
148 23
148 38
148 64
148 90
148 117
148 128
149 34
149 52
149 58
149 82
149 87
149 120
149 123
150 3
150 15
150 56
150 71
150 74
150 85
150 93
150 112
150 125
150 134
150 155
151 14
151 15
151 22
151 90
151 119
151 120
151 128
151 133
151 142
152 0
152 18
152 25
152 110
152 125
153 13
153 27
153 73
153 75
153 81
153 90
153 91
153 130
153 139
154 1
154 6
154 116
154 159
155 7
155 100
155 102
155 150
155 159
156 63
156 130
156 144
156 150
156 153
157 3
157 29
157 58
157 61
157 130
158 3
158 43
158 76
158 89
158 96
159 22
159 59
159 80
159 110
159 133
159 154
159 155
0 1 2 3 4 5 6 7 8 9 10 11 12 13 14 15 16 17 18 19 20 21 22 23 24 25 26 27 28 29 30 31 32 33 34 35 36 37 38 39
