160 812 40
0 9
0 16
0 35
0 41
0 59
0 83
0 140
0 146
0 149
1 88
1 100
1 114
1 127
1 130
1 138
2 5
2 43
2 77
2 100
2 132
2 139
2 153
2 154
3 2
3 30
3 66
3 110
3 137
4 42
4 79
4 108
4 157
5 34
5 77
6 24
6 28
6 53
6 79
7 5
7 82
7 101
8 23
8 62
8 109
8 112
8 119
8 128
9 6
9 19
9 20
9 35
9 54
9 133
9 148
10 14
10 32
10 42
10 119
11 35
11 87
11 91
12 67
12 68
12 105
12 149
13 40
13 104
13 110
14 5
14 35
14 90
14 101
14 120
14 128
14 133
14 142
15 33
15 72
15 81
16 1
16 3
16 31
16 45
16 52
16 57
16 79
16 100
16 119
17 21
17 24
17 27
17 50
17 84
18 95
18 118
18 128
18 143
18 144
19 11
19 66
19 113
19 119
19 121
19 124
20 1
20 35
20 66
20 78
20 81
20 85
20 116
20 119
21 8
21 30
21 45
22 16
22 113
22 141
23 18
23 22
23 42
23 60
23 82
23 100
24 84
24 116
25 2
25 16
25 36
25 43
25 95
25 117
25 119
25 149
26 21
26 31
26 32
26 42
26 86
26 110
26 152
27 6
27 29
27 53
27 81
27 127
28 24
28 48
28 53
28 118
29 16
29 85
29 86
30 4
30 32
30 77
30 137
30 148
31 15
31 33
31 41
31 64
32 0
32 7
32 33
32 50
32 58
32 80
32 92
32 95
32 98
32 105
32 132
32 146
32 156
33 4
33 10
33 13
33 20
33 21
33 35
33 42
33 85
33 111
33 132
33 133
33 147
33 148
34 4
34 102
34 118
34 127
34 158
35 2
35 41
35 76
35 130
35 139
35 147
35 152
36 18
36 55
36 103
37 3
37 10
37 27
37 54
37 69
37 88
37 127
37 145
37 149
38 68
38 88
38 116
38 138
39 6
39 129
40 2
40 4
40 51
40 70
40 86
40 133
41 37
41 54
41 81
41 93
41 104
41 113
42 12
42 91
42 109
42 153
42 159
43 89
43 111
43 127
43 141
44 6
44 8
44 59
44 87
44 89
44 91
44 136
45 60
45 118
45 147
46 5
46 16
46 101
46 155
47 0
47 115
47 124
48 38
48 42
48 67
48 89
48 153
49 38
49 59
49 69
49 138
50 16
50 35
50 110
50 126
51 14
51 50
51 73
51 98
51 115
51 159
52 127
53 37
53 45
53 128
54 4
54 6
54 18
54 38
54 43
54 80
54 120
54 144
55 71
55 92
55 100
55 136
55 155
56 15
56 44
56 75
56 89
56 150
56 154
57 26
57 28
57 31
57 80
57 137
58 5
58 48
58 59
58 88
58 96
58 121
58 147
58 159
59 11
59 31
59 33
59 42
60 14
60 20
60 22
60 68
60 71
60 93
60 126
61 15
61 21
61 55
61 69
61 105
61 110
61 119
61 154
62 22
62 49
62 86
62 127
63 30
63 65
63 133
63 139
63 140
63 159
64 8
64 39
64 45
64 54
64 119
64 120
64 132
65 21
65 103
65 152
66 12
66 47
66 110
66 137
67 27
67 30
68 8
68 19
68 28
69 72
69 101
69 110
69 112
69 130
70 0
70 19
70 37
70 45
70 87
70 96
70 138
70 153
71 25
71 146
72 123
72 144
72 150
72 153
73 21
73 42
73 60
73 90
73 99
73 140
73 145
74 10
74 39
74 41
74 49
74 122
74 128
75 48
75 58
75 83
75 99
75 124
76 1
76 13
76 78
76 87
76 95
77 98
78 0
78 27
78 40
78 58
78 69
78 82
78 105
78 110
78 119
79 1
79 31
79 39
79 49
79 80
79 118
79 119
79 139
79 155
80 38
80 62
80 67
80 112
81 50
81 55
81 100
81 112
81 135
82 2
82 38
82 51
82 149
82 156
83 15
83 95
83 113
83 137
83 143
84 101
84 121
85 1
85 80
86 51
86 75
86 133
86 146
87 30
87 79
87 88
87 107
87 108
88 7
88 15
88 24
88 109
88 112
88 133
89 3
89 59
89 97
89 100
89 101
89 125
89 150
89 153
90 64
90 65
90 81
90 82
90 83
90 99
90 123
90 140
91 36
91 68
91 84
91 125
92 38
92 53
92 62
92 76
92 119
92 128
93 13
93 21
93 46
93 53
93 89
93 100
93 119
93 151
94 16
94 28
94 40
94 42
94 101
94 139
95 30
95 75
95 153
96 40
96 49
96 60
96 79
96 92
96 98
96 108
97 46
97 56
97 58
97 107
97 140
98 9
98 23
98 26
98 31
98 68
98 110
98 128
98 137
98 159
99 12
99 41
99 155
100 15
100 27
100 98
100 99
100 108
100 124
100 156
101 31
101 49
101 63
102 24
102 41
102 152
103 48
103 58
103 73
103 88
103 96
103 108
104 78
104 80
104 105
104 106
104 139
104 145
105 14
105 91
105 100
106 19
106 31
106 108
106 122
107 12
107 96
108 24
108 143
109 84
109 135
110 37
110 39
110 79
110 80
110 81
110 91
110 102
110 119
110 144
110 146
111 20
111 98
112 44
112 53
112 103
112 138
113 9
113 93
113 110
113 116
114 13
114 20
114 29
114 36
114 37
114 43
114 102
115 4
115 15
115 53
115 85
115 153
116 10
116 19
116 78
116 79
116 83
117 28
117 35
117 36
117 119
118 29
118 54
118 65
118 84
119 4
119 53
119 69
119 104
119 123
120 0
120 49
120 115
121 17
121 35
121 36
121 46
121 50
121 65
121 114
121 135
121 139
122 18
122 19
122 60
122 62
122 94
122 111
122 112
122 134
122 153
123 8
123 22
123 137
124 10
124 32
124 65
124 85
124 90
125 10
125 153
126 16
126 25
127 26
127 33
127 74
127 83
127 91
127 97
128 24
128 131
129 14
129 44
129 51
129 56
130 41
130 47
130 60
130 63
130 74
130 124
130 140
131 44
131 52
131 54
131 75
132 11
132 34
132 40
132 44
132 49
132 53
132 125
134 27
134 85
135 14
135 100
136 32
136 52
136 57
136 82
136 94
136 107
136 128
136 139
136 140
137 24
137 43
138 95
138 119
138 123
139 7
139 70
139 105
139 153
140 21
140 22
140 24
140 64
140 75
140 109
140 141
140 144
141 6
141 9
141 49
141 71
141 74
141 122
141 127
141 129
141 137
142 1
142 9
142 32
142 70
143 1
143 52
143 67
143 150
144 14
144 17
144 45
144 79
144 114
145 43
145 46
145 67
145 99
145 119
145 126
145 138
146 11
146 39
146 83
146 102
146 115
147 14
147 25
147 56
147 145
147 146
148 74
149 33
149 41
149 108
149 130
149 135
149 138
150 10
150 26
150 83
150 133
150 139
151 49
151 100
151 124
151 142
151 147
151 150
152 3
152 39
152 93
152 110
153 40
153 91
154 29
154 50
154 64
154 77
154 97
154 103
154 141
155 10
155 17
155 30
155 31
155 106
155 110
155 126
155 134
156 12
156 39
156 46
156 87
156 118
156 143
157 0
157 15
157 84
157 93
157 101
157 109
157 110
157 112
157 130
157 134
157 139
157 158
158 42
158 77
158 94
158 127
158 141
158 143
159 24
159 87
159 100
159 113
0 1 2 3 4 5 6 7 8 9 10 11 12 13 14 15 16 17 18 19 20 21 22 23 24 25 26 27 28 29 30 31 32 33 34 35 36 37 38 39
