160 2544 12
0 12
0 21
0 43
0 47
0 49
0 70
0 85
0 88
0 95
0 127
0 141
1 6
1 20
1 21
1 24
1 40
1 52
1 55
1 57
1 80
1 89
1 95
1 101
1 115
1 127
1 145
1 155
2 31
2 36
2 37
2 65
2 86
2 92
2 110
2 121
2 129
2 143
2 151
3 14
3 23
3 40
3 44
3 47
3 49
3 61
3 69
3 80
3 84
3 85
3 104
3 112
3 113
3 125
3 138
3 145
4 59
4 78
4 79
4 96
4 100
4 102
4 111
4 126
4 134
4 145
4 154
5 9
5 13
5 16
5 23
5 27
5 39
5 66
5 97
5 101
5 149
5 155
6 12
6 30
6 31
6 34
6 39
6 41
6 42
6 44
6 48
6 49
6 89
6 114
6 121
6 138
6 141
6 144
7 19
7 23
7 30
7 33
7 38
7 56
7 58
7 67
7 68
7 84
7 87
7 98
7 107
7 135
7 151
8 2
8 11
8 12
8 15
8 32
8 40
8 84
8 112
8 114
8 132
8 133
8 139
8 147
8 152
9 6
9 16
9 17
9 24
9 35
9 49
9 50
9 58
9 71
9 99
9 118
9 120
9 148
9 149
10 7
10 11
10 48
10 73
10 90
10 92
10 103
10 106
10 117
10 146
10 150
10 152
10 153
10 154
11 25
11 28
11 32
11 36
11 45
11 47
11 61
11 62
11 66
11 68
11 79
11 95
11 102
11 104
11 109
11 111
11 116
11 123
11 125
11 130
12 18
12 20
12 33
12 36
12 37
12 39
12 71
12 74
12 93
12 103
12 112
12 115
12 125
12 132
12 136
12 138
12 154
13 3
13 23
13 24
13 35
13 58
13 92
13 103
13 108
13 113
13 119
13 140
14 18
14 22
14 45
14 54
14 55
14 59
14 64
14 75
14 80
14 82
14 84
14 111
14 117
14 128
14 131
14 140
14 151
15 5
15 13
15 22
15 23
15 39
15 45
15 56
15 58
15 61
15 102
15 120
15 141
15 148
15 155
16 15
16 19
16 32
16 36
16 67
16 82
16 105
16 109
16 120
16 129
16 131
16 135
16 142
16 148
16 150
17 13
17 37
17 38
17 39
17 49
17 53
17 64
17 68
17 91
17 99
17 106
17 112
17 122
17 128
17 140
17 144
17 146
17 148
17 152
18 3
18 7
18 19
18 35
18 43
18 46
18 54
18 62
18 67
18 68
18 74
18 81
18 84
18 93
18 103
18 112
18 115
18 158
19 10
19 34
19 45
19 49
19 72
19 80
19 95
19 101
19 115
19 122
19 127
19 130
19 131
19 132
19 134
19 144
19 158
20 7
20 27
20 29
20 46
20 65
20 83
20 87
20 92
20 96
20 106
20 107
20 121
20 143
20 148
20 156
21 3
21 22
21 57
21 61
21 68
21 80
21 107
21 120
21 133
21 137
21 143
21 147
21 157
21 159
22 9
22 16
22 18
22 39
22 47
22 57
22 66
22 79
22 81
22 93
22 96
22 110
22 134
22 143
22 159
23 10
23 19
23 28
23 30
23 32
23 38
23 43
23 51
23 55
23 61
23 86
23 101
23 123
23 125
23 128
23 144
23 148
24 5
24 10
24 36
24 48
24 59
24 70
24 102
24 105
24 110
24 130
24 144
24 149
24 152
25 4
25 23
25 31
25 36
25 38
25 56
25 90
25 94
25 103
25 116
25 121
25 131
25 139
25 142
26 1
26 9
26 25
26 33
26 43
26 76
26 77
26 79
26 94
26 102
26 145
26 147
26 151
26 159
27 2
27 17
27 28
27 31
27 35
27 36
27 61
27 80
27 92
27 143
27 146
28 5
28 15
28 37
28 48
28 54
28 69
28 97
28 102
28 104
28 114
28 126
28 129
28 131
28 147
28 148
28 150
28 151
28 152
28 158
29 21
29 35
29 44
29 60
29 61
29 65
29 87
29 90
29 92
29 97
29 115
29 124
29 135
30 8
30 13
30 40
30 48
30 58
30 65
30 68
30 73
30 83
30 84
30 88
30 91
30 105
30 117
30 128
30 134
30 136
30 148
30 149
30 153
30 154
31 17
31 32
31 51
31 54
31 59
31 86
31 92
31 127
31 130
31 146
32 0
32 2
32 7
32 27
32 50
32 60
32 61
32 62
32 73
32 86
32 90
32 92
32 109
32 113
32 125
32 127
32 129
32 130
32 153
32 156
33 1
33 3
33 6
33 25
33 56
33 58
33 65
33 73
33 77
33 113
33 134
33 135
33 140
33 143
33 159
34 7
34 11
34 50
34 52
34 61
34 64
34 71
34 81
34 83
34 89
34 103
34 110
34 113
34 121
34 130
34 131
34 155
34 156
35 4
35 21
35 28
35 37
35 42
35 85
35 87
35 112
35 117
35 124
35 140
35 146
35 149
36 21
36 22
36 35
36 38
36 63
36 89
36 133
37 16
37 22
37 26
37 39
37 42
37 62
37 64
37 79
37 86
37 93
37 109
37 117
37 130
37 157
37 159
38 1
38 2
38 12
38 15
38 16
38 30
38 32
38 61
38 71
38 79
38 91
38 98
38 116
38 126
38 132
38 137
38 139
38 146
39 8
39 18
39 32
39 52
39 53
39 60
39 65
39 72
39 74
39 76
39 78
39 80
39 82
39 98
39 99
39 113
39 128
39 139
39 150
40 6
40 12
40 13
40 15
40 18
40 21
40 24
40 27
40 32
40 47
40 48
40 66
40 67
40 101
40 105
40 111
40 112
40 155
40 158
41 3
41 11
41 28
41 29
41 31
41 33
41 34
41 52
41 58
41 64
41 85
41 91
41 101
41 103
41 112
41 116
41 117
41 139
41 146
41 154
42 1
42 3
42 25
42 30
42 40
42 44
42 59
42 66
42 67
42 73
42 78
42 81
42 91
42 116
42 140
42 145
42 151
42 153
43 1
43 9
43 11
43 50
43 56
43 57
43 59
43 77
43 78
43 79
43 81
43 86
43 91
43 96
43 116
43 123
43 145
43 152
43 155
44 5
44 8
44 14
44 16
44 20
44 26
44 38
44 40
44 41
44 54
44 65
44 68
44 76
44 88
44 101
44 112
44 114
44 158
45 17
45 30
45 31
45 34
45 38
45 43
45 50
45 76
45 78
45 82
45 95
45 100
45 105
45 123
45 130
45 139
45 147
45 148
46 9
46 14
46 24
46 30
46 41
46 42
46 53
46 58
46 61
46 65
46 73
46 79
46 91
46 105
46 120
46 149
47 1
47 16
47 27
47 62
47 68
47 69
47 70
47 75
47 85
47 100
47 114
47 133
47 144
48 0
48 4
48 5
48 33
48 38
48 45
48 55
48 68
48 89
48 106
48 115
48 118
48 157
49 13
49 16
49 18
49 22
49 24
49 31
49 40
49 44
49 66
49 86
49 93
49 103
49 118
50 12
50 15
50 18
50 27
50 38
50 40
50 44
50 68
50 74
50 75
50 77
50 79
50 87
50 91
50 92
50 94
50 101
50 113
50 130
50 139
50 141
50 143
50 146
50 153
51 2
51 7
51 16
51 20
51 22
51 66
51 68
51 70
51 83
51 89
51 90
51 93
51 120
51 126
51 128
51 129
51 139
51 144
51 152
52 0
52 6
52 56
52 58
52 80
52 82
52 91
52 92
52 94
52 99
52 101
52 103
52 117
52 125
52 129
52 135
52 142
53 10
53 13
53 30
53 33
53 34
53 56
53 57
53 63
53 66
53 75
53 79
53 80
53 88
53 90
53 94
53 102
53 103
53 126
53 135
53 148
54 16
54 22
54 27
54 29
54 35
54 39
54 60
54 67
54 81
54 96
54 115
54 119
54 130
54 151
54 157
55 20
55 24
55 25
55 35
55 37
55 38
55 54
55 69
55 76
55 82
55 85
55 112
55 117
55 143
55 149
56 1
56 9
56 26
56 28
56 35
56 49
56 55
56 74
56 79
56 83
56 84
56 91
56 110
56 130
56 136
56 140
56 144
56 155
56 157
56 158
57 12
57 17
57 29
57 34
57 58
57 59
57 70
57 72
57 98
57 114
57 121
57 123
57 133
57 152
57 154
57 159
58 3
58 14
58 17
58 20
58 32
58 36
58 44
58 51
58 53
58 64
58 75
58 88
58 101
58 109
58 111
58 130
58 146
58 148
59 8
59 9
59 15
59 29
59 40
59 41
59 49
59 51
59 58
59 61
59 67
59 80
59 87
59 91
59 99
59 104
59 109
59 116
59 137
59 153
59 158
60 35
60 56
60 68
60 72
60 73
60 79
60 95
60 98
60 102
60 121
60 134
60 145
61 12
61 31
61 33
61 41
61 51
61 71
61 77
61 94
61 110
61 137
61 138
61 142
61 147
62 8
62 12
62 33
62 34
62 61
62 82
62 93
62 111
62 129
62 149
62 158
63 0
63 11
63 14
63 16
63 27
63 70
63 113
63 121
63 131
63 146
64 5
64 13
64 22
64 36
64 52
64 55
64 57
64 78
64 81
64 85
64 91
64 98
64 103
64 149
64 151
65 9
65 22
65 28
65 56
65 58
65 61
65 66
65 76
65 82
65 95
65 96
65 100
65 103
65 108
65 114
65 124
65 125
65 137
65 138
65 154
65 157
66 36
66 38
66 90
66 138
66 148
67 6
67 28
67 35
67 39
67 57
67 75
67 79
67 80
67 81
67 82
67 86
67 97
67 116
67 127
67 140
67 146
67 155
68 32
68 59
68 64
68 69
68 77
68 79
68 96
68 105
68 130
68 134
68 152
69 10
69 11
69 14
69 19
69 21
69 29
69 37
69 50
69 53
69 78
69 84
69 88
69 103
69 111
69 112
69 119
69 122
69 158
70 14
70 15
70 22
70 26
70 27
70 29
70 32
70 35
70 38
70 94
70 95
70 100
70 103
70 118
70 121
70 128
70 131
70 150
70 153
71 15
71 24
71 39
71 46
71 50
71 56
71 58
71 74
71 99
71 100
71 122
71 123
71 137
71 138
71 154
72 2
72 58
72 61
72 82
72 90
72 92
72 100
72 130
72 139
72 154
73 2
73 18
73 31
73 47
73 49
73 74
73 81
73 83
73 86
73 94
73 104
73 119
73 140
73 142
73 153
73 155
74 6
74 20
74 23
74 32
74 36
74 46
74 61
74 89
74 98
74 114
74 115
74 122
74 143
75 5
75 6
75 16
75 22
75 27
75 28
75 43
75 51
75 54
75 60
75 61
75 64
75 79
75 82
75 130
75 134
75 135
76 17
76 20
76 22
76 24
76 25
76 28
76 30
76 36
76 50
76 54
76 58
76 74
76 90
76 92
76 103
76 123
76 125
76 127
76 136
76 141
76 142
77 4
77 7
77 10
77 22
77 27
77 42
77 46
77 53
77 59
77 65
77 120
77 122
77 140
77 142
78 28
78 33
78 58
78 73
78 95
78 114
78 140
78 143
78 144
78 152
78 154
78 159
79 6
79 7
79 30
79 32
79 62
79 65
79 73
79 125
79 126
80 4
80 6
80 16
80 26
80 34
80 37
80 48
80 54
80 64
80 97
80 101
80 121
80 132
80 144
80 154
81 4
81 25
81 26
81 35
81 48
81 50
81 83
81 109
81 116
81 120
81 131
81 133
81 148
82 30
82 38
82 61
82 66
82 68
82 73
82 102
82 105
82 115
82 122
82 125
82 127
82 131
82 139
82 141
82 148
82 150
82 159
83 27
83 28
83 40
83 41
83 44
83 47
83 54
83 62
83 64
83 68
83 102
83 106
83 113
83 114
83 116
83 121
83 134
84 0
84 10
84 26
84 32
84 34
84 37
84 51
84 83
84 89
84 99
84 104
84 110
84 120
84 122
84 126
84 130
84 157
84 158
85 18
85 25
85 30
85 52
85 69
85 73
85 91
85 98
85 126
85 134
85 153
85 154
85 158
86 4
86 17
86 25
86 26
86 27
86 59
86 60
86 68
86 69
86 88
86 89
86 100
86 104
86 118
86 121
86 151
87 8
87 25
87 33
87 44
87 45
87 55
87 64
87 68
87 81
87 84
87 86
87 94
87 105
87 107
87 112
87 114
87 142
87 157
88 23
88 31
88 34
88 37
88 49
88 56
88 70
88 72
88 73
88 75
88 77
88 96
88 102
88 104
88 109
88 143
88 149
89 2
89 15
89 18
89 26
89 28
89 43
89 50
89 79
89 83
89 118
89 120
89 123
89 129
89 136
89 139
90 2
90 12
90 20
90 21
90 23
90 30
90 45
90 74
90 99
90 108
90 115
90 117
90 127
90 134
90 154
90 157
91 3
91 8
91 20
91 21
91 28
91 31
91 35
91 44
91 48
91 58
91 67
91 79
91 83
91 93
91 97
91 100
91 102
91 125
91 132
91 156
92 14
92 15
92 18
92 45
92 46
92 54
92 74
92 79
92 85
92 115
92 139
92 140
92 154
93 34
93 47
93 60
93 74
93 81
93 83
93 85
93 94
93 98
93 102
93 127
93 147
94 5
94 7
94 9
94 18
94 40
94 54
94 60
94 77
94 78
94 95
94 99
94 120
94 124
94 125
94 131
94 136
94 145
95 4
95 10
95 25
95 26
95 29
95 39
95 41
95 43
95 46
95 47
95 57
95 62
95 75
95 87
95 90
95 99
95 106
95 108
95 122
95 144
96 18
96 25
96 29
96 58
96 63
96 67
96 85
96 100
96 105
96 108
96 113
96 120
96 123
96 129
96 144
96 155
96 157
97 12
97 15
97 32
97 46
97 48
97 71
97 77
97 83
97 86
97 106
97 111
97 130
97 131
97 137
97 141
98 30
98 34
98 35
98 52
98 62
98 81
98 88
98 100
98 105
98 112
98 130
98 144
98 158
99 7
99 16
99 20
99 58
99 70
99 79
99 80
99 87
99 91
99 96
99 105
99 129
99 134
99 140
99 157
99 159
100 3
100 15
100 33
100 38
100 41
100 51
100 55
100 60
100 63
100 73
100 92
100 114
100 118
100 122
100 123
100 125
100 141
100 147
101 4
101 12
101 27
101 31
101 34
101 55
101 56
101 96
101 102
101 112
101 119
101 126
101 135
101 138
101 141
102 5
102 13
102 14
102 18
102 21
102 31
102 32
102 42
102 61
102 75
102 77
102 90
102 116
102 118
102 125
102 135
102 136
102 143
102 145
103 19
103 30
103 36
103 38
103 44
103 48
103 50
103 54
103 80
103 83
103 91
103 124
103 133
103 159
104 0
104 4
104 5
104 8
104 19
104 69
104 78
104 83
104 93
104 94
104 99
104 115
104 120
104 121
104 129
104 137
104 156
105 23
105 26
105 34
105 35
105 59
105 63
105 70
105 76
105 78
105 79
105 88
105 91
105 127
105 133
105 152
106 3
106 5
106 8
106 11
106 14
106 28
106 36
106 42
106 49
106 50
106 59
106 65
106 81
106 91
106 109
106 132
106 133
106 136
106 137
106 141
106 159
107 14
107 35
107 51
107 71
107 73
107 84
107 100
107 102
107 110
107 111
107 117
107 126
107 128
107 145
107 151
107 154
108 0
108 9
108 16
108 27
108 28
108 32
108 54
108 55
108 62
108 91
108 99
108 101
108 109
108 128
108 133
108 136
108 144
108 151
108 152
108 158
109 2
109 13
109 17
109 24
109 26
109 27
109 30
109 38
109 72
109 94
109 110
109 126
109 141
109 151
109 154
110 3
110 15
110 20
110 27
110 36
110 40
110 44
110 54
110 58
110 65
110 90
110 101
110 112
110 118
110 138
111 1
111 13
111 15
111 23
111 34
111 42
111 49
111 53
111 60
111 63
111 65
111 84
111 96
111 126
111 127
111 128
111 141
111 142
111 149
112 7
112 50
112 80
112 95
112 96
112 106
112 121
112 137
112 146
112 153
112 154
113 26
113 27
113 28
113 36
113 37
113 59
113 110
113 122
113 127
113 138
113 149
113 153
114 7
114 10
114 15
114 26
114 32
114 37
114 39
114 41
114 43
114 53
114 56
114 62
114 76
114 80
114 84
114 91
114 104
114 112
114 125
114 134
114 135
114 138
114 140
114 141
114 144
114 145
114 151
114 159
115 2
115 5
115 14
115 30
115 36
115 52
115 58
115 64
115 68
115 79
115 80
115 81
115 111
115 122
115 132
115 144
115 145
115 147
115 151
116 0
116 4
116 7
116 10
116 37
116 45
116 50
116 51
116 53
116 62
116 99
116 101
116 111
116 129
116 130
116 137
116 159
117 0
117 4
117 7
117 21
117 23
117 32
117 45
117 57
117 58
117 77
117 81
117 101
117 112
117 115
117 116
117 123
117 142
117 143
117 153
117 157
118 6
118 12
118 15
118 19
118 20
118 22
118 24
118 30
118 34
118 40
118 41
118 53
118 62
118 64
118 76
118 81
118 95
118 97
118 112
118 113
118 116
118 123
118 152
118 155
119 7
119 12
119 16
119 22
119 24
119 25
119 40
119 53
119 76
119 82
119 87
119 103
119 112
119 123
119 146
119 156
119 159
120 13
120 34
120 35
120 36
120 40
120 48
120 55
120 65
120 85
120 86
120 88
120 92
120 101
120 105
120 114
120 117
120 135
120 155
121 11
121 14
121 47
121 62
121 84
121 91
121 110
121 119
121 122
121 143
122 18
122 34
122 37
122 38
122 40
122 75
122 92
122 93
122 104
122 123
122 139
122 143
122 147
123 2
123 5
123 20
123 34
123 35
123 42
123 58
123 75
123 84
123 86
123 103
123 105
123 108
123 115
123 126
123 130
123 136
123 146
124 1
124 9
124 12
124 13
124 28
124 44
124 53
124 68
124 85
124 95
124 109
124 119
124 129
124 130
124 134
124 143
125 0
125 15
125 18
125 21
125 43
125 47
125 55
125 63
125 74
125 85
125 88
125 93
125 96
125 97
125 98
125 106
125 116
125 118
125 134
125 143
126 0
126 9
126 11
126 14
126 17
126 22
126 61
126 62
126 73
126 74
126 81
126 106
126 128
126 129
126 141
126 147
127 2
127 3
127 7
127 26
127 35
127 48
127 58
127 60
127 63
127 64
127 84
127 91
127 101
127 120
127 125
127 144
127 154
127 157
128 12
128 16
128 18
128 29
128 36
128 40
128 45
128 60
128 67
128 77
128 78
128 86
128 88
128 99
128 104
128 112
128 117
128 139
129 1
129 7
129 14
129 30
129 42
129 71
129 75
129 81
129 90
129 93
129 133
129 138
129 147
129 149
129 154
130 9
130 10
130 17
130 23
130 29
130 42
130 47
130 70
130 74
130 77
130 78
130 87
130 111
130 122
130 126
130 127
130 140
130 144
130 148
130 152
130 158
131 4
131 8
131 12
131 33
131 39
131 48
131 55
131 57
131 61
131 80
131 98
131 99
131 102
131 112
131 121
131 122
131 126
132 3
132 25
132 50
132 63
132 74
132 79
132 97
132 98
132 108
132 126
132 128
132 133
132 144
132 149
132 152
132 154
133 4
133 7
133 10
133 13
133 27
133 34
133 60
133 69
133 71
133 72
133 75
133 78
133 94
133 117
133 120
133 125
133 126
133 128
133 130
133 151
133 158
134 9
134 10
134 12
134 13
134 28
134 29
134 37
134 64
134 72
134 73
134 80
134 97
134 105
134 120
134 128
134 131
134 146
134 154
134 157
134 158
135 44
135 56
135 60
135 111
135 116
135 117
135 125
136 14
136 31
136 34
136 52
136 54
136 57
136 65
136 74
136 93
136 111
136 112
136 116
136 145
136 158
137 13
137 14
137 28
137 57
137 74
137 88
137 98
137 107
137 108
137 110
137 114
137 143
137 159
138 2
138 29
138 33
138 55
138 67
138 70
138 100
138 104
138 121
138 125
138 126
138 151
139 3
139 7
139 10
139 17
139 33
139 36
139 37
139 48
139 60
139 93
139 115
139 136
140 5
140 21
140 39
140 47
140 50
140 63
140 68
140 86
140 93
140 95
140 126
140 135
140 136
140 141
140 146
140 153
141 12
141 24
141 30
141 54
141 67
141 68
141 74
141 94
141 108
141 115
142 7
142 15
142 18
142 21
142 40
142 66
142 83
142 94
142 103
142 107
142 112
142 115
142 119
142 145
143 3
143 8
143 10
143 11
143 17
143 30
143 34
143 52
143 53
143 76
143 82
143 83
143 111
143 120
143 123
143 128
143 158
144 5
144 8
144 12
144 45
144 70
144 84
144 101
144 103
144 112
144 121
144 133
144 153
144 156
145 29
145 35
145 37
145 57
145 69
145 75
145 111
145 128
145 133
145 143
145 148
145 155
146 12
146 25
146 36
146 61
146 73
146 76
146 82
146 96
146 107
146 124
146 136
146 138
146 139
146 142
146 149
147 12
147 32
147 49
147 73
147 79
147 96
147 118
147 127
147 142
147 155
147 158
148 2
148 5
148 14
148 21
148 29
148 31
148 36
148 43
148 55
148 56
148 63
148 78
148 87
148 91
148 92
148 96
148 104
148 106
148 120
148 123
148 131
148 132
148 140
148 142
148 143
148 147
148 153
149 2
149 6
149 14
149 15
149 19
149 32
149 36
149 43
149 69
149 71
149 72
149 75
149 81
149 85
149 90
149 95
149 109
149 112
149 118
149 123
149 135
149 152
149 156
150 26
150 32
150 34
150 42
150 53
150 63
150 73
150 74
150 85
150 91
150 102
150 107
150 112
150 122
150 124
150 142
150 147
151 4
151 16
151 18
151 29
151 33
151 34
151 52
151 58
151 66
151 89
151 93
151 99
151 106
151 136
151 137
152 14
152 15
152 23
152 26
152 27
152 31
152 36
152 46
152 52
152 55
152 70
152 81
152 85
152 93
152 104
152 106
152 109
152 114
152 116
152 121
152 123
152 133
153 20
153 27
153 35
153 47
153 51
153 52
153 54
153 55
153 77
153 80
153 90
153 95
153 104
153 123
153 124
153 127
154 3
154 24
154 26
154 33
154 37
154 39
154 46
154 50
154 52
154 103
154 116
154 119
154 150
155 4
155 23
155 25
155 27
155 28
155 32
155 41
155 49
155 50
155 58
155 88
155 89
155 92
155 100
155 111
155 134
155 135
155 156
156 1
156 12
156 33
156 37
156 42
156 44
156 56
156 63
156 81
156 86
156 90
156 95
156 135
156 137
156 145
156 159
157 32
157 35
157 62
157 71
157 74
157 86
157 91
157 98
157 105
157 106
157 114
157 120
157 124
157 128
157 137
157 138
157 158
158 1
158 3
158 11
158 13
158 30
158 49
158 55
158 66
158 82
158 87
158 89
158 93
158 97
158 100
158 106
158 111
158 116
158 121
158 144
159 1
159 4
159 5
159 29
159 42
159 54
159 69
159 76
159 87
159 94
159 101
159 108
159 128
159 134
159 135
159 136
159 145
0 1 2 3 4 5 6 7 8 9 10 11
