160 812 7
0 2
0 17
0 32
0 37
0 49
0 75
0 85
0 87
0 102
0 158
1 7
1 11
1 28
1 53
1 54
1 114
2 63
2 78
2 90
2 91
2 96
3 17
3 28
3 32
3 88
3 113
3 116
4 98
4 117
4 121
5 33
5 73
5 95
5 136
6 23
6 55
6 70
6 142
7 15
7 86
7 95
8 34
8 36
8 68
8 92
8 113
8 121
8 123
8 128
8 144
9 69
9 74
9 87
9 151
10 5
10 27
10 82
10 107
10 122
11 14
11 17
11 55
11 80
11 119
12 10
12 78
12 82
12 98
13 2
13 11
13 86
13 104
13 114
13 115
14 20
14 80
15 32
15 82
15 96
16 75
16 92
17 24
17 45
17 56
17 135
18 27
18 85
18 122
18 155
18 156
19 12
19 16
19 62
19 157
20 24
20 41
20 43
20 54
20 61
20 73
20 85
20 135
20 144
21 6
21 58
21 67
21 69
21 78
21 90
21 133
21 139
22 36
22 83
23 16
23 84
24 31
24 53
24 55
24 57
24 129
25 10
25 15
25 29
25 130
26 80
26 95
26 116
26 125
27 9
27 55
27 111
27 123
27 128
27 136
27 156
28 36
28 75
28 103
28 115
29 0
29 3
29 62
29 70
29 78
29 81
29 115
29 121
29 124
30 16
30 39
30 70
30 148
30 155
31 66
31 89
31 102
32 9
32 21
32 52
32 62
32 83
32 88
32 91
32 150
32 152
33 40
33 60
33 101
33 107
33 123
33 146
34 31
34 61
34 76
34 103
34 110
34 112
34 119
35 20
35 47
35 50
35 52
35 72
35 104
35 118
36 2
36 15
36 43
36 62
36 80
36 83
36 90
36 108
37 119
37 126
37 147
38 6
38 22
38 36
38 54
38 114
38 123
39 38
39 56
39 94
39 126
39 146
40 32
40 104
41 0
41 96
41 113
41 151
42 108
42 137
42 142
43 5
43 49
43 85
43 91
44 33
44 96
44 111
44 152
45 75
45 115
45 117
46 4
46 37
46 49
46 72
46 109
46 141
46 145
47 61
48 11
48 34
48 56
48 100
48 152
49 3
49 39
49 44
49 92
49 115
49 155
50 40
50 135
50 150
51 6
51 10
51 13
51 103
51 131
51 146
52 51
52 57
52 106
53 10
53 26
53 30
53 90
54 41
54 81
54 110
54 139
55 1
55 89
55 95
55 135
55 147
56 156
57 1
57 53
57 118
57 155
58 53
58 88
58 110
58 122
58 127
58 147
59 0
59 2
59 50
59 68
59 76
59 84
60 10
60 26
60 29
60 100
60 103
60 104
60 122
60 140
61 33
61 48
61 121
61 142
62 7
62 21
62 42
62 80
62 99
62 100
62 109
62 110
62 134
62 150
63 53
63 58
63 62
63 80
63 107
63 116
63 154
64 28
64 68
64 148
65 29
65 76
65 81
65 124
65 126
65 145
66 23
66 70
66 92
66 102
66 115
67 7
67 11
67 20
67 28
67 44
67 45
67 65
67 111
67 153
68 20
68 30
68 75
68 96
69 6
69 39
69 129
69 147
70 0
70 35
70 92
70 115
71 19
71 20
71 37
71 46
71 57
71 99
71 129
71 150
71 153
72 5
72 10
72 24
72 30
72 67
72 97
72 126
73 56
73 88
73 102
73 110
73 130
73 141
73 144
74 14
74 60
74 95
74 105
74 110
75 5
75 23
75 25
75 29
75 39
75 77
75 105
76 81
76 84
76 116
76 156
77 20
77 43
77 97
77 104
77 144
78 10
78 15
78 86
78 97
78 118
78 127
79 2
79 72
79 85
79 109
79 123
79 145
80 18
80 47
80 66
80 69
80 138
81 6
81 13
81 33
81 100
81 136
81 150
82 0
82 53
82 75
82 95
82 105
83 5
83 23
83 45
83 78
83 79
83 89
83 95
83 145
84 8
84 43
84 50
84 56
84 74
84 87
84 119
85 42
85 51
85 120
86 22
86 144
87 19
87 72
87 92
87 100
87 104
87 116
87 156
88 11
88 27
88 75
88 146
89 12
89 37
89 69
89 81
89 82
89 96
89 126
90 7
90 40
90 49
90 115
90 129
90 153
91 4
91 42
91 44
91 107
91 113
91 139
92 29
92 40
92 54
92 84
92 101
92 109
93 31
93 36
93 49
93 52
93 58
93 61
93 132
94 3
95 71
95 77
95 84
95 144
96 34
96 40
96 123
97 17
97 29
97 46
97 64
97 109
97 129
97 145
98 25
98 57
98 128
99 76
99 132
99 152
100 102
100 123
101 31
101 44
101 53
101 117
102 39
102 75
102 106
102 153
103 10
103 23
103 61
103 112
103 132
103 134
104 46
104 116
104 156
104 159
105 13
105 28
105 31
105 49
105 72
105 92
105 100
105 142
106 40
106 67
106 83
106 84
107 4
107 62
108 26
108 29
108 47
108 56
108 98
108 100
108 113
108 116
108 143
109 15
109 27
109 75
109 106
109 118
109 131
110 6
110 7
110 42
110 56
110 103
110 118
110 128
111 29
111 43
111 65
111 77
111 114
112 0
112 1
112 9
112 48
112 60
112 67
112 76
112 78
112 86
112 94
112 121
112 154
113 15
113 19
113 69
113 152
113 159
114 35
114 97
114 118
116 21
116 130
117 19
117 51
117 58
117 89
117 102
117 112
117 129
118 11
118 22
118 47
118 48
119 31
119 68
119 69
119 98
119 107
119 108
119 118
119 153
119 155
120 113
120 127
120 154
121 65
121 99
121 113
121 140
121 151
122 36
122 67
122 113
122 145
123 25
123 99
123 140
124 0
124 14
124 41
124 74
124 87
124 106
125 109
125 141
126 22
126 56
126 59
126 79
126 83
126 101
126 110
126 150
127 49
127 105
127 124
128 3
128 11
128 21
128 49
128 53
128 77
128 104
128 107
128 134
129 0
129 5
129 93
130 8
130 9
130 66
131 85
131 108
131 138
131 158
132 0
132 38
132 55
132 62
132 84
132 115
132 117
132 118
132 131
133 13
133 16
133 37
133 80
133 85
133 87
133 124
133 125
133 154
134 10
134 78
134 81
134 92
134 114
134 115
134 133
135 57
135 62
135 102
136 67
136 75
136 114
136 118
136 132
137 0
137 28
137 35
137 132
137 144
138 22
138 54
138 103
138 129
139 3
139 20
139 93
139 103
139 120
139 127
139 137
139 152
140 7
140 8
140 23
141 14
141 30
141 42
141 59
141 99
141 105
142 40
142 78
142 85
142 117
142 128
143 69
143 99
143 125
143 126
143 159
144 24
144 27
144 36
144 51
144 78
144 115
144 125
144 127
144 128
144 143
145 10
145 25
145 29
145 31
145 52
145 133
145 143
146 56
146 120
147 3
147 6
147 19
148 15
148 37
148 53
149 19
149 34
149 62
149 93
149 112
149 145
150 29
150 45
150 53
150 54
150 56
150 106
150 116
150 123
151 0
151 47
151 79
152 22
152 52
152 54
152 79
152 146
153 111
153 128
154 62
154 147
154 150
155 16
155 21
155 43
155 84
155 87
155 125
155 140
155 149
155 150
155 158
156 10
156 38
157 15
157 25
157 82
157 121
158 4
158 15
158 27
158 81
158 130
159 29
159 31
159 55
159 61
159 64
159 119
0 1 2 3 4 5 6
