160 898 40
0 25
0 26
0 59
0 61
0 87
1 30
1 45
1 59
1 98
2 70
2 79
2 88
2 93
2 108
2 116
2 155
3 46
3 52
3 100
3 105
3 108
3 146
3 148
4 11
4 23
4 56
4 64
5 17
5 42
5 54
5 119
5 150
6 4
6 27
6 28
6 36
6 47
6 90
6 96
7 33
7 49
7 135
8 21
8 105
8 109
8 117
9 50
9 63
9 67
9 82
9 112
9 127
9 153
10 3
10 44
10 57
10 67
10 142
10 144
10 158
11 4
11 96
11 104
11 109
12 3
12 81
12 89
12 99
12 146
13 11
13 62
13 89
13 109
13 140
14 8
14 52
14 73
14 81
14 114
14 117
14 127
15 17
15 53
15 101
15 114
16 3
16 49
17 52
17 116
18 11
18 75
18 97
18 103
18 132
18 140
18 147
19 27
19 31
19 60
19 113
19 114
19 147
20 4
20 75
20 83
20 84
20 101
20 115
20 144
21 17
21 44
21 79
21 92
21 126
21 151
22 7
22 64
22 95
22 106
22 107
22 125
23 4
23 15
23 32
23 51
23 55
23 63
23 118
24 38
25 0
25 75
25 142
26 6
26 75
26 78
26 85
26 109
26 140
26 143
26 146
27 6
27 15
27 125
28 64
28 91
28 110
28 154
28 158
29 14
29 36
29 45
29 46
29 49
29 96
29 150
30 29
30 65
30 69
30 88
30 137
31 11
31 17
31 27
31 36
31 66
31 70
31 152
31 158
32 1
32 6
32 23
32 47
32 56
32 97
32 149
33 2
33 29
33 66
33 67
33 99
33 116
34 62
34 128
35 46
35 119
35 134
35 144
36 20
36 51
36 65
36 68
36 75
36 81
36 87
36 88
36 98
36 99
36 109
36 111
36 158
37 5
37 34
37 119
37 145
38 24
38 47
38 54
38 63
38 100
38 115
38 120
38 134
38 144
39 42
39 62
39 64
39 74
39 76
39 105
39 111
40 15
40 64
40 82
40 117
40 118
41 4
41 7
41 59
41 62
41 81
41 154
42 6
42 39
42 43
42 58
42 74
42 135
42 159
43 39
43 42
43 85
43 137
43 144
44 0
44 23
44 45
44 115
44 129
45 62
45 66
45 148
46 3
46 12
46 17
46 29
46 30
46 35
46 50
46 102
46 113
46 153
47 51
47 114
47 137
47 140
48 12
48 32
48 33
48 61
48 98
48 131
48 142
48 149
49 16
49 21
49 43
49 68
49 157
50 18
50 40
50 55
50 75
50 84
50 131
50 138
51 67
51 107
51 108
51 135
52 39
52 69
52 85
52 94
52 118
53 13
53 50
54 8
54 44
54 77
55 11
55 53
55 66
55 131
55 142
56 2
56 31
56 32
56 44
56 46
56 72
56 77
56 108
56 109
57 136
58 15
58 23
58 30
58 42
58 50
58 66
58 83
58 109
59 22
59 72
59 102
59 111
59 120
59 122
59 139
59 145
60 76
60 100
60 116
61 59
61 75
61 78
61 111
61 122
62 43
62 50
62 61
62 85
62 86
62 87
62 133
63 35
63 58
63 73
63 102
63 120
63 123
63 157
64 68
64 109
64 146
64 148
65 18
65 33
65 127
65 158
66 56
66 82
66 85
67 9
67 11
67 12
67 55
67 70
67 87
67 88
67 107
67 156
68 7
68 13
68 38
68 45
68 56
68 73
68 93
69 12
69 25
69 30
69 46
69 70
69 146
70 21
70 67
70 90
70 115
70 136
71 20
71 43
71 62
71 139
71 148
71 152
72 31
72 60
72 79
72 88
72 99
72 105
72 122
72 153
73 6
73 13
73 52
73 60
73 82
73 113
73 121
73 139
74 78
74 82
74 90
74 92
74 106
74 115
74 118
74 149
75 20
75 21
75 73
75 155
76 57
76 75
76 144
76 150
77 4
77 34
77 69
77 105
78 0
78 44
78 50
78 54
78 79
78 108
78 131
78 136
79 53
79 75
79 81
79 109
79 116
79 123
79 126
80 6
80 48
80 58
80 83
80 104
80 108
81 14
81 32
81 57
81 95
82 33
82 43
82 59
82 61
82 108
82 126
82 142
82 153
83 20
83 23
83 30
83 46
83 51
83 61
83 77
83 128
83 151
84 5
84 22
84 57
84 100
84 101
84 103
84 135
85 21
85 29
85 62
85 66
85 114
85 130
86 10
86 16
86 62
86 82
86 87
87 0
87 36
87 47
87 149
88 36
88 49
88 116
88 135
89 3
89 92
89 108
89 136
89 143
90 71
90 101
90 109
91 20
91 46
91 73
91 98
92 6
92 36
92 54
92 71
92 72
92 85
92 89
92 99
92 100
92 118
92 152
92 153
92 154
93 12
93 26
93 36
93 63
93 77
93 90
93 97
93 111
93 139
93 146
94 43
94 62
94 112
94 138
94 155
95 7
95 35
95 43
95 74
95 146
95 155
95 157
96 8
96 40
96 69
96 95
96 109
96 131
96 140
97 51
97 52
97 104
98 1
98 11
98 15
98 36
98 41
98 91
98 118
99 5
99 48
99 128
99 159
100 3
100 79
100 90
100 92
100 158
101 6
101 30
101 81
101 84
101 90
101 99
101 114
101 135
102 45
102 46
102 111
102 127
102 138
102 139
103 49
103 86
104 58
104 122
104 140
104 141
105 127
106 56
106 74
107 1
107 28
107 43
107 78
107 105
107 122
107 133
107 146
108 39
108 48
108 116
108 124
108 125
108 141
108 143
108 147
109 11
109 16
109 96
109 116
109 158
110 32
110 42
110 88
110 107
110 137
111 13
111 106
111 112
111 121
111 159
112 27
112 39
112 94
112 111
112 131
112 158
113 31
113 46
113 54
113 57
113 69
113 104
113 105
114 15
114 47
114 54
114 57
114 80
114 127
115 9
115 149
116 39
116 82
116 88
116 108
116 118
116 153
117 31
117 56
117 63
117 119
118 9
118 25
118 40
118 116
118 122
118 145
119 40
119 53
119 65
119 154
120 2
120 46
120 50
120 63
120 137
120 142
121 12
121 14
121 50
121 67
121 79
121 102
121 107
121 127
121 152
122 30
122 36
122 37
122 76
122 103
122 104
122 106
122 114
122 116
122 118
122 153
123 44
123 51
123 115
124 23
124 74
124 116
125 27
125 49
125 143
126 21
126 31
126 71
126 131
127 2
127 9
127 10
127 18
127 27
127 51
127 91
127 99
127 102
128 34
128 121
129 16
129 21
129 25
129 26
129 88
129 109
130 0
130 1
130 5
130 32
130 47
130 158
131 1
131 4
131 110
131 134
132 4
132 18
132 38
133 39
133 49
133 55
133 66
134 38
134 57
134 101
135 1
135 65
135 101
135 106
135 108
136 39
136 41
136 70
136 78
136 129
136 130
136 132
136 141
137 65
137 83
137 120
138 8
138 23
138 44
138 50
138 56
138 68
138 79
138 100
138 104
138 116
138 120
138 157
139 57
139 71
139 83
139 93
139 102
139 110
139 118
139 128
139 143
140 19
140 75
140 95
140 96
140 118
140 127
141 26
142 23
142 26
142 29
142 55
142 79
142 82
142 86
142 96
142 158
143 0
143 2
143 26
143 68
143 76
143 79
143 112
143 122
144 4
144 5
144 10
144 50
144 51
144 52
144 97
144 117
145 9
145 10
145 13
145 14
145 108
145 125
145 140
146 26
146 30
146 41
146 43
146 64
146 107
146 112
146 149
147 18
147 19
147 61
147 85
147 97
147 129
147 131
148 38
148 68
148 78
148 112
149 12
149 93
149 110
149 115
149 123
149 130
149 146
150 19
150 53
150 81
151 52
151 63
151 71
151 85
151 125
151 141
152 47
152 71
152 92
152 96
152 100
152 121
152 123
152 147
152 153
153 9
153 121
153 139
153 152
154 24
154 59
154 101
154 115
154 145
155 15
155 33
155 79
155 94
155 144
155 158
156 72
156 101
156 109
156 123
156 136
157 4
157 24
157 84
158 24
158 65
158 85
158 112
158 132
158 155
159 87
159 89
159 122
159 135
159 148
0 1 2 3 4 5 6 7 8 9 10 11 12 13 14 15 16 17 18 19 20 21 22 23 24 25 26 27 28 29 30 31 32 33 34 35 36 37 38 39
