160 379 12
0 2
0 29
0 41
0 49
0 70
0 87
0 124
0 132
1 54
1 55
1 57
1 112
1 114
2 0
2 79
2 96
3 29
3 94
3 147
4 98
5 33
5 43
6 55
7 95
7 140
8 92
8 144
9 27
9 87
9 112
10 12
10 27
10 53
10 82
10 107
10 156
11 14
11 55
11 128
12 10
12 89
13 86
13 133
14 11
15 148
15 157
16 75
16 92
17 56
17 135
18 27
19 117
20 73
20 135
21 128
21 139
22 83
23 16
23 75
23 140
24 17
24 31
24 55
25 29
26 53
26 95
27 10
27 18
27 55
27 109
27 111
28 3
29 108
29 121
30 141
31 24
31 66
32 83
33 5
33 44
33 61
33 146
34 149
35 52
36 43
36 90
37 71
37 89
38 36
38 156
39 56
40 90
40 106
41 0
41 113
42 141
43 5
43 20
43 36
44 33
44 101
45 115
45 150
46 49
46 104
46 141
49 0
49 46
49 105
49 115
49 127
49 128
50 59
50 84
51 131
51 146
52 35
52 93
52 152
53 26
54 1
54 138
54 152
55 6
55 11
55 24
55 27
55 147
56 17
56 39
56 156
58 127
59 50
59 68
59 76
59 84
60 74
60 103
60 122
61 33
61 48
61 93
61 103
62 36
62 80
62 132
62 154
63 58
64 159
65 111
66 31
66 80
66 102
68 59
68 75
68 96
69 80
69 89
70 30
71 37
71 129
71 150
71 153
72 46
72 126
73 102
73 141
74 105
75 0
75 5
75 23
75 68
75 88
75 109
76 59
76 99
76 112
77 75
78 127
78 142
78 144
79 2
79 145
80 47
80 62
80 66
80 69
80 138
81 100
81 134
81 136
82 10
82 105
83 5
83 22
83 36
83 89
83 95
84 50
84 59
85 20
86 13
86 22
87 9
87 100
87 133
87 155
89 12
89 69
89 83
90 40
90 115
91 2
91 113
92 8
92 49
92 134
93 52
93 61
93 149
96 2
96 40
96 68
98 4
98 108
99 76
99 132
99 143
100 62
100 81
100 87
101 44
101 126
102 0
102 66
102 135
103 10
103 60
103 110
103 112
103 132
103 139
104 46
104 116
104 159
105 49
105 82
105 142
106 40
106 84
106 150
108 29
108 98
109 15
109 27
109 62
109 75
109 97
109 125
111 27
111 65
112 1
112 9
112 76
112 117
113 91
113 152
114 1
114 134
115 45
115 90
116 104
117 102
117 112
118 47
118 57
118 110
119 69
119 155
121 29
121 140
121 151
122 60
123 140
124 0
125 109
126 72
126 101
127 49
127 58
127 78
127 120
128 21
128 49
128 142
128 153
129 24
129 71
129 138
130 8
131 51
131 132
132 0
132 62
132 93
132 118
132 131
132 137
133 13
134 81
134 92
134 114
135 17
135 20
136 81
136 118
136 132
137 35
137 132
137 139
138 54
138 80
138 129
139 103
139 137
140 7
140 23
140 121
140 123
140 155
141 14
141 30
141 42
141 73
142 78
142 105
143 99
143 108
143 159
144 8
144 78
145 79
146 33
146 51
147 3
147 19
147 55
148 15
149 93
149 112
149 155
150 45
150 56
150 81
152 32
152 52
152 54
152 113
153 67
153 71
153 102
153 128
154 62
154 63
155 43
155 119
155 125
155 140
155 149
155 150
156 10
156 18
156 38
157 15
158 0
158 27
159 64
159 104
159 143
0 1 2 3 4 5 6 7 8 9 10 11
