160 812 12
0 1
0 10
0 46
0 55
0 60
0 98
0 112
0 114
0 127
1 62
1 72
1 79
1 113
1 114
1 117
2 39
2 159
3 14
3 39
3 42
3 58
3 69
3 70
3 82
3 90
3 94
3 127
4 43
4 77
4 90
5 13
5 47
6 7
6 16
6 58
6 135
7 25
7 65
7 137
8 6
8 65
8 134
9 1
9 24
9 31
9 51
9 61
9 108
9 113
9 115
9 122
10 4
10 41
10 63
10 95
10 132
10 158
11 53
11 140
12 21
12 22
12 85
12 93
12 127
12 147
13 2
13 4
13 48
13 154
13 157
14 7
14 43
14 60
14 73
14 83
14 88
14 98
14 117
14 148
15 43
15 44
16 20
16 33
16 53
16 58
16 73
16 117
16 132
16 154
17 14
17 48
17 49
17 99
17 106
18 13
18 119
18 136
18 154
19 1
19 37
19 46
19 49
19 76
19 109
19 111
19 137
20 26
20 34
20 38
20 62
20 94
20 116
20 122
21 9
21 11
21 58
21 103
22 15
22 20
23 15
23 31
23 53
23 61
23 63
23 83
23 144
24 65
24 94
25 41
25 76
25 90
25 118
25 129
26 60
26 63
26 74
26 92
26 138
27 1
27 53
27 102
27 136
28 20
28 22
28 35
28 68
28 121
28 156
28 159
29 131
29 135
30 27
30 32
30 77
31 3
31 5
31 39
31 78
31 109
31 136
31 138
32 4
32 7
32 31
32 59
32 155
33 48
33 84
33 85
33 105
33 110
33 136
33 153
34 2
34 82
34 106
34 135
35 30
35 49
35 73
35 84
35 99
35 148
35 152
36 51
36 57
36 88
36 103
36 112
37 5
37 84
37 95
37 117
37 150
38 23
38 58
38 59
38 66
38 73
38 146
39 8
39 58
39 74
39 113
39 152
39 155
40 23
40 56
40 79
40 105
41 2
41 11
41 16
41 43
41 66
41 134
42 28
42 81
42 86
42 102
42 140
43 0
43 66
43 81
43 97
43 149
44 1
44 10
44 45
44 131
45 64
45 85
45 134
46 39
46 42
46 58
46 60
46 75
46 93
46 131
46 135
46 156
46 157
47 10
47 44
48 24
48 98
48 102
49 16
49 42
49 56
49 75
49 138
50 6
50 39
50 51
50 83
50 88
50 105
50 119
51 47
51 75
51 110
51 132
52 8
52 9
52 139
53 39
53 104
53 116
53 139
54 11
54 26
54 78
54 86
54 129
54 148
55 15
55 18
56 34
56 86
56 148
57 31
57 75
57 111
57 120
57 134
57 155
57 159
58 0
58 14
58 45
58 83
58 85
58 92
58 136
58 140
58 142
59 7
59 14
59 26
59 30
59 96
59 117
59 133
59 137
59 157
60 1
60 47
60 56
60 67
60 72
60 75
60 107
60 117
60 136
61 50
61 57
61 93
61 97
61 112
62 28
62 42
62 52
62 56
62 72
62 102
63 32
63 78
63 94
63 107
63 132
64 40
64 101
64 119
64 129
64 137
65 22
65 30
65 40
65 43
65 52
65 91
65 92
65 155
66 13
66 49
66 53
66 108
66 138
66 155
67 12
67 143
68 46
68 98
68 128
68 131
68 137
68 138
69 12
69 21
69 43
69 75
69 90
70 87
70 127
70 128
70 134
70 141
70 144
71 11
71 15
71 19
71 52
71 138
71 151
71 158
72 4
72 40
72 51
72 52
72 56
72 68
72 110
72 159
73 12
73 31
73 50
73 53
73 60
73 109
74 19
74 66
74 98
74 157
75 16
75 19
75 44
75 55
75 67
75 74
75 88
75 120
75 146
76 89
76 120
77 12
77 24
77 94
77 101
77 110
77 145
77 149
78 24
78 32
78 41
78 44
78 76
79 3
79 92
79 95
79 96
79 100
79 141
80 0
80 14
80 36
80 92
80 134
80 140
81 24
81 61
81 143
81 147
82 35
82 99
82 118
82 138
83 30
83 77
83 99
83 154
84 47
84 82
85 5
85 15
85 22
85 49
85 87
86 18
86 104
86 131
86 152
87 23
87 25
87 27
87 39
87 80
87 98
87 106
89 3
89 14
89 29
89 59
89 116
89 145
90 44
90 93
90 138
90 155
91 40
91 53
91 63
91 74
91 107
91 123
91 125
91 147
92 3
92 15
92 46
92 63
92 101
92 114
92 143
92 156
93 73
93 80
93 146
94 46
94 95
94 104
94 123
94 125
95 8
95 11
95 27
95 29
95 86
95 141
96 13
96 20
96 26
96 40
96 77
96 115
96 139
97 0
97 42
97 58
97 107
97 128
98 90
98 116
98 139
99 50
99 79
99 131
100 2
100 50
100 74
100 124
100 148
100 149
101 15
101 20
101 46
101 48
101 75
102 14
102 19
102 28
102 37
102 93
102 120
102 145
102 150
103 34
103 66
103 85
103 135
104 6
104 38
104 41
104 154
104 158
105 2
105 34
105 96
106 57
107 7
107 49
107 83
107 103
107 131
107 134
108 78
108 97
108 105
108 139
108 145
109 0
109 5
109 6
109 21
109 29
109 75
109 139
109 144
110 21
110 79
110 146
110 159
111 18
111 60
111 94
111 139
111 144
111 148
112 43
112 54
112 67
113 24
113 50
113 53
113 104
113 111
114 42
114 57
114 67
114 77
114 84
114 137
115 29
115 35
115 41
115 42
115 67
115 110
115 148
116 47
116 95
116 96
116 99
116 112
117 4
117 43
117 44
117 130
117 143
118 79
118 104
118 116
118 137
119 12
119 15
119 42
119 63
119 70
119 93
119 123
119 149
120 82
120 99
120 105
120 110
120 131
120 136
120 143
121 32
121 57
121 63
121 69
121 79
121 87
121 100
121 102
122 4
122 58
122 82
122 116
122 117
123 14
123 17
123 41
123 51
123 97
123 101
123 103
123 121
124 9
124 19
124 78
124 154
125 11
125 83
126 9
126 22
126 45
126 55
126 78
126 115
127 31
127 111
127 155
128 11
128 59
128 112
128 143
129 60
129 81
129 122
130 52
130 78
130 83
130 128
130 143
130 156
131 15
131 59
131 81
132 17
132 53
132 55
132 64
132 68
132 94
132 120
132 150
133 39
133 52
133 58
133 96
133 108
133 131
134 21
134 60
134 118
135 3
135 14
135 55
135 67
136 12
136 32
136 48
136 56
136 98
136 131
137 8
137 24
137 69
137 111
137 125
137 128
137 130
137 132
138 129
138 142
138 148
139 10
139 37
139 49
139 138
140 37
141 18
141 39
141 62
141 65
141 92
141 130
142 24
142 48
142 93
142 118
142 126
142 130
143 0
143 65
144 14
144 56
144 59
144 92
144 104
144 126
145 20
145 32
145 84
145 122
145 156
146 36
146 52
146 95
146 131
146 143
147 85
147 112
148 28
148 38
148 53
148 92
148 110
148 120
148 142
149 3
149 15
149 49
149 116
149 129
150 16
150 31
150 74
150 129
151 24
151 31
151 65
151 138
152 38
152 112
152 148
153 12
153 45
153 54
153 59
153 88
153 104
153 146
154 53
154 103
155 11
155 85
155 118
155 159
156 1
156 100
156 147
156 154
156 155
157 10
157 21
157 71
157 76
158 27
158 65
158 88
158 113
158 115
158 124
159 17
159 40
159 73
159 108
159 151
0 1 2 3 4 5 6 7 8 9 10 11
