160 416 12
0 16
0 25
0 43
0 81
0 99
0 115
0 128
0 136
1 25
1 102
1 107
2 96
2 135
3 71
3 152
4 78
4 116
5 14
5 80
6 14
6 74
6 92
7 37
7 44
7 84
7 86
7 95
8 73
9 51
9 132
10 128
11 105
11 140
12 19
12 45
12 70
12 84
13 55
13 88
14 5
14 58
14 61
14 76
14 89
14 150
15 84
15 133
16 0
16 20
16 21
16 78
16 108
16 122
16 144
17 80
18 55
18 93
19 12
19 82
19 90
19 101
19 105
20 16
20 82
20 85
21 16
22 11
22 53
22 107
22 116
23 25
24 25
25 1
25 24
25 44
25 59
25 88
25 157
26 128
27 63
27 139
28 117
28 136
29 158
30 39
30 72
30 114
30 121
31 81
32 39
32 76
32 119
33 62
33 71
33 83
33 153
34 44
34 85
34 108
35 42
35 99
36 30
36 89
37 7
37 24
37 144
38 87
38 149
39 30
39 32
40 74
41 50
42 35
42 59
42 73
43 0
43 22
43 51
43 55
43 129
43 135
44 7
44 25
44 34
44 90
45 12
45 139
46 81
46 95
46 115
46 120
47 66
47 82
47 98
47 128
47 146
48 54
49 149
50 41
51 9
51 43
52 128
52 141
53 22
53 57
53 144
54 48
54 141
54 152
55 13
55 98
55 100
56 85
56 116
56 131
57 53
57 118
57 136
58 14
58 72
58 136
58 154
59 25
59 42
59 125
62 33
62 79
62 109
63 27
63 142
63 158
64 39
65 43
66 47
66 130
67 58
67 95
67 133
68 136
69 125
70 12
70 105
71 3
71 33
71 128
72 30
72 58
73 8
73 42
73 98
73 119
73 125
74 40
74 79
74 84
74 85
74 98
74 131
74 137
75 22
75 156
76 14
76 32
77 135
78 4
78 16
78 124
78 148
79 62
79 74
79 80
79 91
80 5
80 17
80 79
81 0
81 30
81 31
81 46
81 101
81 112
81 126
82 19
82 20
82 47
83 33
83 43
83 115
84 7
84 12
84 74
84 94
84 97
84 102
85 20
85 34
85 56
85 74
85 98
86 7
86 111
87 157
88 13
88 25
88 89
89 14
89 36
89 88
89 113
89 116
89 150
90 19
91 79
92 6
92 96
92 117
93 18
94 84
95 7
95 46
95 67
97 84
97 101
97 121
98 47
98 55
98 73
98 74
98 85
99 35
100 55
100 64
100 154
101 19
101 97
101 143
101 145
102 1
102 84
102 129
103 146
104 81
105 11
105 19
105 70
105 122
106 133
106 158
107 1
107 22
108 16
108 26
108 139
109 62
109 142
109 147
111 60
111 86
111 124
112 81
112 143
113 89
114 30
115 0
115 46
115 52
115 57
116 4
116 22
116 56
116 89
117 28
117 48
117 92
117 136
117 137
118 57
119 32
119 106
120 46
121 30
121 42
121 97
122 16
123 127
123 150
124 78
124 111
125 59
125 73
127 146
128 10
128 26
128 47
128 52
129 43
129 102
129 109
130 66
131 56
131 74
132 9
132 43
132 149
133 15
133 67
133 106
134 33
134 154
135 0
135 2
135 43
135 77
136 0
136 28
136 50
136 57
136 58
136 68
136 155
137 74
137 117
138 91
139 27
139 37
139 45
139 108
139 149
140 134
141 52
141 146
141 150
142 63
142 109
143 101
143 112
144 16
144 37
144 53
145 101
146 47
146 103
146 120
146 127
146 141
147 109
148 16
148 78
149 38
149 110
149 132
149 139
150 14
150 78
150 89
150 123
150 141
152 3
152 54
153 33
154 58
154 100
154 110
154 134
154 151
155 136
156 33
156 75
157 25
157 87
158 29
158 33
158 63
158 106
159 31
159 111
0 1 2 3 4 5 6 7 8 9 10 11
