160 2544 24
0 5
0 12
0 27
0 35
0 42
0 69
0 85
0 87
0 88
0 118
0 124
0 125
0 138
0 141
0 142
0 150
1 6
1 8
1 22
1 28
1 30
1 31
1 32
1 40
1 62
1 87
1 99
1 137
1 145
1 146
1 152
2 5
2 16
2 43
2 53
2 60
2 66
2 79
2 86
2 107
2 114
2 123
2 124
2 129
2 134
2 147
2 156
2 157
3 2
3 9
3 24
3 63
3 64
3 73
3 82
3 90
3 124
3 127
3 130
3 153
3 158
4 28
4 34
4 63
4 71
4 72
4 75
4 94
4 104
4 107
4 109
4 124
4 136
5 13
5 39
5 43
5 90
5 93
5 105
5 106
5 111
5 118
5 131
5 142
5 143
5 144
5 154
5 155
6 52
6 58
6 80
6 87
6 89
6 91
6 105
6 107
6 111
6 118
6 122
6 125
6 128
6 131
6 140
6 158
7 8
7 12
7 29
7 52
7 71
7 74
7 91
7 92
7 125
7 127
7 144
8 16
8 28
8 40
8 45
8 53
8 90
8 92
8 114
8 117
8 129
8 136
8 143
8 152
8 158
9 1
9 2
9 16
9 30
9 37
9 43
9 72
9 73
9 76
9 108
9 114
9 122
9 126
9 132
9 136
9 145
10 9
10 28
10 31
10 39
10 42
10 45
10 51
10 56
10 68
10 76
10 82
10 93
10 105
10 107
10 121
10 124
10 140
10 144
11 7
11 12
11 13
11 16
11 21
11 23
11 29
11 30
11 44
11 69
11 75
11 85
11 86
11 91
11 109
11 153
11 159
12 2
12 3
12 6
12 8
12 36
12 61
12 99
12 101
12 111
12 127
12 136
12 137
12 151
13 7
13 56
13 62
13 75
13 93
13 103
13 110
13 114
13 124
13 144
14 11
14 25
14 33
14 41
14 68
14 71
14 78
14 89
14 102
14 113
14 121
14 127
14 130
14 156
15 6
15 17
15 28
15 31
15 39
15 57
15 76
15 83
15 122
15 135
15 148
15 159
16 10
16 15
16 33
16 88
16 121
16 124
16 130
16 145
16 149
16 151
16 152
17 5
17 54
17 84
17 111
17 116
17 119
17 121
17 142
17 144
17 150
17 152
18 13
18 14
18 21
18 41
18 42
18 46
18 52
18 56
18 66
18 68
18 76
18 80
18 81
18 85
18 89
18 100
18 106
18 114
18 127
18 129
18 138
18 141
18 154
19 9
19 13
19 32
19 41
19 58
19 62
19 68
19 74
19 93
19 96
19 98
19 123
19 150
19 153
19 155
20 3
20 17
20 30
20 41
20 47
20 50
20 67
20 68
20 69
20 71
20 93
20 96
20 100
20 101
20 106
20 107
20 133
20 138
20 145
20 149
20 151
21 0
21 6
21 10
21 15
21 17
21 23
21 44
21 58
21 61
21 84
21 85
21 94
21 102
21 111
21 120
21 126
21 129
21 131
21 159
22 24
22 28
22 40
22 68
22 76
22 86
22 93
22 105
22 106
22 113
22 114
22 132
22 135
22 151
23 4
23 33
23 52
23 53
23 58
23 74
23 77
23 104
23 114
23 115
23 121
23 122
23 124
23 125
23 126
23 136
23 146
23 149
23 155
24 6
24 20
24 29
24 39
24 42
24 43
24 48
24 66
24 72
24 99
24 114
24 115
24 125
24 147
24 150
25 16
25 35
25 38
25 40
25 44
25 61
25 88
25 92
25 97
25 128
25 129
25 139
25 140
25 144
25 146
25 151
25 157
26 11
26 15
26 23
26 31
26 43
26 58
26 71
26 78
26 104
26 111
26 130
26 133
26 152
27 17
27 20
27 21
27 23
27 26
27 45
27 51
27 56
27 64
27 66
27 87
27 117
27 137
28 12
28 14
28 19
28 20
28 25
28 46
28 53
28 93
28 99
28 101
28 131
29 3
29 15
29 20
29 26
29 38
29 39
29 41
29 63
29 85
29 89
29 91
29 110
29 120
29 128
29 134
29 142
29 149
29 153
29 156
30 4
30 7
30 22
30 63
30 66
30 69
30 95
30 98
30 101
30 109
30 110
30 116
30 142
31 8
31 28
31 42
31 64
31 67
31 70
31 71
31 83
31 108
31 109
31 113
31 129
32 7
32 9
32 11
32 18
32 24
32 30
32 35
32 42
32 53
32 55
32 57
32 61
32 63
32 66
32 67
32 71
32 85
32 90
32 94
32 99
32 109
32 124
32 126
32 128
33 15
33 17
33 21
33 24
33 37
33 52
33 53
33 58
33 62
33 95
33 111
33 119
33 157
33 158
34 6
34 18
34 43
34 44
34 48
34 54
34 83
34 108
34 134
34 143
34 152
35 27
35 28
35 37
35 38
35 47
35 50
35 52
35 61
35 65
35 87
35 106
35 118
35 131
35 145
35 147
35 151
36 0
36 4
36 5
36 24
36 25
36 29
36 31
36 33
36 49
36 57
36 69
36 80
36 84
36 102
36 117
36 118
36 140
36 141
36 149
37 15
37 18
37 31
37 32
37 50
37 91
37 98
37 140
37 142
37 151
37 154
37 159
38 1
38 7
38 39
38 55
38 69
38 82
38 127
38 155
39 3
39 16
39 21
39 34
39 35
39 40
39 51
39 54
39 56
39 80
39 87
39 90
39 105
39 111
39 136
39 140
40 4
40 17
40 20
40 26
40 38
40 50
40 55
40 56
40 70
40 75
40 87
40 101
40 112
40 114
40 115
40 121
40 123
40 127
40 135
40 139
40 142
40 147
40 149
40 156
41 15
41 16
41 23
41 32
41 35
41 40
41 42
41 45
41 57
41 63
41 68
41 80
41 88
41 98
41 112
41 116
41 137
41 157
42 2
42 7
42 28
42 46
42 51
42 72
42 88
42 116
42 125
42 141
42 144
42 155
43 19
43 29
43 55
43 56
43 72
43 76
43 77
43 87
43 91
43 97
43 100
43 114
43 123
43 131
43 133
43 139
43 141
43 144
43 150
43 153
44 23
44 24
44 28
44 35
44 42
44 62
44 79
44 81
44 88
44 97
44 104
44 105
44 111
44 116
44 119
44 122
44 126
44 147
44 152
44 158
45 5
45 7
45 21
45 29
45 46
45 66
45 70
45 81
45 109
45 112
45 131
45 152
45 155
46 16
46 23
46 39
46 47
46 62
46 68
46 90
46 92
46 105
46 109
46 110
46 112
46 114
46 126
46 127
46 131
47 7
47 31
47 55
47 70
47 77
47 88
47 91
47 93
47 94
47 99
47 101
47 111
47 121
47 127
47 158
47 159
48 0
48 7
48 9
48 23
48 25
48 53
48 65
48 66
48 72
48 73
48 76
48 79
48 88
48 96
48 124
48 143
48 147
48 149
49 2
49 5
49 19
49 21
49 33
49 35
49 38
49 40
49 56
49 80
49 83
49 84
49 105
49 120
49 123
49 131
49 132
49 143
50 25
50 41
50 44
50 45
50 51
50 60
50 69
50 72
50 80
50 83
50 106
50 108
50 123
50 133
50 140
50 150
51 7
51 9
51 18
51 20
51 26
51 32
51 40
51 52
51 55
51 57
51 70
51 75
51 95
51 96
51 101
51 110
51 124
51 126
51 129
51 138
51 141
51 144
51 156
52 15
52 26
52 37
52 49
52 57
52 62
52 63
52 73
52 74
52 80
52 83
52 88
52 89
52 91
52 93
52 94
52 98
52 120
52 133
52 135
52 138
52 146
53 13
53 31
53 44
53 51
53 68
53 72
53 89
53 94
53 103
53 109
53 113
53 115
53 125
53 131
53 132
53 135
53 156
53 157
54 2
54 12
54 14
54 32
54 36
54 37
54 40
54 48
54 49
54 50
54 63
54 67
54 69
54 82
54 118
55 36
55 39
55 46
55 56
55 64
55 71
55 81
55 89
55 133
55 137
55 140
55 142
56 16
56 22
56 31
56 35
56 53
56 63
56 64
56 81
56 85
56 110
56 113
56 120
56 123
56 133
56 137
57 9
57 26
57 27
57 35
57 49
57 53
57 58
57 83
57 95
57 98
57 103
57 112
57 114
57 118
57 120
57 138
57 157
58 1
58 2
58 5
58 12
58 32
58 46
58 56
58 67
58 69
58 78
58 90
58 92
58 125
58 128
58 133
58 140
58 152
59 5
59 33
59 36
59 50
59 67
59 87
59 94
59 101
59 131
59 133
59 143
60 7
60 8
60 18
60 30
60 32
60 39
60 47
60 48
60 59
60 78
60 79
60 91
60 95
60 98
60 99
60 103
60 127
60 139
60 140
60 145
60 154
60 159
61 2
61 11
61 22
61 29
61 30
61 33
61 37
61 65
61 75
61 82
61 95
61 103
61 112
61 126
61 148
62 37
62 49
62 64
62 78
62 93
62 103
62 106
62 127
62 128
62 133
62 137
63 13
63 17
63 34
63 42
63 44
63 64
63 75
63 86
63 111
63 113
63 116
63 117
63 138
63 145
64 0
64 4
64 5
64 22
64 36
64 43
64 46
64 54
64 59
64 65
64 71
64 99
64 112
64 121
64 125
64 128
64 130
64 148
64 151
64 152
64 157
65 11
65 18
65 21
65 39
65 44
65 52
65 56
65 58
65 81
65 90
65 93
65 96
65 110
65 133
65 139
65 144
65 147
66 15
66 31
66 36
66 37
66 40
66 54
66 65
66 68
66 72
66 86
66 89
66 99
66 106
66 119
66 133
66 134
66 144
66 151
66 155
66 156
67 1
67 2
67 6
67 37
67 49
67 56
67 57
67 80
67 89
67 90
67 98
67 118
67 119
67 121
67 126
67 127
67 138
67 139
67 154
68 4
68 24
68 38
68 56
68 70
68 89
68 91
68 98
68 115
68 117
68 126
68 136
68 138
68 139
69 14
69 17
69 33
69 35
69 43
69 63
69 64
69 71
69 89
69 90
69 105
69 109
69 126
69 141
69 146
69 149
69 156
70 7
70 9
70 18
70 24
70 32
70 46
70 50
70 58
70 64
70 75
70 79
70 100
70 102
70 109
70 110
70 122
70 134
70 142
70 149
71 18
71 28
71 33
71 38
71 54
71 56
71 59
71 62
71 68
71 86
71 89
71 96
71 118
71 128
71 130
71 139
72 28
72 32
72 41
72 101
72 111
72 116
72 124
72 130
72 140
72 155
73 4
73 10
73 22
73 29
73 35
73 37
73 45
73 67
73 82
73 97
73 104
73 112
73 144
73 152
73 155
74 48
74 64
74 79
74 112
74 127
74 136
74 158
75 0
75 15
75 27
75 30
75 33
75 36
75 80
75 84
75 94
75 101
75 103
75 127
75 128
75 129
75 157
76 2
76 27
76 38
76 44
76 55
76 60
76 63
76 67
76 69
76 99
76 106
76 127
76 134
76 144
76 145
76 156
77 3
77 10
77 32
77 38
77 55
77 62
77 68
77 94
77 105
77 123
77 134
77 144
77 150
77 151
78 3
78 40
78 46
78 47
78 48
78 52
78 53
78 59
78 107
78 112
78 119
78 139
79 14
79 23
79 26
79 32
79 38
79 54
79 59
79 62
79 83
79 86
79 91
79 98
79 105
79 132
79 137
79 148
80 4
80 9
80 10
80 16
80 26
80 34
80 48
80 54
80 91
80 104
80 108
80 139
80 147
80 152
81 5
81 20
81 34
81 48
81 61
81 63
81 69
81 84
81 87
81 93
81 94
81 97
81 100
81 114
81 116
81 119
82 5
82 18
82 21
82 24
82 26
82 28
82 50
82 51
82 81
82 90
82 104
82 105
82 117
82 119
82 124
82 125
82 144
82 155
82 158
83 3
83 13
83 25
83 36
83 40
83 43
83 51
83 56
83 61
83 63
83 71
83 80
83 88
83 95
83 98
83 108
83 127
83 133
83 135
83 142
84 2
84 22
84 28
84 34
84 38
84 39
84 40
84 52
84 77
84 79
84 100
84 130
84 142
85 4
85 5
85 8
85 20
85 23
85 27
85 31
85 35
85 64
85 74
85 98
85 103
85 113
85 126
85 134
85 139
85 140
85 148
85 151
86 9
86 13
86 16
86 23
86 27
86 36
86 50
86 60
86 75
86 83
86 112
86 118
86 131
86 132
86 133
86 142
86 152
86 155
87 19
87 41
87 44
87 51
87 62
87 78
87 79
87 82
87 84
87 90
87 102
87 111
87 116
87 144
87 145
87 156
88 3
88 21
88 55
88 60
88 70
88 95
88 99
88 109
88 111
88 112
88 126
88 131
88 138
88 152
88 156
89 31
89 49
89 51
89 61
89 62
89 75
89 78
89 83
89 106
90 0
90 13
90 27
90 42
90 45
90 49
90 56
90 73
90 78
90 92
90 101
90 102
90 103
90 111
90 112
90 155
91 3
91 31
91 35
91 36
91 40
91 51
91 58
91 61
91 64
91 73
91 74
91 82
91 86
91 92
91 109
91 115
91 154
91 155
92 3
92 26
92 30
92 52
92 60
92 64
92 67
92 74
92 101
92 106
92 108
92 111
92 138
93 27
93 39
93 41
93 43
93 54
93 56
93 73
93 77
93 79
93 83
93 102
93 113
93 114
93 123
93 126
93 128
93 136
93 146
93 157
94 16
94 20
94 25
94 56
94 63
94 66
94 91
94 101
94 119
94 120
94 148
95 17
95 32
95 74
95 85
95 94
95 107
95 144
95 152
95 154
96 9
96 24
96 25
96 28
96 32
96 49
96 56
96 62
96 63
96 107
96 109
96 113
96 122
96 135
97 6
97 7
97 22
97 46
97 54
97 58
97 64
97 67
97 72
97 83
97 85
97 96
97 101
97 104
97 117
97 121
97 130
97 133
97 145
97 150
97 157
98 5
98 35
98 38
98 44
98 49
98 77
98 78
98 87
98 101
98 102
98 111
98 121
98 130
98 140
99 5
99 18
99 25
99 29
99 38
99 42
99 46
99 53
99 59
99 63
99 72
99 89
99 92
99 105
99 108
99 109
99 116
99 120
99 122
99 123
99 125
99 126
99 128
99 131
99 142
99 153
100 14
100 15
100 24
100 32
100 41
100 74
100 77
100 82
100 90
100 93
100 96
100 103
100 126
100 132
101 2
101 13
101 24
101 38
101 52
101 57
101 63
101 69
101 78
101 93
101 95
101 103
101 107
101 120
101 147
101 152
102 0
102 18
102 30
102 42
102 44
102 48
102 92
102 103
102 109
102 110
102 112
102 114
102 125
102 133
102 156
103 2
103 6
103 12
103 21
103 25
103 26
103 39
103 44
103 46
103 51
103 59
103 83
103 86
103 98
103 109
103 110
103 117
103 124
103 134
104 1
104 6
104 21
104 22
104 27
104 28
104 29
104 30
104 32
104 39
104 55
104 61
104 77
104 81
104 84
104 91
104 93
104 113
104 126
104 132
104 136
104 158
105 0
105 4
105 11
105 13
105 18
105 42
105 53
105 55
105 62
105 133
105 134
105 141
105 146
105 150
106 6
106 25
106 46
106 49
106 68
106 75
106 90
106 99
106 102
106 126
106 128
106 130
106 131
106 135
106 140
106 159
107 3
107 12
107 15
107 19
107 37
107 39
107 42
107 47
107 48
107 56
107 59
107 73
107 100
107 105
107 115
107 120
107 126
107 131
107 143
107 146
107 158
108 0
108 18
108 22
108 38
108 41
108 45
108 57
108 70
108 71
108 79
108 112
108 113
108 132
108 143
108 158
109 3
109 41
109 56
109 72
109 81
109 93
109 104
109 106
109 116
109 121
109 129
109 130
109 135
109 157
110 9
110 12
110 14
110 26
110 36
110 63
110 64
110 74
110 91
110 93
110 126
110 131
110 132
110 147
110 149
111 2
111 36
111 42
111 54
111 65
111 69
111 74
111 76
111 91
111 105
111 107
111 139
112 3
112 9
112 12
112 14
112 25
112 28
112 31
112 32
112 67
112 92
112 98
112 99
112 104
112 117
112 129
112 135
112 148
112 152
113 26
113 47
113 61
113 62
113 66
113 70
113 72
113 80
113 83
113 86
113 90
113 107
113 110
113 114
113 115
113 118
113 131
113 132
113 136
113 137
113 142
113 156
113 158
114 4
114 31
114 38
114 63
114 68
114 73
114 87
114 88
114 90
114 96
114 98
114 116
114 117
114 119
114 127
114 141
114 159
115 6
115 17
115 27
115 47
115 59
115 64
115 74
115 75
115 78
115 92
115 93
115 100
115 105
115 106
115 121
115 140
115 143
115 144
115 146
116 0
116 10
116 19
116 21
116 43
116 51
116 76
116 78
116 85
116 104
116 112
116 115
116 129
116 130
116 158
117 0
117 5
117 16
117 22
117 24
117 41
117 44
117 46
117 49
117 86
117 102
117 126
117 129
118 17
118 26
118 30
118 34
118 37
118 39
118 58
118 63
118 70
118 76
118 81
118 88
118 90
118 124
118 132
118 142
118 143
118 144
119 6
119 16
119 23
119 34
119 36
119 39
119 60
119 76
119 98
119 102
119 123
119 126
119 137
120 1
120 2
120 9
120 12
120 16
120 17
120 28
120 34
120 66
120 76
120 79
120 88
120 90
120 109
120 123
120 134
120 135
120 149
121 2
121 9
121 19
121 27
121 36
121 46
121 48
121 60
121 74
121 76
121 81
121 84
121 99
121 102
121 103
121 110
121 117
121 137
121 148
122 11
122 13
122 24
122 27
122 32
122 49
122 63
122 72
122 76
122 86
122 88
122 93
122 97
122 103
122 104
122 109
122 130
122 141
123 13
123 16
123 26
123 38
123 39
123 45
123 46
123 58
123 63
123 64
123 71
123 75
123 79
123 84
123 98
123 106
123 118
123 126
123 128
123 132
123 138
123 143
123 150
124 1
124 6
124 15
124 25
124 26
124 35
124 39
124 43
124 55
124 56
124 89
124 97
124 112
124 116
124 117
124 122
124 127
124 143
124 146
124 147
124 153
125 11
125 35
125 48
125 57
125 62
125 68
125 76
125 78
125 101
125 124
125 158
126 3
126 7
126 8
126 11
126 71
126 72
126 75
126 79
126 82
126 91
126 92
126 120
126 132
126 137
126 141
127 4
127 19
127 21
127 30
127 32
127 41
127 61
127 86
127 87
127 88
127 94
127 100
127 112
127 115
127 117
127 148
127 152
128 1
128 7
128 9
128 22
128 38
128 45
128 49
128 59
128 83
128 94
128 101
128 112
128 114
128 119
128 126
128 135
128 145
128 146
129 10
129 12
129 16
129 26
129 30
129 37
129 54
129 67
129 71
129 73
129 82
129 95
129 99
129 121
129 124
129 139
130 8
130 25
130 32
130 66
130 95
130 107
130 112
130 126
130 131
130 140
130 144
130 158
130 159
131 25
131 34
131 36
131 38
131 39
131 57
131 63
131 125
131 128
131 137
131 139
131 140
131 142
131 143
132 1
132 2
132 7
132 36
132 40
132 61
132 67
132 72
132 112
132 131
132 141
132 142
133 16
133 32
133 67
133 79
133 80
133 115
133 122
133 136
133 140
133 148
134 45
134 51
134 67
134 109
134 133
134 138
134 143
134 144
134 159
135 16
135 38
135 42
135 47
135 49
135 51
135 60
135 62
135 87
135 98
135 104
135 113
135 117
135 138
135 141
136 11
136 41
136 50
136 51
136 56
136 70
136 80
136 85
136 88
136 109
136 114
136 117
136 122
136 123
136 124
136 127
136 128
137 9
137 11
137 21
137 37
137 42
137 49
137 64
137 65
137 74
137 76
137 81
137 82
137 93
137 101
137 125
137 134
137 135
137 147
138 12
138 21
138 50
138 65
138 73
138 129
138 149
138 154
139 1
139 5
139 7
139 8
139 28
139 36
139 50
139 58
139 64
139 115
139 134
139 150
140 3
140 12
140 19
140 22
140 26
140 27
140 31
140 40
140 79
140 87
140 108
140 120
140 122
140 129
140 156
141 25
141 39
141 40
141 61
141 64
141 65
141 76
141 77
141 78
141 81
141 95
141 104
141 106
141 110
141 124
141 152
141 156
142 8
142 15
142 27
142 31
142 36
142 38
142 52
142 58
142 87
142 95
142 97
142 107
142 124
142 128
142 141
142 146
142 150
143 0
143 20
143 30
143 35
143 43
143 55
143 64
143 67
143 78
143 91
143 97
143 112
143 122
143 135
143 136
143 138
143 142
144 4
144 9
144 30
144 33
144 34
144 39
144 53
144 55
144 68
144 74
144 86
144 99
144 103
144 106
144 110
144 112
144 119
144 138
144 141
144 143
144 145
144 148
144 151
144 157
145 13
145 22
145 37
145 48
145 50
145 58
145 70
145 79
145 111
145 126
145 135
145 137
145 139
145 146
146 0
146 3
146 9
146 14
146 19
146 28
146 37
146 39
146 53
146 62
146 87
146 92
146 99
146 110
146 120
146 125
146 126
146 127
146 147
147 0
147 12
147 28
147 29
147 42
147 46
147 68
147 69
147 74
147 90
147 92
147 111
147 121
147 125
147 135
147 149
147 151
148 1
148 3
148 6
148 7
148 22
148 53
148 74
148 93
148 95
148 98
148 108
148 120
148 122
148 128
148 129
148 139
148 146
148 153
149 12
149 13
149 14
149 21
149 24
149 25
149 33
149 34
149 49
149 52
149 53
149 83
149 102
149 116
149 126
149 150
150 14
150 16
150 28
150 30
150 35
150 58
150 61
150 85
150 86
150 96
150 100
150 115
150 118
150 125
150 131
150 135
150 155
151 1
151 3
151 9
151 13
151 21
151 30
151 33
151 49
151 53
151 63
151 72
151 81
151 105
151 107
151 110
151 115
151 116
151 119
151 131
151 142
151 143
151 146
151 156
152 4
152 7
152 23
152 32
152 37
152 46
152 47
152 55
152 59
152 67
152 72
152 74
152 97
152 98
152 107
152 128
152 129
152 144
152 151
152 153
153 0
153 4
153 18
153 20
153 38
153 53
153 61
153 63
153 76
153 78
153 83
153 86
153 89
153 90
153 96
153 102
153 111
153 113
153 120
153 121
153 126
153 138
154 1
154 9
154 14
154 28
154 42
154 50
154 54
154 56
154 69
154 76
154 98
154 99
154 110
154 112
154 136
154 139
155 0
155 8
155 16
155 26
155 29
155 32
155 44
155 68
155 69
155 79
155 93
155 94
155 102
155 129
155 143
155 157
156 6
156 19
156 24
156 43
156 49
156 74
156 85
156 103
156 105
156 109
156 114
156 118
156 124
157 0
157 7
157 18
157 23
157 42
157 47
157 69
157 90
157 99
157 133
157 138
157 142
157 145
158 5
158 16
158 37
158 52
158 53
158 64
158 65
158 77
158 86
158 96
158 111
158 118
158 143
159 8
159 13
159 16
159 23
159 33
159 41
159 44
159 52
159 54
159 74
159 78
159 84
159 86
159 102
159 111
159 116
159 135
159 145
0 1 2 3 4 5 6 7 8 9 10 11 12 13 14 15 16 17 18 19 20 21 22 23
