160 812 24
0 14
0 29
0 41
0 44
0 49
0 66
0 70
0 72
0 93
1 30
1 31
1 65
1 98
1 116
1 139
2 18
2 44
2 49
2 68
2 70
2 92
2 115
2 157
3 6
3 16
3 31
3 37
3 89
3 106
3 109
3 144
4 3
4 51
4 108
4 140
5 54
5 118
5 139
6 66
6 105
6 140
7 49
7 126
7 140
7 144
8 2
8 27
8 29
8 51
8 60
8 75
8 152
9 1
9 72
9 102
9 103
9 131
10 16
10 78
10 95
10 104
11 18
11 80
11 110
11 133
12 2
12 41
12 55
12 78
12 96
12 133
12 140
12 155
13 15
13 30
13 65
13 140
14 3
14 8
14 10
14 22
14 68
14 150
15 30
15 75
15 89
15 92
16 22
16 44
16 69
16 77
16 82
16 99
16 104
17 7
17 11
17 45
17 83
17 142
18 4
18 20
18 38
18 63
18 109
19 16
19 80
19 87
19 115
19 150
20 13
20 47
20 49
20 63
20 93
20 114
20 126
21 22
21 65
22 32
22 75
22 79
22 124
23 1
23 2
23 28
23 76
23 114
24 12
24 25
24 112
24 124
24 150
25 17
25 22
25 33
25 50
25 113
25 129
25 140
25 155
26 53
26 80
26 153
27 22
27 32
27 80
27 117
27 137
28 3
28 36
28 39
28 135
29 9
29 40
29 44
29 126
30 24
30 58
30 80
30 95
30 130
30 132
31 2
31 63
32 39
32 61
32 77
32 78
32 114
32 139
33 26
33 37
33 59
33 131
34 0
34 63
34 67
34 76
34 122
34 156
35 17
35 53
35 66
35 68
35 100
35 145
36 86
36 131
36 144
37 39
37 59
37 111
38 2
38 10
38 31
38 63
38 79
38 97
38 104
38 117
38 150
39 3
39 38
39 113
39 131
39 145
40 22
40 28
40 62
40 70
40 130
41 106
42 12
42 66
42 128
42 133
43 23
43 80
43 155
44 3
44 10
44 21
44 55
44 60
44 142
44 158
45 0
45 68
45 81
45 113
45 139
46 15
47 80
47 148
47 149
48 27
48 34
48 59
48 126
48 128
48 136
49 10
49 45
49 48
49 67
49 85
49 88
49 110
49 132
50 30
50 84
50 101
50 140
51 96
51 151
52 29
52 61
52 82
52 84
52 153
53 90
53 105
53 147
54 0
54 3
54 12
54 43
54 47
54 51
54 67
55 52
55 104
56 0
56 16
56 34
56 73
56 84
56 92
56 105
56 110
56 138
56 154
57 53
58 3
58 117
59 44
59 52
59 62
59 108
59 115
60 19
60 40
60 108
60 143
60 149
61 3
61 25
61 71
61 90
62 2
62 13
62 24
62 35
62 50
62 73
62 98
62 134
63 76
63 117
63 153
64 71
64 89
64 92
64 133
64 156
65 76
65 124
65 125
66 83
66 156
67 75
67 80
67 85
67 103
67 120
67 131
68 18
68 44
68 54
68 134
68 135
69 0
69 22
69 39
69 43
69 92
69 94
69 104
69 123
69 137
69 139
70 30
70 37
70 50
70 67
70 90
71 36
71 57
71 83
71 148
71 156
72 10
72 24
72 47
72 49
72 52
72 74
73 15
73 52
73 54
73 115
73 154
74 25
74 92
74 94
74 122
74 124
74 132
75 57
75 73
75 84
75 139
75 152
76 26
76 44
76 48
76 49
76 88
76 93
76 96
76 98
76 99
76 136
77 10
77 30
77 46
77 98
77 112
77 129
78 29
78 119
79 4
79 14
79 39
79 56
79 64
79 73
79 107
79 146
79 148
80 31
81 14
81 23
81 83
81 85
81 103
81 106
82 64
82 119
82 145
83 11
83 28
83 29
83 45
83 50
83 65
83 111
83 138
84 6
84 7
84 58
84 141
86 18
86 66
86 69
86 101
86 124
86 136
87 133
88 14
88 50
88 56
88 58
89 68
89 103
89 137
90 10
90 39
90 117
90 138
91 3
91 8
91 79
91 86
91 128
91 130
91 142
92 14
92 81
92 98
92 134
92 145
93 19
93 53
93 79
93 85
93 123
94 12
94 20
94 87
94 111
94 145
94 153
94 155
95 4
95 72
95 94
95 138
95 139
96 39
96 88
96 144
96 146
96 147
96 156
97 56
97 73
97 98
97 110
97 112
97 124
97 145
98 18
98 52
98 55
98 86
98 117
99 59
99 62
99 74
99 135
99 144
100 0
100 41
100 45
100 56
100 119
100 153
100 154
101 92
101 115
102 31
102 58
102 85
102 91
102 108
102 140
103 26
103 43
104 5
104 50
104 131
104 150
105 13
105 52
106 7
106 135
106 138
107 93
107 144
107 158
108 16
108 115
108 156
109 5
109 10
109 24
109 80
109 128
109 139
110 51
110 58
110 62
110 71
110 108
110 122
111 6
111 10
111 20
111 28
111 41
111 93
111 134
112 13
112 27
112 109
112 128
112 135
112 154
113 14
113 46
113 71
114 21
114 28
114 59
114 150
114 156
115 9
115 27
115 60
115 79
115 94
115 150
116 4
116 8
116 12
116 19
116 57
116 81
116 113
116 150
117 21
117 51
117 55
117 57
117 88
117 119
117 127
117 131
117 151
118 23
118 30
118 100
118 134
118 137
119 33
119 44
119 46
119 121
119 150
119 153
120 9
120 11
120 17
120 23
120 43
120 55
120 96
120 114
121 54
121 56
121 115
121 134
122 13
122 27
122 42
122 75
122 88
122 141
123 3
124 12
124 21
124 62
124 121
124 122
124 134
124 148
125 64
125 121
125 147
125 155
125 159
126 10
126 43
126 65
126 100
126 107
126 110
126 118
126 123
126 128
126 158
127 21
127 73
127 124
127 131
127 149
128 5
128 50
128 67
128 69
129 6
129 47
129 75
129 114
129 117
129 124
130 48
130 79
130 94
130 138
131 92
131 128
132 39
132 54
132 64
132 81
132 83
132 89
132 104
132 120
132 141
133 21
133 100
133 129
134 77
134 96
134 104
134 105
134 127
135 49
135 78
135 130
136 3
136 94
136 108
136 118
137 14
137 24
137 94
137 114
137 127
137 134
137 140
137 142
138 42
138 71
138 99
138 129
139 14
139 90
139 125
140 40
140 55
140 66
140 157
141 72
141 91
141 118
141 139
142 82
142 103
142 134
142 154
143 0
143 31
143 55
143 101
143 107
143 111
143 122
143 131
143 141
143 156
144 70
144 100
144 112
144 137
145 16
145 20
145 31
145 38
145 54
145 108
145 127
145 136
145 157
146 40
146 75
146 112
146 127
146 131
146 144
147 26
147 70
147 99
147 126
148 0
148 4
148 41
148 44
148 59
148 125
149 14
149 21
149 48
149 113
149 120
149 146
150 67
150 92
150 138
150 144
151 9
151 13
151 29
151 34
151 89
151 104
152 19
152 42
152 58
152 63
152 70
152 93
152 120
152 122
152 125
152 133
152 148
152 149
153 5
153 12
153 13
153 16
153 79
153 95
153 138
154 53
154 96
154 117
155 1
155 3
155 8
155 144
155 150
155 152
155 157
156 0
156 5
156 27
156 68
156 136
157 11
157 30
157 38
157 118
157 132
157 151
158 23
158 36
158 39
158 58
158 110
158 116
159 16
159 31
159 37
159 76
159 102
159 114
159 118
0 1 2 3 4 5 6 7 8 9 10 11 12 13 14 15 16 17 18 19 20 21 22 23
