160 381 12
0 54
0 77
0 130
0 132
0 150
1 99
2 76
2 93
3 26
3 88
4 17
4 95
4 99
4 138
5 105
6 27
6 40
6 54
6 74
6 120
6 130
7 31
8 18
8 39
8 122
8 125
8 151
9 82
9 91
9 116
10 26
10 50
11 44
11 74
12 156
13 17
13 22
13 54
13 65
13 75
13 82
13 109
14 86
14 121
15 2
15 128
16 38
16 103
17 13
18 8
19 89
19 110
20 69
21 128
22 13
23 54
23 62
24 62
24 72
24 139
25 78
25 125
26 3
26 10
26 33
26 69
26 79
26 149
27 67
27 74
27 86
27 117
27 144
28 142
29 28
29 37
29 103
30 67
30 68
30 83
30 117
31 7
31 63
33 26
34 62
34 99
34 102
34 116
34 155
35 88
35 118
36 87
36 96
36 114
36 158
37 29
37 103
38 43
38 49
38 74
38 96
39 26
39 139
40 22
40 56
40 61
40 116
40 121
40 153
41 48
41 150
42 65
42 88
43 38
43 82
43 106
43 111
44 122
45 67
45 117
45 153
46 21
47 65
48 41
48 85
48 89
48 112
48 133
48 157
49 38
49 86
50 10
52 14
52 80
52 82
52 152
53 116
53 129
54 0
54 6
54 13
54 23
54 135
55 113
55 143
57 30
57 154
58 99
58 127
59 45
59 93
60 5
61 40
61 95
62 23
62 34
62 155
63 31
63 78
64 38
65 42
65 47
65 85
66 117
67 27
67 30
67 45
67 51
67 140
67 141
68 16
68 30
68 132
69 26
69 137
70 154
71 99
71 107
71 142
72 24
72 77
72 91
73 24
73 76
73 129
74 6
74 11
74 27
74 38
74 123
75 13
75 150
76 2
76 73
77 39
77 44
77 72
77 80
77 123
77 138
77 147
77 156
78 25
78 117
79 26
79 117
80 52
81 116
82 13
82 43
82 52
82 118
83 30
84 1
84 97
84 150
85 65
86 14
86 27
86 32
86 34
86 49
86 77
87 36
88 35
88 42
88 52
89 19
89 34
89 48
89 106
91 9
91 72
91 134
93 2
93 32
94 136
95 4
95 61
96 109
98 99
99 4
99 58
99 71
100 7
100 142
101 27
102 34
102 106
102 108
102 158
103 16
103 37
103 38
103 141
104 58
104 115
105 5
105 15
105 21
106 43
106 89
106 102
107 71
107 82
108 102
109 13
109 135
110 19
110 126
111 43
112 48
113 55
114 36
115 104
115 117
116 9
116 40
116 53
116 81
117 27
117 45
117 78
117 79
117 115
118 35
118 82
119 129
120 6
120 153
121 13
121 14
121 40
121 159
122 8
122 150
123 74
123 77
125 8
125 25
125 39
125 110
126 110
126 139
126 141
127 58
127 116
128 79
129 53
129 73
129 119
130 0
130 6
131 143
131 151
132 0
132 68
133 48
135 51
135 54
135 109
136 39
136 67
137 5
137 54
137 69
137 105
137 155
138 4
138 118
139 24
139 39
141 19
141 67
141 126
141 134
142 28
142 35
142 71
142 100
142 146
143 55
143 92
143 131
143 158
144 27
145 44
146 142
146 159
147 124
148 36
150 8
150 41
150 75
150 84
150 122
150 156
151 8
151 131
152 2
152 52
152 119
153 11
153 40
153 45
153 73
153 120
154 57
154 70
155 34
155 62
155 103
155 137
155 153
156 77
156 150
158 36
158 102
158 143
159 90
159 146
0 1 2 3 4 5 6 7 8 9 10 11
