160 902 24
0 1
0 4
0 9
0 24
0 39
0 79
0 98
0 107
0 149
1 0
2 35
2 52
2 85
2 124
3 13
3 30
3 63
4 13
4 27
4 39
4 66
4 70
4 80
4 140
4 148
4 159
5 30
5 39
5 154
6 0
6 8
6 11
6 46
6 80
6 89
6 93
6 113
7 20
7 82
7 147
8 40
8 102
9 29
9 49
9 104
9 123
9 129
10 13
10 24
10 43
10 67
10 85
10 94
10 97
10 103
10 134
10 148
11 76
11 80
11 116
12 5
12 36
12 56
12 93
13 4
13 8
13 12
13 32
13 37
13 78
13 105
13 135
14 13
14 39
14 42
14 50
14 117
14 143
14 146
15 11
15 20
15 24
15 65
15 111
15 142
16 44
16 49
16 92
17 12
17 39
17 42
17 94
17 115
17 116
17 151
18 24
18 47
18 88
18 100
18 150
18 158
19 22
19 77
19 98
19 119
19 139
19 151
20 23
20 30
20 34
20 59
20 79
20 86
21 33
21 38
21 52
21 66
21 83
21 104
21 127
21 143
22 25
22 85
22 125
23 71
24 33
24 64
24 79
24 82
24 108
24 136
24 152
25 19
25 50
25 70
25 82
25 119
25 124
25 134
25 150
26 0
26 16
26 34
26 145
26 158
27 30
27 40
27 88
27 107
28 8
28 14
28 39
28 58
28 85
28 125
28 146
29 4
29 6
29 115
29 118
30 27
30 111
30 128
30 135
31 89
31 97
31 133
32 6
32 25
32 64
32 72
32 87
32 95
33 7
33 25
33 62
33 84
33 107
34 14
34 32
34 65
34 68
34 73
34 100
34 104
34 128
34 136
34 145
34 150
34 154
35 30
35 52
35 55
35 66
35 71
35 84
35 88
36 84
36 103
36 105
37 1
37 7
37 21
37 74
37 108
37 111
37 116
37 120
37 147
37 157
38 72
38 107
38 128
38 130
38 131
38 139
39 0
39 4
39 38
39 139
40 21
40 43
40 48
40 77
40 117
40 125
40 150
41 3
41 33
41 81
41 86
41 123
42 20
42 39
42 47
42 79
42 88
43 10
43 38
43 55
43 91
43 105
43 158
45 48
45 72
45 128
45 131
46 3
46 8
46 9
46 14
46 35
46 43
46 115
46 124
47 12
47 18
47 40
47 67
47 73
47 93
47 94
47 112
47 141
47 151
48 6
48 24
48 86
48 121
48 139
48 151
49 16
49 68
49 73
49 144
50 3
50 20
50 25
50 67
50 114
50 156
51 119
51 134
51 145
51 154
52 2
52 24
52 35
52 58
52 157
53 15
53 20
53 32
53 43
53 67
53 90
53 103
53 135
54 13
54 123
55 0
55 11
55 45
55 121
55 158
56 47
56 53
56 54
56 59
56 110
57 22
57 34
57 43
57 56
57 61
57 85
57 97
58 9
58 28
58 54
58 156
59 27
59 54
59 56
59 113
59 142
59 157
60 23
60 41
60 55
60 89
60 104
60 106
60 130
60 141
60 148
61 63
61 131
61 138
62 16
62 88
62 116
63 0
63 30
63 42
63 71
63 101
63 109
63 125
63 138
63 150
64 47
64 97
64 101
64 143
65 29
65 39
65 81
65 104
65 121
65 134
65 139
65 143
66 23
66 54
66 92
66 111
66 146
66 156
67 5
67 9
67 43
67 47
67 88
67 112
67 120
67 125
67 127
67 134
68 28
68 57
68 116
68 128
68 148
69 20
69 107
70 14
70 25
70 131
70 148
70 149
70 151
71 6
71 23
71 58
71 99
71 105
71 121
71 128
71 143
72 51
72 114
72 122
72 127
72 148
73 47
73 112
73 134
73 137
74 1
74 39
74 55
74 71
74 103
74 121
74 154
75 58
75 77
75 97
75 110
75 119
75 147
76 25
76 80
76 133
77 19
77 23
77 40
77 63
77 84
77 110
77 130
77 135
77 147
78 17
78 25
78 35
78 86
78 102
78 146
79 15
79 44
79 115
79 149
80 11
80 41
80 58
80 60
80 127
80 136
81 33
81 49
81 50
81 65
81 73
81 118
81 158
82 25
82 26
82 97
82 109
83 7
83 19
83 32
83 49
83 63
83 136
83 148
84 5
84 33
84 53
84 58
84 64
84 86
84 92
84 119
85 13
85 130
85 145
85 151
85 159
86 1
86 6
86 20
86 41
86 50
86 56
86 84
86 90
86 104
87 19
87 88
87 111
88 37
88 43
88 47
88 89
88 127
89 6
89 10
89 27
89 31
89 39
89 113
89 121
89 139
89 141
90 5
90 79
90 81
90 92
90 95
90 115
90 124
90 128
90 157
91 17
91 26
91 108
91 115
91 129
91 139
91 141
91 145
91 147
92 10
92 16
92 30
92 44
92 61
92 144
93 3
93 12
93 40
93 48
93 69
93 99
93 118
93 121
93 127
94 10
94 31
94 96
94 98
94 112
94 117
94 136
95 46
95 51
95 71
95 104
95 144
96 10
96 19
96 52
96 90
97 0
97 10
97 60
97 69
97 72
97 89
97 109
97 136
97 144
98 19
98 20
98 47
98 56
98 75
98 158
99 31
99 71
99 122
99 144
100 135
101 16
101 81
101 88
101 118
101 126
101 147
102 78
102 110
102 123
102 129
103 6
103 14
103 102
103 119
104 62
104 66
104 76
104 82
104 86
104 93
104 95
106 39
106 45
106 59
106 101
106 103
106 111
106 126
106 149
107 11
107 33
107 35
107 90
107 127
107 134
107 146
108 28
108 61
108 65
108 90
108 91
109 13
109 81
109 102
110 69
110 75
110 102
110 103
110 149
110 150
111 42
111 68
111 77
111 116
111 126
111 154
112 15
112 16
112 32
112 47
112 59
112 67
112 155
113 63
113 81
113 87
113 89
113 97
113 156
114 25
114 67
114 78
114 132
114 145
114 149
115 58
115 59
115 86
115 89
115 90
115 133
116 22
116 50
116 88
116 126
116 146
117 66
117 94
117 120
118 37
118 42
118 61
118 93
118 101
118 117
118 155
119 19
119 49
119 71
119 95
119 125
119 156
120 23
120 37
120 64
120 67
120 102
120 117
121 12
121 16
121 28
121 63
121 71
121 109
121 136
121 148
122 11
122 117
122 141
122 151
122 152
123 31
123 41
123 58
123 76
123 139
124 151
125 3
125 57
125 63
125 76
125 100
125 115
126 48
126 80
126 87
126 120
127 21
127 23
127 25
127 77
127 93
127 98
127 107
127 141
128 70
128 83
128 90
128 115
129 1
129 24
129 73
129 91
129 99
130 44
130 46
130 47
130 52
130 84
130 85
130 97
130 141
131 43
131 48
131 116
132 13
132 15
132 88
132 111
132 113
132 119
133 11
133 49
133 53
133 95
133 115
134 51
134 82
134 128
135 123
136 38
136 87
136 93
137 17
137 21
137 139
138 28
138 63
138 90
138 96
138 105
138 118
138 151
139 12
139 15
139 55
139 77
139 89
139 104
139 123
140 8
140 12
140 16
141 16
141 122
142 19
142 51
142 53
142 132
142 139
143 45
143 57
143 65
143 159
144 16
144 69
144 92
144 99
144 111
144 126
144 152
144 157
145 9
145 103
145 122
145 130
146 4
146 14
146 30
146 46
146 66
146 105
146 116
146 117
146 132
146 141
147 59
147 83
147 101
147 125
148 4
148 6
148 27
148 51
148 54
148 76
148 158
149 0
149 15
149 105
149 106
149 129
149 144
150 1
150 5
150 24
150 34
150 51
150 54
150 64
150 142
150 149
150 152
151 5
151 17
151 23
151 70
151 72
151 93
151 113
151 123
152 37
152 75
152 97
152 123
152 145
152 150
153 47
153 70
153 99
153 132
153 150
154 29
154 33
154 34
154 68
154 130
155 5
155 34
155 96
155 114
155 149
156 1
156 4
156 49
156 66
156 76
156 113
156 119
156 157
156 158
157 3
157 8
157 27
157 37
157 82
157 86
157 111
157 124
157 125
157 131
157 142
157 146
157 155
157 156
158 11
158 53
158 110
158 115
158 120
158 156
159 4
159 22
159 40
159 85
159 145
0 1 2 3 4 5 6 7 8 9 10 11 12 13 14 15 16 17 18 19 20 21 22 23
