160 2544 7
0 9
0 10
0 14
0 16
0 23
0 35
0 40
0 41
0 44
0 70
0 76
0 78
0 80
0 83
0 88
0 120
0 128
0 130
0 140
0 145
0 146
0 149
0 156
1 2
1 16
1 24
1 25
1 79
1 85
1 88
1 103
1 114
1 127
1 136
1 139
1 143
1 155
2 10
2 17
2 25
2 31
2 42
2 43
2 46
2 51
2 62
2 71
2 77
2 81
2 100
2 125
2 132
2 139
2 156
3 2
3 29
3 62
3 81
3 83
3 138
3 139
3 148
3 152
4 11
4 21
4 22
4 31
4 40
4 42
4 46
4 50
4 54
4 63
4 87
4 100
4 105
4 159
5 2
5 7
5 14
5 17
5 19
5 26
5 31
5 33
5 34
5 38
5 41
5 46
5 88
5 96
5 103
5 105
5 126
5 129
5 141
5 157
6 4
6 8
6 11
6 16
6 24
6 27
6 28
6 32
6 39
6 43
6 45
6 54
6 98
6 107
6 109
6 119
6 120
6 141
6 150
7 20
7 54
7 59
7 70
7 77
7 78
7 88
7 99
7 100
7 101
7 118
7 126
7 153
8 5
8 10
8 21
8 30
8 34
8 44
8 48
8 71
8 79
8 87
8 117
8 120
8 128
8 134
8 140
8 144
9 6
9 19
9 48
9 52
9 53
9 54
9 55
9 58
9 61
9 63
9 76
9 82
9 98
9 99
9 102
9 108
9 109
9 113
9 125
9 127
9 131
9 137
9 140
9 141
9 148
10 14
10 16
10 37
10 38
10 40
10 42
10 64
10 77
10 100
10 104
10 107
10 120
10 122
10 124
10 129
10 150
11 19
11 25
11 58
11 74
11 78
11 88
11 146
12 1
12 3
12 4
12 5
12 8
12 35
12 50
12 51
12 67
12 68
12 107
12 117
12 137
12 140
12 146
12 147
12 151
13 0
13 2
13 9
13 26
13 29
13 33
13 36
13 38
13 59
13 81
13 105
13 114
13 122
13 144
13 156
14 6
14 15
14 27
14 35
14 38
14 48
14 56
14 93
14 111
14 114
14 124
14 130
14 133
14 142
14 143
15 10
15 31
15 40
15 56
15 67
15 72
15 76
15 80
15 81
15 83
15 88
15 89
15 102
15 108
15 115
15 130
15 131
15 154
15 157
16 3
16 14
16 25
16 26
16 29
16 31
16 40
16 46
16 51
16 57
16 66
16 68
16 73
16 74
16 79
16 94
16 99
16 118
16 119
16 126
16 131
16 133
16 135
16 141
17 4
17 6
17 25
17 50
17 52
17 72
17 100
17 113
17 117
17 118
17 127
17 144
17 155
18 12
18 22
18 31
18 42
18 46
18 47
18 53
18 54
18 76
18 91
18 118
18 122
18 128
18 134
18 148
19 15
19 54
19 62
19 68
19 70
19 84
19 94
19 106
19 113
19 114
19 119
19 121
19 150
19 155
20 0
20 1
20 2
20 9
20 14
20 33
20 36
20 60
20 66
20 71
20 73
20 78
20 81
20 85
20 98
20 114
20 116
20 132
20 138
21 17
21 26
21 30
21 33
21 36
21 45
21 65
21 73
21 87
21 101
21 119
21 124
21 125
21 131
21 140
21 141
21 155
22 5
22 8
22 15
22 16
22 23
22 43
22 55
22 57
22 60
22 64
22 65
22 113
22 117
22 125
22 133
22 141
22 150
22 158
23 8
23 15
23 16
23 18
23 21
23 42
23 55
23 60
23 67
23 88
23 97
23 98
23 107
23 146
23 148
24 2
24 7
24 17
24 28
24 50
24 70
24 75
24 84
24 88
24 100
24 104
24 128
24 135
24 137
25 24
25 33
25 43
25 74
25 75
25 90
25 95
25 97
25 100
25 106
25 110
25 140
26 25
26 31
26 42
26 91
26 94
26 105
26 112
26 116
26 150
27 7
27 13
27 17
27 53
27 55
27 67
27 88
27 102
27 108
27 109
27 130
27 132
27 134
27 135
27 152
27 156
28 9
28 13
28 19
28 32
28 45
28 57
28 68
28 91
28 96
28 97
28 99
28 116
28 117
28 118
29 1
29 9
29 17
29 22
29 27
29 39
29 68
29 81
29 86
29 93
29 94
29 107
29 118
29 131
29 140
29 150
30 0
30 2
30 3
30 4
30 16
30 18
30 33
30 52
30 58
30 62
30 63
30 77
30 87
30 95
30 99
30 112
30 126
30 136
30 137
30 148
30 159
31 11
31 14
31 54
31 57
31 64
31 82
31 97
31 98
31 101
31 108
31 123
31 125
31 140
32 0
32 5
32 7
32 8
32 10
32 26
32 30
32 33
32 34
32 43
32 50
32 58
32 62
32 95
32 97
32 117
32 124
32 136
32 142
32 146
33 4
33 6
33 10
33 11
33 15
33 17
33 23
33 27
33 28
33 31
33 35
33 40
33 42
33 47
33 59
33 69
33 82
33 83
33 104
33 109
33 111
33 121
33 122
33 132
33 149
33 157
34 3
34 4
34 6
34 15
34 48
34 84
34 104
34 105
34 127
34 132
34 143
34 153
35 2
35 3
35 8
35 9
35 11
35 20
35 30
35 32
35 69
35 76
35 97
35 98
35 109
35 121
35 130
35 139
35 151
36 18
36 25
36 37
36 65
36 105
36 122
36 125
36 135
36 138
36 154
37 3
37 14
37 23
37 26
37 27
37 33
37 34
37 49
37 54
37 69
37 91
37 108
37 122
37 127
37 149
38 0
38 22
38 35
38 54
38 59
38 68
38 74
38 82
38 92
38 96
38 98
38 99
38 103
38 105
38 108
38 114
38 116
38 143
38 144
39 52
39 57
39 61
39 64
39 68
39 74
39 76
39 86
39 101
39 109
39 123
39 124
39 137
39 146
40 2
40 13
40 43
40 51
40 54
40 60
40 87
40 94
40 115
40 126
40 133
40 144
40 145
40 157
41 29
41 31
41 35
41 37
41 44
41 48
41 54
41 63
41 74
41 81
41 93
41 97
41 102
41 104
41 105
41 113
41 125
41 129
41 130
41 155
42 12
42 13
42 29
42 30
42 32
42 70
42 73
42 88
42 91
42 106
42 109
42 114
42 115
42 135
42 140
42 142
42 153
42 154
42 159
43 9
43 36
43 51
43 80
43 84
43 89
43 104
43 105
43 119
43 129
43 137
43 141
43 144
43 149
44 4
44 6
44 22
44 26
44 33
44 56
44 58
44 89
44 98
44 112
44 120
44 122
44 132
44 136
44 143
45 16
45 27
45 33
45 53
45 61
45 63
45 70
45 107
45 110
45 117
45 118
45 124
45 147
46 11
46 29
46 49
46 61
46 96
46 97
46 101
46 107
46 110
46 111
46 119
46 127
46 131
46 145
46 150
47 0
47 16
47 28
47 48
47 66
47 75
47 77
47 115
47 129
47 130
47 148
48 13
48 15
48 25
48 28
48 38
48 42
48 46
48 67
48 89
48 101
48 114
48 117
48 125
48 158
49 0
49 19
49 38
49 62
49 67
49 69
49 74
49 77
49 88
49 96
49 101
49 105
49 116
49 120
49 138
49 140
49 141
49 145
49 147
50 2
50 16
50 22
50 29
50 35
50 36
50 43
50 81
50 96
50 97
50 110
50 114
50 117
50 121
50 146
50 147
50 151
50 154
50 156
50 159
51 5
51 14
51 20
51 21
51 22
51 23
51 25
51 36
51 45
51 50
51 56
51 73
51 78
51 82
51 83
51 98
51 101
51 104
51 115
51 122
51 129
51 132
51 134
51 139
51 151
51 156
52 0
52 16
52 20
52 27
52 29
52 40
52 41
52 48
52 49
52 83
52 90
52 112
52 116
52 126
52 130
52 131
52 133
52 134
52 135
52 136
52 137
53 4
53 6
53 7
53 28
53 37
53 50
53 80
53 82
53 93
53 102
53 107
53 113
53 128
53 141
53 145
53 155
54 43
54 64
54 79
54 105
54 114
54 115
54 118
54 141
54 144
55 29
55 30
55 34
55 35
55 36
55 44
55 50
55 73
55 81
55 104
55 108
55 120
55 136
55 141
55 150
56 5
56 24
56 25
56 58
56 64
56 66
56 75
56 83
56 92
56 97
56 99
56 101
56 144
56 147
56 154
57 1
57 6
57 26
57 64
57 71
57 77
57 86
57 117
57 124
57 135
57 137
58 3
58 5
58 8
58 13
58 21
58 48
58 59
58 64
58 80
58 88
58 96
58 121
58 147
58 150
58 159
59 0
59 11
59 20
59 31
59 42
59 44
59 49
59 80
59 85
59 91
59 93
59 102
59 142
59 147
59 154
59 156
60 4
60 12
60 14
60 34
60 45
60 68
60 71
60 73
60 74
60 80
60 89
60 98
60 103
60 122
60 130
60 154
61 15
61 21
61 26
61 30
61 47
61 48
61 50
61 55
61 56
61 69
61 94
61 110
61 121
61 134
62 0
62 1
62 8
62 22
62 58
62 69
62 80
62 82
62 86
62 97
62 122
62 135
63 5
63 20
63 33
63 35
63 42
63 51
63 58
63 82
63 84
63 88
63 93
63 113
63 129
63 136
63 142
64 8
64 14
64 32
64 38
64 45
64 52
64 55
64 90
64 111
64 118
64 120
64 125
64 130
64 149
64 151
64 154
64 155
65 5
65 6
65 19
65 33
65 39
65 40
65 54
65 61
65 63
65 89
65 90
65 103
65 118
65 121
65 128
65 147
65 153
65 157
66 3
66 12
66 14
66 19
66 30
66 44
66 61
66 75
66 84
66 93
66 103
66 114
66 115
66 120
66 140
66 151
66 156
66 157
67 30
67 53
67 55
67 58
67 80
67 87
67 109
67 115
67 126
67 145
67 151
67 158
68 8
68 9
68 15
68 33
68 36
68 49
68 57
68 62
68 65
68 72
68 91
68 93
68 114
68 134
69 0
69 1
69 7
69 11
69 12
69 20
69 27
69 46
69 64
69 72
69 76
69 98
69 101
69 110
69 119
69 129
70 37
70 40
70 71
70 72
70 82
70 87
70 110
70 122
70 125
70 135
70 138
70 140
70 141
70 142
71 25
71 26
71 41
71 55
71 64
71 76
71 87
71 91
71 99
71 128
71 132
71 141
71 144
72 12
72 53
72 64
72 77
72 78
72 92
72 112
72 123
72 124
72 127
72 138
72 150
72 154
73 11
73 25
73 31
73 33
73 36
73 52
73 61
73 66
73 76
73 93
73 103
73 115
73 119
73 129
73 137
73 145
73 146
74 4
74 10
74 31
74 36
74 47
74 93
74 97
74 99
74 121
74 122
74 126
74 127
75 15
75 16
75 19
75 20
75 31
75 38
75 40
75 48
75 58
75 74
75 80
75 86
75 88
75 133
75 148
75 157
76 1
76 13
76 29
76 31
76 38
76 42
76 46
76 49
76 52
76 53
76 75
76 78
76 84
76 87
76 104
76 108
76 118
76 123
76 130
76 132
77 5
77 20
77 29
77 40
77 56
77 76
77 126
77 138
77 153
77 154
78 9
78 27
78 40
78 48
78 55
78 58
78 69
78 77
78 82
78 105
78 119
78 123
78 124
78 141
78 142
78 150
79 4
79 6
79 17
79 31
79 39
79 49
79 51
79 52
79 72
79 87
79 95
79 107
79 110
79 119
79 136
79 139
79 144
79 146
80 9
80 23
80 29
80 32
80 33
80 35
80 37
80 38
80 54
80 57
80 71
80 79
80 104
80 110
80 117
81 6
81 27
81 59
81 60
81 71
81 78
81 90
81 100
81 106
81 113
81 126
81 133
81 144
82 2
82 7
82 12
82 16
82 20
82 23
82 55
82 69
82 79
82 80
82 83
82 90
82 100
82 102
82 103
82 106
82 120
82 136
83 1
83 6
83 10
83 24
83 26
83 59
83 75
83 90
83 107
83 111
83 112
83 113
83 116
83 122
83 143
83 146
83 150
84 4
84 14
84 17
84 22
84 62
84 79
84 94
84 106
84 118
84 125
84 133
84 150
84 154
84 157
85 6
85 10
85 14
85 29
85 33
85 64
85 74
85 75
85 80
85 104
85 134
85 138
86 2
86 10
86 16
86 26
86 35
86 40
86 43
86 51
86 63
86 73
86 88
86 93
86 96
86 106
86 109
86 112
86 114
86 121
86 129
86 140
86 146
87 7
87 10
87 11
87 17
87 44
87 61
87 83
87 88
87 91
87 106
87 107
87 124
87 134
87 154
87 156
87 159
88 4
88 10
88 25
88 37
88 38
88 65
88 92
88 118
88 126
88 135
88 136
88 138
88 140
88 151
88 155
89 3
89 17
89 23
89 56
89 58
89 59
89 71
89 100
89 110
89 125
89 126
89 149
89 153
90 4
90 14
90 35
90 48
90 55
90 73
90 88
90 89
90 94
90 99
90 100
90 101
90 107
90 112
90 129
90 136
90 152
91 1
91 6
91 11
91 25
91 36
91 44
91 76
91 84
91 110
91 127
91 145
91 151
91 153
91 159
92 15
92 17
92 25
92 31
92 32
92 39
92 53
92 55
92 57
92 62
92 75
92 76
92 96
92 127
93 13
93 21
93 24
93 28
93 46
93 60
93 83
93 89
93 90
93 100
93 118
93 119
93 131
93 132
93 135
93 140
93 152
94 6
94 28
94 35
94 36
94 42
94 47
94 55
94 77
94 96
94 113
94 116
94 117
94 126
94 148
95 15
95 18
95 41
95 42
95 43
95 53
95 60
95 72
95 75
95 76
95 80
95 83
95 111
95 121
95 125
95 132
95 138
95 149
95 157
96 32
96 40
96 57
96 60
96 70
96 79
96 98
96 111
96 115
96 116
96 128
96 135
96 141
96 152
96 154
97 14
97 24
97 37
97 53
97 57
97 58
97 67
97 89
97 103
97 107
97 114
97 127
97 153
97 158
98 5
98 19
98 26
98 32
98 33
98 54
98 58
98 68
98 74
98 77
98 89
98 90
98 91
98 104
98 123
98 129
98 134
98 159
99 8
99 12
99 26
99 35
99 41
99 42
99 43
99 55
99 68
99 73
99 75
99 76
99 77
99 85
99 86
99 100
99 126
99 132
99 139
99 143
99 145
99 151
99 155
100 1
100 6
100 15
100 16
100 23
100 26
100 27
100 30
100 47
100 52
100 54
100 55
100 98
100 108
100 112
100 131
100 136
100 145
100 146
100 151
101 14
101 19
101 28
101 63
101 68
101 79
101 84
101 89
101 94
101 95
101 104
101 105
101 107
101 139
101 145
101 152
101 155
102 20
102 24
102 31
102 34
102 35
102 36
102 46
102 50
102 58
102 67
102 70
102 74
102 84
102 108
102 110
102 121
102 130
102 138
102 139
102 146
102 147
103 0
103 9
103 23
103 34
103 36
103 46
103 48
103 58
103 61
103 63
103 78
103 88
103 96
103 100
103 102
103 112
103 129
103 137
103 140
103 154
104 13
104 26
104 63
104 78
104 82
104 90
104 92
104 99
104 115
104 116
104 119
104 120
104 124
104 159
105 1
105 2
105 10
105 12
105 14
105 22
105 25
105 32
105 61
105 75
105 82
105 88
105 91
105 95
105 100
105 103
105 104
105 115
105 119
105 121
105 139
105 141
106 6
106 31
106 33
106 34
106 49
106 70
106 74
106 77
106 93
106 102
106 104
106 108
106 148
106 155
107 0
107 3
107 19
107 64
107 80
107 93
107 96
107 119
107 136
107 144
107 159
108 4
108 12
108 24
108 29
108 39
108 53
108 68
108 79
108 87
108 96
108 103
108 130
108 135
108 143
108 149
109 8
109 29
109 49
109 61
109 84
109 88
109 100
109 110
109 135
109 140
109 157
110 1
110 3
110 13
110 14
110 26
110 28
110 34
110 36
110 37
110 38
110 39
110 66
110 78
110 81
110 98
110 100
110 108
110 113
110 114
110 116
110 130
110 144
110 146
110 148
110 157
110 158
111 9
111 20
111 32
111 40
111 43
111 51
111 53
111 63
111 70
111 77
111 80
111 81
111 85
111 86
111 98
111 118
111 135
112 8
112 17
112 34
112 49
112 50
112 53
112 69
112 78
112 80
112 81
112 88
112 91
112 102
112 124
112 138
112 155
112 157
113 14
113 30
113 37
113 60
113 79
113 93
113 103
113 108
113 114
113 116
113 117
113 118
113 128
113 136
113 137
113 143
113 148
113 155
113 159
114 16
114 22
114 29
114 32
114 36
114 37
114 43
114 73
114 102
114 103
114 109
114 111
114 116
114 121
114 128
114 146
115 1
115 4
115 7
115 37
115 53
115 79
115 85
115 89
115 90
115 106
115 110
115 116
115 119
115 131
115 132
115 134
115 138
115 146
115 151
116 10
116 13
116 19
116 22
116 24
116 36
116 39
116 69
116 78
116 79
116 87
116 102
116 111
116 123
116 145
117 25
117 27
117 31
117 35
117 36
117 64
117 66
117 70
117 73
117 95
117 115
117 124
118 8
118 13
118 23
118 26
118 31
118 34
118 52
118 74
118 79
118 90
118 136
118 139
118 143
118 146
118 149
119 0
119 4
119 8
119 10
119 20
119 25
119 28
119 37
119 39
119 47
119 48
119 49
119 53
119 54
119 61
119 62
119 64
119 92
119 110
119 117
119 123
119 124
119 138
119 151
120 14
120 31
120 33
120 34
120 53
120 54
120 72
120 115
120 142
120 144
121 6
121 7
121 17
121 20
121 36
121 46
121 47
121 79
121 84
121 97
121 98
121 154
122 19
122 23
122 41
122 61
122 82
122 94
122 106
122 110
122 111
122 112
122 115
122 134
122 138
122 153
123 0
123 4
123 8
123 22
123 50
123 62
123 86
123 90
123 93
123 94
123 138
124 0
124 2
124 19
124 20
124 22
124 30
124 42
124 47
124 48
124 65
124 75
124 85
124 90
124 100
124 111
124 116
124 130
124 132
124 140
124 148
124 151
125 10
125 30
125 35
125 91
125 92
125 111
125 116
125 122
125 126
125 130
126 1
126 25
126 50
126 60
126 73
126 84
126 87
126 100
126 107
126 124
126 140
126 145
126 153
126 155
127 0
127 8
127 10
127 24
127 26
127 27
127 33
127 43
127 52
127 62
127 71
127 78
127 83
127 90
127 154
128 10
128 14
128 15
128 33
128 40
128 44
128 74
128 90
128 92
128 93
128 95
128 97
128 98
128 115
128 123
128 131
128 133
128 135
129 14
129 19
129 39
129 44
129 46
129 54
129 56
129 102
129 111
129 112
129 125
129 127
129 128
129 142
129 144
129 149
130 1
130 18
130 25
130 36
130 39
130 48
130 53
130 63
130 69
130 70
130 74
130 92
130 123
130 138
130 139
130 154
131 10
131 44
131 50
131 51
131 54
131 75
131 83
131 90
131 95
131 96
131 145
131 148
132 11
132 13
132 16
132 29
132 32
132 40
132 49
132 53
132 56
132 60
132 64
132 118
132 119
132 122
132 125
132 133
132 137
132 144
132 158
132 159
133 0
133 9
133 33
133 38
133 60
133 63
133 86
133 88
133 96
133 104
133 111
133 112
133 118
133 141
133 146
133 147
133 150
133 159
134 5
134 11
134 37
134 39
134 62
134 71
134 101
134 110
134 111
134 113
134 139
134 140
134 155
135 5
135 14
135 20
135 32
135 46
135 67
135 81
135 100
135 116
135 121
135 126
135 145
135 153
136 5
136 8
136 23
136 34
136 37
136 40
136 41
136 57
136 73
136 94
136 120
136 128
136 130
136 134
136 139
136 140
136 150
136 151
137 3
137 4
137 20
137 22
137 55
137 62
137 65
137 66
137 72
137 74
137 79
137 82
137 83
137 98
137 110
137 111
137 122
137 123
137 126
137 129
137 156
138 1
138 7
138 12
138 15
138 38
138 66
138 86
138 129
138 137
138 146
138 150
139 7
139 20
139 23
139 49
139 53
139 57
139 63
139 64
139 70
139 86
139 94
139 100
139 103
139 104
139 107
139 115
139 121
139 153
140 18
140 22
140 24
140 46
140 63
140 64
140 73
140 75
140 90
140 97
140 111
140 115
140 130
140 131
140 141
140 158
140 159
141 1
141 3
141 20
141 23
141 72
141 74
141 85
141 86
141 102
141 115
141 122
141 127
141 128
141 129
141 137
141 146
141 147
142 1
142 4
142 9
142 13
142 25
142 36
142 37
142 43
142 73
142 79
142 127
142 137
143 18
143 43
143 52
143 67
143 84
143 114
143 130
143 138
143 139
143 156
143 158
144 12
144 14
144 18
144 30
144 35
144 45
144 52
144 57
144 59
144 72
144 77
144 85
144 90
144 96
144 105
144 109
144 114
144 127
144 136
144 137
144 140
144 141
144 151
145 14
145 25
145 37
145 43
145 57
145 86
145 102
145 104
145 119
145 124
145 137
145 138
145 147
146 6
146 10
146 55
146 59
146 65
146 71
146 80
146 113
146 122
146 129
146 137
146 147
147 8
147 13
147 14
147 19
147 25
147 28
147 30
147 33
147 35
147 37
147 64
147 86
147 103
147 112
147 139
147 140
148 26
148 28
148 33
148 74
148 76
148 77
148 96
148 97
148 105
148 133
148 137
148 151
149 12
149 25
149 29
149 41
149 62
149 82
149 86
149 92
149 99
149 104
149 119
149 130
149 133
149 135
149 137
149 138
149 151
149 153
149 157
149 158
150 24
150 52
150 56
150 67
150 76
150 87
150 89
150 91
150 139
150 143
150 151
151 3
151 5
151 13
151 33
151 44
151 49
151 58
151 93
151 142
151 143
151 147
152 4
152 15
152 26
152 35
152 39
152 65
152 91
152 100
152 102
152 110
152 118
152 144
152 151
153 1
153 2
153 6
153 16
153 20
153 23
153 24
153 27
153 40
153 41
153 48
153 51
153 59
153 60
153 70
153 72
153 87
153 95
153 110
153 114
153 115
153 118
153 125
153 128
153 129
153 157
154 2
154 29
154 40
154 48
154 61
154 82
154 97
154 108
154 112
154 141
154 156
155 10
155 14
155 30
155 31
155 32
155 34
155 45
155 46
155 55
155 58
155 62
155 79
155 87
155 89
155 110
155 120
155 147
156 6
156 12
156 30
156 31
156 32
156 36
156 39
156 46
156 47
156 53
156 68
156 74
156 78
156 82
156 92
156 93
156 100
156 117
156 118
156 123
156 130
156 134
156 148
157 0
157 4
157 14
157 21
157 22
157 32
157 78
157 93
157 94
157 101
157 130
157 132
157 134
157 139
157 141
157 158
158 6
158 34
158 42
158 43
158 46
158 53
158 62
158 73
158 77
158 80
158 84
158 94
158 102
158 104
158 115
158 126
158 127
158 130
158 141
159 3
159 24
159 31
159 51
159 63
159 68
159 71
159 75
159 78
159 84
159 85
159 96
159 100
159 103
159 109
159 112
159 126
159 148
0 1 2 3 4 5 6
