160 533 7
0 4
0 24
0 26
0 63
0 79
0 97
0 98
0 149
1 37
1 150
2 35
3 93
3 157
4 0
4 29
4 80
5 12
5 67
5 151
6 8
6 11
6 46
6 80
6 86
7 37
7 82
8 6
8 140
8 157
9 49
9 104
10 13
10 24
10 67
10 85
10 92
10 97
11 6
11 15
11 133
12 5
12 13
12 36
12 47
13 12
13 37
13 85
13 135
14 39
14 50
14 143
15 11
16 92
16 121
17 42
17 78
18 150
19 22
19 83
20 42
20 50
20 69
20 86
21 40
21 66
21 137
22 19
22 159
23 120
23 127
23 151
24 18
24 33
24 52
24 79
24 108
24 136
25 32
25 33
25 76
26 0
26 158
27 30
28 39
28 58
28 68
28 85
28 121
28 138
29 4
29 115
29 118
29 154
30 27
30 35
30 92
30 111
30 146
31 89
31 97
31 133
32 25
32 53
32 95
33 7
33 24
33 25
33 62
33 81
33 84
34 57
34 100
34 136
34 150
35 2
35 52
35 71
35 78
36 12
36 103
37 1
37 7
37 13
37 21
37 116
38 43
38 72
38 130
38 139
39 5
39 14
40 8
40 21
40 43
40 117
41 80
41 81
42 17
42 63
42 79
43 38
43 40
43 57
43 88
43 105
44 79
45 72
46 6
46 35
46 115
46 124
46 146
47 12
47 42
47 88
48 121
48 139
49 9
49 119
49 144
50 14
50 20
51 72
51 134
52 24
52 35
52 58
52 96
52 130
53 32
53 67
53 84
53 90
53 103
53 135
53 142
53 158
54 56
54 58
54 66
55 121
55 139
55 158
56 54
56 86
56 110
57 34
57 43
57 61
57 68
57 97
57 125
58 28
58 52
58 156
59 112
59 142
59 147
59 157
60 80
60 97
60 106
61 57
61 63
61 131
62 33
62 88
62 104
62 116
63 0
63 42
63 61
63 71
63 77
63 109
63 138
64 97
65 121
65 134
66 21
66 54
66 111
66 156
67 5
67 53
67 112
67 134
68 28
68 57
68 116
69 20
69 93
69 97
69 107
69 144
70 128
71 23
71 35
71 63
71 95
71 119
72 38
72 45
72 51
72 114
72 127
73 81
73 129
74 71
74 103
74 154
75 97
75 110
75 152
76 25
76 80
76 104
76 123
76 133
77 63
77 110
77 135
78 13
78 17
78 35
79 0
79 15
79 24
79 42
79 44
80 4
80 6
80 41
80 60
80 136
81 41
81 50
81 65
81 73
81 109
81 158
82 109
83 19
83 63
83 147
83 148
84 33
84 53
84 86
84 119
85 10
85 13
85 28
85 145
85 159
86 6
86 20
86 84
86 115
86 157
87 32
87 136
88 43
88 62
88 127
88 132
89 31
89 115
90 53
90 86
90 96
91 115
91 147
92 10
92 16
92 30
92 61
93 3
93 69
93 99
93 118
93 127
94 31
94 112
94 117
95 32
95 46
95 71
96 10
96 19
96 52
96 90
96 155
97 0
97 31
97 57
97 64
97 69
97 75
97 89
97 109
97 113
97 144
99 93
100 125
100 135
101 16
102 8
102 78
102 120
103 74
104 9
104 62
104 76
104 95
105 146
106 60
106 111
106 126
106 149
107 69
108 24
109 81
109 82
109 102
110 56
110 77
110 103
111 30
111 37
111 66
111 106
111 116
111 126
111 144
111 154
112 59
112 67
112 73
112 94
112 155
113 97
114 67
114 72
114 132
114 145
114 149
114 155
115 29
115 46
115 86
115 91
116 62
116 111
116 126
116 146
117 94
117 120
118 29
118 93
119 49
119 71
119 84
119 125
119 132
120 23
120 102
120 117
121 16
121 28
121 65
121 109
121 136
122 117
122 145
122 151
122 152
123 41
123 76
124 157
125 57
125 100
125 119
126 106
126 116
126 144
127 21
127 23
127 72
127 88
127 93
127 107
127 141
128 34
128 70
128 83
128 134
129 149
130 38
130 44
130 46
130 145
131 43
131 61
131 157
132 13
132 114
132 119
132 142
132 153
133 11
133 31
133 76
133 115
134 10
134 51
134 65
134 67
134 128
135 13
135 53
135 77
136 34
136 87
136 121
138 28
138 63
139 38
139 48
139 55
139 77
139 142
140 8
141 127
142 15
142 53
142 59
142 132
142 139
143 14
143 21
143 45
144 49
144 69
144 97
144 111
144 126
144 149
145 85
145 114
145 122
145 159
146 46
146 105
147 59
147 91
148 6
148 83
149 0
149 114
149 129
149 144
150 1
150 18
150 34
151 23
151 122
152 75
152 122
153 99
153 132
154 29
154 74
154 111
155 96
155 114
155 157
156 4
156 58
156 119
156 157
157 3
157 37
157 59
157 124
157 142
158 26
158 53
158 55
158 81
159 4
159 22
159 85
0 1 2 3 4 5 6
