160 2544 7
0 4
0 7
0 14
0 22
0 26
0 32
0 37
0 40
0 47
0 84
0 85
0 86
0 88
0 89
0 94
0 106
0 130
0 136
0 143
0 147
0 152
0 154
0 155
1 6
1 11
1 21
1 26
1 53
1 65
1 68
1 85
1 111
1 129
1 132
1 141
1 154
2 5
2 16
2 23
2 35
2 40
2 47
2 54
2 61
2 70
2 73
2 75
2 88
2 89
2 110
2 120
2 131
2 146
2 158
3 8
3 51
3 61
3 62
3 88
3 107
3 117
3 122
3 137
3 152
3 153
3 158
4 14
4 17
4 31
4 41
4 51
4 62
4 84
4 102
4 107
4 151
4 152
5 1
5 3
5 4
5 14
5 18
5 21
5 26
5 28
5 31
5 36
5 37
5 43
5 44
5 90
5 95
5 97
5 105
5 110
5 111
5 130
5 134
5 135
5 139
5 156
6 2
6 5
6 8
6 25
6 29
6 36
6 41
6 42
6 45
6 50
6 123
6 137
6 148
6 151
6 153
6 159
7 1
7 3
7 4
7 13
7 29
7 67
7 74
7 81
7 83
7 84
7 101
7 102
7 109
7 115
7 119
7 121
7 134
7 137
7 145
7 157
8 17
8 27
8 31
8 58
8 61
8 81
8 110
8 118
8 133
8 136
8 138
8 140
8 157
9 5
9 57
9 59
9 61
9 86
9 90
9 93
9 100
9 104
9 115
9 128
9 132
9 133
9 145
9 152
9 154
10 2
10 7
10 16
10 17
10 19
10 20
10 28
10 29
10 31
10 38
10 44
10 49
10 63
10 73
10 74
10 82
10 83
10 94
10 118
10 123
10 128
11 9
11 14
11 17
11 35
11 53
11 70
11 80
11 82
11 119
12 18
12 29
12 34
12 46
12 68
12 88
12 91
12 97
12 107
12 135
12 142
12 145
12 152
12 158
13 0
13 1
13 29
13 39
13 53
13 56
13 57
13 63
13 65
13 106
13 114
13 122
13 126
13 137
13 150
14 7
14 17
14 23
14 37
14 48
14 64
14 65
14 73
14 120
14 132
14 143
14 152
15 8
15 20
15 21
15 55
15 59
15 104
15 109
15 114
15 117
15 121
15 130
15 132
15 147
15 148
15 150
15 151
16 22
16 23
16 24
16 30
16 34
16 49
16 52
16 70
16 75
16 76
16 95
16 99
16 107
16 115
16 128
16 141
16 143
16 146
16 148
16 159
17 16
17 26
17 32
17 47
17 49
17 55
17 60
17 70
17 72
17 82
17 106
17 141
17 142
17 143
18 3
18 4
18 39
18 57
18 60
18 65
18 76
18 78
18 81
18 82
18 87
18 93
18 96
18 117
18 118
18 122
18 123
18 125
18 128
18 132
18 141
18 152
19 44
19 58
19 59
19 65
19 66
19 78
19 83
19 89
19 93
19 96
19 103
19 107
19 124
19 126
19 129
19 150
20 2
20 30
20 39
20 52
20 55
20 72
20 84
20 89
20 94
20 104
20 109
20 132
20 135
20 158
20 159
21 3
21 7
21 16
21 17
21 26
21 30
21 49
21 63
21 64
21 65
21 85
21 87
21 92
21 97
21 101
21 108
21 127
21 132
21 153
22 17
22 20
22 23
22 39
22 43
22 45
22 62
22 63
22 78
22 99
22 118
22 119
22 125
22 131
22 139
22 152
22 159
23 5
23 10
23 24
23 30
23 43
23 59
23 68
23 87
23 136
23 142
23 154
24 0
24 8
24 26
24 37
24 39
24 44
24 52
24 67
24 71
24 97
24 100
24 111
24 138
24 155
25 22
25 36
25 37
25 44
25 84
25 89
25 91
25 107
25 110
25 124
25 142
25 153
26 14
26 15
26 19
26 49
26 50
26 73
26 78
26 86
26 109
26 138
26 148
26 150
27 7
27 18
27 29
27 41
27 42
27 45
27 65
27 72
27 83
27 84
27 87
27 90
27 91
27 103
27 124
27 126
27 129
28 16
28 20
28 30
28 31
28 41
28 52
28 64
28 66
28 94
28 113
28 136
29 0
29 31
29 32
29 36
29 39
29 57
29 61
29 81
29 95
29 101
29 114
29 150
30 0
30 5
30 12
30 18
30 25
30 37
30 39
30 57
30 58
30 59
30 61
30 67
30 83
30 86
30 88
30 108
30 113
30 135
30 138
30 143
31 2
31 7
31 9
31 18
31 26
31 51
31 62
31 66
31 76
31 97
31 109
31 113
31 115
31 135
31 139
31 152
31 153
32 2
32 25
32 34
32 39
32 60
32 64
32 80
32 81
32 97
32 98
32 100
32 133
32 138
32 153
33 8
33 27
33 36
33 47
33 83
33 97
33 99
33 107
33 127
33 135
33 147
33 148
34 0
34 1
34 14
34 17
34 22
34 40
34 60
34 68
34 72
34 114
34 122
34 127
34 153
34 158
35 1
35 12
35 20
35 22
35 25
35 26
35 37
35 38
35 79
35 85
35 117
35 118
35 125
35 144
36 3
36 9
36 10
36 13
36 24
36 35
36 44
36 46
36 68
36 84
36 101
36 155
37 6
37 72
37 78
37 81
37 84
37 91
37 102
37 104
37 106
37 125
37 131
38 2
38 6
38 7
38 9
38 18
38 25
38 45
38 57
38 101
38 117
38 120
38 127
38 129
38 148
38 157
39 1
39 23
39 35
39 41
39 43
39 48
39 51
39 58
39 59
39 81
39 86
39 99
39 105
39 110
39 113
39 118
39 132
39 150
39 152
40 8
40 12
40 32
40 45
40 54
40 57
40 85
40 105
40 107
40 137
40 140
40 158
41 8
41 13
41 26
41 31
41 45
41 58
41 59
41 87
41 91
41 107
41 108
41 139
41 145
41 146
41 158
42 2
42 3
42 11
42 12
42 14
42 17
42 23
42 24
42 28
42 34
42 61
42 72
42 80
42 81
42 89
42 92
42 94
42 99
42 117
42 119
42 121
42 122
42 127
42 133
42 137
42 153
43 16
43 19
43 72
43 73
43 95
43 101
43 118
43 119
43 130
43 132
43 141
43 144
43 147
43 149
43 158
44 6
44 20
44 26
44 34
44 37
44 53
44 61
44 75
44 87
44 108
44 119
44 121
44 131
44 139
44 140
44 144
45 2
45 9
45 11
45 19
45 58
45 75
45 82
45 83
45 100
45 112
45 113
45 114
45 119
45 150
45 151
45 155
46 1
46 3
46 10
46 16
46 28
46 40
46 76
46 93
46 95
46 108
46 110
46 113
46 114
46 115
46 118
46 126
46 135
46 136
46 151
46 152
46 153
47 18
47 25
47 26
47 37
47 59
47 61
47 63
47 64
47 69
47 77
47 88
47 89
47 111
47 122
47 148
47 154
48 4
48 29
48 35
48 46
48 64
48 82
48 86
48 87
48 111
48 127
48 141
49 5
49 6
49 19
49 32
49 34
49 44
49 50
49 54
49 68
49 84
49 112
49 113
49 118
49 120
49 128
49 143
49 147
49 149
49 154
50 0
50 10
50 27
50 32
50 56
50 63
50 67
50 72
50 74
50 81
50 92
50 118
50 129
50 132
50 144
50 153
51 14
51 29
51 30
51 35
51 36
51 50
51 56
51 58
51 86
51 93
51 109
51 112
51 113
51 115
51 121
51 134
51 137
51 142
51 159
52 0
52 1
52 11
52 50
52 57
52 65
52 67
52 79
52 88
52 89
52 92
52 95
52 96
52 97
52 104
52 119
52 123
52 133
52 134
52 145
52 152
52 156
52 157
53 8
53 16
53 21
53 24
53 26
53 43
53 52
53 74
53 87
53 93
53 105
53 131
53 145
54 4
54 11
54 13
54 23
54 46
54 55
54 67
54 68
54 84
54 98
54 116
54 125
54 134
54 146
54 150
55 6
55 13
55 21
55 29
55 33
55 35
55 41
55 44
55 49
55 78
55 79
55 81
55 88
55 111
55 132
56 0
56 30
56 35
56 40
56 48
56 75
56 102
56 131
56 133
56 134
56 135
56 138
56 143
56 152
57 1
57 7
57 20
57 31
57 50
57 58
57 66
57 88
57 93
57 105
57 110
57 112
57 113
57 125
57 144
57 151
57 152
57 156
58 22
58 37
58 40
58 47
58 59
58 78
58 87
58 89
58 96
58 111
58 132
58 149
59 26
59 49
59 54
59 61
59 67
59 72
59 117
59 129
59 134
59 150
59 159
60 3
60 21
60 24
60 36
60 37
60 41
60 76
60 84
60 85
60 99
60 102
60 116
60 126
60 127
60 129
60 131
60 132
60 140
60 141
60 159
61 10
61 17
61 37
61 91
61 99
61 103
61 109
61 133
61 142
61 155
62 0
62 7
62 19
62 27
62 48
62 55
62 84
62 90
62 106
62 129
62 145
62 146
62 156
62 159
63 15
63 32
63 51
63 70
63 98
63 119
63 124
63 138
63 151
64 0
64 2
64 15
64 19
64 33
64 38
64 50
64 60
64 61
64 70
64 78
64 89
64 106
64 135
64 143
64 154
65 20
65 29
65 30
65 35
65 43
65 44
65 48
65 69
65 70
65 80
65 101
65 110
65 113
65 116
65 137
65 138
65 146
65 147
66 34
66 54
66 63
66 67
66 87
66 123
66 129
66 132
66 137
66 149
66 152
66 153
67 11
67 12
67 16
67 21
67 22
67 38
67 43
67 47
67 68
67 71
67 78
67 96
67 100
67 110
67 121
67 124
67 128
67 134
67 149
68 5
68 30
68 32
68 48
68 52
68 59
68 62
68 79
68 93
68 107
68 111
68 117
68 120
68 124
69 3
69 13
69 19
69 26
69 41
69 51
69 56
69 64
69 76
69 77
69 93
69 98
69 106
69 110
69 116
69 141
69 145
69 156
70 15
70 24
70 32
70 45
70 48
70 49
70 50
70 81
70 91
70 93
70 105
70 132
70 133
70 153
71 4
71 11
71 14
71 34
71 35
71 73
71 80
71 87
71 90
71 101
71 109
71 116
71 125
71 133
71 138
71 146
71 149
72 13
72 18
72 26
72 47
72 55
72 60
72 75
72 79
72 85
72 90
72 95
72 96
72 102
72 111
72 134
73 39
73 41
73 56
73 81
73 90
73 103
73 113
73 120
73 124
73 130
73 140
73 156
74 13
74 14
74 23
74 42
74 58
74 62
74 71
74 86
74 108
74 114
74 120
74 131
74 138
74 143
74 148
75 6
75 24
75 26
75 28
75 54
75 79
75 88
75 92
75 111
75 120
75 127
75 143
75 152
75 153
76 4
76 30
76 38
76 43
76 51
76 54
76 67
76 114
76 118
76 131
76 140
76 143
76 147
77 22
77 32
77 34
77 45
77 105
77 111
77 131
77 133
77 159
78 3
78 33
78 41
78 60
78 75
78 84
78 98
78 102
78 103
78 132
78 136
78 137
79 0
79 1
79 30
79 32
79 36
79 37
79 78
79 84
79 86
79 92
79 101
79 126
79 130
79 140
79 156
79 159
80 3
80 5
80 7
80 14
80 15
80 38
80 47
80 63
80 68
80 96
80 112
80 122
80 132
80 134
80 135
81 1
81 5
81 22
81 45
81 63
81 76
81 77
81 87
81 92
81 93
81 104
81 120
81 130
81 131
81 139
81 143
81 157
82 14
82 25
82 32
82 49
82 54
82 64
82 86
82 94
82 131
83 4
83 5
83 18
83 47
83 49
83 58
83 61
83 69
83 75
83 78
83 79
83 87
83 89
83 91
83 93
83 96
83 102
83 111
83 114
83 122
83 134
83 157
84 3
84 10
84 38
84 41
84 72
84 75
84 90
84 93
84 99
84 102
84 104
84 112
84 123
85 16
85 18
85 20
85 23
85 24
85 36
85 54
85 58
85 65
85 66
85 78
85 89
85 93
85 115
85 121
85 123
85 127
85 140
85 151
86 12
86 28
86 36
86 40
86 41
86 49
86 58
86 64
86 65
86 67
86 68
86 78
86 80
86 89
86 99
86 102
86 122
86 133
86 150
86 157
86 158
87 17
87 19
87 42
87 77
87 78
87 79
87 114
87 121
87 130
87 134
87 149
87 157
88 1
88 5
88 15
88 19
88 33
88 39
88 46
88 61
88 63
88 65
88 72
88 77
88 90
88 116
88 129
88 139
88 153
89 1
89 26
89 27
89 37
89 54
89 62
89 76
89 77
89 80
89 84
89 88
89 95
89 97
89 108
89 109
89 137
89 150
89 159
90 4
90 24
90 30
90 31
90 59
90 79
90 92
90 99
90 118
90 142
90 150
90 151
90 153
91 2
91 13
91 29
91 31
91 45
91 52
91 54
91 57
91 69
91 88
91 92
91 97
91 139
91 148
92 18
92 19
92 26
92 72
92 74
92 80
92 84
92 95
92 110
92 132
92 135
92 154
93 4
93 8
93 22
93 25
93 28
93 37
93 41
93 47
93 48
93 56
93 65
93 71
93 82
93 96
93 97
93 99
93 110
93 150
94 7
94 11
94 15
94 33
94 36
94 49
94 67
94 75
94 80
94 81
94 121
94 126
94 142
94 146
94 149
95 8
95 12
95 17
95 23
95 27
95 28
95 40
95 45
95 62
95 85
95 96
95 99
95 130
95 137
95 139
95 140
95 155
96 0
96 5
96 7
96 12
96 14
96 32
96 39
96 45
96 48
96 50
96 64
96 73
96 75
96 98
96 134
96 139
96 140
96 145
96 148
96 149
96 154
96 157
97 6
97 36
97 42
97 50
97 70
97 79
97 88
97 96
97 105
97 111
97 114
97 120
97 133
97 134
97 141
97 147
97 159
98 8
98 15
98 19
98 20
98 29
98 30
98 37
98 44
98 52
98 55
98 57
98 59
98 70
98 73
98 84
98 91
98 95
98 100
98 109
98 114
98 133
98 156
99 6
99 41
99 58
99 68
99 75
99 91
99 107
99 125
99 132
100 16
100 17
100 29
100 31
100 33
100 61
100 63
100 69
100 80
100 85
100 86
100 96
100 104
100 113
100 114
100 118
100 130
100 139
100 144
100 147
100 157
101 6
101 10
101 20
101 33
101 35
101 40
101 47
101 66
101 69
101 77
101 84
101 94
101 97
101 108
101 117
101 129
101 146
101 158
102 15
102 55
102 64
102 70
102 75
102 79
102 88
102 92
102 113
102 118
102 123
102 132
102 141
102 151
102 155
102 158
103 0
103 28
103 31
103 37
103 43
103 48
103 55
103 56
103 74
103 83
103 93
103 105
103 109
103 130
103 131
104 10
104 11
104 28
104 29
104 50
104 55
104 71
104 83
104 94
104 97
104 114
104 122
104 126
104 135
104 141
104 145
105 0
105 10
105 15
105 31
105 52
105 61
105 63
105 72
105 74
105 76
105 82
105 83
105 85
105 93
105 100
105 117
105 146
105 151
106 11
106 35
106 43
106 46
106 47
106 52
106 53
106 56
106 75
106 91
106 99
106 113
106 135
106 154
106 159
107 6
107 14
107 15
107 28
107 52
107 53
107 63
107 71
107 95
107 110
107 112
107 122
108 2
108 3
108 9
108 11
108 26
108 45
108 52
108 54
108 60
108 113
108 118
108 120
108 121
108 130
108 135
108 145
108 153
108 157
109 6
109 13
109 28
109 33
109 36
109 48
109 54
109 59
109 63
109 75
109 90
109 92
109 93
109 112
109 121
109 128
109 130
109 133
109 134
109 144
109 146
110 16
110 19
110 28
110 30
110 35
110 36
110 37
110 50
110 64
110 98
110 104
110 112
110 121
110 125
110 136
110 144
110 152
111 8
111 12
111 15
111 20
111 25
111 30
111 43
111 50
111 54
111 73
111 76
111 79
111 88
111 94
111 112
111 150
112 2
112 14
112 16
112 17
112 22
112 27
112 29
112 42
112 56
112 66
112 89
112 92
112 99
112 121
112 130
112 135
112 143
112 144
112 147
113 4
113 5
113 10
113 19
113 25
113 34
113 37
113 44
113 52
113 59
113 60
113 71
113 80
113 101
113 105
113 112
113 134
113 145
113 155
114 17
114 20
114 23
114 35
114 40
114 49
114 84
114 93
114 109
114 139
114 156
115 1
115 13
115 15
115 26
115 34
115 38
115 44
115 47
115 62
115 70
115 73
115 79
115 86
115 87
115 96
115 104
115 111
115 129
115 130
115 137
115 159
116 8
116 10
116 19
116 38
116 56
116 63
116 80
116 93
116 100
116 101
116 113
116 119
116 141
116 143
116 149
116 157
117 0
117 4
117 5
117 12
117 13
117 22
117 27
117 64
117 69
117 77
117 86
117 91
117 96
117 99
117 110
117 126
117 130
117 134
117 137
117 145
117 153
118 2
118 6
118 7
118 26
118 31
118 57
118 58
118 70
118 74
118 79
118 86
118 87
118 115
118 125
118 127
118 140
118 142
118 148
118 151
119 1
119 4
119 12
119 15
119 34
119 35
119 40
119 48
119 57
119 58
119 60
119 75
119 113
119 123
119 132
119 141
120 3
120 7
120 23
120 31
120 37
120 56
120 62
120 82
120 84
120 91
120 99
120 125
120 140
120 150
120 151
120 154
120 156
120 158
121 0
121 16
121 22
121 25
121 26
121 27
121 30
121 35
121 53
121 73
121 74
121 82
121 113
121 119
121 152
121 154
122 7
122 9
122 12
122 14
122 24
122 25
122 46
122 61
122 84
122 127
122 146
122 153
123 0
123 5
123 19
123 22
123 42
123 44
123 48
123 53
123 80
123 82
123 86
123 98
123 101
123 103
123 105
123 127
123 142
123 149
124 10
124 15
124 17
124 30
124 41
124 44
124 49
124 53
124 65
124 66
124 80
124 85
124 92
124 95
124 102
124 114
124 126
124 142
125 13
125 14
125 53
125 61
125 69
125 87
125 90
125 97
125 109
125 150
126 7
126 14
126 18
126 26
126 28
126 31
126 32
126 38
126 64
126 72
126 74
126 82
126 101
126 118
126 130
126 131
126 133
126 138
126 139
126 142
126 144
127 9
127 20
127 24
127 32
127 36
127 65
127 72
127 73
127 98
127 120
127 125
127 137
127 140
127 141
127 149
128 3
128 32
128 34
128 36
128 37
128 48
128 102
128 103
128 107
128 110
128 122
128 135
128 147
128 148
128 151
129 6
129 23
129 25
129 64
129 67
129 74
129 79
129 83
129 94
129 103
129 124
129 158
130 1
130 8
130 12
130 23
130 34
130 56
130 58
130 63
130 77
130 89
130 97
130 99
130 102
130 105
130 113
130 123
130 127
130 132
130 138
130 156
130 157
131 4
131 8
131 14
131 24
131 35
131 64
131 78
131 86
131 87
131 95
131 106
131 109
131 111
131 128
131 156
132 10
132 26
132 37
132 52
132 61
132 68
132 71
132 89
132 90
132 91
132 93
132 98
132 109
132 114
132 118
132 128
132 157
132 159
133 5
133 13
133 20
133 28
133 41
133 46
133 50
133 51
133 66
133 67
133 87
133 96
133 101
133 107
133 118
133 128
133 129
133 134
133 141
133 149
133 151
133 153
133 157
133 159
134 6
134 20
134 25
134 34
134 38
134 46
134 49
134 58
134 88
134 123
134 126
134 128
134 132
134 136
134 156
134 157
135 1
135 3
135 11
135 13
135 14
135 24
135 25
135 26
135 28
135 38
135 43
135 54
135 73
135 113
135 121
135 122
135 123
135 129
135 131
135 140
135 142
135 149
136 22
136 24
136 33
136 36
136 37
136 40
136 45
136 54
136 56
136 72
136 75
136 86
136 89
136 112
136 129
136 130
136 135
136 143
136 152
137 8
137 32
137 75
137 79
137 96
137 113
137 116
137 129
137 143
137 145
137 147
137 149
138 5
138 12
138 13
138 20
138 25
138 44
138 45
138 61
138 104
138 106
138 108
138 118
138 132
138 159
139 0
139 4
139 13
139 27
139 34
139 37
139 46
139 51
139 59
139 94
139 97
139 103
139 104
139 107
139 112
139 119
139 125
139 144
139 146
140 4
140 30
140 42
140 47
140 56
140 61
140 71
140 78
140 82
140 89
140 97
140 119
140 128
140 129
140 138
140 149
141 4
141 8
141 41
141 52
141 64
141 96
141 106
141 113
141 120
141 121
141 124
141 138
141 142
141 156
141 157
142 4
142 7
142 8
142 11
142 20
142 38
142 39
142 46
142 68
142 73
142 93
142 110
142 112
142 139
142 151
142 156
143 5
143 11
143 42
143 45
143 70
143 83
143 96
143 108
143 123
143 126
143 138
143 139
143 140
144 19
144 42
144 84
144 87
144 95
144 101
144 103
144 129
144 131
145 1
145 29
145 36
145 50
145 58
145 79
145 91
145 112
145 128
145 139
145 155
145 159
146 1
146 3
146 12
146 18
146 21
146 31
146 46
146 55
146 57
146 86
146 112
146 113
146 119
146 123
146 130
146 137
146 141
146 149
147 7
147 25
147 30
147 40
147 44
147 54
147 59
147 60
147 61
147 83
147 104
147 107
147 120
147 126
147 143
147 155
148 2
148 23
148 24
148 35
148 64
148 76
148 77
148 78
148 90
148 104
148 107
148 109
148 117
148 119
148 122
148 125
148 154
149 34
149 52
149 74
149 82
149 98
149 101
149 106
149 117
149 120
149 121
149 134
149 141
149 142
149 144
150 3
150 16
150 17
150 22
150 23
150 31
150 33
150 56
150 58
150 61
150 71
150 74
150 77
150 80
150 81
150 85
150 96
150 112
150 123
150 126
150 133
150 134
150 136
150 155
151 9
151 14
151 22
151 33
151 36
151 37
151 74
151 78
151 92
151 108
151 119
151 132
151 135
152 2
152 13
152 20
152 25
152 26
152 41
152 62
152 63
152 84
152 97
152 105
152 108
152 118
152 125
152 144
153 13
153 14
153 18
153 27
153 30
153 41
153 53
153 57
153 73
153 74
153 76
153 78
153 81
153 91
153 95
153 111
153 125
153 130
153 139
153 140
153 155
153 156
153 157
153 158
154 6
154 10
154 26
154 30
154 37
154 56
154 58
154 68
154 69
154 80
154 91
154 102
154 113
154 116
154 127
154 137
154 149
154 159
155 7
155 14
155 20
155 32
155 38
155 40
155 49
155 54
155 74
155 100
155 118
155 151
155 159
156 12
156 26
156 44
156 63
156 92
156 104
156 112
156 121
156 144
156 150
156 155
156 159
157 3
157 9
157 22
157 24
157 28
157 29
157 46
157 48
157 58
157 61
157 62
157 64
157 66
157 68
157 90
157 126
157 127
157 137
157 142
157 143
157 149
158 5
158 21
158 24
158 25
158 30
158 55
158 63
158 74
158 76
158 78
158 84
158 89
158 96
158 117
158 130
158 137
158 138
158 139
158 146
158 159
159 1
159 15
159 19
159 21
159 32
159 71
159 80
159 95
159 101
159 110
159 131
159 135
159 137
0 1 2 3 4 5 6
