160 812 7
0 7
0 10
0 25
0 38
0 41
0 81
0 113
0 115
0 128
1 75
1 102
1 106
1 107
1 130
1 140
2 1
2 96
3 35
3 37
3 55
3 71
3 88
3 118
3 124
3 139
3 152
4 42
4 64
4 113
4 152
5 14
5 75
5 105
5 140
6 1
6 9
6 17
6 74
6 92
7 19
7 37
7 80
7 84
7 158
8 45
8 73
8 85
8 140
9 24
9 29
9 33
9 113
10 22
10 29
10 44
10 98
10 118
11 30
11 66
11 74
12 11
12 18
12 19
12 45
12 84
13 30
13 109
13 126
13 149
14 3
14 6
14 38
14 57
14 61
14 76
14 89
14 107
14 154
15 52
15 63
16 0
16 15
16 21
16 29
16 60
16 76
16 78
16 108
16 122
16 144
16 148
17 15
17 61
17 80
17 97
18 131
18 144
18 158
19 13
19 45
19 48
19 57
19 89
19 94
19 101
19 106
19 142
20 16
20 21
20 24
20 34
20 37
20 85
20 135
20 147
20 152
22 11
22 14
22 80
22 105
22 107
22 116
23 3
23 14
23 25
23 51
23 68
23 103
24 37
24 47
24 91
24 97
24 120
25 1
25 12
25 24
25 53
25 59
25 66
25 88
25 98
25 157
26 108
26 128
26 148
27 24
27 63
27 81
27 139
28 2
28 27
28 96
28 140
28 147
29 2
29 37
29 135
29 150
30 7
30 38
30 39
30 55
30 58
30 72
30 123
30 134
30 159
31 5
31 35
31 43
31 58
31 81
31 87
31 159
32 23
32 65
32 76
32 85
32 102
32 115
32 119
33 38
33 62
33 69
33 71
33 87
33 103
33 134
33 153
33 156
34 39
34 56
34 85
34 96
34 103
34 108
35 16
35 21
35 40
36 30
36 61
36 89
36 152
37 6
37 112
37 139
37 144
38 45
38 72
38 92
38 96
39 0
39 32
39 45
39 118
39 126
40 4
40 11
40 72
40 144
41 5
41 30
41 50
41 112
42 35
42 50
42 73
42 121
43 0
43 22
43 69
43 122
43 129
43 135
44 7
44 22
44 25
44 34
44 82
44 86
44 123
44 159
45 9
45 77
45 97
45 108
45 109
45 142
45 156
46 95
46 115
46 129
47 10
47 66
47 82
47 98
47 134
47 147
48 34
48 64
48 117
49 79
50 32
50 38
50 136
51 0
51 3
51 9
51 43
52 35
52 38
52 115
52 141
53 22
53 23
53 77
53 92
53 97
53 128
53 136
54 48
54 141
55 13
55 18
55 42
55 43
55 45
55 98
56 59
56 62
56 105
56 123
56 131
56 157
57 53
57 82
57 95
57 115
57 149
58 14
58 46
58 52
58 64
58 67
58 72
58 113
58 136
58 154
59 1
59 16
59 36
59 42
59 49
59 87
59 125
59 132
60 39
60 56
60 76
60 111
60 126
61 26
61 59
62 21
62 30
62 92
62 147
63 142
63 153
63 158
64 30
64 39
64 73
64 135
65 43
65 105
65 139
66 45
66 76
66 78
66 99
66 102
66 150
67 71
67 83
67 133
68 6
68 22
68 47
68 145
69 22
69 58
69 80
69 88
70 12
70 27
70 90
70 105
70 128
71 4
71 23
71 59
71 98
71 128
71 129
71 134
72 54
72 74
72 150
73 10
73 23
73 98
73 119
73 125
73 126
73 149
74 8
74 15
74 35
74 40
74 47
74 79
74 84
74 98
74 131
74 132
75 22
75 37
75 66
75 81
75 144
76 24
76 84
76 104
77 5
77 19
77 73
77 76
77 135
77 136
77 144
77 145
78 4
78 85
78 124
78 126
78 150
79 7
79 19
79 30
79 41
79 53
79 62
79 80
80 5
80 20
80 23
80 78
80 103
80 133
81 7
81 14
81 30
81 46
81 80
81 84
81 104
81 126
81 155
82 19
82 20
82 27
82 29
82 80
82 142
82 156
83 4
83 16
83 33
83 43
83 65
83 70
83 75
83 115
84 15
84 29
84 53
84 75
84 77
84 85
84 97
84 102
85 51
85 54
85 56
85 74
85 86
85 95
86 6
86 7
86 100
87 11
87 38
87 39
87 94
88 13
88 15
88 22
88 108
88 141
88 145
89 88
89 104
89 113
90 19
90 44
91 22
91 62
91 68
91 78
91 79
91 112
91 114
91 116
92 2
92 14
92 96
92 117
92 124
92 133
92 140
92 142
92 148
93 18
93 87
93 138
93 156
94 83
94 84
94 129
95 7
95 67
95 157
96 70
96 100
96 111
97 25
97 121
97 132
98 75
98 79
98 85
98 149
99 0
99 35
99 40
99 83
99 149
100 40
100 53
100 54
100 55
100 64
100 123
100 126
101 29
101 81
101 97
101 105
101 114
101 143
102 98
102 120
102 140
102 143
102 156
103 10
103 46
103 47
103 65
103 137
104 84
104 103
104 120
104 136
105 11
105 19
105 116
106 6
106 17
106 26
106 37
106 50
106 82
106 132
106 133
107 10
107 30
107 67
107 72
107 85
107 136
107 140
108 4
108 15
108 139
108 140
109 4
109 62
109 100
109 129
109 132
110 32
110 45
110 112
110 149
111 86
111 124
111 159
112 17
112 23
112 60
112 81
112 143
113 49
114 14
114 30
114 54
114 89
114 94
114 99
115 71
115 95
116 4
116 5
116 56
116 67
116 89
116 122
117 28
117 103
117 120
117 156
118 57
118 81
118 123
118 133
119 45
119 46
119 106
120 46
120 81
120 146
120 147
120 152
121 6
121 18
121 30
121 87
121 111
121 113
122 15
122 38
122 42
122 105
122 106
122 108
123 25
123 110
123 127
123 141
124 51
124 69
125 69
125 94
125 118
125 123
125 127
127 10
127 16
127 19
127 117
127 128
128 9
128 10
128 47
128 50
128 52
128 54
128 72
128 134
129 28
129 36
129 45
129 54
129 101
129 102
129 155
130 34
130 66
130 99
130 105
130 116
131 26
131 58
131 125
132 3
132 9
132 28
132 43
132 94
132 149
133 5
133 15
133 69
134 11
134 58
134 140
134 152
134 154
135 0
135 2
135 24
136 0
136 28
136 39
136 57
136 68
136 117
136 134
137 13
137 74
137 117
137 129
138 15
138 20
138 33
138 68
138 91
138 100
138 124
138 133
139 45
139 94
139 113
139 125
139 128
140 11
140 29
140 38
140 44
140 59
140 93
140 98
140 128
141 23
141 49
141 77
141 119
141 144
142 29
142 81
142 109
142 115
142 134
143 45
144 12
144 53
144 104
144 113
144 127
145 31
145 37
145 87
145 101
145 117
145 124
145 128
145 129
146 5
146 47
146 65
146 103
146 127
146 133
146 141
147 10
147 69
147 109
147 126
148 3
148 20
148 53
148 57
148 78
148 108
149 26
149 38
149 40
149 42
149 49
149 119
149 139
150 14
150 18
150 89
150 115
150 117
150 123
150 124
150 141
151 37
151 46
151 85
152 14
152 49
152 54
152 76
152 106
152 135
153 32
153 110
153 129
154 17
154 38
154 100
154 105
154 110
154 151
154 157
155 54
155 84
155 99
155 101
155 136
155 150
156 37
156 46
156 75
156 133
157 19
157 87
157 126
157 143
157 144
158 29
158 33
158 43
158 51
158 77
158 106
159 104
0 1 2 3 4 5 6
