160 812 7
0 16
0 21
0 77
0 84
0 130
0 151
1 67
1 84
1 89
2 39
2 64
2 71
2 76
2 82
2 93
3 64
3 141
4 13
4 43
4 79
4 95
4 99
4 110
4 138
5 29
5 56
5 60
5 116
5 137
5 155
6 40
6 62
6 93
6 110
6 130
7 31
7 62
7 118
7 129
8 36
8 49
8 85
8 109
8 113
8 122
8 125
8 127
8 150
8 151
9 91
9 116
9 125
9 138
10 26
10 69
10 111
10 139
10 146
11 74
11 93
11 113
11 134
12 43
12 69
12 73
12 105
12 129
12 156
13 14
13 17
13 30
13 58
13 87
13 121
13 141
14 1
14 121
14 134
15 2
15 33
15 39
15 79
15 110
15 128
15 143
15 156
16 32
16 35
16 38
16 150
17 4
17 37
17 75
17 112
17 116
17 127
18 5
18 8
18 74
18 114
18 135
18 158
19 6
19 102
19 125
19 132
19 141
20 15
20 29
20 110
20 124
21 30
21 59
22 13
22 138
23 62
23 79
23 89
23 144
24 49
24 72
24 112
25 22
25 69
25 71
25 100
25 125
25 142
26 3
26 22
26 39
26 58
26 69
26 79
26 111
26 120
27 6
27 18
27 42
27 67
27 85
27 91
27 114
27 117
27 124
28 38
28 47
28 97
29 28
29 37
29 107
30 20
30 54
30 57
30 67
30 68
30 83
30 127
30 128
30 129
31 58
31 63
31 88
31 122
32 35
32 93
32 135
32 136
32 142
32 143
33 26
33 62
33 86
33 101
33 108
33 142
34 2
34 29
34 39
34 62
34 80
34 86
34 99
34 102
34 117
35 7
35 33
35 47
35 88
35 99
35 100
35 118
35 146
36 5
36 14
36 87
36 96
36 114
36 148
36 158
36 159
37 130
38 17
38 18
38 43
38 51
38 64
38 96
38 118
38 137
39 8
39 47
39 85
39 105
39 136
39 139
40 14
40 22
40 42
40 46
40 121
40 153
41 43
41 48
41 58
41 69
41 133
41 150
42 65
42 67
42 83
42 88
43 61
43 80
43 106
43 118
43 155
44 10
44 11
44 83
44 108
44 119
44 145
45 9
45 16
45 59
45 67
45 74
45 122
46 21
46 110
47 41
47 150
48 65
48 82
48 112
48 131
48 157
49 38
49 68
50 8
50 10
50 18
50 45
50 73
51 65
51 87
51 107
51 141
51 159
52 6
52 14
52 41
52 80
52 82
52 88
52 95
52 152
53 111
53 116
53 121
54 0
54 6
54 12
54 13
54 22
54 23
54 56
54 82
54 135
54 137
55 39
55 73
55 81
55 108
55 125
55 143
56 40
56 110
56 135
57 14
57 34
57 63
57 154
58 11
58 40
58 99
58 104
58 119
59 65
59 142
60 23
60 48
60 97
61 5
61 39
61 40
61 51
61 95
61 97
61 117
61 131
61 139
61 145
61 155
62 24
63 30
63 45
63 101
63 154
64 5
64 22
64 36
64 72
64 119
65 12
65 13
65 46
65 47
65 55
65 138
66 102
66 112
66 117
67 51
67 93
67 114
67 133
67 136
68 16
68 46
68 66
68 87
69 7
69 20
69 137
69 156
70 30
70 50
70 55
70 104
70 107
70 116
70 154
71 38
71 78
71 107
71 130
71 142
71 147
72 91
73 24
73 86
73 108
73 153
73 155
74 6
74 24
74 27
74 38
74 104
74 108
75 6
75 13
75 38
75 53
75 108
75 150
76 3
76 37
76 48
76 73
76 81
76 93
76 112
77 14
77 39
77 43
77 44
77 72
77 86
77 89
77 123
77 147
78 25
78 63
78 97
78 117
79 30
79 117
79 128
80 5
80 44
80 77
80 120
80 134
81 95
81 100
81 142
81 144
82 9
82 13
82 16
82 43
82 104
82 121
83 8
83 10
83 16
83 76
83 153
84 30
84 85
84 97
84 150
84 152
85 41
85 46
85 48
85 53
85 65
85 78
85 81
85 154
86 14
86 27
86 32
86 44
86 49
86 67
86 139
87 10
87 27
87 59
87 72
87 91
88 3
88 44
88 127
88 128
88 132
88 148
88 156
89 19
89 34
89 48
89 91
89 93
89 106
90 51
90 65
90 108
90 136
91 80
92 38
92 107
92 110
92 141
92 143
93 0
93 33
93 59
93 124
94 9
94 30
94 40
94 136
95 29
95 118
96 10
96 109
96 147
97 10
97 18
97 54
97 85
98 32
98 99
98 113
99 1
99 30
99 71
100 7
100 26
100 42
100 82
100 92
100 105
100 142
101 6
101 27
101 106
101 112
101 139
102 36
102 101
102 108
102 116
102 121
102 158
103 5
103 12
103 13
103 16
103 24
103 29
103 37
103 38
103 39
103 49
103 102
104 43
104 46
104 78
104 81
104 85
105 5
105 15
105 21
105 38
105 114
105 137
106 1
106 14
106 46
106 85
106 95
106 102
106 109
106 144
107 9
107 12
107 82
107 97
108 10
109 13
109 119
109 126
109 158
110 19
110 83
110 88
110 125
110 137
110 154
111 43
111 63
111 151
111 153
112 11
112 46
112 90
112 100
112 135
113 3
113 55
113 72
113 83
114 32
114 113
114 131
115 30
115 56
115 65
115 102
115 104
115 121
116 10
116 26
116 27
116 34
116 40
116 81
117 12
117 30
117 38
117 45
117 56
117 115
118 5
118 82
118 138
119 7
119 43
119 63
119 129
119 152
120 6
120 54
121 8
121 114
121 132
121 159
122 44
122 90
122 102
122 131
123 74
123 76
123 78
123 103
123 137
124 37
124 113
124 125
125 11
125 24
125 39
125 100
125 102
125 153
126 4
126 24
126 110
127 28
127 58
127 116
127 140
128 21
128 82
129 42
129 49
129 53
129 73
129 75
129 113
129 115
129 156
130 47
130 74
131 1
131 40
131 73
131 125
132 0
132 26
132 36
132 37
132 68
132 110
133 2
133 48
133 61
133 145
133 146
134 91
134 128
135 41
135 51
135 109
135 120
136 11
136 16
136 27
136 34
136 60
136 64
136 76
137 36
137 62
137 99
137 111
137 115
137 155
138 77
138 82
139 24
139 42
139 44
139 49
139 63
139 126
140 67
141 15
141 47
141 67
141 103
141 126
141 134
141 151
142 28
142 35
142 92
142 93
142 108
142 146
143 24
143 93
143 131
144 21
144 27
144 29
144 71
144 95
144 130
144 148
145 37
145 39
145 42
145 94
145 97
145 126
146 6
146 9
146 89
146 104
146 111
147 35
147 110
147 116
147 124
148 13
148 29
148 35
148 49
148 64
148 79
148 131
149 10
149 25
149 26
149 27
149 35
149 38
149 105
149 119
149 134
150 0
150 23
150 49
150 55
150 122
150 125
150 134
150 142
151 18
151 43
151 60
151 131
152 2
152 14
152 39
152 77
152 132
152 150
153 9
153 11
153 45
153 81
153 105
153 120
153 156
154 20
154 49
154 127
154 151
155 7
155 34
155 51
155 62
155 95
155 103
155 125
155 147
155 153
156 41
156 77
156 133
156 137
156 143
156 150
157 50
157 52
157 71
157 73
157 81
157 110
157 112
157 130
158 6
158 10
158 76
158 116
158 124
158 143
159 1
159 12
159 35
159 41
159 56
159 90
159 146
0 1 2 3 4 5 6
