160 2544 24
0 1
0 12
0 18
0 19
0 35
0 53
0 59
0 60
0 70
0 111
0 113
0 116
0 119
0 131
0 133
0 153
1 17
1 29
1 33
1 38
1 39
1 42
1 51
1 55
1 65
1 80
1 86
1 127
1 134
1 141
2 10
2 34
2 58
2 62
2 81
2 90
2 92
2 110
2 120
2 137
2 155
3 12
3 14
3 19
3 30
3 32
3 36
3 41
3 44
3 68
3 74
3 88
3 91
3 112
3 131
4 12
4 36
4 39
4 55
4 57
4 66
4 91
4 111
4 121
4 122
4 135
4 151
4 153
4 159
5 7
5 11
5 21
5 38
5 54
5 73
5 95
5 96
5 121
5 133
5 141
6 18
6 23
6 31
6 32
6 36
6 40
6 44
6 84
6 93
6 100
6 101
6 109
6 117
6 141
6 156
6 158
7 17
7 19
7 23
7 26
7 40
7 53
7 58
7 68
7 76
7 85
7 116
7 121
7 124
7 125
7 127
7 129
7 134
7 157
8 1
8 3
8 33
8 43
8 50
8 59
8 60
8 65
8 69
8 72
8 73
8 82
8 86
8 97
8 100
8 107
8 135
8 153
9 2
9 5
9 10
9 19
9 55
9 58
9 60
9 83
9 92
9 111
9 119
9 126
9 129
10 13
10 43
10 45
10 48
10 55
10 61
10 64
10 67
10 77
10 87
10 96
10 103
10 108
10 111
10 122
10 132
10 137
10 143
10 146
10 147
11 10
11 14
11 18
11 32
11 38
11 39
11 55
11 68
11 76
11 79
11 80
11 93
11 101
11 133
11 142
11 155
12 19
12 24
12 38
12 59
12 63
12 72
12 75
12 90
12 115
12 120
12 138
13 1
13 8
13 14
13 21
13 35
13 37
13 41
13 43
13 68
13 81
13 84
13 100
13 118
13 124
13 145
13 149
14 5
14 16
14 30
14 31
14 35
14 58
14 64
14 68
14 72
14 87
14 93
14 116
14 134
14 138
14 142
14 157
15 10
15 31
15 44
15 81
15 98
15 113
15 118
15 127
15 132
15 138
15 156
16 0
16 1
16 13
16 37
16 55
16 62
16 69
16 78
16 99
16 101
16 110
16 111
16 120
16 121
16 133
16 134
16 140
16 144
16 147
17 19
17 25
17 47
17 51
17 52
17 66
17 78
17 90
17 105
17 121
17 124
17 127
17 137
17 138
17 147
18 7
18 12
18 19
18 27
18 48
18 51
18 55
18 59
18 65
18 78
18 86
18 94
18 100
18 101
18 103
18 122
18 125
18 127
18 130
19 20
19 23
19 29
19 37
19 48
19 53
19 57
19 76
19 89
19 93
19 99
19 104
19 115
19 117
19 129
19 144
19 153
20 2
20 7
20 22
20 24
20 52
20 57
20 62
20 65
20 91
20 123
20 130
20 147
20 154
21 45
21 50
21 71
21 74
21 92
21 98
21 106
21 117
21 125
21 127
21 134
21 138
21 142
21 148
22 16
22 39
22 43
22 59
22 62
22 63
22 69
22 95
22 109
22 117
22 133
22 139
22 150
22 153
22 158
23 0
23 9
23 16
23 21
23 24
23 27
23 29
23 33
23 40
23 68
23 73
23 84
23 85
23 104
23 109
23 119
23 135
23 152
23 154
24 3
24 6
24 8
24 21
24 30
24 31
24 37
24 43
24 46
24 55
24 66
24 81
24 95
24 96
24 102
24 122
24 123
24 130
24 134
24 146
24 149
25 22
25 27
25 30
25 39
25 47
25 72
25 79
25 88
25 119
25 131
26 27
26 30
26 44
26 59
26 75
26 84
26 97
26 100
26 114
26 142
27 2
27 16
27 37
27 65
27 77
27 96
27 100
27 104
27 118
27 141
27 145
27 147
28 10
28 33
28 41
28 54
28 62
28 68
28 70
28 71
28 73
28 82
28 88
28 97
28 101
28 114
28 116
28 118
28 128
28 129
28 140
28 149
28 151
28 153
29 4
29 16
29 18
29 22
29 42
29 90
29 106
29 121
29 125
29 134
29 135
29 152
29 153
30 13
30 37
30 42
30 50
30 58
30 65
30 83
30 88
30 105
30 121
30 134
30 137
30 148
31 1
31 5
31 16
31 32
31 34
31 39
31 52
31 60
31 93
31 99
31 104
31 129
31 134
31 138
31 143
31 154
32 16
32 41
32 49
32 59
32 95
32 99
32 114
32 120
32 126
32 130
32 140
32 153
33 5
33 16
33 24
33 49
33 56
33 60
33 64
33 69
33 84
33 95
33 99
33 113
33 117
33 130
33 157
33 158
34 5
34 11
34 39
34 51
34 54
34 65
34 67
34 80
34 96
34 111
34 119
34 137
35 25
35 34
35 36
35 45
35 80
35 81
35 102
35 114
35 137
35 143
36 14
36 20
36 30
36 32
36 33
36 48
36 71
36 83
36 100
36 111
36 121
36 133
36 142
37 10
37 18
37 25
37 29
37 62
37 101
37 130
37 131
37 134
37 140
37 152
38 13
38 21
38 23
38 26
38 28
38 40
38 52
38 54
38 96
38 114
38 133
38 142
38 158
39 10
39 13
39 16
39 17
39 33
39 52
39 54
39 64
39 69
39 86
39 109
39 111
39 115
39 121
39 122
39 133
39 135
39 146
39 154
40 4
40 19
40 22
40 24
40 30
40 36
40 39
40 46
40 49
40 52
40 56
40 72
40 77
40 96
40 97
40 100
40 114
40 121
40 125
40 151
40 159
41 4
41 9
41 10
41 24
41 29
41 37
41 65
41 69
41 91
41 95
41 103
41 109
41 150
41 152
42 9
42 15
42 17
42 22
42 31
42 67
42 68
42 90
42 98
42 99
42 114
42 124
42 133
42 140
42 146
43 29
43 31
43 48
43 51
43 53
43 57
43 63
43 64
43 68
43 74
43 82
43 84
43 89
43 100
43 135
43 139
43 155
43 156
44 8
44 14
44 19
44 24
44 30
44 33
44 38
44 64
44 67
44 71
44 74
44 94
44 105
44 110
44 121
44 126
44 130
44 141
44 149
44 157
45 13
45 46
45 58
45 71
45 82
45 92
45 102
45 105
45 120
45 124
45 134
45 145
46 5
46 14
46 22
46 25
46 51
46 58
46 59
46 64
46 72
46 86
46 94
46 96
46 120
46 122
46 137
46 142
46 145
46 146
46 147
46 157
46 158
47 4
47 14
47 27
47 44
47 53
47 73
47 79
47 94
47 98
47 106
47 110
47 118
47 119
47 125
47 131
47 150
47 157
47 158
48 0
48 2
48 3
48 6
48 26
48 27
48 30
48 46
48 70
48 79
48 82
48 83
48 92
48 108
48 113
48 115
48 137
48 158
49 5
49 11
49 20
49 22
49 27
49 47
49 48
49 58
49 64
49 69
49 78
49 107
49 111
49 117
49 137
49 139
49 150
49 153
49 157
49 159
50 2
50 4
50 15
50 19
50 34
50 51
50 61
50 68
50 75
50 85
50 86
50 89
50 96
50 130
50 133
50 140
50 157
51 0
51 6
51 22
51 23
51 35
51 39
51 56
51 61
51 65
51 79
51 81
51 124
51 135
51 136
51 137
51 143
51 150
51 154
52 9
52 13
52 50
52 66
52 70
52 75
52 76
52 83
52 95
52 97
52 102
52 115
52 122
52 128
52 130
52 139
52 159
53 1
53 16
53 26
53 27
53 31
53 35
53 41
53 44
53 46
53 51
53 59
53 66
53 68
53 78
53 93
53 94
53 96
53 105
53 109
53 110
53 114
53 147
53 148
54 7
54 27
54 29
54 43
54 59
54 77
54 78
54 99
54 117
54 135
54 138
54 139
54 146
54 156
55 13
55 22
55 30
55 39
55 41
55 49
55 50
55 68
55 74
55 78
55 80
55 121
55 124
55 152
56 7
56 12
56 25
56 37
56 45
56 57
56 91
56 112
56 117
56 119
56 129
56 147
56 152
56 157
56 158
57 1
57 3
57 12
57 13
57 30
57 33
57 45
57 55
57 61
57 66
57 70
57 77
57 101
57 103
57 125
57 128
57 146
57 147
57 154
57 156
58 0
58 6
58 12
58 15
58 17
58 25
58 27
58 33
58 47
58 50
58 56
58 64
58 75
58 76
58 78
58 98
58 114
58 158
59 11
59 31
59 34
59 37
59 49
59 73
59 84
59 91
59 125
59 128
59 131
59 141
59 143
60 14
60 15
60 20
60 23
60 30
60 62
60 65
60 69
60 71
60 77
60 96
60 113
60 115
60 127
60 129
60 130
60 133
60 138
60 157
61 2
61 4
61 8
61 12
61 16
61 43
61 56
61 74
61 80
61 92
61 119
61 139
61 145
61 153
62 6
62 9
62 12
62 18
62 32
62 42
62 56
62 57
62 58
62 85
62 97
62 111
62 120
62 121
62 123
62 135
62 151
62 156
63 11
63 25
63 35
63 44
63 53
63 55
63 56
63 84
63 119
63 120
63 126
63 127
63 155
63 156
64 8
64 12
64 13
64 15
64 28
64 29
64 41
64 47
64 52
64 60
64 125
64 141
65 2
65 6
65 14
65 77
65 100
65 112
65 117
65 125
65 135
65 157
65 159
66 14
66 28
66 32
66 48
66 50
66 59
66 65
66 69
66 72
66 80
66 81
66 99
66 117
66 120
66 128
66 159
67 31
67 58
67 61
67 73
67 74
67 94
67 97
67 100
67 106
67 112
67 115
67 132
67 155
68 16
68 38
68 58
68 62
68 63
68 67
68 70
68 71
68 76
68 77
68 79
68 96
68 101
68 108
68 122
68 126
68 128
68 131
68 141
68 143
69 23
69 48
69 51
69 54
69 57
69 59
69 86
69 89
69 100
69 123
69 138
69 143
69 154
70 3
70 14
70 16
70 23
70 30
70 35
70 49
70 53
70 59
70 84
70 87
70 99
70 100
70 114
70 117
70 123
70 141
70 144
70 153
70 155
71 3
71 4
71 23
71 33
71 54
71 84
71 87
71 92
71 98
71 117
71 122
71 126
71 132
71 144
71 158
72 9
72 24
72 39
72 49
72 50
72 51
72 61
72 62
72 90
72 110
72 121
72 133
72 137
72 149
72 151
72 154
72 159
73 13
73 21
73 45
73 52
73 70
73 88
73 99
73 104
73 133
73 143
74 1
74 5
74 7
74 15
74 33
74 38
74 39
74 41
74 46
74 48
74 58
74 63
74 66
74 78
74 93
74 101
74 113
74 123
74 150
75 0
75 29
75 51
75 62
75 70
75 95
75 98
75 111
75 126
75 139
75 141
75 143
76 12
76 15
76 20
76 34
76 107
76 120
76 132
77 5
77 8
77 12
77 24
77 34
77 36
77 92
77 98
77 106
77 117
77 118
77 123
77 151
77 152
77 153
77 154
77 158
78 5
78 9
78 10
78 14
78 35
78 45
78 66
78 69
78 81
78 121
78 137
79 5
79 27
79 29
79 37
79 49
79 71
79 80
79 82
79 94
79 98
79 108
79 120
79 125
79 130
79 139
79 143
80 5
80 33
80 36
80 43
80 48
80 97
80 99
80 109
80 113
80 126
80 129
80 135
80 141
80 152
81 5
81 14
81 17
81 39
81 41
81 46
81 101
81 117
81 129
81 135
81 142
81 147
82 32
82 35
82 37
82 50
82 54
82 56
82 67
82 68
82 73
82 91
82 92
82 95
82 102
82 103
82 114
82 115
82 118
82 128
82 140
82 151
82 157
83 6
83 12
83 15
83 21
83 27
83 46
83 73
83 79
83 129
83 136
83 138
83 142
83 157
84 7
84 8
84 9
84 15
84 21
84 52
84 55
84 78
84 89
84 94
84 119
84 120
84 121
84 134
84 145
84 159
85 12
85 34
85 53
85 61
85 75
85 83
85 95
85 97
85 109
85 113
85 114
85 147
86 2
86 7
86 37
86 42
86 47
86 59
86 98
86 115
86 132
86 135
86 136
86 152
86 157
87 2
87 28
87 36
87 38
87 47
87 60
87 62
87 79
87 90
87 91
87 92
87 105
87 126
87 140
87 154
87 159
88 5
88 23
88 33
88 37
88 55
88 56
88 86
88 87
88 91
88 92
88 100
88 105
88 114
88 128
88 135
88 142
89 7
89 16
89 18
89 20
89 29
89 42
89 45
89 48
89 65
89 74
89 76
89 97
89 98
89 108
89 124
89 126
89 129
89 131
89 140
90 0
90 5
90 14
90 21
90 24
90 25
90 30
90 34
90 43
90 48
90 80
90 83
90 85
90 93
90 120
90 135
90 137
90 140
90 152
91 0
91 2
91 9
91 14
91 17
91 18
91 27
91 43
91 47
91 63
91 81
91 89
91 90
91 102
91 107
91 108
91 111
91 124
91 131
91 147
91 154
92 15
92 31
92 34
92 40
92 42
92 44
92 63
92 69
92 96
92 111
92 121
92 137
92 142
92 155
92 159
93 8
93 9
93 18
93 26
93 39
93 48
93 58
93 60
93 64
93 70
93 76
93 78
93 94
93 108
93 150
94 1
94 7
94 10
94 12
94 54
94 73
94 78
94 80
94 92
94 100
94 116
94 126
94 138
94 139
94 144
94 153
95 6
95 7
95 10
95 15
95 18
95 27
95 68
95 71
95 79
95 91
95 94
95 96
95 101
95 111
95 122
95 133
95 145
96 3
96 8
96 12
96 17
96 30
96 85
96 88
96 100
96 105
96 107
96 116
96 122
96 125
96 131
96 140
96 145
96 146
96 155
96 156
97 13
97 18
97 21
97 24
97 27
97 54
97 69
97 77
97 79
97 87
97 88
97 112
97 113
97 135
97 152
98 7
98 18
98 24
98 37
98 48
98 49
98 50
98 64
98 76
98 102
98 105
98 111
98 126
98 136
98 139
98 150
99 2
99 22
99 29
99 37
99 43
99 46
99 71
99 79
99 81
99 82
99 92
99 93
99 96
99 97
99 107
99 126
99 128
99 141
99 144
100 0
100 1
100 7
100 11
100 28
100 37
100 41
100 74
100 95
100 105
100 106
100 107
100 108
100 122
100 124
100 126
100 135
100 144
101 8
101 29
101 49
101 60
101 85
101 104
101 106
101 110
101 121
101 122
101 137
101 140
101 157
102 25
102 26
102 29
102 38
102 63
102 93
102 96
102 105
102 115
102 118
102 119
102 141
102 144
103 3
103 21
103 31
103 32
103 43
103 48
103 55
103 58
103 71
103 78
103 80
103 89
103 92
103 99
103 104
103 111
103 112
103 124
103 133
103 136
104 0
104 7
104 9
104 15
104 28
104 32
104 59
104 63
104 79
104 88
104 90
104 132
104 151
104 158
105 0
105 4
105 19
105 22
105 25
105 26
105 27
105 58
105 59
105 73
105 78
105 91
105 99
105 101
105 126
105 131
106 4
106 12
106 22
106 31
106 33
106 36
106 43
106 45
106 58
106 72
106 79
106 99
106 113
106 123
106 132
106 135
106 136
107 1
107 2
107 5
107 14
107 18
107 31
107 37
107 47
107 50
107 62
107 65
107 77
107 80
107 93
107 124
107 132
107 137
107 141
107 149
107 150
108 1
108 18
108 24
108 40
108 49
108 61
108 72
108 107
108 115
108 151
108 152
108 156
109 26
109 28
109 47
109 49
109 67
109 96
109 101
109 108
109 117
109 141
109 142
110 11
110 25
110 34
110 42
110 54
110 63
110 74
110 75
110 77
110 88
110 96
110 103
110 123
110 134
110 136
110 152
111 14
111 23
111 24
111 29
111 42
111 50
111 57
111 76
111 112
111 120
111 123
111 125
111 131
111 136
111 149
112 5
112 7
112 11
112 18
112 28
112 33
112 52
112 54
112 62
112 80
112 84
112 88
112 108
112 119
112 128
112 129
112 143
113 2
113 17
113 20
113 26
113 37
113 46
113 54
113 111
113 117
113 118
113 129
114 1
114 15
114 23
114 24
114 25
114 27
114 31
114 59
114 74
114 80
114 81
114 112
114 120
114 144
115 10
115 24
115 76
115 78
115 83
115 84
115 85
115 109
115 117
115 128
115 129
115 138
115 143
115 145
115 150
115 151
116 4
116 8
116 13
116 27
116 37
116 62
116 65
116 75
116 78
116 84
116 87
116 114
116 119
116 127
116 141
116 159
117 7
117 11
117 18
117 24
117 40
117 45
117 48
117 67
117 75
117 78
117 94
117 123
117 130
117 131
117 133
117 140
117 151
117 154
118 34
118 50
118 55
118 58
118 68
118 70
118 73
118 74
118 99
118 104
118 124
118 133
118 134
118 136
118 138
118 150
118 154
119 7
119 26
119 31
119 38
119 53
119 68
119 70
119 71
119 87
119 92
119 113
119 115
119 125
119 143
119 152
120 4
120 6
120 18
120 27
120 35
120 38
120 43
120 70
120 80
120 88
120 91
120 92
120 109
120 115
120 118
120 132
120 136
120 137
120 143
120 147
120 158
121 25
121 26
121 27
121 28
121 33
121 46
121 63
121 83
121 87
121 90
121 97
121 134
121 144
122 12
122 15
122 16
122 21
122 27
122 35
122 40
122 80
122 81
122 94
122 104
122 114
122 131
122 138
122 147
123 15
123 21
123 28
123 45
123 50
123 53
123 61
123 68
123 72
123 86
123 100
123 124
123 131
123 138
124 3
124 6
124 9
124 18
124 27
124 33
124 34
124 36
124 37
124 57
124 59
124 66
124 69
124 75
124 84
124 93
124 105
124 111
124 112
124 113
124 120
124 141
125 4
125 35
125 53
125 55
125 80
125 81
125 98
125 101
125 102
125 104
125 129
125 145
125 150
126 33
126 35
126 36
126 38
126 40
126 62
126 77
126 95
126 96
126 103
126 112
126 122
126 124
126 130
126 144
126 145
126 152
127 16
127 23
127 24
127 27
127 37
127 61
127 85
127 100
127 101
127 118
127 130
128 7
128 16
128 31
128 35
128 38
128 40
128 55
128 56
128 61
128 70
128 79
128 80
128 95
128 100
128 108
128 114
128 122
128 123
128 138
128 142
129 3
129 11
129 13
129 24
129 35
129 38
129 44
129 45
129 47
129 55
129 98
129 102
129 103
129 104
129 108
129 111
129 127
129 130
129 132
130 1
130 11
130 23
130 26
130 40
130 48
130 54
130 81
130 86
130 97
130 98
130 105
130 118
130 120
130 123
130 125
130 158
131 7
131 21
131 49
131 71
131 81
131 86
131 87
131 101
131 118
131 130
131 139
131 141
131 142
132 32
132 45
132 54
132 99
132 119
132 128
132 139
132 151
132 158
133 2
133 31
133 32
133 34
133 37
133 54
133 66
133 70
133 80
133 91
133 93
133 119
133 136
133 140
133 155
134 8
134 48
134 53
134 64
134 69
134 72
134 76
134 82
134 83
134 98
134 104
134 105
134 115
134 131
134 132
134 133
134 151
134 152
134 153
134 154
134 158
135 2
135 6
135 10
135 14
135 35
135 36
135 57
135 76
135 77
135 83
135 84
135 87
135 104
135 113
135 122
135 123
135 132
135 133
135 142
135 152
135 153
135 158
136 14
136 22
136 32
136 41
136 48
136 52
136 59
136 63
136 64
136 65
136 76
136 80
136 91
136 95
136 126
136 140
136 144
136 148
136 155
136 156
137 0
137 15
137 39
137 41
137 59
137 82
137 85
137 91
137 135
137 147
137 156
138 7
138 24
138 42
138 53
138 65
138 86
138 88
138 98
138 100
138 102
138 121
138 134
138 140
138 152
138 154
139 0
139 3
139 19
139 21
139 25
139 27
139 48
139 76
139 92
139 93
139 144
139 145
140 4
140 8
140 14
140 20
140 26
140 29
140 44
140 54
140 58
140 61
140 62
140 76
140 91
140 106
140 113
140 134
140 142
140 150
141 9
141 21
141 29
141 46
141 56
141 67
141 73
141 89
141 91
141 118
141 119
141 139
141 140
141 146
141 156
142 28
142 41
142 52
142 53
142 55
142 87
142 95
142 96
142 100
142 113
142 114
142 117
142 127
142 133
142 136
142 147
143 0
143 3
143 6
143 12
143 16
143 17
143 23
143 34
143 37
143 47
143 52
143 77
143 84
143 96
143 118
143 131
143 136
143 146
143 150
143 152
143 153
144 1
144 2
144 38
144 41
144 54
144 59
144 61
144 63
144 68
144 72
144 75
144 77
144 78
144 79
144 87
144 96
144 105
144 111
144 124
144 125
144 141
144 142
145 3
145 12
145 25
145 31
145 38
145 41
145 44
145 50
145 65
145 78
145 79
145 91
145 93
145 94
145 98
145 99
145 112
145 131
145 144
146 19
146 38
146 51
146 52
146 61
146 114
146 127
146 134
146 139
146 140
146 150
146 156
146 157
147 14
147 19
147 29
147 30
147 41
147 42
147 49
147 112
147 129
147 141
147 144
147 146
147 154
148 13
148 25
148 28
148 57
148 66
148 84
148 100
148 127
148 129
148 134
148 139
148 141
148 144
148 146
148 149
149 16
149 23
149 32
149 54
149 56
149 61
149 64
149 88
149 118
149 129
149 133
149 139
149 140
149 154
150 4
150 7
150 26
150 35
150 38
150 53
150 60
150 65
150 75
150 76
150 79
150 81
150 91
150 95
150 100
150 106
150 112
150 117
150 119
150 120
150 133
150 139
150 142
150 159
151 5
151 47
151 49
151 52
151 63
151 79
151 85
151 90
151 92
151 95
151 102
151 109
151 111
151 139
151 142
151 143
151 149
151 155
151 157
151 159
152 11
152 19
152 26
152 30
152 31
152 33
152 43
152 45
152 67
152 70
152 85
152 117
152 120
152 123
152 131
152 136
152 139
153 3
153 12
153 18
153 21
153 25
153 27
153 30
153 35
153 68
153 80
153 89
153 105
153 106
153 115
153 124
153 130
153 137
153 141
153 155
154 13
154 27
154 36
154 47
154 52
154 55
154 62
154 63
154 82
154 94
154 97
154 106
154 110
154 137
154 148
155 7
155 17
155 20
155 23
155 24
155 33
155 35
155 37
155 38
155 39
155 56
155 64
155 72
155 74
155 75
155 80
155 81
155 93
155 109
155 120
155 132
155 150
155 158
156 10
156 13
156 19
156 30
156 34
156 39
156 41
156 48
156 64
156 71
156 75
156 88
156 94
156 113
156 116
156 118
156 129
156 154
156 157
157 3
157 15
157 23
157 31
157 32
157 45
157 64
157 68
157 73
157 81
157 88
157 90
157 114
157 119
157 122
157 124
157 131
158 4
158 7
158 16
158 17
158 19
158 31
158 44
158 60
158 62
158 74
158 82
158 96
158 102
158 113
158 118
158 122
158 137
158 144
158 146
158 149
158 159
159 2
159 6
159 7
159 8
159 11
159 25
159 27
159 28
159 33
159 37
159 54
159 59
159 89
159 91
159 93
159 95
159 101
159 102
159 122
159 130
159 139
0 1 2 3 4 5 6 7 8 9 10 11 12 13 14 15 16 17 18 19 20 21 22 23
