160 812 24
0 16
0 20
0 27
0 50
0 69
0 108
0 159
1 15
1 20
1 142
1 156
1 157
2 22
2 25
2 26
2 87
2 139
2 141
3 65
3 75
3 89
3 90
3 101
3 108
3 119
3 155
4 11
4 75
4 120
4 139
5 32
5 72
5 111
6 50
6 66
6 122
7 59
7 86
7 106
8 54
8 78
8 90
8 95
8 99
8 110
8 119
8 144
8 150
8 156
9 50
9 73
9 82
9 100
10 27
10 95
11 86
11 119
11 131
12 47
12 65
12 96
12 117
12 151
13 4
13 63
13 140
13 156
14 76
14 85
14 138
14 144
14 159
15 38
15 104
16 27
16 30
16 140
17 15
17 38
17 106
17 108
17 120
18 49
18 81
19 30
19 41
19 44
19 51
19 113
20 13
20 104
20 110
20 128
20 131
20 143
21 0
21 23
21 63
21 112
22 20
22 30
22 90
22 104
23 30
23 31
23 57
23 58
23 144
24 85
24 89
24 93
25 23
25 63
25 78
25 88
25 89
25 94
25 141
26 25
26 37
26 92
27 9
27 90
27 116
27 151
27 159
28 10
28 39
28 133
28 150
28 152
29 5
29 26
29 38
29 78
29 105
29 140
29 145
30 35
30 71
30 76
30 91
30 95
30 136
30 138
31 72
31 116
32 12
32 72
32 136
33 9
33 37
33 92
33 95
33 119
34 12
34 20
34 130
34 134
34 139
34 144
35 8
35 14
35 41
35 47
35 54
35 74
35 122
36 14
36 51
36 58
36 63
36 70
36 94
36 97
36 110
36 121
36 128
36 141
36 147
36 152
37 39
37 66
37 68
37 83
37 105
37 113
37 137
38 12
38 57
38 72
38 109
39 15
39 32
39 102
39 119
39 148
40 73
40 97
41 73
41 113
41 142
42 25
42 29
42 61
42 94
42 139
43 2
43 17
43 32
43 62
43 93
43 116
44 4
44 16
44 25
44 60
44 132
45 21
45 69
45 97
45 123
45 143
46 4
46 22
46 27
46 154
47 51
47 69
47 97
47 138
47 143
48 6
48 20
48 73
48 115
49 5
49 26
49 51
49 52
49 60
49 68
49 138
50 2
50 74
51 26
51 64
51 87
51 113
52 50
52 73
52 105
52 127
53 6
53 61
53 73
53 90
53 126
53 130
54 52
54 87
55 5
55 21
55 25
55 119
55 148
56 9
56 30
56 39
56 54
56 131
57 33
57 64
57 76
57 86
57 93
58 4
58 8
58 44
58 48
58 139
59 16
59 43
59 102
59 147
60 56
60 59
60 121
60 132
60 158
61 7
61 21
61 23
61 37
61 43
61 57
61 69
61 76
61 90
61 142
61 144
62 97
62 110
62 111
63 81
63 111
64 0
64 30
64 91
64 115
65 40
65 53
65 62
65 68
65 85
65 90
65 137
65 155
66 15
66 102
66 140
67 11
67 26
67 86
67 125
67 131
67 136
67 155
68 4
68 25
68 90
68 127
68 140
69 15
69 37
69 101
69 108
69 122
69 140
69 154
70 9
70 80
70 92
71 0
71 75
71 146
71 151
72 12
72 25
72 82
72 149
73 11
73 16
73 74
73 90
73 112
74 30
74 31
74 77
74 85
74 92
74 106
75 16
75 78
75 141
75 158
76 10
76 83
76 85
76 105
76 128
76 135
76 159
77 5
77 7
77 11
77 16
77 36
77 41
77 69
77 103
77 135
78 88
79 30
79 94
79 123
79 137
80 48
80 54
80 114
80 115
80 136
80 144
81 17
81 51
81 86
81 118
81 120
81 145
81 151
82 0
82 5
82 34
82 57
83 8
83 27
83 79
83 119
83 120
83 135
84 37
84 39
84 46
84 54
84 92
84 146
85 2
85 39
85 106
86 24
86 49
86 54
86 62
86 124
86 142
87 6
87 47
87 49
87 53
87 68
87 121
87 137
88 7
88 8
88 27
88 32
88 51
88 97
88 98
88 115
88 119
89 50
89 64
89 99
90 31
90 55
90 69
90 93
90 131
90 150
91 1
91 24
91 29
91 106
91 124
91 135
91 155
92 1
92 22
92 51
92 71
92 104
92 112
92 155
93 11
93 20
93 52
93 68
93 78
93 101
93 114
93 123
93 146
94 16
94 35
94 41
94 84
94 89
94 102
94 109
94 114
95 2
95 72
95 110
95 122
96 4
96 23
96 54
96 72
96 80
96 98
96 110
96 115
96 125
96 126
96 159
97 133
97 145
98 31
98 46
98 58
98 100
99 26
99 83
99 88
99 103
99 120
100 1
100 20
100 97
100 134
101 36
101 71
101 90
101 118
102 14
102 37
102 58
102 103
102 108
103 8
103 10
103 81
103 106
103 152
104 52
104 108
104 111
104 140
105 80
105 85
106 33
106 83
106 122
106 129
107 3
107 21
107 28
107 41
107 90
107 138
108 38
108 66
108 87
108 119
108 150
108 155
109 12
109 58
109 82
109 90
110 33
110 66
110 111
110 140
111 16
111 42
111 70
111 88
111 103
111 115
112 3
112 24
112 49
112 154
113 2
113 15
113 43
113 50
113 58
113 79
114 1
114 18
114 60
114 145
114 152
115 6
115 30
115 42
115 45
115 126
116 19
116 29
116 73
116 95
117 41
117 80
117 104
117 105
117 135
118 32
118 42
118 57
118 58
118 96
118 134
119 30
119 79
119 95
119 109
120 1
120 24
120 42
120 58
120 105
120 131
121 1
121 20
121 64
121 72
121 75
121 139
121 147
122 25
122 29
122 45
122 57
122 68
122 72
122 97
122 100
122 120
123 7
123 43
123 46
123 55
123 127
123 142
123 150
124 3
124 24
124 28
124 84
124 123
124 151
125 10
125 34
125 140
126 74
126 95
127 30
127 35
127 53
127 105
128 15
128 62
128 113
128 137
129 2
129 44
129 52
129 71
129 72
129 90
129 98
129 117
130 16
130 49
130 78
130 81
130 108
130 114
130 127
131 12
131 30
131 60
131 63
131 124
131 145
132 46
132 95
132 96
132 115
133 85
133 115
134 43
134 52
134 95
134 97
134 114
134 133
134 139
135 47
135 48
135 65
135 84
136 88
136 103
136 115
137 27
137 60
137 106
137 157
138 17
138 35
138 46
138 91
138 147
139 11
139 33
139 70
139 82
139 104
140 38
140 41
140 128
141 118
141 121
141 148
142 91
142 128
142 135
142 158
143 39
143 59
143 74
143 92
143 110
143 131
143 134
144 12
144 36
144 97
144 106
145 24
145 44
145 80
145 98
145 116
145 152
146 13
146 69
146 80
147 64
147 86
147 104
147 117
147 119
148 9
148 33
148 70
148 83
148 94
148 101
148 125
148 139
148 155
149 39
149 53
149 66
149 87
149 134
149 147
150 14
150 91
151 4
151 6
151 89
151 119
151 136
151 146
152 12
152 88
152 127
152 134
152 138
152 149
153 41
153 58
153 72
153 77
153 96
153 100
153 142
154 42
154 103
154 129
154 133
154 138
154 149
154 152
155 33
155 76
155 100
155 105
156 2
156 29
156 111
156 122
156 135
156 145
156 148
156 150
156 154
157 0
157 38
157 46
157 48
157 61
157 140
157 159
158 9
158 51
158 54
158 56
158 89
158 110
158 118
159 53
159 54
159 65
159 125
0 1 2 3 4 5 6 7 8 9 10 11 12 13 14 15 16 17 18 19 20 21 22 23
