160 2544 7
0 2
0 6
0 12
0 17
0 25
0 39
0 46
0 48
0 49
0 79
0 81
0 85
0 90
0 91
0 92
0 119
0 133
0 135
0 151
0 152
0 158
1 5
1 10
1 33
1 48
1 53
1 64
1 111
1 122
1 124
1 139
1 144
2 11
2 29
2 46
2 60
2 66
2 87
2 106
2 120
2 126
2 152
2 157
3 7
3 12
3 14
3 20
3 22
3 37
3 45
3 63
3 76
3 77
3 106
3 126
3 157
4 5
4 8
4 46
4 49
4 52
4 58
4 75
4 91
4 93
4 96
4 110
4 113
4 138
4 151
5 14
5 23
5 42
5 48
5 55
5 85
5 86
5 94
5 95
5 97
5 99
5 103
5 109
5 114
5 116
5 121
5 124
5 146
5 150
6 20
6 28
6 31
6 34
6 41
6 62
6 65
6 69
6 76
6 88
6 89
6 93
6 95
6 105
6 109
6 123
6 148
7 44
7 56
7 60
7 67
7 72
7 84
7 87
7 102
7 116
7 129
7 131
7 132
7 135
7 159
8 0
8 3
8 7
8 17
8 19
8 27
8 50
8 56
8 77
8 86
8 97
8 131
8 159
9 7
9 11
9 13
9 36
9 37
9 43
9 61
9 73
9 82
9 83
9 86
9 87
9 97
9 126
9 127
9 130
9 139
9 142
9 152
9 154
9 158
10 5
10 9
10 25
10 61
10 67
10 69
10 78
10 103
10 107
10 121
10 123
10 124
10 130
10 139
10 151
10 153
11 14
11 21
11 37
11 64
11 65
11 67
11 71
11 72
11 78
11 96
11 108
11 116
11 133
11 145
11 153
12 17
12 28
12 41
12 47
12 91
12 110
12 116
12 131
12 153
13 12
13 15
13 17
13 23
13 32
13 38
13 68
13 79
13 80
13 114
13 125
13 126
13 129
13 136
13 155
14 7
14 13
14 15
14 20
14 27
14 45
14 56
14 70
14 84
14 120
14 131
14 149
14 153
15 1
15 4
15 7
15 10
15 17
15 36
15 58
15 60
15 71
15 113
15 129
15 137
15 139
15 151
15 155
15 159
16 9
16 12
16 13
16 15
16 25
16 50
16 66
16 76
16 94
16 101
16 107
16 109
16 115
16 118
16 121
16 130
16 152
16 153
16 156
17 5
17 19
17 25
17 36
17 39
17 55
17 56
17 59
17 67
17 81
17 86
17 92
17 99
17 106
17 112
17 118
17 119
17 122
17 135
17 139
17 147
17 154
17 155
17 156
17 159
18 15
18 24
18 32
18 56
18 73
18 75
18 85
18 104
18 109
18 110
18 114
18 121
18 123
18 125
18 126
18 145
18 152
18 157
18 158
18 159
19 12
19 34
19 50
19 51
19 62
19 63
19 64
19 79
19 110
19 116
19 118
19 146
19 156
20 0
20 4
20 7
20 21
20 29
20 42
20 49
20 53
20 56
20 61
20 89
20 90
20 91
20 94
20 122
20 128
20 134
20 140
21 38
21 39
21 45
21 47
21 52
21 53
21 77
21 88
21 108
21 118
21 128
21 133
21 135
22 7
22 23
22 26
22 30
22 33
22 35
22 37
22 38
22 45
22 48
22 49
22 56
22 72
22 78
22 115
22 120
22 127
22 141
22 143
22 147
23 32
23 43
23 44
23 55
23 58
23 62
23 87
23 93
23 96
23 100
23 111
23 115
23 119
23 134
24 27
24 35
24 44
24 45
24 50
24 52
24 57
24 58
24 72
24 82
24 101
24 104
24 106
24 121
24 126
24 148
24 153
25 13
25 23
25 29
25 34
25 38
25 39
25 46
25 48
25 74
25 105
25 123
25 143
25 149
26 5
26 24
26 33
26 37
26 51
26 83
26 106
26 113
26 114
26 133
26 138
26 143
26 150
26 158
27 2
27 12
27 13
27 16
27 29
27 52
27 62
27 65
27 81
27 84
27 88
27 104
27 107
27 109
27 122
27 124
27 129
27 142
27 143
27 145
27 158
28 9
28 17
28 23
28 79
28 90
28 105
28 106
28 115
28 117
28 131
28 135
28 137
28 152
29 51
29 66
29 84
29 102
29 110
29 124
29 129
29 130
29 140
29 151
30 9
30 14
30 26
30 58
30 63
30 74
30 95
30 104
30 112
30 114
30 119
30 139
30 144
30 155
31 7
31 9
31 10
31 11
31 16
31 22
31 25
31 39
31 50
31 63
31 80
31 85
31 114
31 115
31 129
31 134
31 135
31 137
31 153
31 159
32 0
32 2
32 4
32 14
32 16
32 28
32 29
32 69
32 71
32 83
32 84
32 89
32 106
32 114
32 125
32 134
32 139
32 150
32 155
33 5
33 17
33 25
33 34
33 55
33 58
33 66
33 84
33 87
33 106
33 131
33 140
33 146
33 157
34 0
34 14
34 16
34 32
34 60
34 61
34 89
34 90
34 106
34 108
34 128
34 133
34 159
35 6
35 37
35 49
35 57
35 64
35 65
35 83
35 85
35 115
36 6
36 26
36 47
36 89
36 102
36 111
36 124
36 129
36 142
36 148
36 152
37 12
37 14
37 16
37 32
37 52
37 64
37 79
37 81
37 117
37 123
37 126
37 129
37 131
37 145
37 149
37 150
37 151
38 6
38 8
38 11
38 20
38 30
38 35
38 42
38 46
38 47
38 63
38 67
38 74
38 90
38 92
38 97
38 100
38 101
38 120
38 124
38 127
38 130
38 138
38 141
39 3
39 4
39 5
39 18
39 23
39 24
39 36
39 47
39 64
39 67
39 86
39 91
39 97
39 111
39 116
39 117
39 153
39 155
40 7
40 31
40 62
40 64
40 99
40 113
40 120
40 127
40 129
40 132
40 140
40 144
40 150
41 18
41 20
41 25
41 45
41 47
41 76
41 86
41 95
41 103
41 110
41 116
41 120
41 127
41 138
41 150
41 159
42 13
42 23
42 24
42 34
42 47
42 57
42 72
42 75
42 79
42 82
42 90
42 92
42 101
42 104
42 112
42 117
42 132
42 139
42 145
42 153
43 0
43 1
43 3
43 5
43 16
43 17
43 21
43 31
43 49
43 60
43 68
43 73
43 75
43 80
43 95
43 101
43 134
43 137
44 16
44 37
44 40
44 42
44 58
44 89
44 97
44 105
44 108
44 115
44 133
44 153
45 33
45 62
45 77
45 78
45 83
45 85
45 86
45 97
45 103
45 107
45 115
45 123
45 131
45 157
45 159
46 5
46 24
46 32
46 50
46 70
46 71
46 72
46 79
46 94
46 111
46 125
46 129
46 140
46 158
47 11
47 17
47 30
47 35
47 40
47 60
47 61
47 81
47 93
47 97
47 100
47 159
48 3
48 15
48 16
48 20
48 21
48 36
48 64
48 66
48 76
48 77
48 86
48 102
48 114
48 131
48 145
48 147
49 1
49 2
49 28
49 45
49 50
49 61
49 62
49 68
49 76
49 82
49 86
49 102
49 108
49 113
49 116
49 117
49 156
49 157
49 158
50 10
50 33
50 48
50 59
50 73
50 81
50 88
50 106
50 116
50 121
50 124
50 126
50 127
50 139
50 158
51 4
51 14
51 16
51 21
51 23
51 28
51 34
51 45
51 53
51 57
51 66
51 81
51 82
51 86
51 107
51 108
51 115
51 119
51 126
51 132
51 134
51 152
52 6
52 7
52 31
52 58
52 64
52 77
52 80
52 86
52 92
52 97
52 101
52 103
52 104
52 108
52 116
52 156
53 0
53 7
53 31
53 39
53 52
53 54
53 58
53 65
53 66
53 87
53 102
53 131
53 138
53 139
53 148
53 152
54 4
54 8
54 9
54 12
54 13
54 21
54 23
54 31
54 39
54 47
54 49
54 67
54 72
54 77
54 79
54 94
54 105
54 133
54 144
55 2
55 18
55 20
55 24
55 29
55 35
55 39
55 52
55 74
55 79
55 81
55 84
55 86
55 100
55 102
55 110
55 119
55 120
55 125
55 130
55 149
55 156
55 159
56 5
56 9
56 25
56 33
56 37
56 51
56 73
56 75
56 87
56 96
56 99
56 105
56 110
56 129
56 131
56 133
56 143
57 18
57 50
57 53
57 77
57 91
57 98
57 99
57 104
57 134
57 148
57 149
58 9
58 13
58 36
58 48
58 59
58 60
58 89
58 92
58 100
58 101
58 109
58 131
58 136
58 137
58 151
59 0
59 13
59 14
59 16
59 24
59 54
59 55
59 62
59 64
59 65
59 69
59 77
59 96
59 103
59 137
59 141
59 157
60 3
60 14
60 19
60 22
60 42
60 53
60 54
60 57
60 68
60 72
60 94
60 107
60 109
60 119
60 124
60 131
60 135
60 138
60 141
60 158
61 2
61 5
61 23
61 36
61 43
61 53
61 60
61 97
61 99
61 110
61 114
61 141
61 145
61 154
62 0
62 18
62 25
62 32
62 44
62 68
62 100
62 107
62 111
62 117
62 126
62 137
63 8
63 9
63 13
63 17
63 25
63 29
63 34
63 35
63 56
63 58
63 69
63 76
63 77
63 83
63 93
63 98
63 109
63 115
63 120
63 126
63 136
64 5
64 20
64 34
64 38
64 42
64 56
64 57
64 75
64 87
64 98
64 99
64 102
64 105
64 114
64 128
64 132
64 144
64 152
64 157
65 18
65 23
65 28
65 37
65 40
65 43
65 45
65 46
65 48
65 67
65 71
65 73
65 81
65 84
65 93
65 106
65 116
65 117
65 128
65 137
65 138
66 1
66 4
66 20
66 37
66 41
66 46
66 55
66 67
66 70
66 89
66 93
66 101
66 102
66 109
66 124
66 131
66 147
66 152
67 24
67 28
67 36
67 50
67 53
67 68
67 78
67 106
67 125
67 128
67 149
67 153
68 6
68 15
68 26
68 35
68 42
68 83
68 88
68 90
68 94
68 107
68 114
68 120
68 130
68 134
68 151
68 153
69 4
69 9
69 37
69 43
69 55
69 57
69 60
69 68
69 76
69 78
69 80
69 86
69 92
69 95
69 106
69 117
69 147
69 153
69 157
70 0
70 1
70 8
70 37
70 60
70 61
70 79
70 87
70 99
70 113
70 127
70 136
70 156
71 6
71 25
71 29
71 33
71 51
71 81
71 100
71 103
71 121
71 142
71 148
71 151
71 159
72 2
72 5
72 19
72 35
72 48
72 59
72 62
72 102
72 138
72 142
73 5
73 7
73 16
73 37
73 52
73 61
73 70
73 80
73 90
73 94
73 107
73 108
73 111
73 126
73 127
73 129
73 135
73 148
73 151
74 24
74 39
74 70
74 131
74 148
74 158
75 13
75 14
75 20
75 21
75 22
75 32
75 34
75 39
75 47
75 60
75 73
75 85
75 90
75 100
75 130
75 131
75 141
75 146
75 154
76 0
76 5
76 11
76 21
76 25
76 28
76 34
76 78
76 111
76 115
76 127
76 134
77 6
77 12
77 22
77 25
77 27
77 47
77 49
77 53
77 72
77 83
77 99
77 108
77 136
77 138
78 0
78 9
78 41
78 49
78 65
78 66
78 72
78 73
78 74
78 77
78 89
78 97
78 126
78 151
78 153
78 159
79 38
79 62
79 65
79 69
79 138
79 142
79 143
79 159
80 11
80 25
80 26
80 48
80 49
80 54
80 57
80 76
80 77
80 83
80 91
80 104
80 109
80 115
80 136
80 139
80 141
81 1
81 4
81 9
81 20
81 25
81 28
81 30
81 32
81 76
81 113
81 121
81 126
81 130
81 137
81 139
81 141
81 159
82 1
82 2
82 5
82 21
82 26
82 28
82 30
82 37
82 45
82 47
82 53
82 56
82 60
82 62
82 72
82 77
82 84
82 89
82 101
82 107
82 112
82 118
82 124
82 132
82 135
82 138
82 146
82 158
83 3
83 5
83 11
83 12
83 22
83 34
83 39
83 46
83 47
83 48
83 49
83 52
83 66
83 84
83 110
83 114
83 123
83 127
83 131
83 146
83 153
83 156
84 1
84 4
84 15
84 17
84 23
84 24
84 28
84 35
84 42
84 43
84 60
84 63
84 69
84 71
84 90
84 106
84 135
84 155
85 3
85 9
85 11
85 26
85 54
85 55
85 67
85 70
85 87
85 88
85 92
85 97
85 108
85 116
85 122
85 125
85 132
85 155
86 7
86 11
86 61
86 71
86 73
86 88
86 91
86 92
86 104
86 107
86 110
86 121
86 138
86 156
87 21
87 27
87 36
87 59
87 90
87 92
87 99
87 115
87 125
87 129
87 143
87 145
87 157
88 2
88 9
88 29
88 54
88 58
88 75
88 84
88 87
88 91
88 126
88 135
89 7
89 12
89 16
89 26
89 38
89 47
89 50
89 52
89 57
89 59
89 62
89 63
89 64
89 70
89 75
89 86
89 90
89 105
89 128
89 130
89 138
89 149
89 151
90 17
90 21
90 31
90 35
90 53
90 61
90 69
90 72
90 76
90 95
90 115
90 144
91 8
91 9
91 10
91 15
91 17
91 21
91 23
91 26
91 43
91 49
91 58
91 67
91 68
91 75
91 81
91 84
91 108
91 110
91 123
91 124
91 127
91 135
91 144
91 156
92 5
92 11
92 12
92 24
92 31
92 62
92 81
92 84
92 93
92 96
92 98
92 119
92 127
92 151
92 154
92 157
93 5
93 12
93 18
93 20
93 26
93 27
93 50
93 53
93 54
93 55
93 88
93 125
93 133
93 134
93 139
93 140
93 159
94 17
94 24
94 34
94 40
94 57
94 59
94 61
94 65
94 72
94 74
94 91
94 97
94 99
94 105
94 115
94 118
94 131
94 149
94 152
94 154
95 4
95 15
95 18
95 19
95 26
95 35
95 39
95 57
95 72
95 75
95 78
95 83
95 85
95 99
95 118
95 143
95 154
95 157
96 6
96 12
96 26
96 32
96 39
96 48
96 50
96 57
96 60
96 66
96 71
96 73
96 76
96 77
96 85
96 122
96 130
96 137
97 7
97 15
97 37
97 48
97 53
97 65
97 90
97 96
97 99
97 100
97 119
97 124
97 133
97 136
97 143
97 149
98 5
98 18
98 30
98 32
98 33
98 48
98 56
98 68
98 78
98 79
98 89
98 109
98 149
99 0
99 16
99 18
99 22
99 66
99 73
99 82
99 84
99 93
99 108
99 130
99 147
100 7
100 14
100 27
100 43
100 67
100 68
100 72
100 91
100 99
100 104
100 110
100 111
100 124
100 128
100 135
100 144
100 145
100 146
100 149
101 6
101 23
101 33
101 55
101 76
101 114
101 120
101 147
102 0
102 8
102 18
102 20
102 28
102 30
102 31
102 51
102 57
102 61
102 74
102 88
102 89
102 105
102 130
102 137
102 149
102 157
103 0
103 27
103 32
103 131
103 147
103 154
104 4
104 21
104 35
104 49
104 53
104 62
104 71
104 81
104 83
104 92
104 101
104 102
104 107
104 119
105 7
105 15
105 18
105 37
105 46
105 57
105 82
105 92
105 106
105 115
105 116
105 123
105 132
105 159
106 16
106 25
106 48
106 82
106 85
106 101
106 117
106 118
106 122
106 124
106 131
106 159
107 4
107 5
107 8
107 19
107 21
107 24
107 30
107 32
107 36
107 37
107 40
107 72
107 77
107 99
107 103
107 130
107 134
107 140
107 149
107 152
107 153
108 9
108 23
108 35
108 60
108 69
108 76
108 115
108 123
108 124
108 133
108 148
108 158
109 9
109 11
109 13
109 19
109 30
109 34
109 45
109 55
109 56
109 57
109 62
109 70
109 83
109 90
109 94
109 99
109 116
109 132
109 148
109 150
110 7
110 14
110 15
110 24
110 34
110 48
110 58
110 60
110 64
110 85
110 90
110 99
110 108
110 111
110 125
110 145
110 149
111 2
111 6
111 9
111 19
111 34
111 44
111 66
111 82
111 91
111 114
111 129
111 131
111 141
112 65
112 77
112 87
112 94
112 95
112 100
112 114
112 130
112 153
112 159
113 1
113 7
113 22
113 25
113 29
113 44
113 57
113 60
113 62
113 68
113 74
113 100
113 108
113 115
113 119
113 129
113 150
113 155
113 159
114 7
114 19
114 23
114 24
114 27
114 33
114 34
114 37
114 44
114 47
114 85
114 127
114 132
114 144
115 15
115 39
115 41
115 42
115 43
115 46
115 54
115 73
115 107
115 111
115 112
115 114
115 118
115 122
115 123
115 124
115 127
115 136
115 147
115 159
116 9
116 18
116 29
116 46
116 78
116 81
116 82
116 90
116 97
116 128
116 140
116 142
116 143
116 146
117 20
117 58
117 73
117 74
117 76
117 100
117 112
117 120
117 124
117 139
117 151
117 156
118 24
118 28
118 30
118 37
118 51
118 53
118 66
118 73
118 88
118 96
118 103
118 104
118 111
118 113
118 123
118 130
118 136
118 139
118 152
119 2
119 3
119 10
119 24
119 26
119 45
119 47
119 53
119 56
119 70
119 81
119 110
119 139
119 141
120 9
120 27
120 37
120 39
120 76
120 88
120 91
120 92
120 127
120 133
120 142
120 149
121 3
121 13
121 15
121 17
121 20
121 26
121 34
121 45
121 54
121 67
121 68
121 82
121 85
121 88
121 92
121 93
121 101
121 103
121 124
121 147
121 151
121 159
122 2
122 23
122 31
122 54
122 57
122 59
122 73
122 74
122 75
122 111
122 118
122 119
122 135
122 138
122 142
122 144
122 159
123 0
123 24
123 38
123 55
123 63
123 87
123 88
123 89
123 110
123 119
123 132
123 134
123 148
124 14
124 25
124 28
124 34
124 40
124 43
124 67
124 75
124 83
124 87
124 90
124 95
124 116
124 125
124 126
124 132
124 134
125 12
125 20
125 30
125 40
125 56
125 61
125 71
125 119
125 120
125 121
125 129
125 155
125 158
125 159
126 1
126 15
126 25
126 33
126 34
126 42
126 49
126 55
126 86
126 89
126 90
126 107
126 109
126 149
126 150
127 13
127 31
127 32
127 35
127 36
127 37
127 49
127 56
127 82
127 84
127 86
127 112
127 126
127 132
127 140
127 144
128 4
128 11
128 15
128 17
128 22
128 23
128 24
128 30
128 41
128 52
128 63
128 74
128 75
128 87
128 90
128 104
128 127
128 135
129 0
129 5
129 14
129 28
129 30
129 33
129 49
129 54
129 61
129 64
129 76
129 84
129 92
129 94
129 96
129 104
129 110
129 120
129 128
129 131
129 137
129 144
129 145
129 146
129 150
129 151
130 5
130 7
130 11
130 32
130 39
130 46
130 85
130 94
130 117
130 120
130 122
130 133
130 135
130 138
130 152
130 153
131 0
131 1
131 5
131 20
131 24
131 27
131 36
131 41
131 69
131 72
131 80
131 116
131 122
131 132
131 151
131 153
132 2
132 3
132 13
132 26
132 30
132 36
132 46
132 58
132 69
132 79
132 86
132 89
132 95
132 121
132 137
132 143
132 158
133 10
133 12
133 16
133 24
133 71
133 78
133 88
133 103
133 111
133 112
133 126
133 143
133 156
134 17
134 18
134 24
134 26
134 33
134 35
134 40
134 42
134 46
134 52
134 60
134 71
134 92
134 112
134 122
134 132
134 137
135 14
135 19
135 27
135 30
135 38
135 52
135 54
135 63
135 70
135 80
135 101
135 105
135 106
135 124
136 3
136 5
136 15
136 25
136 28
136 39
136 45
136 60
136 61
136 86
136 99
136 120
136 122
136 126
136 149
137 0
137 25
137 39
137 41
137 61
137 70
137 79
137 93
137 111
137 116
137 117
137 122
137 123
137 124
137 147
138 2
138 12
138 15
138 19
138 25
138 35
138 37
138 45
138 49
138 84
138 91
138 101
138 116
138 127
138 128
139 5
139 35
139 41
139 59
139 77
139 82
139 86
139 95
139 115
139 126
139 127
139 137
139 141
140 17
140 23
140 24
140 25
140 34
140 38
140 48
140 60
140 65
140 78
140 80
140 84
140 85
140 105
140 115
140 132
141 3
141 21
141 30
141 43
141 52
141 56
141 64
141 83
141 85
141 102
141 143
141 148
142 1
142 5
142 6
142 23
142 28
142 31
142 33
142 35
142 37
142 51
142 62
142 64
142 67
142 75
142 92
142 100
142 104
142 107
142 110
142 117
142 126
142 130
142 134
142 153
142 154
143 1
143 15
143 37
143 38
143 39
143 53
143 89
143 93
143 98
143 103
143 108
143 125
143 147
143 148
144 18
144 22
144 32
144 41
144 53
144 59
144 60
144 65
144 66
144 68
144 72
144 79
144 82
144 85
144 124
144 136
145 3
145 7
145 65
145 82
145 92
145 98
145 105
145 126
145 153
146 14
146 15
146 17
146 22
146 23
146 36
146 45
146 62
146 72
146 97
146 105
146 117
146 128
146 147
146 148
146 154
147 16
147 32
147 46
147 60
147 76
147 93
147 102
147 109
147 114
147 122
147 124
147 125
147 134
147 141
148 13
148 32
148 34
148 37
148 41
148 54
148 90
148 111
148 116
148 140
148 144
148 150
149 1
149 12
149 16
149 29
149 31
149 40
149 43
149 48
149 52
149 59
149 91
149 121
149 123
149 124
149 129
149 146
149 157
150 3
150 13
150 25
150 39
150 49
150 61
150 63
150 81
150 82
150 94
150 100
150 105
150 107
150 111
150 117
150 135
150 141
150 145
151 18
151 27
151 31
151 33
151 53
151 70
151 74
151 87
151 96
151 120
151 124
151 130
151 150
151 158
151 159
152 33
152 42
152 47
152 57
152 61
152 69
152 82
152 85
152 91
152 92
152 95
152 111
152 128
152 134
152 137
152 149
152 154
152 159
153 25
153 32
153 36
153 50
153 65
153 81
153 88
153 93
153 106
153 115
153 116
153 128
153 133
153 134
153 141
153 143
153 151
154 11
154 14
154 21
154 23
154 28
154 32
154 42
154 60
154 62
154 68
154 77
154 108
154 112
154 117
154 120
154 127
154 148
154 156
155 1
155 21
155 24
155 26
155 27
155 35
155 51
155 52
155 59
155 61
155 74
155 99
155 111
155 123
155 136
155 159
156 15
156 20
156 31
156 42
156 43
156 53
156 61
156 72
156 73
156 95
156 112
156 123
156 142
156 157
157 8
157 10
157 16
157 17
157 19
157 25
157 26
157 27
157 29
157 34
157 47
157 51
157 54
157 68
157 81
157 82
157 88
157 91
157 109
157 111
157 121
157 123
157 127
157 144
157 159
158 5
158 7
158 20
158 34
158 36
158 51
158 77
158 80
158 95
158 102
158 103
158 116
158 117
158 121
158 130
158 135
158 143
158 155
159 3
159 54
159 57
159 59
159 62
159 72
159 77
159 80
159 111
159 117
159 120
159 131
159 135
159 139
159 140
159 143
0 1 2 3 4 5 6
