160 2544 40
0 4
0 11
0 18
0 25
0 34
0 44
0 47
0 48
0 50
0 84
0 86
0 92
0 98
0 99
0 100
0 120
0 134
0 140
0 159
1 6
1 17
1 18
1 26
1 53
1 58
1 62
1 63
1 91
1 95
1 96
1 105
1 126
1 137
1 149
1 159
2 14
2 23
2 40
2 48
2 55
2 63
2 75
2 80
2 81
2 94
2 102
2 117
2 121
2 124
2 141
2 149
3 4
3 5
3 28
3 47
3 61
3 74
3 79
3 93
3 94
3 107
3 113
3 137
3 146
3 148
3 157
4 16
4 21
4 30
4 40
4 43
4 47
4 65
4 83
4 90
4 134
4 135
4 157
5 14
5 20
5 33
5 37
5 42
5 51
5 66
5 70
5 75
5 100
5 101
5 122
5 128
5 130
5 132
5 141
5 159
6 10
6 16
6 24
6 38
6 43
6 44
6 45
6 73
6 76
6 83
6 100
6 155
7 19
7 20
7 27
7 28
7 44
7 52
7 77
7 117
7 134
7 142
7 149
7 152
8 20
8 23
8 25
8 42
8 48
8 64
8 78
8 81
8 88
8 97
8 102
8 105
8 109
8 123
8 125
8 130
8 157
9 7
9 30
9 39
9 41
9 46
9 48
9 75
9 89
9 96
9 106
9 110
9 115
9 117
9 119
9 120
9 128
9 139
9 144
9 145
9 146
9 152
9 155
10 2
10 14
10 16
10 17
10 20
10 44
10 45
10 51
10 68
10 74
10 89
10 102
10 103
10 108
10 124
10 126
10 135
11 2
11 66
11 67
11 79
11 87
11 104
11 105
11 124
11 136
11 139
11 140
11 158
12 0
12 10
12 28
12 31
12 47
12 56
12 61
12 78
12 85
12 138
12 141
12 158
13 4
13 15
13 24
13 32
13 40
13 43
13 54
13 70
13 89
13 100
13 115
13 121
13 144
13 152
14 6
14 17
14 23
14 34
14 42
14 56
14 60
14 81
14 89
14 94
14 102
14 112
14 140
15 7
15 31
15 44
15 56
15 76
15 103
15 123
15 126
16 14
16 71
16 84
16 105
16 117
16 126
16 132
16 133
16 134
16 139
16 140
16 142
16 149
16 157
17 12
17 16
17 19
17 29
17 31
17 52
17 61
17 79
17 86
17 90
17 95
17 105
17 108
17 117
17 139
17 144
17 148
17 149
17 155
17 159
18 8
18 16
18 30
18 31
18 49
18 52
18 67
18 71
18 74
18 76
18 77
18 102
18 114
18 117
18 123
18 141
18 152
18 156
19 6
19 14
19 15
19 20
19 27
19 33
19 35
19 37
19 44
19 46
19 51
19 59
19 68
19 73
19 77
19 80
19 93
19 94
19 96
19 102
19 127
19 147
19 156
20 2
20 3
20 28
20 33
20 38
20 40
20 54
20 63
20 70
20 97
20 98
20 119
20 120
20 128
20 146
21 56
21 75
21 89
21 94
21 104
21 106
21 112
21 115
21 123
21 124
21 133
21 154
22 5
22 17
22 46
22 47
22 58
22 60
22 70
22 104
22 110
22 114
22 130
22 138
22 149
22 153
22 155
22 159
23 11
23 26
23 27
23 33
23 39
23 55
23 58
23 61
23 74
23 77
23 88
23 94
23 111
23 123
23 133
23 139
23 151
24 16
24 22
24 50
24 56
24 59
24 60
24 74
24 85
24 90
24 100
24 119
24 122
24 144
24 145
24 157
24 159
25 3
25 12
25 19
25 20
25 24
25 33
25 36
25 58
25 71
25 97
25 104
25 108
25 136
25 159
26 2
26 9
26 75
26 82
26 99
26 111
26 114
26 121
26 125
26 129
27 12
27 18
27 28
27 55
27 66
27 104
27 105
27 123
27 127
27 131
27 149
28 13
28 18
28 22
28 64
28 74
28 79
28 102
28 105
28 109
28 110
28 114
28 118
28 121
28 123
28 132
28 154
28 158
29 4
29 14
29 39
29 58
29 60
29 70
29 95
29 97
29 100
29 114
29 122
29 124
29 149
30 0
30 2
30 57
30 75
30 78
30 85
30 92
30 93
30 141
30 144
31 23
31 25
31 26
31 33
31 36
31 42
31 64
31 69
31 79
31 83
31 91
31 94
31 99
31 102
31 107
31 131
31 132
31 156
32 36
32 50
32 57
32 62
32 72
32 100
32 110
32 119
32 135
32 155
33 10
33 14
33 26
33 27
33 32
33 39
33 43
33 44
33 66
33 68
33 75
33 78
33 83
33 85
33 105
33 108
33 124
33 131
33 149
33 152
34 3
34 6
34 15
34 26
34 30
34 38
34 55
34 60
34 69
34 83
34 85
34 113
34 124
34 125
34 138
34 141
34 142
34 153
34 158
35 13
35 17
35 18
35 23
35 31
35 33
35 41
35 57
35 61
35 70
35 91
35 100
35 101
35 131
35 132
35 138
35 147
36 3
36 9
36 14
36 22
36 23
36 29
36 35
36 45
36 52
36 69
36 73
36 78
36 87
36 90
36 91
36 100
36 103
36 117
36 154
37 0
37 7
37 9
37 20
37 33
37 65
37 75
37 92
37 95
37 98
37 107
37 114
37 117
37 134
37 154
38 5
38 31
38 35
38 37
38 60
38 71
38 108
38 134
38 137
38 148
38 150
39 60
39 64
39 70
39 76
39 77
39 80
39 81
39 83
39 103
39 106
39 136
39 142
39 144
39 152
39 154
39 155
40 14
40 27
40 31
40 46
40 51
40 56
40 69
40 77
40 84
40 104
40 107
40 126
40 135
40 139
40 146
40 152
40 159
41 16
41 19
41 23
41 28
41 29
41 36
41 88
41 93
41 105
41 108
41 124
41 131
41 132
41 156
41 159
42 0
42 4
42 19
42 24
42 36
42 38
42 44
42 49
42 66
42 87
42 88
42 96
42 115
42 117
42 134
42 141
42 144
42 151
42 156
42 159
43 2
43 14
43 17
43 28
43 30
43 34
43 63
43 109
43 116
43 121
43 124
44 8
44 9
44 12
44 13
44 14
44 25
44 28
44 29
44 36
44 46
44 48
44 49
44 50
44 65
44 68
44 70
44 71
44 72
44 75
44 92
44 101
44 104
44 120
44 146
45 0
45 4
45 19
45 21
45 23
45 25
45 34
45 47
45 65
45 76
45 77
45 82
45 114
45 124
45 130
45 134
46 15
46 18
46 37
46 39
46 57
46 62
46 69
46 73
46 79
46 89
46 101
46 103
46 119
46 133
46 135
46 147
47 32
47 35
47 42
47 43
47 48
47 56
47 59
47 63
47 65
47 76
47 80
47 81
47 92
47 93
47 104
47 107
47 112
47 119
47 122
48 20
48 32
48 33
48 35
48 49
48 59
48 74
48 80
48 103
48 108
48 122
48 127
48 137
49 3
49 7
49 16
49 33
49 34
49 41
49 46
49 57
49 66
49 76
49 102
49 122
49 141
49 147
50 20
50 23
50 26
50 30
50 53
50 60
50 82
50 99
50 106
50 118
50 123
50 140
50 147
50 154
50 157
50 158
51 0
51 1
51 12
51 35
51 38
51 41
51 57
51 65
51 77
51 84
51 86
51 90
51 102
51 123
51 133
51 134
51 146
51 156
52 0
52 9
52 24
52 27
52 39
52 43
52 45
52 72
52 80
52 104
52 105
52 129
52 135
52 136
52 141
52 145
52 157
53 2
53 3
53 4
53 12
53 27
53 32
53 38
53 48
53 51
53 55
53 76
53 79
53 89
53 90
53 93
53 104
53 108
53 111
53 128
53 130
53 133
53 135
53 146
54 2
54 3
54 9
54 29
54 31
54 39
54 50
54 61
54 62
54 73
54 74
54 88
54 113
54 127
54 130
54 137
54 142
54 145
54 148
55 8
55 12
55 30
55 32
55 51
55 71
55 76
55 85
55 99
55 101
55 128
55 143
56 1
56 13
56 31
56 38
56 51
56 55
56 59
56 63
56 65
56 74
56 79
56 112
56 120
56 121
56 127
57 33
57 34
57 36
57 40
57 44
57 45
57 50
57 54
57 63
57 74
57 94
57 96
57 132
57 147
57 150
57 154
58 3
58 12
58 28
58 43
58 53
58 55
58 65
58 79
58 98
58 111
58 113
58 124
58 129
58 137
58 138
58 140
58 149
59 2
59 3
59 7
59 10
59 28
59 35
59 36
59 37
59 62
59 64
59 72
59 90
59 103
59 115
59 123
59 132
59 136
59 137
60 1
60 65
60 75
60 94
60 109
60 126
60 138
60 147
60 148
60 157
61 4
61 15
61 46
61 57
61 73
61 74
61 87
61 96
61 108
61 109
61 113
61 136
61 159
62 4
62 20
62 21
62 27
62 36
62 39
62 50
62 67
62 74
62 76
62 79
62 82
62 89
62 92
62 116
62 121
62 131
62 133
62 146
62 153
63 17
63 27
63 30
63 48
63 71
63 91
63 105
63 114
63 121
63 126
63 130
63 137
63 143
63 148
64 3
64 12
64 25
64 51
64 55
64 63
64 66
64 88
64 91
64 94
64 95
64 114
64 139
64 151
65 7
65 15
65 16
65 79
65 109
65 113
65 125
65 132
65 138
65 142
66 31
66 36
66 73
66 77
66 84
66 85
66 100
66 102
66 105
66 107
66 108
66 119
66 143
66 149
66 157
67 16
67 47
67 48
67 50
67 61
67 64
67 66
67 76
67 90
67 93
67 98
67 101
67 102
67 115
67 127
67 132
67 138
67 144
67 153
67 154
68 1
68 2
68 7
68 24
68 30
68 35
68 59
68 60
68 65
68 67
68 81
68 83
68 85
68 96
68 102
68 103
68 104
68 124
68 126
69 6
69 8
69 11
69 14
69 23
69 30
69 33
69 56
69 66
69 85
69 92
69 104
69 106
69 115
69 119
69 128
69 139
69 142
69 147
69 151
69 159
70 2
70 8
70 14
70 31
70 50
70 60
70 66
70 74
70 111
70 125
70 130
70 137
70 143
70 152
71 26
71 32
71 40
71 41
71 60
71 61
71 73
71 74
71 77
71 84
71 99
71 102
71 107
71 111
71 120
71 121
71 134
71 136
71 144
71 151
71 158
71 159
72 0
72 4
72 6
72 16
72 33
72 43
72 51
72 54
72 58
72 88
72 90
72 103
72 107
72 115
72 133
72 147
72 154
73 18
73 24
73 45
73 56
73 80
73 91
73 100
73 112
73 115
73 125
73 128
73 130
73 142
74 1
74 36
74 38
74 42
74 44
74 64
74 68
74 80
74 85
74 89
74 124
74 141
74 152
75 0
75 1
75 4
75 57
75 68
75 97
75 117
75 118
75 134
75 141
75 144
75 154
75 157
76 5
76 9
76 25
76 30
76 36
76 44
76 71
76 81
76 82
76 87
76 93
76 134
76 135
76 140
76 143
77 6
77 17
77 32
77 34
77 41
77 47
77 56
77 69
77 90
77 97
77 118
77 119
77 124
77 152
78 9
78 10
78 34
78 63
78 81
78 82
78 115
78 116
78 125
78 127
78 145
78 156
79 22
79 47
79 60
79 63
79 64
79 81
79 89
79 98
79 120
79 127
79 137
79 154
80 0
80 13
80 27
80 46
80 55
80 57
80 75
80 81
80 84
80 112
80 128
80 130
80 135
80 139
80 140
80 147
80 154
80 158
81 3
81 11
81 16
81 24
81 40
81 57
81 64
81 71
81 89
81 93
81 96
81 123
81 134
81 135
81 137
81 151
81 157
81 158
82 18
82 19
82 32
82 41
82 46
82 47
82 49
82 61
82 70
82 71
82 96
82 102
82 103
82 108
82 127
82 130
82 140
82 152
83 0
83 2
83 5
83 8
83 23
83 47
83 48
83 51
83 61
83 78
83 81
83 86
83 90
83 100
83 131
83 148
83 149
84 3
84 9
84 20
84 29
84 46
84 49
84 53
84 54
84 64
84 108
84 110
84 113
84 123
84 127
84 138
84 140
84 153
85 3
85 9
85 11
85 14
85 27
85 31
85 41
85 45
85 49
85 50
85 63
85 65
85 75
85 79
85 81
85 95
85 131
86 22
86 34
86 36
86 47
86 71
86 78
86 89
86 110
86 117
86 119
86 121
86 135
86 142
86 155
87 1
87 3
87 5
87 23
87 33
87 35
87 40
87 60
87 65
87 73
87 75
87 82
87 97
87 116
87 127
88 1
88 9
88 13
88 21
88 25
88 28
88 35
88 36
88 40
88 52
88 65
88 78
88 82
88 89
88 105
88 124
88 127
88 129
88 133
88 137
88 138
89 5
89 27
89 31
89 32
89 43
89 72
89 106
89 120
89 122
89 134
89 147
89 158
90 5
90 27
90 29
90 32
90 34
90 37
90 38
90 48
90 52
90 55
90 58
90 62
90 78
90 98
90 110
90 118
90 126
90 140
90 149
91 16
91 17
91 23
91 24
91 27
91 28
91 61
91 66
91 70
91 78
91 86
91 116
91 126
91 141
91 159
92 1
92 8
92 12
92 14
92 18
92 23
92 49
92 57
92 64
92 68
92 72
92 77
92 80
92 82
92 84
92 85
92 112
92 116
92 125
92 142
92 147
92 149
92 156
93 10
93 27
93 35
93 40
93 48
93 55
93 86
93 89
93 90
93 91
93 117
93 126
93 129
93 154
93 157
94 4
94 10
94 33
94 36
94 43
94 52
94 65
94 66
94 68
94 77
94 81
94 92
94 95
94 101
94 126
94 134
94 147
94 154
94 158
95 7
95 25
95 53
95 56
95 57
95 75
95 118
95 139
96 5
96 8
96 21
96 24
96 35
96 36
96 39
96 41
96 44
96 85
96 91
96 105
96 113
96 114
96 135
96 141
96 142
96 147
96 153
97 1
97 18
97 26
97 32
97 34
97 37
97 50
97 60
97 62
97 65
97 68
97 114
97 118
97 120
97 125
97 138
97 152
97 159
98 6
98 57
98 60
98 64
98 69
98 72
98 76
98 110
98 117
98 122
98 127
98 132
98 159
99 1
99 3
99 23
99 28
99 38
99 67
99 73
99 79
99 103
99 128
99 142
99 146
99 153
99 158
99 159
100 30
100 38
100 41
100 58
100 69
100 112
100 114
100 118
100 134
100 140
100 149
100 153
101 7
101 8
101 19
101 21
101 33
101 36
101 37
101 38
101 60
101 73
101 79
101 80
101 83
101 104
101 120
101 137
101 141
101 146
101 152
102 4
102 12
102 23
102 24
102 56
102 59
102 64
102 93
102 99
102 101
102 104
102 125
102 129
102 133
102 141
102 144
102 149
102 152
103 8
103 22
103 26
103 28
103 30
103 51
103 76
103 77
103 80
103 89
103 105
103 114
103 131
103 138
103 140
103 144
103 150
103 155
104 0
104 18
104 31
104 63
104 82
104 84
104 103
104 127
104 142
104 151
104 157
105 20
105 29
105 36
105 37
105 47
105 55
105 57
105 73
105 74
105 108
105 119
105 124
105 125
105 129
105 134
105 156
106 5
106 14
106 17
106 19
106 24
106 32
106 33
106 47
106 49
106 71
106 72
106 81
106 91
106 92
106 129
106 131
106 133
106 134
106 148
106 157
107 6
107 16
107 18
107 20
107 27
107 35
107 39
107 48
107 69
107 70
107 93
107 105
107 124
107 128
107 129
107 132
107 152
107 154
108 21
108 26
108 27
108 29
108 35
108 50
108 90
108 115
108 120
108 124
108 126
108 139
108 142
108 150
109 1
109 46
109 51
109 63
109 74
109 76
109 77
109 101
109 110
109 120
109 125
109 153
110 6
110 8
110 17
110 30
110 36
110 41
110 44
110 45
110 54
110 56
110 57
110 62
110 64
110 74
110 102
110 107
110 122
110 144
110 145
110 153
111 3
111 7
111 11
111 18
111 20
111 25
111 27
111 28
111 31
111 33
111 37
111 46
111 77
111 93
111 97
111 100
111 105
111 114
111 115
111 135
111 158
112 8
112 40
112 51
112 65
112 74
112 78
112 82
112 95
112 96
112 134
112 143
112 155
112 156
113 1
113 20
113 27
113 28
113 42
113 49
113 64
113 66
113 67
113 69
113 71
113 74
113 81
113 97
113 105
113 114
113 122
113 130
113 132
113 133
113 137
113 140
113 153
113 157
114 4
114 7
114 14
114 24
114 36
114 40
114 48
114 51
114 81
114 82
114 84
114 91
114 95
114 108
114 109
114 118
114 131
114 132
114 134
114 135
114 149
115 0
115 14
115 15
115 17
115 33
115 62
115 76
115 89
115 91
115 134
115 143
116 25
116 36
116 42
116 63
116 75
116 76
116 79
116 85
116 98
116 103
116 104
116 124
116 131
116 132
116 133
116 156
117 0
117 6
117 8
117 11
117 19
117 24
117 40
117 57
117 67
117 74
117 81
117 87
117 88
117 101
117 105
117 112
117 119
117 129
117 154
118 11
118 24
118 34
118 36
118 59
118 63
118 67
118 72
118 73
118 79
118 93
118 104
118 110
118 123
118 147
118 149
118 153
118 155
118 157
119 33
119 35
119 36
119 43
119 45
119 93
119 96
119 104
119 156
119 158
120 3
120 16
120 19
120 21
120 25
120 57
120 70
120 73
120 76
120 81
120 93
120 124
120 135
120 139
120 142
121 0
121 31
121 34
121 35
121 41
121 51
121 55
121 89
121 94
121 95
121 120
121 122
121 135
121 142
122 8
122 21
122 22
122 31
122 33
122 55
122 72
122 75
122 78
122 104
122 107
122 118
122 127
122 137
122 154
122 155
123 6
123 13
123 25
123 38
123 53
123 57
123 65
123 70
123 74
123 102
123 110
123 111
123 128
123 145
123 146
123 150
124 23
124 26
124 73
124 75
124 78
124 91
124 92
124 99
124 102
124 117
124 152
125 6
125 13
125 21
125 23
125 27
125 37
125 66
125 71
125 74
125 85
125 112
125 147
125 150
125 152
125 156
126 37
126 45
126 46
126 59
126 61
126 65
126 78
126 79
126 81
126 121
126 125
126 158
127 1
127 4
127 9
127 14
127 18
127 25
127 38
127 41
127 58
127 83
127 109
127 121
127 137
127 139
127 141
128 0
128 4
128 11
128 18
128 24
128 36
128 43
128 62
128 83
128 86
128 103
128 117
128 119
128 120
128 122
128 126
128 142
128 146
128 152
129 3
129 9
129 10
129 16
129 21
129 35
129 45
129 48
129 69
129 71
129 73
129 79
129 82
129 87
129 104
129 111
129 120
129 136
129 141
129 158
130 4
130 11
130 18
130 43
130 59
130 61
130 76
130 81
130 86
130 94
130 95
130 98
130 103
130 104
131 0
131 1
131 13
131 18
131 36
131 37
131 39
131 59
131 60
131 79
131 91
131 94
131 96
131 107
131 112
131 122
131 123
131 129
131 136
131 137
131 141
131 148
131 152
132 4
132 8
132 21
132 48
132 55
132 62
132 69
132 76
132 80
132 99
132 103
132 110
132 127
132 138
132 148
132 150
132 154
133 4
133 6
133 9
133 14
133 17
133 34
133 35
133 36
133 47
133 70
133 82
133 93
133 97
133 117
133 136
133 139
133 142
133 155
134 5
134 8
134 14
134 26
134 33
134 34
134 44
134 66
134 73
134 78
134 91
134 122
134 136
134 140
134 158
135 2
135 5
135 24
135 27
135 50
135 55
135 62
135 68
135 92
135 97
135 98
135 101
135 113
135 116
135 126
135 140
135 143
135 148
135 157
136 7
136 8
136 40
136 49
136 58
136 63
136 73
136 77
136 84
136 94
136 99
136 101
136 120
136 127
136 138
137 10
137 14
137 18
137 40
137 83
137 87
137 112
137 114
137 118
137 133
137 135
137 148
138 5
138 6
138 11
138 25
138 29
138 41
138 44
138 51
138 76
138 78
138 101
138 108
138 115
138 124
138 128
138 133
138 149
139 1
139 2
139 3
139 13
139 36
139 38
139 43
139 45
139 60
139 62
139 63
139 73
139 74
139 76
139 79
139 86
139 90
139 117
139 128
139 137
139 147
140 21
140 29
140 34
140 55
140 60
140 64
140 78
140 83
140 99
140 102
140 107
140 112
140 114
140 121
140 138
140 149
141 3
141 14
141 20
141 27
141 29
141 95
141 98
141 108
141 151
141 157
142 2
142 10
142 18
142 62
142 78
142 82
142 101
142 136
142 146
142 155
143 6
143 16
143 19
143 50
143 56
143 60
143 61
143 65
143 71
143 88
143 91
143 111
143 118
143 126
143 130
143 133
143 136
143 145
144 16
144 19
144 32
144 49
144 53
144 64
144 69
144 79
144 83
144 88
144 98
144 100
144 105
144 112
144 125
144 137
144 138
144 140
145 4
145 5
145 16
145 23
145 46
145 63
145 66
145 72
145 75
145 96
145 99
145 105
145 111
145 129
146 2
146 30
146 32
146 33
146 34
146 60
146 86
146 95
146 105
146 117
146 118
146 119
146 126
146 129
146 130
146 134
146 154
146 158
146 159
147 4
147 12
147 26
147 27
147 40
147 41
147 42
147 48
147 52
147 55
147 62
147 103
147 105
147 122
147 137
147 142
147 145
147 156
148 11
148 12
148 14
148 56
148 76
148 103
148 105
148 112
148 116
148 127
148 128
148 134
148 151
149 9
149 12
149 24
149 35
149 70
149 71
149 75
149 87
149 95
149 106
149 111
149 115
149 136
149 155
150 10
150 12
150 15
150 27
150 54
150 58
150 68
150 72
150 75
150 78
150 90
150 116
150 120
150 135
150 136
150 149
150 152
150 157
151 13
151 21
151 29
151 35
151 36
151 37
151 53
151 62
151 75
151 93
151 106
151 111
151 114
151 115
151 126
151 130
151 138
151 144
151 146
151 147
151 158
152 0
152 10
152 26
152 29
152 45
152 55
152 63
152 83
152 87
152 111
152 141
152 144
152 146
152 149
152 153
152 157
153 11
153 13
153 26
153 28
153 58
153 82
153 86
153 92
153 121
153 122
153 127
153 136
153 139
154 1
154 35
154 63
154 68
154 89
154 91
154 92
154 95
154 99
154 110
154 115
154 121
154 127
154 128
154 129
154 130
154 155
155 20
155 36
155 48
155 51
155 53
155 54
155 55
155 56
155 71
155 85
155 92
155 97
155 102
155 107
155 108
155 120
155 124
155 139
155 158
156 3
156 11
156 36
156 39
156 62
156 63
156 97
156 104
156 113
156 126
156 127
156 141
156 144
156 149
156 158
157 11
157 12
157 17
157 32
157 35
157 53
157 57
157 64
157 110
157 111
157 131
158 3
158 8
158 31
158 48
158 53
158 54
158 72
158 74
158 85
158 86
158 92
158 96
158 100
158 109
158 149
158 152
159 7
159 12
159 14
159 19
159 20
159 21
159 37
159 59
159 74
159 76
159 78
159 89
159 102
159 110
159 112
159 118
159 120
159 124
159 140
0 1 2 3 4 5 6 7 8 9 10 11 12 13 14 15 16 17 18 19 20 21 22 23 24 25 26 27 28 29 30 31 32 33 34 35 36 37 38 39
