160 326 7
0 29
0 34
0 54
0 69
0 72
1 9
1 65
1 116
2 12
3 58
3 61
3 109
3 123
3 155
4 3
4 79
4 148
5 139
5 153
5 156
6 3
6 140
7 17
7 84
7 144
8 75
9 29
9 103
10 14
10 38
11 157
12 41
12 42
13 105
14 3
14 22
14 137
14 149
15 46
16 56
16 82
17 11
17 25
17 83
19 80
19 93
20 47
20 49
20 111
21 133
21 149
22 21
22 25
22 32
22 69
22 75
23 1
23 158
24 12
25 113
25 129
25 140
26 103
27 117
29 52
30 24
30 95
31 2
31 38
33 37
33 119
34 56
34 122
35 53
35 100
36 71
37 39
38 10
38 18
38 104
38 150
39 69
39 96
39 131
40 70
41 111
43 69
43 120
44 10
44 16
44 29
45 17
47 72
47 129
48 49
48 59
49 0
49 48
49 110
49 135
50 104
51 96
51 117
52 73
53 105
53 147
54 73
56 105
56 121
57 71
57 75
58 84
58 102
59 37
59 44
59 148
60 40
60 149
61 71
62 24
62 35
62 99
62 124
63 31
63 76
63 153
64 71
64 82
64 156
65 124
67 103
67 131
68 14
68 35
68 45
69 16
70 0
70 2
70 144
71 148
72 74
73 15
73 97
73 154
74 124
75 22
75 139
76 26
76 34
76 44
77 46
77 98
78 10
79 22
79 56
79 146
79 153
80 26
80 30
80 31
81 116
81 132
82 145
83 28
83 71
83 81
84 6
86 18
86 66
86 69
86 98
86 136
87 19
87 133
88 76
89 103
89 137
90 10
90 61
90 70
91 130
92 14
92 69
93 0
93 85
94 69
94 111
94 145
95 138
97 98
98 55
98 92
99 59
100 41
100 119
100 153
101 50
101 143
102 9
104 5
104 55
104 151
106 41
106 138
107 126
108 4
108 16
108 102
109 112
110 51
110 62
110 97
110 108
111 10
112 77
112 135
113 39
114 28
114 137
114 150
115 9
115 27
115 59
115 60
115 79
116 1
116 4
116 19
116 150
117 55
117 151
118 5
118 159
120 67
120 96
120 114
121 54
121 115
122 74
124 12
124 148
125 139
125 148
126 100
126 123
126 128
126 147
127 131
128 42
128 69
128 112
128 131
129 75
129 124
130 79
130 135
131 33
131 36
132 54
132 64
132 83
132 89
132 104
132 120
132 157
133 12
133 64
134 62
134 68
134 77
134 118
134 121
136 76
136 118
136 145
137 27
138 90
138 153
139 5
139 14
139 32
139 45
139 109
140 4
140 13
140 102
141 143
142 44
142 134
143 31
143 107
143 131
146 40
146 75
146 112
147 26
147 70
148 0
148 44
148 47
149 14
149 120
150 14
150 19
150 67
150 92
150 155
151 13
151 34
152 42
152 58
152 133
153 16
154 56
155 8
155 94
156 27
156 34
156 68
156 96
156 108
157 2
157 38
158 44
159 37
159 102
0 1 2 3 4 5 6
