160 812 40
0 2
0 8
0 32
0 34
0 53
0 78
0 92
0 103
0 123
1 113
1 122
1 124
1 142
1 155
2 29
2 66
2 157
3 8
3 14
3 39
3 43
3 45
3 63
3 132
3 157
4 8
4 15
4 69
4 91
4 93
5 1
5 17
5 55
5 86
5 94
5 99
5 116
5 142
6 38
6 52
7 9
7 40
7 87
7 97
7 116
7 130
7 132
7 145
8 17
8 63
8 131
9 28
9 37
9 43
9 73
9 108
10 9
10 121
10 153
10 157
11 9
11 128
11 133
12 3
12 28
12 110
12 138
13 27
13 32
13 54
13 79
13 121
13 129
13 155
14 7
14 11
14 13
14 30
14 56
15 18
15 97
15 110
15 139
15 156
16 13
16 43
16 51
16 59
16 89
16 94
16 109
16 147
16 152
16 156
16 157
17 81
17 86
17 99
17 128
17 134
17 135
17 157
18 39
18 57
18 65
18 93
18 105
18 114
18 123
18 158
19 17
19 110
19 114
19 146
20 0
20 4
20 14
20 41
21 20
21 51
21 90
21 107
21 108
21 118
22 37
22 77
22 144
23 100
23 134
23 154
24 44
24 50
24 104
24 106
24 119
24 128
24 153
25 41
25 62
25 77
25 138
26 37
26 93
26 114
26 121
26 157
27 12
27 29
27 84
27 114
27 151
28 76
28 118
28 135
28 136
29 51
29 151
29 157
30 58
30 74
30 81
30 82
30 107
30 112
30 118
31 11
31 25
31 80
31 85
31 115
31 127
31 135
31 149
31 153
31 159
32 2
32 4
32 16
32 18
32 34
32 83
32 103
32 125
32 139
33 5
33 45
33 50
33 71
33 126
33 131
33 146
33 157
34 42
34 106
35 72
35 84
36 15
36 17
36 61
36 111
36 124
36 129
37 52
37 69
37 82
37 117
37 149
38 13
38 47
38 67
38 100
39 0
39 4
39 5
39 17
39 47
39 67
39 111
39 116
39 150
40 94
41 6
41 78
41 115
41 120
41 128
41 150
41 159
42 20
42 23
42 72
42 126
43 23
43 31
43 60
43 65
43 75
43 80
45 21
45 51
45 77
45 86
45 107
46 25
46 38
46 79
46 116
47 11
47 17
47 21
47 41
47 42
47 61
47 75
47 89
47 100
47 157
47 159
48 25
48 72
49 4
49 28
49 86
49 117
50 48
50 67
50 126
51 14
51 118
51 152
52 4
52 7
52 80
52 101
53 39
53 51
53 66
53 87
53 97
53 144
54 12
54 53
54 59
54 72
54 80
54 93
54 135
54 144
54 157
55 20
55 93
55 100
55 123
56 7
56 9
56 17
56 82
56 99
56 119
56 127
57 50
57 89
57 91
57 96
57 109
57 152
58 13
58 23
58 63
58 109
58 151
59 0
59 55
59 62
59 69
59 77
59 94
59 139
60 2
60 22
60 58
60 70
60 75
60 94
60 96
60 108
60 110
60 124
60 138
60 140
61 2
61 10
61 20
61 53
61 125
62 18
62 104
62 113
62 126
63 9
63 19
63 35
63 56
64 1
64 34
64 37
64 129
65 23
65 45
65 79
65 81
65 84
65 128
65 137
66 16
66 33
66 37
66 55
66 67
66 93
66 109
66 124
66 147
67 17
67 24
67 53
67 54
67 78
67 85
67 91
67 100
67 106
68 69
68 90
68 134
69 108
70 8
70 46
70 61
70 151
71 6
71 29
71 51
71 148
72 62
72 78
72 131
73 5
73 78
73 108
73 118
73 135
75 4
75 13
75 90
75 91
75 131
75 146
76 0
76 11
76 111
76 117
76 120
77 49
77 57
77 78
78 10
78 22
78 45
78 76
78 140
79 98
80 48
80 49
80 76
80 139
80 140
81 37
81 130
81 137
81 157
82 1
82 45
82 47
82 53
82 60
82 89
82 116
82 124
83 9
83 46
83 47
83 80
83 114
83 131
84 29
84 60
85 5
85 18
85 88
85 92
85 96
85 97
85 108
85 122
85 130
85 132
85 152
85 155
86 55
86 92
86 104
86 110
87 21
87 33
87 88
87 115
87 124
87 128
88 9
88 21
88 50
88 118
89 36
89 58
89 130
90 0
90 20
90 38
90 53
90 76
90 95
90 97
90 110
90 144
91 15
91 17
91 26
91 127
91 152
92 24
92 58
92 69
92 105
92 119
93 5
93 27
93 99
93 133
93 139
94 46
94 72
94 105
94 149
94 152
95 4
95 19
95 26
95 35
95 41
95 75
95 83
95 124
96 39
96 97
96 137
96 151
97 5
97 8
97 47
97 48
97 65
98 32
98 92
98 145
99 22
99 40
99 66
99 73
99 77
99 94
101 33
101 147
102 18
102 20
102 36
102 57
102 64
102 66
102 88
102 89
102 105
103 45
103 52
103 71
103 147
104 49
104 52
104 92
104 101
105 25
105 44
105 115
106 2
106 16
106 84
106 131
106 153
107 10
107 27
107 72
107 77
107 82
107 99
107 134
107 140
108 49
108 76
108 91
108 113
108 148
109 5
109 27
109 56
109 90
109 94
109 98
109 148
110 34
110 56
110 61
110 85
110 123
110 129
111 1
111 6
111 34
111 66
112 82
113 49
113 60
113 118
113 159
114 5
114 30
114 111
115 15
115 22
115 42
115 43
115 112
115 113
116 49
116 52
116 81
116 85
116 105
116 158
117 130
117 146
118 19
118 37
118 139
118 152
119 2
119 10
119 47
120 39
120 40
120 88
120 125
120 154
121 15
121 45
121 85
121 157
122 73
122 96
122 144
123 83
124 28
124 29
124 38
124 151
125 12
125 46
125 87
126 3
126 15
126 81
126 88
126 124
126 127
127 13
127 41
127 73
127 76
127 83
127 112
128 4
128 15
128 20
128 52
128 63
128 116
128 127
129 0
129 7
129 15
129 27
129 29
129 31
129 61
129 84
129 150
130 5
130 29
130 39
130 99
130 135
131 12
131 14
131 24
131 27
131 37
131 122
132 58
132 69
132 109
132 137
133 0
133 10
133 44
133 78
133 111
133 153
134 26
134 71
134 132
135 14
135 91
135 122
135 124
135 159
136 15
136 70
136 115
136 126
137 15
137 28
137 59
137 62
137 93
137 123
138 15
138 53
138 116
138 122
138 130
139 81
140 23
140 34
140 38
140 40
140 48
140 93
140 127
141 38
141 52
141 59
141 64
141 83
142 9
142 28
142 36
142 62
142 117
143 26
143 37
143 56
143 95
143 103
143 108
143 125
143 147
144 41
144 85
144 91
144 100
144 114
144 136
145 3
145 82
145 100
145 126
146 62
146 129
147 17
147 48
147 109
147 114
148 36
148 37
148 90
148 123
148 144
149 14
149 52
149 67
149 97
149 102
150 5
150 25
150 26
150 37
150 40
150 107
150 117
150 145
151 31
151 37
151 53
151 87
151 117
151 120
152 2
152 92
152 137
152 149
153 25
153 32
153 42
153 44
153 78
153 107
153 128
153 130
153 131
153 141
153 143
154 60
154 61
154 148
155 17
155 21
155 26
155 27
155 30
155 113
155 125
155 158
156 17
156 42
156 73
156 83
156 95
157 69
157 92
157 144
158 5
158 36
158 46
158 51
158 82
158 108
158 121
158 132
159 3
159 15
159 34
159 59
159 106
0 1 2 3 4 5 6 7 8 9 10 11 12 13 14 15 16 17 18 19 20 21 22 23 24 25 26 27 28 29 30 31 32 33 34 35 36 37 38 39
