160 383 7
0 60
0 61
0 63
0 68
0 119
1 11
1 59
2 19
3 140
3 147
4 20
4 28
4 39
4 121
5 131
6 16
7 34
7 38
7 46
7 77
7 144
8 38
8 117
9 69
9 90
9 137
9 151
10 141
11 30
11 34
11 134
12 108
13 19
13 62
14 45
15 140
15 141
16 6
16 50
16 141
16 152
17 70
17 100
18 79
19 2
19 13
19 120
20 33
20 82
20 90
20 103
20 135
20 153
21 62
21 131
23 113
23 114
24 49
25 85
26 3
26 156
27 74
27 141
28 4
28 33
30 19
30 76
30 79
30 153
31 1
31 35
31 62
31 67
31 133
32 67
33 20
33 28
33 34
33 127
34 11
34 20
34 33
34 72
34 115
34 151
35 31
35 37
35 75
35 146
36 21
36 159
37 35
38 8
39 4
39 66
40 103
40 115
41 63
41 96
41 144
42 49
42 97
42 133
43 156
43 157
44 133
45 14
45 66
46 7
46 42
47 105
47 115
49 42
50 16
50 68
50 70
51 98
52 71
52 124
53 63
53 99
54 131
54 136
54 140
55 117
55 128
56 121
58 75
59 1
60 0
60 105
61 91
61 131
62 21
62 31
62 37
62 39
62 112
62 117
62 149
62 151
62 159
63 0
63 41
63 53
63 114
63 122
65 103
66 45
66 88
67 31
67 32
68 0
68 50
69 9
69 106
70 17
70 48
70 153
71 52
71 98
72 75
72 88
73 85
74 27
74 76
75 72
76 30
76 67
76 74
76 85
76 126
77 7
77 93
78 80
78 110
78 138
79 18
79 30
79 124
80 32
80 78
80 87
81 101
82 99
82 108
82 116
82 119
83 31
83 97
83 111
83 126
83 141
84 57
84 72
85 25
85 73
85 76
85 103
86 5
86 119
86 159
87 144
88 66
88 72
88 140
89 126
91 61
93 21
93 99
93 103
93 142
94 127
95 76
96 41
97 83
97 120
97 127
98 51
98 71
98 104
99 53
99 82
99 93
100 17
100 159
101 21
101 117
101 130
101 148
102 20
102 49
102 157
103 20
103 40
103 65
103 85
103 140
104 98
105 47
105 60
105 108
105 120
106 69
107 34
107 36
108 12
108 29
108 82
109 58
109 114
109 150
109 154
110 78
110 157
111 83
111 143
112 22
112 62
112 151
113 23
113 49
114 23
114 45
114 59
114 87
114 109
115 34
115 113
115 148
116 82
116 143
116 150
117 8
117 55
118 102
119 82
119 86
119 159
120 19
120 97
121 4
121 56
121 137
122 63
122 150
123 80
123 103
123 129
124 52
124 79
125 92
126 64
126 76
126 83
126 117
127 33
127 94
127 97
128 10
128 55
128 137
129 123
129 134
130 101
131 5
131 54
131 61
131 147
131 154
132 112
133 31
133 42
133 44
134 11
134 43
134 129
135 20
136 18
136 54
136 97
136 135
137 9
137 121
138 120
138 139
138 146
139 138
140 3
140 54
140 88
141 10
141 15
141 16
141 27
141 83
141 98
141 116
143 14
143 116
144 7
144 41
144 87
144 159
145 125
145 151
146 35
146 138
147 131
148 101
148 115
149 8
149 62
150 109
150 116
150 152
151 9
151 34
151 62
151 112
151 145
152 150
153 0
153 20
153 35
153 48
153 64
153 70
153 116
154 109
154 131
156 26
156 43
157 43
157 110
157 155
158 25
159 36
159 62
159 86
159 100
159 119
159 144
0 1 2 3 4 5 6
