160 2544 12
0 4
0 17
0 35
0 46
0 51
0 70
0 85
0 86
0 92
0 118
0 120
0 121
0 123
0 124
0 132
1 3
1 17
1 21
1 31
1 33
1 40
1 42
1 48
1 51
1 66
1 71
1 76
1 99
1 111
1 114
1 155
2 1
2 23
2 26
2 35
2 52
2 62
2 69
2 76
2 79
2 99
2 109
2 114
2 117
2 123
2 136
2 140
2 147
2 152
2 158
3 2
3 7
3 17
3 21
3 22
3 56
3 67
3 114
3 126
3 127
3 158
4 1
4 3
4 5
4 12
4 20
4 28
4 45
4 49
4 59
4 69
4 72
4 86
4 90
4 93
4 104
4 124
4 129
4 131
5 1
5 3
5 10
5 12
5 36
5 47
5 56
5 61
5 66
5 75
5 77
5 79
5 80
5 90
5 123
5 124
5 139
5 150
5 153
5 154
6 5
6 11
6 20
6 22
6 30
6 46
6 57
6 60
6 61
6 74
6 85
6 86
6 90
6 103
6 146
7 15
7 19
7 20
7 21
7 38
7 55
7 86
7 117
7 122
7 134
7 135
7 143
7 153
7 157
8 2
8 3
8 11
8 12
8 28
8 35
8 41
8 43
8 48
8 57
8 66
8 69
8 71
8 100
8 106
8 107
8 123
8 139
8 150
8 156
9 14
9 15
9 20
9 43
9 46
9 47
9 51
9 54
9 60
9 66
9 67
9 81
9 95
9 97
9 101
9 106
9 132
9 133
9 145
9 158
9 159
10 6
10 9
10 17
10 23
10 29
10 36
10 43
10 44
10 55
10 73
10 82
10 93
10 94
10 103
10 111
10 139
10 143
10 153
11 4
11 26
11 27
11 32
11 44
11 51
11 63
11 71
11 82
11 101
11 102
11 104
11 117
11 124
11 132
11 133
11 147
11 150
12 1
12 42
12 58
12 62
12 89
12 110
12 124
12 149
12 153
13 3
13 42
13 45
13 55
13 60
13 76
13 89
13 93
13 104
13 121
13 131
13 146
13 152
14 11
14 24
14 30
14 34
14 36
14 40
14 65
14 85
14 89
14 106
14 116
14 125
14 127
14 131
15 5
15 14
15 44
15 78
15 84
15 95
15 112
15 136
15 141
15 144
15 154
15 156
16 4
16 11
16 15
16 19
16 38
16 39
16 51
16 68
16 76
16 83
16 86
16 104
16 112
16 115
16 120
16 121
16 126
16 154
17 6
17 21
17 22
17 32
17 38
17 39
17 51
17 64
17 65
17 79
17 81
17 84
17 86
17 98
17 100
17 108
17 129
17 154
17 157
18 9
18 26
18 55
18 68
18 73
18 93
18 98
18 99
18 101
18 103
18 116
18 121
18 122
18 123
18 124
18 126
18 130
18 138
18 141
18 142
18 144
18 154
19 9
19 10
19 12
19 32
19 48
19 50
19 64
19 69
19 75
19 87
19 101
19 103
19 104
19 106
19 121
19 142
19 143
19 148
19 154
20 12
20 29
20 35
20 47
20 48
20 54
20 55
20 59
20 61
20 82
20 83
20 100
20 110
20 127
20 150
20 151
21 4
21 5
21 26
21 41
21 46
21 48
21 51
21 56
21 65
21 69
21 72
21 73
21 77
21 80
21 84
21 97
21 118
21 142
21 145
21 150
22 8
22 24
22 26
22 37
22 57
22 69
22 71
22 95
22 102
22 109
22 123
22 133
22 136
22 141
22 150
22 156
23 4
23 13
23 16
23 20
23 26
23 39
23 54
23 62
23 69
23 71
23 78
23 86
23 110
23 115
23 139
23 146
23 157
24 2
24 9
24 31
24 38
24 68
24 73
24 99
24 101
24 106
24 118
24 120
24 135
24 154
25 2
25 19
25 20
25 44
25 83
25 104
25 118
26 14
26 19
26 45
26 46
26 81
26 102
26 106
26 121
26 157
27 1
27 20
27 22
27 23
27 28
27 29
27 47
27 67
27 76
27 77
27 100
27 104
27 106
27 118
27 129
27 138
27 139
28 6
28 9
28 12
28 26
28 29
28 45
28 48
28 49
28 58
28 67
28 70
28 85
28 96
28 115
28 138
29 0
29 9
29 47
29 60
29 62
29 73
29 75
29 78
29 92
29 97
29 102
29 112
29 136
29 147
29 152
30 28
30 33
30 36
30 44
30 45
30 48
30 54
30 60
30 76
30 83
30 85
30 93
30 104
30 119
30 125
30 136
31 4
31 8
31 14
31 19
31 29
31 62
31 84
31 102
31 103
31 115
31 133
31 135
31 139
32 3
32 9
32 12
32 16
32 22
32 29
32 34
32 36
32 46
32 67
32 69
32 78
32 111
32 133
32 145
32 146
33 2
33 11
33 32
33 60
33 63
33 66
33 82
33 99
33 100
33 108
33 113
34 20
34 26
34 27
34 39
34 50
34 53
34 63
34 69
34 72
34 84
34 87
34 110
34 138
35 9
35 12
35 13
35 15
35 23
35 34
35 41
35 48
35 60
35 68
35 74
35 137
35 147
36 2
36 4
36 11
36 15
36 16
36 29
36 42
36 44
36 88
36 89
36 126
36 149
37 7
37 10
37 14
37 18
37 27
37 28
37 30
37 31
37 32
37 48
37 66
37 90
37 98
37 109
37 116
37 136
38 8
38 19
38 28
38 35
38 36
38 44
38 73
38 74
38 84
38 88
38 93
38 108
38 118
38 120
38 136
38 144
39 8
39 32
39 57
39 63
39 127
39 153
39 154
40 11
40 30
40 49
40 61
40 82
40 92
40 93
40 99
40 110
40 112
40 116
40 128
40 131
40 134
40 155
41 6
41 18
41 29
41 31
41 43
41 46
41 47
41 49
41 56
41 58
41 78
41 80
41 87
41 95
41 108
41 125
41 126
41 154
41 158
42 18
42 19
42 20
42 21
42 23
42 24
42 37
42 38
42 65
42 67
42 72
42 73
42 105
42 111
42 135
42 138
42 145
43 21
43 50
43 53
43 74
43 81
43 84
43 91
43 99
43 104
43 108
43 115
43 121
43 130
43 140
43 141
43 145
43 155
43 158
43 159
44 60
44 107
44 118
44 122
44 133
44 143
44 145
44 157
45 12
45 14
45 17
45 21
45 22
45 23
45 34
45 42
45 44
45 46
45 48
45 62
45 64
45 65
45 66
45 87
45 91
45 101
45 103
45 119
45 125
45 127
45 146
46 8
46 14
46 27
46 35
46 48
46 57
46 58
46 81
46 84
46 88
46 90
46 113
46 117
46 118
46 122
46 125
46 143
46 145
46 147
47 0
47 11
47 14
47 23
47 34
47 37
47 39
47 43
47 45
47 58
47 69
47 74
47 96
47 101
47 108
47 110
47 112
47 121
47 135
47 152
47 154
48 23
48 24
48 53
48 54
48 55
48 67
48 72
48 81
48 83
48 96
48 102
48 124
48 133
48 156
49 10
49 11
49 57
49 70
49 72
49 89
49 110
49 113
49 115
49 129
49 140
49 148
49 155
49 157
50 1
50 3
50 14
50 18
50 29
50 47
50 48
50 63
50 75
50 85
50 88
50 100
50 104
50 118
50 126
50 128
50 134
50 137
50 151
50 156
51 19
51 20
51 25
51 29
51 31
51 38
51 39
51 49
51 64
51 74
51 85
51 103
51 104
51 128
51 139
51 142
51 150
52 6
52 7
52 16
52 17
52 18
52 20
52 28
52 29
52 39
52 50
52 59
52 60
52 61
52 77
52 82
52 86
52 92
52 94
52 108
52 109
52 112
52 113
52 131
52 137
53 17
53 23
53 26
53 28
53 36
53 47
53 58
53 66
53 72
53 77
53 80
53 87
53 98
53 99
53 105
53 108
53 115
53 159
54 4
54 19
54 21
54 50
54 52
54 58
54 64
54 66
54 68
54 84
54 85
54 89
54 91
54 92
54 111
54 119
54 145
54 151
55 2
55 8
55 37
55 44
55 56
55 82
55 88
55 112
55 125
55 151
55 152
56 0
56 1
56 8
56 22
56 35
56 36
56 44
56 48
56 58
56 79
56 82
56 96
56 106
56 110
56 124
57 3
57 5
57 20
57 27
57 33
57 41
57 65
57 74
57 93
57 96
57 128
57 132
57 135
57 140
57 150
57 158
58 2
58 10
58 33
58 34
58 38
58 43
58 55
58 62
58 64
58 65
58 68
58 75
58 85
58 87
58 99
58 103
58 110
58 111
58 119
58 125
58 132
58 141
58 151
59 3
59 11
59 14
59 22
59 30
59 35
59 38
59 54
59 58
59 65
59 66
59 67
59 87
59 95
59 109
59 137
59 156
60 38
60 47
60 68
60 86
60 89
60 92
60 102
60 107
60 123
60 129
60 133
60 135
60 136
60 151
61 8
61 13
61 14
61 18
61 29
61 31
61 34
61 51
61 56
61 62
61 63
61 67
61 72
61 73
61 75
61 78
61 89
61 112
61 117
61 124
61 131
61 142
61 156
62 10
62 22
62 38
62 52
62 57
62 66
62 93
62 99
62 104
62 117
62 120
62 121
62 126
62 151
63 2
63 12
63 23
63 35
63 36
63 48
63 52
63 55
63 58
63 62
63 66
63 104
63 128
63 135
63 139
63 144
64 24
64 30
64 35
64 42
64 43
64 46
64 106
64 107
64 110
64 133
65 13
65 20
65 24
65 25
65 30
65 36
65 73
65 90
65 93
65 112
65 114
65 115
65 142
65 144
65 145
65 146
66 4
66 7
66 13
66 40
66 51
66 52
66 60
66 65
66 68
66 71
66 74
66 76
66 78
66 83
66 98
66 111
66 114
66 128
66 131
66 136
66 138
66 150
66 154
66 158
67 24
67 45
67 54
67 65
67 75
67 77
67 78
67 91
67 94
67 96
67 107
67 109
67 119
67 139
67 144
67 145
67 150
67 154
67 159
68 4
68 8
68 23
68 30
68 34
68 136
68 139
68 149
68 157
69 0
69 25
69 40
69 42
69 49
69 54
69 62
69 87
69 95
69 98
69 115
69 117
69 119
69 123
69 127
69 130
70 1
70 2
70 5
70 14
70 17
70 50
70 60
70 68
70 72
70 87
70 91
70 100
70 103
70 108
70 118
70 119
70 128
70 137
70 142
70 144
70 154
71 14
71 15
71 26
71 50
71 60
71 67
71 74
71 78
71 81
71 96
71 100
71 119
71 139
71 144
71 148
71 151
71 154
72 2
72 11
72 23
72 24
72 36
72 58
72 84
72 94
72 99
72 104
72 112
72 115
72 119
72 126
72 129
72 135
72 145
73 13
73 19
73 20
73 25
73 26
73 33
73 49
73 50
73 63
73 75
73 82
73 84
73 115
73 119
73 120
73 121
74 7
74 15
74 33
74 53
74 67
74 72
74 88
74 114
74 123
74 146
74 159
75 17
75 24
75 39
75 44
75 46
75 76
75 92
75 94
75 95
75 119
75 132
75 135
75 140
75 143
76 6
76 11
76 33
76 40
76 42
76 69
76 77
76 131
76 149
77 9
77 11
77 38
77 56
77 60
77 70
77 71
77 82
77 89
77 99
77 104
77 115
77 117
77 118
77 131
77 142
77 145
78 1
78 2
78 8
78 14
78 16
78 57
78 59
78 100
78 102
78 110
78 117
78 151
78 154
78 158
79 1
79 14
79 22
79 24
79 26
79 29
79 74
79 87
79 91
79 117
79 135
79 154
80 11
80 15
80 16
80 28
80 31
80 39
80 47
80 49
80 50
80 58
80 65
80 70
80 93
80 113
80 124
80 144
80 148
80 149
80 155
81 0
81 7
81 27
81 41
81 42
81 50
81 56
81 62
81 79
81 91
81 95
81 98
81 102
81 104
81 112
81 114
81 120
81 144
81 150
81 152
81 157
81 158
82 1
82 36
82 46
82 66
82 76
82 87
82 91
82 105
82 110
82 114
82 121
82 157
83 3
83 6
83 28
83 29
83 34
83 56
83 71
83 73
83 86
83 95
83 103
83 110
83 113
83 117
83 132
83 155
84 8
84 11
84 35
84 56
84 61
84 75
84 100
84 116
84 121
84 128
84 134
84 147
84 150
84 157
85 4
85 33
85 42
85 43
85 44
85 56
85 60
85 66
85 76
85 78
85 83
85 89
85 100
85 113
85 133
85 155
86 1
86 14
86 36
86 46
86 72
86 78
86 90
86 95
86 96
86 105
86 117
86 128
86 132
86 135
86 140
86 156
86 159
87 46
87 68
87 71
87 110
87 113
87 117
87 120
87 122
87 124
87 151
88 3
88 13
88 16
88 20
88 24
88 30
88 42
88 57
88 59
88 62
88 92
88 98
88 105
88 107
88 112
88 128
88 131
88 135
88 139
88 145
88 148
89 2
89 6
89 7
89 8
89 9
89 21
89 29
89 30
89 37
89 41
89 48
89 59
89 63
89 75
89 104
89 123
89 145
90 9
90 13
90 38
90 45
90 57
90 73
90 83
90 114
90 121
90 131
90 135
90 137
90 145
90 148
91 1
91 13
91 15
91 40
91 42
91 53
91 89
91 98
91 114
91 140
91 148
92 4
92 5
92 8
92 14
92 16
92 19
92 22
92 24
92 25
92 27
92 32
92 57
92 64
92 65
92 70
92 76
92 82
92 89
92 90
92 95
92 96
92 97
92 98
92 106
92 122
92 126
92 127
92 129
92 144
93 20
93 25
93 32
93 36
93 59
93 60
93 63
93 78
93 87
93 99
93 121
93 127
93 136
93 144
93 145
93 153
94 6
94 42
94 46
94 61
94 65
94 77
94 85
94 123
94 124
94 134
94 135
94 138
94 143
94 153
94 159
95 0
95 13
95 24
95 57
95 62
95 77
95 89
95 90
95 113
95 117
95 132
95 134
95 141
95 152
96 2
96 11
96 18
96 25
96 30
96 61
96 66
96 74
96 91
96 99
96 109
96 122
96 137
96 143
96 145
96 154
97 4
97 17
97 30
97 36
97 60
97 67
97 78
97 88
97 89
97 100
97 113
97 125
97 126
97 129
97 133
97 147
97 153
98 7
98 11
98 19
98 20
98 34
98 48
98 78
98 86
98 96
98 115
98 137
98 147
98 158
99 5
99 29
99 45
99 49
99 50
99 76
99 79
99 82
99 104
99 111
99 113
99 123
99 126
99 128
99 137
99 149
99 156
100 2
100 5
100 43
100 49
100 57
100 82
100 91
100 93
100 95
100 96
100 101
100 119
100 126
100 139
100 150
100 155
101 5
101 26
101 37
101 46
101 61
101 64
101 69
101 76
101 77
101 86
101 104
101 119
101 126
102 19
102 23
102 38
102 57
102 72
102 83
102 85
102 91
102 92
102 99
102 104
102 115
102 118
102 132
102 139
103 5
103 11
103 24
103 25
103 37
103 44
103 55
103 59
103 62
103 72
103 75
103 77
103 89
103 91
103 97
103 113
103 117
103 118
103 130
103 134
104 0
104 3
104 32
104 33
104 38
104 39
104 49
104 55
104 57
104 59
104 70
104 75
104 76
104 114
104 118
104 119
104 129
104 130
104 131
104 150
105 0
105 3
105 5
105 19
105 20
105 36
105 48
105 62
105 64
105 66
105 67
105 74
105 81
105 95
105 102
105 120
105 121
105 127
105 130
105 140
105 145
106 18
106 22
106 36
106 39
106 73
106 77
106 83
106 101
106 112
106 122
106 127
106 135
106 153
107 1
107 10
107 14
107 29
107 33
107 41
107 55
107 58
107 63
107 78
107 84
107 85
107 91
107 93
107 100
107 101
107 104
107 130
107 134
107 141
107 146
108 0
108 4
108 11
108 12
108 13
108 15
108 58
108 64
108 69
108 72
108 77
108 84
108 92
108 100
108 105
108 119
108 125
108 147
109 20
109 21
109 26
109 31
109 34
109 35
109 46
109 51
109 64
109 78
109 79
109 88
109 103
109 119
109 124
109 131
109 139
109 144
109 156
110 2
110 4
110 6
110 30
110 31
110 53
110 81
110 84
110 85
110 94
110 104
110 139
111 6
111 7
111 11
111 20
111 22
111 26
111 52
111 79
111 96
111 115
111 135
111 145
112 0
112 3
112 6
112 8
112 18
112 30
112 45
112 73
112 93
112 114
112 119
112 123
112 125
112 139
112 154
112 158
113 2
113 24
113 25
113 41
113 50
113 60
113 62
113 63
113 64
113 68
113 75
113 79
113 93
113 98
113 109
113 114
113 122
113 129
113 138
113 139
113 153
113 159
114 8
114 10
114 14
114 37
114 58
114 72
114 76
114 77
114 85
114 98
114 102
114 119
114 129
114 131
114 135
114 152
114 155
115 0
115 7
115 11
115 35
115 38
115 42
115 63
115 71
115 85
115 86
115 90
115 99
115 112
115 118
115 120
115 143
115 156
116 13
116 24
116 25
116 28
116 31
116 34
116 46
116 49
116 72
116 78
116 81
116 90
116 99
116 100
116 133
117 18
117 21
117 28
117 29
117 35
117 41
117 51
117 63
117 66
117 82
117 88
117 125
117 144
117 151
117 152
118 11
118 16
118 20
118 29
118 43
118 55
118 59
118 69
118 75
118 86
118 99
118 107
118 117
118 121
118 125
118 126
118 149
118 150
118 158
119 8
119 20
119 22
119 26
119 37
119 44
119 49
119 55
119 83
119 92
119 98
119 105
119 135
119 141
119 146
120 15
120 53
120 54
120 60
120 89
120 102
120 134
120 144
120 159
121 3
121 21
121 37
121 38
121 41
121 45
121 51
121 57
121 81
121 98
121 111
121 119
121 130
121 149
122 4
122 23
122 37
122 39
122 43
122 50
122 57
122 65
122 124
122 133
122 134
122 140
122 143
122 150
122 157
123 6
123 17
123 38
123 48
123 49
123 51
123 52
123 55
123 61
123 70
123 72
123 78
123 79
123 93
123 115
123 142
123 143
124 28
124 45
124 47
124 49
124 60
124 62
124 65
124 78
124 92
124 108
124 114
124 115
124 116
124 120
124 123
124 125
124 127
124 146
125 13
125 16
125 20
125 32
125 57
125 65
125 74
125 82
125 83
125 89
125 94
125 128
125 141
125 146
126 14
126 25
126 31
126 37
126 67
126 77
126 81
126 86
126 88
126 110
126 117
126 121
126 123
126 125
126 138
126 148
126 157
127 4
127 10
127 11
127 17
127 19
127 51
127 53
127 55
127 61
127 63
127 72
127 81
127 82
127 113
127 119
127 121
127 139
127 142
128 4
128 6
128 10
128 13
128 17
128 21
128 22
128 53
128 58
128 81
128 95
128 100
128 110
128 114
128 115
128 126
128 132
129 7
129 35
129 46
129 64
129 74
129 76
129 88
129 96
129 100
129 105
129 118
129 134
129 136
129 145
129 146
129 147
130 2
130 3
130 8
130 34
130 40
130 42
130 46
130 70
130 72
130 74
130 80
130 83
130 86
130 87
130 94
130 110
130 114
130 120
130 123
130 126
130 138
130 140
130 143
130 152
130 154
131 9
131 16
131 30
131 31
131 53
131 54
131 59
131 73
131 89
131 94
131 118
131 126
131 129
131 135
131 138
131 152
131 155
132 10
132 23
132 38
132 53
132 61
132 90
132 91
132 111
132 131
132 133
132 148
133 1
133 4
133 5
133 6
133 19
133 72
133 84
133 92
133 96
133 100
133 109
133 114
133 152
134 4
134 6
134 27
134 32
134 44
134 46
134 49
134 54
134 56
134 59
134 68
134 96
134 124
134 147
135 34
135 54
135 67
135 70
135 71
135 74
135 80
135 87
135 99
135 102
135 108
135 110
135 123
135 127
135 132
135 133
135 142
135 144
135 145
136 0
136 19
136 33
136 63
136 74
136 90
136 91
136 101
136 104
136 107
136 109
136 118
136 119
137 8
137 10
137 19
137 38
137 61
137 65
137 69
137 79
137 86
137 105
137 122
137 124
137 126
137 127
138 13
138 26
138 32
138 37
138 44
138 55
138 61
138 91
138 92
138 93
138 97
138 98
138 109
138 111
138 114
138 120
138 121
138 128
138 139
138 151
138 156
139 13
139 21
139 25
139 29
139 45
139 48
139 49
139 62
139 80
139 85
139 87
139 93
139 96
139 120
139 124
139 156
140 17
140 18
140 23
140 40
140 60
140 70
140 71
140 81
140 100
140 111
140 124
140 143
140 158
141 3
141 4
141 9
141 11
141 29
141 32
141 37
141 54
141 67
141 68
141 83
141 86
141 145
141 148
141 153
142 1
142 12
142 17
142 32
142 44
142 45
142 47
142 54
142 66
142 95
142 102
142 124
142 137
143 3
143 4
143 22
143 25
143 37
143 41
143 42
143 50
143 56
143 64
143 73
143 83
143 88
143 121
143 124
143 128
143 131
143 135
143 138
143 153
144 6
144 14
144 16
144 26
144 42
144 51
144 60
144 98
144 132
144 142
144 146
144 149
144 159
145 11
145 26
145 39
145 48
145 68
145 73
145 74
145 86
145 87
145 92
145 107
145 108
145 114
145 116
145 117
145 121
145 140
145 149
146 7
146 26
146 27
146 49
146 50
146 73
146 79
146 104
146 110
146 117
146 139
146 143
147 8
147 17
147 22
147 45
147 50
147 72
147 78
147 81
147 85
147 86
147 96
147 135
147 138
147 139
147 141
147 154
148 0
148 6
148 10
148 38
148 47
148 57
148 63
148 84
148 94
148 106
148 110
149 3
149 7
149 8
149 24
149 55
149 65
149 69
149 72
149 73
149 81
149 83
149 88
149 92
149 98
149 109
149 114
149 153
150 6
150 19
150 23
150 26
150 29
150 31
150 41
150 48
150 49
150 58
150 65
150 77
150 78
150 94
150 117
150 120
150 125
150 127
150 142
150 145
150 149
150 152
151 4
151 12
151 14
151 25
151 41
151 56
151 69
151 70
151 80
151 91
151 103
151 116
151 125
151 127
151 136
151 139
151 140
151 142
152 4
152 18
152 39
152 58
152 61
152 64
152 73
152 74
152 78
152 90
152 101
152 121
152 122
152 129
152 138
153 13
153 14
153 22
153 29
153 31
153 37
153 40
153 52
153 61
153 71
153 126
153 128
153 135
153 137
153 148
153 155
153 159
154 14
154 23
154 26
154 28
154 37
154 43
154 86
154 103
154 108
154 158
155 21
155 23
155 50
155 66
155 76
155 87
155 102
155 103
155 109
155 110
155 118
155 142
155 156
155 159
156 5
156 14
156 16
156 28
156 37
156 57
156 58
156 60
156 71
156 78
156 105
156 127
157 33
157 39
157 47
157 76
157 79
157 91
157 95
157 109
157 112
157 115
157 121
157 135
157 136
157 139
157 142
157 144
157 158
158 5
158 54
158 61
158 95
158 101
158 105
158 130
158 135
159 4
159 30
159 38
159 47
159 58
159 62
159 64
159 68
159 72
159 79
159 90
159 101
159 109
159 119
159 124
159 145
159 154
0 1 2 3 4 5 6 7 8 9 10 11
