160 12720 12
0 1
0 2
0 4
0 5
0 7
0 10
0 12
0 13
0 14
0 21
0 22
0 23
0 24
0 25
0 26
0 30
0 34
0 35
0 37
0 38
0 39
0 40
0 41
0 43
0 45
0 47
0 48
0 54
0 56
0 57
0 60
0 63
0 66
0 68
0 70
0 73
0 75
0 78
0 80
0 83
0 85
0 88
0 89
0 90
0 92
0 93
0 94
0 95
0 96
0 99
0 102
0 103
0 104
0 107
0 110
0 116
0 118
0 119
0 124
0 125
0 127
0 129
0 132
0 135
0 136
0 138
0 141
0 142
0 144
0 145
0 147
0 149
0 153
0 156
0 157
1 8
1 9
1 12
1 13
1 14
1 16
1 17
1 19
1 20
1 21
1 22
1 23
1 30
1 31
1 33
1 34
1 35
1 36
1 40
1 42
1 43
1 45
1 47
1 49
1 50
1 51
1 52
1 55
1 56
1 58
1 60
1 69
1 72
1 73
1 74
1 75
1 77
1 79
1 83
1 88
1 89
1 91
1 92
1 93
1 96
1 97
1 98
1 99
1 101
1 103
1 106
1 107
1 109
1 112
1 114
1 116
1 117
1 122
1 123
1 124
1 128
1 131
1 134
1 135
1 137
1 138
1 141
1 147
1 148
1 149
1 150
1 151
1 152
1 153
1 154
1 156
1 159
2 1
2 3
2 4
2 5
2 7
2 8
2 10
2 11
2 12
2 13
2 15
2 16
2 17
2 19
2 20
2 22
2 25
2 26
2 27
2 28
2 29
2 31
2 37
2 38
2 40
2 43
2 44
2 45
2 49
2 52
2 54
2 55
2 60
2 64
2 65
2 67
2 71
2 73
2 75
2 76
2 79
2 80
2 86
2 88
2 89
2 91
2 93
2 94
2 96
2 98
2 101
2 102
2 103
2 104
2 109
2 111
2 114
2 116
2 119
2 122
2 125
2 126
2 129
2 131
2 133
2 134
2 136
2 143
2 148
2 150
2 152
2 155
2 156
2 158
2 159
3 0
3 1
3 12
3 15
3 17
3 19
3 21
3 23
3 24
3 25
3 26
3 27
3 28
3 32
3 33
3 34
3 36
3 37
3 40
3 41
3 44
3 45
3 46
3 48
3 49
3 51
3 54
3 56
3 57
3 58
3 59
3 60
3 62
3 65
3 66
3 69
3 70
3 71
3 72
3 74
3 75
3 76
3 80
3 84
3 85
3 86
3 92
3 94
3 95
3 96
3 98
3 99
3 100
3 101
3 104
3 106
3 107
3 108
3 109
3 110
3 111
3 112
3 114
3 115
3 116
3 118
3 122
3 125
3 126
3 129
3 130
3 132
3 133
3 136
3 138
3 139
3 141
3 142
3 147
3 148
3 149
3 151
3 155
3 157
3 159
4 1
4 3
4 5
4 8
4 9
4 11
4 12
4 15
4 16
4 20
4 23
4 28
4 29
4 30
4 31
4 32
4 36
4 37
4 38
4 40
4 41
4 42
4 43
4 44
4 45
4 46
4 47
4 49
4 52
4 56
4 57
4 58
4 60
4 61
4 64
4 67
4 70
4 71
4 74
4 75
4 77
4 80
4 82
4 83
4 84
4 87
4 89
4 90
4 93
4 99
4 100
4 103
4 104
4 106
4 107
4 109
4 110
4 113
4 115
4 119
4 120
4 121
4 127
4 129
4 135
4 136
4 138
4 141
4 142
4 143
4 145
4 146
4 151
4 156
4 159
5 1
5 3
5 12
5 13
5 18
5 20
5 21
5 25
5 32
5 33
5 34
5 38
5 40
5 41
5 42
5 45
5 46
5 47
5 48
5 49
5 51
5 52
5 54
5 58
5 59
5 60
5 63
5 64
5 65
5 68
5 69
5 70
5 74
5 81
5 85
5 87
5 88
5 89
5 90
5 94
5 95
5 97
5 99
5 102
5 105
5 107
5 109
5 110
5 113
5 114
5 115
5 116
5 118
5 122
5 123
5 124
5 127
5 130
5 133
5 134
5 136
5 142
5 144
5 145
5 146
5 149
5 153
5 154
5 155
5 159
6 0
6 1
6 2
6 3
6 4
6 5
6 7
6 10
6 11
6 12
6 13
6 17
6 19
6 24
6 25
6 28
6 29
6 30
6 34
6 36
6 37
6 40
6 41
6 45
6 48
6 49
6 52
6 54
6 55
6 57
6 58
6 61
6 65
6 67
6 69
6 72
6 75
6 76
6 82
6 83
6 85
6 86
6 94
6 95
6 100
6 101
6 104
6 106
6 108
6 109
6 112
6 114
6 119
6 127
6 133
6 134
6 136
6 137
6 139
6 142
6 144
6 145
6 149
6 151
6 157
6 158
7 1
7 3
7 4
7 5
7 12
7 15
7 16
7 18
7 19
7 23
7 25
7 26
7 27
7 28
7 29
7 30
7 31
7 33
7 34
7 37
7 38
7 39
7 40
7 41
7 42
7 44
7 45
7 46
7 48
7 50
7 52
7 56
7 57
7 61
7 62
7 65
7 66
7 68
7 69
7 76
7 77
7 80
7 81
7 84
7 86
7 87
7 90
7 91
7 92
7 94
7 95
7 97
7 98
7 99
7 101
7 103
7 104
7 105
7 106
7 108
7 109
7 110
7 114
7 118
7 119
7 121
7 122
7 126
7 127
7 128
7 129
7 131
7 132
7 133
7 134
7 135
7 137
7 139
7 141
7 142
7 144
7 147
7 148
7 151
7 153
7 154
7 155
7 158
8 0
8 3
8 5
8 6
8 7
8 9
8 12
8 13
8 17
8 19
8 20
8 21
8 22
8 26
8 27
8 28
8 31
8 33
8 34
8 36
8 37
8 38
8 39
8 40
8 41
8 43
8 46
8 47
8 51
8 52
8 53
8 56
8 57
8 58
8 59
8 61
8 63
8 66
8 67
8 71
8 73
8 75
8 76
8 79
8 83
8 84
8 85
8 90
8 93
8 95
8 97
8 98
8 101
8 105
8 108
8 109
8 111
8 112
8 114
8 116
8 117
8 118
8 119
8 123
8 125
8 127
8 129
8 130
8 131
8 132
8 138
8 139
8 140
8 142
8 144
8 145
8 146
8 150
8 151
8 152
8 153
8 154
8 155
8 156
8 158
8 159
9 0
9 2
9 3
9 5
9 6
9 7
9 11
9 12
9 14
9 15
9 16
9 18
9 19
9 20
9 22
9 23
9 24
9 25
9 27
9 33
9 34
9 36
9 37
9 39
9 41
9 42
9 43
9 44
9 45
9 46
9 47
9 54
9 55
9 57
9 60
9 61
9 65
9 69
9 73
9 74
9 75
9 78
9 80
9 84
9 85
9 86
9 87
9 92
9 93
9 98
9 100
9 107
9 108
9 109
9 110
9 112
9 114
9 116
9 118
9 119
9 120
9 122
9 124
9 125
9 126
9 127
9 130
9 131
9 133
9 134
9 136
9 137
9 139
9 143
9 144
9 145
9 147
9 151
9 154
9 158
9 159
10 1
10 3
10 4
10 5
10 7
10 8
10 9
10 12
10 17
10 18
10 19
10 22
10 23
10 26
10 28
10 29
10 30
10 31
10 34
10 36
10 37
10 38
10 39
10 40
10 41
10 42
10 44
10 48
10 49
10 51
10 53
10 57
10 60
10 63
10 67
10 69
10 71
10 74
10 75
10 76
10 78
10 80
10 82
10 86
10 92
10 93
10 95
10 96
10 101
10 102
10 105
10 108
10 114
10 116
10 118
10 120
10 121
10 122
10 127
10 128
10 129
10 130
10 133
10 134
10 135
10 136
10 137
10 139
10 142
10 144
10 145
10 147
10 148
10 149
10 150
10 152
10 153
10 155
10 158
10 159
11 0
11 1
11 3
11 5
11 7
11 8
11 10
11 12
11 13
11 14
11 15
11 18
11 19
11 20
11 23
11 25
11 26
11 27
11 28
11 29
11 34
11 35
11 38
11 39
11 42
11 43
11 44
11 47
11 48
11 50
11 51
11 52
11 53
11 57
11 60
11 61
11 63
11 64
11 66
11 67
11 68
11 70
11 73
11 75
11 76
11 78
11 79
11 81
11 82
11 85
11 86
11 88
11 90
11 92
11 93
11 94
11 96
11 99
11 101
11 102
11 105
11 107
11 109
11 111
11 113
11 115
11 118
11 119
11 123
11 124
11 126
11 130
11 131
11 132
11 133
11 141
11 144
11 145
11 152
11 154
11 155
11 158
11 159
12 13
12 18
12 19
12 20
12 21
12 22
12 23
12 32
12 33
12 36
12 37
12 40
12 43
12 47
12 48
12 49
12 51
12 52
12 53
12 60
12 61
12 64
12 66
12 71
12 73
12 75
12 77
12 78
12 83
12 85
12 88
12 91
12 92
12 93
12 97
12 98
12 99
12 101
12 102
12 103
12 104
12 105
12 106
12 109
12 110
12 112
12 118
12 121
12 122
12 123
12 124
12 125
12 126
12 130
12 131
12 132
12 134
12 137
12 139
12 141
12 143
12 145
12 146
12 147
12 151
12 155
12 156
13 3
13 4
13 7
13 9
13 10
13 14
13 15
13 16
13 18
13 19
13 21
13 22
13 23
13 25
13 29
13 32
13 35
13 36
13 37
13 38
13 41
13 43
13 46
13 48
13 49
13 51
13 56
13 57
13 59
13 60
13 61
13 62
13 63
13 64
13 69
13 71
13 73
13 74
13 75
13 77
13 80
13 82
13 83
13 84
13 86
13 87
13 94
13 96
13 99
13 102
13 105
13 106
13 108
13 110
13 111
13 112
13 116
13 121
13 125
13 126
13 129
13 130
13 131
13 132
13 134
13 137
13 139
13 140
13 141
13 144
13 147
13 152
13 154
13 155
13 158
13 159
14 2
14 3
14 4
14 5
14 6
14 7
14 8
14 10
14 12
14 15
14 17
14 18
14 22
14 23
14 24
14 25
14 28
14 29
14 32
14 33
14 35
14 36
14 37
14 39
14 43
14 45
14 47
14 51
14 53
14 54
14 56
14 57
14 59
14 60
14 61
14 62
14 63
14 65
14 66
14 69
14 72
14 75
14 77
14 79
14 80
14 81
14 85
14 86
14 87
14 89
14 90
14 91
14 92
14 96
14 97
14 101
14 103
14 104
14 105
14 108
14 109
14 114
14 117
14 118
14 120
14 122
14 126
14 127
14 128
14 129
14 130
14 136
14 137
14 138
14 139
14 140
14 141
14 144
14 147
14 148
14 149
14 151
14 153
14 154
14 157
14 158
14 159
15 0
15 1
15 5
15 6
15 8
15 10
15 12
15 16
15 18
15 20
15 21
15 23
15 25
15 26
15 28
15 31
15 34
15 35
15 36
15 40
15 41
15 44
15 51
15 55
15 58
15 61
15 62
15 64
15 65
15 66
15 67
15 68
15 70
15 71
15 72
15 74
15 75
15 76
15 77
15 78
15 79
15 82
15 84
15 86
15 90
15 91
15 92
15 93
15 97
15 98
15 101
15 105
15 107
15 111
15 112
15 113
15 114
15 115
15 119
15 120
15 122
15 125
15 127
15 128
15 132
15 135
15 137
15 140
15 144
15 147
15 148
15 149
15 151
15 152
15 153
15 155
16 0
16 3
16 5
16 6
16 8
16 10
16 11
16 12
16 14
16 17
16 18
16 19
16 20
16 27
16 30
16 31
16 32
16 39
16 40
16 42
16 45
16 46
16 50
16 55
16 56
16 57
16 58
16 59
16 61
16 62
16 63
16 64
16 65
16 68
16 69
16 71
16 72
16 73
16 76
16 78
16 79
16 80
16 82
16 83
16 92
16 95
16 97
16 101
16 103
16 106
16 107
16 109
16 110
16 117
16 118
16 119
16 121
16 122
16 125
16 128
16 129
16 130
16 131
16 132
16 134
16 135
16 136
16 141
16 142
16 146
16 148
16 149
16 150
16 151
16 152
16 153
16 154
16 156
16 157
16 158
16 159
17 0
17 4
17 5
17 7
17 9
17 11
17 12
17 13
17 15
17 18
17 19
17 21
17 22
17 25
17 29
17 31
17 33
17 38
17 39
17 40
17 42
17 44
17 46
17 49
17 51
17 55
17 56
17 59
17 61
17 62
17 65
17 70
17 71
17 72
17 73
17 74
17 75
17 78
17 81
17 82
17 84
17 86
17 88
17 90
17 91
17 92
17 94
17 96
17 97
17 99
17 100
17 101
17 103
17 107
17 109
17 112
17 113
17 114
17 115
17 116
17 118
17 121
17 122
17 124
17 126
17 127
17 128
17 129
17 130
17 134
17 135
17 136
17 138
17 142
17 143
17 147
17 148
17 149
17 151
17 153
17 155
17 159
18 0
18 1
18 2
18 3
18 4
18 6
18 8
18 22
18 23
18 24
18 25
18 29
18 30
18 34
18 36
18 38
18 39
18 40
18 41
18 42
18 43
18 45
18 49
18 50
18 57
18 61
18 65
18 67
18 69
18 70
18 72
18 74
18 76
18 79
18 80
18 82
18 85
18 87
18 88
18 89
18 90
18 91
18 93
18 95
18 96
18 97
18 99
18 103
18 104
18 106
18 107
18 110
18 111
18 113
18 115
18 118
18 119
18 121
18 122
18 124
18 127
18 130
18 131
18 132
18 133
18 136
18 137
18 140
18 141
18 142
18 144
18 145
18 148
18 151
18 152
18 154
18 159
19 0
19 4
19 5
19 14
19 15
19 18
19 20
19 22
19 24
19 26
19 27
19 28
19 32
19 35
19 37
19 40
19 43
19 46
19 47
19 51
19 53
19 55
19 56
19 57
19 58
19 59
19 61
19 62
19 63
19 64
19 65
19 73
19 74
19 75
19 80
19 81
19 82
19 85
19 89
19 91
19 93
19 94
19 96
19 99
19 100
19 101
19 103
19 104
19 105
19 107
19 108
19 109
19 112
19 114
19 119
19 120
19 121
19 124
19 125
19 126
19 127
19 130
19 131
19 132
19 134
19 135
19 138
19 139
19 140
19 141
19 144
19 148
19 151
19 152
19 153
19 155
19 157
19 158
19 159
20 0
20 3
20 6
20 7
20 10
20 13
20 14
20 17
20 18
20 21
20 24
20 25
20 27
20 28
20 29
20 30
20 32
20 35
20 38
20 41
20 42
20 43
20 44
20 45
20 50
20 52
20 53
20 59
20 60
20 62
20 64
20 66
20 67
20 71
20 74
20 78
20 79
20 81
20 83
20 84
20 85
20 86
20 87
20 89
20 92
20 93
20 94
20 95
20 96
20 97
20 101
20 103
20 106
20 107
20 110
20 113
20 115
20 117
20 119
20 120
20 124
20 126
20 127
20 128
20 130
20 132
20 133
20 135
20 136
20 138
20 142
20 144
20 145
20 146
20 147
20 148
20 149
20 150
20 151
20 152
20 154
20 155
20 156
21 2
21 4
21 6
21 7
21 9
21 10
21 11
21 14
21 16
21 18
21 19
21 23
21 27
21 28
21 29
21 32
21 33
21 36
21 38
21 42
21 43
21 44
21 48
21 53
21 55
21 57
21 59
21 60
21 61
21 65
21 66
21 69
21 73
21 74
21 76
21 81
21 82
21 83
21 84
21 85
21 87
21 88
21 90
21 94
21 98
21 99
21 100
21 101
21 105
21 106
21 110
21 112
21 119
21 122
21 123
21 124
21 128
21 132
21 138
21 139
21 140
21 141
21 148
21 149
21 151
21 152
21 153
21 154
21 157
21 158
22 3
22 4
22 5
22 6
22 7
22 11
22 15
22 16
22 20
22 21
22 24
22 25
22 26
22 30
22 31
22 32
22 34
22 36
22 38
22 39
22 44
22 45
22 49
22 50
22 53
22 55
22 57
22 58
22 63
22 67
22 69
22 71
22 77
22 79
22 81
22 83
22 84
22 85
22 87
22 96
22 97
22 98
22 99
22 101
22 103
22 106
22 107
22 108
22 110
22 111
22 112
22 113
22 114
22 118
22 120
22 122
22 123
22 124
22 127
22 130
22 131
22 132
22 134
22 137
22 138
22 139
22 140
22 143
22 145
22 149
22 150
22 154
22 155
22 156
22 157
22 158
22 159
23 2
23 5
23 6
23 8
23 16
23 17
23 19
23 20
23 22
23 24
23 25
23 29
23 34
23 36
23 37
23 39
23 40
23 41
23 43
23 44
23 45
23 46
23 47
23 49
23 52
23 54
23 57
23 59
23 60
23 63
23 64
23 68
23 69
23 70
23 71
23 73
23 75
23 76
23 78
23 80
23 85
23 87
23 89
23 91
23 95
23 96
23 97
23 100
23 102
23 104
23 106
23 107
23 108
23 110
23 111
23 116
23 119
23 121
23 123
23 125
23 128
23 129
23 132
23 135
23 136
23 139
23 141
23 143
23 144
23 145
23 148
23 152
23 155
23 158
23 159
24 1
24 2
24 4
24 5
24 7
24 8
24 10
24 11
24 12
24 13
24 15
24 16
24 17
24 21
24 30
24 31
24 34
24 35
24 36
24 39
24 41
24 42
24 43
24 44
24 45
24 46
24 47
24 48
24 49
24 50
24 51
24 52
24 53
24 55
24 58
24 59
24 60
24 61
24 62
24 65
24 66
24 67
24 68
24 70
24 71
24 72
24 73
24 74
24 75
24 77
24 79
24 81
24 82
24 83
24 85
24 86
24 88
24 89
24 92
24 94
24 98
24 100
24 102
24 104
24 105
24 106
24 108
24 109
24 110
24 111
24 113
24 116
24 119
24 120
24 123
24 132
24 134
24 135
24 136
24 139
24 140
24 141
24 142
24 145
24 146
24 147
24 152
24 153
24 154
24 156
24 157
24 159
25 1
25 4
25 8
25 10
25 12
25 16
25 19
25 21
25 24
25 28
25 32
25 33
25 37
25 39
25 40
25 41
25 44
25 45
25 46
25 50
25 52
25 57
25 59
25 60
25 63
25 64
25 66
25 67
25 68
25 70
25 71
25 74
25 79
25 83
25 85
25 86
25 88
25 89
25 91
25 94
25 95
25 96
25 99
25 100
25 102
25 104
25 105
25 106
25 110
25 111
25 112
25 113
25 114
25 115
25 116
25 118
25 121
25 122
25 123
25 124
25 129
25 131
25 133
25 135
25 139
25 140
25 142
25 147
25 150
25 152
25 153
25 156
25 158
25 159
26 1
26 4
26 5
26 6
26 9
26 12
26 13
26 14
26 16
26 17
26 18
26 20
26 21
26 23
26 24
26 25
26 27
26 30
26 32
26 33
26 36
26 38
26 40
26 45
26 46
26 49
26 53
26 55
26 64
26 66
26 68
26 70
26 73
26 74
26 75
26 76
26 80
26 81
26 83
26 85
26 86
26 87
26 91
26 92
26 94
26 95
26 97
26 98
26 100
26 101
26 102
26 103
26 105
26 106
26 107
26 108
26 109
26 111
26 112
26 121
26 122
26 124
26 125
26 128
26 130
26 131
26 132
26 135
26 139
26 140
26 145
26 146
26 147
26 149
26 152
26 153
26 154
26 155
26 156
26 157
26 158
26 159
27 0
27 1
27 4
27 5
27 6
27 10
27 12
27 13
27 14
27 15
27 17
27 18
27 22
27 23
27 24
27 25
27 28
27 31
27 34
27 35
27 36
27 38
27 39
27 40
27 44
27 46
27 47
27 48
27 49
27 51
27 54
27 58
27 59
27 61
27 63
27 65
27 67
27 69
27 71
27 73
27 75
27 77
27 80
27 81
27 84
27 89
27 90
27 93
27 94
27 99
27 100
27 104
27 105
27 106
27 108
27 111
27 113
27 116
27 118
27 119
27 120
27 124
27 125
27 131
27 133
27 135
27 136
27 138
27 139
27 140
27 142
27 147
27 150
27 151
27 153
27 156
27 158
28 0
28 1
28 5
28 9
28 12
28 13
28 16
28 17
28 18
28 22
28 23
28 24
28 26
28 30
28 32
28 34
28 35
28 40
28 41
28 42
28 43
28 44
28 46
28 47
28 48
28 51
28 53
28 54
28 55
28 56
28 60
28 62
28 64
28 69
28 70
28 74
28 75
28 77
28 82
28 83
28 86
28 88
28 89
28 90
28 92
28 93
28 95
28 102
28 103
28 105
28 109
28 114
28 115
28 117
28 120
28 122
28 124
28 125
28 129
28 131
28 133
28 134
28 135
28 136
28 137
28 138
28 139
28 140
28 141
28 148
28 149
28 153
28 155
29 0
29 1
29 3
29 5
29 8
29 9
29 12
29 15
29 16
29 19
29 22
29 24
29 25
29 26
29 27
29 28
29 30
29 32
29 36
29 37
29 39
29 41
29 44
29 50
29 56
29 59
29 60
29 61
29 63
29 64
29 66
29 68
29 70
29 71
29 72
29 73
29 74
29 75
29 76
29 77
29 79
29 80
29 82
29 83
29 84
29 86
29 87
29 89
29 91
29 93
29 96
29 97
29 98
29 102
29 103
29 104
29 111
29 113
29 114
29 117
29 118
29 119
29 120
29 122
29 123
29 124
29 125
29 127
29 128
29 130
29 131
29 135
29 136
29 142
29 143
29 146
29 147
29 150
29 152
29 155
29 158
30 2
30 3
30 5
30 8
30 9
30 11
30 12
30 13
30 14
30 15
30 17
30 19
30 21
30 23
30 25
30 27
30 31
30 32
30 33
30 34
30 35
30 37
30 39
30 41
30 42
30 44
30 47
30 49
30 51
30 52
30 54
30 55
30 58
30 59
30 62
30 65
30 66
30 67
30 68
30 69
30 71
30 72
30 74
30 76
30 79
30 81
30 82
30 85
30 86
30 87
30 89
30 90
30 92
30 93
30 95
30 96
30 97
30 98
30 99
30 101
30 102
30 103
30 104
30 111
30 114
30 117
30 119
30 121
30 122
30 123
30 127
30 128
30 130
30 131
30 134
30 135
30 137
30 140
30 142
30 143
30 145
30 148
30 150
30 151
30 153
30 155
30 156
30 158
30 159
31 0
31 3
31 5
31 6
31 9
31 11
31 12
31 13
31 14
31 18
31 19
31 20
31 21
31 23
31 25
31 26
31 28
31 29
31 37
31 40
31 41
31 44
31 46
31 48
31 50
31 53
31 55
31 58
31 59
31 60
31 61
31 64
31 65
31 66
31 67
31 69
31 78
31 79
31 81
31 82
31 87
31 88
31 89
31 90
31 91
31 92
31 93
31 95
31 96
31 97
31 99
31 102
31 105
31 106
31 107
31 108
31 109
31 110
31 112
31 115
31 116
31 117
31 118
31 119
31 120
31 121
31 124
31 125
31 127
31 128
31 129
31 132
31 133
31 134
31 135
31 136
31 140
31 143
31 146
31 147
31 148
31 149
31 150
31 152
31 153
31 156
32 0
32 1
32 2
32 6
32 7
32 8
32 9
32 10
32 11
32 15
32 17
32 18
32 23
32 24
32 27
32 31
32 36
32 39
32 40
32 43
32 48
32 50
32 52
32 53
32 54
32 55
32 57
32 59
32 60
32 63
32 65
32 66
32 68
32 73
32 76
32 80
32 82
32 84
32 86
32 87
32 89
32 90
32 91
32 96
32 98
32 99
32 100
32 101
32 102
32 105
32 107
32 109
32 112
32 114
32 117
32 118
32 120
32 121
32 122
32 123
32 124
32 125
32 127
32 130
32 131
32 136
32 138
32 140
32 141
32 143
32 144
32 145
32 146
32 147
32 149
32 151
32 153
32 154
32 155
32 156
32 157
32 158
32 159
33 0
33 2
33 4
33 6
33 10
33 11
33 13
33 15
33 16
33 18
33 19
33 20
33 22
33 23
33 24
33 27
33 28
33 29
33 31
33 32
33 34
33 35
33 40
33 41
33 43
33 44
33 45
33 46
33 47
33 49
33 50
33 51
33 52
33 53
33 54
33 55
33 60
33 62
33 63
33 66
33 67
33 71
33 72
33 75
33 76
33 77
33 78
33 79
33 82
33 84
33 87
33 88
33 90
33 93
33 94
33 96
33 98
33 99
33 101
33 103
33 106
33 107
33 108
33 110
33 112
33 114
33 117
33 119
33 120
33 121
33 122
33 123
33 124
33 127
33 128
33 131
33 132
33 135
33 136
33 137
33 142
33 144
33 145
33 151
33 154
33 156
33 157
33 158
34 2
34 4
34 12
34 13
34 14
34 16
34 17
34 19
34 20
34 21
34 25
34 26
34 29
34 31
34 32
34 35
34 36
34 37
34 40
34 41
34 42
34 43
34 44
34 45
34 46
34 49
34 52
34 53
34 56
34 57
34 60
34 62
34 64
34 65
34 66
34 68
34 69
34 70
34 73
34 76
34 77
34 78
34 80
34 82
34 83
34 84
34 87
34 89
34 91
34 92
34 94
34 95
34 96
34 98
34 99
34 106
34 108
34 112
34 113
34 115
34 117
34 122
34 123
34 127
34 128
34 130
34 134
34 135
34 136
34 138
34 142
34 143
34 145
34 146
34 147
34 152
34 153
34 154
34 156
34 158
35 2
35 3
35 4
35 5
35 6
35 7
35 8
35 9
35 10
35 12
35 16
35 17
35 18
35 21
35 22
35 23
35 25
35 26
35 29
35 31
35 32
35 36
35 37
35 41
35 43
35 44
35 45
35 47
35 49
35 53
35 56
35 57
35 59
35 60
35 65
35 70
35 72
35 74
35 76
35 82
35 83
35 85
35 86
35 87
35 88
35 91
35 93
35 94
35 96
35 97
35 98
35 105
35 109
35 112
35 113
35 115
35 116
35 117
35 119
35 120
35 121
35 122
35 123
35 124
35 125
35 131
35 133
35 136
35 138
35 140
35 142
35 144
35 145
35 149
35 150
35 151
35 152
35 153
35 156
36 0
36 2
36 5
36 7
36 11
36 16
36 17
36 19
36 20
36 25
36 28
36 30
36 31
36 33
36 38
36 43
36 46
36 47
36 48
36 49
36 50
36 52
36 53
36 56
36 58
36 62
36 63
36 64
36 65
36 71
36 72
36 74
36 76
36 77
36 79
36 82
36 84
36 87
36 88
36 89
36 93
36 96
36 98
36 100
36 102
36 105
36 106
36 107
36 109
36 110
36 112
36 115
36 117
36 118
36 121
36 122
36 127
36 128
36 133
36 137
36 138
36 142
36 144
36 147
36 149
36 150
36 155
36 157
36 158
36 159
37 1
37 5
37 11
37 15
37 16
37 17
37 18
37 20
37 21
37 22
37 24
37 26
37 27
37 28
37 32
37 33
37 36
37 39
37 41
37 44
37 45
37 46
37 47
37 50
37 51
37 53
37 54
37 56
37 57
37 58
37 59
37 63
37 64
37 66
37 67
37 68
37 69
37 70
37 71
37 72
37 74
37 76
37 77
37 82
37 83
37 86
37 88
37 90
37 91
37 92
37 93
37 94
37 97
37 99
37 101
37 104
37 105
37 106
37 108
37 110
37 112
37 113
37 115
37 116
37 117
37 120
37 122
37 125
37 126
37 127
37 128
37 129
37 132
37 133
37 136
37 137
37 138
37 139
37 141
37 144
37 145
37 148
37 149
37 150
37 152
37 155
37 157
37 158
37 159
38 1
38 3
38 6
38 9
38 12
38 14
38 15
38 16
38 19
38 23
38 24
38 25
38 28
38 29
38 30
38 31
38 32
38 33
38 34
38 35
38 37
38 40
38 41
38 42
38 43
38 48
38 50
38 51
38 52
38 54
38 58
38 61
38 62
38 63
38 64
38 65
38 66
38 67
38 68
38 74
38 76
38 77
38 78
38 82
38 83
38 85
38 86
38 88
38 89
38 95
38 97
38 100
38 103
38 107
38 112
38 114
38 115
38 118
38 119
38 122
38 126
38 127
38 128
38 130
38 131
38 133
38 134
38 136
38 137
38 141
38 142
38 143
38 144
38 148
38 149
38 150
38 152
38 153
38 157
39 1
39 2
39 3
39 4
39 5
39 6
39 12
39 13
39 15
39 19
39 20
39 21
39 26
39 28
39 31
39 33
39 34
39 35
39 36
39 38
39 40
39 41
39 42
39 43
39 45
39 51
39 56
39 58
39 60
39 61
39 62
39 63
39 64
39 66
39 67
39 72
39 73
39 76
39 77
39 80
39 84
39 85
39 87
39 90
39 92
39 93
39 95
39 96
39 97
39 98
39 99
39 102
39 103
39 104
39 106
39 107
39 109
39 111
39 112
39 113
39 115
39 117
39 118
39 120
39 122
39 124
39 126
39 129
39 130
39 132
39 133
39 135
39 136
39 138
39 139
39 140
39 143
39 144
39 148
39 149
39 150
39 152
39 153
39 154
39 157
39 159
40 9
40 11
40 13
40 14
40 20
40 21
40 22
40 24
40 29
40 30
40 35
40 36
40 37
40 41
40 44
40 47
40 49
40 52
40 55
40 58
40 60
40 62
40 65
40 70
40 71
40 72
40 74
40 77
40 82
40 83
40 84
40 88
40 89
40 91
40 92
40 93
40 96
40 97
40 98
40 100
40 103
40 107
40 108
40 110
40 112
40 113
40 115
40 116
40 118
40 121
40 122
40 126
40 127
40 128
40 129
40 130
40 131
40 133
40 135
40 140
40 142
40 143
40 147
40 148
40 150
40 154
40 156
40 157
41 1
41 2
41 11
41 12
41 14
41 16
41 17
41 19
41 21
41 22
41 26
41 27
41 32
41 36
41 42
41 43
41 47
41 49
41 50
41 52
41 55
41 56
41 57
41 59
41 61
41 64
41 66
41 70
41 71
41 73
41 75
41 76
41 79
41 83
41 85
41 93
41 94
41 95
41 96
41 103
41 106
41 108
41 109
41 110
41 111
41 113
41 115
41 116
41 118
41 119
41 120
41 121
41 122
41 123
41 126
41 127
41 130
41 131
41 132
41 134
41 135
41 136
41 137
41 140
41 151
41 157
41 158
41 159
42 0
42 2
42 3
42 6
42 8
42 12
42 13
42 14
42 15
42 19
42 22
42 23
42 25
42 26
42 27
42 29
42 31
42 32
42 33
42 35
42 36
42 37
42 40
42 43
42 44
42 45
42 49
42 50
42 51
42 54
42 55
42 56
42 57
42 58
42 59
42 60
42 61
42 63
42 64
42 65
42 66
42 68
42 69
42 71
42 73
42 74
42 75
42 76
42 77
42 82
42 83
42 84
42 85
42 86
42 88
42 90
42 91
42 94
42 95
42 96
42 98
42 102
42 104
42 107
42 109
42 111
42 112
42 113
42 116
42 117
42 118
42 119
42 121
42 126
42 130
42 131
42 132
42 133
42 135
42 137
42 139
42 141
42 142
42 143
42 145
42 146
42 148
42 149
42 152
42 153
42 156
42 157
43 3
43 5
43 6
43 7
43 10
43 15
43 16
43 17
43 22
43 25
43 26
43 27
43 29
43 30
43 31
43 37
43 40
43 46
43 48
43 51
43 53
43 57
43 58
43 62
43 65
43 67
43 68
43 69
43 70
43 72
43 74
43 75
43 76
43 77
43 79
43 81
43 82
43 83
43 87
43 89
43 93
43 94
43 97
43 99
43 103
43 110
43 121
43 122
43 123
43 124
43 128
43 129
43 131
43 133
43 134
43 136
43 137
43 141
43 145
43 146
43 148
43 150
43 151
43 153
43 154
43 155
43 157
43 159
44 0
44 1
44 5
44 6
44 8
44 12
44 13
44 14
44 16
44 18
44 19
44 26
44 32
44 36
44 38
44 39
44 41
44 43
44 46
44 47
44 50
44 55
44 57
44 60
44 61
44 63
44 70
44 71
44 73
44 74
44 75
44 78
44 80
44 82
44 84
44 86
44 88
44 91
44 93
44 94
44 95
44 97
44 99
44 100
44 102
44 103
44 106
44 108
44 110
44 111
44 115
44 120
44 121
44 124
44 125
44 127
44 131
44 133
44 135
44 139
44 144
44 145
44 146
44 147
44 148
44 157
44 158
44 159
45 8
45 10
45 11
45 12
45 13
45 15
45 17
45 19
45 21
45 27
45 28
45 29
45 30
45 31
45 32
45 36
45 38
45 40
45 41
45 43
45 44
45 48
45 52
45 56
45 61
45 63
45 65
45 68
45 70
45 76
45 79
45 80
45 81
45 84
45 86
45 89
45 90
45 93
45 94
45 97
45 99
45 100
45 101
45 102
45 103
45 105
45 106
45 107
45 110
45 111
45 114
45 118
45 119
45 121
45 122
45 123
45 124
45 128
45 129
45 131
45 134
45 135
45 136
45 137
45 138
45 139
45 143
45 144
45 145
45 146
45 148
45 150
45 151
45 155
45 157
46 0
46 1
46 2
46 6
46 10
46 11
46 12
46 14
46 15
46 18
46 20
46 21
46 22
46 29
46 30
46 32
46 35
46 38
46 39
46 40
46 41
46 42
46 45
46 50
46 54
46 59
46 61
46 67
46 68
46 69
46 70
46 77
46 78
46 81
46 84
46 85
46 87
46 90
46 91
46 92
46 94
46 95
46 97
46 99
46 103
46 105
46 107
46 108
46 109
46 111
46 112
46 114
46 118
46 120
46 121
46 122
46 125
46 126
46 127
46 129
46 131
46 132
46 133
46 136
46 137
46 138
46 141
46 144
46 145
46 146
46 148
46 152
46 154
46 155
46 156
47 2
47 3
47 6
47 7
47 10
47 13
47 15
47 16
47 17
47 18
47 20
47 21
47 22
47 25
47 26
47 29
47 31
47 32
47 34
47 38
47 39
47 42
47 43
47 45
47 46
47 48
47 49
47 51
47 52
47 54
47 55
47 57
47 60
47 61
47 62
47 63
47 65
47 66
47 67
47 68
47 69
47 70
47 71
47 73
47 74
47 76
47 77
47 79
47 80
47 81
47 82
47 87
47 88
47 92
47 95
47 98
47 100
47 101
47 104
47 105
47 109
47 114
47 115
47 117
47 118
47 121
47 123
47 126
47 129
47 131
47 133
47 134
47 135
47 137
47 139
47 140
47 142
47 144
47 146
47 149
47 150
47 152
48 1
48 2
48 4
48 8
48 9
48 14
48 15
48 16
48 17
48 18
48 19
48 20
48 22
48 23
48 25
48 26
48 29
48 30
48 33
48 34
48 35
48 37
48 39
48 40
48 41
48 42
48 44
48 46
48 49
48 50
48 54
48 56
48 57
48 58
48 60
48 61
48 63
48 67
48 69
48 70
48 71
48 72
48 74
48 78
48 79
48 80
48 81
48 82
48 84
48 86
48 88
48 89
48 95
48 96
48 98
48 99
48 100
48 101
48 102
48 103
48 107
48 109
48 111
48 115
48 116
48 123
48 125
48 126
48 127
48 132
48 140
48 143
48 147
48 151
48 153
48 154
48 155
48 157
48 158
48 159
49 0
49 7
49 8
49 9
49 11
49 14
49 15
49 16
49 19
49 20
49 21
49 25
49 28
49 29
49 31
49 32
49 37
49 38
49 39
49 43
49 44
49 45
49 46
49 51
49 52
49 53
49 54
49 55
49 58
49 59
49 61
49 62
49 65
49 66
49 67
49 68
49 70
49 71
49 72
49 74
49 75
49 81
49 84
49 85
49 86
49 87
49 88
49 91
49 93
49 95
49 98
49 99
49 101
49 102
49 103
49 104
49 105
49 108
49 111
49 113
49 114
49 115
49 116
49 119
49 120
49 122
49 123
49 124
49 126
49 128
49 130
49 132
49 133
49 135
49 144
49 145
49 146
49 147
49 148
49 151
49 157
49 158
50 0
50 2
50 3
50 4
50 5
50 6
50 8
50 9
50 10
50 12
50 13
50 14
50 15
50 17
50 19
50 21
50 23
50 26
50 27
50 28
50 30
50 34
50 35
50 39
50 40
50 43
50 45
50 47
50 49
50 51
50 52
50 53
50 55
50 57
50 58
50 60
50 61
50 62
50 63
50 68
50 69
50 70
50 72
50 73
50 75
50 77
50 80
50 82
50 83
50 84
50 85
50 86
50 87
50 89
50 91
50 92
50 93
50 96
50 97
50 99
50 102
50 103
50 104
50 105
50 106
50 107
50 109
50 110
50 117
50 123
50 124
50 125
50 126
50 130
50 131
50 133
50 134
50 135
50 139
50 140
50 141
50 142
50 144
50 145
50 146
50 148
50 151
50 153
50 154
50 155
50 157
50 159
51 0
51 2
51 4
51 6
51 7
51 9
51 16
51 18
51 20
51 21
51 22
51 23
51 25
51 26
51 29
51 31
51 32
51 34
51 35
51 36
51 40
51 41
51 44
51 45
51 46
51 48
51 52
51 56
51 57
51 60
51 61
51 63
51 64
51 66
51 67
51 69
51 72
51 73
51 74
51 75
51 77
51 78
51 79
51 83
51 84
51 85
51 86
51 88
51 91
51 92
51 93
51 94
51 95
51 97
51 101
51 103
51 104
51 105
51 107
51 112
51 113
51 114
51 116
51 117
51 123
51 124
51 125
51 127
51 128
51 131
51 133
51 139
51 140
51 143
51 145
51 146
51 147
51 148
51 149
51 150
51 151
51 152
51 155
51 157
51 158
52 0
52 3
52 9
52 10
52 13
52 14
52 15
52 16
52 17
52 18
52 19
52 21
52 22
52 26
52 27
52 28
52 29
52 31
52 35
52 37
52 39
52 42
52 43
52 44
52 46
52 48
52 55
52 56
52 57
52 58
52 59
52 62
52 63
52 64
52 68
52 71
52 75
52 78
52 82
52 83
52 84
52 85
52 86
52 87
52 88
52 90
52 91
52 94
52 98
52 99
52 100
52 102
52 105
52 107
52 109
52 111
52 112
52 113
52 118
52 119
52 121
52 127
52 130
52 132
52 135
52 136
52 138
52 139
52 142
52 144
52 148
52 149
52 150
52 151
52 152
52 157
53 0
53 1
53 2
53 3
53 4
53 5
53 6
53 7
53 9
53 13
53 15
53 16
53 17
53 18
53 23
53 25
53 27
53 29
53 30
53 38
53 39
53 40
53 41
53 42
53 44
53 45
53 46
53 47
53 48
53 51
53 52
53 54
53 55
53 56
53 57
53 61
53 64
53 66
53 68
53 69
53 70
53 74
53 76
53 78
53 81
53 86
53 87
53 88
53 89
53 90
53 92
53 94
53 96
53 97
53 101
53 102
53 103
53 105
53 106
53 107
53 109
53 110
53 111
53 114
53 115
53 117
53 118
53 123
53 124
53 128
53 130
53 131
53 135
53 138
53 139
53 144
53 145
53 148
53 150
53 151
53 154
53 155
53 158
54 1
54 4
54 7
54 8
54 10
54 11
54 12
54 13
54 15
54 16
54 17
54 18
54 19
54 20
54 21
54 22
54 24
54 25
54 26
54 29
54 31
54 34
54 35
54 36
54 39
54 40
54 41
54 43
54 44
54 45
54 50
54 51
54 52
54 56
54 59
54 60
54 63
54 65
54 66
54 70
54 71
54 74
54 75
54 78
54 79
54 82
54 83
54 87
54 88
54 90
54 91
54 92
54 93
54 98
54 99
54 101
54 102
54 107
54 109
54 110
54 112
54 116
54 117
54 119
54 120
54 121
54 122
54 126
54 129
54 130
54 132
54 134
54 135
54 136
54 141
54 142
54 143
54 144
54 145
54 148
54 150
54 152
54 153
54 155
54 156
54 157
54 158
55 0
55 3
55 4
55 5
55 7
55 8
55 10
55 11
55 12
55 13
55 14
55 18
55 20
55 23
55 25
55 27
55 29
55 34
55 35
55 36
55 37
55 38
55 39
55 43
55 45
55 46
55 48
55 51
55 54
55 59
55 61
55 62
55 63
55 66
55 68
55 70
55 75
55 77
55 81
55 83
55 84
55 86
55 87
55 88
55 89
55 91
55 92
55 93
55 94
55 97
55 98
55 105
55 108
55 112
55 113
55 115
55 116
55 117
55 120
55 121
55 124
55 126
55 127
55 132
55 133
55 134
55 137
55 138
55 139
55 140
55 143
55 144
55 146
55 149
55 150
55 151
55 153
55 154
55 157
55 159
56 2
56 5
56 6
56 9
56 10
56 11
56 12
56 15
56 18
56 20
56 21
56 22
56 23
56 24
56 25
56 26
56 27
56 30
56 31
56 32
56 33
56 38
56 40
56 43
56 44
56 46
56 47
56 49
56 50
56 55
56 57
56 58
56 59
56 61
56 62
56 63
56 68
56 69
56 70
56 71
56 72
56 73
56 74
56 75
56 76
56 77
56 79
56 80
56 84
56 86
56 87
56 92
56 93
56 94
56 96
56 98
56 100
56 102
56 104
56 105
56 106
56 108
56 109
56 110
56 111
56 114
56 117
56 120
56 121
56 127
56 128
56 131
56 132
56 133
56 135
56 136
56 137
56 138
56 140
56 143
56 144
56 145
56 148
56 149
56 152
56 155
56 157
56 158
56 159
57 1
57 2
57 5
57 12
57 15
57 17
57 20
57 24
57 26
57 27
57 28
57 29
57 30
57 31
57 33
57 36
57 38
57 39
57 40
57 45
57 46
57 49
57 54
57 55
57 60
57 62
57 75
57 76
57 80
57 83
57 88
57 90
57 98
57 99
57 102
57 105
57 106
57 109
57 113
57 116
57 124
57 125
57 126
57 127
57 131
57 132
57 133
57 134
57 135
57 136
57 137
57 138
57 139
57 140
57 141
57 142
57 143
57 144
57 146
57 147
57 154
57 155
57 156
58 0
58 2
58 7
58 9
58 10
58 11
58 12
58 13
58 14
58 17
58 18
58 20
58 21
58 23
58 25
58 26
58 28
58 29
58 32
58 33
58 34
58 35
58 41
58 44
58 45
58 46
58 47
58 51
58 53
58 54
58 55
58 57
58 59
58 60
58 63
58 64
58 66
58 68
58 69
58 72
58 73
58 74
58 76
58 77
58 81
58 86
58 88
58 91
58 96
58 98
58 100
58 104
58 105
58 106
58 110
58 112
58 115
58 117
58 118
58 119
58 120
58 122
58 123
58 124
58 126
58 131
58 135
58 139
58 141
58 143
58 144
58 147
58 148
58 151
58 152
58 153
59 0
59 1
59 2
59 4
59 6
59 7
59 9
59 10
59 11
59 12
59 15
59 18
59 22
59 26
59 28
59 33
59 34
59 36
59 38
59 39
59 40
59 43
59 44
59 45
59 47
59 48
59 50
59 51
59 53
59 57
59 62
59 66
59 68
59 70
59 74
59 77
59 79
59 81
59 82
59 83
59 84
59 85
59 88
59 89
59 93
59 95
59 99
59 100
59 103
59 104
59 105
59 106
59 107
59 108
59 111
59 117
59 118
59 121
59 122
59 123
59 126
59 127
59 129
59 132
59 133
59 134
59 140
59 143
59 144
59 147
59 148
59 149
59 152
59 153
59 154
59 156
59 158
60 6
60 7
60 8
60 15
60 16
60 17
60 18
60 19
60 22
60 26
60 27
60 30
60 36
60 37
60 38
60 41
60 43
60 45
60 46
60 49
60 52
60 53
60 55
60 56
60 59
60 61
60 63
60 64
60 66
60 68
60 69
60 71
60 73
60 74
60 76
60 77
60 78
60 79
60 81
60 82
60 83
60 85
60 88
60 92
60 94
60 95
60 96
60 97
60 98
60 102
60 110
60 113
60 114
60 115
60 117
60 118
60 120
60 123
60 125
60 126
60 127
60 128
60 129
60 130
60 131
60 133
60 135
60 136
60 138
60 139
60 143
60 145
60 146
60 147
60 150
60 151
60 154
60 156
60 158
61 0
61 1
61 2
61 3
61 5
61 10
61 20
61 22
61 23
61 25
61 26
61 28
61 30
61 32
61 33
61 34
61 35
61 36
61 37
61 40
61 43
61 52
61 54
61 57
61 58
61 59
61 63
61 64
61 66
61 67
61 68
61 69
61 70
61 71
61 72
61 73
61 75
61 78
61 79
61 80
61 86
61 87
61 89
61 91
61 92
61 93
61 95
61 96
61 98
61 106
61 107
61 108
61 109
61 110
61 111
61 112
61 113
61 117
61 118
61 119
61 122
61 123
61 124
61 126
61 129
61 130
61 131
61 133
61 136
61 138
61 139
61 140
61 142
61 145
61 148
61 149
61 153
61 156
61 157
61 158
61 159
62 0
62 1
62 2
62 4
62 5
62 6
62 8
62 9
62 10
62 11
62 12
62 18
62 21
62 22
62 23
62 25
62 26
62 27
62 29
62 31
62 32
62 35
62 37
62 41
62 42
62 44
62 45
62 46
62 48
62 51
62 53
62 54
62 58
62 60
62 61
62 65
62 66
62 67
62 68
62 70
62 71
62 72
62 73
62 75
62 77
62 78
62 79
62 82
62 83
62 84
62 88
62 89
62 94
62 95
62 96
62 97
62 99
62 101
62 107
62 108
62 109
62 110
62 111
62 112
62 117
62 119
62 121
62 123
62 124
62 127
62 133
62 134
62 141
62 147
62 149
62 150
62 152
62 155
62 158
62 159
63 1
63 2
63 3
63 4
63 6
63 7
63 9
63 12
63 15
63 17
63 18
63 20
63 21
63 24
63 26
63 28
63 30
63 31
63 34
63 35
63 40
63 41
63 43
63 46
63 49
63 53
63 57
63 59
63 62
63 64
63 67
63 70
63 71
63 73
63 75
63 76
63 79
63 83
63 85
63 86
63 88
63 89
63 97
63 99
63 100
63 101
63 102
63 108
63 110
63 111
63 113
63 114
63 116
63 117
63 118
63 119
63 120
63 121
63 125
63 129
63 130
63 131
63 141
63 142
63 143
63 148
63 149
63 150
63 151
63 152
63 155
63 158
63 159
64 0
64 1
64 3
64 6
64 7
64 8
64 9
64 10
64 14
64 17
64 18
64 21
64 22
64 24
64 27
64 30
64 32
64 33
64 35
64 40
64 43
64 44
64 45
64 46
64 47
64 48
64 49
64 50
64 54
64 55
64 56
64 57
64 59
64 62
64 66
64 68
64 69
64 72
64 73
64 74
64 76
64 80
64 82
64 86
64 88
64 90
64 92
64 93
64 96
64 98
64 99
64 100
64 104
64 106
64 107
64 111
64 112
64 113
64 114
64 115
64 116
64 120
64 125
64 126
64 129
64 132
64 134
64 142
64 144
64 146
64 148
64 149
64 152
64 153
64 156
65 0
65 1
65 4
65 8
65 10
65 11
65 12
65 13
65 20
65 22
65 23
65 25
65 26
65 28
65 29
65 33
65 37
65 39
65 41
65 44
65 46
65 48
65 50
65 51
65 52
65 53
65 55
65 56
65 57
65 58
65 59
65 60
65 61
65 63
65 64
65 66
65 70
65 72
65 73
65 75
65 76
65 77
65 80
65 84
65 89
65 93
65 94
65 95
65 96
65 98
65 99
65 102
65 103
65 105
65 109
65 111
65 112
65 115
65 119
65 120
65 121
65 126
65 127
65 128
65 130
65 133
65 136
65 139
65 140
65 141
65 143
65 145
65 146
65 148
65 152
65 153
65 156
65 158
66 1
66 2
66 4
66 5
66 6
66 9
66 10
66 13
66 16
66 17
66 18
66 19
66 22
66 23
66 27
66 28
66 35
66 36
66 40
66 43
66 44
66 45
66 46
66 48
66 50
66 52
66 56
66 57
66 63
66 69
66 72
66 73
66 79
66 82
66 85
66 86
66 87
66 89
66 91
66 97
66 103
66 104
66 105
66 106
66 107
66 108
66 109
66 112
66 115
66 117
66 120
66 124
66 125
66 128
66 129
66 131
66 134
66 135
66 136
66 139
66 140
66 141
66 142
66 145
66 147
66 152
66 154
66 157
67 0
67 1
67 3
67 5
67 7
67 9
67 12
67 13
67 14
67 16
67 17
67 19
67 21
67 23
67 26
67 28
67 29
67 32
67 34
67 35
67 36
67 40
67 41
67 42
67 44
67 45
67 50
67 52
67 53
67 54
67 55
67 56
67 57
67 58
67 59
67 60
67 64
67 65
67 66
67 68
67 69
67 71
67 72
67 76
67 77
67 78
67 80
67 85
67 88
67 89
67 90
67 91
67 92
67 93
67 94
67 95
67 97
67 98
67 102
67 104
67 105
67 106
67 109
67 110
67 113
67 114
67 115
67 118
67 120
67 121
67 122
67 126
67 132
67 133
67 134
67 135
67 139
67 141
67 143
67 146
67 148
67 149
67 151
67 152
67 155
67 158
68 1
68 2
68 3
68 4
68 6
68 8
68 9
68 10
68 12
68 13
68 14
68 17
68 18
68 19
68 20
68 21
68 22
68 27
68 28
68 31
68 33
68 35
68 36
68 39
68 40
68 41
68 44
68 48
68 51
68 54
68 57
68 63
68 65
68 66
68 69
68 74
68 75
68 76
68 77
68 78
68 80
68 81
68 82
68 84
68 86
68 87
68 88
68 89
68 92
68 95
68 96
68 97
68 103
68 106
68 107
68 108
68 111
68 112
68 113
68 115
68 116
68 118
68 121
68 127
68 131
68 132
68 133
68 135
68 137
68 138
68 141
68 142
68 143
68 144
68 145
68 150
68 151
68 152
68 154
68 157
68 159
69 0
69 2
69 4
69 8
69 11
69 12
69 15
69 17
69 19
69 20
69 24
69 25
69 26
69 29
69 32
69 33
69 35
69 36
69 38
69 39
69 40
69 41
69 44
69 45
69 49
69 52
69 54
69 55
69 57
69 59
69 62
69 63
69 65
69 70
69 72
69 73
69 74
69 75
69 76
69 77
69 78
69 79
69 81
69 82
69 83
69 86
69 87
69 88
69 90
69 92
69 97
69 99
69 100
69 101
69 102
69 104
69 107
69 108
69 109
69 112
69 114
69 115
69 117
69 118
69 120
69 121
69 122
69 123
69 125
69 128
69 131
69 132
69 133
69 135
69 136
69 139
69 140
69 141
69 142
69 144
69 146
69 148
69 150
69 151
69 153
69 156
69 157
69 158
70 1
70 2
70 6
70 7
70 8
70 9
70 10
70 12
70 13
70 14
70 16
70 19
70 20
70 21
70 22
70 27
70 30
70 31
70 32
70 33
70 36
70 38
70 39
70 42
70 51
70 52
70 57
70 58
70 60
70 64
70 66
70 67
70 68
70 72
70 73
70 74
70 78
70 80
70 84
70 85
70 87
70 91
70 93
70 94
70 95
70 96
70 97
70 100
70 102
70 103
70 104
70 105
70 106
70 107
70 108
70 112
70 113
70 117
70 118
70 119
70 120
70 121
70 128
70 129
70 130
70 131
70 133
70 134
70 138
70 140
70 141
70 144
70 146
70 149
70 150
70 154
70 155
70 158
71 0
71 1
71 5
71 6
71 7
71 9
71 11
71 14
71 18
71 19
71 21
71 26
71 28
71 31
71 32
71 34
71 35
71 38
71 39
71 43
71 45
71 46
71 50
71 51
71 53
71 55
71 57
71 58
71 59
71 64
71 65
71 66
71 68
71 69
71 70
71 72
71 73
71 74
71 76
71 77
71 78
71 79
71 80
71 82
71 84
71 89
71 91
71 92
71 93
71 96
71 97
71 101
71 102
71 106
71 110
71 111
71 112
71 113
71 116
71 117
71 118
71 120
71 121
71 122
71 124
71 127
71 128
71 130
71 133
71 135
71 136
71 137
71 138
71 140
71 141
71 146
71 148
71 149
71 151
71 155
71 156
72 0
72 2
72 4
72 5
72 7
72 8
72 9
72 10
72 11
72 12
72 13
72 19
72 20
72 21
72 22
72 23
72 25
72 26
72 27
72 28
72 31
72 32
72 34
72 38
72 41
72 42
72 44
72 45
72 46
72 47
72 52
72 53
72 54
72 55
72 57
72 59
72 60
72 63
72 68
72 73
72 75
72 78
72 79
72 81
72 83
72 84
72 85
72 87
72 88
72 91
72 92
72 95
72 97
72 100
72 102
72 103
72 106
72 107
72 108
72 113
72 114
72 115
72 116
72 118
72 119
72 124
72 125
72 129
72 130
72 136
72 137
72 140
72 141
72 144
72 146
72 147
72 148
72 153
72 157
73 3
73 4
73 5
73 6
73 7
73 10
73 14
73 15
73 18
73 20
73 22
73 25
73 28
73 30
73 31
73 33
73 35
73 36
73 37
73 38
73 40
73 43
73 45
73 46
73 48
73 49
73 52
73 53
73 54
73 55
73 57
73 59
73 67
73 68
73 74
73 77
73 78
73 79
73 80
73 81
73 82
73 86
73 87
73 88
73 89
73 93
73 98
73 99
73 100
73 101
73 104
73 106
73 108
73 111
73 113
73 114
73 117
73 118
73 120
73 123
73 126
73 127
73 128
73 131
73 133
73 134
73 137
73 138
73 147
73 150
73 154
73 155
73 158
73 159
74 0
74 2
74 6
74 7
74 8
74 11
74 12
74 14
74 16
74 22
74 23
74 27
74 31
74 32
74 33
74 34
74 39
74 41
74 45
74 46
74 50
74 52
74 55
74 57
74 61
74 62
74 63
74 65
74 66
74 67
74 72
74 79
74 80
74 82
74 85
74 88
74 92
74 95
74 99
74 100
74 101
74 108
74 109
74 112
74 113
74 117
74 118
74 122
74 123
74 124
74 125
74 126
74 128
74 129
74 131
74 132
74 134
74 135
74 137
74 139
74 142
74 143
74 145
74 146
74 148
74 150
74 151
74 152
74 154
74 159
75 5
75 7
75 16
75 18
75 20
75 21
75 22
75 25
75 30
75 31
75 32
75 34
75 35
75 36
75 37
75 38
75 39
75 40
75 45
75 46
75 47
75 48
75 53
75 58
75 59
75 60
75 64
75 66
75 67
75 70
75 71
75 73
75 74
75 76
75 78
75 79
75 80
75 81
75 89
75 90
75 92
75 93
75 94
75 95
75 97
75 104
75 105
75 109
75 110
75 111
75 113
75 116
75 120
75 121
75 123
75 124
75 136
75 137
75 141
75 145
75 147
75 149
75 150
75 155
75 156
75 158
75 159
76 0
76 1
76 4
76 5
76 9
76 12
76 13
76 14
76 17
76 19
76 20
76 22
76 24
76 25
76 27
76 28
76 31
76 40
76 44
76 46
76 48
76 49
76 50
76 51
76 52
76 54
76 55
76 59
76 61
76 62
76 66
76 70
76 72
76 73
76 74
76 77
76 78
76 80
76 81
76 83
76 84
76 85
76 86
76 88
76 91
76 93
76 94
76 96
76 99
76 104
76 106
76 109
76 110
76 111
76 113
76 115
76 119
76 121
76 122
76 127
76 130
76 134
76 136
76 138
76 143
76 144
76 146
76 150
76 151
76 152
76 154
76 155
76 156
77 0
77 2
77 3
77 5
77 6
77 8
77 9
77 10
77 11
77 16
77 17
77 18
77 19
77 20
77 21
77 23
77 25
77 26
77 30
77 31
77 32
77 35
77 41
77 44
77 45
77 48
77 49
77 52
77 53
77 54
77 57
77 61
77 63
77 64
77 66
77 70
77 72
77 74
77 75
77 78
77 81
77 82
77 85
77 86
77 87
77 88
77 89
77 91
77 92
77 93
77 96
77 98
77 100
77 101
77 103
77 104
77 106
77 107
77 109
77 112
77 114
77 115
77 116
77 117
77 119
77 120
77 121
77 122
77 123
77 124
77 126
77 127
77 129
77 130
77 131
77 133
77 134
77 135
77 136
77 137
77 139
77 141
77 142
77 143
77 144
77 145
77 146
77 147
77 148
77 149
77 150
77 152
77 155
77 156
77 157
77 158
77 159
78 1
78 2
78 3
78 4
78 5
78 6
78 7
78 8
78 13
78 14
78 18
78 19
78 21
78 22
78 24
78 25
78 26
78 27
78 28
78 29
78 30
78 32
78 35
78 36
78 37
78 39
78 40
78 41
78 42
78 43
78 45
78 47
78 49
78 50
78 55
78 56
78 57
78 58
78 59
78 63
78 64
78 65
78 66
78 74
78 80
78 81
78 87
78 90
78 93
78 95
78 97
78 100
78 106
78 107
78 111
78 113
78 114
78 119
78 123
78 125
78 126
78 127
78 128
78 130
78 134
78 135
78 146
78 147
78 151
78 152
78 156
78 157
78 158
78 159
79 0
79 3
79 4
79 5
79 6
79 7
79 9
79 10
79 12
79 13
79 17
79 19
79 21
79 23
79 26
79 27
79 28
79 32
79 34
79 35
79 37
79 38
79 39
79 40
79 42
79 44
79 46
79 49
79 50
79 52
79 53
79 55
79 57
79 58
79 64
79 65
79 67
79 68
79 70
79 76
79 77
79 78
79 81
79 85
79 90
79 91
79 94
79 95
79 96
79 97
79 98
79 100
79 102
79 103
79 106
79 108
79 111
79 113
79 115
79 118
79 119
79 122
79 126
79 127
79 130
79 132
79 133
79 134
79 135
79 138
79 139
79 140
79 146
79 148
79 151
79 152
79 153
79 154
79 156
79 157
79 159
80 1
80 5
80 6
80 8
80 11
80 12
80 15
80 17
80 20
80 21
80 22
80 24
80 25
80 28
80 30
80 31
80 33
80 35
80 36
80 37
80 38
80 40
80 41
80 42
80 43
80 46
80 49
80 51
80 52
80 53
80 54
80 55
80 58
80 59
80 60
80 62
80 63
80 66
80 69
80 72
80 77
80 79
80 81
80 82
80 83
80 84
80 87
80 89
80 91
80 92
80 95
80 96
80 97
80 100
80 103
80 104
80 105
80 106
80 108
80 110
80 111
80 112
80 113
80 116
80 119
80 120
80 122
80 123
80 124
80 126
80 129
80 130
80 131
80 134
80 139
80 141
80 142
80 146
80 148
80 150
80 154
80 156
80 157
80 159
81 0
81 1
81 2
81 3
81 4
81 6
81 8
81 9
81 10
81 12
81 13
81 15
81 16
81 18
81 23
81 25
81 28
81 29
81 32
81 33
81 34
81 35
81 36
81 37
81 38
81 39
81 40
81 41
81 42
81 44
81 50
81 51
81 52
81 54
81 56
81 57
81 61
81 62
81 63
81 64
81 65
81 66
81 67
81 70
81 71
81 74
81 83
81 84
81 87
81 92
81 93
81 95
81 98
81 100
81 101
81 102
81 104
81 105
81 106
81 107
81 112
81 113
81 115
81 116
81 117
81 118
81 119
81 120
81 121
81 122
81 123
81 125
81 126
81 128
81 129
81 130
81 133
81 136
81 138
81 143
81 148
81 149
81 152
81 153
81 155
81 156
81 158
82 0
82 1
82 2
82 3
82 5
82 7
82 8
82 9
82 12
82 14
82 20
82 22
82 23
82 25
82 26
82 27
82 39
82 41
82 45
82 46
82 49
82 51
82 53
82 55
82 56
82 57
82 58
82 61
82 63
82 65
82 67
82 70
82 72
82 75
82 76
82 78
82 79
82 81
82 83
82 84
82 86
82 87
82 88
82 90
82 92
82 93
82 94
82 97
82 101
82 102
82 104
82 105
82 107
82 110
82 111
82 113
82 117
82 119
82 120
82 121
82 122
82 124
82 128
82 129
82 130
82 131
82 132
82 133
82 137
82 138
82 140
82 141
82 142
82 143
82 146
82 148
82 149
82 151
82 155
82 157
83 2
83 3
83 5
83 7
83 9
83 10
83 11
83 14
83 15
83 17
83 18
83 19
83 23
83 27
83 30
83 31
83 32
83 33
83 36
83 39
83 44
83 45
83 46
83 47
83 48
83 49
83 53
83 56
83 58
83 61
83 64
83 65
83 66
83 67
83 68
83 70
83 71
83 73
83 74
83 75
83 77
83 78
83 79
83 85
83 86
83 87
83 90
83 91
83 93
83 94
83 96
83 98
83 99
83 100
83 102
83 103
83 105
83 108
83 110
83 111
83 121
83 122
83 123
83 124
83 125
83 126
83 129
83 132
83 133
83 136
83 139
83 148
83 149
83 152
83 153
83 154
83 156
83 159
84 0
84 1
84 2
84 5
84 6
84 10
84 11
84 12
84 14
84 16
84 18
84 19
84 23
84 24
84 25
84 26
84 28
84 30
84 31
84 35
84 37
84 38
84 41
84 43
84 47
84 53
84 54
84 57
84 58
84 60
84 61
84 63
84 64
84 66
84 67
84 69
84 73
84 74
84 75
84 77
84 78
84 79
84 83
84 85
84 88
84 89
84 94
84 95
84 96
84 97
84 101
84 103
84 107
84 108
84 114
84 117
84 119
84 122
84 123
84 130
84 132
84 135
84 136
84 137
84 138
84 140
84 141
84 143
84 144
84 146
84 147
84 148
84 151
84 153
84 154
84 155
84 156
84 158
84 159
85 1
85 2
85 4
85 7
85 10
85 13
85 15
85 16
85 17
85 27
85 28
85 29
85 31
85 32
85 33
85 34
85 36
85 37
85 40
85 43
85 44
85 45
85 47
85 48
85 53
85 54
85 55
85 56
85 57
85 58
85 61
85 62
85 64
85 65
85 68
85 69
85 71
85 73
85 75
85 78
85 80
85 81
85 82
85 88
85 89
85 90
85 92
85 93
85 94
85 95
85 96
85 98
85 101
85 102
85 103
85 106
85 107
85 108
85 109
85 111
85 112
85 113
85 114
85 115
85 116
85 118
85 120
85 124
85 125
85 127
85 128
85 130
85 131
85 133
85 135
85 136
85 137
85 139
85 141
85 142
85 143
85 144
85 146
85 147
85 148
85 149
85 151
85 155
85 158
85 159
86 0
86 1
86 4
86 5
86 8
86 12
86 16
86 18
86 19
86 21
86 22
86 23
86 27
86 31
86 33
86 34
86 36
86 39
86 40
86 41
86 43
86 46
86 47
86 54
86 57
86 59
86 60
86 62
86 65
86 67
86 70
86 71
86 72
86 74
86 75
86 78
86 79
86 80
86 81
86 84
86 85
86 87
86 88
86 91
86 92
86 94
86 95
86 96
86 97
86 101
86 102
86 105
86 108
86 110
86 112
86 115
86 121
86 122
86 123
86 124
86 126
86 127
86 128
86 129
86 132
86 136
86 139
86 146
86 148
86 149
86 150
86 151
86 152
86 154
86 155
86 156
86 157
86 159
87 0
87 1
87 2
87 3
87 6
87 8
87 10
87 11
87 12
87 15
87 16
87 17
87 19
87 24
87 25
87 27
87 28
87 37
87 38
87 40
87 41
87 42
87 44
87 45
87 48
87 51
87 57
87 58
87 59
87 60
87 62
87 63
87 64
87 65
87 67
87 71
87 74
87 75
87 76
87 79
87 84
87 85
87 90
87 91
87 93
87 94
87 95
87 97
87 99
87 100
87 104
87 105
87 106
87 107
87 113
87 114
87 115
87 116
87 118
87 120
87 123
87 124
87 125
87 128
87 129
87 131
87 134
87 137
87 140
87 142
87 143
87 146
87 147
87 149
87 150
87 152
87 154
87 156
87 157
88 3
88 4
88 6
88 7
88 8
88 9
88 10
88 13
88 14
88 15
88 16
88 19
88 20
88 22
88 23
88 26
88 27
88 29
88 30
88 32
88 34
88 39
88 41
88 43
88 45
88 46
88 50
88 56
88 61
88 65
88 66
88 70
88 71
88 75
88 78
88 79
88 80
88 81
88 83
88 87
88 90
88 94
88 95
88 96
88 98
88 99
88 100
88 102
88 105
88 106
88 108
88 110
88 115
88 116
88 117
88 119
88 121
88 122
88 123
88 124
88 126
88 127
88 128
88 129
88 131
88 132
88 136
88 138
88 139
88 140
88 143
88 144
88 145
88 147
88 148
88 149
88 152
88 154
88 157
88 159
89 3
89 6
89 7
89 8
89 9
89 10
89 11
89 12
89 13
89 15
89 16
89 17
89 21
89 22
89 26
89 33
89 35
89 37
89 39
89 41
89 42
89 44
89 46
89 47
89 49
89 51
89 52
89 54
89 56
89 57
89 58
89 60
89 64
89 69
89 70
89 72
89 74
89 76
89 78
89 79
89 81
89 82
89 83
89 86
89 87
89 88
89 90
89 91
89 92
89 95
89 97
89 99
89 100
89 102
89 104
89 106
89 107
89 108
89 109
89 112
89 116
89 117
89 118
89 121
89 124
89 126
89 127
89 128
89 130
89 131
89 132
89 136
89 138
89 139
89 140
89 141
89 142
89 144
89 145
89 148
89 149
89 150
89 152
89 154
89 155
89 156
90 1
90 2
90 3
90 6
90 9
90 10
90 12
90 13
90 16
90 19
90 20
90 22
90 23
90 24
90 25
90 26
90 29
90 34
90 35
90 36
90 38
90 40
90 41
90 43
90 44
90 47
90 48
90 49
90 50
90 51
90 55
90 56
90 58
90 59
90 60
90 61
90 62
90 63
90 65
90 66
90 68
90 70
90 71
90 72
90 73
90 74
90 76
90 77
90 80
90 81
90 84
90 86
90 92
90 94
90 95
90 96
90 99
90 102
90 103
90 105
90 108
90 109
90 110
90 111
90 114
90 119
90 122
90 125
90 126
90 127
90 130
90 133
90 135
90 136
90 138
90 139
90 140
90 141
90 146
90 147
90 150
90 151
90 154
90 155
90 158
91 0
91 3
91 4
91 5
91 6
91 8
91 9
91 10
91 11
91 13
91 16
91 20
91 21
91 22
91 24
91 27
91 28
91 30
91 33
91 36
91 38
91 39
91 41
91 43
91 45
91 47
91 48
91 53
91 56
91 57
91 59
91 60
91 62
91 63
91 64
91 65
91 68
91 69
91 73
91 74
91 75
91 78
91 81
91 82
91 84
91 85
91 88
91 90
91 92
91 99
91 100
91 105
91 107
91 109
91 114
91 115
91 116
91 121
91 124
91 126
91 129
91 130
91 131
91 133
91 134
91 137
91 140
91 142
91 146
91 149
91 151
91 152
91 156
91 157
91 159
92 2
92 4
92 5
92 6
92 8
92 13
92 18
92 19
92 21
92 22
92 23
92 25
92 27
92 29
92 32
92 33
92 35
92 36
92 38
92 41
92 42
92 43
92 44
92 45
92 48
92 49
92 52
92 57
92 58
92 59
92 62
92 63
92 65
92 66
92 70
92 73
92 76
92 78
92 79
92 83
92 84
92 87
92 88
92 93
92 97
92 99
92 101
92 102
92 107
92 113
92 115
92 119
92 123
92 124
92 128
92 132
92 133
92 134
92 136
92 139
92 143
92 144
92 146
92 148
92 149
92 155
92 156
92 157
92 158
93 3
93 5
93 6
93 7
93 13
93 14
93 16
93 17
93 21
93 22
93 23
93 24
93 25
93 26
93 32
93 34
93 38
93 42
93 46
93 47
93 48
93 52
93 53
93 57
93 58
93 60
93 62
93 63
93 66
93 68
93 69
93 72
93 74
93 79
93 80
93 84
93 86
93 88
93 89
93 90
93 91
93 94
93 97
93 99
93 100
93 101
93 102
93 103
93 104
93 105
93 106
93 107
93 109
93 112
93 113
93 114
93 115
93 116
93 118
93 119
93 120
93 121
93 124
93 130
93 131
93 132
93 133
93 135
93 142
93 143
93 144
93 146
93 147
93 148
93 152
93 159
94 1
94 4
94 8
94 9
94 10
94 12
94 14
94 15
94 16
94 18
94 22
94 23
94 28
94 29
94 30
94 31
94 32
94 36
94 38
94 39
94 40
94 47
94 48
94 49
94 50
94 54
94 57
94 58
94 59
94 61
94 63
94 64
94 66
94 68
94 69
94 71
94 72
94 73
94 74
94 77
94 78
94 80
94 81
94 89
94 91
94 92
94 95
94 99
94 100
94 101
94 102
94 103
94 105
94 106
94 108
94 115
94 116
94 117
94 118
94 119
94 120
94 121
94 122
94 123
94 125
94 126
94 127
94 130
94 133
94 134
94 137
94 139
94 140
94 142
94 143
94 145
94 147
94 148
94 150
94 151
94 152
94 155
94 156
95 1
95 2
95 4
95 9
95 11
95 12
95 13
95 14
95 15
95 17
95 19
95 21
95 22
95 24
95 27
95 29
95 32
95 33
95 35
95 36
95 37
95 40
95 43
95 45
95 50
95 52
95 53
95 54
95 55
95 56
95 57
95 58
95 63
95 64
95 66
95 69
95 71
95 73
95 76
95 77
95 82
95 83
95 91
95 92
95 93
95 96
95 99
95 100
95 101
95 103
95 105
95 106
95 107
95 108
95 110
95 112
95 113
95 114
95 117
95 120
95 122
95 123
95 124
95 127
95 128
95 130
95 131
95 134
95 135
95 137
95 138
95 139
95 140
95 141
95 142
95 143
95 146
95 148
95 155
95 157
96 4
96 5
96 6
96 7
96 8
96 9
96 12
96 15
96 16
96 21
96 24
96 26
96 27
96 28
96 37
96 38
96 43
96 44
96 45
96 46
96 47
96 49
96 51
96 52
96 54
96 55
96 57
96 59
96 63
96 66
96 67
96 69
96 72
96 73
96 74
96 75
96 78
96 81
96 82
96 87
96 89
96 91
96 92
96 93
96 94
96 99
96 101
96 103
96 106
96 111
96 113
96 117
96 118
96 122
96 127
96 128
96 132
96 134
96 136
96 139
96 141
96 145
96 148
96 150
96 151
96 152
96 153
96 154
96 155
96 156
96 158
97 0
97 2
97 3
97 4
97 6
97 9
97 10
97 11
97 13
97 19
97 21
97 24
97 25
97 27
97 28
97 32
97 33
97 34
97 36
97 41
97 42
97 47
97 48
97 49
97 52
97 54
97 56
97 57
97 58
97 59
97 61
97 64
97 65
97 73
97 74
97 76
97 77
97 81
97 83
97 85
97 88
97 90
97 91
97 94
97 95
97 96
97 99
97 101
97 103
97 105
97 108
97 109
97 110
97 111
97 118
97 121
97 125
97 126
97 128
97 133
97 134
97 136
97 138
97 141
97 143
97 147
97 149
97 151
97 153
97 155
97 158
98 0
98 4
98 5
98 6
98 10
98 11
98 13
98 14
98 16
98 17
98 18
98 19
98 20
98 23
98 25
98 27
98 28
98 31
98 37
98 38
98 41
98 43
98 44
98 45
98 46
98 50
98 51
98 53
98 59
98 62
98 63
98 66
98 68
98 69
98 70
98 71
98 72
98 74
98 75
98 76
98 78
98 80
98 82
98 84
98 86
98 87
98 89
98 90
98 91
98 92
98 93
98 94
98 95
98 96
98 97
98 102
98 104
98 107
98 108
98 111
98 113
98 114
98 115
98 116
98 117
98 122
98 123
98 125
98 127
98 135
98 138
98 140
98 147
98 149
98 150
98 151
98 152
98 153
98 154
99 2
99 6
99 8
99 9
99 10
99 14
99 15
99 16
99 20
99 23
99 24
99 26
99 28
99 29
99 35
99 36
99 38
99 40
99 41
99 42
99 47
99 51
99 53
99 55
99 56
99 58
99 60
99 61
99 66
99 67
99 68
99 70
99 71
99 72
99 75
99 77
99 78
99 79
99 80
99 81
99 82
99 84
99 85
99 86
99 98
99 100
99 101
99 104
99 105
99 107
99 110
99 111
99 112
99 113
99 117
99 119
99 121
99 123
99 132
99 136
99 141
99 142
99 143
99 144
99 146
99 147
99 149
99 152
99 155
100 0
100 1
100 2
100 5
100 7
100 8
100 10
100 11
100 12
100 13
100 14
100 15
100 16
100 18
100 20
100 22
100 28
100 29
100 30
100 31
100 33
100 34
100 35
100 37
100 39
100 41
100 42
100 43
100 46
100 49
100 50
100 51
100 53
100 54
100 55
100 57
100 60
100 61
100 62
100 65
100 66
100 67
100 68
100 71
100 75
100 76
100 82
100 84
100 85
100 86
100 90
100 92
100 96
100 97
100 98
100 102
100 103
100 104
100 107
100 108
100 109
100 110
100 115
100 116
100 119
100 123
100 125
100 127
100 129
100 133
100 134
100 135
100 138
100 141
100 143
100 147
100 152
100 154
100 155
100 159
101 0
101 4
101 5
101 9
101 13
101 18
101 23
101 24
101 25
101 27
101 28
101 29
101 31
101 34
101 35
101 36
101 38
101 39
101 40
101 41
101 42
101 43
101 44
101 46
101 50
101 52
101 55
101 56
101 57
101 58
101 59
101 60
101 61
101 64
101 65
101 66
101 67
101 68
101 70
101 72
101 75
101 76
101 78
101 79
101 80
101 83
101 87
101 88
101 89
101 90
101 91
101 98
101 100
101 102
101 103
101 104
101 105
101 107
101 109
101 113
101 115
101 116
101 117
101 119
101 120
101 126
101 127
101 128
101 136
101 137
101 140
101 141
101 143
101 146
101 147
101 148
101 149
101 155
101 157
101 158
102 1
102 3
102 4
102 6
102 7
102 8
102 9
102 14
102 15
102 16
102 17
102 18
102 19
102 20
102 21
102 22
102 27
102 33
102 34
102 35
102 37
102 38
102 40
102 41
102 43
102 46
102 47
102 51
102 55
102 58
102 59
102 61
102 62
102 64
102 66
102 68
102 73
102 74
102 75
102 76
102 77
102 78
102 80
102 84
102 87
102 91
102 95
102 96
102 97
102 99
102 105
102 108
102 109
102 112
102 115
102 121
102 123
102 124
102 126
102 130
102 131
102 132
102 133
102 134
102 137
102 138
102 139
102 140
102 142
102 143
102 144
102 146
102 147
102 149
102 150
102 151
102 152
102 155
102 156
102 158
103 3
103 5
103 6
103 8
103 9
103 10
103 11
103 13
103 15
103 21
103 23
103 24
103 25
103 27
103 31
103 32
103 34
103 35
103 36
103 37
103 42
103 47
103 52
103 54
103 55
103 56
103 57
103 58
103 60
103 61
103 62
103 63
103 64
103 67
103 69
103 71
103 73
103 74
103 75
103 76
103 78
103 81
103 82
103 86
103 87
103 88
103 89
103 91
103 92
103 98
103 99
103 102
103 104
103 105
103 109
103 110
103 111
103 112
103 113
103 117
103 120
103 122
103 123
103 124
103 125
103 127
103 129
103 130
103 131
103 132
103 134
103 135
103 136
103 138
103 139
103 141
103 143
103 144
103 145
103 146
103 147
103 149
103 151
103 155
103 156
103 158
103 159
104 1
104 5
104 8
104 9
104 10
104 11
104 13
104 15
104 16
104 17
104 20
104 21
104 22
104 26
104 28
104 31
104 32
104 33
104 34
104 35
104 36
104 38
104 40
104 41
104 43
104 44
104 45
104 46
104 48
104 52
104 53
104 54
104 55
104 57
104 60
104 61
104 62
104 63
104 65
104 68
104 71
104 72
104 74
104 78
104 79
104 83
104 84
104 85
104 86
104 88
104 90
104 91
104 92
104 94
104 95
104 96
104 97
104 102
104 105
104 106
104 107
104 111
104 112
104 114
104 115
104 116
104 117
104 118
104 120
104 121
104 122
104 123
104 126
104 127
104 128
104 131
104 136
104 137
104 138
104 139
104 140
104 143
104 146
104 148
104 152
104 159
105 0
105 1
105 2
105 3
105 4
105 6
105 9
105 16
105 17
105 18
105 20
105 22
105 23
105 29
105 30
105 33
105 34
105 38
105 39
105 40
105 41
105 42
105 43
105 44
105 48
105 54
105 60
105 61
105 62
105 63
105 64
105 68
105 69
105 71
105 72
105 73
105 74
105 76
105 77
105 78
105 79
105 84
105 85
105 89
105 92
105 96
105 98
105 100
105 108
105 109
105 113
105 114
105 119
105 122
105 126
105 127
105 129
105 130
105 131
105 133
105 135
105 138
105 140
105 145
105 146
105 147
105 150
105 154
105 155
105 156
105 157
105 158
106 0
106 2
106 5
106 8
106 9
106 10
106 11
106 14
106 15
106 17
106 19
106 28
106 29
106 30
106 32
106 35
106 38
106 40
106 42
106 43
106 46
106 47
106 48
106 49
106 51
106 52
106 54
106 55
106 60
106 62
106 63
106 65
106 69
106 74
106 75
106 82
106 83
106 84
106 86
106 90
106 91
106 92
106 97
106 98
106 99
106 100
106 101
106 102
106 103
106 105
106 108
106 109
106 111
106 113
106 114
106 118
106 120
106 122
106 123
106 125
106 128
106 133
106 134
106 136
106 138
106 140
106 141
106 142
106 143
106 144
106 147
106 148
106 149
106 150
106 152
106 153
106 155
106 157
106 158
107 2
107 6
107 7
107 8
107 10
107 12
107 13
107 14
107 21
107 24
107 25
107 27
107 28
107 29
107 30
107 34
107 35
107 37
107 41
107 43
107 44
107 47
107 49
107 55
107 56
107 57
107 58
107 60
107 63
107 65
107 67
107 71
107 73
107 74
107 75
107 76
107 79
107 80
107 83
107 86
107 88
107 90
107 94
107 96
107 97
107 102
107 103
107 105
107 106
107 108
107 111
107 112
107 113
107 114
107 115
107 116
107 117
107 118
107 119
107 120
107 122
107 123
107 126
107 127
107 128
107 129
107 130
107 131
107 133
107 136
107 139
107 141
107 143
107 147
107 149
107 153
107 154
107 156
107 157
107 158
108 0
108 1
108 2
108 4
108 5
108 11
108 12
108 15
108 16
108 17
108 18
108 20
108 21
108 25
108 28
108 29
108 30
108 32
108 35
108 36
108 38
108 39
108 42
108 43
108 45
108 47
108 48
108 50
108 51
108 52
108 53
108 54
108 57
108 58
108 60
108 64
108 65
108 67
108 71
108 75
108 76
108 77
108 78
108 81
108 82
108 87
108 91
108 92
108 93
108 96
108 99
108 101
108 103
108 104
108 110
108 113
108 114
108 116
108 117
108 122
108 124
108 127
108 129
108 131
108 133
108 135
108 136
108 138
108 140
108 142
108 145
108 148
108 149
108 152
108 155
109 0
109 10
109 13
109 15
109 18
109 20
109 21
109 22
109 23
109 25
109 27
109 29
109 30
109 33
109 34
109 37
109 38
109 40
109 43
109 44
109 45
109 49
109 51
109 55
109 58
109 59
109 60
109 63
109 64
109 68
109 70
109 71
109 72
109 73
109 78
109 79
109 80
109 81
109 82
109 83
109 84
109 86
109 87
109 88
109 92
109 94
109 95
109 96
109 98
109 99
109 104
109 107
109 108
109 110
109 115
109 120
109 124
109 126
109 127
109 128
109 131
109 132
109 135
109 136
109 137
109 140
109 141
109 142
109 143
109 144
109 146
109 147
109 151
109 152
109 154
109 156
109 157
109 159
110 1
110 2
110 6
110 8
110 10
110 11
110 14
110 15
110 17
110 19
110 26
110 27
110 28
110 29
110 30
110 32
110 34
110 35
110 38
110 39
110 42
110 46
110 47
110 48
110 49
110 51
110 52
110 55
110 57
110 59
110 64
110 65
110 66
110 68
110 69
110 70
110 72
110 73
110 74
110 77
110 78
110 79
110 81
110 84
110 85
110 87
110 89
110 91
110 92
110 93
110 94
110 96
110 98
110 101
110 102
110 104
110 105
110 106
110 107
110 112
110 113
110 115
110 116
110 120
110 121
110 122
110 123
110 125
110 126
110 129
110 130
110 131
110 133
110 135
110 138
110 139
110 143
110 146
110 147
110 148
110 151
110 153
110 155
110 157
110 159
111 0
111 1
111 4
111 5
111 6
111 7
111 9
111 10
111 12
111 14
111 16
111 17
111 19
111 20
111 21
111 28
111 31
111 32
111 33
111 34
111 35
111 36
111 37
111 38
111 40
111 43
111 47
111 50
111 51
111 54
111 55
111 57
111 58
111 60
111 66
111 67
111 69
111 70
111 72
111 74
111 77
111 81
111 84
111 86
111 87
111 88
111 89
111 91
111 92
111 93
111 94
111 95
111 100
111 101
111 102
111 105
111 108
111 109
111 110
111 112
111 117
111 118
111 119
111 120
111 122
111 123
111 124
111 126
111 127
111 129
111 130
111 131
111 132
111 134
111 136
111 137
111 138
111 139
111 140
111 142
111 145
111 146
111 147
111 150
111 155
111 157
112 0
112 2
112 4
112 5
112 7
112 10
112 11
112 14
112 16
112 18
112 20
112 23
112 24
112 27
112 28
112 29
112 30
112 41
112 43
112 44
112 45
112 47
112 48
112 49
112 50
112 53
112 56
112 57
112 59
112 60
112 63
112 67
112 72
112 73
112 75
112 76
112 78
112 79
112 82
112 83
112 84
112 87
112 88
112 90
112 91
112 92
112 94
112 96
112 97
112 98
112 100
112 101
112 105
112 106
112 108
112 109
112 113
112 114
112 116
112 117
112 118
112 120
112 124
112 125
112 128
112 129
112 130
112 133
112 134
112 135
112 136
112 138
112 139
112 140
112 146
112 149
112 151
112 152
112 153
112 154
112 156
112 159
113 0
113 1
113 2
113 3
113 6
113 7
113 8
113 9
113 10
113 12
113 13
113 14
113 16
113 19
113 21
113 23
113 26
113 28
113 30
113 31
113 32
113 33
113 36
113 38
113 43
113 44
113 45
113 46
113 47
113 48
113 50
113 53
113 54
113 56
113 58
113 59
113 62
113 65
113 66
113 69
113 77
113 83
113 84
113 86
113 88
113 89
113 90
113 91
113 94
113 97
113 100
113 102
113 104
113 109
113 111
113 115
113 118
113 119
113 123
113 124
113 125
113 129
113 131
113 132
113 136
113 138
113 142
113 147
113 148
113 150
113 151
113 152
113 158
113 159
114 0
114 4
114 11
114 12
114 13
114 16
114 18
114 20
114 21
114 23
114 24
114 26
114 27
114 31
114 34
114 35
114 36
114 37
114 39
114 40
114 41
114 42
114 43
114 44
114 48
114 50
114 52
114 54
114 55
114 57
114 58
114 59
114 61
114 62
114 65
114 66
114 68
114 70
114 71
114 74
114 75
114 76
114 79
114 80
114 81
114 82
114 83
114 86
114 88
114 89
114 92
114 94
114 96
114 97
114 99
114 100
114 101
114 102
114 103
114 109
114 110
114 111
114 113
114 115
114 116
114 117
114 121
114 125
114 126
114 127
114 128
114 129
114 131
114 133
114 134
114 137
114 139
114 142
114 144
114 145
114 146
114 148
114 149
114 150
114 153
114 154
114 156
114 158
115 0
115 1
115 2
115 6
115 7
115 8
115 9
115 10
115 12
115 13
115 14
115 16
115 19
115 21
115 22
115 23
115 24
115 26
115 27
115 29
115 30
115 32
115 33
115 42
115 43
115 45
115 46
115 50
115 51
115 52
115 54
115 56
115 57
115 59
115 61
115 62
115 63
115 70
115 71
115 73
115 74
115 75
115 78
115 80
115 82
115 83
115 84
115 89
115 90
115 95
115 96
115 97
115 99
115 103
115 105
115 106
115 108
115 111
115 112
115 117
115 118
115 122
115 123
115 124
115 126
115 127
115 128
115 133
115 137
115 139
115 141
115 142
115 143
115 145
115 148
115 150
115 155
115 156
115 157
115 158
116 4
116 6
116 7
116 11
116 12
116 14
116 15
116 16
116 18
116 19
116 20
116 21
116 22
116 26
116 28
116 29
116 30
116 32
116 33
116 34
116 36
116 38
116 39
116 43
116 44
116 45
116 46
116 47
116 50
116 52
116 53
116 56
116 58
116 59
116 60
116 61
116 62
116 65
116 66
116 67
116 69
116 70
116 73
116 74
116 76
116 78
116 79
116 82
116 83
116 84
116 86
116 90
116 92
116 95
116 96
116 97
116 99
116 102
116 103
116 105
116 106
116 109
116 111
116 113
116 115
116 120
116 121
116 123
116 125
116 127
116 128
116 130
116 131
116 135
116 137
116 138
116 143
116 146
116 147
116 148
116 150
116 152
116 155
116 156
117 0
117 2
117 3
117 4
117 5
117 6
117 7
117 9
117 10
117 11
117 12
117 13
117 15
117 17
117 18
117 19
117 21
117 22
117 23
117 24
117 25
117 26
117 27
117 38
117 40
117 41
117 43
117 44
117 45
117 46
117 48
117 49
117 52
117 57
117 64
117 65
117 67
117 68
117 72
117 75
117 76
117 78
117 79
117 80
117 83
117 85
117 86
117 87
117 90
117 91
117 92
117 93
117 97
117 100
117 102
117 105
117 106
117 109
117 110
117 113
117 116
117 119
117 122
117 123
117 125
117 127
117 131
117 135
117 137
117 139
117 140
117 144
117 145
117 147
117 151
117 152
117 155
117 158
118 1
118 2
118 4
118 6
118 13
118 15
118 19
118 20
118 21
118 23
118 24
118 26
118 28
118 30
118 33
118 34
118 35
118 37
118 43
118 44
118 48
118 49
118 50
118 51
118 54
118 55
118 56
118 57
118 62
118 64
118 65
118 66
118 75
118 76
118 77
118 78
118 80
118 82
118 83
118 84
118 86
118 88
118 90
118 91
118 92
118 95
118 98
118 99
118 100
118 101
118 102
118 103
118 105
118 108
118 109
118 110
118 114
118 116
118 117
118 119
118 120
118 121
118 123
118 124
118 125
118 126
118 128
118 131
118 133
118 135
118 137
118 138
118 142
118 146
118 147
118 151
118 152
118 155
118 158
118 159
119 1
119 3
119 5
119 10
119 12
119 13
119 14
119 17
119 22
119 25
119 26
119 28
119 32
119 34
119 36
119 37
119 39
119 40
119 43
119 44
119 46
119 47
119 48
119 50
119 51
119 53
119 55
119 56
119 57
119 59
119 60
119 64
119 66
119 67
119 68
119 69
119 71
119 73
119 74
119 75
119 83
119 85
119 86
119 87
119 89
119 91
119 95
119 96
119 97
119 98
119 102
119 103
119 104
119 106
119 108
119 109
119 110
119 112
119 114
119 115
119 116
119 120
119 121
119 129
119 131
119 133
119 135
119 138
119 139
119 143
119 144
119 145
119 146
119 147
119 148
119 150
119 155
119 159
120 0
120 1
120 2
120 3
120 5
120 6
120 7
120 8
120 11
120 12
120 13
120 16
120 17
120 18
120 21
120 23
120 25
120 26
120 30
120 34
120 36
120 38
120 40
120 42
120 43
120 45
120 47
120 48
120 50
120 51
120 52
120 53
120 57
120 59
120 61
120 62
120 68
120 72
120 74
120 76
120 78
120 79
120 83
120 84
120 86
120 88
120 89
120 90
120 91
120 92
120 96
120 97
120 98
120 99
120 100
120 102
120 105
120 108
120 113
120 114
120 115
120 117
120 121
120 122
120 123
120 125
120 130
120 132
120 133
120 134
120 136
120 137
120 138
120 139
120 141
120 142
120 143
120 144
120 145
120 146
120 147
120 148
120 149
120 150
120 151
120 155
120 159
121 0
121 1
121 2
121 3
121 5
121 6
121 8
121 9
121 11
121 14
121 15
121 20
121 21
121 22
121 24
121 27
121 28
121 29
121 34
121 37
121 38
121 39
121 48
121 49
121 50
121 51
121 53
121 57
121 58
121 60
121 61
121 64
121 66
121 72
121 73
121 74
121 78
121 79
121 80
121 84
121 85
121 87
121 90
121 92
121 95
121 96
121 98
121 100
121 101
121 103
121 105
121 106
121 107
121 108
121 109
121 111
121 112
121 113
121 115
121 117
121 122
121 123
121 124
121 126
121 127
121 128
121 130
121 135
121 136
121 140
121 142
121 145
121 146
121 148
121 150
121 151
121 154
121 156
121 157
121 158
122 0
122 4
122 6
122 8
122 11
122 13
122 19
122 20
122 23
122 24
122 27
122 31
122 42
122 44
122 47
122 48
122 50
122 51
122 52
122 53
122 55
122 56
122 57
122 60
122 62
122 63
122 64
122 65
122 66
122 68
122 70
122 72
122 73
122 75
122 78
122 85
122 87
122 89
122 91
122 92
122 93
122 97
122 99
122 100
122 101
122 102
122 109
122 112
122 113
122 114
122 116
122 118
122 119
122 123
122 125
122 126
122 128
122 129
122 133
122 135
122 136
122 137
122 138
122 140
122 141
122 142
122 143
122 147
122 148
122 149
122 151
122 152
122 153
122 154
122 155
122 156
122 158
122 159
123 0
123 2
123 3
123 4
123 6
123 7
123 9
123 10
123 13
123 14
123 15
123 16
123 17
123 18
123 19
123 20
123 26
123 27
123 28
123 31
123 36
123 37
123 38
123 39
123 40
123 42
123 44
123 46
123 52
123 54
123 55
123 56
123 57
123 63
123 64
123 65
123 66
123 67
123 68
123 70
123 71
123 72
123 76
123 79
123 82
123 85
123 89
123 90
123 91
123 93
123 96
123 97
123 101
123 105
123 108
123 109
123 112
123 114
123 119
123 127
123 129
123 132
123 135
123 136
123 138
123 139
123 140
123 141
123 144
123 145
123 150
123 151
123 152
123 154
123 155
123 156
123 159
124 2
124 3
124 4
124 6
124 7
124 8
124 10
124 13
124 14
124 15
124 16
124 23
124 24
124 30
124 34
124 36
124 37
124 38
124 40
124 41
124 42
124 46
124 47
124 48
124 52
124 54
124 56
124 59
124 60
124 63
124 64
124 65
124 67
124 68
124 69
124 70
124 73
124 76
124 78
124 79
124 81
124 84
124 90
124 94
124 96
124 97
124 98
124 99
124 100
124 101
124 104
124 105
124 106
124 107
124 110
124 114
124 116
124 117
124 119
124 120
124 122
124 123
124 125
124 127
124 128
124 129
124 130
124 131
124 132
124 134
124 136
124 137
124 139
124 140
124 141
124 142
124 143
124 144
124 147
124 149
124 150
124 151
124 153
124 155
124 156
124 158
125 1
125 4
125 5
125 6
125 7
125 10
125 11
125 14
125 17
125 18
125 20
125 21
125 22
125 24
125 25
125 30
125 33
125 34
125 36
125 38
125 39
125 40
125 41
125 42
125 43
125 45
125 47
125 49
125 52
125 53
125 54
125 55
125 56
125 58
125 59
125 61
125 62
125 65
125 67
125 68
125 70
125 71
125 73
125 75
125 76
125 77
125 79
125 80
125 82
125 84
125 86
125 88
125 89
125 91
125 92
125 93
125 95
125 96
125 99
125 101
125 102
125 104
125 105
125 107
125 108
125 109
125 111
125 115
125 119
125 121
125 123
125 126
125 128
125 129
125 130
125 132
125 133
125 134
125 140
125 141
125 142
125 144
125 145
125 146
125 147
125 150
125 151
125 154
125 156
125 159
126 0
126 1
126 4
126 5
126 6
126 8
126 10
126 15
126 16
126 18
126 21
126 22
126 23
126 24
126 25
126 26
126 27
126 28
126 29
126 30
126 31
126 32
126 33
126 34
126 35
126 36
126 43
126 44
126 45
126 51
126 52
126 53
126 56
126 62
126 63
126 66
126 68
126 69
126 70
126 71
126 72
126 75
126 76
126 82
126 84
126 85
126 87
126 92
126 93
126 95
126 96
126 98
126 99
126 100
126 103
126 106
126 108
126 112
126 113
126 116
126 117
126 119
126 120
126 123
126 124
126 128
126 130
126 131
126 134
126 135
126 136
126 137
126 139
126 140
126 141
126 143
126 144
126 147
126 148
126 149
126 150
126 151
126 152
126 154
126 155
126 156
126 158
126 159
127 1
127 2
127 3
127 11
127 12
127 13
127 16
127 21
127 23
127 24
127 25
127 26
127 27
127 28
127 35
127 39
127 42
127 43
127 45
127 47
127 49
127 50
127 53
127 54
127 58
127 61
127 63
127 64
127 66
127 67
127 69
127 70
127 72
127 74
127 75
127 80
127 81
127 82
127 83
127 84
127 87
127 91
127 92
127 93
127 97
127 99
127 102
127 106
127 110
127 112
127 113
127 118
127 119
127 120
127 122
127 125
127 126
127 128
127 133
127 136
127 141
127 142
127 143
127 144
127 145
127 147
127 148
127 149
127 150
127 151
127 153
127 154
127 158
128 0
128 2
128 3
128 4
128 5
128 6
128 8
128 9
128 11
128 12
128 13
128 18
128 19
128 22
128 24
128 25
128 27
128 28
128 32
128 35
128 39
128 41
128 42
128 44
128 46
128 47
128 48
128 50
128 52
128 54
128 55
128 57
128 58
128 59
128 61
128 62
128 63
128 64
128 67
128 68
128 72
128 75
128 76
128 77
128 79
128 80
128 83
128 84
128 90
128 91
128 93
128 94
128 98
128 99
128 100
128 102
128 103
128 105
128 108
128 110
128 111
128 113
128 117
128 119
128 120
128 123
128 129
128 130
128 131
128 133
128 135
128 137
128 140
128 141
128 143
128 147
128 152
128 154
128 156
128 157
128 158
129 1
129 5
129 6
129 9
129 11
129 12
129 15
129 18
129 19
129 20
129 21
129 22
129 24
129 26
129 27
129 29
129 30
129 32
129 33
129 34
129 35
129 36
129 38
129 41
129 42
129 44
129 48
129 49
129 50
129 51
129 52
129 53
129 55
129 56
129 57
129 58
129 62
129 65
129 67
129 68
129 69
129 71
129 73
129 75
129 76
129 78
129 79
129 84
129 85
129 89
129 90
129 92
129 93
129 94
129 95
129 96
129 97
129 98
129 99
129 101
129 102
129 104
129 106
129 109
129 115
129 116
129 117
129 118
129 120
129 121
129 126
129 127
129 130
129 133
129 136
129 137
129 139
129 141
129 143
129 144
129 150
129 151
129 153
129 154
129 157
130 0
130 1
130 2
130 4
130 6
130 7
130 15
130 21
130 23
130 24
130 25
130 27
130 28
130 31
130 33
130 35
130 36
130 37
130 43
130 44
130 45
130 46
130 47
130 48
130 51
130 55
130 56
130 57
130 58
130 59
130 62
130 64
130 66
130 67
130 68
130 69
130 73
130 74
130 75
130 83
130 86
130 87
130 88
130 92
130 96
130 97
130 98
130 99
130 100
130 101
130 104
130 106
130 108
130 109
130 113
130 114
130 115
130 117
130 118
130 119
130 122
130 123
130 127
130 131
130 133
130 134
130 137
130 138
130 139
130 142
130 146
130 149
130 150
130 153
130 154
130 155
130 159
131 0
131 3
131 4
131 5
131 6
131 10
131 14
131 15
131 17
131 20
131 21
131 23
131 24
131 31
131 34
131 36
131 37
131 39
131 48
131 49
131 52
131 54
131 55
131 59
131 62
131 64
131 65
131 67
131 71
131 72
131 75
131 76
131 78
131 79
131 81
131 83
131 84
131 86
131 90
131 92
131 94
131 96
131 97
131 98
131 99
131 100
131 101
131 106
131 112
131 115
131 120
131 121
131 122
131 123
131 125
131 127
131 129
131 133
131 134
131 135
131 136
131 137
131 139
131 141
131 143
131 146
131 147
131 150
131 152
131 155
131 156
132 1
132 2
132 4
132 5
132 6
132 9
132 10
132 14
132 17
132 25
132 27
132 28
132 29
132 30
132 32
132 34
132 35
132 36
132 38
132 40
132 43
132 44
132 45
132 47
132 50
132 51
132 53
132 58
132 60
132 61
132 62
132 63
132 65
132 66
132 70
132 71
132 72
132 73
132 75
132 76
132 77
132 78
132 80
132 81
132 85
132 87
132 90
132 91
132 94
132 95
132 97
132 98
132 100
132 101
132 104
132 105
132 106
132 107
132 108
132 110
132 112
132 114
132 115
132 116
132 117
132 118
132 119
132 121
132 122
132 126
132 127
132 128
132 129
132 130
132 131
132 133
132 135
132 138
132 139
132 140
132 142
132 143
132 144
132 145
132 147
132 150
132 151
132 152
132 154
132 156
132 157
132 159
133 0
133 1
133 4
133 8
133 12
133 13
133 14
133 15
133 16
133 17
133 19
133 21
133 22
133 23
133 24
133 26
133 29
133 30
133 32
133 33
133 34
133 41
133 45
133 48
133 52
133 53
133 54
133 58
133 63
133 64
133 66
133 72
133 74
133 75
133 76
133 78
133 80
133 84
133 86
133 87
133 88
133 89
133 95
133 96
133 98
133 99
133 101
133 103
133 104
133 109
133 111
133 113
133 116
133 117
133 121
133 123
133 124
133 126
133 134
133 135
133 137
133 138
133 139
133 140
133 141
133 149
133 151
133 152
133 153
133 154
133 157
134 0
134 3
134 4
134 8
134 11
134 14
134 15
134 18
134 20
134 21
134 23
134 25
134 26
134 27
134 29
134 32
134 33
134 35
134 36
134 37
134 39
134 40
134 42
134 44
134 46
134 48
134 49
134 51
134 52
134 53
134 56
134 58
134 60
134 61
134 63
134 65
134 68
134 69
134 71
134 72
134 75
134 81
134 82
134 83
134 84
134 85
134 86
134 88
134 89
134 90
134 93
134 98
134 99
134 101
134 104
134 105
134 107
134 108
134 109
134 110
134 113
134 115
134 116
134 117
134 118
134 119
134 121
134 122
134 123
134 127
134 128
134 129
134 132
134 136
134 139
134 143
134 149
134 150
134 151
134 154
134 155
134 157
134 158
135 2
135 3
135 5
135 6
135 8
135 9
135 11
135 12
135 13
135 14
135 18
135 21
135 22
135 32
135 35
135 36
135 37
135 38
135 43
135 46
135 48
135 51
135 55
135 59
135 61
135 62
135 63
135 64
135 65
135 70
135 72
135 73
135 75
135 76
135 80
135 81
135 82
135 83
135 86
135 87
135 88
135 89
135 91
135 92
135 94
135 96
135 97
135 99
135 101
135 102
135 104
135 106
135 107
135 111
135 113
135 114
135 115
135 120
135 124
135 125
135 127
135 129
135 130
135 134
135 136
135 137
135 142
135 143
135 145
135 146
135 148
135 149
135 150
135 154
136 1
136 7
136 8
136 11
136 12
136 13
136 15
136 19
136 21
136 22
136 25
136 26
136 30
136 36
136 40
136 42
136 44
136 47
136 48
136 49
136 50
136 51
136 53
136 55
136 58
136 59
136 62
136 63
136 64
136 67
136 68
136 70
136 73
136 74
136 78
136 79
136 80
136 82
136 87
136 91
136 93
136 94
136 95
136 98
136 100
136 102
136 105
136 110
136 114
136 115
136 116
136 117
136 118
136 119
136 125
136 128
136 130
136 132
136 133
136 138
136 139
136 141
136 142
136 145
136 147
136 150
136 151
136 153
136 154
136 155
136 159
137 0
137 2
137 3
137 4
137 5
137 8
137 11
137 16
137 17
137 19
137 20
137 21
137 23
137 24
137 25
137 26
137 27
137 29
137 31
137 32
137 34
137 35
137 39
137 40
137 44
137 48
137 49
137 50
137 51
137 52
137 53
137 54
137 58
137 59
137 60
137 61
137 62
137 63
137 64
137 65
137 66
137 67
137 69
137 70
137 76
137 78
137 79
137 80
137 81
137 83
137 86
137 88
137 89
137 90
137 92
137 93
137 96
137 97
137 98
137 99
137 100
137 103
137 105
137 106
137 107
137 108
137 110
137 112
137 113
137 119
137 121
137 123
137 125
137 127
137 132
137 134
137 136
137 138
137 139
137 141
137 142
137 143
137 144
137 147
137 151
137 152
137 153
137 154
137 155
137 157
138 2
138 5
138 6
138 7
138 9
138 10
138 11
138 12
138 13
138 15
138 16
138 18
138 23
138 24
138 25
138 26
138 29
138 30
138 31
138 33
138 38
138 40
138 41
138 42
138 43
138 44
138 47
138 48
138 49
138 50
138 51
138 54
138 58
138 59
138 62
138 63
138 64
138 65
138 66
138 67
138 69
138 72
138 74
138 75
138 77
138 78
138 80
138 83
138 85
138 86
138 87
138 91
138 92
138 93
138 94
138 96
138 99
138 101
138 107
138 109
138 114
138 115
138 117
138 121
138 124
138 125
138 126
138 127
138 128
138 129
138 131
138 134
138 135
138 139
138 140
138 143
138 144
138 145
138 146
138 152
138 153
138 154
138 157
138 159
139 0
139 1
139 2
139 4
139 5
139 11
139 15
139 16
139 17
139 18
139 20
139 29
139 30
139 31
139 32
139 33
139 34
139 35
139 36
139 38
139 40
139 41
139 43
139 46
139 48
139 49
139 54
139 56
139 59
139 62
139 63
139 64
139 68
139 70
139 71
139 72
139 73
139 75
139 76
139 78
139 81
139 82
139 84
139 87
139 91
139 93
139 97
139 98
139 99
139 100
139 101
139 105
139 106
139 108
139 109
139 113
139 116
139 118
139 121
139 122
139 125
139 127
139 128
139 135
139 142
139 143
139 145
139 148
139 152
139 156
139 157
139 158
140 0
140 1
140 2
140 3
140 4
140 5
140 6
140 7
140 9
140 10
140 11
140 12
140 16
140 17
140 20
140 23
140 29
140 33
140 34
140 36
140 37
140 38
140 42
140 43
140 44
140 45
140 46
140 49
140 52
140 53
140 54
140 58
140 60
140 62
140 63
140 64
140 67
140 68
140 73
140 74
140 75
140 76
140 77
140 78
140 80
140 81
140 83
140 85
140 86
140 92
140 93
140 96
140 97
140 99
140 100
140 103
140 107
140 110
140 113
140 114
140 115
140 116
140 118
140 119
140 120
140 127
140 129
140 130
140 131
140 134
140 135
140 136
140 137
140 139
140 142
140 143
140 146
140 147
140 149
140 150
140 152
140 155
140 157
140 158
140 159
141 2
141 5
141 6
141 8
141 9
141 10
141 15
141 17
141 20
141 22
141 25
141 26
141 27
141 29
141 30
141 31
141 33
141 34
141 35
141 36
141 39
141 40
141 41
141 44
141 45
141 47
141 48
141 49
141 51
141 52
141 53
141 55
141 56
141 59
141 60
141 61
141 64
141 73
141 74
141 76
141 78
141 79
141 81
141 83
141 86
141 87
141 88
141 91
141 92
141 93
141 94
141 98
141 102
141 104
141 105
141 108
141 110
141 111
141 112
141 113
141 114
141 116
141 117
141 118
141 119
141 121
141 130
141 132
141 134
141 135
141 138
141 139
141 140
141 143
141 146
141 147
141 148
141 149
141 151
141 154
141 155
141 158
141 159
142 1
142 2
142 9
142 11
142 12
142 13
142 14
142 15
142 19
142 21
142 22
142 23
142 26
142 28
142 31
142 32
142 37
142 39
142 41
142 43
142 44
142 45
142 46
142 48
142 49
142 51
142 53
142 55
142 56
142 58
142 59
142 60
142 62
142 65
142 67
142 70
142 71
142 72
142 73
142 75
142 76
142 78
142 79
142 81
142 83
142 84
142 86
142 88
142 90
142 92
142 96
142 97
142 98
142 100
142 101
142 103
142 104
142 105
142 107
142 110
142 112
142 116
142 117
142 119
142 123
142 126
142 128
142 129
142 131
142 133
142 134
142 138
142 141
142 143
142 146
142 147
142 148
142 152
142 155
142 156
142 158
143 0
143 1
143 3
143 5
143 6
143 7
143 8
143 10
143 11
143 13
143 14
143 15
143 16
143 18
143 19
143 20
143 21
143 24
143 25
143 26
143 27
143 28
143 33
143 35
143 36
143 37
143 41
143 43
143 44
143 46
143 47
143 49
143 50
143 52
143 53
143 61
143 62
143 64
143 66
143 69
143 70
143 71
143 72
143 73
143 75
143 78
143 79
143 80
143 83
143 86
143 89
143 90
143 91
143 96
143 98
143 105
143 108
143 111
143 112
143 113
143 114
143 117
143 118
143 121
143 123
143 125
143 130
143 133
143 136
143 146
143 147
143 149
143 154
143 155
143 159
144 1
144 2
144 3
144 4
144 12
144 16
144 17
144 21
144 22
144 24
144 25
144 26
144 27
144 28
144 29
144 30
144 31
144 34
144 40
144 41
144 42
144 43
144 48
144 51
144 60
144 61
144 62
144 63
144 65
144 66
144 67
144 71
144 73
144 74
144 75
144 78
144 79
144 80
144 81
144 82
144 83
144 86
144 87
144 90
144 91
144 94
144 95
144 96
144 97
144 98
144 100
144 101
144 104
144 105
144 107
144 108
144 110
144 111
144 112
144 113
144 115
144 116
144 118
144 121
144 122
144 128
144 130
144 131
144 133
144 134
144 135
144 136
144 139
144 140
144 141
144 142
144 143
144 147
144 148
144 149
144 150
144 151
144 152
144 153
144 155
144 156
144 157
145 1
145 2
145 3
145 7
145 13
145 14
145 15
145 16
145 17
145 19
145 21
145 25
145 27
145 28
145 29
145 31
145 36
145 38
145 39
145 40
145 41
145 47
145 48
145 52
145 55
145 57
145 58
145 59
145 62
145 63
145 64
145 67
145 69
145 70
145 71
145 72
145 73
145 76
145 78
145 79
145 80
145 81
145 82
145 83
145 84
145 85
145 86
145 87
145 90
145 91
145 92
145 93
145 95
145 97
145 98
145 99
145 100
145 101
145 102
145 104
145 106
145 107
145 109
145 110
145 112
145 113
145 116
145 118
145 122
145 124
145 126
145 128
145 129
145 130
145 131
145 133
145 134
145 137
145 140
145 141
145 142
145 143
145 144
145 146
145 147
145 148
145 153
145 154
145 156
145 157
145 159
146 0
146 1
146 2
146 3
146 6
146 7
146 9
146 10
146 11
146 13
146 14
146 15
146 17
146 18
146 19
146 21
146 22
146 23
146 25
146 27
146 28
146 30
146 33
146 35
146 36
146 37
146 38
146 39
146 40
146 41
146 48
146 52
146 53
146 54
146 56
146 58
146 59
146 61
146 62
146 63
146 66
146 68
146 73
146 75
146 81
146 83
146 88
146 89
146 94
146 96
146 97
146 98
146 100
146 106
146 107
146 108
146 113
146 115
146 117
146 122
146 123
146 124
146 126
146 127
146 128
146 129
146 132
146 133
146 134
146 136
146 137
146 139
146 144
146 147
146 148
146 150
146 155
146 157
146 158
146 159
147 2
147 4
147 5
147 6
147 8
147 11
147 16
147 18
147 19
147 21
147 22
147 23
147 28
147 30
147 33
147 35
147 37
147 38
147 39
147 41
147 42
147 43
147 45
147 46
147 47
147 50
147 52
147 53
147 54
147 55
147 56
147 61
147 63
147 64
147 65
147 67
147 68
147 69
147 70
147 71
147 74
147 76
147 79
147 80
147 81
147 82
147 83
147 86
147 89
147 91
147 92
147 95
147 96
147 104
147 108
147 112
147 114
147 115
147 121
147 123
147 129
147 130
147 133
147 134
147 135
147 138
147 139
147 149
147 151
147 153
147 154
147 158
147 159
148 0
148 4
148 5
148 6
148 8
148 9
148 11
148 12
148 13
148 22
148 24
148 25
148 26
148 27
148 29
148 32
148 33
148 34
148 35
148 36
148 41
148 47
148 48
148 55
148 57
148 60
148 62
148 66
148 68
148 70
148 73
148 75
148 76
148 78
148 87
148 90
148 91
148 97
148 98
148 99
148 100
148 102
148 103
148 105
148 107
148 109
148 111
148 112
148 117
148 118
148 123
148 124
148 125
148 128
148 129
148 130
148 131
148 132
148 133
148 134
148 136
148 137
148 138
148 140
148 143
148 147
148 151
148 152
148 154
148 155
149 2
149 4
149 7
149 8
149 9
149 11
149 12
149 13
149 18
149 19
149 23
149 24
149 25
149 27
149 29
149 30
149 33
149 34
149 40
149 41
149 43
149 44
149 45
149 46
149 48
149 49
149 50
149 53
149 54
149 57
149 58
149 60
149 65
149 66
149 68
149 69
149 72
149 73
149 74
149 76
149 78
149 79
149 80
149 84
149 90
149 93
149 94
149 95
149 96
149 100
149 104
149 105
149 109
149 110
149 111
149 113
149 115
149 116
149 117
149 118
149 119
149 121
149 123
149 125
149 128
149 129
149 131
149 132
149 136
149 137
149 138
149 139
149 142
149 145
149 146
149 148
149 151
149 152
149 154
149 155
149 156
150 0
150 3
150 4
150 5
150 6
150 7
150 9
150 11
150 12
150 13
150 14
150 15
150 17
150 18
150 19
150 21
150 23
150 24
150 26
150 28
150 32
150 33
150 34
150 41
150 42
150 44
150 46
150 48
150 49
150 50
150 56
150 57
150 58
150 59
150 61
150 64
150 65
150 66
150 67
150 71
150 72
150 78
150 79
150 81
150 82
150 83
150 84
150 85
150 88
150 91
150 92
150 93
150 95
150 97
150 99
150 100
150 101
150 103
150 104
150 107
150 108
150 109
150 110
150 112
150 117
150 118
150 122
150 128
150 133
150 137
150 138
150 139
150 141
150 142
150 143
150 145
150 147
150 148
150 149
150 153
150 155
151 0
151 2
151 5
151 10
151 11
151 13
151 22
151 23
151 24
151 25
151 26
151 28
151 29
151 31
151 34
151 36
151 37
151 38
151 39
151 40
151 42
151 44
151 46
151 47
151 54
151 56
151 57
151 59
151 61
151 62
151 64
151 65
151 66
151 70
151 72
151 73
151 75
151 77
151 80
151 81
151 83
151 87
151 88
151 89
151 92
151 93
151 95
151 99
151 100
151 101
151 104
151 105
151 106
151 107
151 108
151 111
151 114
151 115
151 116
151 119
151 128
151 130
151 131
151 135
151 138
151 139
151 140
151 142
151 143
151 145
151 146
151 150
151 155
151 157
151 159
152 0
152 3
152 4
152 5
152 6
152 7
152 9
152 12
152 14
152 17
152 22
152 27
152 28
152 30
152 32
152 33
152 36
152 40
152 41
152 43
152 44
152 45
152 48
152 49
152 50
152 53
152 55
152 57
152 60
152 61
152 69
152 70
152 71
152 72
152 73
152 75
152 80
152 82
152 84
152 85
152 90
152 92
152 95
152 97
152 101
152 103
152 105
152 107
152 110
152 111
152 114
152 115
152 119
152 120
152 121
152 124
152 125
152 127
152 129
152 130
152 134
152 135
152 136
152 141
152 143
152 145
152 146
152 147
152 150
152 151
152 154
152 155
152 159
153 2
153 3
153 4
153 6
153 9
153 11
153 12
153 13
153 18
153 20
153 22
153 23
153 29
153 33
153 36
153 37
153 40
153 41
153 44
153 45
153 46
153 47
153 49
153 51
153 52
153 53
153 56
153 57
153 60
153 62
153 63
153 66
153 67
153 68
153 70
153 71
153 73
153 74
153 75
153 76
153 77
153 78
153 80
153 82
153 85
153 86
153 87
153 88
153 89
153 90
153 91
153 92
153 93
153 94
153 95
153 99
153 100
153 101
153 102
153 103
153 104
153 105
153 108
153 109
153 111
153 113
153 115
153 116
153 117
153 118
153 119
153 120
153 121
153 123
153 125
153 126
153 128
153 131
153 132
153 134
153 135
153 139
153 140
153 141
153 142
153 143
153 146
153 148
153 149
153 151
153 152
153 159
154 0
154 2
154 3
154 4
154 6
154 10
154 12
154 15
154 17
154 19
154 23
154 25
154 27
154 28
154 29
154 30
154 31
154 35
154 36
154 37
154 38
154 41
154 42
154 44
154 45
154 47
154 49
154 51
154 52
154 54
154 56
154 58
154 61
154 62
154 63
154 64
154 65
154 67
154 69
154 71
154 72
154 75
154 77
154 78
154 81
154 82
154 85
154 91
154 92
154 93
154 94
154 95
154 97
154 99
154 101
154 102
154 103
154 104
154 106
154 108
154 110
154 111
154 113
154 115
154 116
154 117
154 118
154 119
154 120
154 124
154 131
154 139
154 140
154 142
154 144
154 146
154 150
154 151
154 153
154 158
155 0
155 1
155 4
155 6
155 9
155 14
155 16
155 18
155 21
155 24
155 25
155 27
155 31
155 33
155 34
155 35
155 38
155 39
155 40
155 41
155 42
155 44
155 47
155 49
155 52
155 55
155 58
155 59
155 60
155 61
155 64
155 65
155 66
155 68
155 69
155 72
155 74
155 78
155 79
155 80
155 83
155 87
155 88
155 91
155 93
155 98
155 104
155 107
155 109
155 112
155 113
155 114
155 121
155 125
155 127
155 128
155 129
155 132
155 133
155 135
155 138
155 139
155 145
155 147
155 153
155 154
155 157
155 159
156 3
156 5
156 6
156 7
156 9
156 10
156 11
156 13
156 14
156 15
156 17
156 18
156 19
156 21
156 23
156 28
156 29
156 36
156 37
156 38
156 39
156 41
156 43
156 44
156 45
156 47
156 48
156 49
156 50
156 51
156 52
156 53
156 55
156 56
156 58
156 62
156 63
156 66
156 67
156 68
156 70
156 72
156 73
156 74
156 82
156 85
156 88
156 90
156 93
156 95
156 97
156 98
156 99
156 100
156 101
156 104
156 106
156 108
156 110
156 111
156 113
156 117
156 118
156 119
156 120
156 127
156 129
156 130
156 133
156 134
156 135
156 136
156 137
156 138
156 140
156 141
156 143
156 146
156 147
156 148
156 150
156 151
156 152
156 153
156 154
156 155
156 157
156 158
157 1
157 2
157 4
157 5
157 7
157 8
157 9
157 10
157 11
157 12
157 13
157 15
157 17
157 18
157 20
157 23
157 25
157 27
157 28
157 29
157 30
157 31
157 34
157 35
157 46
157 47
157 53
157 57
157 58
157 59
157 60
157 62
157 63
157 64
157 65
157 67
157 70
157 71
157 73
157 74
157 75
157 76
157 81
157 83
157 84
157 85
157 89
157 90
157 93
157 94
157 96
157 97
157 98
157 99
157 100
157 102
157 103
157 104
157 108
157 112
157 113
157 114
157 116
157 117
157 118
157 119
157 120
157 122
157 123
157 124
157 125
157 126
157 127
157 130
157 131
157 135
157 136
157 141
157 142
157 143
157 147
157 148
157 149
157 150
157 152
157 153
157 154
158 0
158 1
158 3
158 4
158 5
158 12
158 15
158 17
158 18
158 20
158 24
158 28
158 31
158 35
158 38
158 39
158 40
158 42
158 43
158 45
158 46
158 47
158 50
158 52
158 55
158 57
158 58
158 64
158 66
158 68
158 71
158 72
158 74
158 76
158 79
158 80
158 82
158 83
158 86
158 87
158 88
158 89
158 91
158 93
158 94
158 95
158 98
158 99
158 100
158 104
158 108
158 109
158 110
158 111
158 112
158 116
158 119
158 120
158 123
158 125
158 129
158 130
158 131
158 132
158 133
158 135
158 136
158 137
158 138
158 143
158 144
158 145
158 148
158 149
158 150
158 151
158 152
158 153
158 155
158 157
159 0
159 6
159 7
159 12
159 15
159 20
159 21
159 27
159 28
159 29
159 31
159 33
159 34
159 35
159 38
159 40
159 42
159 45
159 46
159 47
159 49
159 51
159 52
159 53
159 54
159 57
159 58
159 59
159 60
159 64
159 65
159 66
159 67
159 69
159 70
159 71
159 72
159 76
159 81
159 82
159 87
159 89
159 90
159 92
159 94
159 95
159 96
159 97
159 98
159 99
159 101
159 102
159 105
159 106
159 107
159 108
159 111
159 114
159 115
159 116
159 117
159 121
159 124
159 127
159 128
159 129
159 131
159 133
159 134
159 135
159 137
159 139
159 142
159 144
159 148
159 149
159 150
159 154
159 156
159 157
159 158
0 1 2 3 4 5 6 7 8 9 10 11
