160 379 7
0 43
0 59
0 61
0 63
0 75
0 84
0 126
0 151
1 17
1 42
1 46
1 136
1 158
2 10
2 29
2 33
2 38
3 142
4 88
4 119
4 125
5 11
5 42
5 156
6 20
6 32
6 66
6 115
8 25
8 70
8 126
9 31
11 49
11 68
11 132
12 142
13 144
15 22
16 39
16 101
16 135
17 1
17 14
17 52
18 30
18 88
18 135
19 45
19 144
20 34
20 62
21 56
21 71
21 151
21 153
22 89
22 117
23 103
23 138
24 10
24 46
24 108
25 19
25 57
26 16
26 33
26 57
26 75
26 115
27 57
27 78
28 103
28 111
29 68
30 18
31 9
32 132
33 61
33 69
34 5
34 20
34 61
34 90
34 120
34 146
35 34
35 86
36 17
36 43
36 53
36 54
36 155
38 2
38 102
38 130
39 62
39 134
40 52
41 50
42 127
42 155
43 36
43 40
43 102
43 116
44 59
44 101
44 123
45 55
45 102
46 1
46 44
46 60
46 139
46 149
47 158
48 114
49 10
49 11
50 11
50 31
50 103
50 145
51 1
51 33
51 98
52 99
53 1
53 2
53 36
54 15
54 82
55 45
56 21
56 43
56 115
56 130
57 17
57 25
57 26
57 99
58 146
59 1
59 39
59 44
59 62
59 90
59 114
60 93
60 99
60 130
61 0
61 34
61 122
61 137
62 32
62 39
62 59
62 85
62 115
63 1
64 35
64 96
64 152
65 149
66 18
66 43
66 106
66 158
67 44
67 104
67 130
68 29
69 7
69 58
69 70
69 98
69 108
70 8
70 74
71 21
71 72
73 92
73 126
74 62
74 103
75 6
75 26
75 99
76 71
76 132
77 1
77 122
78 87
79 110
79 122
81 20
81 35
82 111
83 0
83 58
84 131
84 158
85 62
85 159
86 32
86 108
86 121
87 96
90 4
90 74
91 84
91 97
91 117
91 130
91 139
92 42
92 73
93 18
93 155
94 0
94 41
94 95
95 27
95 72
95 73
95 147
96 123
97 63
97 143
98 51
98 72
98 83
99 65
99 132
99 133
99 149
100 18
100 40
100 87
101 3
101 16
101 44
101 57
101 84
101 105
101 131
103 37
103 44
103 95
103 98
103 118
104 115
105 72
105 127
106 80
107 80
108 24
108 59
108 69
109 4
110 61
110 79
110 130
111 28
111 153
112 36
112 73
112 123
113 14
113 19
114 33
114 34
114 59
114 145
115 56
115 87
115 125
116 112
116 137
116 140
117 146
118 13
118 80
118 103
119 0
119 4
119 57
120 43
120 136
121 11
121 102
122 46
122 61
122 73
123 44
123 77
123 96
124 33
124 34
124 49
124 122
124 125
125 124
126 70
126 115
127 10
127 35
127 42
127 114
127 156
128 95
129 96
129 157
130 17
130 38
130 67
130 91
131 157
132 106
132 134
133 31
133 99
134 30
135 16
135 109
135 123
135 147
135 153
136 107
136 121
136 143
136 157
137 98
138 73
138 102
138 151
139 13
139 46
139 82
139 123
140 67
141 101
142 3
142 12
142 19
143 33
143 113
143 156
144 13
144 141
144 155
145 143
146 27
146 58
146 93
146 117
147 37
147 57
147 157
148 0
148 102
150 64
151 0
151 99
152 60
153 111
154 119
155 28
157 93
157 129
157 136
157 159
158 1
158 21
158 66
158 84
159 85
159 121
0 1 2 3 4 5 6
