160 2544 12
0 2
0 3
0 8
0 10
0 17
0 25
0 41
0 48
0 56
0 79
0 84
0 95
0 96
0 107
0 110
0 145
0 154
0 155
1 6
1 11
1 13
1 22
1 23
1 27
1 37
1 56
1 66
1 90
1 94
1 100
1 122
1 132
1 145
1 156
1 159
2 8
2 15
2 25
2 36
2 64
2 85
2 95
2 110
2 121
2 127
2 128
2 130
2 132
2 133
2 154
3 10
3 21
3 22
3 27
3 42
3 63
3 69
3 70
3 91
3 93
3 102
3 104
3 112
3 131
3 132
3 145
4 2
4 6
4 12
4 15
4 23
4 26
4 42
4 69
4 88
4 89
4 130
4 131
4 150
4 157
4 159
5 0
5 2
5 11
5 15
5 21
5 24
5 25
5 31
5 47
5 60
5 66
5 79
5 84
5 90
5 105
5 121
5 136
5 137
5 144
5 150
5 158
6 11
6 17
6 18
6 33
6 36
6 45
6 53
6 124
6 148
6 150
7 9
7 16
7 25
7 29
7 48
7 72
7 80
7 83
7 94
7 96
7 109
7 111
7 117
7 118
7 136
7 146
7 150
7 156
8 12
8 23
8 33
8 40
8 44
8 72
8 78
8 79
8 89
8 95
8 108
8 111
8 117
8 119
8 138
8 152
8 153
9 3
9 5
9 10
9 23
9 39
9 40
9 46
9 47
9 55
9 70
9 72
9 79
9 90
9 96
9 100
9 106
9 109
9 121
9 122
9 133
9 136
9 138
9 145
9 157
10 28
10 66
10 84
10 89
10 90
10 96
10 104
10 132
10 134
10 145
11 14
11 15
11 17
11 36
11 54
11 60
11 65
11 93
11 111
11 132
12 0
12 10
12 15
12 33
12 53
12 63
12 78
12 87
12 93
12 122
12 129
12 130
12 137
12 142
12 147
13 2
13 4
13 15
13 23
13 50
13 56
13 71
13 85
13 107
13 118
13 122
13 137
13 147
14 22
14 44
14 51
14 69
14 76
14 91
14 92
14 100
14 132
14 152
15 29
15 37
15 58
15 64
15 72
15 73
15 131
15 144
15 148
15 157
15 159
16 5
16 8
16 22
16 24
16 25
16 29
16 30
16 33
16 60
16 70
16 77
16 93
16 94
16 114
16 116
16 127
16 131
16 132
16 138
16 143
17 2
17 16
17 23
17 26
17 38
17 43
17 46
17 47
17 54
17 61
17 81
17 86
17 103
17 104
17 115
17 121
17 134
17 142
17 145
17 151
18 0
18 7
18 8
18 13
18 36
18 39
18 43
18 91
18 115
18 121
18 131
18 137
18 140
18 141
18 150
19 2
19 36
19 51
19 53
19 55
19 62
19 69
19 70
19 71
19 75
19 76
19 86
19 106
19 124
19 137
19 152
19 157
20 14
20 21
20 27
20 30
20 53
20 56
20 57
20 94
20 104
20 145
20 148
20 150
21 6
21 12
21 27
21 53
21 63
21 70
21 72
21 91
21 97
21 108
21 109
21 119
21 130
21 144
21 156
22 6
22 12
22 18
22 20
22 30
22 31
22 61
22 69
22 70
22 76
22 78
22 79
22 93
22 99
22 100
22 103
22 104
22 109
22 112
22 115
22 123
22 132
23 0
23 15
23 22
23 36
23 37
23 44
23 70
23 72
23 85
23 96
23 114
23 116
23 134
23 149
24 13
24 17
24 22
24 25
24 34
24 43
24 49
24 51
24 61
24 76
24 79
24 98
24 125
24 127
24 140
24 141
24 158
25 3
25 4
25 17
25 32
25 43
25 49
25 54
25 63
25 90
25 95
25 96
25 128
25 147
26 1
26 3
26 24
26 39
26 40
26 46
26 50
26 55
26 56
26 62
26 64
26 82
26 95
26 102
26 133
27 14
27 23
27 30
27 71
27 84
27 87
27 103
27 134
27 143
27 155
28 4
28 7
28 11
28 19
28 22
28 24
28 26
28 54
28 62
28 63
28 71
28 76
28 94
28 95
28 97
28 101
28 112
28 118
28 133
28 152
28 159
29 3
29 18
29 31
29 39
29 45
29 46
29 54
29 56
29 59
29 95
29 115
29 126
29 136
29 137
29 145
29 149
30 2
30 3
30 7
30 8
30 11
30 34
30 35
30 47
30 66
30 81
30 87
30 100
30 116
30 123
30 138
30 142
30 152
30 158
31 12
31 17
31 18
31 23
31 26
31 49
31 60
31 61
31 62
31 69
31 85
31 98
31 121
31 131
32 0
32 1
32 7
32 15
32 27
32 45
32 51
32 67
32 89
32 116
32 150
32 157
33 28
33 30
33 35
33 51
33 60
33 72
33 75
33 78
33 84
33 113
33 117
33 149
33 152
34 11
34 13
34 20
34 28
34 29
34 42
34 44
34 46
34 67
34 76
34 87
34 92
34 98
34 133
34 142
34 143
34 147
34 153
35 12
35 19
35 26
35 29
35 49
35 55
35 57
35 78
35 96
35 113
35 118
35 132
35 147
35 153
36 8
36 25
36 60
36 65
36 70
36 73
36 114
36 116
36 130
36 132
37 30
37 33
37 38
37 57
37 73
37 74
37 89
37 94
37 114
37 148
38 72
38 78
38 88
38 89
38 98
38 109
38 121
38 123
38 143
38 148
39 24
39 36
39 68
39 69
39 100
39 118
39 124
39 127
39 130
39 147
40 7
40 31
40 49
40 51
40 55
40 57
40 58
40 67
40 72
40 80
40 84
40 103
40 109
40 110
40 116
40 119
40 124
40 146
40 148
40 151
40 156
41 14
41 33
41 47
41 58
41 75
41 86
41 104
41 106
41 127
41 128
41 135
41 136
41 154
41 159
42 10
42 11
42 21
42 39
42 40
42 46
42 49
42 60
42 73
42 78
42 94
42 101
42 102
42 122
42 128
42 140
42 148
42 152
43 3
43 16
43 32
43 42
43 47
43 50
43 54
43 55
43 60
43 66
43 74
43 77
43 90
43 102
43 110
43 122
43 131
43 148
43 151
43 156
44 6
44 15
44 41
44 49
44 64
44 68
44 72
44 95
44 98
44 120
44 125
44 140
44 148
44 154
45 19
45 21
45 26
45 39
45 42
45 48
45 56
45 77
45 96
45 97
45 100
45 111
45 133
45 145
45 159
46 11
46 18
46 21
46 27
46 63
46 71
46 74
46 85
46 98
46 112
46 121
46 132
46 140
46 150
46 152
46 156
47 4
47 6
47 15
47 26
47 34
47 45
47 46
47 54
47 58
47 59
47 67
47 73
47 84
47 89
47 91
47 128
47 133
47 136
47 140
47 144
47 146
47 155
48 3
48 16
48 26
48 28
48 41
48 50
48 57
48 61
48 63
48 84
48 89
48 92
48 93
48 104
48 115
48 144
48 146
49 8
49 9
49 32
49 33
49 43
49 48
49 60
49 71
49 74
49 82
49 83
49 92
49 107
49 117
49 121
49 140
49 145
49 154
50 34
50 35
50 36
50 49
50 67
50 72
50 73
50 78
50 94
50 98
50 114
50 142
50 153
50 156
50 157
51 5
51 20
51 25
51 36
51 44
51 46
51 67
51 69
51 71
51 83
51 96
51 110
51 124
51 135
51 139
51 140
51 141
51 143
51 149
51 152
52 4
52 25
52 29
52 30
52 31
52 56
52 68
52 80
52 85
52 116
52 117
52 125
52 142
52 144
52 147
52 153
52 154
52 157
52 158
53 8
53 24
53 29
53 31
53 36
53 38
53 50
53 61
53 120
53 128
53 159
54 3
54 5
54 12
54 14
54 20
54 31
54 39
54 48
54 55
54 65
54 81
54 82
54 95
54 97
54 100
54 115
54 117
55 1
55 36
55 37
55 51
55 68
55 69
55 71
55 83
55 99
55 119
55 133
56 5
56 9
56 11
56 18
56 21
56 38
56 49
56 72
56 74
56 79
56 91
56 105
56 123
56 127
56 131
56 136
56 155
56 156
57 0
57 5
57 26
57 34
57 80
57 102
57 123
57 124
57 130
57 132
57 145
58 5
58 17
58 24
58 42
58 48
58 65
58 72
58 82
58 86
58 91
58 106
58 121
58 132
58 142
58 143
58 158
59 0
59 2
59 3
59 5
59 8
59 16
59 25
59 28
59 38
59 39
59 42
59 65
59 72
59 77
59 87
59 90
59 102
59 119
59 128
59 142
59 148
60 3
60 29
60 46
60 48
60 53
60 56
60 66
60 80
60 93
60 107
60 115
60 138
60 141
61 57
61 63
61 118
61 120
61 139
61 144
61 156
61 157
62 41
62 60
62 64
62 110
62 119
62 121
62 130
62 138
62 140
62 141
63 2
63 7
63 27
63 43
63 45
63 51
63 54
63 60
63 65
63 67
63 89
63 91
63 97
63 103
63 130
63 135
63 153
64 0
64 10
64 29
64 31
64 33
64 45
64 49
64 51
64 84
64 87
64 94
64 101
64 113
64 117
64 123
64 126
64 129
64 148
65 3
65 21
65 35
65 97
65 99
65 107
65 111
65 140
65 145
65 155
66 4
66 7
66 15
66 20
66 26
66 36
66 41
66 46
66 51
66 54
66 63
66 70
66 145
66 158
67 2
67 9
67 14
67 29
67 31
67 35
67 49
67 71
67 75
67 78
67 80
67 96
67 98
67 99
67 104
67 125
67 126
67 131
67 133
67 138
67 142
67 156
68 5
68 7
68 23
68 25
68 34
68 59
68 64
68 70
68 73
68 82
68 83
68 87
68 104
68 119
68 131
68 147
68 158
69 27
69 67
69 71
69 99
69 101
69 103
69 107
69 121
69 124
69 139
69 159
70 8
70 17
70 33
70 37
70 38
70 42
70 55
70 57
70 58
70 81
70 92
70 94
70 98
70 99
70 123
70 129
70 140
70 141
70 146
70 152
70 154
71 0
71 7
71 22
71 30
71 41
71 66
71 82
71 83
71 97
71 99
71 105
71 107
71 128
71 137
71 138
71 143
71 144
71 149
72 60
72 88
72 90
72 104
72 134
72 145
72 152
72 158
73 0
73 1
73 22
73 49
73 51
73 57
73 60
73 67
73 71
73 74
73 93
73 94
73 107
73 108
73 117
73 127
73 147
74 1
74 3
74 15
74 18
74 19
74 28
74 76
74 80
74 86
74 106
74 115
74 119
74 126
74 135
74 141
74 144
75 0
75 11
75 14
75 22
75 24
75 26
75 28
75 30
75 31
75 36
75 39
75 58
75 63
75 65
75 82
75 86
75 93
75 95
75 109
75 114
75 119
75 150
76 26
76 31
76 36
76 48
76 49
76 55
76 80
76 93
76 98
77 1
77 18
77 25
77 26
77 27
77 48
77 52
77 64
77 65
77 70
77 83
77 95
77 99
77 130
77 152
77 156
78 23
78 39
78 40
78 45
78 59
78 62
78 77
78 85
78 86
78 90
78 105
78 109
78 110
78 112
78 117
78 119
78 146
78 154
79 6
79 12
79 17
79 39
79 47
79 66
79 71
79 75
79 85
79 88
79 96
79 116
79 150
80 8
80 48
80 66
80 68
80 82
80 84
80 98
80 102
80 103
80 143
80 154
81 1
81 4
81 6
81 22
81 35
81 37
81 55
81 56
81 65
81 67
81 74
81 79
81 111
81 122
81 146
81 151
82 7
82 16
82 23
82 35
82 36
82 38
82 42
82 43
82 60
82 84
82 90
82 91
82 106
82 120
82 127
82 146
82 148
82 149
82 156
82 157
83 26
83 30
83 43
83 53
83 67
83 96
83 101
83 109
83 111
83 114
83 122
83 125
83 140
83 141
83 145
84 1
84 3
84 8
84 12
84 25
84 49
84 63
84 65
84 73
84 75
84 77
84 78
84 85
84 94
84 96
84 99
84 126
84 127
84 141
85 4
85 8
85 18
85 21
85 33
85 39
85 42
85 49
85 50
85 53
85 64
85 110
85 111
85 112
85 125
85 140
85 155
86 30
86 35
86 47
86 63
86 67
86 84
86 87
86 94
86 107
86 113
86 114
86 131
87 3
87 11
87 14
87 17
87 21
87 37
87 39
87 47
87 94
87 96
87 119
87 120
87 129
87 133
87 144
87 151
87 159
88 3
88 11
88 26
88 30
88 48
88 75
88 90
88 96
88 114
88 134
88 152
88 153
88 154
88 155
89 31
89 43
89 50
89 52
89 60
89 64
89 75
89 82
89 84
89 90
89 94
89 125
89 139
89 141
89 153
90 2
90 4
90 13
90 19
90 24
90 27
90 31
90 34
90 40
90 48
90 51
90 53
90 56
90 60
90 62
90 100
90 101
90 107
90 112
90 116
90 124
90 131
90 134
90 155
91 2
91 8
91 15
91 26
91 34
91 41
91 65
91 72
91 79
91 80
91 89
91 93
91 96
91 99
91 101
91 104
91 112
91 116
91 121
91 141
91 157
91 159
92 1
92 4
92 11
92 13
92 67
92 71
92 78
92 86
92 109
92 125
92 138
92 155
93 8
93 23
93 26
93 37
93 43
93 49
93 50
93 56
93 58
93 77
93 92
93 105
93 107
93 113
93 127
93 130
93 142
93 150
94 24
94 63
94 74
94 79
94 90
94 104
94 132
94 141
94 155
95 9
95 23
95 43
95 50
95 59
95 82
95 85
95 88
95 89
95 91
95 92
95 98
95 100
95 106
95 114
95 126
95 142
95 145
96 6
96 13
96 14
96 16
96 48
96 57
96 64
96 75
96 78
96 82
96 90
96 97
96 119
96 136
97 8
97 13
97 26
97 33
97 38
97 73
97 74
97 78
97 81
97 86
97 90
97 92
97 121
97 134
97 135
97 145
97 146
97 152
97 157
98 7
98 25
98 27
98 29
98 41
98 43
98 49
98 53
98 64
98 83
98 92
98 96
98 100
98 108
98 114
98 116
98 124
98 137
98 139
98 150
98 155
99 3
99 16
99 23
99 46
99 48
99 61
99 82
99 88
99 107
99 114
99 122
99 131
99 151
100 4
100 12
100 55
100 63
100 70
100 75
100 94
100 118
100 129
100 152
101 4
101 11
101 26
101 27
101 36
101 37
101 38
101 41
101 46
101 47
101 77
101 93
101 111
101 121
101 128
101 129
101 134
101 136
101 142
101 144
101 146
101 157
102 6
102 10
102 17
102 25
102 38
102 40
102 47
102 73
102 77
102 78
102 82
102 91
102 99
102 113
102 123
102 129
102 136
102 140
102 154
102 157
103 3
103 11
103 21
103 26
103 29
103 36
103 49
103 70
103 88
103 92
103 94
103 109
103 128
103 132
103 135
103 138
103 141
103 153
103 155
104 6
104 8
104 44
104 53
104 57
104 65
104 75
104 77
104 87
104 98
104 100
104 118
104 127
104 149
105 3
105 9
105 29
105 45
105 46
105 55
105 59
105 63
105 87
105 88
105 91
105 116
105 117
105 121
105 150
105 152
106 5
106 23
106 24
106 28
106 37
106 39
106 56
106 90
106 92
106 98
106 113
106 119
106 122
106 130
106 140
106 150
107 1
107 3
107 33
107 36
107 48
107 55
107 61
107 81
107 85
107 95
107 96
107 98
107 106
107 109
107 116
107 120
107 122
107 138
107 141
107 142
107 146
107 148
108 7
108 11
108 14
108 20
108 25
108 29
108 32
108 34
108 70
108 76
108 104
108 126
108 134
108 140
108 144
108 147
108 155
108 158
109 5
109 10
109 15
109 27
109 35
109 45
109 60
109 76
109 97
109 110
109 136
109 137
109 139
109 144
109 146
109 148
110 13
110 15
110 30
110 36
110 69
110 79
110 101
110 116
110 125
110 129
110 133
110 135
110 141
111 1
111 12
111 37
111 42
111 80
111 91
111 97
111 104
111 113
111 114
111 116
111 134
111 149
112 8
112 12
112 18
112 21
112 27
112 37
112 39
112 41
112 48
112 49
112 74
112 82
112 93
112 116
112 155
113 0
113 19
113 21
113 29
113 50
113 56
113 59
113 73
113 79
113 87
113 103
113 109
113 132
113 138
114 10
114 12
114 29
114 32
114 48
114 49
114 57
114 59
114 69
114 103
114 106
114 121
114 122
114 129
114 130
114 135
114 138
114 144
114 156
115 14
115 24
115 25
115 26
115 27
115 33
115 38
115 43
115 56
115 62
115 77
115 91
115 92
115 104
115 112
115 113
115 124
115 130
115 136
115 149
115 154
116 4
116 5
116 57
116 60
116 75
116 76
116 81
116 106
116 109
116 118
116 120
116 121
116 126
116 129
116 135
116 151
116 154
116 155
116 156
117 4
117 6
117 10
117 14
117 19
117 23
117 24
117 35
117 37
117 67
117 68
117 76
117 80
117 102
117 127
117 132
117 141
118 3
118 6
118 14
118 26
118 29
118 33
118 36
118 41
118 57
118 64
118 65
118 86
118 89
118 102
118 129
118 133
118 148
118 152
118 157
118 159
119 12
119 13
119 15
119 28
119 37
119 58
119 63
119 79
119 85
119 86
119 123
119 135
119 151
119 157
120 4
120 13
120 16
120 25
120 34
120 57
120 65
120 67
120 88
120 94
120 111
120 125
120 136
120 142
121 22
121 24
121 27
121 29
121 57
121 74
121 80
121 82
121 86
121 96
121 111
121 118
121 120
121 136
121 155
122 15
122 16
122 26
122 33
122 36
122 47
122 70
122 77
122 78
122 80
122 88
122 93
122 95
122 110
122 141
122 146
123 4
123 6
123 12
123 19
123 23
123 29
123 36
123 45
123 55
123 63
123 72
123 74
123 78
123 80
123 100
123 101
123 107
123 116
123 117
123 131
123 141
123 143
123 147
123 153
124 2
124 5
124 9
124 13
124 24
124 26
124 44
124 65
124 71
124 82
124 96
124 107
124 113
124 117
124 119
124 126
124 127
124 135
125 8
125 14
125 22
125 34
125 35
125 39
125 64
125 81
125 95
125 102
125 103
125 106
125 111
125 112
125 113
125 114
125 116
125 117
125 131
125 133
125 155
126 1
126 10
126 27
126 30
126 36
126 37
126 51
126 52
126 54
126 55
126 65
126 71
126 73
126 75
126 79
126 92
126 107
126 152
127 38
127 51
127 71
127 92
127 94
127 99
127 110
128 1
128 15
128 19
128 26
128 29
128 37
128 64
128 102
128 105
128 108
128 116
128 132
128 158
129 0
129 15
129 27
129 51
129 54
129 55
129 77
129 97
129 107
129 134
129 135
129 157
130 0
130 3
130 8
130 10
130 17
130 20
130 24
130 25
130 31
130 35
130 37
130 64
130 74
130 85
130 94
130 95
130 100
130 107
130 121
130 133
130 136
130 151
130 156
131 12
131 14
131 22
131 33
131 38
131 50
131 60
131 63
131 75
131 78
131 98
131 102
131 108
131 118
131 119
131 141
132 7
132 18
132 20
132 30
132 38
132 39
132 43
132 44
132 61
132 66
132 71
132 72
132 73
132 81
132 83
132 87
132 99
132 101
132 104
132 112
132 122
132 131
132 136
132 147
132 151
132 153
132 154
133 14
133 15
133 21
133 41
133 63
133 112
133 115
133 116
133 135
133 139
133 143
133 144
133 145
133 154
134 3
134 11
134 19
134 28
134 35
134 43
134 110
134 112
134 113
134 119
134 120
134 124
134 136
134 149
134 150
134 155
135 21
135 31
135 32
135 37
135 49
135 54
135 60
135 64
135 70
135 71
135 89
135 98
135 102
135 113
135 123
135 127
135 128
135 130
135 145
135 152
135 154
135 157
136 2
136 14
136 34
136 40
136 55
136 60
136 70
136 74
136 80
136 110
136 117
136 123
136 127
136 140
136 150
137 1
137 6
137 16
137 20
137 32
137 42
137 46
137 47
137 54
137 56
137 57
137 61
137 64
137 78
137 81
137 82
137 102
137 103
137 108
137 118
138 24
138 43
138 45
138 46
138 68
138 97
138 99
138 106
138 108
138 116
138 117
138 118
138 124
138 131
138 135
138 136
139 12
139 34
139 47
139 53
139 56
139 66
139 78
139 82
139 83
139 85
139 113
139 135
139 146
140 1
140 6
140 9
140 13
140 14
140 21
140 41
140 67
140 69
140 72
140 78
140 81
140 90
140 110
140 127
140 131
140 137
140 153
140 158
141 15
141 28
141 45
141 75
141 88
141 104
141 121
141 124
141 129
142 2
142 4
142 5
142 8
142 14
142 33
142 71
142 78
142 83
142 86
142 102
142 106
142 117
142 122
142 138
142 141
142 149
142 152
143 8
143 10
143 13
143 39
143 61
143 63
143 67
143 69
143 70
143 74
143 77
143 90
143 93
143 137
143 140
143 147
143 152
143 159
144 7
144 22
144 31
144 34
144 39
144 78
144 97
144 98
144 100
144 105
144 116
144 130
144 141
144 150
145 32
145 34
145 35
145 59
145 70
145 90
145 93
145 94
145 104
145 109
145 110
145 112
145 118
145 122
145 124
145 130
145 134
146 10
146 15
146 17
146 28
146 49
146 57
146 71
146 96
146 100
146 106
146 113
146 158
147 0
147 3
147 5
147 7
147 8
147 17
147 36
147 37
147 38
147 79
147 83
147 88
147 93
147 109
147 122
147 131
147 149
147 152
148 1
148 4
148 7
148 8
148 17
148 21
148 41
148 48
148 52
148 54
148 85
148 106
148 127
148 129
148 152
148 153
149 0
149 46
149 58
149 63
149 83
149 91
149 92
149 98
149 116
149 123
149 129
149 133
149 145
149 155
150 3
150 8
150 21
150 24
150 31
150 41
150 56
150 81
150 87
150 96
150 99
150 120
150 129
150 131
150 138
150 139
150 142
150 146
151 12
151 37
151 41
151 56
151 65
151 66
151 82
151 89
151 90
151 94
151 101
151 112
151 117
151 135
151 154
151 156
151 157
152 15
152 31
152 34
152 36
152 40
152 41
152 82
152 83
152 86
152 92
152 108
152 121
152 137
152 145
152 159
153 0
153 10
153 20
153 33
153 41
153 44
153 65
153 72
153 76
153 82
153 86
153 114
153 120
153 124
153 133
153 146
153 154
153 157
154 19
154 38
154 46
154 67
154 68
154 83
154 84
154 97
154 128
154 129
154 140
155 16
155 25
155 48
155 54
155 59
155 68
155 83
155 105
155 129
155 138
155 143
156 19
156 51
156 63
156 105
156 108
156 119
156 127
156 131
156 146
156 150
156 153
156 157
157 1
157 5
157 13
157 21
157 23
157 25
157 29
157 58
157 65
157 67
157 78
157 88
157 93
157 110
157 111
157 122
157 127
157 131
157 138
158 2
158 7
158 15
158 29
158 33
158 50
158 77
158 81
158 85
158 92
158 104
158 132
158 136
158 141
158 142
158 144
158 148
158 149
158 159
159 0
159 42
159 44
159 55
159 56
159 65
159 76
159 88
159 89
159 90
159 93
159 105
159 119
159 122
159 142
159 147
159 148
0 1 2 3 4 5 6 7 8 9 10 11
