160 812 7
0 7
0 29
0 65
0 67
0 81
0 103
0 120
0 127
0 128
1 109
1 110
1 115
1 124
1 130
1 135
2 15
2 128
2 150
3 44
3 48
3 52
3 74
3 98
4 2
4 12
4 79
4 106
4 113
5 25
5 90
5 115
6 10
6 37
6 71
6 118
6 129
7 72
7 102
7 135
7 142
8 6
8 23
8 33
8 121
8 130
9 13
9 59
9 62
9 100
9 106
9 109
9 143
9 154
10 35
10 42
10 63
10 94
11 6
11 19
11 55
11 65
12 21
12 24
12 73
12 112
12 137
13 26
13 41
13 49
13 124
13 139
14 2
14 127
14 132
14 148
15 49
15 99
15 150
15 153
16 70
16 89
16 134
16 139
16 143
17 70
17 83
17 156
18 3
18 49
18 50
18 51
18 52
18 133
19 6
19 16
19 34
19 93
19 113
19 130
19 140
20 24
20 86
20 98
20 126
21 41
21 58
21 85
21 99
21 103
21 143
21 158
22 54
22 88
23 66
23 90
23 102
23 114
23 128
23 148
23 154
24 77
24 141
24 142
25 45
25 52
25 55
25 120
25 135
25 141
25 142
26 55
26 80
26 117
26 121
26 132
27 20
27 24
27 64
27 78
27 109
27 137
28 23
28 82
28 154
29 1
29 40
29 119
29 143
30 8
30 60
30 73
30 89
30 113
31 32
31 144
31 146
31 158
32 26
32 40
32 61
32 84
32 104
32 109
32 159
33 24
33 73
33 82
33 93
33 101
33 148
33 153
34 53
34 59
34 61
34 68
34 83
34 96
34 109
34 123
34 132
35 22
35 30
35 51
35 97
35 125
35 152
36 9
36 56
36 103
36 126
37 0
37 79
37 119
37 140
37 157
38 16
38 104
38 131
39 7
39 16
39 101
40 62
40 86
40 98
41 2
41 78
41 116
41 123
41 154
42 13
42 90
43 41
43 49
43 71
43 76
43 135
43 153
44 2
45 10
45 62
45 113
45 139
46 34
46 54
46 87
46 100
46 136
47 16
47 21
47 43
47 72
47 125
47 146
47 149
47 150
48 29
48 83
48 154
49 110
50 10
50 11
50 43
50 62
50 121
50 154
51 142
52 16
52 23
52 72
52 105
52 146
52 155
53 60
53 68
53 150
54 16
54 28
54 141
54 154
55 15
55 23
55 33
55 68
55 98
55 113
55 147
55 148
56 39
56 117
57 37
57 40
57 70
57 116
57 141
58 33
58 78
58 88
58 89
58 159
59 8
59 30
59 42
59 73
59 76
59 121
59 159
60 48
60 72
60 93
60 100
60 138
60 147
61 18
61 35
61 46
61 67
61 102
61 110
61 112
61 138
61 146
62 70
62 97
62 106
62 114
62 145
63 19
63 62
63 65
63 85
63 99
63 136
64 6
64 7
64 35
64 39
64 53
64 99
64 118
64 125
64 126
64 135
65 74
65 85
65 97
66 152
67 12
67 26
67 44
67 58
67 124
67 136
68 6
68 10
68 47
68 56
68 96
68 141
69 28
69 97
69 110
69 120
69 149
70 23
70 24
70 75
70 78
70 102
70 121
71 27
71 100
71 106
71 129
72 48
72 62
72 128
72 132
72 133
72 142
73 53
73 69
73 138
73 142
73 156
74 37
74 55
74 56
74 155
75 1
75 4
75 61
76 49
76 101
76 116
76 131
76 148
77 1
77 15
77 56
77 82
77 103
77 104
77 132
77 156
78 84
78 106
78 148
79 0
79 34
79 40
79 42
79 52
79 119
79 126
80 22
80 53
80 67
80 102
80 130
81 56
81 128
81 151
82 11
82 110
82 115
83 1
83 12
83 18
83 30
83 58
83 93
83 94
83 104
83 105
83 144
83 149
84 53
84 54
84 55
84 62
84 77
84 130
84 159
85 0
85 23
85 43
86 29
86 44
86 83
86 91
86 98
86 102
86 112
86 125
87 5
87 49
87 105
87 106
87 107
87 136
88 41
88 61
88 89
88 103
88 123
88 124
88 131
88 136
88 137
89 10
89 51
89 84
89 87
89 116
90 27
90 54
90 63
90 82
90 86
90 120
91 25
91 79
91 148
91 159
92 31
92 117
92 147
92 153
93 52
94 50
94 56
94 71
94 117
95 4
95 13
95 25
95 73
95 104
95 156
95 157
96 7
96 16
96 76
97 15
97 67
97 108
97 129
98 10
98 16
98 18
98 121
98 141
99 11
99 56
99 60
99 90
99 113
99 126
99 151
100 0
100 6
100 26
100 47
100 57
100 134
101 1
101 8
101 17
101 83
101 87
101 140
101 148
102 78
102 150
103 43
103 46
103 76
103 81
104 13
104 18
104 41
104 62
105 53
105 64
105 104
105 106
105 125
106 15
106 75
106 144
106 154
107 7
107 24
107 31
107 77
107 115
107 120
107 151
108 29
108 68
108 104
108 135
109 47
109 155
110 36
110 48
110 66
110 70
110 83
110 91
110 143
111 21
111 41
111 45
111 70
111 76
111 104
112 10
112 34
112 50
112 100
112 139
113 56
113 77
113 91
113 107
113 123
113 153
114 12
114 22
114 55
114 64
114 95
114 96
115 26
115 40
115 87
115 155
116 2
116 24
116 30
116 67
116 79
117 0
117 68
117 95
117 109
117 126
118 10
118 12
118 14
118 115
118 116
119 44
119 152
119 155
120 9
120 18
120 54
120 115
120 144
121 10
121 29
121 30
121 82
121 115
121 119
121 129
121 131
121 132
121 157
122 31
122 57
122 84
122 98
122 129
123 18
123 20
123 21
123 22
123 83
123 98
123 119
123 146
124 4
124 26
124 81
124 93
124 118
125 6
125 53
125 63
125 84
125 89
126 4
126 7
126 22
126 31
126 59
126 68
126 80
126 100
126 125
127 22
127 31
127 44
127 92
128 63
128 96
128 145
130 54
130 154
131 5
131 11
131 44
131 75
132 22
132 107
132 114
133 24
133 81
133 123
134 4
134 53
134 61
134 97
134 150
135 20
135 33
135 49
135 76
135 90
135 111
135 134
135 137
136 7
136 37
136 41
136 68
136 69
136 102
136 110
136 123
137 38
137 51
137 68
137 85
138 9
138 36
138 117
138 123
138 125
139 10
139 24
139 29
139 60
140 111
140 127
141 45
142 14
142 98
142 117
142 120
142 123
142 128
142 136
143 52
143 54
143 77
143 121
144 1
144 9
144 26
144 39
144 40
144 60
144 76
144 80
144 130
144 131
144 145
145 4
145 16
145 19
145 23
145 103
145 120
145 143
145 153
146 4
146 34
146 153
147 12
147 19
147 50
147 94
147 102
147 134
147 144
148 19
148 37
148 50
148 66
148 94
149 15
149 26
149 84
150 7
150 9
150 11
150 74
150 88
150 105
150 133
150 158
151 85
151 86
151 109
151 150
152 36
152 56
152 59
152 78
152 131
152 151
153 7
153 14
153 23
153 24
153 47
153 85
154 36
154 37
154 40
154 52
154 56
154 59
154 146
155 3
155 27
155 47
155 84
155 100
155 105
155 158
156 55
156 78
156 92
156 111
156 120
156 143
156 153
156 154
157 12
157 15
157 32
157 64
157 152
157 153
158 41
158 65
158 114
158 129
159 0
159 15
159 27
159 54
159 103
159 133
159 136
159 146
159 150
0 1 2 3 4 5 6
