160 340 24
0 22
0 61
0 76
0 81
0 99
0 118
0 145
0 152
1 92
2 6
2 16
2 142
3 53
3 115
4 72
5 20
5 70
6 141
7 4
7 17
7 33
7 83
8 40
8 107
9 140
10 31
10 122
11 44
11 57
11 99
11 117
11 151
12 5
12 103
12 105
13 37
14 82
14 114
15 20
15 153
16 39
16 122
17 7
18 41
19 137
20 15
20 32
20 114
21 85
22 0
22 24
22 135
23 107
23 152
24 28
25 128
25 141
26 8
26 135
27 137
28 24
29 137
29 141
30 101
31 157
32 72
33 7
33 46
33 156
34 96
35 55
35 68
35 158
36 55
37 13
37 41
38 43
39 16
39 131
40 8
40 63
40 80
40 121
41 18
41 27
41 37
41 42
41 73
41 98
42 41
42 69
42 132
43 38
44 11
44 20
45 12
45 46
46 45
46 71
46 115
46 146
49 9
49 31
49 116
49 128
50 93
50 129
51 88
51 135
52 53
52 60
52 84
52 119
53 3
53 27
53 52
53 126
54 30
54 37
54 80
54 129
54 144
55 35
55 113
55 115
56 61
56 82
56 128
57 11
57 73
59 49
60 52
60 110
61 56
61 62
62 61
63 40
64 100
65 125
66 123
67 68
68 35
68 67
68 70
69 20
69 72
69 117
70 22
70 68
70 118
71 9
71 153
72 4
72 32
72 45
72 69
74 78
75 111
76 0
76 68
77 55
77 82
77 120
78 39
78 74
79 131
80 126
81 93
81 159
82 14
82 38
82 56
82 77
82 115
82 151
83 7
83 156
84 41
84 52
84 151
85 21
85 108
85 124
86 153
87 111
87 133
87 150
88 46
88 51
88 69
88 159
89 37
90 58
90 120
91 21
91 93
91 111
92 1
92 23
93 81
93 92
93 124
94 16
95 87
95 118
96 16
97 140
98 41
98 140
99 11
100 7
100 64
100 122
100 135
101 30
101 108
102 51
102 127
103 49
103 110
104 85
105 12
106 125
106 131
107 23
108 85
108 142
109 54
110 60
110 112
110 130
111 59
111 87
111 91
112 100
113 55
115 0
115 3
115 82
116 32
116 49
116 54
117 69
118 158
119 52
119 91
121 40
121 110
121 123
122 0
122 10
122 16
123 23
123 66
123 121
124 9
124 85
124 93
124 148
125 65
125 88
125 106
126 53
126 80
126 122
127 19
127 123
127 147
127 154
128 25
128 56
128 93
128 100
128 134
129 28
129 50
129 54
129 124
130 22
130 98
130 110
130 128
131 106
132 42
133 63
133 87
133 146
133 156
135 26
135 51
135 138
135 156
136 151
137 113
138 135
139 34
139 77
140 9
140 48
140 98
141 25
141 29
142 2
142 57
143 53
143 144
143 152
144 54
145 0
148 124
149 42
150 122
150 135
151 11
151 47
151 82
151 84
151 136
152 0
152 49
152 108
152 143
153 15
153 71
153 86
154 0
154 127
155 91
156 66
156 83
156 104
156 133
156 154
157 31
157 44
157 151
158 65
158 118
159 24
159 81
0 1 2 3 4 5 6 7 8 9 10 11 12 13 14 15 16 17 18 19 20 21 22 23
