160 973 12
0 24
0 42
0 64
0 83
0 86
0 108
0 117
0 140
0 142
0 143
0 148
0 152
1 63
2 23
2 30
2 32
2 35
2 36
2 54
2 117
2 146
2 153
3 29
3 73
3 79
3 87
3 97
3 113
3 149
3 157
4 17
4 24
4 101
4 109
4 138
4 156
5 31
5 43
5 50
5 63
5 102
5 136
6 10
6 67
6 85
6 125
6 147
6 157
7 16
7 106
7 123
7 131
7 152
8 9
8 31
8 41
8 51
8 72
8 136
8 139
8 155
9 30
9 62
9 74
9 114
10 27
10 48
10 59
10 86
10 122
10 154
11 42
11 65
11 135
12 29
12 69
12 71
12 77
12 102
13 133
13 156
13 157
14 17
14 43
14 93
14 105
15 11
15 76
15 113
15 119
15 142
15 151
16 50
16 89
16 92
16 149
17 25
17 28
17 69
17 107
17 110
17 115
17 117
17 131
17 136
17 147
17 148
18 53
18 55
18 74
18 77
18 80
18 88
18 128
18 145
18 150
19 53
19 90
19 101
19 148
20 80
20 138
20 159
21 5
21 75
21 134
21 137
21 143
21 152
22 68
22 99
23 87
23 125
23 136
24 0
24 57
24 72
24 82
24 103
24 114
24 159
25 86
25 93
26 3
26 27
26 79
26 124
26 130
26 136
26 139
27 26
27 60
27 64
27 68
27 71
27 103
27 124
27 158
28 4
28 5
28 27
28 43
28 53
28 68
28 92
28 107
28 133
29 3
29 63
29 80
30 2
30 16
30 46
30 68
30 74
30 90
30 103
31 8
31 60
31 67
31 69
31 116
31 124
31 133
31 138
32 25
32 31
32 82
32 99
32 108
32 149
33 60
33 66
33 77
33 95
33 102
33 105
33 112
33 127
33 148
34 69
34 88
34 92
34 119
35 23
35 45
35 50
35 126
35 132
35 147
35 152
36 5
36 63
36 79
36 98
36 133
37 29
37 40
37 96
37 142
38 19
38 46
38 54
38 76
38 82
38 109
39 9
39 143
40 41
40 81
40 98
41 19
41 40
41 66
41 73
41 99
42 4
42 102
42 127
42 144
42 152
43 5
43 28
43 32
43 58
43 89
43 125
43 139
44 17
44 40
44 88
44 132
44 147
45 1
45 66
45 93
45 94
45 112
46 11
46 49
46 66
46 127
46 128
47 82
47 92
47 95
47 116
47 122
47 157
48 10
48 71
48 106
48 109
48 145
49 22
49 42
49 44
49 87
49 93
49 94
49 99
50 16
50 24
50 83
50 113
51 8
51 20
51 49
51 62
51 97
52 34
52 121
52 134
53 9
53 18
53 27
53 28
53 66
53 85
53 92
53 126
54 6
54 49
54 65
54 72
54 82
54 85
55 5
55 18
55 48
55 128
56 138
57 62
57 82
58 34
58 36
58 91
58 94
58 102
58 104
58 116
59 8
60 25
60 95
60 137
61 8
61 52
61 93
61 140
61 156
62 101
62 105
62 149
63 1
63 18
63 74
63 96
63 98
63 156
64 0
64 45
64 91
64 96
65 11
65 16
65 18
65 69
65 71
65 115
65 144
66 37
66 45
66 110
66 117
66 141
66 149
66 154
66 156
67 14
67 19
67 26
67 31
67 76
67 77
67 89
67 122
67 137
67 150
68 2
68 27
68 72
68 89
68 119
68 128
68 153
68 159
69 12
69 17
69 31
69 34
69 54
69 131
69 136
69 145
69 147
70 12
70 71
70 88
70 93
70 96
70 140
71 12
71 149
72 8
72 54
72 57
72 68
72 70
72 125
72 154
73 1
73 4
73 6
73 61
73 62
73 105
73 149
73 151
73 154
74 4
74 9
74 18
74 75
74 109
74 111
74 117
74 143
74 147
75 2
75 50
75 53
75 74
75 78
75 136
75 154
76 23
76 47
76 67
76 83
76 97
76 113
76 127
77 12
77 18
77 67
77 79
77 96
77 104
77 111
77 112
78 6
78 22
78 136
78 151
79 56
79 126
79 141
80 53
80 55
80 96
80 105
81 32
81 39
81 107
81 113
81 143
81 155
82 4
82 27
82 47
82 51
82 57
82 84
82 87
82 112
82 120
83 30
83 54
83 104
83 117
83 128
83 151
84 18
84 59
84 112
84 138
85 29
85 53
85 75
85 100
85 130
86 10
86 25
86 81
86 90
86 95
86 105
86 120
86 129
86 130
86 133
87 23
87 100
87 124
87 131
87 153
88 13
88 16
88 32
88 54
88 70
88 80
88 106
88 122
89 7
89 50
89 66
89 84
89 91
89 132
89 143
90 5
90 10
90 12
90 30
90 128
90 156
91 30
91 38
91 47
91 82
91 92
91 95
91 128
92 1
92 23
92 28
92 34
92 47
92 127
92 133
93 9
93 15
93 25
93 45
93 86
93 105
93 106
93 117
93 118
93 123
93 140
93 146
93 147
94 43
94 49
94 59
94 96
94 97
94 136
94 153
95 2
95 47
95 55
95 86
95 105
95 106
95 140
96 37
96 59
96 94
96 116
96 131
96 139
97 8
97 55
97 151
98 15
98 35
98 36
98 40
98 61
98 65
98 115
98 118
98 149
99 32
99 49
99 70
99 107
99 142
100 55
100 60
100 75
100 85
100 87
100 118
100 141
100 146
101 6
101 10
101 19
101 23
101 77
101 83
101 139
101 146
102 33
102 42
102 58
102 83
102 110
103 7
103 39
103 45
104 1
104 3
104 14
104 28
104 30
104 60
104 65
104 77
104 84
104 128
104 133
104 153
105 66
105 73
105 84
105 88
105 90
105 93
105 95
105 101
105 106
105 141
106 0
106 4
106 7
106 53
106 55
106 93
106 99
106 120
106 138
107 36
107 53
107 79
107 113
107 159
108 0
108 32
108 43
108 48
108 59
109 14
110 16
110 17
110 66
110 70
110 102
110 117
111 74
111 102
111 123
111 140
111 147
111 150
112 24
112 39
112 46
112 67
112 152
113 3
113 10
113 37
113 43
113 76
113 108
113 132
114 47
114 59
114 118
114 157
115 23
115 52
115 84
115 109
115 134
116 10
116 28
116 46
116 63
117 0
117 58
117 66
117 158
118 0
118 59
118 68
118 93
118 98
118 100
118 121
118 126
119 3
119 15
119 23
119 25
119 27
119 107
119 126
119 131
120 38
120 106
120 126
120 136
120 142
121 34
121 57
121 118
121 128
121 131
121 132
121 133
121 155
122 79
122 88
122 113
122 137
123 20
123 88
123 100
123 129
123 136
124 92
124 99
124 106
124 127
124 142
124 156
125 26
125 43
125 71
125 150
125 153
126 73
126 109
126 114
126 119
126 140
127 14
127 22
127 33
127 42
127 68
127 92
127 130
127 158
128 55
128 68
128 89
128 121
129 9
129 24
129 31
129 40
129 83
129 86
129 121
129 122
130 2
130 9
130 29
130 32
130 55
130 127
131 12
131 55
131 69
131 70
131 71
131 73
131 102
131 142
132 6
132 25
132 35
132 89
132 121
132 145
132 151
133 36
133 44
133 48
133 86
133 99
133 104
133 121
133 138
133 151
134 41
134 49
134 50
134 52
134 73
134 122
135 11
135 69
135 123
135 148
136 5
136 8
136 23
136 26
136 37
136 69
136 94
136 118
136 123
136 156
137 2
137 14
137 21
137 39
137 78
137 135
137 147
138 15
138 56
138 63
138 133
139 7
139 53
140 11
140 45
140 46
140 82
140 93
140 95
140 111
141 21
141 86
141 105
142 0
142 15
142 32
142 58
142 78
142 115
142 120
142 123
142 139
142 147
143 5
143 50
143 78
143 81
143 82
143 89
143 151
143 157
144 4
144 42
144 105
144 129
144 131
144 154
145 2
145 27
145 29
145 69
145 77
145 132
146 2
146 6
146 9
146 15
146 19
146 27
146 49
146 127
146 145
146 156
147 16
147 71
147 91
147 93
147 111
147 139
148 0
148 9
148 17
148 33
148 43
148 52
148 63
148 66
148 75
148 79
148 105
148 120
148 135
148 142
148 154
149 3
149 66
149 73
149 98
150 9
150 47
150 55
150 118
150 125
150 155
151 4
151 15
151 49
151 87
151 97
151 130
151 133
152 0
152 81
152 91
152 112
153 68
153 73
153 87
153 104
153 121
153 128
153 135
153 157
154 18
154 42
154 73
154 108
154 129
154 144
154 147
154 148
155 61
155 66
155 95
155 120
155 121
155 126
155 127
155 141
155 150
155 159
156 1
156 29
156 81
156 90
156 95
156 107
156 123
156 124
156 144
156 150
156 151
157 3
157 6
157 13
157 41
157 43
157 47
157 57
157 101
157 153
158 56
158 100
158 116
158 135
159 64
159 94
159 108
159 121
159 140
159 155
0 1 2 3 4 5 6 7 8 9 10 11
