160 2544 12
0 8
0 21
0 33
0 39
0 51
0 59
0 62
0 65
0 68
0 100
0 102
0 103
0 107
0 112
0 113
0 122
0 137
0 138
0 145
0 146
0 149
1 11
1 16
1 22
1 32
1 47
1 49
1 82
1 88
1 91
1 97
1 109
1 128
1 139
1 147
2 8
2 20
2 35
2 46
2 54
2 64
2 77
2 82
2 100
2 108
2 109
2 111
2 125
2 130
2 135
2 139
2 142
2 143
2 157
3 26
3 43
3 48
3 55
3 90
3 97
3 108
3 113
3 129
3 156
4 8
4 12
4 25
4 29
4 38
4 41
4 54
4 68
4 93
4 99
4 103
5 7
5 13
5 40
5 41
5 49
5 55
5 57
5 68
5 80
5 97
5 101
5 104
5 133
5 141
5 155
5 156
5 158
6 18
6 28
6 32
6 34
6 57
6 70
6 81
6 82
6 86
6 87
6 102
6 115
6 124
6 137
7 29
7 46
7 50
7 52
7 58
7 67
7 82
7 90
7 107
7 109
7 113
7 116
7 121
7 128
7 131
7 139
7 149
8 3
8 28
8 34
8 60
8 62
8 64
8 73
8 77
8 96
8 112
8 150
8 151
8 158
9 7
9 44
9 55
9 65
9 71
9 79
9 85
9 98
9 126
9 129
9 131
9 137
9 138
10 4
10 8
10 14
10 28
10 37
10 42
10 62
10 73
10 74
10 78
10 85
10 90
10 99
10 100
10 105
10 106
10 114
10 121
10 124
10 132
10 133
10 140
11 19
11 20
11 25
11 32
11 39
11 47
11 79
11 90
11 94
11 112
11 114
11 115
11 135
11 152
11 156
12 7
12 11
12 13
12 39
12 66
12 68
12 75
12 92
12 98
12 105
12 110
12 119
12 123
12 153
12 158
13 22
13 30
13 62
13 64
13 78
13 85
13 93
13 98
13 100
13 101
13 110
13 116
13 144
13 155
14 5
14 28
14 52
14 66
14 68
14 78
14 84
14 88
14 92
14 99
14 132
14 146
14 152
15 5
15 11
15 23
15 30
15 35
15 55
15 65
15 102
15 135
15 146
15 149
15 155
16 17
16 18
16 23
16 24
16 30
16 42
16 69
16 71
16 73
16 80
16 84
16 90
16 91
16 102
16 103
16 104
16 116
16 131
16 134
16 144
17 24
17 28
17 33
17 34
17 35
17 45
17 52
17 55
17 68
17 70
17 75
17 78
17 83
17 84
17 87
17 108
17 159
18 20
18 25
18 46
18 52
18 53
18 54
18 69
18 74
18 76
18 77
18 88
18 96
18 102
18 105
18 125
18 126
18 129
18 130
18 147
18 155
18 158
19 2
19 12
19 38
19 59
19 63
19 68
19 84
19 88
19 93
19 94
19 126
19 137
19 139
19 144
19 154
20 3
20 6
20 40
20 48
20 56
20 69
20 87
20 99
20 103
20 105
20 116
20 121
20 125
20 139
20 150
20 153
21 1
21 2
21 4
21 6
21 40
21 64
21 76
21 86
21 97
21 104
21 105
21 117
21 118
21 121
21 130
21 133
21 143
21 144
21 151
21 155
21 158
22 24
22 31
22 38
22 61
22 65
22 69
22 76
22 78
22 85
22 98
22 110
22 114
22 118
22 126
22 134
22 145
23 1
23 6
23 13
23 28
23 31
23 35
23 42
23 44
23 49
23 57
23 82
23 84
23 94
23 98
23 120
23 121
23 135
23 141
23 149
23 155
24 4
24 9
24 15
24 21
24 44
24 47
24 54
24 102
24 105
24 132
24 136
24 143
25 20
25 28
25 29
25 41
25 45
25 54
25 88
25 119
25 134
26 2
26 15
26 33
26 40
26 56
26 65
26 70
26 84
26 99
26 102
26 116
26 128
26 141
26 153
26 156
27 3
27 7
27 18
27 25
27 37
27 42
27 68
27 70
27 78
27 83
27 84
27 93
27 125
27 130
27 137
28 3
28 18
28 26
28 27
28 30
28 31
28 50
28 57
28 59
28 63
28 89
28 118
28 153
28 156
28 157
29 3
29 6
29 22
29 26
29 31
29 45
29 66
29 80
29 86
29 104
29 121
29 132
29 143
29 150
30 12
30 19
30 21
30 31
30 45
30 47
30 48
30 50
30 55
30 71
30 78
30 79
30 91
30 99
30 113
30 114
30 117
30 139
30 144
30 152
30 155
31 0
31 3
31 12
31 14
31 50
31 69
31 79
31 80
31 104
31 105
31 115
31 119
31 123
31 128
31 138
31 140
32 7
32 20
32 27
32 41
32 42
32 54
32 56
32 62
32 74
32 79
32 82
32 109
32 113
32 139
32 159
33 8
33 21
33 22
33 24
33 35
33 42
33 49
33 60
33 81
33 82
33 114
33 135
33 145
33 148
34 18
34 20
34 30
34 41
34 63
34 67
34 95
34 99
34 104
34 111
34 156
34 159
35 6
35 22
35 60
35 67
35 78
35 83
35 93
35 97
35 118
35 122
36 4
36 30
36 39
36 62
36 84
36 92
36 112
36 114
36 119
36 135
36 141
36 148
37 3
37 34
37 38
37 43
37 71
37 80
37 110
37 122
37 128
37 138
37 152
38 12
38 15
38 24
38 33
38 49
38 56
38 58
38 60
38 71
38 72
38 73
38 74
38 84
38 95
38 99
38 104
38 109
38 113
38 120
38 126
38 131
38 151
38 153
39 10
39 23
39 43
39 48
39 51
39 74
39 84
39 96
39 101
39 110
39 111
39 120
39 122
40 14
40 18
40 22
40 72
40 85
40 97
40 100
40 107
40 119
40 123
40 136
40 140
40 141
40 155
40 159
41 0
41 12
41 23
41 31
41 33
41 36
41 37
41 38
41 79
41 80
41 84
41 93
41 107
41 118
41 122
41 125
41 142
41 146
42 4
42 9
42 17
42 18
42 36
42 38
42 40
42 45
42 67
42 94
42 104
42 107
42 110
42 130
42 132
42 133
42 141
42 148
42 152
42 158
43 2
43 23
43 31
43 35
43 50
43 53
43 58
43 63
43 72
43 82
43 119
43 135
43 139
43 146
43 151
44 7
44 25
44 45
44 47
44 58
44 76
44 83
44 85
44 102
44 107
44 115
44 121
44 124
44 134
44 139
44 142
44 155
45 19
45 32
45 33
45 39
45 52
45 53
45 69
45 70
45 73
45 78
45 83
45 84
45 90
45 105
45 107
45 140
45 145
45 149
46 1
46 11
46 17
46 35
46 36
46 41
46 51
46 58
46 59
46 62
46 69
46 75
46 85
46 92
46 113
46 120
46 123
46 127
46 145
46 159
47 3
47 9
47 16
47 37
47 45
47 48
47 49
47 82
47 104
47 108
47 122
47 135
47 142
48 13
48 18
48 29
48 37
48 38
48 85
48 105
48 112
48 117
48 126
48 131
48 138
48 155
48 156
48 157
49 11
49 21
49 26
49 32
49 36
49 42
49 74
49 86
49 94
49 97
49 100
49 105
49 108
49 138
49 139
49 141
49 150
50 19
50 22
50 26
50 29
50 36
50 39
50 44
50 47
50 55
50 81
50 82
50 98
50 99
50 109
50 115
50 131
50 138
50 144
50 151
50 152
50 159
51 8
51 11
51 17
51 23
51 26
51 28
51 30
51 40
51 47
51 49
51 54
51 69
51 72
51 73
51 84
51 86
51 91
51 101
51 105
51 106
51 111
51 121
51 157
52 2
52 19
52 28
52 40
52 47
52 54
52 60
52 62
52 79
52 83
52 85
52 95
52 96
52 101
52 106
52 112
52 157
53 2
53 5
53 10
53 34
53 36
53 38
53 56
53 86
53 121
53 124
53 143
53 157
54 0
54 9
54 23
54 31
54 42
54 43
54 49
54 71
54 78
54 80
54 99
54 103
54 116
54 121
54 133
54 134
55 4
55 11
55 26
55 35
55 36
55 45
55 72
55 75
55 96
55 108
55 140
55 141
55 142
55 146
56 0
56 2
56 8
56 22
56 30
56 39
56 51
56 59
56 74
56 83
56 100
56 110
56 112
56 129
56 141
56 142
56 144
57 10
57 17
57 37
57 44
57 52
57 55
57 63
57 79
57 84
57 101
57 112
57 133
57 136
57 145
58 1
58 12
58 14
58 16
58 72
58 76
58 82
58 88
58 115
58 131
58 157
59 9
59 23
59 31
59 35
59 43
59 61
59 88
59 122
59 123
59 125
59 143
59 150
60 0
60 9
60 19
60 23
60 26
60 34
60 48
60 58
60 64
60 67
60 69
60 70
60 72
60 83
60 98
60 100
60 103
60 104
60 120
60 123
60 128
60 132
60 153
60 154
60 157
61 5
61 19
61 24
61 33
61 63
61 73
61 91
61 101
61 121
61 129
61 137
61 148
61 155
62 6
62 7
62 12
62 14
62 31
62 64
62 68
62 80
62 84
62 97
62 146
62 148
63 8
63 20
63 21
63 23
63 32
63 36
63 37
63 42
63 54
63 60
63 66
63 67
63 92
63 96
63 106
63 132
63 154
64 25
64 40
64 46
64 48
64 72
64 78
64 83
64 86
64 89
64 110
64 111
64 114
64 125
64 131
64 133
64 139
64 147
64 148
64 155
65 17
65 18
65 21
65 29
65 47
65 53
65 55
65 61
65 79
65 89
65 96
65 108
65 119
65 121
65 125
65 138
65 139
65 142
65 150
65 155
66 8
66 21
66 37
66 43
66 52
66 60
66 77
66 82
66 89
66 94
66 101
66 106
66 118
66 139
66 147
66 152
66 155
66 157
67 3
67 16
67 61
67 62
67 69
67 93
67 94
67 100
67 103
67 117
67 120
67 123
67 129
67 132
67 148
67 150
68 3
68 30
68 34
68 35
68 39
68 57
68 61
68 70
68 80
68 88
68 149
68 156
69 3
69 11
69 24
69 30
69 44
69 54
69 56
69 59
69 63
69 72
69 76
69 83
69 88
69 89
69 102
69 115
69 134
69 135
69 142
69 147
69 158
70 15
70 32
70 36
70 39
70 46
70 54
70 71
70 80
70 103
70 109
70 115
70 120
70 129
70 142
70 147
71 0
71 4
71 8
71 14
71 28
71 36
71 69
71 75
71 86
71 87
71 102
71 106
71 108
71 112
71 118
71 122
71 131
71 139
72 12
72 15
72 20
72 21
72 24
72 25
72 28
72 32
72 57
72 81
72 82
72 93
72 101
72 111
72 112
72 118
72 151
73 14
73 22
73 25
73 42
73 67
73 70
73 75
73 77
73 119
73 125
73 127
73 143
73 145
73 154
74 2
74 19
74 23
74 36
74 72
74 93
74 99
74 104
74 115
74 119
74 120
74 150
74 151
75 0
75 2
75 3
75 6
75 8
75 9
75 13
75 21
75 23
75 64
75 93
75 96
75 112
75 121
75 130
75 132
75 135
75 143
75 145
75 148
76 0
76 28
76 55
76 63
76 67
76 110
76 111
76 126
76 133
77 1
77 11
77 19
77 20
77 25
77 32
77 35
77 42
77 44
77 60
77 63
77 69
77 76
77 84
77 101
77 105
77 130
77 131
77 152
78 12
78 18
78 34
78 46
78 48
78 49
78 62
78 70
78 80
78 123
78 152
78 157
78 158
79 1
79 7
79 16
79 22
79 24
79 26
79 34
79 35
79 44
79 46
79 56
79 64
79 75
79 89
79 107
79 108
79 124
79 125
79 133
79 147
79 148
79 154
80 0
80 1
80 4
80 15
80 17
80 18
80 20
80 51
80 52
80 94
80 109
80 113
80 128
80 142
80 144
80 150
80 151
80 155
80 156
81 0
81 1
81 27
81 36
81 60
81 61
81 68
81 90
81 94
81 102
81 108
81 111
81 153
82 10
82 12
82 13
82 15
82 26
82 38
82 63
82 65
82 77
82 81
82 85
82 110
82 119
82 120
82 125
82 144
82 158
83 1
83 14
83 22
83 26
83 33
83 50
83 62
83 71
83 79
83 87
83 111
83 120
83 130
83 142
83 147
83 152
83 158
84 8
84 68
84 76
84 85
84 93
84 113
84 129
84 138
84 155
84 158
85 7
85 14
85 16
85 29
85 30
85 39
85 45
85 88
85 105
85 108
85 133
85 142
85 143
85 148
86 23
86 26
86 34
86 37
86 39
86 41
86 47
86 58
86 62
86 67
86 68
86 72
86 79
86 80
86 81
86 114
86 119
86 133
86 138
86 139
86 146
86 149
86 151
87 7
87 12
87 13
87 31
87 40
87 44
87 48
87 50
87 54
87 56
87 73
87 79
87 104
87 118
87 125
87 128
87 134
87 139
87 146
88 7
88 13
88 16
88 26
88 37
88 50
88 53
88 55
88 61
88 74
88 106
88 111
88 114
88 123
88 124
88 149
89 15
89 30
89 31
89 42
89 60
89 67
89 84
89 85
89 92
89 103
89 118
89 133
89 135
89 141
89 150
89 151
89 159
90 4
90 18
90 20
90 28
90 31
90 32
90 44
90 74
90 114
90 131
90 153
91 9
91 15
91 22
91 23
91 28
91 49
91 54
91 55
91 90
91 100
91 117
91 120
91 121
91 129
91 134
91 150
92 10
92 19
92 27
92 34
92 35
92 37
92 62
92 73
92 83
92 94
92 107
92 109
92 118
92 135
92 156
93 0
93 6
93 9
93 11
93 12
93 14
93 17
93 26
93 29
93 30
93 39
93 45
93 48
93 51
93 62
93 73
93 87
93 105
93 115
93 124
93 133
93 138
94 1
94 16
94 26
94 58
94 61
94 72
94 99
94 102
94 111
94 125
94 133
94 134
94 154
95 1
95 4
95 22
95 26
95 27
95 37
95 40
95 44
95 46
95 49
95 55
95 64
95 66
95 67
95 71
95 73
95 97
95 104
95 106
95 115
95 128
95 130
95 149
96 6
96 7
96 69
96 89
96 93
96 98
96 109
96 114
96 130
96 133
96 138
96 149
96 153
97 4
97 7
97 17
97 38
97 66
97 86
97 87
97 94
97 105
97 109
97 111
97 112
97 120
97 130
97 135
97 142
97 159
98 15
98 26
98 30
98 33
98 36
98 38
98 41
98 61
98 72
98 77
98 89
98 111
98 118
98 124
98 125
98 129
98 142
98 144
98 147
99 9
99 25
99 62
99 67
99 107
99 109
99 111
99 112
99 141
99 150
100 12
100 15
100 24
100 34
100 54
100 57
100 58
100 59
100 64
100 71
100 72
100 87
100 95
100 112
100 115
100 117
100 124
100 151
100 153
101 16
101 25
101 63
101 65
101 84
101 91
101 122
101 142
101 153
101 157
102 20
102 32
102 40
102 46
102 75
102 83
102 84
102 85
102 124
102 139
102 140
102 145
102 157
103 7
103 9
103 13
103 17
103 23
103 25
103 47
103 55
103 75
103 77
103 86
103 95
103 98
103 99
103 104
103 147
103 149
104 11
104 13
104 22
104 24
104 39
104 44
104 45
104 46
104 61
104 71
104 84
104 89
104 96
104 100
104 105
104 106
104 109
104 110
104 114
104 145
104 148
104 153
105 1
105 2
105 29
105 42
105 47
105 63
105 64
105 69
105 70
105 98
105 111
105 116
105 119
105 143
105 146
105 156
105 159
106 7
106 14
106 21
106 37
106 40
106 54
106 61
106 85
106 94
106 112
106 136
106 140
106 145
107 1
107 3
107 13
107 19
107 20
107 21
107 25
107 27
107 28
107 29
107 31
107 39
107 67
107 71
107 76
107 81
107 90
107 95
107 101
107 106
107 120
107 134
107 140
107 150
107 158
107 159
108 13
108 28
108 30
108 63
108 64
108 67
108 76
108 82
108 91
108 94
108 109
108 131
108 135
108 150
109 22
109 28
109 31
109 55
109 71
109 78
109 81
109 87
109 89
109 135
110 1
110 3
110 4
110 10
110 11
110 14
110 15
110 20
110 30
110 54
110 59
110 68
110 69
110 81
110 83
110 94
110 103
110 120
110 135
110 144
110 150
111 7
111 15
111 35
111 42
111 47
111 73
111 86
111 96
111 102
111 104
111 112
111 122
111 137
111 142
111 143
112 13
112 37
112 53
112 73
112 80
112 92
112 113
112 114
112 117
112 142
112 145
112 148
112 156
113 4
113 5
113 12
113 19
113 24
113 28
113 35
113 40
113 43
113 48
113 54
113 58
113 59
113 76
113 77
113 90
113 104
113 121
113 130
113 147
114 0
114 4
114 12
114 16
114 24
114 49
114 70
114 80
114 84
114 92
114 100
114 105
114 109
114 115
114 117
114 129
114 130
114 133
114 136
114 145
114 155
115 0
115 4
115 8
115 22
115 24
115 33
115 36
115 46
115 51
115 61
115 71
115 88
115 98
115 101
115 122
115 128
115 132
115 153
115 156
116 1
116 21
116 22
116 30
116 37
116 49
116 75
116 76
116 85
116 99
116 101
116 109
116 114
116 115
116 130
116 139
116 140
116 154
116 155
117 3
117 13
117 27
117 34
117 45
117 56
117 63
117 90
117 93
117 120
117 129
117 132
117 148
118 3
118 6
118 14
118 17
118 32
118 39
118 45
118 70
118 75
118 81
118 82
118 93
118 121
118 142
118 151
118 159
119 0
119 5
119 14
119 26
119 33
119 55
119 59
119 72
119 79
119 99
119 103
119 110
119 144
119 149
119 151
120 5
120 9
120 11
120 30
120 33
120 34
120 35
120 43
120 55
120 58
120 71
120 72
120 78
120 80
120 87
120 96
120 121
120 125
120 130
120 138
120 145
120 152
120 159
121 24
121 46
121 62
121 66
121 72
121 80
121 117
121 125
121 127
121 145
121 157
122 7
122 26
122 30
122 73
122 74
122 75
122 96
122 108
122 112
122 131
122 132
123 9
123 25
123 29
123 55
123 66
123 74
123 85
123 86
123 98
123 108
123 109
123 115
123 120
123 150
123 153
124 9
124 14
124 20
124 21
124 74
124 75
124 80
124 90
124 114
124 115
124 131
124 151
124 159
125 40
125 51
125 53
125 57
125 67
125 74
125 80
125 84
125 89
125 114
125 115
125 149
126 5
126 10
126 24
126 25
126 42
126 44
126 55
126 64
126 74
126 88
126 90
126 96
126 108
126 119
126 142
126 148
126 151
127 0
127 7
127 11
127 26
127 36
127 38
127 39
127 40
127 45
127 53
127 58
127 64
127 67
127 71
127 89
127 92
127 97
127 101
127 117
127 123
127 128
127 135
127 139
127 143
127 146
127 152
127 153
128 0
128 11
128 42
128 44
128 48
128 49
128 61
128 75
128 90
128 110
128 114
128 121
128 135
128 139
128 159
129 4
129 5
129 22
129 26
129 71
129 88
129 100
129 110
129 133
129 135
130 6
130 8
130 14
130 44
130 51
130 52
130 55
130 61
130 91
130 105
130 115
130 117
130 126
130 149
131 1
131 3
131 8
131 19
131 28
131 29
131 30
131 31
131 32
131 39
131 60
131 62
131 69
131 76
131 78
131 80
131 98
131 102
131 141
131 144
131 149
132 2
132 5
132 13
132 16
132 34
132 56
132 74
132 92
132 96
132 128
133 0
133 2
133 12
133 23
133 41
133 43
133 59
133 60
133 88
133 99
133 102
133 104
133 106
133 109
133 128
133 147
133 151
134 4
134 31
134 34
134 36
134 46
134 48
134 49
134 53
134 63
134 65
134 68
134 84
134 98
134 118
135 14
135 28
135 31
135 35
135 49
135 52
135 58
135 60
135 82
135 87
135 107
135 119
136 2
136 4
136 12
136 16
136 25
136 30
136 32
136 34
136 47
136 51
136 52
136 59
136 60
136 63
136 72
136 76
136 84
136 94
136 97
136 98
136 115
136 119
136 122
136 149
137 2
137 8
137 10
137 12
137 17
137 25
137 35
137 37
137 69
137 73
137 77
137 101
137 104
137 114
137 121
137 142
137 154
138 18
138 28
138 30
138 34
138 35
138 90
138 102
138 110
138 122
138 126
138 127
138 153
139 24
139 29
139 31
139 67
139 80
139 82
139 85
139 88
139 89
139 91
139 97
139 121
139 131
139 132
139 135
139 140
140 6
140 27
140 30
140 36
140 47
140 57
140 62
140 73
140 74
140 75
140 76
140 83
140 87
140 113
140 114
140 118
140 121
140 125
140 128
140 129
140 136
140 138
140 151
140 154
141 14
141 22
141 31
141 34
141 58
141 65
141 74
141 82
141 96
141 103
141 105
141 110
141 120
141 123
141 135
141 137
141 142
141 145
142 0
142 12
142 17
142 32
142 33
142 42
142 62
142 63
142 77
142 88
142 92
142 106
142 115
142 121
143 1
143 3
143 5
143 14
143 15
143 16
143 19
143 20
143 44
143 46
143 52
143 63
143 66
143 72
143 77
143 87
143 90
143 92
143 114
143 118
143 125
143 140
143 159
144 6
144 14
144 22
144 32
144 43
144 52
144 72
144 90
144 103
144 107
144 113
144 121
144 125
144 158
144 159
145 2
145 23
145 43
145 50
145 61
145 63
145 65
145 77
145 88
145 95
145 103
145 108
145 116
145 122
145 134
145 148
145 154
146 23
146 29
146 61
146 70
146 76
146 85
146 89
146 100
146 106
146 115
146 116
146 145
146 154
147 4
147 33
147 40
147 43
147 52
147 58
147 119
147 120
148 11
148 15
148 20
148 49
148 51
148 65
148 72
148 82
148 91
148 107
148 108
148 119
148 136
148 138
148 139
148 141
148 154
149 24
149 35
149 64
149 69
149 71
149 82
149 83
149 97
149 120
149 124
149 138
149 148
149 153
149 159
150 6
150 25
150 44
150 51
150 53
150 78
150 82
150 88
150 95
150 109
150 117
150 120
150 121
150 124
150 129
150 136
150 142
150 146
150 157
150 159
151 11
151 14
151 15
151 23
151 31
151 36
151 45
151 53
151 75
151 99
151 107
151 116
151 120
151 125
151 137
151 143
152 12
152 13
152 16
152 31
152 92
152 94
152 107
152 108
152 141
152 157
152 159
153 2
153 36
153 49
153 70
153 72
153 75
153 77
153 87
153 95
153 117
153 135
154 1
154 11
154 31
154 46
154 54
154 71
154 72
154 86
154 113
154 118
154 121
154 122
154 147
154 151
155 6
155 25
155 28
155 38
155 54
155 59
155 70
155 92
155 95
155 101
155 109
156 12
156 13
156 33
156 53
156 55
156 60
156 64
156 91
156 97
156 114
156 135
156 138
156 140
156 141
156 157
157 1
157 13
157 15
157 27
157 36
157 45
157 46
157 50
157 57
157 62
157 63
157 64
157 73
157 81
157 99
157 100
157 108
157 111
157 145
158 14
158 19
158 22
158 23
158 46
158 48
158 57
158 74
158 80
158 85
158 104
158 110
158 116
158 118
158 123
158 125
159 6
159 8
159 60
159 73
159 79
159 96
159 117
159 135
159 141
0 1 2 3 4 5 6 7 8 9 10 11
