160 812 12
0 22
0 34
0 61
0 67
0 76
0 85
0 110
0 115
0 118
1 45
1 68
1 74
1 92
1 93
1 99
2 16
2 95
2 126
2 142
3 24
3 37
3 44
3 53
3 144
4 7
4 69
4 72
5 8
5 12
5 20
5 66
5 90
6 2
6 39
6 104
6 114
7 9
7 26
7 42
7 60
7 69
7 79
7 129
7 148
8 26
8 58
8 91
8 107
8 153
9 12
9 46
9 90
9 105
9 111
9 137
9 155
10 5
10 137
10 149
11 42
11 141
11 151
12 45
12 77
12 145
13 33
13 37
13 54
13 101
13 116
14 34
14 42
14 114
14 144
15 2
15 48
15 91
15 117
16 15
16 103
16 117
16 124
17 7
17 32
17 47
17 66
17 108
18 41
18 60
18 92
18 97
18 123
19 9
19 13
19 76
19 87
19 127
19 137
20 15
20 21
20 32
20 56
20 69
20 73
20 119
21 13
21 36
21 85
21 91
21 93
21 146
21 157
21 158
22 38
22 70
23 123
24 22
24 51
24 94
24 100
24 101
24 140
25 5
25 53
25 137
25 153
25 159
26 69
26 77
26 91
27 41
27 53
27 55
27 63
27 76
27 90
27 134
27 137
27 154
28 24
28 57
28 82
28 92
28 107
28 153
29 45
29 70
29 156
30 53
30 56
30 72
30 102
30 152
31 9
31 10
31 51
31 115
31 157
32 7
32 34
32 48
32 72
32 116
32 125
32 139
33 7
33 15
33 46
33 111
33 122
33 134
33 138
33 156
34 20
34 41
34 85
34 86
34 89
34 96
34 113
34 129
34 139
34 157
35 4
35 10
35 47
35 68
35 148
35 158
36 12
36 46
36 55
36 58
36 80
36 134
36 148
37 54
37 89
37 90
37 102
37 150
38 27
38 82
38 134
38 140
39 16
39 92
40 8
40 31
40 57
40 63
40 80
41 19
41 28
41 33
41 37
41 42
41 71
41 84
41 98
42 2
42 6
42 54
42 55
43 38
43 41
43 119
43 141
43 145
43 150
44 11
44 20
44 77
44 82
45 5
45 20
45 30
45 46
45 72
46 71
46 88
46 112
46 115
47 155
48 30
48 40
48 118
49 9
49 17
49 22
49 31
49 59
49 103
49 128
49 141
50 26
50 28
50 52
50 93
50 115
50 129
50 150
51 72
51 88
52 0
52 21
52 59
52 119
52 127
53 7
53 13
53 52
53 82
53 108
53 123
53 143
53 156
54 30
55 30
55 35
55 86
55 113
56 61
56 67
56 86
56 128
57 11
57 20
57 73
57 104
57 142
58 31
58 72
58 73
58 151
59 19
59 93
59 98
59 108
59 111
59 151
60 19
60 44
60 52
60 110
60 157
61 12
61 43
61 62
61 152
62 52
63 7
63 49
63 65
63 101
63 133
64 7
64 56
64 142
65 111
65 125
65 132
65 145
65 153
66 77
66 105
66 106
66 127
66 137
66 156
67 68
67 83
67 146
68 31
68 69
68 115
69 28
69 34
69 39
69 42
69 45
69 52
69 77
69 82
69 84
70 0
70 5
70 33
70 53
70 68
70 91
70 106
70 118
70 123
70 147
71 9
71 77
71 84
71 115
71 153
72 2
72 5
72 31
72 37
72 69
73 7
73 36
73 41
73 51
73 106
73 140
74 78
74 120
74 145
75 16
75 27
75 33
75 37
75 76
75 85
75 104
75 111
75 113
76 38
76 68
77 27
77 55
77 80
77 121
78 39
78 66
78 156
79 15
79 40
79 131
80 0
80 54
80 98
80 126
81 0
81 16
81 67
81 89
81 93
81 109
81 159
82 14
82 31
82 56
82 77
82 90
82 115
82 141
83 7
83 36
83 156
84 52
84 90
84 151
85 104
85 147
85 153
86 120
86 138
87 83
87 95
87 111
87 150
87 153
88 15
88 40
88 69
88 125
88 151
89 23
89 68
89 69
89 75
89 77
89 113
89 150
90 28
90 58
91 4
91 13
91 53
91 119
91 147
91 155
92 23
92 89
92 93
92 94
93 4
93 55
93 91
93 128
93 136
93 138
94 2
94 16
94 99
94 101
94 107
94 116
94 133
94 134
94 154
95 4
95 97
95 132
96 13
96 16
96 50
96 53
96 70
96 83
96 150
97 66
97 127
97 140
97 148
97 158
98 130
99 0
99 11
99 56
99 81
99 124
99 132
100 7
100 10
100 64
100 102
100 112
100 135
100 153
101 30
101 34
101 134
102 4
102 23
102 35
102 51
102 58
102 88
103 12
103 23
103 106
103 154
104 25
104 39
104 89
104 109
104 136
104 156
105 12
105 29
105 31
105 86
105 88
105 119
105 153
106 5
106 10
106 19
106 59
106 146
107 23
107 55
108 81
108 85
108 101
108 152
109 1
109 51
109 54
109 114
110 40
110 103
110 112
110 120
110 130
110 146
111 5
111 6
111 25
111 63
111 66
111 91
112 50
112 60
112 93
112 154
113 59
113 135
114 20
114 27
114 36
114 82
114 123
114 145
115 3
115 55
115 97
116 49
116 51
116 54
116 150
117 11
117 14
117 48
117 69
117 124
117 128
118 13
118 16
118 95
118 99
119 0
119 9
119 17
119 47
119 90
119 97
120 51
120 52
120 68
120 77
120 85
120 90
120 108
121 36
121 40
121 71
121 72
121 110
121 127
121 145
122 0
122 10
122 16
122 100
123 27
123 36
123 49
123 66
123 121
123 127
123 134
124 9
124 85
124 93
124 123
124 136
125 48
125 50
125 106
126 22
126 38
126 53
126 68
126 70
126 99
126 122
126 151
126 153
127 15
127 18
127 28
127 81
127 93
127 96
127 102
127 132
127 154
128 25
128 36
128 43
128 99
128 100
128 130
129 28
129 49
129 54
129 111
129 122
129 124
129 144
130 22
130 89
130 114
131 18
131 39
131 96
131 106
132 42
132 107
133 2
133 64
133 87
133 146
134 128
134 137
135 22
135 26
135 51
135 109
135 119
135 156
136 37
136 109
136 125
136 151
137 29
137 113
137 129
138 9
138 24
138 49
138 131
138 135
139 18
139 77
139 148
140 9
140 25
140 48
140 69
140 98
141 6
141 15
141 25
141 29
141 71
141 104
141 142
141 144
142 28
142 37
142 58
142 78
142 108
142 113
142 116
142 121
143 4
143 20
143 37
143 38
143 45
143 83
143 102
143 134
143 144
144 0
144 10
144 28
144 50
144 54
144 69
144 79
144 104
144 116
145 0
145 33
145 42
145 107
145 134
145 141
146 3
146 46
146 59
146 89
146 93
146 120
146 128
146 134
147 35
147 43
147 47
147 49
147 121
147 127
147 146
148 34
148 41
148 99
148 117
148 124
149 21
149 25
149 41
149 42
149 64
149 85
149 97
149 107
149 146
149 147
150 25
150 27
150 54
150 60
150 99
150 122
150 135
150 141
151 21
151 45
151 47
151 75
151 82
151 142
152 0
152 23
152 38
152 49
152 80
152 84
152 133
152 138
152 143
153 15
153 61
153 86
153 132
153 140
154 0
154 156
155 6
155 115
155 138
155 149
156 133
157 44
157 53
157 128
157 138
157 151
158 65
158 79
158 96
158 118
159 24
159 86
159 88
159 104
159 129
159 131
159 134
159 138
0 1 2 3 4 5 6 7 8 9 10 11
