160 812 7
0 5
0 27
0 54
0 55
0 97
0 135
1 15
1 24
1 31
1 113
1 114
1 131
1 141
1 146
1 148
2 58
2 101
2 118
3 18
3 48
3 79
3 81
3 98
3 146
4 12
4 35
4 105
5 4
5 46
5 83
5 95
5 149
6 22
6 73
6 136
6 143
7 43
7 49
7 93
7 126
8 63
8 84
8 115
8 153
9 30
9 67
9 81
9 101
9 120
9 121
10 7
10 12
10 31
10 78
10 126
11 1
11 17
11 70
12 11
12 28
12 128
12 159
13 58
13 64
13 77
13 140
14 5
14 6
14 65
14 101
14 108
14 143
15 36
15 42
15 57
15 62
15 92
16 24
16 92
17 5
17 10
17 15
17 30
17 47
18 6
18 7
18 16
18 101
18 117
19 22
19 35
19 55
19 62
19 68
19 87
19 95
19 113
19 114
19 132
20 18
20 116
20 132
20 144
20 156
21 15
21 31
21 52
21 129
22 25
22 37
22 41
22 56
22 121
22 123
23 17
23 54
23 109
23 155
24 35
24 51
24 61
25 10
25 12
25 49
25 72
25 81
25 96
25 97
25 103
26 30
26 82
27 4
27 14
27 43
27 55
27 80
27 88
27 89
27 144
28 26
28 29
28 38
28 48
28 80
28 98
28 126
28 155
29 16
29 27
29 42
29 97
29 124
29 140
30 45
30 122
30 142
31 2
31 6
31 83
32 95
32 118
33 6
33 11
33 102
33 106
34 13
34 67
34 72
34 130
35 12
35 114
35 130
36 1
36 54
36 56
36 60
36 61
36 133
36 138
37 43
37 87
37 108
37 120
38 2
38 9
38 37
38 58
38 75
38 79
38 104
38 118
38 129
38 134
38 155
39 22
39 29
39 42
39 43
39 51
39 59
39 108
39 131
39 150
39 151
39 152
39 155
40 20
40 58
40 158
41 27
41 52
41 85
41 124
41 132
41 137
42 26
42 119
42 133
42 159
43 0
43 2
43 47
43 158
44 16
44 74
44 76
44 139
45 11
45 26
45 113
46 39
46 95
46 100
46 101
46 132
46 133
47 13
47 22
47 25
47 133
48 7
48 13
48 24
48 52
48 57
48 68
48 90
48 98
48 109
48 141
48 158
49 13
49 43
49 44
49 50
49 57
49 90
50 30
50 98
50 119
50 155
51 8
51 16
51 50
51 53
51 116
52 5
52 37
52 51
52 57
52 157
52 158
53 17
53 18
53 21
53 47
53 128
53 133
53 147
53 158
54 7
54 29
54 80
55 45
55 56
55 136
56 15
56 18
56 24
56 27
56 40
56 52
56 63
56 71
56 107
56 114
56 148
56 156
58 19
58 48
58 124
59 2
59 51
59 71
59 86
59 111
59 130
59 140
60 35
60 57
60 130
60 151
61 17
61 21
61 33
61 67
61 86
61 87
61 134
62 2
62 37
62 38
62 40
62 44
62 50
62 88
62 102
62 119
62 149
63 28
63 39
63 149
64 24
64 25
64 43
64 57
64 90
64 124
64 145
64 149
65 15
65 20
65 21
65 44
65 80
65 84
65 113
66 57
66 107
66 123
66 150
67 42
67 58
67 95
67 100
67 116
68 20
68 56
68 63
68 82
68 139
68 140
69 25
69 76
69 81
69 115
69 128
70 14
70 54
70 75
70 109
70 112
70 144
71 26
71 150
72 19
72 73
72 74
72 129
72 152
73 81
73 86
73 122
73 126
73 132
73 150
74 13
74 32
74 35
74 65
74 79
74 117
75 18
75 59
75 78
75 96
75 104
75 122
75 124
75 139
76 7
76 74
76 94
76 110
76 116
76 130
77 30
77 40
77 105
78 41
78 91
78 100
78 139
79 1
79 51
79 56
79 105
79 111
79 112
80 43
80 46
80 58
80 72
80 103
80 133
80 136
81 8
81 101
81 112
82 1
82 92
82 107
82 120
83 26
83 48
83 93
83 119
83 125
83 152
84 28
84 31
84 52
84 93
85 0
85 99
85 107
85 142
85 156
86 43
86 65
86 68
86 76
86 97
86 102
86 156
87 1
87 54
87 116
88 74
88 103
88 105
88 113
88 115
88 130
89 147
90 2
90 30
90 54
90 59
90 72
90 100
90 118
91 38
91 54
91 55
91 72
91 82
91 86
91 88
91 126
91 132
91 144
92 1
92 8
92 34
92 100
92 110
92 119
92 122
92 127
92 147
93 35
93 61
93 138
94 22
94 29
94 40
94 57
94 85
94 89
94 125
94 135
94 152
95 24
95 49
95 110
95 120
96 5
96 41
96 50
96 66
96 86
96 87
96 95
96 133
97 46
98 35
98 145
99 1
99 14
99 77
99 81
99 113
99 115
100 8
100 55
100 56
100 125
101 0
101 11
101 24
101 25
101 32
101 83
101 88
101 111
101 131
101 153
102 16
102 45
102 119
102 130
103 7
103 111
103 122
103 152
104 0
104 48
104 63
104 87
104 113
104 128
105 42
105 54
105 62
105 154
106 80
106 86
106 99
106 116
106 154
107 6
107 58
107 79
107 105
107 138
107 158
108 41
108 47
108 71
108 78
108 85
108 93
108 159
109 31
109 44
109 66
110 11
110 123
110 128
111 4
111 20
111 40
111 47
111 73
111 83
111 102
111 143
112 23
112 28
112 50
112 53
112 135
113 30
113 32
113 94
114 5
114 20
114 29
114 64
114 104
114 121
114 124
114 142
115 13
115 53
115 72
115 83
115 101
116 28
116 46
116 61
116 81
116 103
117 39
117 68
117 86
117 97
117 100
117 122
117 143
118 11
118 27
118 39
118 54
118 96
118 109
119 17
119 33
119 46
119 105
119 125
119 145
120 59
120 94
120 126
120 153
121 77
121 103
121 106
121 118
121 137
121 139
122 42
122 64
122 72
122 77
122 83
122 129
123 104
123 124
124 11
124 50
124 70
124 86
124 89
124 119
124 138
125 29
126 27
126 32
126 78
126 82
126 93
126 132
127 7
127 51
127 128
128 24
128 55
128 76
128 95
129 34
129 53
129 71
130 24
130 124
130 128
131 55
131 61
131 115
131 153
132 42
132 110
132 120
132 139
133 48
133 113
133 118
133 123
133 126
134 84
134 89
134 104
134 123
135 126
135 140
135 156
136 50
136 103
136 117
136 120
136 125
136 134
136 146
137 3
137 40
137 53
137 59
138 6
138 46
138 101
139 9
139 20
139 38
139 72
139 112
139 130
140 14
140 19
140 41
140 52
140 54
140 70
140 130
141 99
141 123
141 125
141 134
142 47
142 70
142 131
142 155
143 18
143 21
143 24
143 55
143 96
143 105
143 142
144 24
144 56
144 57
144 79
144 81
144 83
144 121
145 58
145 76
146 2
146 69
146 92
146 116
146 119
146 144
147 44
147 68
147 87
147 135
147 143
147 144
148 4
148 48
148 65
148 98
148 104
148 111
149 18
149 106
149 117
149 145
150 81
150 140
150 159
151 23
151 42
151 101
152 73
152 114
152 128
152 131
153 17
153 116
153 146
154 9
154 34
154 48
154 67
154 107
155 46
155 58
155 117
155 140
155 148
156 26
156 76
156 79
156 87
157 116
157 134
158 4
158 68
158 70
158 110
158 112
158 125
158 132
159 10
159 13
159 90
159 93
159 124
0 1 2 3 4 5 6
