160 2544 40
0 4
0 6
0 17
0 18
0 24
0 39
0 43
0 49
0 52
0 79
0 80
0 83
0 86
0 87
0 89
0 111
0 125
0 130
0 134
0 136
0 138
0 139
0 140
0 153
1 12
1 20
1 21
1 50
1 58
1 63
1 84
1 112
1 125
1 129
1 135
1 139
1 148
1 152
1 157
2 1
2 22
2 25
2 40
2 55
2 60
2 68
2 71
2 81
2 89
2 93
2 110
2 123
2 129
2 133
2 149
3 17
3 47
3 55
3 61
3 85
3 90
3 94
3 103
3 112
3 122
3 124
3 131
3 142
3 145
4 13
4 18
4 28
4 39
4 50
4 59
4 65
4 97
4 108
4 122
4 132
4 136
4 139
4 142
4 150
4 153
4 154
4 156
5 6
5 43
5 45
5 51
5 57
5 60
5 66
5 95
5 107
5 118
5 126
6 7
6 10
6 11
6 12
6 16
6 26
6 32
6 48
6 50
6 76
6 105
6 111
6 114
6 116
6 121
6 134
7 17
7 44
7 47
7 57
7 63
7 67
7 91
7 92
7 98
7 107
7 111
7 114
7 123
7 126
7 135
8 11
8 18
8 33
8 40
8 58
8 65
8 71
8 85
8 102
8 112
8 115
8 123
8 125
8 131
9 5
9 6
9 11
9 13
9 22
9 24
9 30
9 41
9 42
9 46
9 55
9 76
9 77
9 79
9 89
9 127
9 134
9 144
9 152
9 155
9 156
10 2
10 7
10 9
10 11
10 14
10 15
10 29
10 33
10 45
10 56
10 71
10 75
10 87
10 95
10 104
10 133
10 140
10 145
10 151
10 155
11 17
11 43
11 70
11 76
11 84
11 97
11 119
11 123
11 129
11 144
11 154
11 156
12 3
12 7
12 14
12 33
12 36
12 67
12 72
12 74
12 83
12 99
12 102
12 108
12 112
12 126
12 130
12 136
12 137
12 155
13 16
13 35
13 41
13 55
13 71
13 82
13 84
13 90
13 100
13 120
13 138
13 153
14 0
14 3
14 13
14 46
14 70
14 75
14 90
14 103
14 106
14 113
14 114
15 8
15 16
15 21
15 29
15 45
15 59
15 67
15 69
15 73
15 74
15 80
15 81
15 114
15 120
15 130
15 143
15 151
15 159
16 19
16 27
16 31
16 32
16 44
16 48
16 55
16 92
16 109
16 116
16 118
16 122
16 124
16 134
16 156
17 6
17 21
17 36
17 38
17 40
17 50
17 54
17 58
17 59
17 66
17 86
17 93
17 95
17 129
17 146
17 148
17 151
17 155
18 19
18 23
18 26
18 36
18 52
18 62
18 73
18 80
18 81
18 83
18 93
18 96
18 98
18 99
18 111
18 119
18 128
18 146
19 1
19 2
19 4
19 8
19 12
19 15
19 24
19 26
19 33
19 35
19 68
19 76
19 80
19 100
19 101
19 123
19 128
19 131
19 138
20 0
20 7
20 13
20 15
20 19
20 21
20 24
20 38
20 42
20 55
20 61
20 69
20 72
20 92
20 94
20 106
20 113
20 129
20 134
20 135
20 138
20 147
21 27
21 31
21 36
21 43
21 47
21 49
21 51
21 54
21 56
21 57
21 60
21 72
21 96
21 130
21 142
21 144
21 154
21 158
22 5
22 15
22 20
22 37
22 49
22 53
22 57
22 65
22 66
22 74
22 90
22 98
22 101
22 103
22 135
22 155
22 156
23 10
23 14
23 31
23 86
23 92
23 106
23 109
23 122
23 124
23 130
23 136
23 151
23 158
24 2
24 6
24 16
24 21
24 35
24 36
24 39
24 84
24 99
24 130
24 135
24 140
24 156
24 157
25 5
25 16
25 24
25 27
25 39
25 40
25 68
25 105
25 125
26 0
26 5
26 11
26 29
26 32
26 65
26 73
26 76
26 88
26 127
26 128
26 132
26 151
27 1
27 19
27 20
27 34
27 38
27 44
27 54
27 64
27 67
27 70
27 71
27 81
27 84
27 101
27 115
27 118
27 122
27 134
27 143
27 144
28 2
28 7
28 12
28 13
28 17
28 18
28 24
28 27
28 65
28 69
28 70
28 92
28 118
28 135
28 138
28 140
28 144
28 154
29 0
29 2
29 22
29 24
29 25
29 60
29 63
29 79
29 82
29 85
29 100
29 103
29 115
29 117
29 127
29 129
29 132
29 136
29 152
30 7
30 18
30 23
30 44
30 52
30 53
30 57
30 62
30 76
30 82
30 86
30 107
30 122
30 125
30 130
30 137
30 156
30 159
31 17
31 34
31 62
31 63
31 79
31 82
31 85
31 91
31 100
31 105
31 145
31 149
32 11
32 14
32 29
32 36
32 39
32 41
32 60
32 67
32 71
32 85
32 86
32 108
32 117
32 123
32 135
32 156
33 1
33 29
33 35
33 52
33 64
33 76
33 89
33 99
33 102
33 110
33 142
33 143
34 4
34 50
34 57
34 68
34 71
34 116
34 120
34 148
34 149
35 1
35 3
35 5
35 6
35 34
35 37
35 53
35 57
35 59
35 97
35 105
35 115
36 3
36 43
36 80
36 81
36 88
36 90
36 95
36 113
36 122
36 124
36 135
36 138
37 3
37 10
37 33
37 75
37 77
37 107
37 126
37 135
37 138
37 151
38 3
38 30
38 35
38 36
38 53
38 61
38 62
38 63
38 68
38 70
38 80
38 84
38 93
38 95
38 105
38 114
38 121
38 123
38 124
38 126
38 133
38 136
38 137
38 140
38 146
39 1
39 7
39 11
39 13
39 14
39 37
39 48
39 68
39 73
39 103
39 108
39 117
39 122
39 124
39 125
39 155
39 157
40 0
40 16
40 18
40 21
40 23
40 24
40 26
40 30
40 34
40 56
40 72
40 80
40 85
40 94
40 112
40 113
40 117
40 126
40 128
40 143
40 145
40 147
41 4
41 5
41 14
41 22
41 47
41 54
41 70
41 75
41 80
41 92
41 98
41 123
41 133
42 3
42 8
42 12
42 24
42 25
42 32
42 46
42 52
42 57
42 59
42 85
42 90
42 92
42 96
42 110
42 113
42 124
42 127
42 132
42 139
42 147
42 159
43 14
43 23
43 25
43 38
43 46
43 49
43 56
43 61
43 66
43 78
43 99
43 100
43 125
43 134
43 140
43 145
43 158
44 1
44 8
44 12
44 14
44 15
44 20
44 23
44 24
44 26
44 32
44 59
44 62
44 70
44 72
44 95
44 97
44 100
44 118
44 127
44 129
44 132
44 133
44 150
44 154
44 158
44 159
45 20
45 26
45 27
45 36
45 62
45 72
45 76
45 91
45 94
45 97
45 124
45 134
45 137
45 146
45 148
46 4
46 10
46 22
46 44
46 47
46 64
46 66
46 85
46 90
46 95
46 99
46 115
46 134
46 146
46 151
47 10
47 25
47 31
47 36
47 63
47 75
47 84
47 105
47 108
47 129
47 149
48 8
48 12
48 13
48 31
48 43
48 54
48 55
48 62
48 63
48 68
48 72
48 76
48 90
48 91
48 98
48 112
48 121
48 126
48 131
48 135
48 137
48 152
48 154
48 155
49 4
49 6
49 8
49 14
49 27
49 28
49 39
49 46
49 62
49 70
49 76
49 77
49 89
49 94
49 101
49 107
49 110
49 117
49 122
49 148
49 153
50 5
50 22
50 28
50 43
50 46
50 61
50 73
50 82
50 84
50 86
50 94
50 96
50 99
50 105
50 115
50 122
50 125
50 129
51 3
51 7
51 12
51 32
51 41
51 48
51 54
51 56
51 84
51 86
51 94
51 101
51 106
51 111
51 114
51 116
51 119
51 124
51 154
51 158
52 6
52 13
52 16
52 22
52 51
52 60
52 77
52 79
52 103
52 111
52 126
52 133
52 134
52 156
53 14
53 17
53 39
53 42
53 62
53 75
53 76
53 77
53 78
53 117
53 129
54 9
54 30
54 31
54 35
54 37
54 47
54 53
54 55
54 63
54 90
54 92
54 96
54 97
54 100
54 105
54 108
54 122
54 124
54 130
54 134
54 141
54 159
55 12
55 29
55 30
55 38
55 40
55 43
55 56
55 64
55 80
55 99
55 104
55 107
55 112
55 140
55 143
56 1
56 4
56 6
56 36
56 54
56 76
56 81
56 82
56 92
56 122
56 126
56 158
57 0
57 11
57 15
57 26
57 51
57 52
57 64
57 81
57 104
57 106
57 108
57 141
57 143
57 149
57 154
57 156
58 0
58 4
58 19
58 23
58 30
58 34
58 48
58 72
58 79
58 125
58 128
58 130
58 134
58 135
58 149
58 156
59 6
59 9
59 47
59 78
59 101
59 120
59 123
59 130
59 137
60 0
60 6
60 13
60 19
60 22
60 30
60 45
60 47
60 61
60 70
60 79
60 101
60 107
60 119
60 134
60 139
60 140
61 17
61 22
61 24
61 49
61 67
61 75
61 80
61 94
61 125
61 133
61 138
61 141
62 3
62 6
62 9
62 13
62 32
62 37
62 43
62 52
62 80
62 81
62 111
62 120
62 145
62 156
62 158
63 0
63 6
63 17
63 30
63 42
63 43
63 45
63 53
63 62
63 66
63 68
63 70
63 85
63 88
63 89
63 96
63 136
63 137
63 142
63 148
63 149
64 17
64 25
64 30
64 37
64 60
64 63
64 65
64 74
64 78
64 81
64 91
64 96
64 99
64 108
64 116
64 130
64 133
64 149
64 153
65 2
65 3
65 15
65 20
65 23
65 31
65 36
65 39
65 56
65 60
65 66
65 67
65 71
65 76
65 83
65 91
65 101
65 124
65 130
65 135
65 140
65 147
65 148
66 11
66 14
66 21
66 33
66 48
66 54
66 61
66 89
66 100
66 112
66 113
66 121
66 123
66 125
66 146
66 159
67 1
67 46
67 56
67 73
67 76
67 83
67 95
67 113
67 128
67 135
67 146
67 147
67 153
68 3
68 4
68 12
68 14
68 26
68 29
68 33
68 54
68 69
68 72
68 77
68 86
68 100
68 119
68 121
68 125
68 129
68 131
68 147
69 42
69 47
69 49
69 64
69 79
69 86
69 105
69 135
69 147
70 0
70 4
70 6
70 22
70 47
70 48
70 53
70 64
70 67
70 76
70 79
70 101
70 109
70 111
70 116
70 126
70 138
70 149
71 11
71 17
71 45
71 54
71 86
71 90
71 102
71 105
71 115
71 117
71 125
71 144
71 153
72 37
72 43
72 55
72 56
72 63
72 73
72 80
72 117
72 134
72 135
73 14
73 20
73 24
73 42
73 52
73 53
73 80
73 83
73 84
73 110
73 115
73 121
73 138
73 142
73 143
73 147
73 155
73 156
74 4
74 17
74 19
74 28
74 40
74 60
74 61
74 63
74 68
74 112
74 114
74 128
74 129
74 142
74 151
75 3
75 5
75 6
75 27
75 31
75 36
75 55
75 88
75 95
75 107
75 114
75 116
75 121
76 0
76 8
76 16
76 21
76 39
76 60
76 63
76 73
76 83
76 93
76 104
76 109
76 138
76 147
77 4
77 8
77 17
77 40
77 61
77 62
77 64
77 66
77 70
77 85
77 100
77 104
77 139
77 151
77 158
78 4
78 13
78 32
78 47
78 63
78 73
78 74
78 75
78 86
78 87
78 88
78 97
78 98
78 102
78 109
78 124
78 125
78 127
78 136
78 141
79 4
79 5
79 12
79 33
79 53
79 57
79 73
79 78
79 81
79 84
79 91
79 127
79 140
79 142
79 148
79 151
79 155
79 157
80 6
80 29
80 46
80 50
80 65
80 89
80 90
80 91
80 94
80 113
80 119
80 129
80 147
81 1
81 4
81 5
81 13
81 22
81 32
81 34
81 54
81 69
81 74
81 78
81 82
81 83
81 91
81 124
81 146
81 149
82 8
82 15
82 25
82 26
82 33
82 49
82 53
82 65
82 68
82 72
82 73
82 76
82 108
82 116
82 139
82 145
82 146
82 156
83 29
83 37
83 40
83 46
83 49
83 57
83 61
83 68
83 72
83 75
83 80
83 86
83 90
83 105
83 113
83 133
83 153
83 156
84 29
84 33
84 39
84 45
84 74
84 87
84 92
84 107
84 138
84 152
85 1
85 11
85 13
85 20
85 22
85 30
85 41
85 49
85 61
85 72
85 73
85 75
85 80
85 93
85 101
85 116
85 148
85 154
85 156
85 157
86 26
86 35
86 44
86 54
86 62
86 74
86 88
86 100
86 104
86 107
86 129
86 138
86 150
86 154
86 159
87 1
87 8
87 13
87 14
87 26
87 36
87 50
87 59
87 64
87 71
87 79
87 96
87 111
87 116
87 127
87 135
87 145
87 146
88 7
88 25
88 28
88 45
88 46
88 60
88 101
88 107
88 126
88 145
89 7
89 8
89 11
89 30
89 38
89 45
89 54
89 61
89 74
89 88
89 90
89 92
89 100
89 107
89 114
89 118
89 129
89 153
90 26
90 28
90 33
90 51
90 82
90 85
90 126
90 127
90 146
90 147
90 148
90 154
91 0
91 11
91 16
91 24
91 26
91 35
91 44
91 46
91 56
91 78
91 90
91 105
91 117
91 122
91 129
91 132
91 152
92 3
92 4
92 30
92 34
92 36
92 60
92 77
92 79
92 80
92 88
92 99
92 132
92 147
92 154
93 21
93 32
93 44
93 48
93 52
93 53
93 71
93 72
93 78
93 92
93 109
93 111
93 114
93 129
93 138
94 2
94 9
94 11
94 18
94 26
94 28
94 37
94 57
94 62
94 74
94 78
94 87
94 88
94 98
94 102
94 103
94 118
94 125
94 134
94 158
95 12
95 16
95 19
95 20
95 23
95 26
95 28
95 31
95 60
95 76
95 88
95 92
95 106
95 116
95 119
95 121
95 133
95 145
95 153
96 22
96 37
96 48
96 51
96 67
96 68
96 69
96 70
96 80
96 91
96 105
96 128
96 141
96 146
96 153
96 155
96 159
97 3
97 5
97 10
97 13
97 14
97 32
97 48
97 67
97 71
97 74
97 107
97 118
97 122
97 123
97 131
97 133
97 147
98 0
98 17
98 25
98 28
98 29
98 31
98 34
98 40
98 42
98 45
98 52
98 61
98 80
98 129
98 147
98 155
99 0
99 14
99 17
99 27
99 28
99 29
99 30
99 31
99 36
99 38
99 47
99 54
99 56
99 74
99 89
99 90
99 110
99 112
99 121
99 146
99 158
99 159
100 20
100 30
100 35
100 37
100 52
100 57
100 63
100 67
100 70
100 72
100 76
100 93
100 111
100 115
100 117
100 119
100 150
100 152
101 6
101 20
101 24
101 29
101 33
101 39
101 55
101 57
101 72
101 87
101 96
101 127
101 158
102 24
102 25
102 32
102 38
102 40
102 54
102 56
102 84
102 93
102 105
102 106
102 123
102 124
102 151
103 18
103 26
103 31
103 37
103 50
103 59
103 60
103 63
103 78
103 83
103 84
103 88
103 131
103 133
103 143
103 149
104 2
104 3
104 8
104 23
104 27
104 33
104 81
104 103
104 109
104 110
104 116
104 126
104 133
105 12
105 30
105 43
105 48
105 52
105 70
105 101
105 108
105 111
105 115
105 127
105 129
105 130
105 137
105 148
105 150
105 155
106 24
106 28
106 35
106 44
106 54
106 76
106 87
106 89
106 130
106 141
106 144
107 25
107 31
107 36
107 46
107 53
107 59
107 73
107 96
107 106
107 112
107 126
107 134
107 137
107 153
107 158
108 3
108 7
108 8
108 15
108 20
108 35
108 66
108 81
108 90
108 111
108 117
108 131
108 135
108 144
108 153
108 159
109 12
109 15
109 19
109 20
109 27
109 33
109 52
109 55
109 59
109 66
109 75
109 83
109 112
109 114
109 154
109 157
110 4
110 11
110 24
110 31
110 34
110 46
110 47
110 52
110 61
110 65
110 71
110 83
110 85
110 96
110 98
110 100
110 107
110 134
111 19
111 31
111 32
111 33
111 54
111 64
111 72
111 76
111 83
111 86
111 91
111 92
111 121
111 134
111 148
112 7
112 14
112 17
112 18
112 24
112 30
112 34
112 37
112 47
112 71
112 86
112 95
112 117
112 120
112 127
112 131
112 134
112 138
112 145
113 22
113 27
113 29
113 35
113 39
113 52
113 62
113 70
113 77
113 87
113 92
113 108
113 110
113 111
113 130
113 137
113 144
114 0
114 1
114 4
114 28
114 32
114 34
114 35
114 58
114 67
114 70
114 71
114 79
114 86
114 91
114 124
114 134
114 136
114 137
115 11
115 13
115 21
115 34
115 61
115 80
115 83
115 86
115 116
115 120
115 132
115 138
115 149
116 18
116 21
116 35
116 39
116 46
116 62
116 77
116 83
116 130
116 133
116 143
116 147
116 154
116 156
117 2
117 3
117 8
117 11
117 19
117 31
117 44
117 45
117 52
117 60
117 66
117 79
117 102
117 129
117 141
117 147
118 18
118 19
118 20
118 29
118 74
118 88
118 101
118 111
118 126
118 129
118 142
118 153
119 0
119 1
119 10
119 14
119 43
119 56
119 66
119 71
119 76
119 79
119 92
119 96
119 109
119 118
119 125
119 143
119 145
119 154
119 159
120 6
120 12
120 48
120 60
120 68
120 74
120 91
120 102
120 111
120 116
120 127
120 130
120 145
121 2
121 3
121 7
121 10
121 18
121 20
121 23
121 36
121 40
121 44
121 60
121 61
121 62
121 65
121 76
121 101
121 117
121 120
121 122
121 124
121 137
121 153
122 7
122 10
122 12
122 35
122 58
122 67
122 75
122 81
122 88
122 94
122 126
122 129
122 130
122 145
122 150
122 151
123 0
123 5
123 20
123 25
123 27
123 39
123 46
123 56
123 70
123 89
123 100
123 112
123 121
123 122
123 126
124 20
124 26
124 37
124 41
124 48
124 56
124 61
124 89
124 94
124 97
124 99
124 108
124 117
124 126
124 127
124 138
124 148
125 11
125 17
125 27
125 33
125 35
125 51
125 52
125 65
125 79
125 98
125 155
126 1
126 8
126 16
126 18
126 25
126 29
126 32
126 43
126 46
126 50
126 58
126 59
126 76
126 92
126 110
126 115
126 116
126 119
126 131
126 132
126 139
127 21
127 23
127 28
127 39
127 62
127 66
127 72
127 88
127 111
127 115
127 131
127 134
127 148
128 7
128 10
128 17
128 68
128 69
128 70
128 73
128 77
128 79
128 80
128 85
128 89
128 93
128 99
128 111
128 123
128 144
128 151
129 3
129 6
129 8
129 34
129 36
129 39
129 40
129 62
129 100
129 111
129 119
129 127
129 131
129 155
130 25
130 36
130 44
130 47
130 72
130 74
130 95
130 100
130 103
130 133
130 141
130 145
130 146
130 149
130 150
130 153
130 156
130 159
131 10
131 11
131 30
131 36
131 41
131 51
131 71
131 73
131 105
131 140
131 141
132 0
132 11
132 14
132 15
132 19
132 22
132 35
132 38
132 41
132 49
132 54
132 56
132 59
132 64
132 66
132 81
132 135
132 136
132 139
132 149
133 1
133 3
133 26
133 28
133 30
133 32
133 50
133 51
133 62
133 73
133 90
133 102
133 105
133 109
133 115
133 121
133 137
133 141
133 144
134 28
134 42
134 86
134 98
134 104
134 117
134 123
134 140
134 147
135 11
135 14
135 25
135 39
135 43
135 53
135 56
135 61
135 68
135 73
135 85
135 104
135 109
135 117
135 120
135 123
135 131
136 1
136 9
136 17
136 24
136 25
136 36
136 84
136 85
136 89
136 92
136 121
136 125
136 135
136 144
136 157
137 8
137 14
137 28
137 37
137 51
137 54
137 77
137 87
137 91
137 120
137 129
137 135
137 139
137 149
138 1
138 4
138 12
138 23
138 29
138 30
138 43
138 48
138 57
138 62
138 74
138 79
138 80
138 95
138 96
138 102
138 103
138 104
138 117
138 144
138 153
139 2
139 22
139 38
139 57
139 67
139 70
139 75
139 81
139 85
139 99
139 102
139 108
139 131
139 134
139 153
140 3
140 12
140 19
140 30
140 50
140 53
140 64
140 81
140 88
140 95
140 98
140 104
140 106
140 110
140 125
140 126
140 137
140 141
140 142
141 7
141 23
141 42
141 48
141 71
141 83
141 132
141 135
141 136
142 2
142 8
142 24
142 25
142 26
142 34
142 35
142 38
142 47
142 55
142 71
142 89
142 90
142 94
142 95
142 97
142 101
142 105
142 111
142 119
142 120
142 127
142 128
142 129
142 149
142 150
143 10
143 25
143 32
143 48
143 59
143 75
143 86
143 93
143 97
143 136
143 146
143 159
144 30
144 51
144 57
144 61
144 68
144 77
144 78
144 82
144 84
144 89
144 102
144 110
144 121
144 122
144 132
144 145
145 4
145 16
145 52
145 53
145 64
145 89
145 93
145 103
145 104
145 105
145 117
145 125
145 129
145 140
145 141
145 153
146 1
146 7
146 10
146 12
146 34
146 35
146 51
146 76
146 78
146 111
146 121
146 125
146 129
147 8
147 24
147 26
147 34
147 39
147 45
147 47
147 57
147 74
147 95
147 106
147 108
147 115
147 120
147 137
147 140
147 145
148 3
148 5
148 33
148 39
148 48
148 74
148 91
148 94
148 107
148 108
148 112
148 119
148 125
148 130
148 137
148 146
148 150
148 156
149 10
149 12
149 19
149 21
149 42
149 52
149 53
149 65
149 83
149 116
149 117
149 121
149 126
149 127
149 135
149 143
149 145
149 150
149 156
150 1
150 11
150 33
150 41
150 45
150 50
150 67
150 81
150 103
150 115
150 116
150 134
150 136
150 138
150 146
150 153
151 1
151 14
151 20
151 43
151 48
151 63
151 65
151 76
151 84
151 87
151 88
151 98
151 154
152 0
152 6
152 13
152 17
152 39
152 57
152 62
152 77
152 80
152 96
152 103
152 111
152 124
152 126
152 128
152 136
152 138
152 151
153 34
153 43
153 72
153 81
153 87
153 116
153 128
153 134
153 140
154 14
154 16
154 23
154 31
154 37
154 41
154 50
154 59
154 82
154 110
154 126
154 128
155 11
155 15
155 29
155 46
155 47
155 56
155 59
155 70
155 85
155 117
155 119
155 120
155 123
155 132
156 1
156 15
156 31
156 33
156 61
156 72
156 75
156 93
156 103
156 111
156 125
156 131
156 159
157 8
157 14
157 18
157 19
157 22
157 38
157 43
157 62
157 72
157 77
157 96
157 107
157 108
157 113
157 119
157 121
157 137
157 141
158 20
158 39
158 40
158 41
158 49
158 65
158 88
158 98
158 108
158 136
158 139
158 159
159 9
159 14
159 21
159 34
159 37
159 75
159 79
159 122
159 125
159 126
159 140
0 1 2 3 4 5 6 7 8 9 10 11 12 13 14 15 16 17 18 19 20 21 22 23 24 25 26 27 28 29 30 31 32 33 34 35 36 37 38 39
