160 622 12
0 36
0 46
0 65
0 76
0 88
0 100
0 110
1 24
1 98
1 157
2 30
3 37
3 68
3 81
4 7
4 31
4 93
5 52
5 86
5 156
6 68
6 69
6 73
6 122
6 142
6 154
7 4
8 19
8 95
8 128
9 62
9 144
10 126
11 79
11 106
11 141
11 148
12 26
12 29
12 37
12 69
12 81
12 104
13 43
13 64
13 77
13 151
14 48
14 60
14 82
14 84
15 75
15 142
15 153
16 22
16 35
16 117
17 57
17 86
17 141
18 58
19 8
19 77
19 113
20 61
20 100
20 122
21 147
21 159
22 16
22 34
22 60
22 70
23 48
23 98
24 1
24 101
24 144
25 28
25 55
25 115
26 12
26 81
26 95
26 111
26 129
26 142
26 151
26 153
27 50
27 55
27 159
28 25
28 95
28 113
28 126
28 143
29 12
29 72
29 110
29 151
30 2
30 60
30 123
30 148
31 4
31 38
31 86
31 91
31 100
32 86
33 58
33 78
33 90
33 112
33 114
34 22
34 103
35 16
35 127
36 0
36 58
36 97
36 118
37 3
37 12
37 67
37 127
38 31
38 46
38 47
38 73
38 106
38 116
38 153
39 65
39 68
40 57
40 82
40 145
40 149
41 79
41 87
41 129
41 131
42 97
43 13
43 65
44 70
44 75
44 116
44 125
45 99
45 101
45 121
46 0
46 38
46 124
46 141
47 38
47 65
47 85
47 121
48 14
48 23
48 83
48 87
48 108
49 54
49 91
50 27
50 76
50 80
50 126
50 140
51 82
51 113
52 5
52 55
52 158
53 65
53 92
53 119
53 153
54 49
54 57
54 106
54 132
55 25
55 27
55 52
55 156
56 119
56 153
57 17
57 40
57 54
57 98
57 112
57 115
57 157
58 18
58 33
58 36
58 73
58 87
58 118
59 66
59 70
59 91
60 14
60 22
60 30
60 86
60 127
61 20
61 110
61 133
61 152
62 9
62 78
62 84
62 105
63 120
63 131
63 135
63 152
64 13
64 99
64 110
64 122
64 152
65 0
65 39
65 43
65 47
65 53
65 106
65 109
65 135
66 59
66 95
66 118
67 37
67 80
67 147
67 155
68 3
68 6
68 39
68 83
68 97
68 114
69 6
69 12
69 72
69 118
69 127
70 22
70 44
70 47
70 59
71 16
71 119
72 29
72 69
72 137
72 150
73 6
73 38
73 58
73 103
74 105
74 113
74 128
74 136
75 15
75 44
75 114
75 119
76 0
76 50
76 86
76 102
76 146
76 157
77 13
77 19
77 79
77 84
77 102
77 148
78 33
78 62
79 11
79 41
79 77
79 132
80 50
80 67
80 92
80 128
80 130
80 142
80 144
80 154
81 3
81 12
81 26
81 140
82 14
82 40
82 51
82 143
83 48
83 68
83 105
84 14
84 62
84 77
85 47
85 94
85 121
86 5
86 17
86 31
86 32
86 60
86 76
86 152
86 159
87 41
87 48
87 58
87 114
88 0
88 97
89 109
89 122
89 127
90 33
90 136
91 31
91 49
91 59
91 110
91 156
92 53
92 80
93 4
93 40
93 107
93 108
93 151
94 96
94 110
94 112
94 136
95 8
95 26
95 28
95 66
95 99
95 131
95 132
96 94
97 36
97 42
97 68
97 88
97 104
98 1
98 23
98 57
98 111
99 45
99 64
99 95
99 127
100 0
100 20
100 31
100 140
101 24
101 45
101 122
101 152
102 76
102 77
102 148
103 34
103 73
103 133
104 12
104 97
104 107
104 129
105 62
105 74
105 83
105 142
106 7
106 11
106 38
106 54
106 65
106 126
106 150
107 93
107 104
107 133
108 48
108 93
109 65
109 89
110 29
110 61
110 64
110 91
110 94
110 150
111 26
111 98
111 156
112 33
112 57
112 94
112 128
112 131
112 147
113 19
113 28
113 51
113 74
113 124
114 33
114 68
114 75
114 87
115 25
115 57
115 135
116 38
116 44
116 46
116 123
116 140
116 147
117 16
118 36
118 58
118 66
118 69
118 145
119 53
119 56
119 71
119 75
119 83
119 126
119 132
120 63
120 132
121 45
121 47
121 85
121 125
121 132
121 146
122 6
122 20
122 64
122 75
122 89
122 101
123 30
123 116
123 144
123 151
124 46
124 113
124 134
124 135
124 137
124 148
125 44
125 121
126 10
126 50
126 106
126 119
126 130
126 131
126 132
127 35
127 37
127 60
127 69
127 89
127 99
127 111
128 8
128 14
128 74
128 80
128 112
129 26
129 41
129 104
130 80
130 126
131 41
131 63
131 95
131 112
131 126
131 157
132 54
132 79
132 95
132 119
132 120
132 121
132 126
132 142
133 61
133 103
133 107
134 124
135 63
135 65
135 115
135 118
135 124
135 157
136 7
136 18
136 74
136 90
136 94
137 72
137 124
137 141
138 88
139 153
140 50
140 81
140 100
140 116
140 143
141 11
141 17
141 46
141 137
141 150
142 6
142 15
142 26
142 80
142 105
142 132
143 28
143 82
143 140
144 9
144 24
144 80
144 123
145 40
145 118
146 76
146 121
146 149
147 21
147 67
147 112
147 116
147 154
148 11
148 30
148 77
148 102
148 124
149 40
149 146
150 72
150 106
150 110
150 141
151 13
151 26
151 29
151 93
151 123
152 61
152 63
152 64
152 86
152 101
152 155
153 15
153 26
153 38
153 53
153 139
154 6
154 147
155 67
155 152
156 5
156 55
156 91
156 111
157 1
157 57
157 76
157 131
157 135
158 52
159 21
159 27
159 86
0 1 2 3 4 5 6 7 8 9 10 11
