160 2544 7
0 6
0 8
0 13
0 25
0 44
0 59
0 68
0 69
0 72
0 100
0 108
0 115
0 121
0 125
0 130
0 155
1 30
1 32
1 37
1 39
1 45
1 52
1 57
1 60
1 87
1 104
1 107
1 133
1 135
1 147
1 157
2 18
2 34
2 42
2 56
2 69
2 79
2 96
2 110
2 120
2 124
2 143
2 144
2 154
2 157
3 10
3 11
3 12
3 16
3 28
3 40
3 44
3 46
3 57
3 75
3 105
3 108
3 118
3 146
3 148
4 10
4 15
4 24
4 38
4 40
4 47
4 64
4 70
4 84
4 88
4 110
4 125
4 142
4 148
4 149
5 37
5 38
5 52
5 54
5 69
5 79
5 80
5 84
5 90
5 99
5 106
5 108
5 140
5 142
5 150
6 2
6 4
6 12
6 14
6 17
6 31
6 33
6 34
6 42
6 50
6 58
6 63
6 68
6 73
6 80
6 89
6 92
6 96
6 157
7 12
7 14
7 22
7 24
7 29
7 36
7 49
7 66
7 67
7 69
7 75
7 80
7 104
7 113
7 114
7 127
7 135
7 149
8 7
8 18
8 21
8 29
8 38
8 54
8 57
8 58
8 96
8 105
8 109
8 138
8 149
9 2
9 11
9 19
9 39
9 45
9 56
9 93
9 96
9 108
9 112
9 115
9 118
9 125
9 127
9 143
9 151
9 153
9 158
10 8
10 9
10 19
10 38
10 40
10 49
10 57
10 60
10 67
10 77
10 82
10 86
10 94
10 103
10 110
10 142
10 144
10 145
10 146
10 150
11 0
11 4
11 12
11 34
11 37
11 54
11 66
11 67
11 80
11 97
11 103
11 109
11 111
11 125
11 142
11 145
11 147
12 17
12 25
12 48
12 50
12 67
12 69
12 94
12 99
12 113
12 122
12 128
12 131
12 146
12 154
13 11
13 16
13 19
13 22
13 26
13 51
13 55
13 72
13 74
13 95
13 111
13 137
13 140
14 8
14 13
14 19
14 29
14 51
14 52
14 73
14 97
14 117
14 127
14 137
14 144
14 145
14 154
14 156
15 5
15 40
15 58
15 84
15 92
15 99
15 104
15 112
15 114
15 125
15 129
15 132
15 149
15 152
15 155
15 158
16 23
16 41
16 49
16 67
16 76
16 78
16 85
16 86
16 91
16 109
16 129
16 140
16 143
16 146
16 152
16 155
17 5
17 15
17 21
17 31
17 50
17 52
17 57
17 61
17 70
17 71
17 74
17 109
17 136
18 11
18 19
18 22
18 55
18 71
18 75
18 81
18 93
18 97
18 103
18 127
18 140
18 147
18 151
18 154
19 1
19 23
19 27
19 28
19 31
19 35
19 48
19 58
19 61
19 94
19 114
19 116
19 139
19 140
19 147
19 150
20 1
20 4
20 26
20 36
20 37
20 52
20 55
20 83
20 84
20 90
20 99
20 115
20 144
20 154
20 155
21 3
21 24
21 33
21 44
21 49
21 70
21 75
21 86
21 91
21 126
21 129
21 138
21 140
21 146
22 15
22 38
22 40
22 42
22 59
22 64
22 71
22 73
22 80
22 83
22 84
22 88
22 90
22 96
22 107
22 124
22 125
22 135
22 141
22 158
23 4
23 12
23 15
23 21
23 34
23 51
23 54
23 62
23 63
23 73
23 83
23 89
23 90
23 106
23 123
23 138
23 142
24 11
24 27
24 72
24 80
24 95
24 98
24 111
24 114
24 120
24 132
24 157
24 159
25 3
25 7
25 14
25 20
25 53
25 56
25 60
25 88
25 93
25 151
25 156
26 0
26 1
26 5
26 6
26 8
26 48
26 73
26 75
26 78
26 87
26 93
26 112
26 131
26 142
27 2
27 6
27 9
27 10
27 15
27 34
27 35
27 56
27 78
27 80
27 113
27 150
27 153
28 6
28 35
28 57
28 64
28 72
28 74
28 81
28 91
28 101
28 102
28 107
28 112
28 114
28 126
28 158
29 16
29 20
29 22
29 24
29 30
29 33
29 43
29 45
29 46
29 56
29 82
29 85
29 142
30 3
30 15
30 18
30 51
30 65
30 70
30 83
30 84
30 87
30 101
30 105
30 111
30 122
30 134
30 141
30 146
30 156
31 4
31 11
31 13
31 14
31 27
31 36
31 52
31 56
31 63
31 66
31 70
31 93
31 100
31 107
31 113
31 126
31 143
31 145
31 152
32 4
32 5
32 6
32 15
32 18
32 23
32 48
32 51
32 56
32 65
32 88
32 108
32 109
32 110
32 130
32 133
32 144
32 149
32 155
32 156
33 2
33 7
33 8
33 11
33 13
33 19
33 49
33 66
33 102
33 114
33 127
33 129
33 139
33 159
34 13
34 18
34 39
34 40
34 49
34 53
34 70
34 87
34 104
34 117
34 128
34 143
34 146
34 148
35 2
35 3
35 15
35 29
35 38
35 49
35 54
35 66
35 95
35 114
35 115
35 145
36 1
36 6
36 29
36 30
36 35
36 37
36 51
36 58
36 91
36 92
36 109
36 110
36 122
36 125
36 136
36 147
36 158
37 8
37 16
37 32
37 34
37 47
37 79
37 119
37 130
37 143
37 147
37 153
38 7
38 17
38 18
38 23
38 24
38 40
38 47
38 51
38 54
38 63
38 68
38 98
38 99
38 144
38 150
39 7
39 30
39 37
39 38
39 40
39 43
39 52
39 68
39 76
39 83
39 104
39 105
39 106
39 108
39 111
39 113
39 116
39 125
39 131
39 133
39 135
39 136
40 41
40 55
40 64
40 65
40 74
40 82
40 96
40 117
40 118
40 145
40 150
41 4
41 7
41 59
41 62
41 78
41 79
41 102
41 105
41 122
41 131
41 136
41 146
41 149
42 5
42 21
42 24
42 32
42 33
42 39
42 49
42 53
42 58
42 74
42 77
42 94
42 96
42 100
42 110
42 112
42 113
42 117
42 118
42 134
42 135
42 156
43 15
43 25
43 26
43 27
43 28
43 38
43 42
43 57
43 62
43 66
43 71
43 82
43 95
43 96
43 100
43 101
43 105
43 107
43 111
43 120
43 125
43 137
43 146
44 10
44 20
44 22
44 23
44 25
44 45
44 54
44 73
44 83
44 85
44 106
44 121
44 123
44 129
44 147
44 155
45 27
45 35
45 38
45 60
45 62
45 70
45 80
45 84
45 90
45 96
45 111
45 113
45 114
45 153
45 156
45 159
46 0
46 2
46 12
46 17
46 30
46 31
46 34
46 35
46 56
46 60
46 69
46 73
46 76
46 83
46 89
46 113
46 117
46 143
46 153
46 157
47 0
47 6
47 32
47 35
47 41
47 67
47 68
47 70
47 76
47 87
47 93
47 112
47 114
47 137
47 141
47 152
48 33
48 34
48 38
48 55
48 72
48 90
48 92
48 98
48 115
48 142
49 29
49 30
49 36
49 43
49 57
49 64
49 68
49 83
49 103
49 127
49 129
49 138
49 139
49 152
49 157
50 9
50 13
50 18
50 31
50 32
50 37
50 40
50 45
50 46
50 52
50 53
50 55
50 75
50 84
50 90
50 102
50 113
50 120
50 121
50 144
50 153
51 5
51 6
51 16
51 21
51 25
51 27
51 37
51 47
51 53
51 59
51 67
51 83
51 87
51 107
51 108
51 118
51 120
51 123
51 124
51 127
51 129
51 132
51 134
51 135
51 153
52 3
52 4
52 8
52 11
52 12
52 35
52 53
52 56
52 60
52 65
52 66
52 73
52 85
52 94
52 97
52 118
52 143
52 144
52 157
53 3
53 13
53 15
53 28
53 55
53 65
53 79
53 83
53 105
53 118
53 119
53 122
53 124
53 156
53 159
54 26
54 27
54 28
54 77
54 93
54 98
54 121
55 9
55 11
55 23
55 29
55 34
55 43
55 62
55 68
55 77
55 86
55 92
55 97
55 107
55 112
55 113
55 121
55 133
55 134
56 4
56 8
56 21
56 30
56 34
56 39
56 44
56 53
56 66
56 72
56 107
56 108
56 109
56 112
56 117
56 130
56 157
57 7
57 16
57 24
57 51
57 56
57 67
57 76
57 78
57 84
57 97
57 105
57 109
57 113
57 128
57 133
57 136
57 139
57 148
58 2
58 7
58 23
58 30
58 38
58 43
58 50
58 52
58 57
58 62
58 65
58 77
58 80
58 83
58 92
58 109
58 143
59 1
59 3
59 28
59 30
59 43
59 67
59 70
59 76
59 89
59 95
59 102
59 120
59 122
59 141
59 145
59 150
59 154
59 156
60 7
60 19
60 43
60 49
60 59
60 72
60 75
60 76
60 84
60 92
60 93
60 94
60 98
60 104
60 119
60 121
60 139
60 141
61 0
61 7
61 11
61 27
61 38
61 48
61 54
61 59
61 62
61 82
61 96
61 103
61 108
61 119
61 128
61 136
61 144
61 147
61 155
62 13
62 34
62 38
62 39
62 50
62 71
62 93
62 133
62 134
62 150
62 154
63 9
63 26
63 35
63 42
63 58
63 73
63 74
63 83
63 101
63 117
63 121
63 131
63 137
63 151
63 155
64 12
64 17
64 23
64 36
64 39
64 48
64 63
64 87
64 93
64 98
64 99
64 113
64 129
64 140
64 143
64 146
64 151
64 158
65 18
65 33
65 36
65 45
65 55
65 86
65 91
65 100
65 105
65 108
65 114
65 118
65 119
65 133
65 137
65 143
65 146
65 148
65 157
65 158
66 14
66 38
66 40
66 45
66 51
66 55
66 58
66 60
66 64
66 85
66 86
66 87
66 118
66 120
66 128
66 133
66 143
66 152
67 9
67 20
67 31
67 33
67 55
67 79
67 87
67 105
67 107
67 142
67 156
68 2
68 7
68 13
68 25
68 36
68 45
68 56
68 64
68 73
68 86
68 93
68 119
68 125
68 130
68 138
68 155
69 1
69 25
69 30
69 52
69 64
69 67
69 75
69 77
69 84
69 90
69 99
69 102
69 103
69 113
69 129
69 137
69 138
69 146
69 150
70 2
70 43
70 67
70 69
70 74
70 80
70 98
70 104
70 110
70 127
70 139
70 146
70 147
70 151
71 10
71 19
71 20
71 24
71 32
71 45
71 63
71 69
71 81
71 91
71 92
71 125
71 134
71 142
71 151
71 156
72 3
72 20
72 31
72 53
72 58
72 59
72 75
72 84
72 88
72 105
72 108
72 122
72 152
72 153
72 156
73 13
73 37
73 60
73 72
73 75
73 113
73 135
73 139
74 5
74 8
74 14
74 39
74 41
74 50
74 58
74 71
74 82
74 89
74 90
74 101
74 103
74 106
74 124
74 125
74 128
74 130
74 134
74 137
75 6
75 20
75 25
75 36
75 38
75 61
75 128
75 132
75 142
75 146
76 0
76 25
76 48
76 49
76 72
76 74
76 75
76 85
76 95
76 116
76 117
76 122
76 143
76 144
76 148
77 3
77 4
77 14
77 23
77 34
77 35
77 37
77 56
77 71
77 73
77 93
77 94
77 108
77 113
77 144
77 151
77 154
78 0
78 6
78 14
78 25
78 44
78 50
78 54
78 61
78 74
78 77
78 86
78 96
78 136
78 148
78 158
79 8
79 15
79 21
79 28
79 38
79 56
79 65
79 72
79 74
79 75
79 78
79 85
79 87
79 89
79 101
79 109
79 112
79 116
79 119
79 120
79 121
79 123
79 126
79 143
79 154
79 158
80 16
80 23
80 28
80 34
80 44
80 48
80 59
80 63
80 68
80 69
80 114
80 136
80 139
80 150
80 158
81 5
81 8
81 12
81 13
81 14
81 17
81 21
81 24
81 32
81 36
81 40
81 41
81 49
81 57
81 63
81 79
81 95
81 100
81 110
81 112
81 118
81 127
81 150
81 157
82 9
82 12
82 24
82 33
82 37
82 42
82 47
82 59
82 66
82 73
82 77
82 91
82 110
82 116
82 117
82 121
82 132
82 150
82 153
83 9
83 11
83 27
83 31
83 37
83 61
83 66
83 77
83 80
83 104
83 112
83 122
83 128
83 136
83 139
83 151
84 12
84 19
84 23
84 31
84 35
84 41
84 48
84 79
84 85
84 100
84 119
84 126
84 152
84 157
84 159
85 0
85 15
85 21
85 26
85 43
85 46
85 62
85 63
85 68
85 92
85 114
85 130
85 147
85 154
85 158
86 19
86 62
86 70
86 76
86 77
86 82
86 83
86 84
86 89
86 122
86 123
86 129
86 142
86 143
86 149
86 150
86 153
87 0
87 36
87 50
87 55
87 58
87 59
87 62
87 86
87 114
87 137
87 149
87 159
88 2
88 9
88 30
88 36
88 40
88 47
88 49
88 55
88 56
88 59
88 67
88 74
88 94
88 113
88 129
88 135
88 144
88 147
89 3
89 8
89 12
89 13
89 16
89 18
89 21
89 22
89 30
89 44
89 56
89 66
89 72
89 77
89 92
89 95
89 136
89 144
89 159
90 6
90 21
90 38
90 41
90 57
90 61
90 70
90 71
90 79
90 83
90 101
90 121
90 123
90 144
91 0
91 17
91 20
91 29
91 32
91 46
91 73
91 76
91 87
91 98
91 101
91 118
91 144
92 10
92 21
92 25
92 32
92 43
92 54
92 65
92 72
92 74
92 99
92 126
92 136
92 153
92 154
92 158
93 2
93 4
93 12
93 14
93 22
93 36
93 37
93 38
93 41
93 51
93 63
93 75
93 80
93 90
93 92
93 97
93 111
93 137
93 139
93 144
93 146
93 157
94 11
94 14
94 21
94 43
94 44
94 58
94 62
94 79
94 95
94 134
94 142
94 149
95 3
95 6
95 7
95 22
95 26
95 37
95 55
95 74
95 96
95 102
95 103
95 106
95 110
95 132
95 136
95 140
95 142
95 154
95 155
96 3
96 11
96 13
96 26
96 29
96 37
96 38
96 69
96 83
96 87
96 125
96 131
96 141
96 142
96 152
96 158
97 0
97 12
97 19
97 30
97 32
97 33
97 40
97 51
97 62
97 89
97 142
97 147
97 154
98 1
98 11
98 15
98 35
98 36
98 41
98 47
98 50
98 55
98 61
98 76
98 87
98 125
98 141
98 148
98 154
99 7
99 14
99 17
99 33
99 36
99 45
99 48
99 49
99 55
99 56
99 58
99 61
99 72
99 100
99 102
99 110
99 111
99 113
99 116
99 120
99 127
99 134
99 154
100 3
100 24
100 38
100 41
100 49
100 60
100 71
100 79
100 90
100 92
100 102
100 123
100 130
100 133
100 138
100 157
100 158
101 6
101 11
101 15
101 20
101 22
101 35
101 36
101 48
101 61
101 76
101 77
101 81
101 84
101 85
101 99
101 105
101 115
101 120
101 124
101 134
101 141
101 149
102 16
102 20
102 22
102 37
102 43
102 45
102 46
102 51
102 55
102 63
102 73
102 89
102 90
102 104
102 111
102 121
102 125
102 133
102 138
103 40
103 59
103 67
103 84
103 86
103 93
103 94
103 114
103 126
103 130
103 145
103 157
104 11
104 16
104 58
104 73
104 80
104 87
104 97
104 113
104 121
104 122
104 123
104 127
104 145
104 148
104 150
104 154
105 61
105 70
105 77
105 81
105 95
105 107
105 113
105 130
106 10
106 14
106 20
106 21
106 22
106 56
106 63
106 73
106 109
106 111
106 112
106 122
106 135
106 142
107 3
107 30
107 37
107 49
107 78
107 121
107 122
107 127
107 128
107 133
107 146
107 149
108 2
108 27
108 31
108 42
108 48
108 73
108 78
108 80
108 81
108 82
108 85
108 89
108 116
108 125
108 127
108 135
108 144
108 147
108 151
108 158
109 13
109 26
109 41
109 45
109 60
109 64
109 77
109 90
109 96
109 102
109 104
109 129
109 142
109 156
110 5
110 26
110 28
110 31
110 34
110 52
110 62
110 63
110 66
110 80
110 86
110 88
110 107
110 139
111 1
111 14
111 36
111 42
111 47
111 59
111 61
111 63
111 76
111 84
111 94
111 103
111 104
111 112
111 122
111 140
111 143
111 155
111 159
112 6
112 11
112 27
112 39
112 48
112 54
112 64
112 69
112 93
112 94
112 110
112 116
112 118
112 123
112 133
112 135
112 142
112 146
112 148
112 158
113 11
113 19
113 30
113 40
113 54
113 56
113 79
113 89
113 100
113 121
113 125
113 127
113 152
114 1
114 14
114 34
114 54
114 57
114 74
114 86
114 88
114 89
114 101
114 117
114 122
114 148
114 154
115 6
115 23
115 26
115 29
115 38
115 44
115 45
115 47
115 60
115 65
115 70
115 74
115 82
115 92
115 111
115 123
115 126
115 146
115 149
115 158
116 2
116 8
116 17
116 31
116 33
116 35
116 60
116 63
116 68
116 86
116 88
116 97
116 98
116 105
116 109
116 124
116 133
116 149
116 153
116 155
117 4
117 8
117 31
117 33
117 58
117 71
117 94
117 103
117 109
117 119
117 142
117 158
118 2
118 11
118 23
118 25
118 72
118 74
118 92
118 98
118 99
118 114
118 116
118 122
118 127
118 139
118 145
118 157
119 5
119 19
119 21
119 24
119 32
119 35
119 40
119 66
119 81
119 128
119 142
119 158
120 16
120 34
120 35
120 36
120 37
120 38
120 39
120 41
120 46
120 52
120 56
120 62
120 63
120 80
120 84
120 106
120 116
120 119
120 133
120 143
121 12
121 14
121 27
121 52
121 67
121 73
121 111
121 126
121 127
121 128
121 136
121 138
121 152
122 1
122 6
122 28
122 37
122 50
122 61
122 74
122 82
122 84
122 103
122 116
122 121
122 129
123 2
123 13
123 32
123 36
123 57
123 63
123 97
123 98
123 110
123 118
123 124
123 129
123 131
123 134
123 156
124 11
124 23
124 39
124 55
124 61
124 62
124 69
124 72
124 77
124 80
124 93
124 95
124 108
124 119
124 149
124 152
125 6
125 13
125 27
125 32
125 49
125 50
125 89
125 95
125 111
125 126
125 144
125 145
126 26
126 40
126 71
126 82
126 83
126 86
126 116
126 120
126 128
126 131
126 145
127 2
127 3
127 4
127 8
127 10
127 12
127 27
127 30
127 37
127 46
127 48
127 55
127 65
127 69
127 75
127 91
127 100
127 102
127 105
127 110
127 114
127 115
127 124
127 140
127 156
128 6
128 14
128 26
128 30
128 37
128 51
128 82
128 85
128 90
128 91
128 95
128 99
128 109
128 114
128 125
128 133
128 139
128 155
128 156
129 5
129 7
129 17
129 19
129 25
129 26
129 27
129 31
129 37
129 42
129 43
129 114
129 125
129 126
129 130
129 136
129 139
129 147
129 158
130 1
130 5
130 47
130 55
130 77
130 81
130 99
130 106
130 126
130 140
130 145
130 154
130 158
130 159
131 1
131 4
131 31
131 40
131 46
131 48
131 50
131 55
131 78
131 107
131 110
131 111
131 112
131 113
131 141
131 147
131 151
132 4
132 17
132 18
132 22
132 27
132 36
132 38
132 41
132 47
132 63
132 77
132 98
132 102
132 104
132 108
132 115
132 120
132 125
132 127
132 136
132 146
132 147
133 2
133 3
133 5
133 11
133 12
133 49
133 51
133 52
133 54
133 60
133 67
133 69
133 75
133 81
133 88
133 119
133 121
133 122
134 0
134 1
134 5
134 15
134 35
134 38
134 41
134 53
134 57
134 73
134 131
135 9
135 10
135 32
135 65
135 78
135 84
135 101
135 113
135 152
136 15
136 30
136 53
136 59
136 65
136 70
136 72
136 76
136 87
136 91
136 107
136 130
136 131
136 141
136 145
136 158
137 11
137 15
137 20
137 30
137 50
137 83
137 110
137 118
137 120
137 127
137 154
138 3
138 14
138 44
138 50
138 56
138 79
138 82
138 85
138 93
138 94
138 101
138 104
138 116
138 118
138 120
138 123
138 125
138 144
138 152
139 11
139 18
139 32
139 41
139 52
139 54
139 59
139 71
139 101
139 102
139 105
139 116
139 134
139 143
139 153
140 3
140 26
140 47
140 49
140 52
140 54
140 57
140 60
140 73
140 75
140 96
140 100
140 102
140 104
140 118
140 119
140 135
141 6
141 14
141 26
141 33
141 44
141 53
141 58
141 62
141 74
141 104
141 108
141 127
142 0
142 25
142 30
142 55
142 59
142 68
142 77
142 79
142 82
142 85
142 104
142 120
142 125
142 127
142 133
142 138
143 0
143 26
143 68
143 89
143 108
143 112
143 115
143 122
143 125
143 132
143 136
143 144
144 4
144 5
144 25
144 34
144 35
144 43
144 51
144 69
144 72
144 84
144 97
144 99
144 103
144 117
144 127
144 131
144 141
144 142
144 147
144 153
145 9
145 13
145 18
145 19
145 24
145 37
145 91
145 108
145 123
145 134
145 140
145 152
145 154
146 8
146 11
146 26
146 31
146 58
146 61
146 95
146 103
146 108
146 111
146 116
146 123
146 126
146 133
147 4
147 23
147 60
147 74
147 78
147 93
147 109
147 127
147 146
147 152
148 7
148 8
148 9
148 23
148 27
148 36
148 38
148 45
148 60
148 64
148 68
148 70
148 71
148 73
148 82
148 87
148 95
148 106
148 159
149 12
149 14
149 20
149 22
149 25
149 26
149 28
149 33
149 38
149 43
149 48
149 74
149 93
149 102
149 110
149 123
149 130
149 141
149 146
149 150
149 153
150 6
150 29
150 53
150 76
150 77
150 78
150 89
150 91
150 99
150 101
150 136
150 148
150 159
151 13
151 21
151 26
151 28
151 47
151 52
151 53
151 74
151 85
151 89
151 92
151 94
151 117
151 125
151 141
151 153
152 1
152 4
152 30
152 61
152 64
152 71
152 77
152 88
152 91
152 92
152 100
152 123
152 132
153 1
153 11
153 16
153 44
153 55
153 75
153 78
153 81
153 97
153 98
153 109
153 121
153 122
153 152
153 158
154 22
154 24
154 28
154 40
154 41
154 49
154 53
154 73
154 100
154 101
154 110
154 113
154 115
154 119
154 123
154 136
155 2
155 8
155 11
155 19
155 33
155 45
155 55
155 75
155 79
155 90
155 94
155 96
155 105
155 135
155 144
155 148
155 158
156 4
156 15
156 16
156 29
156 36
156 62
156 64
156 66
156 101
156 107
156 110
156 115
156 136
156 158
157 4
157 12
157 31
157 32
157 59
157 61
157 63
157 95
157 99
157 117
157 128
157 134
157 138
158 6
158 10
158 16
158 20
158 24
158 31
158 34
158 62
158 69
158 93
158 103
158 109
158 118
158 120
158 132
158 137
158 142
159 4
159 11
159 14
159 21
159 22
159 26
159 42
159 44
159 46
159 60
159 66
159 93
159 99
159 122
159 123
159 129
159 135
159 136
0 1 2 3 4 5 6
