160 300 7
0 27
0 55
0 72
0 79
1 14
2 6
2 144
3 35
3 39
3 68
4 60
5 25
5 144
6 2
6 51
7 10
7 59
7 114
7 135
8 75
10 143
11 26
12 139
12 148
13 153
14 58
14 120
14 129
14 131
15 86
16 32
16 115
16 120
17 117
17 157
18 9
18 75
18 123
19 23
20 78
21 3
21 110
22 1
22 150
24 73
24 131
25 5
25 18
25 90
25 137
27 0
27 101
27 137
28 132
29 128
30 86
30 87
30 98
31 13
32 155
33 46
33 112
34 75
34 149
36 153
37 116
38 39
38 145
39 38
39 63
39 76
40 151
41 30
42 35
42 50
42 116
43 114
44 72
45 37
45 157
46 21
46 48
47 53
47 134
48 29
49 142
50 19
50 28
51 62
51 154
52 46
53 47
53 122
54 80
54 111
54 156
55 67
57 50
57 158
58 134
59 0
59 69
59 106
59 131
59 148
60 4
60 112
61 66
62 55
63 39
63 62
64 85
64 87
65 73
66 95
69 12
69 59
70 102
71 136
72 114
73 15
73 65
73 131
74 46
74 152
74 153
75 84
75 147
76 39
78 135
79 56
79 107
79 109
80 54
80 152
81 149
82 17
82 30
82 87
82 141
82 145
83 3
84 75
85 64
85 86
86 51
86 85
87 64
87 82
87 112
87 125
88 69
88 122
89 87
89 104
89 149
90 25
90 97
91 101
92 16
92 28
92 64
92 128
93 105
93 155
94 24
95 27
95 134
96 139
98 15
98 37
98 112
99 57
99 103
99 145
100 8
100 26
101 62
101 68
101 91
101 129
101 146
102 70
102 155
103 115
104 41
104 72
105 44
106 133
107 5
107 79
108 128
108 152
109 79
109 91
110 127
111 43
111 71
112 27
112 60
112 66
112 87
113 19
114 43
114 51
114 72
115 22
115 36
115 150
115 158
116 42
116 139
117 17
118 127
118 133
118 137
119 91
120 14
120 16
120 137
121 95
122 53
123 159
125 41
125 87
126 24
126 42
127 110
128 29
128 92
128 108
128 114
130 46
130 97
130 107
130 145
131 14
131 59
132 28
133 12
134 17
135 96
136 23
136 43
136 71
136 101
137 25
138 68
138 84
139 47
139 58
139 116
139 124
140 17
141 82
141 108
142 0
142 77
143 10
143 18
144 2
144 5
144 83
145 82
146 101
147 110
147 114
148 5
148 11
148 59
148 122
149 34
149 46
149 81
149 144
150 22
150 115
151 62
151 134
152 18
152 74
152 82
152 91
152 108
152 134
153 13
153 20
153 32
154 51
154 92
155 32
155 112
156 17
156 54
156 88
157 17
158 57
158 73
158 104
158 117
0 1 2 3 4 5 6
