160 1218 40
0 9
0 16
0 32
0 41
0 47
0 59
0 70
0 78
0 83
0 140
0 149
1 16
1 20
1 76
1 79
1 85
1 127
1 143
2 3
2 5
2 25
2 35
2 40
2 43
2 77
2 82
2 100
2 132
2 153
2 154
3 2
3 16
3 89
3 110
3 137
3 152
4 30
4 34
4 40
4 42
4 54
4 79
4 108
4 119
4 157
5 2
5 14
5 34
5 46
5 77
6 9
6 24
6 39
6 53
6 54
6 79
6 141
7 5
7 82
7 88
7 139
8 23
8 64
8 68
8 109
8 119
8 123
9 6
9 19
9 20
9 35
9 98
9 113
9 133
9 141
9 142
10 14
10 32
10 37
10 42
10 74
10 116
10 119
10 124
10 125
10 150
11 19
11 35
11 59
11 87
11 132
12 42
12 66
12 67
12 68
12 99
12 107
12 149
12 156
13 33
13 40
13 76
13 93
13 104
13 110
13 114
14 5
14 10
14 51
14 101
14 105
14 120
14 128
14 129
14 133
14 135
14 142
14 144
15 33
15 56
15 81
15 88
15 100
15 115
16 0
16 1
16 3
16 22
16 25
16 29
16 45
16 50
16 52
16 57
16 79
16 94
16 100
16 119
17 21
17 24
17 27
17 84
17 121
18 23
18 36
18 95
18 118
18 122
18 128
18 144
19 9
19 11
19 66
19 68
19 106
19 113
19 116
19 119
19 122
20 1
20 9
20 33
20 35
20 60
20 81
20 85
20 111
20 119
21 8
21 17
21 26
21 30
21 45
21 61
21 93
21 140
22 16
22 62
22 113
22 140
22 141
23 8
23 22
23 42
23 60
23 82
23 98
23 100
24 6
24 17
24 84
24 88
24 108
24 116
24 128
24 137
24 140
24 159
25 2
25 16
25 43
25 71
25 95
25 126
25 147
25 149
26 21
26 31
26 42
26 57
26 86
26 98
26 110
26 127
26 150
27 6
27 17
27 37
27 53
27 67
27 78
27 100
27 127
27 134
28 6
28 24
28 48
28 57
28 68
28 117
29 27
29 85
29 86
29 114
29 118
29 154
30 3
30 4
30 21
30 32
30 63
30 67
30 77
30 87
30 95
30 148
30 155
31 15
31 16
31 26
31 33
31 57
31 59
31 64
32 0
32 7
32 10
32 26
32 50
32 58
32 80
32 98
32 105
32 124
32 132
32 136
32 142
32 146
33 4
33 10
33 15
33 20
33 21
33 31
33 32
33 35
33 42
33 59
33 85
33 111
33 133
33 147
33 148
34 4
34 5
34 102
34 127
34 132
34 158
35 0
35 2
35 9
35 11
35 14
35 20
35 33
35 41
35 50
35 76
35 117
35 121
35 130
35 139
35 147
35 152
36 25
36 55
36 91
36 103
36 114
36 117
36 121
37 3
37 10
37 27
37 41
37 54
37 69
37 70
37 110
37 145
37 149
38 48
38 49
38 68
38 82
38 92
38 138
39 6
39 64
39 74
39 110
39 129
39 152
40 2
40 13
40 51
40 78
40 86
40 94
40 96
40 133
41 31
41 35
41 74
41 93
41 102
41 104
41 113
41 149
42 12
42 23
42 26
42 33
42 48
42 59
42 73
42 91
42 94
42 109
42 153
42 159
43 2
43 25
43 54
43 89
43 111
43 127
43 137
43 141
43 145
44 6
44 8
44 56
44 59
44 87
44 89
44 91
44 112
44 129
44 131
44 136
45 16
45 21
45 53
45 60
45 70
45 118
45 144
45 147
46 5
46 16
46 93
46 97
46 101
46 145
46 155
47 0
47 66
47 115
47 124
47 130
48 28
48 38
48 58
48 67
48 75
48 89
48 103
48 153
49 38
49 59
49 69
49 74
49 79
49 101
49 138
49 141
49 151
50 17
50 35
50 51
50 81
50 110
50 121
50 126
50 154
51 14
51 50
51 82
51 129
52 131
52 136
52 143
53 28
53 37
53 45
53 93
53 112
53 128
53 132
54 4
54 9
54 18
54 37
54 38
54 41
54 43
54 64
54 80
54 118
54 120
54 131
55 81
55 92
55 100
55 155
56 15
56 89
56 97
56 129
56 147
56 154
57 16
57 26
57 28
57 31
57 80
57 137
58 5
58 32
58 59
58 75
58 78
58 97
58 103
58 121
58 159
59 0
59 31
59 42
59 58
60 14
60 20
60 22
60 45
60 68
60 71
60 93
60 96
60 126
61 15
61 55
61 69
61 105
61 110
61 154
62 8
62 22
62 49
62 86
62 92
63 30
63 65
63 101
63 133
63 139
63 159
64 8
64 39
64 45
64 54
64 90
64 119
64 132
64 140
64 154
65 21
65 63
65 103
65 118
65 124
66 3
66 12
66 20
66 47
66 110
66 137
67 12
67 27
67 145
68 8
68 12
68 19
68 28
68 38
68 60
68 91
68 98
69 37
69 61
69 72
69 78
69 101
69 119
69 130
70 0
70 19
70 37
70 40
70 96
70 138
70 153
71 55
71 141
72 15
72 123
72 150
72 153
73 21
73 51
73 60
73 90
73 99
73 140
73 145
74 10
74 39
74 41
74 127
74 128
74 130
74 141
74 148
75 48
75 56
75 58
75 83
75 95
75 99
75 124
75 140
76 13
76 78
76 87
76 92
76 95
77 5
77 98
77 158
78 20
78 27
78 40
78 69
78 76
78 104
78 110
78 116
78 119
79 1
79 4
79 6
79 31
79 39
79 49
79 87
79 119
79 139
79 155
80 32
80 38
80 54
80 62
80 67
80 79
80 85
80 104
80 110
81 15
81 27
81 41
81 50
81 55
81 100
81 110
81 135
82 2
82 7
82 23
82 38
82 51
82 78
82 90
82 136
83 0
83 15
83 75
83 95
83 113
83 116
83 143
83 146
83 150
84 24
84 101
84 109
84 121
84 157
85 1
85 20
85 33
85 80
85 115
85 124
85 134
86 26
86 29
86 40
86 51
86 62
86 75
86 133
86 146
87 11
87 30
87 70
87 79
87 88
87 108
87 156
87 159
88 1
88 37
88 38
88 58
88 87
88 103
88 109
88 112
88 133
89 3
89 56
89 59
89 93
89 97
89 101
89 150
89 153
90 14
90 64
90 65
90 73
90 81
90 82
90 83
90 99
90 123
90 124
91 11
91 36
91 42
91 44
91 84
91 105
91 110
91 125
91 127
91 153
92 32
92 38
92 53
92 55
92 76
92 96
92 119
92 128
93 13
93 41
93 46
93 53
93 60
93 89
93 100
93 113
93 119
93 151
93 152
93 157
94 16
94 28
94 40
94 101
94 122
94 136
94 139
94 158
95 18
95 32
95 76
95 83
95 153
96 49
96 58
96 60
96 79
96 92
96 103
96 108
97 46
97 56
97 58
97 89
97 127
97 140
97 154
98 9
98 23
98 26
98 31
98 32
98 51
98 77
98 96
98 100
98 110
98 111
98 128
98 137
98 159
99 12
99 41
99 73
99 75
99 90
99 145
100 1
100 2
100 23
100 27
100 89
100 98
100 99
100 105
100 108
100 151
100 156
100 159
101 7
101 31
101 49
101 89
101 94
101 157
102 24
102 41
102 110
102 114
102 146
102 152
103 36
103 48
103 58
103 65
103 73
103 88
103 96
103 108
103 112
103 154
104 13
104 41
104 78
104 105
104 106
104 145
105 12
105 14
105 32
105 61
105 78
105 100
105 139
106 19
106 31
106 104
106 108
107 87
107 96
107 97
108 96
108 106
108 143
108 149
109 8
109 42
109 84
109 88
109 135
109 140
109 157
110 3
110 13
110 26
110 37
110 39
110 50
110 69
110 79
110 80
110 102
110 152
110 157
111 20
111 33
111 122
112 8
112 44
112 53
112 69
112 80
112 81
112 88
112 103
112 122
112 138
112 157
113 9
113 19
113 110
113 159
114 1
114 20
114 29
114 36
114 37
114 43
114 102
114 121
114 144
115 4
115 15
115 47
115 51
115 53
115 85
115 120
115 146
115 153
116 10
116 19
116 20
116 38
116 79
116 113
117 25
117 28
117 35
117 36
117 119
118 18
118 28
118 29
118 34
118 45
118 54
118 79
118 84
119 4
119 16
119 19
119 20
119 25
119 53
119 61
119 93
119 104
119 110
119 117
119 123
119 138
119 145
120 0
120 14
120 49
120 54
120 64
121 17
121 19
121 35
121 36
121 46
121 50
121 58
121 65
121 84
121 114
121 139
122 18
122 19
122 60
122 62
122 74
122 106
122 111
122 134
122 141
122 153
123 8
123 22
123 72
123 90
123 137
123 138
124 10
124 19
124 32
124 47
124 75
124 100
124 130
124 151
125 10
125 89
125 91
125 132
125 153
126 16
126 60
126 145
126 155
127 1
127 26
127 27
127 33
127 37
127 52
127 62
127 74
127 83
127 141
127 158
128 8
128 14
128 53
128 92
128 98
128 131
128 136
129 14
129 44
129 51
129 56
129 141
130 1
130 35
130 41
130 47
130 60
130 63
130 69
130 74
130 124
130 140
130 149
131 44
131 52
131 54
131 75
131 128
132 2
132 11
132 32
132 33
132 34
132 40
132 44
132 49
132 53
132 64
133 14
133 40
133 86
134 27
134 85
134 155
134 157
135 81
135 100
135 121
135 149
136 32
136 44
136 52
136 55
136 57
136 94
136 107
136 128
137 3
137 24
137 30
137 66
137 83
137 141
138 1
138 38
138 49
138 70
138 95
138 112
138 119
138 123
138 145
138 149
139 2
139 7
139 63
139 70
139 79
139 94
139 104
139 105
139 121
139 136
139 150
140 0
140 22
140 24
140 63
140 64
140 75
140 90
140 109
140 136
140 141
140 144
141 6
141 43
141 49
141 71
141 74
141 122
141 127
141 129
141 140
141 158
142 1
142 9
142 70
142 151
143 1
143 18
143 52
143 67
143 108
143 150
143 156
143 158
144 14
144 17
144 18
144 45
144 54
144 72
144 79
144 110
145 67
145 73
145 99
145 119
145 138
145 147
146 0
146 11
146 32
146 39
146 71
146 83
146 102
146 110
146 115
147 14
147 25
147 33
147 35
147 45
147 56
147 58
147 146
147 151
148 9
148 30
148 33
148 74
149 0
149 12
149 33
149 37
149 41
149 82
149 130
149 135
149 138
150 26
150 56
150 72
150 83
150 133
150 139
150 143
151 93
151 142
151 147
151 150
152 3
152 26
152 39
152 65
152 93
152 102
152 110
153 40
153 70
153 89
153 115
153 122
153 125
153 139
154 29
154 50
154 56
154 61
154 64
154 77
154 97
154 141
155 10
155 17
155 30
155 31
155 55
155 79
155 99
155 106
155 110
155 126
155 134
156 12
156 32
156 39
156 46
156 82
156 100
156 118
156 143
157 0
157 4
157 15
157 84
157 101
157 110
157 112
157 130
157 139
157 158
158 34
158 42
158 94
158 127
158 141
158 143
159 42
159 51
159 63
159 87
159 98
159 100
159 113
0 1 2 3 4 5 6 7 8 9 10 11 12 13 14 15 16 17 18 19 20 21 22 23 24 25 26 27 28 29 30 31 32 33 34 35 36 37 38 39
