160 469 40
0 16
0 21
0 50
0 64
0 82
0 108
1 121
2 22
2 25
2 50
2 87
2 141
2 156
3 65
3 90
3 107
4 44
4 68
4 75
4 120
4 139
5 29
5 55
6 50
7 106
8 88
8 95
8 156
9 50
10 28
10 103
10 125
11 131
12 65
12 96
12 131
13 140
14 35
14 76
14 102
15 38
15 113
16 0
16 30
16 59
16 73
16 94
17 43
17 81
17 108
18 81
19 51
19 113
19 116
20 93
20 100
20 121
20 128
20 131
21 0
21 107
22 2
22 46
23 30
23 58
24 89
24 145
25 2
25 42
25 78
25 88
25 94
26 29
26 49
26 67
27 151
28 10
28 107
28 124
29 5
29 26
29 156
30 16
30 23
30 56
30 76
30 79
30 91
30 115
30 119
30 127
30 131
30 136
31 72
31 90
32 88
33 92
33 95
33 119
34 125
34 139
35 14
35 138
36 51
36 63
36 94
36 97
37 61
37 66
37 84
38 15
38 72
38 109
39 56
39 119
39 149
40 73
41 77
41 94
41 107
41 117
41 142
42 25
42 29
42 61
42 94
42 111
42 120
42 139
43 17
43 61
44 4
45 115
46 22
46 84
46 98
46 132
46 154
47 69
47 87
47 138
47 143
48 80
48 157
49 26
49 51
49 87
50 0
50 2
50 6
50 9
50 74
51 36
51 49
52 54
52 105
53 87
53 130
53 159
54 52
54 87
54 158
55 5
55 90
56 30
56 39
56 158
57 76
57 86
57 118
57 122
58 23
58 139
59 16
59 60
59 147
60 59
60 114
61 37
61 42
61 43
61 69
62 65
62 86
63 36
64 0
64 89
64 115
65 3
65 12
65 62
65 68
66 37
66 102
66 149
67 26
67 131
68 4
68 65
68 87
68 90
69 47
69 61
69 90
69 108
69 140
69 146
70 92
70 139
70 148
71 75
71 129
72 31
72 38
72 82
72 121
72 129
72 153
73 16
73 40
73 112
74 50
75 4
75 71
75 78
75 121
75 141
75 158
76 14
76 30
76 57
76 83
76 105
76 135
76 155
77 41
78 25
78 75
78 93
79 30
79 94
79 113
79 137
80 48
80 96
80 115
80 144
80 145
80 146
81 17
81 18
81 86
82 0
82 72
83 76
83 119
84 37
84 46
84 92
85 2
86 57
86 62
86 81
86 147
87 2
87 47
87 49
87 53
87 54
87 68
87 108
88 8
88 25
88 32
88 98
88 99
88 111
89 24
89 64
89 99
89 151
89 158
90 3
90 31
90 55
90 68
90 69
91 30
91 106
91 138
91 150
92 33
92 70
92 84
92 155
93 20
93 78
93 101
93 146
94 16
94 25
94 36
94 41
94 42
94 79
94 148
95 8
95 33
95 119
96 12
96 80
96 98
97 133
98 46
98 88
98 96
98 100
99 88
99 89
100 20
100 98
100 153
101 93
102 14
102 66
103 10
103 152
104 147
105 52
105 76
105 127
106 7
106 91
107 3
107 21
107 28
107 41
108 0
108 17
108 69
108 87
108 150
109 38
110 111
111 42
111 70
111 88
111 110
111 115
112 73
113 15
113 19
113 79
114 60
114 130
114 152
115 30
115 45
115 64
115 80
115 111
115 126
115 136
116 19
117 41
117 104
118 57
118 134
119 30
119 33
119 39
119 83
119 95
119 151
120 4
120 42
121 1
121 20
121 72
121 75
121 141
122 57
123 7
123 127
123 142
124 28
124 91
125 10
125 34
126 115
127 30
127 105
127 123
127 130
127 152
128 20
129 71
129 72
130 53
130 114
130 127
131 11
131 12
131 20
131 30
131 67
131 143
132 46
133 97
134 118
134 143
135 76
136 30
136 115
136 151
137 79
138 35
138 91
138 152
139 4
139 34
139 42
139 58
139 70
140 13
140 69
141 2
141 75
141 121
142 41
142 123
143 47
143 131
143 134
144 80
145 24
145 80
146 69
146 80
146 93
147 59
147 86
147 104
148 94
149 39
149 66
150 91
150 108
151 27
151 89
151 119
151 136
152 103
152 114
152 127
153 72
153 100
154 46
155 76
155 92
156 2
156 8
156 29
157 48
158 54
158 56
158 75
158 89
159 53
0 1 2 3 4 5 6 7 8 9 10 11 12 13 14 15 16 17 18 19 20 21 22 23 24 25 26 27 28 29 30 31 32 33 34 35 36 37 38 39
