160 3789 12
0 12
0 21
0 32
0 47
0 48
0 49
0 52
0 63
0 70
0 85
0 95
0 108
0 116
0 117
0 125
0 126
1 20
1 33
1 38
1 40
1 42
1 43
1 47
1 52
1 55
1 56
1 57
1 80
1 95
1 101
1 111
1 129
1 145
1 155
1 156
1 158
2 8
2 27
2 31
2 32
2 36
2 37
2 51
2 65
2 73
2 86
2 89
2 92
2 109
2 110
2 123
2 129
2 138
2 143
2 148
2 151
3 13
3 18
3 23
3 41
3 42
3 44
3 49
3 58
3 69
3 80
3 84
3 91
3 100
3 104
3 106
3 110
3 113
3 125
3 132
3 138
3 139
3 143
3 145
3 154
3 158
4 25
4 48
4 59
4 77
4 78
4 80
4 86
4 95
4 96
4 100
4 101
4 104
4 111
4 116
4 117
4 126
4 131
4 133
4 134
4 145
4 151
4 155
5 13
5 15
5 16
5 23
5 24
5 27
5 28
5 39
5 44
5 66
5 75
5 101
5 104
5 106
5 115
5 140
5 144
5 148
5 155
6 1
6 9
6 12
6 30
6 31
6 33
6 34
6 39
6 41
6 42
6 44
6 49
6 52
6 75
6 79
6 89
6 114
6 118
6 121
6 141
6 144
6 149
7 18
7 19
7 20
7 23
7 32
7 34
7 38
7 51
7 67
7 68
7 77
7 87
7 94
7 98
7 107
7 112
7 117
7 119
7 133
7 135
7 142
7 151
8 2
8 11
8 12
8 15
8 30
8 32
8 40
8 44
8 62
8 84
8 87
8 91
8 104
8 106
8 114
8 131
8 132
8 143
8 144
8 147
8 152
9 5
9 17
9 22
9 24
9 26
9 35
9 43
9 46
9 56
9 58
9 59
9 65
9 94
9 99
9 108
9 118
9 124
9 126
9 134
9 149
10 7
10 11
10 19
10 23
10 24
10 48
10 53
10 69
10 73
10 77
10 84
10 92
10 95
10 103
10 114
10 116
10 117
10 150
10 152
10 153
11 8
11 10
11 28
11 32
11 34
11 36
11 41
11 43
11 45
11 61
11 62
11 63
11 66
11 68
11 95
11 102
11 104
11 109
11 116
11 121
11 123
11 125
11 126
11 130
11 143
11 158
12 18
12 20
12 33
12 36
12 37
12 38
12 39
12 40
12 50
12 57
12 61
12 71
12 74
12 90
12 97
12 112
12 115
12 118
12 119
12 125
12 131
12 134
12 138
12 141
12 144
12 147
12 154
13 15
13 23
13 30
13 35
13 40
13 49
13 58
13 102
13 108
13 111
13 113
13 119
13 124
13 133
13 134
13 137
13 140
13 158
14 3
14 18
14 22
14 45
14 46
14 54
14 55
14 59
14 63
14 64
14 69
14 70
14 75
14 80
14 82
14 84
14 92
14 102
14 106
14 111
14 115
14 117
14 126
14 128
14 129
14 131
14 136
14 137
14 140
14 149
14 151
15 5
15 8
15 13
15 16
15 22
15 23
15 28
15 38
15 39
15 40
15 45
15 50
15 56
15 58
15 61
15 70
15 71
15 92
15 102
15 110
15 111
15 114
15 118
15 120
15 125
15 141
15 142
15 149
16 5
16 9
16 15
16 22
16 37
16 38
16 44
16 49
16 51
16 67
16 75
16 80
16 82
16 99
16 105
16 108
16 128
16 129
16 131
16 142
16 150
16 151
17 9
17 13
17 27
17 31
17 38
17 39
17 49
17 53
17 57
17 58
17 76
17 86
17 91
17 106
17 112
17 122
17 128
17 130
17 140
17 144
17 146
17 148
18 3
18 7
18 12
18 14
18 19
18 35
18 39
18 46
18 49
18 54
18 62
18 68
18 73
18 74
18 84
18 85
18 89
18 93
18 94
18 102
18 112
18 115
18 128
18 142
18 151
18 158
19 7
19 10
19 16
19 18
19 23
19 34
19 69
19 72
19 95
19 101
19 115
19 118
19 127
19 131
19 132
19 134
19 144
19 158
20 1
20 7
20 27
20 44
20 46
20 51
20 55
20 58
20 65
20 76
20 83
20 87
20 91
20 92
20 96
20 99
20 106
20 107
20 118
20 123
20 148
20 153
20 156
21 0
21 1
21 3
21 29
21 61
21 68
21 80
21 90
21 91
21 102
21 120
21 125
21 137
21 140
21 142
21 157
21 159
22 9
22 15
22 16
22 18
22 21
22 36
22 47
22 49
22 51
22 57
22 64
22 66
22 70
22 75
22 76
22 77
22 79
22 81
22 93
22 110
22 118
22 119
22 126
22 134
22 143
22 159
23 3
23 5
23 7
23 10
23 15
23 19
23 25
23 28
23 32
23 43
23 51
23 55
23 61
23 74
23 88
23 90
23 101
23 105
23 111
23 117
23 123
23 125
23 128
23 130
23 144
23 148
23 152
23 155
24 1
24 5
24 9
24 10
24 13
24 36
24 40
24 46
24 48
24 49
24 59
24 71
24 102
24 109
24 110
24 118
24 119
24 130
24 141
24 144
24 149
24 152
25 11
25 23
25 26
25 33
25 36
25 55
25 56
25 76
25 81
25 85
25 86
25 87
25 90
25 94
25 95
25 96
25 103
25 116
25 131
25 132
25 139
26 1
26 9
26 25
26 33
26 37
26 43
26 44
26 56
26 80
26 84
26 86
26 89
26 94
26 95
26 105
26 109
26 113
26 114
26 127
26 145
26 147
26 151
26 152
26 154
27 5
27 17
27 20
27 28
27 31
27 32
27 35
27 36
27 40
27 47
27 50
27 54
27 61
27 63
27 70
27 75
27 77
27 80
27 83
27 86
27 92
27 101
27 110
27 113
27 133
27 152
27 153
27 155
28 11
28 15
28 23
28 27
28 35
28 48
28 54
28 65
28 67
28 69
28 75
28 76
28 78
28 89
28 97
28 102
28 104
28 108
28 113
28 124
28 134
28 137
28 147
28 148
28 150
28 151
28 152
28 155
28 158
29 20
29 21
29 35
29 54
29 59
29 61
29 65
29 69
29 70
29 87
29 90
29 95
29 96
29 97
29 115
29 124
29 128
29 130
29 134
29 135
29 145
29 148
29 151
30 6
30 7
30 8
30 13
30 23
30 40
30 42
30 45
30 48
30 58
30 65
30 82
30 83
30 84
30 85
30 88
30 90
30 91
30 98
30 103
30 105
30 115
30 117
30 118
30 128
30 129
30 136
30 141
30 143
30 148
30 149
30 153
30 154
30 158
31 17
31 25
31 32
31 41
31 49
31 51
31 54
31 73
31 86
31 91
31 101
31 102
31 127
31 130
31 136
31 146
31 148
31 152
32 0
32 2
32 7
32 8
32 11
32 16
32 23
32 27
32 38
32 39
32 40
32 50
32 61
32 62
32 70
32 73
32 74
32 79
32 84
32 92
32 97
32 102
32 108
32 109
32 113
32 114
32 125
32 127
32 129
32 130
32 147
32 149
32 150
32 153
32 157
33 1
33 3
33 6
33 7
33 12
33 25
33 26
33 41
33 53
33 56
33 58
33 65
33 73
33 78
33 87
33 113
33 131
33 134
33 135
33 138
33 139
33 151
33 154
33 156
34 7
34 11
34 41
34 45
34 50
34 53
34 57
34 61
34 71
34 81
34 83
34 84
34 88
34 89
34 93
34 98
34 101
34 105
34 110
34 113
34 120
34 121
34 122
34 123
34 133
34 143
34 150
34 151
34 155
34 156
35 4
35 9
35 13
35 18
35 21
35 27
35 28
35 36
35 37
35 42
35 54
35 55
35 56
35 60
35 67
35 70
35 85
35 87
35 91
35 117
35 120
35 123
35 124
35 127
35 145
35 146
35 157
36 2
36 11
36 16
36 21
36 24
36 58
36 63
36 66
36 74
36 76
36 89
36 103
36 106
36 110
36 113
36 120
36 133
36 139
36 148
36 149
37 16
37 17
37 22
37 28
37 35
37 55
37 62
37 79
37 80
37 84
37 86
37 93
37 109
37 113
37 114
37 116
37 117
37 122
37 139
37 145
37 154
37 156
37 157
37 159
38 1
38 2
38 7
38 12
38 16
38 17
38 23
38 25
38 30
38 32
38 36
38 44
38 45
38 48
38 50
38 55
38 61
38 66
38 70
38 71
38 79
38 82
38 98
38 100
38 103
38 109
38 122
38 132
38 139
38 146
39 6
39 8
39 12
39 22
39 37
39 52
39 53
39 60
39 67
39 71
39 72
39 76
39 80
39 82
39 95
39 98
39 99
39 114
39 128
39 139
39 140
39 154
40 1
40 3
40 6
40 8
40 12
40 13
40 15
40 18
40 21
40 27
40 30
40 42
40 49
40 50
40 83
40 101
40 105
40 110
40 111
40 112
40 118
40 119
40 128
40 142
40 155
40 158
41 3
41 6
41 11
41 28
41 29
41 33
41 34
41 46
41 52
41 58
41 59
41 83
41 85
41 91
41 95
41 100
41 101
41 103
41 112
41 116
41 117
41 118
41 154
41 155
42 1
42 3
42 6
42 25
42 35
42 37
42 44
42 46
42 59
42 66
42 67
42 77
42 81
42 102
42 106
42 111
42 116
42 129
42 140
42 145
42 150
42 153
43 0
43 1
43 9
43 18
43 45
43 50
43 57
43 59
43 78
43 79
43 81
43 89
43 95
43 96
43 114
43 116
43 123
43 125
43 145
43 152
44 3
44 5
44 6
44 14
44 16
44 20
44 26
44 29
44 38
44 40
44 41
44 50
44 54
44 58
44 65
44 68
44 76
44 83
44 88
44 91
44 103
44 110
44 112
44 114
44 135
44 156
44 158
45 11
45 14
45 17
45 19
45 30
45 31
45 34
45 38
45 48
45 50
45 76
45 82
45 87
45 92
45 95
45 105
45 116
45 117
45 123
45 130
45 139
45 144
45 147
45 148
46 9
46 14
46 18
46 24
46 30
46 41
46 42
46 58
46 61
46 65
46 71
46 74
46 79
46 91
46 92
46 97
46 105
46 120
46 154
47 1
47 3
47 11
47 16
47 27
47 40
47 62
47 69
47 75
47 83
47 93
47 95
47 100
47 114
47 130
47 133
47 140
47 153
48 0
48 4
48 5
48 6
48 24
48 28
48 30
48 33
48 38
48 40
48 55
48 80
48 81
48 89
48 91
48 103
48 106
48 115
48 118
48 120
48 127
48 139
49 0
49 9
49 16
49 19
49 22
49 24
49 31
49 40
49 44
49 56
49 59
49 66
49 73
49 86
49 88
49 106
49 111
49 155
49 158
50 9
50 12
50 15
50 18
50 32
50 34
50 40
50 44
50 45
50 68
50 69
50 71
50 74
50 79
50 81
50 87
50 91
50 92
50 94
50 103
50 112
50 113
50 116
50 132
50 139
50 140
50 141
50 146
50 153
50 154
50 155
51 2
51 7
51 16
51 20
51 22
51 23
51 31
51 58
51 59
51 66
51 68
51 70
51 75
51 83
51 89
51 90
51 93
51 100
51 107
51 120
51 128
51 129
51 139
51 144
51 153
52 0
52 1
52 6
52 34
52 41
52 56
52 80
52 82
52 85
52 91
52 94
52 98
52 99
52 101
52 103
52 115
52 129
52 135
52 136
52 142
52 151
52 152
52 153
52 154
53 10
53 13
53 17
53 30
53 33
53 46
53 57
53 66
53 69
53 75
53 77
53 79
53 80
53 88
53 94
53 102
53 103
53 114
53 116
53 118
53 124
53 126
53 148
53 150
54 16
54 22
54 29
54 31
54 39
54 55
54 60
54 67
54 75
54 76
54 83
54 92
54 94
54 103
54 108
54 110
54 115
54 119
54 130
54 141
54 153
54 157
55 20
55 23
55 24
55 37
55 54
55 56
55 64
55 69
55 76
55 82
55 85
55 87
55 100
55 101
55 108
55 112
55 117
55 120
55 125
55 131
55 138
55 143
55 148
55 153
55 158
56 1
56 7
56 9
56 25
56 28
56 33
56 35
56 43
56 49
56 52
56 53
56 60
56 65
56 71
56 74
56 79
56 83
56 84
56 88
56 91
56 101
56 114
56 130
56 135
56 136
56 144
56 148
56 156
56 157
56 158
57 1
57 12
57 17
57 21
57 29
57 43
57 53
57 58
57 64
57 67
57 70
57 72
57 95
57 98
57 123
57 131
57 133
57 137
57 145
57 152
57 159
58 3
58 7
58 13
58 14
58 20
58 30
58 32
58 36
58 44
58 46
58 51
58 52
58 53
58 57
58 59
58 64
58 72
58 76
58 88
58 91
58 99
58 109
58 110
58 111
58 123
58 127
58 146
58 148
58 151
58 155
59 4
59 8
59 9
59 15
59 31
59 40
59 41
59 42
59 43
59 49
59 57
59 61
59 67
59 68
59 77
59 80
59 86
59 87
59 91
59 99
59 104
59 105
59 109
59 113
59 116
59 137
59 158
60 29
60 32
60 39
60 54
60 56
60 68
60 72
60 73
60 75
60 79
60 86
60 93
60 95
60 98
60 100
60 102
60 111
60 121
60 134
60 145
61 3
61 11
61 23
61 27
61 29
61 31
61 32
61 33
61 34
61 38
61 41
61 51
61 62
61 65
61 71
61 72
61 74
61 77
61 82
61 94
61 102
61 131
61 137
61 138
61 142
61 146
61 147
62 11
62 12
62 18
62 32
62 33
62 34
62 37
62 79
62 82
62 93
62 95
62 98
62 108
62 111
62 114
62 116
62 118
62 121
62 129
62 149
62 158
63 16
63 53
63 70
63 100
63 111
63 113
63 121
63 125
63 131
63 140
63 148
63 150
63 156
64 5
64 13
64 14
64 17
64 22
64 34
64 36
64 37
64 41
64 52
64 55
64 57
64 58
64 68
64 75
64 78
64 80
64 81
64 83
64 85
64 91
64 115
64 118
64 149
64 151
65 2
65 9
65 20
65 22
65 28
65 29
65 30
65 33
65 39
65 44
65 46
65 56
65 58
65 61
65 66
65 76
65 79
65 82
65 95
65 96
65 100
65 106
65 108
65 110
65 111
65 114
65 120
65 124
65 125
65 137
65 138
65 154
65 157
66 5
66 11
66 22
66 40
66 42
66 49
66 51
66 65
66 82
66 90
66 138
66 142
66 148
66 151
66 158
67 6
67 16
67 18
67 28
67 39
67 40
67 42
67 75
67 79
67 80
67 81
67 82
67 86
67 91
67 97
67 116
67 127
67 128
67 138
67 141
67 146
67 155
68 7
68 11
68 17
68 18
68 21
68 30
68 32
68 44
68 47
68 48
68 50
68 51
68 59
68 60
68 64
68 69
68 77
68 79
68 82
68 86
68 87
68 96
68 105
68 124
68 130
68 140
68 141
69 3
69 11
69 21
69 28
69 29
69 37
69 47
69 50
69 53
69 55
69 68
69 78
69 84
69 85
69 86
69 88
69 112
69 122
69 133
69 149
69 158
69 159
70 0
70 22
70 24
70 26
70 27
70 29
70 32
70 35
70 47
70 95
70 100
70 118
70 121
70 128
70 130
70 131
70 150
70 152
71 9
71 12
71 15
71 24
71 34
71 46
71 56
71 58
71 61
71 74
71 97
71 99
71 107
71 123
71 133
71 137
71 138
71 149
71 154
72 2
72 19
72 57
72 60
72 61
72 82
72 90
72 109
72 130
72 133
72 139
72 149
72 154
73 2
73 18
73 30
73 31
73 33
73 42
73 46
73 47
73 78
73 79
73 81
73 82
73 83
73 85
73 86
73 94
73 100
73 104
73 107
73 119
73 126
73 142
73 146
73 147
73 150
73 153
73 155
74 6
74 12
74 20
74 32
74 39
74 46
74 56
74 61
74 71
74 73
74 89
74 92
74 93
74 98
74 114
74 115
74 122
74 125
74 126
74 130
74 132
74 137
74 141
74 143
74 150
74 157
75 5
75 16
75 22
75 27
75 28
75 43
75 47
75 50
75 51
75 58
75 60
75 61
75 64
75 82
75 95
75 102
75 122
75 123
75 130
75 135
75 145
75 149
76 17
76 24
76 25
76 26
76 28
76 30
76 39
76 44
76 45
76 50
76 55
76 65
76 74
76 90
76 92
76 103
76 105
76 114
76 118
76 123
76 125
76 127
76 136
76 142
76 143
76 146
76 159
77 7
77 10
77 22
77 26
77 27
77 33
77 43
77 46
77 50
77 53
77 59
77 61
77 65
77 94
77 97
77 102
77 117
77 120
77 128
77 130
77 140
77 142
77 153
78 4
78 33
78 39
78 42
78 43
78 45
78 58
78 64
78 69
78 73
78 95
78 104
78 105
78 114
78 128
78 130
78 133
78 140
78 144
78 148
78 154
78 159
79 4
79 7
79 11
79 22
79 26
79 30
79 32
79 37
79 38
79 50
79 53
79 56
79 62
79 65
79 68
79 73
79 75
79 89
79 91
79 92
79 105
79 115
79 125
79 126
79 147
80 1
80 3
80 4
80 6
80 16
80 19
80 21
80 26
80 27
80 34
80 39
80 48
80 52
80 53
80 54
80 59
80 64
80 67
80 97
80 99
80 101
80 103
80 112
80 114
80 115
80 121
80 131
80 132
80 134
80 144
80 153
81 4
81 18
81 25
81 26
81 35
81 42
81 48
81 50
81 54
81 73
81 93
81 98
81 109
81 115
81 116
81 117
81 120
81 131
81 133
81 149
81 152
82 16
82 30
82 38
82 39
82 45
82 55
82 61
82 62
82 67
82 72
82 73
82 102
82 115
82 125
82 139
82 143
82 146
82 148
82 150
82 158
82 159
83 20
83 27
83 28
83 30
83 34
83 40
83 44
83 47
83 51
83 54
83 56
83 62
83 68
83 81
83 84
83 89
83 91
83 97
83 102
83 113
83 114
83 116
83 121
83 134
83 142
84 0
84 3
84 7
84 14
84 18
84 26
84 30
84 32
84 51
84 56
84 89
84 107
84 110
84 111
84 114
84 121
84 123
84 127
84 144
84 157
84 158
85 0
85 3
85 18
85 25
85 30
85 35
85 41
85 47
85 55
85 64
85 69
85 73
85 91
85 93
85 96
85 98
85 120
85 124
85 125
85 126
85 134
85 150
85 152
85 153
85 154
86 2
86 4
86 17
86 23
86 25
86 26
86 27
86 31
86 32
86 43
86 49
86 59
86 67
86 68
86 69
86 73
86 87
86 88
86 89
86 97
86 100
86 104
86 118
86 121
86 128
86 140
86 151
86 156
86 157
87 7
87 20
87 25
87 29
87 35
87 44
87 50
87 55
87 59
87 64
87 81
87 84
87 94
87 95
87 105
87 107
87 112
87 114
87 130
87 142
87 148
87 157
87 159
88 0
88 30
88 31
88 37
88 44
88 49
88 53
88 56
88 58
88 69
88 70
88 72
88 73
88 75
88 77
88 86
88 96
88 98
88 102
88 104
88 105
88 109
88 120
88 125
88 128
88 137
88 143
88 149
88 155
89 1
89 2
89 6
89 15
89 18
89 28
89 36
89 43
89 48
89 50
89 51
89 74
89 79
89 84
89 118
89 120
89 123
89 136
89 139
90 2
90 10
90 12
90 20
90 21
90 25
90 32
90 45
90 51
90 53
90 66
90 72
90 74
90 76
90 95
90 102
90 108
90 110
90 129
90 134
90 153
90 154
90 156
91 3
91 8
91 17
91 20
91 28
91 30
91 35
91 38
91 42
91 43
91 46
91 48
91 56
91 59
91 83
91 93
91 99
91 100
91 102
91 103
91 105
91 106
91 121
91 125
91 127
91 150
91 156
91 157
92 2
92 10
92 13
92 14
92 15
92 18
92 20
92 29
92 31
92 32
92 45
92 46
92 52
92 54
92 72
92 79
92 85
92 100
92 115
92 120
92 122
92 139
92 140
92 154
92 155
93 12
93 18
93 22
93 34
93 37
93 49
93 51
93 74
93 83
93 94
93 102
93 104
93 122
93 125
93 127
93 129
93 136
93 139
93 140
93 147
93 151
94 5
94 7
94 9
94 26
94 40
94 50
94 60
94 61
94 70
94 73
94 77
94 78
94 87
94 93
94 99
94 104
94 109
94 124
94 125
94 133
94 136
94 142
94 159
95 0
95 4
95 10
95 25
95 26
95 29
95 39
95 43
95 45
95 46
95 47
95 60
95 78
95 87
95 90
95 94
95 99
95 106
95 108
95 118
95 122
95 140
95 144
95 149
96 4
96 18
96 22
96 29
96 43
96 54
96 58
96 63
96 67
96 85
96 88
96 99
96 100
96 101
96 108
96 112
96 113
96 120
96 125
96 129
96 144
96 146
96 147
96 155
96 157
97 5
97 12
97 15
97 29
97 32
97 46
97 48
97 67
97 71
97 77
97 80
97 86
97 91
97 111
97 125
97 130
97 131
97 134
97 141
97 158
98 7
98 30
98 35
98 39
98 52
98 57
98 60
98 64
98 74
98 85
98 88
98 93
98 131
98 132
98 137
98 144
98 158
99 7
99 9
99 16
99 17
99 20
99 39
99 52
99 58
99 70
99 79
99 84
99 87
99 90
99 91
99 94
99 95
99 104
99 129
99 131
99 134
99 140
99 157
99 159
100 3
100 4
100 15
100 33
100 38
100 41
100 45
100 47
100 51
100 55
100 65
100 70
100 71
100 72
100 91
100 92
100 96
100 98
100 107
100 114
100 118
100 122
100 123
100 125
100 138
100 147
100 158
101 4
101 5
101 12
101 19
101 23
101 27
101 31
101 41
101 44
101 50
101 55
101 56
101 58
101 80
101 96
101 102
101 108
101 110
101 112
101 116
101 119
101 120
101 127
101 135
101 138
101 141
101 144
101 159
102 4
102 5
102 11
102 13
102 14
102 15
102 21
102 24
102 26
102 28
102 32
102 60
102 61
102 77
102 82
102 83
102 88
102 90
102 91
102 101
102 107
102 118
102 125
102 131
102 135
102 136
102 143
102 145
102 150
103 10
103 12
103 13
103 18
103 19
103 30
103 34
103 36
103 38
103 44
103 48
103 49
103 53
103 54
103 64
103 65
103 69
103 70
103 80
103 83
103 91
103 123
103 124
103 133
103 142
103 144
103 154
103 159
104 0
104 8
104 11
104 19
104 28
104 59
104 69
104 83
104 84
104 86
104 88
104 94
104 115
104 121
104 122
104 128
104 137
104 138
104 148
104 153
104 156
105 16
105 24
105 26
105 34
105 35
105 45
105 63
105 70
105 78
105 79
105 82
105 91
105 96
105 98
105 99
105 120
105 123
105 127
105 134
105 152
105 157
106 10
106 11
106 14
106 20
106 28
106 36
106 42
106 49
106 50
106 59
106 81
106 83
106 91
106 95
106 97
106 109
106 112
106 126
106 133
106 136
106 137
106 141
106 148
106 151
106 152
106 157
106 158
106 159
107 7
107 14
107 20
107 21
107 35
107 71
107 73
107 84
107 87
107 100
107 110
107 111
107 117
107 126
107 128
107 137
107 146
107 150
107 154
108 0
108 9
108 13
108 16
108 27
108 32
108 62
108 91
108 96
108 99
108 101
108 109
108 123
108 128
108 132
108 133
108 136
108 137
108 141
108 144
108 151
108 152
108 159
109 2
109 13
109 16
109 17
109 26
109 27
109 30
109 32
109 37
109 38
109 58
109 72
109 81
109 88
109 108
109 110
109 124
109 141
109 149
109 151
109 152
109 154
110 2
110 3
110 15
110 20
110 27
110 36
110 44
110 54
110 56
110 58
110 61
110 65
110 90
110 109
110 118
110 121
110 137
110 138
111 1
111 4
111 11
111 13
111 14
111 34
111 40
111 49
111 53
111 58
111 60
111 62
111 63
111 69
111 84
111 96
111 107
111 116
111 126
111 127
111 128
111 135
111 136
111 141
111 142
111 143
111 145
112 3
112 8
112 17
112 35
112 40
112 41
112 44
112 55
112 80
112 87
112 95
112 98
112 101
112 106
112 110
112 114
112 118
112 119
112 121
112 128
112 136
112 137
112 144
112 146
112 149
112 150
112 153
112 154
113 3
113 13
113 37
113 39
113 83
113 96
113 110
113 118
113 122
113 127
113 138
113 149
113 153
114 6
114 7
114 8
114 10
114 15
114 28
114 32
114 37
114 39
114 41
114 43
114 44
114 47
114 53
114 56
114 57
114 65
114 76
114 78
114 87
114 91
114 100
114 104
114 120
114 125
114 134
114 135
114 138
114 140
114 144
114 145
114 151
114 152
114 159
115 1
115 2
115 5
115 12
115 14
115 18
115 19
115 29
115 36
115 48
115 58
115 68
115 79
115 81
115 82
115 90
115 92
115 104
115 111
115 122
115 123
115 132
115 141
115 144
115 145
115 147
116 0
116 4
116 7
116 10
116 25
116 37
116 38
116 41
116 43
116 45
116 51
116 53
116 59
116 62
116 67
116 81
116 83
116 99
116 101
116 102
116 117
116 118
116 125
116 129
116 135
116 136
116 154
116 159
117 14
117 21
117 23
117 30
117 32
117 35
117 37
117 41
117 52
117 55
117 57
117 58
117 77
117 81
117 90
117 101
117 107
117 112
117 115
117 116
117 120
117 123
117 133
117 142
117 153
117 157
118 6
118 9
118 12
118 15
118 19
118 24
118 34
118 40
118 48
118 49
118 53
118 70
118 76
118 81
118 86
118 89
118 95
118 97
118 102
118 110
118 112
118 113
118 125
118 149
118 155
119 12
119 16
119 22
119 24
119 25
119 53
119 54
119 69
119 73
119 76
119 82
119 87
119 101
119 103
119 121
119 123
119 142
119 156
119 159
120 9
120 13
120 15
120 16
120 34
120 35
120 40
120 46
120 51
120 55
120 65
120 77
120 81
120 84
120 85
120 86
120 88
120 89
120 92
120 94
120 101
120 104
120 117
120 127
120 143
120 148
120 155
120 157
121 2
121 11
121 14
121 20
121 25
121 34
121 47
121 57
121 60
121 62
121 63
121 70
121 80
121 83
121 91
121 104
121 112
121 119
121 131
121 143
121 152
121 158
122 18
122 19
122 38
122 40
122 71
122 74
122 75
122 77
122 82
122 84
122 93
122 95
122 113
122 115
122 121
122 123
122 130
122 131
122 139
122 147
122 150
123 2
123 5
123 11
123 20
123 34
123 35
123 42
123 43
123 57
123 58
123 75
123 84
123 86
123 89
123 96
123 100
123 103
123 108
123 118
123 119
123 126
123 143
123 148
123 152
124 1
124 9
124 12
124 13
124 28
124 44
124 65
124 68
124 85
124 94
124 95
124 109
124 119
124 129
124 130
124 134
125 0
125 3
125 11
125 12
125 15
125 18
125 23
125 32
125 43
125 47
125 52
125 76
125 79
125 82
125 85
125 91
125 93
125 94
125 96
125 97
125 98
125 100
125 106
125 114
125 133
125 134
125 135
125 138
125 143
126 0
126 4
126 9
126 11
126 17
126 22
126 28
126 38
126 51
126 61
126 62
126 73
126 79
126 81
126 84
126 85
126 101
126 106
126 107
126 109
126 111
126 128
126 129
126 130
126 131
126 132
126 133
126 138
126 140
126 147
127 0
127 1
127 2
127 3
127 7
127 19
127 26
127 58
127 60
127 63
127 64
127 67
127 76
127 82
127 90
127 91
127 101
127 111
127 120
127 125
127 130
127 144
127 147
127 153
127 154
127 157
128 12
128 14
128 16
128 17
128 18
128 29
128 30
128 36
128 40
128 45
128 60
128 67
128 70
128 86
128 99
128 104
128 111
128 117
128 126
128 132
128 133
128 134
128 139
128 143
128 145
129 1
129 7
129 14
129 16
129 28
129 30
129 32
129 42
129 51
129 52
129 71
129 75
129 81
129 89
129 96
129 99
129 104
129 116
129 124
129 133
129 138
129 154
130 9
130 10
130 17
130 19
130 29
130 31
130 32
130 34
130 37
130 42
130 47
130 50
130 56
130 58
130 68
130 70
130 72
130 75
130 78
130 84
130 87
130 97
130 98
130 111
130 116
130 123
130 140
130 144
130 152
130 158
131 4
131 12
131 14
131 19
131 28
131 34
131 39
131 48
131 55
131 63
131 70
131 80
131 82
131 94
131 97
131 98
131 99
131 102
131 112
131 121
131 122
131 126
131 134
131 148
132 3
132 12
132 25
132 38
132 50
132 63
132 79
132 91
132 97
132 98
132 106
132 108
132 115
132 144
132 149
132 152
133 4
133 7
133 8
133 10
133 21
133 27
133 34
133 36
133 47
133 57
133 60
133 69
133 75
133 94
133 103
133 105
133 106
133 108
133 117
133 120
133 125
133 126
133 128
133 130
133 132
133 144
133 145
134 4
134 9
134 10
134 12
134 13
134 19
134 22
134 28
134 29
134 30
134 33
134 37
134 60
134 64
134 68
134 72
134 73
134 75
134 80
134 83
134 85
134 99
134 120
134 124
134 125
134 128
134 131
134 146
134 154
134 155
134 157
134 158
135 16
135 29
135 33
135 52
135 53
135 56
135 60
135 75
135 102
135 114
135 116
135 117
135 120
135 140
135 149
135 155
135 156
135 159
136 12
136 14
136 34
136 52
136 54
136 57
136 65
136 74
136 76
136 89
136 94
136 102
136 108
136 116
136 123
136 146
136 151
136 158
136 159
137 14
137 21
137 28
137 38
137 59
137 61
137 65
137 71
137 74
137 97
137 98
137 104
137 107
137 108
137 114
137 116
137 143
137 151
137 156
137 157
137 159
138 6
138 12
138 29
138 33
138 55
138 61
138 65
138 70
138 71
138 104
138 110
138 114
138 121
138 125
138 126
138 151
139 3
139 7
139 8
139 10
139 17
139 25
139 33
139 36
139 37
139 39
139 41
139 45
139 48
139 60
139 72
139 82
139 89
139 92
139 115
139 122
139 128
139 136
140 5
140 13
140 17
140 21
140 33
140 35
140 39
140 42
140 47
140 50
140 56
140 63
140 67
140 68
140 73
140 77
140 78
140 86
140 92
140 93
140 99
140 126
140 130
140 136
140 141
140 148
140 153
141 0
141 6
141 12
141 30
141 54
141 68
141 74
141 76
141 82
141 94
141 97
141 100
141 101
141 108
141 109
141 111
141 114
141 115
141 126
141 140
142 7
142 15
142 16
142 25
142 40
142 52
142 61
142 66
142 76
142 77
142 83
142 87
142 94
142 103
142 107
142 111
142 112
142 115
142 117
142 119
142 146
142 148
142 150
143 2
143 3
143 10
143 11
143 17
143 20
143 21
143 22
143 27
143 30
143 33
143 50
143 52
143 53
143 55
143 74
143 76
143 78
143 82
143 83
143 88
143 102
143 111
143 117
143 120
143 121
143 122
143 124
143 128
143 148
143 158
144 5
144 8
144 12
144 17
144 19
144 23
144 24
144 47
144 56
144 70
144 78
144 80
144 84
144 95
144 96
144 98
144 114
144 115
144 121
144 132
144 153
144 156
145 1
145 4
145 26
145 37
145 42
145 43
145 57
145 60
145 69
145 94
145 102
145 107
145 111
145 114
145 115
145 128
145 133
145 136
145 142
145 143
145 155
145 156
145 159
146 10
146 12
146 17
146 25
146 27
146 31
146 35
146 36
146 38
146 41
146 61
146 63
146 67
146 73
146 76
146 82
146 96
146 107
146 112
146 119
146 123
146 124
146 138
146 139
146 140
146 149
147 12
147 21
147 26
147 28
147 45
147 49
147 61
147 73
147 79
147 96
147 115
147 118
147 122
147 127
147 129
147 142
147 148
147 150
147 155
147 158
148 2
148 9
148 14
148 15
148 16
148 21
148 23
148 28
148 29
148 31
148 36
148 43
148 53
148 55
148 56
148 58
148 63
148 81
148 82
148 87
148 91
148 92
148 96
148 106
148 120
148 123
148 130
148 132
148 142
148 143
148 145
149 2
149 5
149 6
149 15
149 19
149 30
149 32
149 35
149 43
149 46
149 55
149 62
149 64
149 69
149 71
149 75
149 81
149 85
149 88
149 90
149 95
149 111
149 112
149 113
149 123
149 129
149 132
149 135
149 146
149 152
149 156
150 16
150 26
150 28
150 39
150 53
150 63
150 70
150 74
150 82
150 107
150 124
150 142
150 147
150 154
151 2
151 16
151 28
151 33
151 34
151 42
151 52
151 54
151 58
151 89
151 93
151 99
151 106
151 107
151 109
151 114
151 115
151 133
151 137
152 8
152 10
152 14
152 15
152 17
152 23
152 24
152 26
152 31
152 36
152 43
152 46
152 51
152 52
152 55
152 68
152 78
152 85
152 93
152 104
152 106
152 114
152 116
152 118
152 123
152 130
152 132
152 133
152 149
153 10
153 27
153 30
153 35
153 42
153 47
153 52
153 55
153 59
153 70
153 73
153 77
153 80
153 95
153 104
153 112
153 113
153 117
153 123
153 124
153 127
153 140
153 148
154 3
154 4
154 10
154 24
154 26
154 41
154 46
154 50
154 52
154 57
154 72
154 80
154 85
154 90
154 92
154 107
154 109
154 116
154 119
154 127
154 132
154 134
155 1
155 4
155 5
155 15
155 25
155 27
155 28
155 32
155 40
155 41
155 43
155 49
155 56
155 58
155 67
155 73
155 88
155 89
155 96
155 100
155 111
155 118
155 120
155 134
155 135
155 147
156 1
156 12
156 32
156 33
156 34
156 37
156 42
156 44
156 63
156 81
156 91
156 95
156 104
156 144
156 149
156 155
156 159
157 21
157 32
157 37
157 48
157 54
157 56
157 62
157 65
157 71
157 74
157 86
157 87
157 90
157 96
157 98
157 99
157 105
157 106
157 114
157 117
157 120
157 124
157 128
157 134
157 138
157 158
158 1
158 3
158 11
158 28
158 40
158 49
158 55
158 59
158 62
158 69
158 82
158 85
158 87
158 89
158 93
158 97
158 98
158 106
158 108
158 111
158 116
158 121
158 133
158 134
158 143
158 144
158 157
159 1
159 4
159 5
159 26
159 29
159 33
159 37
159 42
159 54
159 69
159 76
159 82
159 87
159 103
159 108
159 114
159 116
159 128
159 134
159 135
159 136
159 137
159 145
159 156
0 1 2 3 4 5 6 7 8 9 10 11
