160 1218 40
0 2
0 8
0 20
0 34
0 39
0 53
0 59
0 76
0 78
0 92
0 123
0 133
1 5
1 64
1 82
1 111
1 142
2 60
2 61
2 66
2 106
2 119
2 152
2 157
3 8
3 12
3 14
3 39
3 45
3 63
3 126
3 159
4 8
4 15
4 20
4 32
4 49
4 52
4 69
4 75
4 91
4 93
4 128
5 1
5 17
5 39
5 55
5 73
5 86
5 93
5 94
5 109
5 116
5 130
5 142
5 150
6 38
6 41
6 71
7 9
7 52
7 56
7 87
7 116
7 129
7 132
7 145
8 0
8 4
8 17
8 70
8 97
8 131
9 7
9 10
9 11
9 37
9 43
9 63
9 73
9 83
9 88
9 108
9 142
10 61
10 78
10 119
10 121
10 133
10 153
11 9
11 14
11 47
11 76
11 128
11 133
12 3
12 27
12 54
12 110
12 125
12 131
12 138
13 14
13 16
13 27
13 32
13 38
13 58
13 121
13 127
13 129
13 155
14 3
14 7
14 11
14 13
14 20
14 30
14 51
14 56
14 131
15 4
15 18
15 36
15 110
15 121
15 126
15 128
15 136
15 137
15 138
15 156
16 13
16 32
16 43
16 51
16 59
16 66
16 89
16 94
16 109
16 147
16 152
16 157
17 5
17 8
17 19
17 47
17 56
17 81
17 86
17 91
17 99
17 134
17 135
17 147
17 156
17 157
18 15
18 32
18 39
18 62
18 85
18 93
18 102
18 123
18 158
19 17
19 63
19 114
19 118
19 146
20 0
20 4
20 14
20 41
20 42
20 90
20 102
21 20
21 47
21 51
21 88
21 90
21 107
21 108
21 118
21 155
22 37
22 77
22 78
22 115
22 144
23 42
23 43
23 58
23 65
23 134
23 140
23 154
24 67
24 92
24 104
24 106
24 128
24 131
24 153
25 31
25 41
25 46
25 48
25 105
25 138
25 150
25 153
26 91
26 93
26 95
26 114
26 134
26 143
26 155
27 12
27 13
27 29
27 84
27 93
27 107
27 109
27 114
27 129
27 131
27 151
27 155
28 9
28 12
28 49
28 118
28 124
28 135
28 137
28 142
29 2
29 51
29 157
30 14
30 58
30 74
30 107
30 112
30 114
30 118
30 155
31 11
31 25
31 43
31 80
31 115
31 127
31 129
31 135
31 149
31 159
32 0
32 2
32 4
32 13
32 18
32 34
32 83
32 103
32 139
32 153
33 5
33 45
33 50
33 66
33 71
33 87
33 101
33 126
33 131
33 146
33 157
34 32
34 42
34 64
34 106
34 110
34 111
34 140
34 159
35 72
35 84
35 95
36 15
36 17
36 89
36 124
36 129
36 142
36 148
37 9
37 22
37 26
37 52
37 66
37 81
37 117
37 118
37 131
37 148
37 149
37 151
38 6
38 47
38 90
38 100
38 124
38 140
39 0
39 3
39 4
39 5
39 17
39 18
39 47
39 96
39 116
39 130
39 150
40 7
40 94
40 120
40 140
40 150
41 20
41 25
41 47
41 78
41 95
41 115
41 120
41 128
41 144
41 150
41 159
42 72
42 115
42 126
42 153
42 156
43 3
43 9
43 23
43 60
43 65
43 75
43 80
43 115
44 24
44 105
44 133
45 21
45 33
45 51
45 65
45 77
45 82
45 86
45 103
45 107
45 121
46 25
46 38
46 70
46 79
46 94
46 116
46 158
47 11
47 21
47 39
47 42
47 61
47 75
47 82
47 83
47 89
47 97
47 100
47 119
47 157
47 159
48 25
48 72
48 80
48 97
48 147
49 4
49 86
49 104
49 108
49 113
49 116
49 117
50 24
50 33
50 48
50 57
50 67
50 88
51 16
51 45
51 53
51 158
52 6
52 7
52 37
52 103
52 104
52 116
52 141
52 149
53 0
53 39
53 51
53 66
53 67
53 82
53 87
53 90
53 97
53 138
54 13
54 53
54 67
54 72
54 80
54 135
54 157
55 5
55 20
55 59
55 66
55 86
55 100
55 123
56 7
56 9
56 82
56 99
56 109
56 110
56 143
57 18
57 50
57 77
57 89
57 96
57 109
57 152
58 13
58 23
58 30
58 63
58 89
58 109
58 151
59 0
59 54
59 55
59 62
59 69
59 94
59 139
59 141
60 2
60 22
60 58
60 75
60 82
60 94
60 96
60 110
60 113
60 124
60 140
60 154
61 2
61 10
61 20
61 36
61 47
61 53
61 70
61 125
61 129
62 18
62 25
62 59
62 72
62 113
62 126
62 146
63 8
63 9
63 19
63 35
63 56
63 58
63 128
64 34
64 37
64 102
64 129
64 141
65 18
65 45
65 79
65 97
65 128
66 2
66 16
66 33
66 37
66 53
66 55
66 67
66 93
66 109
66 111
66 147
67 17
67 38
67 39
67 53
67 54
67 85
67 91
67 100
67 106
68 69
68 90
69 37
69 92
69 108
69 132
69 157
70 8
70 46
70 60
70 61
70 136
70 151
71 6
71 29
71 51
71 134
71 148
72 35
72 54
72 78
72 107
72 131
73 5
73 78
73 99
73 108
73 118
73 127
73 156
74 30
75 4
75 13
75 47
75 60
75 91
75 95
75 131
76 11
76 28
76 78
76 117
76 120
77 22
77 25
77 45
77 49
77 57
77 59
77 78
77 99
77 107
78 0
78 41
78 45
78 67
78 72
78 76
78 77
78 133
79 13
79 98
80 31
80 43
80 49
80 52
80 76
80 83
80 140
81 17
81 30
81 37
81 65
81 116
81 126
81 157
82 1
82 30
82 37
82 47
82 53
82 89
82 107
82 124
82 145
82 158
83 9
83 32
83 46
83 114
83 123
83 131
83 141
83 156
84 27
84 29
84 35
84 60
84 65
84 106
84 129
85 5
85 18
85 31
85 67
85 88
85 92
85 96
85 108
85 110
85 116
85 121
85 122
85 130
85 132
85 144
85 152
86 5
86 17
86 45
86 49
86 55
86 92
86 110
87 7
87 21
87 33
87 53
87 88
87 115
87 124
87 125
87 151
88 9
88 21
88 50
88 85
88 87
88 102
88 118
88 120
88 126
89 36
89 57
89 58
89 102
89 130
90 0
90 38
90 53
90 68
90 75
90 76
90 95
90 97
90 109
90 110
90 144
90 148
91 4
91 15
91 17
91 26
91 57
91 108
91 127
91 135
91 144
91 152
92 0
92 24
92 58
92 69
92 86
92 98
92 105
92 152
93 5
93 18
93 26
93 27
93 54
93 55
93 66
93 99
93 137
93 139
93 140
94 5
94 16
94 59
94 72
94 99
94 105
94 109
94 149
94 152
95 4
95 19
95 26
95 35
95 83
95 90
95 124
95 156
96 39
96 60
96 85
96 122
96 137
97 5
97 7
97 8
97 15
97 47
97 48
97 53
97 85
97 96
98 32
98 92
98 109
98 145
99 5
99 22
99 40
99 56
99 66
99 73
99 77
99 93
99 94
99 107
99 130
100 23
100 38
100 55
100 67
100 144
100 145
101 33
101 52
101 104
101 147
102 18
102 36
102 57
102 66
102 89
102 105
102 149
103 0
103 45
103 52
103 71
103 143
103 147
104 49
104 52
104 62
104 86
104 92
104 101
105 18
105 25
105 44
105 115
106 2
106 16
106 24
106 34
106 67
106 153
106 159
107 10
107 21
107 27
107 30
107 45
107 72
107 99
107 134
108 60
108 73
108 76
108 113
108 143
108 148
108 158
109 5
109 16
109 27
109 56
109 57
109 58
109 66
109 132
110 12
110 15
110 19
110 34
110 60
110 61
110 90
111 1
111 6
111 34
111 36
111 39
111 66
111 76
111 114
112 30
112 82
112 115
112 127
113 1
113 49
113 60
113 108
113 115
113 118
113 155
114 5
114 18
114 19
114 26
114 30
114 111
114 144
114 147
115 15
115 31
115 41
115 43
115 87
115 105
115 112
115 136
116 39
116 49
116 52
116 81
116 82
116 85
116 105
116 128
116 138
116 158
117 37
117 49
117 130
117 146
117 150
117 151
118 19
118 21
118 28
118 30
118 37
118 51
118 73
118 88
118 113
118 152
119 2
119 10
119 24
119 47
119 56
119 92
120 39
120 40
120 76
120 125
120 151
120 154
121 10
121 26
121 45
121 85
121 157
121 158
122 1
122 73
122 85
122 96
122 131
122 135
122 138
122 144
123 0
123 83
123 110
123 137
123 148
124 1
124 28
124 29
124 38
124 66
124 87
124 95
124 126
124 135
124 151
125 12
125 32
125 46
125 61
125 143
125 155
126 3
126 33
126 42
126 50
126 62
126 124
126 127
126 136
127 13
127 31
127 41
127 56
127 76
127 83
127 91
127 112
127 140
128 4
128 11
128 15
128 17
128 20
128 24
128 41
128 52
128 65
128 87
128 127
128 153
129 0
129 7
129 13
129 15
129 27
129 29
129 36
129 84
129 110
129 146
130 7
130 29
130 39
130 81
130 85
130 99
130 117
130 138
130 153
131 14
131 24
131 37
131 72
131 83
131 106
131 122
131 153
132 3
132 7
132 58
132 69
132 134
133 0
133 11
133 44
133 78
133 93
133 111
133 153
134 17
134 23
134 26
134 68
134 107
134 132
135 14
135 28
135 31
135 54
135 73
135 124
135 130
135 159
136 15
136 28
136 70
136 126
137 15
137 28
137 59
137 62
137 65
137 81
137 132
137 152
138 12
138 53
138 60
138 116
139 15
139 59
139 80
139 81
139 118
140 34
140 48
140 60
140 78
140 80
140 93
140 107
140 127
141 38
141 52
141 64
141 83
141 153
142 1
142 5
142 9
142 28
142 36
142 62
142 117
143 26
143 37
143 56
143 95
143 125
143 147
143 153
144 41
144 53
144 54
144 85
144 90
144 91
144 100
144 114
144 122
144 136
144 148
144 157
145 3
145 7
145 82
145 98
145 100
145 126
146 19
146 33
146 62
146 75
146 129
147 16
147 17
147 48
147 66
147 101
147 109
147 114
147 143
148 36
148 37
148 71
148 90
148 109
148 123
148 144
148 154
149 14
149 31
149 52
149 67
149 94
149 97
149 102
150 5
150 25
150 26
150 37
150 39
150 40
150 107
150 117
150 129
150 145
151 29
151 31
151 37
151 53
151 58
151 70
151 96
151 117
151 120
151 124
152 2
152 16
152 51
152 85
152 91
152 92
152 118
152 137
152 149
153 10
153 24
153 25
153 31
153 32
153 44
153 78
153 107
153 130
153 131
153 133
153 141
153 143
154 60
154 61
154 120
154 148
155 1
155 13
155 17
155 21
155 26
155 27
155 30
155 85
155 113
155 125
155 158
156 15
156 16
156 17
156 73
156 83
156 95
157 2
157 3
157 10
157 17
157 26
157 54
157 69
157 81
157 92
158 5
158 18
158 36
158 46
158 51
158 82
158 108
158 116
158 121
158 132
159 3
159 15
159 59
159 106
159 113
0 1 2 3 4 5 6 7 8 9 10 11 12 13 14 15 16 17 18 19 20 21 22 23 24 25 26 27 28 29 30 31 32 33 34 35 36 37 38 39
