160 3789 24
0 2
0 12
0 17
0 41
0 43
0 44
0 49
0 55
0 56
0 72
0 82
0 94
0 95
0 96
0 99
0 100
0 116
0 132
0 135
0 149
0 154
1 8
1 9
1 11
1 15
1 19
1 21
1 22
1 27
1 40
1 42
1 65
1 66
1 74
1 79
1 85
1 106
1 110
1 114
1 115
1 119
1 135
1 149
1 152
2 10
2 18
2 31
2 57
2 60
2 62
2 72
2 91
2 92
2 98
2 99
2 108
2 109
2 116
2 130
2 138
2 149
2 151
3 11
3 19
3 27
3 29
3 30
3 35
3 37
3 38
3 53
3 65
3 70
3 71
3 79
3 82
3 95
3 97
3 105
3 106
3 109
3 118
3 123
3 127
3 129
3 132
3 139
3 152
3 153
3 159
4 10
4 11
4 21
4 26
4 29
4 30
4 33
4 34
4 46
4 50
4 63
4 72
4 79
4 106
4 109
4 114
4 116
4 121
4 127
4 137
4 139
4 140
4 143
4 144
4 152
5 12
5 22
5 23
5 32
5 39
5 42
5 54
5 60
5 61
5 63
5 64
5 67
5 74
5 82
5 92
5 95
5 99
5 117
5 118
5 129
5 135
5 156
5 159
6 9
6 12
6 20
6 33
6 36
6 56
6 58
6 61
6 63
6 70
6 74
6 77
6 82
6 106
6 117
6 124
6 135
6 152
6 154
7 12
7 15
7 26
7 28
7 50
7 57
7 63
7 76
7 83
7 84
7 87
7 88
7 91
7 98
7 99
7 122
7 137
7 150
8 1
8 9
8 11
8 13
8 20
8 25
8 29
8 47
8 54
8 58
8 65
8 71
8 77
8 91
8 99
8 102
8 104
8 106
8 119
8 123
8 139
8 147
9 1
9 6
9 8
9 11
9 12
9 13
9 17
9 32
9 41
9 55
9 59
9 72
9 79
9 81
9 82
9 83
9 87
9 88
9 90
9 93
9 98
9 110
9 117
9 124
9 140
9 141
9 143
9 159
10 2
10 4
10 11
10 18
10 43
10 46
10 47
10 52
10 71
10 72
10 81
10 96
10 98
10 112
10 118
10 125
10 137
10 142
10 144
10 147
10 157
11 1
11 4
11 8
11 9
11 10
11 16
11 22
11 23
11 26
11 32
11 47
11 59
11 61
11 65
11 74
11 77
11 78
11 80
11 84
11 86
11 116
11 120
11 121
11 126
11 131
11 139
11 150
12 0
12 7
12 9
12 28
12 35
12 41
12 48
12 56
12 75
12 90
12 103
12 111
12 115
12 121
12 122
12 139
12 143
13 9
13 12
13 30
13 35
13 36
13 44
13 50
13 75
13 84
13 96
13 97
13 102
13 108
13 114
13 120
13 125
13 130
13 132
13 133
13 137
13 149
13 151
13 154
14 6
14 27
14 38
14 39
14 41
14 52
14 56
14 60
14 63
14 66
14 74
14 75
14 78
14 80
14 86
14 90
14 99
14 104
14 123
14 133
14 135
14 139
14 149
14 156
15 13
15 16
15 18
15 20
15 27
15 43
15 52
15 53
15 54
15 60
15 61
15 65
15 68
15 70
15 80
15 105
15 108
15 114
15 123
15 126
15 128
15 132
15 134
15 137
15 138
15 140
15 146
15 153
16 11
16 22
16 36
16 48
16 50
16 61
16 67
16 72
16 81
16 89
16 90
16 93
16 100
16 106
16 128
16 131
16 133
16 138
16 149
16 152
16 154
16 155
16 158
17 0
17 8
17 9
17 16
17 19
17 27
17 33
17 40
17 50
17 73
17 74
17 82
17 86
17 99
17 107
17 112
17 113
17 124
17 144
17 158
18 2
18 10
18 24
18 36
18 39
18 44
18 52
18 55
18 66
18 67
18 75
18 80
18 82
18 94
18 96
18 101
18 112
18 120
18 135
18 140
18 143
18 157
18 159
19 1
19 3
19 4
19 15
19 25
19 26
19 27
19 29
19 43
19 48
19 57
19 64
19 74
19 81
19 87
19 111
19 129
19 138
19 144
19 151
19 154
20 6
20 8
20 15
20 24
20 29
20 31
20 36
20 38
20 44
20 72
20 73
20 77
20 82
20 96
20 97
20 98
20 102
20 103
20 111
20 120
20 128
20 129
20 131
20 142
21 1
21 7
21 12
21 29
21 41
21 46
21 54
21 72
21 76
21 105
21 107
21 122
21 125
21 128
21 150
21 157
22 1
22 11
22 16
22 24
22 47
22 48
22 54
22 60
22 74
22 79
22 88
22 94
22 96
22 99
22 104
22 107
22 109
22 133
22 139
22 147
22 148
23 5
23 11
23 25
23 26
23 43
23 49
23 54
23 66
23 74
23 77
23 78
23 83
23 89
23 103
23 116
23 132
23 133
23 134
23 135
23 137
23 143
23 146
23 156
23 157
24 1
24 3
24 20
24 26
24 28
24 30
24 33
24 36
24 42
24 43
24 51
24 60
24 66
24 78
24 81
24 87
24 88
24 90
24 93
24 99
24 102
24 104
24 109
24 118
24 126
24 128
24 148
24 154
24 159
25 7
25 16
25 21
25 22
25 23
25 26
25 28
25 31
25 35
25 37
25 40
25 42
25 52
25 60
25 63
25 91
25 94
25 96
25 135
25 142
25 148
25 154
25 156
26 4
26 5
26 11
26 17
26 23
26 24
26 25
26 48
26 57
26 59
26 62
26 63
26 70
26 104
26 109
26 121
26 144
26 147
26 150
27 3
27 15
27 19
27 37
27 45
27 55
27 59
27 72
27 73
27 82
27 84
27 88
27 98
27 100
27 104
27 105
27 107
27 108
27 113
27 132
27 134
27 141
27 143
27 151
28 10
28 16
28 21
28 24
28 25
28 29
28 30
28 45
28 63
28 64
28 84
28 88
28 90
28 99
28 117
28 119
28 125
28 132
28 133
28 137
28 152
28 156
29 3
29 4
29 40
29 44
29 55
29 59
29 68
29 72
29 75
29 88
29 91
29 103
29 104
29 105
29 109
29 111
29 112
29 115
29 119
29 127
29 136
29 140
29 143
29 150
29 151
30 3
30 9
30 13
30 28
30 29
30 31
30 45
30 51
30 55
30 63
30 69
30 73
30 77
30 78
30 89
30 93
30 98
30 99
30 104
30 108
30 112
30 120
30 134
30 142
30 146
30 156
31 2
31 3
31 8
31 20
31 25
31 30
31 32
31 38
31 41
31 58
31 59
31 60
31 61
31 67
31 71
31 77
31 78
31 90
31 99
31 108
31 114
31 115
31 116
31 118
31 122
31 130
31 136
31 144
32 5
32 9
32 10
32 14
32 31
32 33
32 38
32 50
32 57
32 66
32 72
32 81
32 104
32 115
32 117
32 123
32 130
32 135
32 136
32 139
32 148
32 159
33 4
33 8
33 17
33 18
33 24
33 40
33 51
33 66
33 71
33 73
33 76
33 78
33 79
33 86
33 91
33 97
33 101
33 104
33 110
33 112
33 116
33 123
33 134
33 138
33 144
33 149
34 4
34 26
34 43
34 50
34 51
34 55
34 66
34 74
34 78
34 95
34 98
34 113
34 120
34 128
34 129
34 134
34 139
34 146
34 147
34 150
34 156
34 159
35 3
35 12
35 13
35 25
35 48
35 50
35 62
35 69
35 71
35 85
35 87
35 88
35 110
35 121
35 124
35 127
35 128
35 129
35 130
35 143
35 144
35 157
36 6
36 13
36 16
36 18
36 20
36 38
36 47
36 56
36 59
36 64
36 67
36 73
36 78
36 84
36 93
36 99
36 110
36 113
36 114
36 120
36 126
36 131
36 132
36 140
36 144
36 154
37 0
37 3
37 18
37 19
37 25
37 27
37 40
37 45
37 63
37 93
37 97
37 117
37 121
37 131
37 144
38 20
38 22
38 31
38 44
38 52
38 60
38 80
38 83
38 85
38 93
38 95
38 100
38 106
38 108
38 117
38 131
38 140
38 141
38 146
38 149
39 5
39 18
39 28
39 48
39 59
39 76
39 84
39 89
39 97
39 101
39 110
39 118
39 129
39 134
39 137
39 140
39 157
39 158
39 159
40 17
40 26
40 29
40 37
40 56
40 67
40 72
40 74
40 77
40 78
40 85
40 89
40 103
40 124
40 128
40 129
40 136
40 144
40 149
40 155
40 158
41 7
41 9
41 12
41 14
41 21
41 26
41 28
41 31
41 42
41 46
41 60
41 65
41 66
41 71
41 73
41 77
41 88
41 93
41 103
41 107
41 109
41 118
41 121
41 132
41 140
41 158
41 159
42 1
42 19
42 24
42 25
42 27
42 41
42 57
42 58
42 63
42 82
42 99
42 107
42 118
42 144
42 148
42 156
42 158
43 0
43 10
43 15
43 24
43 29
43 41
43 44
43 45
43 50
43 61
43 62
43 63
43 93
43 100
43 103
43 105
43 112
43 122
43 124
43 134
43 138
43 150
44 0
44 6
44 20
44 21
44 32
44 38
44 39
44 43
44 50
44 51
44 54
44 63
44 66
44 67
44 83
44 84
44 88
44 89
44 91
44 97
44 101
44 108
44 121
44 135
44 137
44 140
44 142
44 145
45 1
45 26
45 28
45 36
45 37
45 38
45 43
45 46
45 49
45 50
45 60
45 80
45 88
45 101
45 103
45 128
45 140
45 141
45 150
45 158
46 4
46 9
46 10
46 13
46 21
46 38
46 41
46 45
46 54
46 61
46 66
46 72
46 93
46 94
46 113
46 122
46 125
46 127
46 131
46 132
46 134
46 137
46 147
46 150
46 159
47 1
47 10
47 11
47 18
47 55
47 56
47 59
47 68
47 69
47 73
47 76
47 80
47 81
47 86
47 93
47 96
47 98
47 103
47 107
47 113
47 114
47 116
47 135
47 143
47 147
47 152
48 12
48 16
48 19
48 22
48 26
48 39
48 50
48 65
48 67
48 80
48 87
48 90
48 95
48 99
48 103
48 104
48 106
48 125
48 129
48 137
48 149
48 152
48 159
49 0
49 7
49 23
49 45
49 53
49 55
49 58
49 70
49 73
49 80
49 91
49 92
49 107
49 109
49 116
49 119
49 129
49 130
49 138
49 140
49 149
49 152
50 2
50 4
50 7
50 13
50 16
50 18
50 30
50 32
50 34
50 35
50 42
50 44
50 48
50 56
50 61
50 71
50 75
50 76
50 77
50 78
50 89
50 90
50 117
50 122
50 125
50 131
50 132
50 139
50 150
50 151
50 155
51 1
51 12
51 17
51 24
51 30
51 52
51 54
51 58
51 61
51 79
51 81
51 104
51 109
51 111
51 119
51 120
51 132
51 134
51 135
51 151
51 152
51 157
52 5
52 10
52 15
52 18
52 59
52 61
52 62
52 70
52 71
52 77
52 78
52 81
52 92
52 114
52 138
52 145
52 152
53 49
53 60
53 66
53 76
53 78
53 89
53 91
53 93
53 101
53 115
53 118
53 122
53 131
53 132
53 136
53 148
53 149
53 155
53 157
54 5
54 8
54 16
54 19
54 21
54 22
54 23
54 38
54 44
54 46
54 52
54 55
54 61
54 72
54 76
54 83
54 100
54 101
54 115
54 123
54 130
54 131
54 136
54 159
55 5
55 9
55 17
55 24
55 26
55 27
55 29
55 30
55 36
55 47
55 49
55 50
55 54
55 62
55 69
55 85
55 91
55 97
55 99
55 102
55 124
55 126
55 135
55 136
55 138
55 148
55 149
56 0
56 6
56 12
56 13
56 36
56 40
56 44
56 47
56 50
56 57
56 59
56 63
56 72
56 78
56 87
56 91
56 92
56 99
56 114
56 119
56 124
56 129
56 130
56 137
56 141
56 151
56 152
56 153
57 2
57 22
57 26
57 32
57 41
57 42
57 43
57 45
57 50
57 56
57 61
57 66
57 70
57 76
57 85
57 86
57 91
57 94
57 110
57 114
57 130
57 136
57 140
57 149
57 158
58 6
58 9
58 18
58 31
58 35
58 42
58 43
58 49
58 51
58 59
58 67
58 70
58 72
58 74
58 76
58 82
58 85
58 88
58 93
58 107
58 108
58 112
58 115
58 121
58 122
58 123
58 131
58 136
58 143
58 150
58 151
58 152
58 153
59 11
59 23
59 26
59 27
59 29
59 34
59 36
59 39
59 47
59 51
59 52
59 56
59 58
59 67
59 70
59 80
59 86
59 88
59 92
59 94
59 101
59 110
59 119
59 127
59 135
59 137
59 143
59 147
59 153
59 154
60 2
60 15
60 31
60 38
60 41
60 42
60 45
60 62
60 82
60 93
60 94
60 100
60 101
60 104
60 121
60 136
60 141
60 142
61 6
61 7
61 11
61 16
61 31
61 34
61 43
61 46
61 50
61 52
61 54
61 57
61 63
61 65
61 66
61 68
61 71
61 72
61 88
61 91
61 92
61 94
61 112
61 114
61 119
61 120
61 129
61 138
61 139
61 145
61 154
61 155
62 2
62 12
62 24
62 29
62 35
62 43
62 59
62 60
62 63
62 67
62 78
62 83
62 99
62 107
62 108
62 113
62 135
62 139
62 141
62 149
62 150
62 153
63 2
63 4
63 5
63 6
63 7
63 25
63 26
63 30
63 37
63 41
63 43
63 44
63 49
63 61
63 68
63 100
63 101
63 104
63 113
63 125
63 127
63 129
63 132
63 136
63 138
63 143
63 144
63 152
63 159
64 19
64 28
64 39
64 68
64 69
64 81
64 92
64 96
64 108
64 110
64 130
64 133
64 146
64 148
64 150
64 153
65 1
65 2
65 3
65 8
65 15
65 61
65 68
65 73
65 78
65 80
65 84
65 89
65 95
65 97
65 102
65 112
65 118
65 124
65 140
66 1
66 19
66 23
66 24
66 32
66 33
66 34
66 41
66 44
66 46
66 47
66 57
66 61
66 70
66 78
66 86
66 92
66 98
66 108
66 110
66 112
66 114
66 118
66 125
66 128
66 129
66 134
66 137
66 139
66 141
66 143
66 150
66 152
66 158
67 5
67 8
67 16
67 18
67 31
67 33
67 36
67 40
67 48
67 58
67 59
67 62
67 71
67 82
67 88
67 92
67 95
67 97
67 98
67 102
67 103
67 114
67 116
67 121
67 128
67 135
67 149
67 152
67 156
68 16
68 36
68 44
68 49
68 56
68 63
68 64
68 65
68 84
68 87
68 88
68 94
68 95
68 101
68 110
68 112
68 118
68 119
68 133
68 134
68 142
68 147
68 150
68 155
68 157
69 3
69 6
69 30
69 33
69 35
69 45
69 47
69 53
69 55
69 70
69 94
69 99
69 105
69 106
69 109
69 130
69 136
69 137
70 0
70 3
70 6
70 13
70 16
70 26
70 32
70 36
70 37
70 49
70 52
70 58
70 69
70 73
70 83
70 93
70 116
70 130
70 143
70 144
71 3
71 8
71 10
71 18
71 19
71 20
71 24
71 27
71 32
71 33
71 35
71 50
71 52
71 61
71 67
71 73
71 87
71 90
71 98
71 102
71 112
71 118
71 121
71 136
71 149
71 159
72 0
72 2
72 6
72 9
72 16
72 27
72 32
72 40
72 46
72 52
72 54
72 56
72 58
72 63
72 65
72 66
72 77
72 90
72 98
72 109
72 115
72 120
72 131
72 139
72 142
72 152
72 153
72 154
73 4
73 17
73 20
73 23
73 28
73 29
73 33
73 36
73 39
73 49
73 65
73 70
73 71
73 78
73 86
73 87
73 104
73 108
73 116
73 118
73 128
73 135
73 136
73 139
73 141
73 146
73 157
73 159
74 1
74 6
74 11
74 14
74 17
74 19
74 22
74 33
74 34
74 36
74 40
74 41
74 58
74 79
74 85
74 91
74 92
74 97
74 99
74 103
74 106
74 117
74 123
74 125
74 126
74 139
74 140
74 142
74 154
74 156
75 3
75 12
75 13
75 14
75 18
75 25
75 29
75 35
75 45
75 50
75 76
75 78
75 80
75 88
75 108
75 113
75 117
75 118
75 143
76 21
76 22
76 29
76 31
76 33
76 34
76 39
76 51
76 54
76 57
76 58
76 61
76 75
76 81
76 94
76 99
76 106
76 111
76 118
76 124
76 128
76 141
76 143
76 145
77 6
77 8
77 15
77 20
77 23
77 30
77 40
77 41
77 50
77 52
77 54
77 55
77 66
77 72
77 73
77 98
77 109
77 115
77 120
77 124
77 128
77 132
77 139
77 158
78 0
78 13
78 14
78 23
78 24
78 30
78 31
78 34
78 40
78 50
78 52
78 53
78 62
78 65
78 66
78 73
78 75
78 83
78 94
78 106
78 110
78 120
78 121
78 123
78 126
78 129
78 133
78 134
78 137
78 138
78 143
78 146
79 1
79 3
79 4
79 9
79 22
79 24
79 26
79 28
79 29
79 33
79 37
79 74
79 84
79 87
79 90
79 96
79 100
79 112
79 113
79 120
79 121
79 122
79 130
79 150
79 151
79 154
79 155
80 11
80 14
80 18
80 20
80 29
80 47
80 48
80 49
80 50
80 59
80 65
80 75
80 81
80 82
80 88
80 92
80 93
80 97
80 98
80 99
80 107
80 114
80 128
80 138
80 154
80 156
81 9
81 10
81 16
81 19
81 32
81 44
81 47
81 50
81 52
81 64
81 76
81 80
81 83
81 86
81 95
81 104
81 105
81 110
81 111
81 132
81 148
82 0
82 2
82 5
82 6
82 9
82 14
82 17
82 19
82 20
82 27
82 38
82 58
82 60
82 80
82 89
82 107
82 118
82 121
82 122
82 124
82 131
82 134
82 140
82 146
82 149
82 152
82 155
83 7
83 21
83 23
83 37
83 44
83 53
83 54
83 62
83 70
83 78
83 81
83 82
83 89
83 103
83 104
83 110
83 115
83 118
83 142
84 10
84 11
84 13
84 17
84 27
84 44
84 59
84 62
84 65
84 68
84 79
84 85
84 90
84 98
84 101
84 106
84 112
84 118
84 122
84 126
84 127
84 130
84 139
84 141
84 153
84 156
84 158
85 1
85 5
85 47
85 55
85 57
85 58
85 64
85 69
85 75
85 84
85 91
85 94
85 102
85 107
85 108
85 121
85 122
85 124
85 130
85 131
85 133
85 139
85 141
85 145
86 11
86 14
86 33
86 41
86 42
86 47
86 48
86 57
86 58
86 63
86 73
86 81
86 90
86 97
86 101
86 103
86 104
86 112
86 113
86 116
86 125
86 127
86 144
86 155
87 7
87 9
87 19
87 25
87 48
87 56
87 68
87 71
87 73
87 91
87 99
87 121
87 124
87 129
87 131
87 141
87 142
87 144
87 153
87 155
87 157
87 158
88 0
88 7
88 22
88 24
88 28
88 29
88 35
88 41
88 49
88 53
88 58
88 59
88 67
88 87
88 100
88 101
88 102
88 104
88 113
88 114
88 115
88 121
88 128
88 129
88 146
88 153
88 156
88 158
89 12
89 16
89 30
89 44
89 48
89 50
89 53
89 62
89 65
89 79
89 82
89 83
89 114
89 118
89 123
89 125
89 130
90 4
90 12
90 14
90 16
90 24
90 28
90 50
90 68
90 71
90 72
90 92
90 97
90 103
90 107
90 110
90 113
90 116
90 137
90 142
90 145
91 1
91 7
91 8
91 18
91 29
91 33
91 44
91 49
91 55
91 74
91 75
91 85
91 87
91 97
91 106
91 108
91 118
91 129
91 132
91 138
91 149
92 5
92 17
92 37
92 52
92 56
92 60
92 61
92 66
92 74
92 86
92 96
92 99
92 100
92 101
92 122
92 124
92 130
92 131
92 134
92 135
92 139
92 148
92 153
93 9
93 13
93 16
93 19
93 21
93 30
93 33
93 36
93 37
93 42
93 43
93 46
93 58
93 59
93 70
93 71
93 74
93 80
93 82
93 91
93 94
93 95
93 109
93 113
93 119
93 123
93 124
93 128
93 130
93 139
93 158
93 159
94 0
94 6
94 7
94 18
94 22
94 25
94 33
94 46
94 47
94 57
94 60
94 61
94 69
94 78
94 81
94 85
94 90
94 108
94 114
94 116
94 119
94 126
94 134
94 141
94 149
94 154
94 157
95 0
95 3
95 5
95 30
95 34
95 35
95 38
95 48
95 54
95 65
95 67
95 68
95 81
95 93
95 107
95 112
95 113
95 117
95 124
95 125
95 133
95 137
95 139
95 151
95 153
96 10
96 13
96 18
96 20
96 23
96 25
96 43
96 47
96 54
96 61
96 64
96 71
96 92
96 98
96 115
96 116
96 118
96 130
96 149
97 3
97 13
97 32
97 33
97 35
97 37
97 44
97 55
97 62
97 65
97 74
97 80
97 81
97 82
97 86
97 90
97 92
97 115
97 151
97 152
97 153
97 154
97 158
98 2
98 7
98 10
98 20
98 27
98 39
98 42
98 47
98 55
98 66
98 70
98 71
98 72
98 74
98 77
98 84
98 103
98 121
98 123
98 127
98 130
98 142
98 145
98 151
98 156
99 0
99 2
99 5
99 8
99 12
99 14
99 17
99 22
99 28
99 30
99 31
99 42
99 45
99 48
99 49
99 62
99 76
99 80
99 81
99 87
99 92
99 93
99 103
99 122
99 125
99 127
99 128
99 142
99 145
99 150
99 156
100 0
100 16
100 27
100 34
100 38
100 43
100 50
100 60
100 62
100 66
100 79
100 89
100 102
100 103
100 107
100 110
100 113
100 122
100 127
100 139
100 143
100 148
100 149
100 151
100 159
101 2
101 7
101 14
101 18
101 33
101 39
101 44
101 45
101 54
101 60
101 63
101 68
101 86
101 92
101 102
101 112
101 117
101 125
101 126
101 127
101 128
101 138
101 139
101 142
101 144
101 150
101 152
101 156
102 8
102 20
102 24
102 34
102 44
102 46
102 47
102 48
102 70
102 85
102 88
102 108
102 119
102 122
102 123
102 138
102 143
102 149
102 153
103 4
103 6
103 12
103 20
103 29
103 40
103 43
103 45
103 47
103 48
103 62
103 74
103 85
103 90
103 100
103 107
103 117
103 119
103 134
103 139
103 141
103 142
103 143
103 146
103 154
104 0
104 8
104 18
104 22
104 26
104 28
104 29
104 33
104 63
104 71
104 73
104 78
104 83
104 84
104 88
104 95
104 98
104 111
104 113
104 115
104 117
104 118
104 134
104 139
104 143
104 146
104 148
104 155
104 158
105 13
105 29
105 30
105 51
105 69
105 98
105 115
105 119
105 126
105 138
105 142
105 144
105 154
105 157
106 1
106 3
106 8
106 16
106 30
106 38
106 41
106 48
106 69
106 74
106 76
106 91
106 93
106 104
106 119
106 129
106 154
106 155
106 157
107 27
107 41
107 42
107 47
107 49
107 55
107 58
107 62
107 64
107 80
107 82
107 90
107 93
107 95
107 98
107 100
107 103
107 114
107 120
107 129
107 138
107 151
108 2
108 13
108 15
108 17
108 20
108 30
108 31
108 38
108 41
108 64
108 66
108 81
108 85
108 94
108 98
108 102
108 128
108 129
108 131
108 135
108 138
108 143
108 148
108 156
109 0
109 3
109 4
109 8
109 9
109 22
109 24
109 25
109 26
109 29
109 32
109 41
109 49
109 51
109 58
109 69
109 77
109 93
109 100
109 125
109 139
109 143
109 147
110 0
110 5
110 9
110 28
110 33
110 35
110 36
110 39
110 42
110 53
110 57
110 59
110 68
110 81
110 83
110 89
110 90
110 100
110 113
110 115
110 119
110 121
110 125
110 126
110 131
110 137
110 142
110 147
111 12
111 15
111 19
111 35
111 46
111 56
111 84
111 95
111 104
111 117
111 124
111 125
111 127
111 142
111 154
112 17
112 18
112 29
112 31
112 33
112 42
112 43
112 50
112 58
112 59
112 61
112 69
112 71
112 72
112 84
112 86
112 101
112 114
112 121
112 127
112 130
112 134
112 140
112 151
112 159
113 17
113 27
113 34
113 46
113 48
113 62
113 63
113 79
113 86
113 88
113 89
113 90
113 93
113 95
113 100
113 115
113 116
113 118
113 120
113 122
113 123
113 125
113 130
113 134
113 136
113 144
113 159
114 2
114 4
114 15
114 36
114 56
114 57
114 61
114 77
114 79
114 80
114 88
114 96
114 107
114 118
114 123
114 132
114 143
114 156
115 1
115 12
115 16
115 21
115 22
115 29
115 31
115 32
115 45
115 47
115 56
115 58
115 72
115 77
115 83
115 88
115 94
115 96
115 97
115 105
115 110
115 113
115 120
115 122
115 130
115 152
116 0
116 2
116 4
116 11
116 12
116 15
116 25
116 31
116 49
116 67
116 72
116 73
116 86
116 90
116 94
116 96
116 97
116 100
116 118
116 119
116 121
116 122
116 125
116 128
116 134
116 135
116 139
116 157
117 0
117 6
117 8
117 9
117 15
117 20
117 24
117 28
117 37
117 42
117 50
117 59
117 75
117 82
117 84
117 101
117 109
117 132
117 149
117 158
118 5
118 10
118 24
118 39
118 41
118 42
118 43
118 45
118 46
118 53
118 65
118 66
118 68
118 69
118 71
118 73
118 75
118 80
118 82
118 83
118 91
118 95
118 96
118 102
118 104
118 112
118 114
118 116
118 129
118 132
118 134
119 1
119 8
119 16
119 24
119 43
119 46
119 49
119 51
119 55
119 61
119 64
119 65
119 94
119 102
119 105
119 106
119 110
119 116
119 120
119 124
119 148
119 149
119 151
119 156
120 11
120 13
120 16
120 20
120 30
120 34
120 36
120 44
120 58
120 72
120 77
120 78
120 79
120 96
120 107
120 113
120 116
120 132
120 134
120 137
120 158
121 0
121 3
121 4
121 12
121 29
121 41
121 44
121 48
121 59
121 78
121 79
121 80
121 82
121 84
121 86
121 87
121 88
121 89
121 92
121 98
121 110
121 111
121 116
121 119
121 127
121 136
121 137
121 155
122 17
122 21
122 29
122 31
122 46
122 50
122 53
122 58
122 72
122 79
122 82
122 84
122 85
122 93
122 100
122 110
122 113
122 115
122 118
122 131
122 152
122 153
122 158
123 3
123 5
123 12
123 14
123 15
123 28
123 33
123 38
123 49
123 54
123 66
123 70
123 73
123 78
123 85
123 88
123 93
123 97
123 98
123 102
123 114
123 124
123 128
123 131
123 139
123 147
123 150
124 5
124 6
124 9
124 17
124 35
124 43
124 55
124 56
124 77
124 80
124 82
124 87
124 93
124 95
124 111
124 115
124 140
124 145
124 150
125 6
125 10
125 11
125 17
125 20
125 21
125 28
125 48
125 50
125 63
125 74
125 78
125 89
125 90
125 94
125 95
125 97
125 99
125 101
125 109
125 113
125 122
125 128
125 141
125 143
126 2
126 11
126 15
126 24
126 55
126 78
126 83
126 101
126 102
126 119
126 120
126 134
126 138
126 139
126 149
126 151
127 3
127 4
127 29
127 34
127 46
127 63
127 75
127 81
127 86
127 93
127 98
127 99
127 101
127 111
127 112
127 121
127 126
127 129
127 140
127 147
128 16
128 34
128 45
128 56
128 59
128 67
128 72
128 73
128 76
128 77
128 87
128 88
128 90
128 93
128 108
128 116
128 123
128 125
128 134
128 135
128 136
128 138
128 144
128 155
129 0
129 6
129 18
129 39
129 44
129 49
129 52
129 61
129 63
129 66
129 69
129 77
129 87
129 88
129 91
129 101
129 108
129 118
129 120
129 127
129 130
129 131
129 135
129 141
129 151
130 2
130 10
130 13
130 31
130 32
130 34
130 35
130 54
130 56
130 57
130 65
130 70
130 79
130 83
130 85
130 92
130 93
130 98
130 112
130 115
130 126
130 135
130 136
130 143
130 144
130 145
130 147
130 151
131 9
131 11
131 16
131 30
131 46
131 50
131 51
131 54
131 58
131 64
131 68
131 71
131 72
131 79
131 82
131 87
131 92
131 108
131 110
131 118
131 122
131 123
131 138
131 144
131 153
131 158
132 0
132 3
132 15
132 23
132 27
132 28
132 29
132 36
132 38
132 41
132 46
132 58
132 63
132 77
132 81
132 88
132 91
132 114
132 117
132 118
132 148
132 151
133 3
133 13
133 14
133 24
133 28
133 33
133 48
133 57
133 64
133 68
133 70
133 78
133 85
133 93
133 95
133 97
133 99
133 116
133 134
133 138
133 140
133 154
134 10
134 15
134 16
134 21
134 25
134 27
134 30
134 33
134 39
134 46
134 78
134 82
134 94
134 104
134 108
134 113
134 116
134 118
134 126
134 128
134 140
134 144
134 147
134 148
135 0
135 2
135 6
135 14
135 23
135 25
135 47
135 51
135 55
135 57
135 59
135 62
135 63
135 67
135 69
135 84
135 98
135 108
135 113
135 116
135 129
135 146
136 32
136 40
136 54
136 55
136 57
136 58
136 60
136 71
136 81
136 96
136 113
136 116
136 121
136 123
136 128
136 146
136 150
136 151
136 155
136 159
137 2
137 15
137 28
137 39
137 44
137 46
137 48
137 56
137 66
137 69
137 90
137 95
137 110
137 120
137 121
137 131
137 135
137 144
137 146
137 151
137 155
138 2
138 15
138 16
138 19
138 20
138 29
138 49
138 52
138 65
138 78
138 89
138 101
138 102
138 103
138 105
138 116
138 126
138 128
138 133
138 149
138 151
139 3
139 8
139 11
139 12
139 14
139 18
139 32
139 62
139 66
139 70
139 72
139 73
139 77
139 93
139 95
139 104
139 105
139 116
139 123
139 124
139 142
139 146
139 149
139 150
139 152
139 159
140 4
140 5
140 9
140 29
140 37
140 38
140 41
140 49
140 57
140 69
140 112
140 120
140 134
140 147
141 4
141 9
141 27
141 30
141 38
141 42
141 52
141 53
141 56
141 60
141 62
141 66
141 73
141 76
141 84
141 85
141 87
141 94
141 97
141 105
141 124
141 129
141 133
141 135
141 154
142 1
142 3
142 4
142 10
142 12
142 20
142 30
142 38
142 41
142 50
142 59
142 60
142 76
142 83
142 87
142 88
142 90
142 98
142 101
142 103
142 105
142 110
142 114
142 151
142 154
142 157
143 4
143 18
143 20
143 23
143 27
143 29
143 44
143 50
143 59
143 70
143 75
143 88
143 93
143 99
143 100
143 102
143 104
143 108
143 114
143 125
143 130
143 146
143 149
143 154
144 4
144 10
144 17
144 19
144 33
144 40
144 62
144 63
144 70
144 86
144 87
144 94
144 101
144 105
144 116
144 128
144 130
144 134
144 137
144 142
144 143
144 147
144 150
144 156
145 4
145 13
145 24
145 44
145 46
145 59
145 76
145 85
145 90
145 95
145 124
145 125
145 128
145 130
145 138
145 144
145 146
146 4
146 10
146 15
146 21
146 30
146 34
146 38
146 39
146 45
146 48
146 53
146 73
146 78
146 88
146 94
146 103
146 104
146 124
146 134
146 136
146 137
146 139
146 145
147 8
147 11
147 15
147 16
147 19
147 22
147 26
147 30
147 34
147 46
147 47
147 59
147 71
147 75
147 109
147 110
147 130
147 131
147 140
147 144
147 154
148 20
148 22
148 30
148 32
148 40
148 48
148 53
148 61
148 64
148 68
148 72
148 74
148 80
148 81
148 83
148 115
148 119
148 122
148 131
148 134
148 142
148 143
148 155
148 158
149 0
149 1
149 2
149 13
149 14
149 16
149 21
149 33
149 48
149 50
149 53
149 57
149 62
149 66
149 82
149 88
149 91
149 96
149 105
149 113
149 119
149 125
149 126
149 132
149 143
150 9
150 11
150 21
150 26
150 29
150 34
150 43
150 45
150 50
150 62
150 66
150 68
150 79
150 82
150 99
150 102
150 103
150 117
150 124
150 125
150 136
150 139
150 144
150 151
150 152
150 158
151 2
151 13
151 27
151 29
151 44
151 46
151 50
151 56
151 58
151 67
151 78
151 79
151 95
151 97
151 98
151 119
151 125
151 129
151 130
151 132
151 136
151 140
151 142
151 150
151 154
151 156
152 1
152 3
152 4
152 6
152 9
152 16
152 28
152 30
152 45
152 48
152 51
152 52
152 55
152 56
152 63
152 64
152 66
152 67
152 72
152 73
152 97
152 110
152 111
152 115
152 121
152 124
152 134
153 3
153 15
153 30
153 38
153 48
153 56
153 58
153 59
153 62
153 64
153 84
153 88
153 92
153 95
153 97
153 102
153 122
153 142
153 146
153 157
153 159
154 0
154 6
154 8
154 9
154 15
154 16
154 18
154 19
154 24
154 25
154 36
154 38
154 47
154 58
154 59
154 61
154 72
154 74
154 80
154 94
154 97
154 103
154 105
154 106
154 114
154 119
154 130
154 131
154 133
154 143
154 146
154 151
154 156
155 9
155 10
155 16
155 18
155 39
155 40
155 50
155 53
155 54
155 61
155 68
155 73
155 79
155 82
155 83
155 86
155 87
155 100
155 106
155 110
155 120
155 121
155 136
155 137
156 5
156 6
156 9
156 30
156 34
156 35
156 50
156 55
156 59
156 64
156 67
156 68
156 74
156 75
156 80
156 81
156 82
156 84
156 95
156 97
156 98
156 99
156 101
156 108
156 114
156 119
156 120
156 136
156 137
156 159
157 15
157 16
157 18
157 23
157 34
157 35
157 39
157 53
157 68
157 82
157 85
157 87
157 94
157 105
157 106
157 107
157 109
157 116
157 123
157 142
157 153
157 158
158 2
158 4
158 9
158 14
158 16
158 17
158 34
158 39
158 40
158 41
158 42
158 45
158 53
158 57
158 58
158 59
158 71
158 77
158 82
158 84
158 88
158 90
158 97
158 104
158 108
158 117
158 120
158 131
158 133
158 148
158 150
158 157
159 1
159 3
159 5
159 19
159 24
159 32
159 34
159 36
159 46
159 73
159 93
159 100
159 101
159 110
159 112
159 113
159 118
159 137
159 151
159 153
159 155
159 156
0 1 2 3 4 5 6 7 8 9 10 11 12 13 14 15 16 17 18 19 20 21 22 23
