160 633 40
0 39
0 56
0 60
0 84
0 92
0 104
0 142
1 79
1 90
1 104
1 144
1 153
2 105
3 7
3 21
3 108
3 130
4 112
4 123
4 145
5 7
5 47
5 115
5 118
5 146
6 73
6 80
6 96
7 3
7 5
7 16
8 14
8 22
8 30
8 36
8 77
8 93
8 97
8 154
9 19
9 118
9 127
9 135
10 46
10 47
10 49
10 74
10 76
11 96
11 125
12 73
12 139
12 154
13 60
13 129
13 131
14 8
14 82
14 119
14 123
14 141
14 143
14 155
15 60
15 112
15 138
15 151
16 7
16 33
17 21
17 92
18 30
18 44
18 65
18 76
18 98
18 109
18 126
19 9
19 100
19 107
19 119
20 138
20 144
21 3
21 17
21 92
21 110
21 139
22 8
22 50
22 68
22 69
22 100
22 113
22 132
22 143
23 72
23 77
23 101
23 111
24 47
24 69
24 94
25 69
25 98
25 115
25 125
25 136
25 141
26 70
26 85
26 96
26 102
26 112
26 118
26 152
27 38
27 99
27 102
27 141
28 126
28 130
29 88
30 8
30 18
30 108
30 147
31 51
31 111
31 126
31 140
31 146
32 64
32 75
33 16
33 71
33 76
33 93
33 155
34 38
34 65
34 144
35 75
35 78
35 87
36 8
37 84
38 27
38 34
38 90
38 115
39 0
39 49
39 67
39 76
39 118
40 96
40 101
40 145
41 100
41 132
41 133
41 142
42 76
42 124
42 130
43 65
43 91
44 18
44 56
44 79
44 99
44 159
45 50
45 88
46 10
46 51
46 76
46 158
47 5
47 10
47 24
47 150
48 62
48 67
48 90
48 151
49 10
49 39
49 55
49 77
49 136
49 138
49 139
50 22
50 45
50 81
50 82
50 104
50 145
51 31
51 46
51 56
51 72
51 94
51 103
51 135
51 138
51 149
51 154
51 159
52 64
52 85
52 138
53 85
53 100
53 119
53 120
53 133
54 69
54 81
54 144
55 49
55 59
55 66
56 0
56 44
56 51
56 112
56 141
57 107
58 91
58 101
58 157
59 55
59 60
59 76
59 92
59 155
60 0
60 13
60 15
60 59
60 62
60 70
60 96
60 99
60 107
60 117
60 123
61 108
62 48
62 60
62 120
62 144
62 155
62 157
63 64
63 106
63 144
64 32
64 52
64 63
64 121
64 153
65 18
65 34
65 43
65 122
66 55
66 92
66 127
67 39
67 48
67 80
67 88
68 22
68 107
68 113
69 22
69 24
69 25
69 54
69 143
70 26
70 60
70 155
71 33
71 135
72 23
72 51
72 111
72 120
72 145
73 6
73 12
73 92
74 10
74 96
74 108
74 116
75 32
75 35
76 10
76 18
76 33
76 39
76 42
76 46
76 59
76 78
76 86
77 8
77 23
77 49
77 100
78 35
78 76
79 1
79 44
80 6
80 67
80 111
80 153
80 155
81 50
81 54
81 156
82 14
82 50
82 130
83 130
83 141
84 0
84 37
84 88
84 91
84 98
84 148
85 26
85 52
85 53
85 86
85 128
86 76
86 85
87 35
88 29
88 45
88 67
88 84
88 118
89 149
90 1
90 38
90 48
90 146
90 152
91 43
91 58
91 84
92 0
92 17
92 21
92 59
92 66
92 73
92 111
92 119
92 125
92 138
92 142
92 143
92 146
93 8
93 33
93 142
94 24
94 51
95 101
95 124
96 6
96 11
96 26
96 40
96 60
96 74
97 8
97 99
97 125
98 18
98 25
98 84
98 126
98 127
98 146
98 158
99 27
99 44
99 60
99 97
99 123
100 19
100 22
100 41
100 53
101 23
101 40
101 58
101 95
102 26
102 27
103 51
103 115
103 153
104 0
104 1
104 50
104 148
105 2
105 146
106 63
107 19
107 57
107 60
107 68
107 114
107 115
107 144
108 3
108 30
108 74
108 113
108 119
108 133
109 18
109 112
109 158
110 9
110 21
111 23
111 31
111 72
111 80
111 92
112 4
112 15
112 26
112 56
112 109
112 153
112 156
113 22
113 68
113 108
113 135
114 107
115 5
115 25
115 38
115 103
115 107
115 124
115 137
115 158
116 74
116 150
116 152
117 60
117 156
118 5
118 9
118 26
118 39
118 88
119 14
119 19
119 53
119 92
119 108
120 53
120 62
120 72
120 124
120 126
121 110
122 65
123 4
123 14
123 60
123 99
123 130
124 42
124 95
124 115
124 120
124 128
124 149
125 11
125 25
125 92
125 97
126 18
126 28
126 31
126 98
126 120
126 136
127 9
127 66
127 98
128 85
128 124
128 155
129 13
129 156
130 3
130 28
130 42
130 82
130 83
130 123
131 13
132 22
132 41
133 41
133 53
133 108
133 134
134 133
135 9
135 51
135 71
135 113
136 25
136 49
136 126
136 142
137 115
138 15
138 20
138 49
138 51
138 52
138 92
139 12
139 21
139 49
139 141
139 158
140 31
141 14
141 25
141 27
141 56
141 83
141 139
142 0
142 41
142 92
142 93
142 136
143 14
143 22
143 69
143 92
143 150
144 1
144 20
144 30
144 34
144 54
144 62
144 63
144 107
144 155
145 4
145 40
145 50
145 72
146 5
146 31
146 90
146 92
146 98
146 105
147 30
147 64
147 159
148 84
148 104
149 51
149 89
149 124
150 47
150 116
150 143
151 15
151 48
152 26
152 90
152 116
153 1
153 64
153 80
153 103
153 112
154 8
154 12
154 51
155 14
155 33
155 59
155 62
155 70
155 80
155 128
155 144
156 81
156 112
156 117
156 129
157 58
157 62
158 46
158 98
158 109
158 115
158 139
159 44
159 51
159 147
0 1 2 3 4 5 6 7 8 9 10 11 12 13 14 15 16 17 18 19 20 21 22 23 24 25 26 27 28 29 30 31 32 33 34 35 36 37 38 39
