160 501 40
0 41
0 82
0 88
0 99
0 104
0 149
0 154
1 24
1 142
2 31
2 92
3 82
3 159
4 34
4 103
4 137
5 32
6 61
7 94
8 11
8 33
8 77
8 106
9 83
9 93
9 98
9 156
10 98
10 137
11 8
11 116
11 121
11 139
11 147
12 56
12 115
12 121
12 139
13 12
13 36
13 102
13 149
13 151
14 52
14 56
14 66
14 101
14 156
15 140
15 154
16 22
16 70
16 128
16 134
17 122
17 158
18 24
18 33
18 37
18 140
19 25
19 82
20 29
20 96
20 97
21 28
22 16
22 60
22 74
23 5
23 137
24 43
24 71
24 88
24 90
24 126
25 156
26 34
26 57
27 82
27 108
28 21
28 45
28 84
29 3
29 20
29 44
29 55
29 88
29 104
29 132
29 138
29 140
30 141
31 2
31 58
31 67
31 77
31 130
32 5
32 123
33 8
33 17
33 18
33 32
33 78
33 86
33 144
34 61
35 128
35 157
36 13
36 47
36 68
36 144
37 18
37 140
38 93
38 131
38 132
39 89
40 148
41 12
41 66
41 71
41 93
41 159
42 50
42 57
42 63
42 112
43 24
43 41
43 105
44 20
44 91
44 140
45 28
45 118
46 13
46 41
46 159
47 36
47 68
48 19
48 65
49 53
49 107
49 149
50 2
50 42
50 112
51 17
51 44
51 120
51 132
52 14
52 78
53 49
53 69
53 76
53 146
53 148
54 5
54 16
54 21
54 131
55 29
55 99
55 136
56 12
56 14
56 78
56 129
57 26
57 42
57 61
57 70
57 133
57 136
58 31
58 74
58 82
59 93
59 135
59 145
61 6
61 34
61 65
61 88
61 94
61 148
62 113
62 149
63 6
63 125
64 92
65 48
65 61
65 72
66 41
66 44
66 92
67 71
67 128
68 56
69 130
70 16
70 116
71 24
71 41
71 67
71 73
72 109
72 128
73 71
73 155
74 22
74 34
74 58
74 98
75 14
75 78
75 156
76 53
76 118
77 8
77 20
77 31
77 129
77 139
78 33
78 52
78 75
78 106
79 122
79 154
80 45
80 88
80 121
81 51
81 97
81 99
82 0
82 3
82 18
82 19
82 27
82 118
82 122
82 150
83 9
83 54
83 82
83 142
84 28
84 111
84 117
84 127
84 130
84 135
85 145
86 33
86 104
86 121
87 158
88 0
88 24
88 29
88 61
88 80
88 121
88 123
88 129
88 142
88 158
89 100
89 110
90 24
90 50
91 44
91 57
92 2
92 60
92 64
92 66
92 101
92 121
93 9
93 38
93 41
93 59
93 122
93 128
94 0
94 6
94 7
94 61
94 116
94 154
95 117
95 137
96 20
96 92
97 20
97 81
97 123
97 153
98 10
98 30
99 55
99 69
99 76
100 89
100 110
101 14
101 92
101 129
101 138
102 13
102 108
102 150
103 4
103 85
103 134
104 0
104 86
104 106
104 118
105 43
106 6
106 8
106 74
106 119
107 49
107 114
108 27
108 62
108 102
108 156
109 72
109 117
110 39
110 89
110 100
110 121
111 84
111 125
111 142
112 31
112 50
112 71
112 151
113 62
114 112
114 156
115 12
115 88
115 94
116 23
116 70
116 73
116 94
116 119
116 139
117 95
118 45
118 76
118 104
119 116
121 12
121 80
121 88
121 110
122 17
122 58
122 79
122 93
122 100
123 32
123 74
123 85
123 88
123 97
124 119
125 17
125 63
125 111
126 15
126 24
126 84
127 46
127 84
128 16
128 35
128 67
128 93
129 56
129 88
129 141
130 31
130 69
130 154
131 38
131 54
131 144
132 29
132 38
133 57
133 140
133 141
134 16
134 103
134 120
135 62
135 141
136 55
136 57
136 96
136 116
136 159
137 4
137 10
137 23
137 56
137 95
137 151
138 29
138 101
138 149
139 11
139 12
139 72
139 77
139 116
140 15
140 18
140 29
140 37
140 44
140 133
140 151
141 30
141 133
141 135
142 1
142 44
142 83
142 88
142 111
143 109
144 26
144 33
144 36
144 131
144 147
145 59
145 98
146 10
146 64
147 11
147 19
147 144
148 40
148 53
148 61
149 0
149 62
149 138
150 102
150 152
150 158
151 112
151 132
151 137
152 1
152 56
152 150
153 64
153 97
153 122
154 0
154 15
154 79
154 94
154 119
154 130
154 146
156 9
156 14
156 108
156 114
157 35
158 87
158 88
158 90
158 150
159 3
159 41
159 48
159 136
0 1 2 3 4 5 6 7 8 9 10 11 12 13 14 15 16 17 18 19 20 21 22 23 24 25 26 27 28 29 30 31 32 33 34 35 36 37 38 39
