160 543 12
0 9
0 32
0 59
0 83
0 120
0 140
0 149
0 157
1 16
1 20
1 76
1 85
1 127
2 3
2 5
2 77
2 139
3 2
3 16
3 89
3 152
4 34
5 46
5 77
6 44
6 53
6 54
7 32
7 139
8 23
8 68
8 109
8 123
9 0
9 20
9 35
9 54
9 133
10 150
11 19
11 59
12 67
12 105
13 40
13 76
13 104
13 114
14 51
14 101
14 135
14 142
15 31
15 56
15 72
15 81
15 88
16 1
16 3
16 31
16 79
16 119
17 155
18 95
18 143
19 9
19 11
19 106
19 113
19 119
19 121
20 1
20 116
21 73
22 23
22 123
23 22
23 42
23 60
23 100
24 84
24 116
24 128
24 159
25 71
25 117
25 126
25 147
26 31
26 57
26 152
27 67
27 78
28 68
29 85
29 114
29 154
30 32
30 77
30 87
30 95
30 148
30 155
31 15
31 16
31 33
31 41
32 0
32 7
32 33
32 80
32 95
32 105
32 132
32 136
32 156
33 32
33 35
33 42
33 111
33 127
33 132
33 149
34 4
34 102
34 118
35 33
35 76
36 18
36 91
37 3
37 70
37 114
38 54
38 68
38 82
39 79
39 110
39 156
40 13
40 132
40 153
41 31
41 54
41 74
41 93
41 99
41 102
41 104
41 149
42 23
42 33
42 48
42 91
42 94
43 114
44 6
44 59
44 87
44 91
44 132
45 53
45 70
45 118
45 147
46 5
46 97
46 121
46 155
46 156
47 124
47 130
48 75
48 89
48 153
49 79
49 151
50 32
50 81
51 14
51 73
51 86
51 129
51 159
53 6
53 45
53 112
53 119
53 128
54 4
54 6
54 9
54 37
54 38
54 41
54 80
54 118
54 131
55 136
56 15
56 97
56 147
56 150
57 26
57 136
58 59
58 75
58 96
58 97
59 0
59 11
59 44
59 58
59 89
60 23
60 71
60 130
61 69
61 110
62 86
62 127
63 130
63 139
63 140
64 119
64 120
64 132
65 21
65 63
65 121
65 124
65 152
66 137
67 12
67 27
67 143
68 8
68 28
68 38
69 61
69 119
70 37
70 96
70 138
70 142
70 153
71 25
71 60
72 15
72 144
73 21
73 51
74 41
74 127
74 130
75 48
75 58
75 99
76 1
76 13
76 35
77 2
77 5
77 30
77 154
78 0
78 27
78 110
78 119
79 1
79 16
79 31
79 39
79 49
79 87
79 119
79 139
79 155
80 32
80 54
80 79
81 15
81 100
82 23
82 38
82 136
82 149
83 15
83 95
83 146
83 150
84 24
84 91
84 109
84 157
85 1
85 115
85 134
86 51
86 62
87 30
87 79
87 107
87 108
88 15
88 103
89 3
89 48
89 59
89 93
89 97
89 101
90 65
91 36
91 42
91 44
91 84
93 41
93 151
93 152
94 16
94 42
94 158
95 30
95 32
95 83
95 138
96 60
96 70
96 98
97 46
97 56
97 58
97 89
97 140
98 96
98 110
98 128
99 41
99 75
99 155
100 1
100 23
100 99
100 105
100 108
100 156
101 89
102 24
102 34
102 41
102 110
102 114
103 88
104 41
104 106
104 139
105 12
105 32
105 100
106 19
106 104
107 87
108 87
108 100
108 149
109 8
109 84
109 135
109 140
110 39
110 61
110 78
110 80
110 98
110 102
110 155
111 20
111 98
111 122
112 53
112 157
113 19
113 41
114 13
114 29
114 37
114 43
114 102
114 121
115 47
115 85
116 19
116 20
116 24
117 25
117 119
118 34
118 54
118 156
119 16
119 19
119 61
119 64
119 69
119 78
119 92
119 117
120 0
120 64
121 19
121 36
121 46
121 65
121 114
122 111
122 134
122 141
123 8
123 22
124 47
125 10
126 25
126 50
127 1
127 26
127 33
127 52
127 74
127 83
127 158
128 14
128 24
128 53
128 98
129 51
129 56
129 141
130 47
130 60
130 63
130 149
130 157
131 54
132 32
132 33
132 40
132 44
132 49
132 53
132 125
133 9
133 150
134 85
134 122
135 14
135 109
135 149
136 32
136 55
136 57
136 82
137 30
137 141
138 49
138 70
138 95
138 119
139 2
139 7
139 150
139 157
140 0
140 21
140 63
140 97
140 141
140 144
141 122
141 127
141 129
141 137
141 140
141 158
142 14
142 32
142 70
143 67
144 72
145 147
146 83
146 147
147 35
147 45
147 56
147 145
147 146
148 9
148 30
149 0
149 33
149 82
149 130
149 135
150 10
150 56
150 83
150 133
150 139
151 93
152 3
152 26
152 65
152 93
152 110
153 40
153 48
153 122
154 2
154 29
154 77
155 17
155 30
155 55
155 79
155 110
156 12
156 32
156 39
156 46
156 100
156 118
157 84
157 112
157 130
157 139
158 94
158 127
158 141
158 143
159 24
159 51
159 63
159 113
0 1 2 3 4 5 6 7 8 9 10 11
