160 3789 7
0 6
0 8
0 11
0 25
0 26
0 44
0 46
0 47
0 59
0 68
0 72
0 78
0 85
0 87
0 91
0 97
0 121
0 142
0 143
0 155
1 19
1 20
1 26
1 30
1 32
1 36
1 37
1 39
1 52
1 57
1 59
1 98
1 104
1 107
1 111
1 114
1 130
1 131
1 133
1 134
1 135
1 147
1 153
1 157
2 9
2 18
2 27
2 34
2 35
2 42
2 58
2 69
2 70
2 79
2 88
2 96
2 108
2 116
2 120
2 127
2 133
2 143
2 154
2 155
3 10
3 11
3 12
3 21
3 25
3 28
3 30
3 35
3 44
3 46
3 53
3 57
3 59
3 72
3 75
3 77
3 89
3 95
3 100
3 105
3 107
3 108
3 127
3 138
3 140
3 146
3 148
4 6
4 11
4 15
4 20
4 23
4 24
4 31
4 32
4 38
4 40
4 41
4 52
4 70
4 77
4 84
4 88
4 93
4 110
4 117
4 125
4 127
4 142
4 144
4 149
4 156
4 157
4 159
5 17
5 26
5 32
5 38
5 51
5 52
5 54
5 69
5 74
5 79
5 80
5 84
5 90
5 99
5 108
5 110
5 130
5 133
5 140
5 142
5 144
5 150
6 2
6 4
6 14
6 17
6 26
6 28
6 31
6 32
6 33
6 36
6 47
6 50
6 51
6 68
6 73
6 75
6 89
6 90
6 92
6 96
6 101
6 122
6 125
6 150
6 157
7 8
7 12
7 14
7 22
7 24
7 25
7 29
7 36
7 38
7 41
7 49
7 57
7 58
7 60
7 61
7 67
7 68
7 69
7 95
7 99
7 104
7 113
7 127
7 129
7 135
7 148
7 149
8 0
8 7
8 10
8 14
8 26
8 29
8 33
8 37
8 52
8 54
8 56
8 57
8 74
8 79
8 89
8 105
8 109
8 116
8 117
8 127
8 138
8 146
8 148
8 149
8 155
9 2
9 10
9 19
9 27
9 39
9 50
9 55
9 56
9 96
9 108
9 112
9 125
9 127
9 135
9 143
9 145
9 148
9 151
9 158
10 3
10 4
10 8
10 19
10 27
10 38
10 40
10 57
10 60
10 67
10 77
10 86
10 92
10 94
10 103
10 106
10 110
10 127
10 135
10 142
10 144
10 145
10 146
10 150
10 158
11 0
11 3
11 9
11 12
11 13
11 18
11 24
11 31
11 34
11 37
11 52
11 55
11 67
11 80
11 83
11 94
11 97
11 101
11 104
11 111
11 112
11 113
11 124
11 125
11 137
11 142
11 146
11 147
11 153
11 155
12 3
12 6
12 11
12 17
12 46
12 50
12 64
12 67
12 69
12 82
12 84
12 89
12 93
12 94
12 97
12 99
12 113
12 122
12 127
12 128
12 131
12 146
12 149
12 154
12 157
13 0
13 11
13 14
13 16
13 19
13 22
13 26
13 31
13 33
13 34
13 51
13 53
13 55
13 68
13 72
13 73
13 74
13 81
13 89
13 95
13 109
13 111
13 125
13 137
13 140
13 145
13 151
14 6
14 7
14 8
14 19
14 25
14 29
14 31
14 51
14 52
14 73
14 74
14 77
14 81
14 97
14 99
14 106
14 111
14 114
14 117
14 121
14 127
14 128
14 138
14 149
14 159
15 4
15 5
15 17
15 22
15 27
15 30
15 40
15 43
15 53
15 58
15 79
15 84
15 85
15 101
15 104
15 112
15 125
15 132
15 134
15 136
15 137
15 152
15 155
15 158
16 3
16 23
16 29
16 37
16 51
16 57
16 67
16 78
16 85
16 86
16 91
16 102
16 109
16 129
16 140
16 143
16 152
16 155
16 156
17 5
17 12
17 15
17 31
17 38
17 50
17 52
17 61
17 64
17 70
17 74
17 81
17 91
17 109
17 116
17 132
18 2
18 8
18 11
18 19
18 22
18 34
18 38
18 50
18 55
18 65
18 71
18 89
18 93
18 103
18 127
18 140
18 145
18 151
19 1
19 9
19 10
19 23
19 27
19 28
19 31
19 35
19 48
19 60
19 61
19 71
19 84
19 86
19 94
19 113
19 114
19 116
19 129
19 139
19 140
19 145
19 147
19 150
20 1
20 4
20 25
20 29
20 37
20 44
20 52
20 67
20 84
20 90
20 99
20 101
20 102
20 106
20 144
20 149
20 155
20 158
21 3
21 8
21 17
21 23
21 44
21 49
21 51
21 75
21 79
21 81
21 86
21 89
21 91
21 92
21 94
21 106
21 119
21 126
21 129
21 138
21 146
21 151
21 159
22 15
22 18
22 29
22 38
22 40
22 42
22 44
22 59
22 71
22 80
22 83
22 84
22 88
22 89
22 93
22 95
22 96
22 101
22 102
22 106
22 107
22 124
22 125
22 132
22 135
22 141
22 149
22 154
22 158
22 159
23 12
23 15
23 16
23 19
23 32
23 34
23 38
23 51
23 55
23 62
23 64
23 73
23 77
23 80
23 83
23 84
23 89
23 90
23 106
23 118
23 124
23 138
23 148
24 4
24 7
24 11
24 21
24 27
24 29
24 38
24 42
24 57
24 71
24 72
24 80
24 81
24 82
24 95
24 98
24 114
24 119
24 120
24 157
24 158
24 159
25 3
25 7
25 12
25 14
25 43
25 44
25 68
25 75
25 76
25 78
25 88
25 92
25 118
25 129
25 142
25 144
25 149
25 151
25 156
26 0
26 1
26 5
26 6
26 8
26 13
26 20
26 48
26 54
26 63
26 75
26 78
26 85
26 87
26 93
26 95
26 96
26 109
26 110
26 112
26 115
26 126
26 128
26 129
26 131
26 140
26 141
26 142
26 143
26 151
26 159
27 2
27 6
27 9
27 15
27 24
27 31
27 43
27 45
27 51
27 54
27 78
27 80
27 108
27 112
27 113
27 121
27 125
27 127
27 132
27 150
27 153
28 6
28 19
28 35
28 53
28 54
28 59
28 79
28 80
28 81
28 91
28 101
28 102
28 107
28 110
28 112
28 114
28 149
28 154
29 7
29 16
29 20
29 22
29 24
29 30
29 33
29 35
29 36
29 43
29 45
29 49
29 55
29 56
29 82
29 85
29 91
29 96
29 115
29 142
29 156
30 1
30 15
30 18
30 29
30 36
30 39
30 51
30 56
30 58
30 65
30 70
30 83
30 97
30 101
30 105
30 107
30 111
30 113
30 122
30 127
30 128
30 134
30 137
30 141
30 142
30 146
30 152
31 4
31 6
31 13
31 14
31 17
31 19
31 27
31 36
31 46
31 50
31 52
31 56
31 63
31 66
31 67
31 70
31 72
31 84
31 93
31 100
31 110
31 113
31 117
31 129
31 131
31 143
31 145
31 146
31 152
31 157
31 158
32 4
32 6
32 15
32 18
32 23
32 37
32 42
32 47
32 48
32 56
32 65
32 81
32 88
32 91
32 92
32 97
32 110
32 119
32 123
32 125
32 130
32 133
32 135
32 144
32 149
32 155
32 156
32 157
33 2
33 6
33 7
33 8
33 11
33 13
33 19
33 21
33 29
33 42
33 48
33 49
33 67
33 82
33 99
33 102
33 114
33 127
33 129
33 141
33 149
33 159
34 2
34 6
34 11
34 13
34 18
34 23
34 27
34 37
34 39
34 40
34 46
34 48
34 55
34 56
34 62
34 77
34 80
34 87
34 110
34 114
34 117
34 143
34 146
34 148
34 158
35 2
35 3
35 15
35 27
35 28
35 29
35 36
35 38
35 45
35 46
35 47
35 52
35 54
35 66
35 84
35 95
35 98
35 101
35 116
35 120
35 134
35 144
35 145
36 1
36 6
36 7
36 20
36 29
36 30
36 37
36 49
36 51
36 58
36 64
36 65
36 68
36 75
36 81
36 87
36 91
36 92
36 93
36 110
36 111
36 120
36 122
36 123
36 132
36 136
36 156
37 1
37 5
37 8
37 11
37 32
37 36
37 39
37 47
37 51
37 73
37 77
37 79
37 82
37 83
37 93
37 95
37 102
37 119
37 120
37 127
37 128
37 145
37 147
38 4
38 5
38 8
38 10
38 22
38 23
38 24
38 40
38 43
38 45
38 47
38 51
38 54
38 58
38 61
38 62
38 63
38 66
38 79
38 90
38 93
38 96
38 98
38 99
38 100
38 115
38 120
38 132
38 134
38 144
38 148
38 149
38 150
39 1
39 7
39 9
39 34
39 37
39 38
39 40
39 42
39 52
39 56
39 62
39 64
39 74
39 83
39 105
39 106
39 108
39 111
39 113
39 120
39 124
39 125
39 133
39 136
40 3
40 4
40 10
40 15
40 22
40 34
40 38
40 39
40 41
40 50
40 55
40 64
40 66
40 74
40 82
40 88
40 97
40 103
40 119
40 126
40 154
41 16
41 40
41 59
41 62
41 74
41 78
41 79
41 81
41 84
41 98
41 100
41 102
41 105
41 120
41 122
41 131
41 132
41 139
41 146
41 149
41 154
42 2
42 5
42 6
42 21
42 24
42 33
42 39
42 43
42 49
42 53
42 58
42 74
42 77
42 82
42 100
42 108
42 110
42 111
42 112
42 113
42 117
42 129
42 135
42 159
43 15
43 25
43 26
43 28
43 29
43 39
43 42
43 49
43 55
43 57
43 59
43 62
43 66
43 70
43 82
43 94
43 95
43 100
43 101
43 107
43 111
43 120
43 129
43 144
43 146
43 149
44 0
44 3
44 10
44 21
44 22
44 23
44 45
44 54
44 56
44 73
44 83
44 94
44 106
44 115
44 121
44 123
44 129
44 138
44 147
44 153
44 159
45 1
45 9
45 27
45 35
45 44
45 50
45 60
45 62
45 66
45 68
45 70
45 71
45 80
45 84
45 96
45 99
45 109
45 111
45 114
45 115
45 148
45 153
45 156
45 159
46 0
46 2
46 3
46 12
46 17
46 29
46 30
46 31
46 34
46 50
46 56
46 60
46 73
46 76
46 83
46 85
46 91
46 113
46 117
46 120
46 131
46 143
46 153
47 4
47 6
47 41
47 51
47 67
47 70
47 87
47 88
47 98
47 111
47 112
47 114
47 132
47 137
47 140
47 151
47 152
48 12
48 19
48 32
48 34
48 38
48 61
48 64
48 72
48 76
48 84
48 90
48 92
48 98
48 99
48 101
48 112
48 127
48 131
48 142
48 149
49 10
49 16
49 29
49 30
49 34
49 35
49 42
49 43
49 57
49 60
49 76
49 81
49 99
49 100
49 103
49 107
49 125
49 127
49 139
49 140
49 152
49 157
50 6
50 9
50 12
50 13
50 31
50 32
50 37
50 40
50 45
50 52
50 53
50 58
50 74
50 75
50 78
50 87
50 90
50 98
50 102
50 120
50 121
50 122
50 125
50 131
50 137
50 144
50 153
51 6
51 13
51 16
51 25
51 27
51 30
51 32
51 36
51 38
51 47
51 53
51 57
51 59
51 67
51 83
51 87
51 93
51 97
51 107
51 118
51 120
51 123
51 124
51 128
51 129
51 134
51 135
51 144
51 153
52 3
52 4
52 8
52 11
52 12
52 17
52 35
52 56
52 58
52 60
52 65
52 66
52 69
52 94
52 97
52 110
52 118
52 121
52 133
52 139
52 140
52 144
53 3
53 13
53 15
53 25
53 34
53 50
53 52
53 55
53 56
53 65
53 72
53 79
53 83
53 105
53 119
53 122
53 124
53 136
53 141
53 150
53 154
53 156
54 5
54 8
54 11
54 23
54 26
54 27
54 38
54 44
54 77
54 78
54 92
54 93
54 98
54 112
54 113
54 133
54 139
54 140
55 9
55 11
55 13
55 20
55 23
55 29
55 34
55 40
55 48
55 50
55 65
55 66
55 67
55 68
55 77
55 86
55 88
55 95
55 97
55 99
55 102
55 107
55 112
55 113
55 121
55 124
55 127
55 130
55 131
55 133
55 134
55 142
55 153
55 155
56 2
56 4
56 8
56 21
56 25
56 27
56 29
56 31
56 32
56 39
56 44
56 46
56 53
56 57
56 66
56 68
56 79
56 88
56 89
56 99
56 106
56 107
56 108
56 109
56 112
56 113
56 117
56 120
56 138
56 157
57 8
57 16
57 17
57 24
57 28
57 49
57 51
57 56
57 58
57 67
57 78
57 81
57 90
57 97
57 105
57 109
57 114
57 123
57 128
57 133
57 134
57 136
58 2
58 6
58 7
58 8
58 15
58 19
58 23
58 30
58 36
58 38
58 42
58 43
58 52
58 57
58 62
58 63
58 65
58 72
58 74
58 77
58 83
58 87
58 92
58 104
58 117
58 143
58 146
59 0
59 1
59 3
59 22
59 28
59 30
59 43
59 51
59 61
59 70
59 72
59 76
59 87
59 88
59 95
59 102
59 103
59 111
59 120
59 122
59 136
59 139
59 141
59 142
59 145
59 150
59 154
59 156
59 157
60 1
60 7
60 10
60 19
60 25
60 43
60 45
60 49
60 52
60 59
60 72
60 73
60 75
60 76
60 92
60 93
60 94
60 98
60 100
60 104
60 109
60 115
60 119
60 121
60 133
60 139
60 140
60 141
61 0
61 11
61 17
61 27
61 38
61 48
61 54
61 59
61 62
61 82
61 83
61 90
61 96
61 98
61 99
61 103
61 105
61 108
61 111
61 124
61 128
61 136
61 144
61 146
61 147
61 152
61 155
62 13
62 23
62 34
62 38
62 39
62 43
62 45
62 50
62 55
62 58
62 61
62 71
62 85
62 86
62 87
62 93
62 94
62 97
62 110
62 120
62 133
62 134
62 150
62 154
62 158
63 6
63 9
63 23
63 26
63 31
63 35
63 38
63 42
63 71
63 73
63 74
63 80
63 83
63 93
63 102
63 106
63 110
63 111
63 116
63 117
63 120
63 121
63 123
63 131
63 137
63 157
64 4
64 12
64 17
64 22
64 28
64 39
64 40
64 48
64 49
64 63
64 66
64 87
64 93
64 98
64 99
64 112
64 113
64 129
64 140
64 143
64 148
64 151
64 152
64 156
64 158
65 18
65 30
65 32
65 33
65 40
65 45
65 55
65 58
65 79
65 86
65 91
65 100
65 105
65 108
65 114
65 115
65 118
65 119
65 127
65 133
65 135
65 136
65 137
65 143
65 146
65 148
65 157
65 158
66 7
66 11
66 14
66 33
66 40
66 43
66 51
66 56
66 58
66 60
66 82
66 85
66 86
66 87
66 89
66 110
66 119
66 120
66 128
66 133
66 143
66 152
66 156
67 7
67 9
67 10
67 12
67 16
67 20
67 33
67 51
67 55
67 59
67 69
67 70
67 79
67 87
67 103
67 105
67 121
67 133
67 156
68 0
68 2
68 25
68 36
68 38
68 39
68 45
68 47
68 49
68 56
68 64
68 73
68 80
68 85
68 86
68 125
68 138
68 142
68 148
68 155
69 0
69 1
69 25
69 30
69 46
69 64
69 67
69 70
69 77
69 84
69 99
69 102
69 103
69 112
69 113
69 129
69 133
69 138
69 144
69 146
69 158
70 21
70 30
70 34
70 47
70 59
70 69
70 80
70 90
70 98
70 104
70 105
70 110
70 127
70 139
70 148
70 151
71 10
71 17
71 19
71 20
71 22
71 24
71 32
71 43
71 63
71 69
71 74
71 81
71 90
71 91
71 100
71 117
71 125
71 126
71 134
71 139
71 142
71 151
71 152
71 156
72 0
72 3
72 13
72 20
72 24
72 28
72 48
72 53
72 56
72 59
72 73
72 75
72 76
72 88
72 89
72 92
72 99
72 105
72 108
72 122
72 136
72 144
72 152
72 153
72 156
73 6
73 13
73 22
73 26
73 44
73 46
73 52
73 72
73 75
73 77
73 82
73 91
73 102
73 106
73 108
73 113
73 121
73 134
73 139
73 148
73 154
74 5
74 8
74 13
74 17
74 28
74 39
74 42
74 58
74 63
74 70
74 76
74 78
74 82
74 90
74 92
74 95
74 101
74 103
74 106
74 114
74 115
74 118
74 124
74 125
74 128
74 130
74 137
74 141
74 147
74 149
75 6
75 7
75 18
75 20
75 25
75 26
75 38
75 60
75 61
75 69
75 72
75 73
75 76
75 79
75 93
75 127
75 128
75 133
75 140
75 142
75 146
75 153
76 0
76 16
76 25
76 39
76 47
76 48
76 49
76 57
76 59
76 60
76 72
76 74
76 75
76 85
76 86
76 91
76 95
76 98
76 101
76 111
76 116
76 122
76 136
76 144
76 148
76 150
77 3
77 4
77 14
77 23
77 34
77 35
77 42
77 54
77 55
77 56
77 71
77 78
77 82
77 86
77 89
77 93
77 94
77 105
77 108
77 109
77 113
77 124
77 130
77 132
77 142
77 144
77 150
77 151
77 152
77 154
78 0
78 6
78 14
78 27
78 41
78 44
78 54
78 57
78 61
78 74
78 79
78 108
78 131
78 136
78 147
78 148
78 150
78 158
79 2
79 8
79 15
79 21
79 28
79 37
79 38
79 41
79 53
79 56
79 65
79 72
79 74
79 75
79 78
79 85
79 87
79 90
79 94
79 101
79 112
79 119
79 123
79 138
79 142
79 143
79 154
79 155
79 158
80 5
80 6
80 7
80 11
80 16
80 23
80 28
80 34
80 44
80 45
80 48
80 58
80 59
80 68
80 69
80 83
80 93
80 104
80 110
80 114
80 139
80 150
80 158
81 5
81 8
81 12
81 13
81 14
81 17
81 18
81 21
81 24
81 28
81 32
81 40
81 41
81 49
81 57
81 63
81 71
81 79
81 95
81 100
81 101
81 110
81 119
81 127
81 130
81 133
81 153
82 9
82 10
82 12
82 29
82 33
82 37
82 40
82 43
82 47
82 59
82 61
82 74
82 77
82 86
82 108
82 115
82 116
82 117
82 121
82 126
82 128
82 132
82 138
82 142
82 148
82 150
82 153
83 9
83 11
83 20
83 22
83 27
83 30
83 31
83 37
83 39
83 44
83 46
83 49
83 51
83 53
83 63
83 66
83 77
83 90
83 96
83 104
83 112
83 126
83 128
83 136
83 137
83 139
83 151
84 4
84 5
84 15
84 19
84 22
84 30
84 31
84 35
84 45
84 48
84 50
84 57
84 60
84 69
84 72
84 79
84 85
84 100
84 103
84 111
84 119
84 120
84 122
84 126
84 135
84 152
84 157
84 159
85 0
85 15
85 16
85 21
85 26
85 43
85 44
85 46
85 52
85 63
85 66
85 68
85 76
85 84
85 92
85 108
85 114
85 128
85 130
85 142
85 147
85 151
85 154
85 158
86 19
86 65
86 66
86 68
86 70
86 77
86 78
86 82
86 83
86 84
86 87
86 89
86 103
86 110
86 114
86 116
86 122
86 123
86 126
86 129
86 142
86 143
86 150
86 153
87 1
87 26
87 30
87 34
87 36
87 47
87 50
87 51
87 55
87 59
87 62
87 64
87 66
87 104
87 136
87 137
87 148
88 2
88 4
88 9
88 22
88 25
88 30
88 36
88 40
88 47
88 49
88 55
88 56
88 59
88 67
88 74
88 110
88 113
88 116
88 129
88 133
88 144
88 152
89 3
89 6
89 8
89 12
89 13
89 16
89 21
89 23
89 30
89 44
89 46
89 56
89 59
89 66
89 72
89 74
89 77
89 79
89 86
89 92
89 95
89 97
89 102
89 108
89 125
89 136
89 143
89 151
89 159
90 5
90 6
90 20
90 21
90 22
90 38
90 41
90 45
90 61
90 69
90 74
90 79
90 93
90 100
90 101
90 102
90 109
90 121
90 123
90 144
90 155
91 0
91 16
91 17
91 20
91 21
91 28
91 29
91 32
91 36
91 46
91 71
91 76
91 82
91 87
91 98
91 118
91 127
91 128
91 136
91 144
91 145
91 150
91 152
92 6
92 10
92 15
92 21
92 25
92 32
92 36
92 43
92 48
92 54
92 55
92 58
92 60
92 65
92 71
92 72
92 85
92 89
92 93
92 99
92 100
92 136
92 151
92 152
92 154
92 158
93 2
93 4
93 9
93 14
93 18
93 25
93 31
93 36
93 37
93 41
93 47
93 51
93 54
93 60
93 62
93 63
93 68
93 75
93 77
93 92
93 103
93 111
93 124
93 138
93 139
93 144
93 146
93 149
93 157
93 159
94 10
94 11
94 12
94 14
94 19
94 21
94 42
94 44
94 52
94 58
94 60
94 77
94 88
94 95
94 103
94 117
94 134
94 138
94 149
94 155
95 6
95 26
95 35
95 74
95 76
95 81
95 89
95 94
95 96
95 102
95 105
95 106
95 110
95 124
95 125
95 132
95 136
95 142
95 148
95 154
95 155
96 2
96 3
96 6
96 8
96 11
96 13
96 22
96 26
96 29
96 37
96 38
96 40
96 42
96 43
96 45
96 61
96 69
96 78
96 83
96 87
96 95
96 109
96 131
96 140
97 0
97 11
97 14
97 18
97 19
97 30
97 32
97 33
97 52
97 55
97 57
97 62
97 89
97 93
97 104
97 116
97 123
97 142
97 147
97 153
98 1
98 11
98 15
98 24
98 36
98 38
98 41
98 48
98 50
98 55
98 61
98 64
98 70
98 87
98 91
98 125
98 132
98 141
98 148
98 154
99 5
99 7
99 12
99 14
99 15
99 17
99 20
99 33
99 36
99 38
99 49
99 56
99 58
99 61
99 64
99 69
99 100
99 101
99 102
99 110
99 111
99 113
99 116
99 118
99 127
99 130
99 134
99 144
99 150
99 154
99 157
100 0
100 3
100 24
100 31
100 38
100 41
100 42
100 43
100 49
100 60
100 65
100 71
100 79
100 81
100 90
100 92
100 102
100 113
100 127
100 130
100 133
100 138
100 140
100 152
100 154
100 158
101 11
101 15
101 20
101 28
101 30
101 35
101 36
101 43
101 61
101 63
101 74
101 76
101 77
101 79
101 81
101 84
101 85
101 90
101 91
101 99
101 105
101 114
101 115
101 120
101 124
101 134
101 135
101 139
101 141
101 149
101 150
101 154
101 156
102 16
102 28
102 33
102 41
102 43
102 45
102 46
102 51
102 55
102 59
102 63
102 69
102 89
102 90
102 99
102 100
102 104
102 111
102 125
102 127
102 132
102 138
102 139
102 140
103 10
103 11
103 49
103 59
103 61
103 67
103 69
103 84
103 86
103 93
103 94
103 95
103 111
103 114
103 117
103 122
103 126
103 144
103 145
103 146
103 157
103 158
104 1
104 11
104 15
104 16
104 34
104 39
104 70
104 73
104 80
104 87
104 97
104 102
104 111
104 121
104 122
104 123
104 127
104 132
104 138
104 140
104 141
104 142
104 145
104 148
104 150
104 154
105 3
105 30
105 41
105 43
105 53
105 61
105 65
105 67
105 70
105 72
105 77
105 81
105 95
105 107
105 113
105 116
105 139
105 155
106 5
106 10
106 20
106 22
106 23
106 39
106 56
106 63
106 73
106 95
106 111
106 112
106 120
106 122
106 130
106 135
106 142
106 148
107 1
107 30
107 31
107 37
107 43
107 49
107 51
107 55
107 56
107 67
107 78
107 105
107 110
107 121
107 122
107 127
107 131
107 133
107 136
107 149
107 156
108 0
108 3
108 9
108 27
108 31
108 32
108 42
108 48
108 51
108 56
108 61
108 72
108 73
108 77
108 80
108 81
108 85
108 89
108 116
108 124
108 125
108 135
108 141
108 143
108 144
108 146
108 147
108 151
108 158
109 8
109 11
109 16
109 17
109 32
109 36
109 41
109 45
109 56
109 57
109 58
109 64
109 79
109 102
109 104
109 106
109 117
109 128
109 129
109 142
109 147
109 153
110 2
110 4
110 5
110 28
110 31
110 32
110 36
110 52
110 63
110 81
110 82
110 95
110 107
110 123
110 131
110 137
110 139
110 149
110 156
111 1
111 11
111 14
111 24
111 30
111 36
111 42
111 45
111 47
111 59
111 61
111 63
111 84
111 93
111 94
111 102
111 103
111 104
111 106
111 112
111 121
111 122
111 125
111 131
111 140
111 143
111 146
111 155
111 159
112 6
112 9
112 11
112 26
112 27
112 28
112 39
112 42
112 47
112 48
112 55
112 56
112 64
112 69
112 79
112 81
112 83
112 93
112 94
112 106
112 110
112 116
112 118
112 123
112 131
112 133
112 135
112 142
112 146
112 148
113 7
113 11
113 27
113 31
113 39
113 40
113 42
113 45
113 50
113 55
113 56
113 57
113 69
113 73
113 77
113 79
113 89
113 99
113 100
113 104
113 121
113 125
113 127
113 131
113 152
114 1
114 7
114 14
114 15
114 19
114 35
114 45
114 47
114 54
114 57
114 65
114 80
114 85
114 87
114 88
114 89
114 101
114 103
114 117
114 118
114 122
114 128
114 148
114 154
115 0
115 6
115 9
115 20
115 23
115 29
115 35
115 38
115 44
115 45
115 47
115 48
115 70
115 74
115 82
115 92
115 101
115 111
115 123
115 127
115 132
115 143
115 146
115 154
115 156
116 2
116 8
116 19
116 31
116 33
116 35
116 39
116 60
116 63
116 68
116 76
116 79
116 97
116 98
116 99
116 105
116 108
116 109
116 120
116 124
116 126
116 133
116 139
116 149
116 155
117 8
117 14
117 33
117 34
117 40
117 42
117 46
117 56
117 63
117 71
117 76
117 114
117 119
117 144
117 157
118 2
118 3
118 9
118 11
118 23
118 25
118 40
118 42
118 52
118 53
118 65
118 66
118 72
118 74
118 81
118 92
118 98
118 112
118 116
118 122
118 123
118 127
118 138
118 145
118 157
118 158
119 5
119 19
119 21
119 24
119 32
119 35
119 37
119 40
119 60
119 61
119 68
119 79
119 81
119 117
119 133
119 140
119 142
119 154
120 2
120 16
120 24
120 34
120 36
120 37
120 38
120 39
120 41
120 46
120 51
120 52
120 56
120 62
120 63
120 66
120 79
120 80
120 99
120 101
120 106
120 116
120 119
120 126
120 133
120 138
120 142
120 143
120 158
121 0
121 12
121 14
121 27
121 44
121 52
121 54
121 55
121 60
121 67
121 73
121 79
121 90
121 102
121 104
121 113
121 122
121 126
121 128
121 133
121 136
121 153
122 1
122 12
122 28
122 30
122 37
122 41
122 50
122 61
122 72
122 74
122 76
122 82
122 83
122 84
122 86
122 111
122 114
122 116
122 118
122 121
122 133
122 153
123 2
123 13
123 23
123 32
123 44
123 79
123 86
123 90
123 97
123 98
123 100
123 112
123 115
123 118
123 124
123 129
123 131
123 154
123 156
123 159
124 2
124 11
124 22
124 23
124 53
124 55
124 62
124 69
124 72
124 77
124 80
124 93
124 95
124 101
124 116
124 119
124 123
124 127
124 149
124 152
125 0
125 9
125 13
125 15
125 27
125 32
125 36
125 43
125 71
125 74
125 89
125 95
125 96
125 98
125 102
125 108
125 111
125 113
125 126
125 128
125 129
125 132
125 138
125 142
125 143
125 145
125 151
126 21
126 26
126 28
126 31
126 40
126 71
126 79
126 84
126 86
126 92
126 115
126 116
126 120
126 121
126 128
126 129
126 130
126 131
126 145
126 146
127 2
127 3
127 4
127 7
127 8
127 9
127 10
127 12
127 18
127 30
127 33
127 37
127 46
127 48
127 51
127 55
127 65
127 69
127 70
127 75
127 100
127 105
127 108
127 110
127 113
127 114
127 115
127 118
127 121
127 124
127 132
127 137
127 140
127 141
127 142
127 156
128 6
128 14
128 26
128 30
128 34
128 61
128 66
128 74
128 75
128 82
128 83
128 85
128 90
128 91
128 95
128 99
128 107
128 114
128 119
128 121
128 133
128 156
129 5
129 7
129 15
129 16
129 17
129 19
129 25
129 26
129 27
129 31
129 33
129 37
129 43
129 44
129 49
129 51
129 69
129 86
129 88
129 109
129 114
129 122
129 125
129 126
129 130
129 136
129 147
129 158
129 159
130 0
130 1
130 32
130 37
130 47
130 55
130 56
130 68
130 74
130 77
130 81
130 85
130 103
130 105
130 106
130 126
130 129
130 136
130 145
130 154
130 158
131 4
131 26
131 39
131 40
131 46
131 48
131 50
131 63
131 96
131 107
131 110
131 113
131 123
131 126
131 134
131 136
131 151
132 4
132 15
132 18
132 24
132 27
132 41
132 47
132 51
132 63
132 75
132 82
132 95
132 98
132 102
132 104
132 108
132 120
132 127
132 136
132 143
132 146
132 147
132 158
133 2
133 3
133 11
133 12
133 39
133 49
133 51
133 52
133 54
133 55
133 57
133 66
133 67
133 102
133 107
133 112
133 119
133 120
133 122
133 142
133 146
134 0
134 1
134 5
134 15
134 41
134 42
134 51
134 53
134 55
134 62
134 73
134 74
134 94
134 99
134 101
134 123
134 139
134 145
135 1
135 7
135 9
135 10
135 22
135 32
135 39
135 42
135 73
135 78
135 84
135 88
135 106
135 108
135 113
135 155
135 159
136 15
136 17
136 30
136 36
136 39
136 41
136 53
136 57
136 59
136 61
136 70
136 78
136 80
136 87
136 89
136 91
136 92
136 95
136 107
136 131
136 132
136 141
136 143
136 145
136 150
136 154
136 156
136 158
137 11
137 13
137 14
137 15
137 20
137 43
137 47
137 69
137 74
137 83
137 93
137 118
137 120
137 127
137 154
138 3
138 14
138 21
138 44
138 49
138 50
138 56
138 69
138 79
138 82
138 85
138 94
138 100
138 101
138 102
138 104
138 116
138 118
138 121
138 123
138 125
138 144
138 157
139 11
139 18
139 19
139 32
139 33
139 49
139 52
139 54
139 57
139 59
139 60
139 70
139 71
139 80
139 93
139 101
139 102
139 105
139 110
139 116
139 118
139 128
139 129
139 143
140 3
140 5
140 13
140 16
140 18
140 21
140 26
140 47
140 49
140 52
140 57
140 60
140 73
140 95
140 96
140 104
140 111
140 118
140 119
140 127
140 130
140 135
140 145
141 6
141 14
141 22
141 26
141 30
141 33
141 44
141 47
141 53
141 58
141 59
141 60
141 62
141 74
141 96
141 98
141 104
141 127
141 131
141 149
141 151
142 0
142 4
142 5
142 10
142 23
142 29
142 48
142 55
142 59
142 67
142 68
142 71
142 75
142 79
142 82
142 85
142 86
142 94
142 96
142 97
142 104
142 106
142 109
142 112
142 117
142 119
142 120
142 125
142 127
142 133
142 138
142 158
143 0
143 2
143 9
143 26
143 34
143 37
143 52
143 58
143 64
143 68
143 76
143 79
143 86
143 89
143 112
143 122
143 125
143 132
143 136
143 139
143 144
144 2
144 4
144 5
144 14
144 32
144 34
144 35
144 38
144 43
144 50
144 52
144 61
144 69
144 72
144 77
144 84
144 89
144 90
144 93
144 97
144 99
144 108
144 125
144 127
144 131
144 138
144 141
144 142
144 143
144 147
144 153
145 9
145 10
145 11
145 13
145 14
145 18
145 19
145 24
145 31
145 37
145 40
145 59
145 108
145 123
145 130
145 134
145 154
146 3
146 8
146 11
146 16
146 26
146 30
146 41
146 43
146 61
146 64
146 65
146 70
146 75
146 95
146 103
146 107
146 111
146 112
146 115
146 116
146 123
146 132
146 133
146 147
146 149
147 4
147 11
147 18
147 19
147 23
147 36
147 37
147 44
147 60
147 61
147 70
147 74
147 78
147 85
147 88
147 93
147 97
147 108
147 109
147 127
147 129
147 131
147 132
147 152
148 3
148 4
148 7
148 27
148 34
148 36
148 57
148 60
148 68
148 70
148 71
148 78
148 82
148 87
148 95
148 98
148 106
148 114
148 150
148 155
148 159
149 4
149 7
149 14
149 15
149 22
149 25
149 26
149 28
149 43
149 74
149 86
149 87
149 93
149 94
149 101
149 102
149 107
149 115
149 116
149 123
149 130
149 141
149 146
149 150
150 6
150 19
150 29
150 40
150 53
150 59
150 62
150 69
150 76
150 77
150 78
150 81
150 82
150 86
150 89
150 101
150 104
150 136
150 159
151 9
151 18
151 25
151 26
151 28
151 47
151 52
151 53
151 63
151 70
151 71
151 74
151 83
151 85
151 92
151 94
151 108
151 117
151 141
151 153
152 1
152 4
152 15
152 16
152 30
152 31
152 49
152 61
152 64
152 66
152 72
152 77
152 88
152 96
152 113
152 121
152 123
152 124
152 132
152 135
152 138
152 145
152 147
152 153
153 1
153 9
153 11
153 16
153 27
153 37
153 46
153 50
153 75
153 78
153 82
153 86
153 92
153 98
153 109
153 116
153 122
153 139
153 144
153 149
153 151
154 12
154 14
154 18
154 20
154 24
154 40
154 49
154 77
154 79
154 85
154 92
154 95
154 97
154 98
154 99
154 104
154 110
154 113
154 114
154 115
154 119
154 123
154 130
155 0
155 2
155 8
155 16
155 19
155 20
155 32
155 33
155 44
155 45
155 55
155 61
155 63
155 68
155 75
155 79
155 95
155 96
155 105
155 111
155 116
155 128
155 144
155 148
155 158
156 14
156 15
156 25
156 30
156 32
156 42
156 59
156 62
156 67
156 109
156 115
156 123
156 158
157 1
157 2
157 24
157 31
157 46
157 52
157 56
157 61
157 65
157 81
157 84
157 93
157 95
157 99
157 100
157 128
157 134
158 6
158 9
158 10
158 16
158 20
158 22
158 28
158 31
158 36
158 64
158 65
158 69
158 78
158 79
158 80
158 85
158 92
158 93
158 96
158 100
158 103
158 108
158 109
158 112
158 115
158 117
158 118
158 119
158 130
158 136
158 137
158 142
158 153
158 155
158 156
159 4
159 11
159 14
159 21
159 44
159 45
159 46
159 53
159 60
159 66
159 84
159 87
159 89
159 99
159 122
159 129
159 130
159 136
159 148
159 150
0 1 2 3 4 5 6
