160 405 40
0 49
0 54
0 69
0 70
0 72
0 93
0 148
1 9
1 23
1 65
2 12
3 6
3 58
3 123
3 155
4 79
4 108
4 116
5 104
5 156
6 3
6 84
6 140
7 84
7 144
8 155
9 1
9 29
10 44
10 78
10 90
10 111
11 17
11 157
12 2
12 24
12 42
12 124
13 105
14 68
14 137
14 149
14 150
15 46
15 73
16 44
16 56
16 69
16 82
16 108
16 153
17 7
17 11
17 45
17 83
18 38
18 86
19 80
19 87
19 116
19 150
20 47
21 133
22 14
22 21
22 32
22 69
22 75
22 79
23 1
24 12
24 30
24 62
25 17
25 22
25 129
26 76
26 80
27 115
27 117
28 83
29 9
29 44
29 52
30 24
31 2
31 38
31 63
31 80
32 22
33 37
33 119
33 131
34 76
34 122
34 156
35 68
36 131
37 33
37 159
38 18
38 31
38 104
38 150
38 157
39 69
39 131
40 60
40 146
41 12
41 106
41 111
42 152
43 120
44 10
44 16
44 148
44 158
45 17
45 139
46 15
47 20
47 129
47 148
48 49
48 59
49 48
49 110
50 101
50 104
51 96
52 29
53 105
53 147
54 0
54 73
54 132
55 98
55 117
56 154
57 75
58 3
58 84
58 102
58 152
59 99
59 115
61 90
62 24
62 99
62 110
62 124
63 31
63 153
64 133
65 1
66 86
68 14
68 35
68 134
68 156
69 0
69 16
69 39
69 43
69 86
69 94
69 128
70 0
70 40
70 90
70 147
72 0
72 74
73 15
73 54
73 97
74 72
74 122
74 124
75 22
75 57
75 129
75 146
76 26
76 44
76 63
76 88
77 98
77 112
78 10
79 4
79 22
79 115
79 130
79 146
80 19
80 26
80 30
80 31
81 132
82 16
82 145
83 17
83 28
83 132
84 6
84 7
84 58
85 93
86 18
86 66
86 69
86 98
86 136
87 19
88 76
89 103
89 137
90 10
90 61
90 138
91 130
92 69
93 0
93 19
93 85
94 69
94 111
94 155
95 138
96 51
96 120
97 98
97 110
98 77
98 97
99 59
99 62
100 35
100 119
100 153
101 50
102 58
102 108
102 159
103 26
103 89
104 5
104 38
104 50
104 55
104 132
105 13
105 53
106 41
106 138
108 4
108 16
108 102
108 110
108 156
109 112
110 49
110 62
110 97
111 20
111 94
112 77
112 109
112 135
112 146
113 25
114 28
114 137
114 150
115 27
115 59
115 79
115 121
116 1
116 4
116 19
116 150
117 27
117 55
118 5
118 159
119 33
119 100
120 43
120 67
120 96
120 132
121 115
121 134
122 34
122 74
123 3
124 12
124 62
124 65
124 129
124 148
125 148
126 107
126 128
127 131
128 69
128 112
128 131
129 25
129 47
129 75
129 124
130 79
131 36
131 39
131 127
131 128
131 143
132 54
132 81
132 83
132 104
132 157
133 21
133 64
133 152
134 62
134 68
134 118
134 121
134 142
135 112
136 76
136 86
136 118
136 145
137 14
137 89
137 114
138 90
138 95
138 106
138 153
139 45
139 109
139 125
140 6
140 13
140 102
142 134
143 31
143 101
143 107
143 131
143 141
144 7
144 70
145 82
145 136
146 40
146 75
146 112
147 26
147 53
147 70
148 0
148 4
148 44
148 47
148 71
148 125
149 14
149 120
150 14
150 19
150 38
150 114
150 116
150 155
151 13
151 34
152 42
152 58
152 133
153 63
153 100
153 138
154 56
155 3
155 8
155 94
156 5
156 34
156 64
156 96
156 108
157 11
157 132
158 23
158 44
159 37
159 102
0 1 2 3 4 5 6 7 8 9 10 11 12 13 14 15 16 17 18 19 20 21 22 23 24 25 26 27 28 29 30 31 32 33 34 35 36 37 38 39
