160 1218 12
0 22
0 34
0 52
0 67
0 70
0 76
0 80
0 81
0 85
0 110
0 118
0 122
0 144
0 145
0 152
0 154
1 92
2 6
2 15
2 16
2 42
2 72
2 94
2 95
2 126
2 133
2 142
3 24
3 44
3 53
3 115
4 35
4 69
4 72
4 91
4 93
4 102
4 143
5 8
5 10
5 12
5 20
5 45
5 66
5 72
5 90
5 106
6 2
6 39
6 42
6 104
6 141
7 4
7 9
7 17
7 26
7 32
7 42
7 53
7 63
7 69
7 83
7 100
7 129
8 26
8 40
8 91
8 107
8 153
9 19
9 31
9 46
9 49
9 71
9 105
9 111
9 124
9 137
9 138
9 140
9 155
10 5
10 31
10 35
10 100
10 122
10 137
10 144
10 149
11 44
11 99
11 117
11 141
11 151
12 5
12 9
12 36
12 61
12 77
12 103
12 105
12 145
13 19
13 21
13 33
13 37
13 53
13 91
13 116
13 118
14 34
14 42
14 82
14 114
14 117
14 144
15 2
15 16
15 48
15 79
15 117
15 141
15 153
16 2
16 15
16 39
16 81
16 94
16 96
16 117
16 122
16 124
17 32
17 47
17 49
17 66
17 108
18 41
18 60
18 92
18 123
18 127
19 9
19 13
19 41
19 59
19 76
19 87
19 106
19 127
20 15
20 21
20 32
20 34
20 45
20 56
20 57
20 69
20 114
20 143
21 13
21 20
21 36
21 52
21 93
21 146
21 149
21 158
22 24
22 38
22 70
22 126
23 89
23 92
23 107
23 123
24 3
24 22
24 28
24 51
24 94
24 100
24 101
24 138
24 140
25 5
25 53
25 104
25 128
25 137
25 140
25 141
25 149
25 150
25 159
26 7
26 50
26 69
26 135
27 38
27 41
27 53
27 63
27 75
27 76
27 77
27 90
27 114
27 123
27 150
27 154
28 24
28 41
28 50
28 69
28 82
28 90
28 92
28 127
28 129
28 144
29 45
29 70
29 105
29 137
29 141
29 156
30 45
30 48
30 53
30 54
30 55
30 72
30 101
30 102
31 9
31 10
31 40
31 49
31 51
31 157
32 7
32 17
32 34
32 48
32 125
32 139
33 7
33 13
33 15
33 41
33 46
33 70
33 75
33 111
33 134
33 138
33 145
33 156
34 0
34 14
34 20
34 32
34 41
34 86
34 89
34 96
34 113
34 139
34 148
34 157
35 4
35 10
35 47
35 55
35 68
35 102
35 147
35 148
35 158
36 12
36 21
36 46
36 55
36 58
36 73
36 80
36 83
36 114
36 121
36 123
36 134
36 148
37 3
37 13
37 41
37 72
37 90
37 102
37 136
37 142
37 150
38 22
38 27
38 76
38 126
38 140
38 143
38 152
39 6
39 16
39 78
39 92
39 131
40 8
40 31
40 57
40 79
40 80
40 88
40 110
41 18
41 28
41 33
41 34
41 37
41 42
41 73
41 98
41 149
42 2
42 6
42 7
42 11
42 14
42 41
42 54
42 55
42 132
42 145
42 149
43 38
43 41
43 61
43 119
43 128
43 141
43 145
43 150
44 11
44 20
44 60
44 77
44 82
45 1
45 5
45 12
45 20
45 30
45 46
45 69
45 72
45 143
45 151
46 33
46 36
46 71
46 88
46 112
46 115
46 146
47 35
47 119
47 147
47 155
48 15
48 32
48 40
48 117
48 118
48 140
49 17
49 22
49 31
49 59
49 63
49 103
49 116
49 123
49 128
49 138
49 141
49 152
50 28
50 52
50 93
50 96
50 112
50 115
50 125
50 129
50 144
50 150
51 72
51 88
51 102
51 109
51 120
52 0
52 21
52 50
52 59
52 60
52 62
52 69
52 84
52 119
52 120
52 127
53 25
53 27
53 52
53 70
53 91
53 126
53 157
54 13
54 30
54 37
54 42
54 80
54 109
54 129
54 144
55 27
55 35
55 86
55 93
55 107
55 113
55 115
56 20
56 30
56 61
56 64
56 99
56 128
57 11
57 20
57 28
57 73
57 142
58 8
58 31
58 73
58 90
58 102
58 142
59 49
59 52
59 93
59 98
59 108
59 111
59 113
59 146
60 7
60 18
60 19
60 44
60 52
60 112
60 150
60 157
61 0
61 56
61 152
62 61
63 7
63 27
63 40
63 49
63 65
63 101
63 133
64 7
64 56
64 100
64 142
65 63
65 111
65 125
65 132
65 153
66 5
66 77
66 78
66 106
66 111
66 127
66 137
67 56
67 68
67 81
67 83
68 1
68 31
68 67
68 69
68 70
68 76
68 115
68 120
69 4
69 7
69 20
69 28
69 34
69 39
69 42
69 52
69 68
69 72
69 82
69 84
69 117
69 140
69 144
70 0
70 5
70 22
70 29
70 33
70 53
70 68
70 91
70 96
70 106
70 126
70 147
71 9
71 41
71 84
71 115
71 153
72 2
72 4
72 5
72 30
72 31
72 32
72 37
72 45
72 58
72 121
73 7
73 20
73 36
73 41
73 51
73 58
73 140
74 1
74 120
74 145
75 16
75 27
75 37
75 76
75 85
75 104
75 111
75 151
76 0
76 19
76 27
76 38
76 68
76 75
77 12
77 26
77 27
77 55
77 66
77 69
77 71
77 80
77 82
77 89
77 120
77 121
78 39
78 74
78 142
78 156
79 7
79 15
79 40
79 131
79 158
80 0
80 36
80 40
80 54
80 98
80 126
80 152
81 16
81 67
81 89
81 93
81 108
81 127
82 14
82 28
82 31
82 38
82 53
82 56
82 77
82 90
82 114
82 115
82 151
83 7
83 36
84 41
84 52
84 69
84 90
84 151
85 0
85 21
85 34
85 75
85 104
85 108
85 120
85 124
85 153
86 55
86 56
86 105
86 138
86 153
86 159
87 19
87 83
87 150
87 153
88 15
88 40
88 69
88 102
88 151
88 159
89 34
89 37
89 68
89 69
89 75
89 77
89 81
89 92
89 113
89 130
89 150
90 5
90 9
90 27
90 28
90 58
90 119
90 120
91 4
91 8
91 13
91 15
91 21
91 26
91 53
91 93
91 111
91 119
91 147
91 155
92 1
92 18
92 28
92 89
92 94
93 1
93 4
93 50
93 55
93 59
93 81
93 92
93 112
93 124
93 127
93 128
93 136
93 138
93 146
94 2
94 16
94 24
94 99
94 107
94 133
94 134
94 154
95 2
95 4
95 87
95 97
95 118
96 13
96 34
96 50
96 53
96 70
96 83
96 127
96 131
96 150
96 158
97 18
97 66
97 95
97 115
97 119
97 127
97 140
97 148
97 149
97 158
98 41
98 80
98 130
98 140
99 0
99 1
99 11
99 56
99 81
99 94
99 118
99 124
99 126
99 128
99 132
99 148
100 7
100 64
100 102
100 122
100 135
101 13
101 24
101 30
101 34
101 94
101 108
101 134
102 4
102 23
102 30
102 35
102 37
102 58
102 127
102 143
103 12
103 16
103 23
103 49
103 106
103 110
103 154
104 6
104 39
104 57
104 85
104 89
104 109
104 136
104 144
104 159
105 9
105 29
105 31
105 66
105 88
105 119
106 5
106 10
106 19
106 59
106 66
106 73
106 131
106 146
107 8
107 23
107 28
107 55
107 94
107 132
107 145
107 149
108 17
108 53
108 85
108 120
108 142
108 152
109 1
109 51
109 54
109 81
109 114
109 135
109 136
110 0
110 60
110 112
110 120
110 146
111 5
111 6
111 9
111 25
111 33
111 59
111 63
111 65
111 75
111 87
111 91
111 129
112 60
112 100
112 154
113 55
113 59
113 75
114 6
114 14
114 20
114 27
114 36
114 123
114 130
114 145
115 0
115 3
115 31
115 46
115 55
115 68
115 71
115 155
116 32
116 49
116 51
116 54
116 94
116 142
117 11
117 15
117 16
117 48
117 69
117 148
118 0
118 13
118 16
118 48
118 70
119 0
119 9
119 17
119 20
119 43
119 47
119 52
119 90
119 91
119 97
119 135
120 51
120 52
120 74
120 77
120 86
120 90
120 108
120 110
120 146
121 36
121 40
121 71
121 72
121 77
121 110
121 123
121 127
121 142
121 147
122 0
122 10
122 33
122 100
122 126
122 129
122 150
123 27
123 49
123 53
123 66
123 70
123 114
123 124
123 127
123 134
124 9
124 85
124 93
124 99
124 117
124 123
124 136
124 148
125 32
125 48
125 50
125 65
125 88
125 106
125 136
126 38
126 53
126 68
126 122
126 153
127 15
127 18
127 28
127 81
127 93
127 102
127 121
127 123
127 132
127 147
127 154
128 36
128 56
128 93
128 99
128 100
128 117
128 130
128 134
128 146
128 157
129 7
129 28
129 34
129 49
129 54
129 111
129 124
129 137
129 144
129 159
130 22
130 89
130 98
130 110
131 18
131 39
131 79
131 138
131 159
132 42
132 95
132 99
132 107
132 153
133 2
133 63
133 64
133 87
133 146
133 152
133 156
134 27
134 33
134 36
134 38
134 94
134 123
134 128
134 137
134 143
134 159
135 22
135 51
135 100
135 109
135 113
135 119
135 138
135 150
136 37
136 93
136 104
136 125
137 10
137 19
137 27
137 29
137 66
137 113
138 9
138 24
138 33
138 86
138 131
138 152
138 155
138 157
138 159
139 18
139 32
139 77
140 9
140 24
140 38
140 73
140 97
140 98
141 6
141 11
141 25
141 29
141 43
141 71
141 82
141 104
141 142
141 144
141 150
142 2
142 28
142 37
142 57
142 58
142 64
142 108
142 113
142 121
142 141
142 151
143 20
143 37
143 38
143 53
143 83
143 102
143 134
143 144
143 152
144 0
144 3
144 28
144 50
144 54
144 79
144 104
144 116
144 129
144 143
145 12
145 65
145 107
145 121
145 134
145 141
146 3
146 21
146 46
146 67
146 89
146 93
146 106
146 120
146 128
146 133
146 134
146 147
146 149
147 35
147 43
147 47
147 49
147 70
147 85
147 121
147 127
147 146
148 7
148 34
148 35
148 36
148 41
148 99
148 117
148 124
148 139
149 10
149 21
149 25
149 41
149 42
149 64
149 85
149 107
149 147
149 155
150 27
150 37
150 43
150 54
150 60
150 87
150 89
150 96
150 99
150 116
150 135
150 141
151 11
151 21
151 47
151 58
151 59
151 75
151 82
151 84
151 126
151 136
151 142
152 0
152 23
152 30
152 38
152 49
152 80
152 84
152 108
152 133
152 143
153 8
153 25
153 28
153 61
153 65
153 71
153 86
153 100
153 105
153 126
153 132
153 140
154 0
154 94
154 103
154 112
154 127
154 156
155 6
155 47
155 91
155 115
155 138
155 149
156 33
156 53
156 66
156 78
156 83
156 104
156 133
156 135
157 21
157 34
157 44
157 53
157 60
157 138
157 151
158 21
158 65
158 79
158 97
158 118
159 24
159 25
159 81
159 88
159 104
159 131
159 134
159 138
0 1 2 3 4 5 6 7 8 9 10 11
