160 1218 24
0 1
0 4
0 6
0 24
0 26
0 39
0 55
0 63
0 79
0 98
0 149
1 74
1 86
1 129
1 150
1 156
2 124
3 46
3 50
3 63
3 93
3 125
3 157
4 0
4 13
4 27
4 29
4 39
4 66
4 80
4 140
4 146
5 12
5 30
5 39
5 67
5 84
5 150
5 151
5 154
5 155
6 0
6 8
6 11
6 32
6 46
6 71
6 80
6 86
6 93
6 103
6 113
7 33
7 82
7 83
7 147
8 6
8 13
8 40
8 46
8 140
9 0
9 29
9 58
9 67
9 104
9 129
9 145
10 24
10 43
10 67
10 89
10 92
10 94
10 96
10 97
10 134
10 148
11 55
11 76
11 80
11 107
11 116
11 122
11 133
11 158
12 5
12 17
12 36
12 47
12 56
12 121
12 140
13 3
13 4
13 8
13 10
13 12
13 14
13 32
13 37
13 54
13 85
13 105
13 109
13 132
13 135
14 13
14 28
14 34
14 39
14 42
14 46
14 70
14 143
14 146
15 11
15 20
15 24
15 53
15 65
15 79
15 111
15 112
15 142
15 149
16 49
16 92
16 101
16 112
16 140
16 141
16 144
17 12
17 42
17 91
17 94
17 115
17 116
17 137
17 151
18 24
18 88
18 100
18 150
19 22
19 25
19 87
19 96
19 119
19 139
19 142
19 151
20 7
20 15
20 30
20 34
20 42
20 53
20 59
20 69
20 79
20 98
21 37
21 38
21 40
21 83
21 104
21 127
22 25
22 57
22 85
22 125
22 159
23 20
23 71
23 77
23 151
24 10
24 15
24 18
24 33
24 52
24 64
24 79
24 82
24 108
24 129
24 136
24 152
25 19
25 22
25 32
25 50
25 70
25 76
25 78
25 82
25 114
25 124
25 127
25 134
26 0
26 16
26 82
26 91
26 145
26 158
27 40
27 59
27 88
27 89
27 107
27 148
27 157
28 8
28 14
28 68
28 85
28 108
28 121
28 138
28 146
29 4
29 6
29 9
29 65
29 115
29 154
30 3
30 5
30 20
30 27
30 35
30 92
30 128
30 135
30 146
31 89
31 94
31 97
31 99
31 123
31 133
32 6
32 13
32 34
32 53
32 72
32 83
32 87
32 112
33 7
33 21
33 25
33 41
33 62
34 14
34 26
34 32
34 68
34 73
34 100
34 136
34 145
34 150
34 154
34 155
35 2
35 30
35 46
35 52
35 66
35 71
35 78
35 84
35 88
36 12
36 103
36 105
37 1
37 7
37 13
37 21
37 74
37 108
37 116
37 118
37 120
37 147
37 152
37 157
38 21
38 39
38 43
38 72
38 107
38 128
38 130
38 131
38 136
38 139
39 0
39 4
39 5
39 14
39 17
39 28
39 38
39 42
39 65
39 74
39 89
39 139
40 8
40 21
40 27
40 43
40 47
40 77
40 125
40 150
40 159
41 3
41 33
41 60
41 81
41 123
42 14
42 17
42 20
42 39
42 63
42 88
42 111
42 118
43 10
43 38
43 40
43 53
43 55
43 67
43 91
43 131
43 158
44 16
44 79
44 92
45 48
45 106
45 131
46 3
46 6
46 9
46 43
46 95
46 115
46 124
46 146
47 18
47 40
47 42
47 56
47 64
47 67
47 73
47 88
47 93
47 94
47 112
47 130
47 141
47 151
48 6
48 24
48 40
48 45
48 86
48 93
48 121
48 126
48 131
48 139
48 151
49 9
49 16
49 68
49 73
49 81
49 83
49 119
49 144
49 156
50 3
50 14
50 20
50 67
50 86
50 114
50 116
50 156
51 72
51 95
51 119
51 142
51 145
51 150
51 154
52 2
52 21
52 24
52 35
52 58
52 96
52 130
52 157
53 15
53 20
53 43
53 56
53 67
53 84
53 90
53 103
53 135
53 142
53 158
54 13
54 58
54 123
54 148
54 150
55 0
55 11
55 35
55 45
55 60
55 74
55 121
55 139
55 158
56 12
56 53
56 54
56 57
56 86
57 22
57 34
57 43
57 56
57 68
57 125
57 143
58 9
58 28
58 52
58 54
58 71
58 80
58 84
58 156
59 20
59 27
59 54
59 56
59 106
59 112
59 113
59 115
59 142
59 147
60 23
60 41
60 55
60 97
60 104
60 106
60 141
61 57
61 63
61 92
61 108
61 118
61 138
62 16
62 88
62 116
63 3
63 30
63 42
63 61
63 71
63 77
63 83
63 113
63 121
63 125
63 150
64 32
64 47
64 97
64 101
64 143
64 150
65 15
65 29
65 34
65 39
65 104
65 121
65 134
65 139
66 4
66 21
66 23
66 35
66 54
66 92
66 111
66 117
67 5
67 9
67 10
67 43
67 50
67 88
67 112
67 120
67 125
67 134
68 28
68 57
68 111
68 116
68 148
68 154
69 20
69 93
69 107
69 110
70 4
70 14
70 128
70 148
70 149
71 6
71 35
71 58
71 63
71 74
71 95
71 99
71 105
71 119
71 121
72 32
72 38
72 45
72 51
72 97
72 114
72 127
72 148
73 34
73 47
73 49
73 112
73 129
73 137
74 1
74 37
74 39
74 55
74 71
74 121
74 154
75 58
75 77
75 97
75 110
75 119
75 152
76 80
76 104
76 123
76 125
76 133
76 156
77 19
77 40
77 63
77 75
77 84
77 110
77 127
77 130
77 135
77 139
77 147
78 13
78 17
78 25
78 86
78 114
79 0
79 20
79 24
79 42
79 44
79 90
79 149
80 6
80 11
80 41
80 58
80 60
80 126
80 127
81 33
81 41
81 49
81 50
81 65
81 73
81 90
81 158
82 25
82 97
82 109
82 134
82 157
83 19
83 32
83 49
83 128
83 148
84 5
84 33
84 35
84 36
84 53
84 58
84 64
84 77
84 86
84 119
84 130
85 2
85 10
85 22
85 57
85 130
86 1
86 6
86 20
86 41
86 56
86 78
86 90
86 104
86 115
87 32
87 111
87 113
87 126
88 18
88 27
88 35
88 37
88 42
88 43
88 67
88 87
88 89
88 101
88 127
88 132
89 6
89 10
89 27
89 31
89 60
89 97
89 113
89 115
89 121
89 139
89 141
90 5
90 79
90 81
90 86
90 95
90 96
90 107
90 108
90 115
90 124
90 128
90 138
90 157
91 26
91 115
91 139
91 141
91 145
91 147
92 10
92 30
92 61
92 66
92 84
92 90
92 144
93 3
93 6
93 12
93 40
93 47
93 69
93 104
93 118
93 121
93 127
93 136
93 151
94 31
94 96
94 98
94 112
94 117
94 136
95 32
95 46
95 51
95 104
95 119
95 133
95 144
96 52
96 138
96 155
97 0
97 10
97 57
97 60
97 64
97 69
97 75
97 82
97 89
97 109
97 113
97 136
97 152
98 0
98 19
98 20
98 47
98 56
98 75
98 94
98 158
99 31
99 93
99 129
99 144
99 153
100 18
100 34
100 125
100 135
101 63
101 81
101 88
101 106
101 118
101 126
101 147
102 8
102 78
102 109
102 120
102 123
103 6
103 10
103 14
103 74
103 102
103 110
103 119
103 145
104 9
104 21
104 34
104 60
104 62
104 65
104 66
104 76
104 82
104 95
104 139
105 13
105 36
105 43
105 138
105 146
105 149
106 39
106 45
106 59
106 103
106 111
106 126
106 149
107 0
107 11
107 27
107 33
107 35
107 69
107 90
107 127
107 134
107 146
108 24
108 28
108 61
108 65
108 90
108 91
109 13
109 63
109 81
109 82
109 97
109 102
110 56
110 77
110 102
110 150
110 158
111 30
111 37
111 42
111 66
111 68
111 77
111 106
111 116
111 154
111 157
112 15
112 16
112 32
112 47
112 59
112 73
112 155
113 6
113 59
113 63
113 81
113 87
113 97
113 132
113 151
114 50
114 67
114 72
114 155
115 17
115 29
115 46
115 58
115 59
115 79
115 89
115 90
115 91
115 128
115 133
115 158
116 22
116 50
116 88
116 111
116 126
116 131
117 14
117 40
117 118
117 120
117 122
117 146
118 29
118 37
118 42
118 61
118 81
118 101
118 117
118 138
118 155
119 19
119 25
119 49
119 71
119 75
119 84
119 95
119 103
119 125
119 156
120 23
120 37
120 64
120 102
120 117
120 126
120 158
121 12
121 16
121 28
121 48
121 55
121 63
121 65
121 74
121 89
121 93
121 109
121 148
122 11
122 72
122 99
122 141
122 145
122 151
122 152
123 9
123 41
123 54
123 58
123 76
123 135
123 139
123 151
123 152
124 2
124 25
124 90
124 151
124 157
125 3
125 22
125 28
125 57
125 63
125 67
125 76
125 100
125 115
125 119
125 147
125 157
126 87
126 111
126 116
126 120
126 144
127 21
127 23
127 67
127 77
127 88
127 98
127 141
128 34
128 38
128 45
128 68
128 71
128 83
128 115
128 134
129 24
129 73
129 91
129 102
129 149
130 44
130 46
130 47
130 60
130 77
130 84
130 97
130 141
130 145
131 43
131 45
131 61
131 70
131 116
132 15
132 88
132 111
132 113
132 114
132 119
132 142
132 146
132 153
133 11
133 49
133 53
133 76
133 115
134 10
134 51
134 65
134 67
134 73
134 82
134 128
135 13
135 30
135 123
136 24
136 34
136 38
136 80
136 83
136 87
136 94
136 121
137 17
137 21
137 73
138 28
138 61
138 63
138 90
138 105
138 118
139 12
139 15
139 19
139 38
139 39
139 55
139 77
139 104
139 123
139 137
139 142
140 8
140 12
140 16
141 16
141 60
141 89
141 91
141 127
141 146
142 15
142 19
142 59
142 132
142 150
142 157
143 21
143 45
143 57
143 64
143 65
143 71
144 49
144 69
144 95
144 97
144 111
144 126
144 152
144 157
145 9
145 34
145 85
145 91
145 103
145 114
145 122
145 130
145 159
146 4
146 14
146 28
146 30
146 46
146 66
146 78
146 105
146 107
146 116
146 141
146 157
147 7
147 37
147 59
147 75
147 77
147 83
147 91
147 101
147 125
148 4
148 6
148 10
148 27
148 51
148 54
148 60
148 68
148 72
148 76
148 121
148 158
149 0
149 15
149 70
149 105
149 106
149 110
149 114
149 129
149 144
149 150
149 155
150 1
150 5
150 18
150 24
150 25
150 34
150 40
150 51
150 64
150 142
150 149
150 152
151 23
151 70
151 72
151 85
151 93
151 122
151 124
151 138
152 24
152 37
152 75
152 97
152 144
152 145
153 47
153 70
153 99
153 132
153 150
154 29
154 33
154 34
154 51
154 68
154 111
154 130
155 5
155 34
155 96
155 114
155 118
155 149
155 157
156 1
156 4
156 49
156 50
156 58
156 66
156 113
156 158
157 3
157 8
157 27
157 59
157 86
157 90
157 125
157 131
157 142
157 146
157 155
157 156
158 18
158 26
158 43
158 53
158 98
158 110
158 120
158 148
159 4
159 40
159 85
159 143
159 145
0 1 2 3 4 5 6 7 8 9 10 11 12 13 14 15 16 17 18 19 20 21 22 23
