160 489 24
0 3
0 17
0 18
0 75
0 95
0 110
0 113
0 130
0 145
1 6
1 27
1 90
2 13
2 15
2 25
2 91
3 65
4 69
4 120
4 150
5 16
5 56
5 57
6 1
6 17
6 18
6 81
7 18
7 25
7 83
7 132
7 146
8 97
9 39
9 138
10 12
10 28
11 14
11 36
11 111
11 132
12 10
12 21
12 53
12 142
13 1
13 2
13 18
13 110
13 118
13 124
14 11
14 75
14 108
14 117
15 4
15 58
15 74
15 141
15 159
16 5
16 94
17 0
17 6
17 151
18 0
18 7
18 13
18 112
19 76
19 124
20 94
20 145
21 12
21 20
21 27
21 91
21 133
21 148
22 20
22 28
22 61
23 15
23 78
23 116
23 149
24 25
24 43
24 115
25 2
25 7
25 108
26 66
27 1
27 21
27 77
27 101
27 134
28 4
28 7
28 10
28 22
28 33
28 74
28 106
28 112
29 59
29 113
29 126
29 145
30 66
30 142
31 121
31 135
31 144
32 0
33 37
33 51
33 75
33 107
33 113
33 131
33 149
34 46
34 91
34 147
34 153
35 26
35 30
35 81
36 8
36 132
37 33
37 89
38 72
38 88
38 89
38 127
39 9
39 68
39 85
39 118
41 33
41 135
42 78
43 24
43 47
43 55
43 115
43 151
45 19
45 21
45 64
45 123
45 133
46 34
46 71
47 17
47 43
47 58
47 79
47 136
47 144
48 61
48 155
49 8
49 24
49 35
49 71
49 84
49 98
49 117
50 36
50 43
50 53
50 153
51 71
51 73
51 135
51 140
51 156
52 77
53 90
54 65
54 82
54 155
55 40
55 51
55 69
55 107
56 5
56 105
56 155
57 5
57 61
57 73
57 130
58 15
59 3
59 29
59 95
59 142
59 155
60 46
61 22
61 48
61 57
62 64
63 3
63 84
63 123
64 10
64 45
64 51
64 62
64 125
65 3
65 99
66 1
66 26
66 30
67 99
67 156
68 82
68 131
69 4
69 55
70 68
70 122
71 46
71 49
71 83
71 105
72 38
73 15
73 57
73 84
73 107
74 28
74 76
74 97
74 121
74 126
75 14
75 33
75 88
75 89
75 96
75 109
76 19
76 49
76 74
76 80
77 84
78 23
78 42
78 122
78 140
79 22
79 75
79 116
80 68
80 76
81 6
81 35
82 54
82 68
83 109
83 111
83 149
83 154
84 3
84 49
84 63
84 154
85 130
86 114
86 121
86 152
87 96
87 151
88 38
88 153
89 37
89 38
89 125
90 1
90 53
90 59
90 107
90 131
91 2
91 34
91 149
92 67
93 8
93 58
93 157
93 159
94 16
94 20
94 84
94 120
95 0
95 114
96 13
96 83
96 87
96 88
97 8
97 74
97 146
98 49
99 122
100 118
100 146
101 27
101 42
101 129
101 134
101 144
102 131
103 155
104 91
104 108
104 145
105 56
105 71
105 128
105 155
106 19
106 28
107 33
107 55
107 73
107 90
107 99
108 14
108 25
108 131
108 140
109 75
109 110
110 0
110 13
110 109
111 83
112 41
112 74
113 0
113 29
113 111
113 134
114 86
114 95
115 24
115 54
115 133
116 23
116 129
117 14
117 49
118 13
118 39
118 61
120 4
120 94
121 31
121 49
121 74
121 86
121 120
121 152
122 36
122 70
122 78
122 99
123 45
123 56
123 63
123 141
123 153
124 13
124 19
124 44
124 65
125 64
127 38
128 2
128 105
128 154
129 12
129 51
129 101
129 150
130 57
130 63
130 85
131 33
131 90
131 99
131 108
131 119
131 132
132 11
132 128
132 131
133 21
133 115
133 135
134 27
134 28
134 101
134 113
135 31
135 41
135 51
135 128
135 133
136 47
136 140
137 46
138 9
138 30
138 68
138 142
139 82
139 150
140 51
140 108
140 136
141 88
141 123
142 12
142 14
142 30
142 59
143 77
144 21
144 31
144 101
145 0
145 20
145 29
146 7
146 97
146 100
146 107
146 158
147 0
147 34
147 149
148 21
148 42
148 52
149 33
149 91
149 147
150 4
150 129
150 139
151 17
151 43
151 87
151 119
152 86
152 118
152 142
153 50
153 88
153 120
153 123
154 83
154 84
154 128
155 54
155 56
155 59
155 94
155 103
156 51
156 56
157 13
157 61
157 93
157 118
158 146
159 15
159 93
0 1 2 3 4 5 6 7 8 9 10 11 12 13 14 15 16 17 18 19 20 21 22 23
