160 396 12
0 29
0 79
0 85
0 103
0 159
1 29
1 83
1 101
1 109
2 116
3 52
3 74
4 79
4 126
5 87
6 19
6 37
7 102
7 136
8 33
8 101
9 36
9 100
9 106
9 109
9 120
9 138
9 143
9 150
9 154
10 118
10 121
11 19
12 118
13 41
13 42
13 49
13 95
13 139
14 148
15 77
15 99
15 149
16 98
16 143
17 101
18 50
18 83
18 133
19 6
19 11
19 63
20 123
21 58
21 85
21 123
22 127
23 8
23 28
23 66
23 128
24 139
24 142
25 135
26 100
26 115
26 132
27 90
27 155
29 1
29 108
29 119
29 139
30 59
30 83
32 61
33 8
33 55
34 46
34 59
34 61
34 109
35 51
35 125
35 152
36 9
36 56
36 138
36 152
37 6
37 57
37 74
37 157
38 137
39 56
40 62
40 79
41 13
41 136
42 13
43 47
43 135
44 119
44 127
45 62
47 43
47 149
47 150
48 72
48 83
49 13
49 135
50 18
50 62
50 112
50 148
51 35
51 142
52 3
53 68
53 125
54 84
54 130
54 141
54 154
55 25
55 33
55 84
55 148
55 156
56 36
56 39
56 74
56 113
57 37
57 100
57 122
58 21
59 30
60 99
61 32
61 34
61 138
62 45
62 50
62 114
63 10
63 19
64 125
64 157
65 63
65 85
66 23
66 148
67 116
67 124
68 53
68 137
69 28
70 62
70 75
70 110
71 106
72 7
72 48
72 133
73 138
73 142
74 3
74 37
74 56
75 70
76 101
77 15
77 132
78 58
78 84
78 106
79 0
79 4
79 40
79 42
79 126
80 130
80 144
81 124
81 133
82 90
83 1
83 12
83 18
83 30
83 48
83 105
83 110
84 54
84 55
84 62
84 78
84 89
84 149
84 159
85 0
85 21
85 65
85 137
85 153
86 90
86 98
86 102
87 5
87 106
88 41
88 137
88 150
89 84
90 27
90 54
90 82
90 86
90 120
91 159
92 127
92 153
92 156
95 13
95 114
95 117
96 34
97 35
97 65
97 69
97 129
98 86
99 11
99 15
99 21
99 60
100 0
100 6
100 9
100 26
100 57
100 112
100 155
101 1
101 8
101 17
101 76
102 7
102 86
102 136
103 0
103 145
103 159
104 38
106 9
106 71
106 78
106 87
109 1
109 9
109 34
109 151
110 83
110 91
111 21
111 76
111 156
112 50
112 100
113 56
113 99
114 12
114 62
114 158
115 26
115 120
116 2
116 67
117 92
117 95
117 138
118 6
118 12
119 29
119 44
119 155
120 9
120 90
120 115
121 10
121 26
121 29
122 31
122 57
122 98
123 20
123 21
123 133
123 142
124 13
124 26
124 81
124 93
124 118
125 35
125 64
125 86
125 105
125 138
126 4
126 59
126 79
127 44
127 92
127 140
128 23
129 97
130 19
130 54
130 144
131 144
132 26
132 77
133 18
133 81
134 53
134 150
135 1
135 25
135 43
135 49
136 7
136 41
136 67
136 102
137 38
137 68
137 88
138 36
138 61
138 73
138 125
139 13
139 16
139 24
139 29
140 127
141 54
142 24
142 51
142 123
143 9
143 16
143 21
144 80
144 130
144 131
144 147
145 103
146 154
147 102
147 144
148 50
148 55
148 66
148 94
149 15
149 47
149 84
150 2
150 7
150 9
150 88
150 134
151 107
152 35
152 151
153 85
153 92
153 113
154 9
154 23
154 54
154 156
155 27
155 100
155 119
156 55
156 92
158 114
159 0
159 84
159 91
159 103
0 1 2 3 4 5 6 7 8 9 10 11
