160 1218 7
0 2
0 17
0 29
0 37
0 41
0 49
0 59
0 70
0 75
0 85
0 102
0 124
0 129
0 132
0 137
0 151
1 28
1 57
1 112
1 114
2 13
2 36
2 59
2 63
2 78
2 79
2 90
2 91
3 17
3 28
3 29
3 94
3 113
3 116
3 128
3 139
4 46
4 91
4 98
4 107
4 117
4 121
5 10
5 33
5 72
5 73
5 75
5 95
5 129
5 136
6 38
6 55
6 69
6 70
6 81
6 142
6 147
7 1
7 62
7 86
7 110
7 140
8 34
8 68
8 84
8 113
8 121
8 123
8 130
8 140
8 144
9 27
9 32
9 74
9 87
9 130
9 151
10 5
10 12
10 25
10 27
10 51
10 53
10 60
10 78
10 82
10 103
10 107
10 134
10 156
11 1
11 13
11 14
11 17
11 48
11 67
11 80
11 88
11 118
11 119
11 128
12 10
12 19
12 78
12 82
12 89
13 2
13 11
13 51
13 104
13 105
13 114
13 115
13 133
14 11
14 20
14 74
14 80
14 124
15 7
15 32
15 36
15 96
15 113
15 148
15 157
16 19
16 23
16 30
16 92
16 155
17 0
17 11
17 24
17 45
17 56
17 97
17 135
18 27
18 85
18 122
18 155
19 12
19 16
19 62
19 71
19 117
19 147
19 157
20 14
20 24
20 35
20 41
20 54
20 61
20 67
20 71
20 73
20 77
20 85
20 139
21 6
21 32
21 58
21 62
21 78
21 90
21 116
21 139
21 155
22 36
22 83
22 86
22 138
22 152
23 6
23 16
23 83
23 84
23 140
24 20
24 31
24 53
24 55
24 57
24 72
24 129
25 10
25 15
25 29
25 75
25 123
25 130
25 145
25 157
26 53
26 60
26 95
26 108
26 116
27 18
27 88
27 109
27 111
27 123
27 136
27 144
27 156
27 158
28 1
28 36
28 64
28 67
28 105
28 115
28 137
29 0
29 3
29 25
29 60
29 65
29 70
29 75
29 78
29 92
29 97
29 111
29 121
29 124
29 145
29 150
29 159
30 39
30 53
30 68
30 70
30 72
30 141
30 155
31 34
31 66
31 93
31 101
31 102
32 0
32 3
32 9
32 15
32 21
32 62
32 83
32 88
32 152
33 5
33 40
33 44
33 60
33 61
33 81
33 101
33 123
33 146
34 8
34 31
34 48
34 61
34 76
34 110
34 112
34 119
35 20
35 47
35 52
35 70
35 72
35 104
35 114
35 118
35 137
36 2
36 8
36 15
36 22
36 28
36 38
36 43
36 62
36 80
36 83
36 90
36 93
36 108
36 122
36 144
37 46
37 71
37 119
37 126
37 133
37 148
38 6
38 22
38 36
38 114
38 123
38 132
38 156
39 38
39 56
39 75
39 102
39 146
40 32
40 33
40 50
40 90
40 96
40 104
40 142
41 0
41 96
41 124
41 151
42 62
42 85
42 108
42 141
43 5
43 20
43 36
43 49
43 84
43 85
43 91
43 155
44 33
44 49
44 67
44 91
44 96
44 101
44 111
44 152
45 17
45 75
45 83
45 115
45 117
46 4
46 37
46 49
46 71
46 72
46 97
46 104
46 109
46 141
46 145
47 61
47 80
47 108
47 118
48 11
48 56
48 61
48 100
48 118
48 152
49 0
49 3
49 39
49 43
49 90
49 92
49 93
49 105
49 115
49 128
49 155
50 35
50 40
50 84
50 135
50 150
51 6
51 10
51 13
51 52
51 85
51 103
51 117
51 131
51 144
51 146
52 32
52 51
52 57
52 106
52 145
52 152
53 1
53 10
53 24
53 26
53 30
53 58
53 90
53 101
53 128
53 148
53 150
54 1
54 20
54 38
54 41
54 81
54 92
54 110
54 138
54 150
55 1
55 11
55 27
55 132
55 159
56 39
56 48
56 73
56 84
56 110
56 126
56 156
57 1
57 24
57 53
57 71
57 98
57 118
57 135
57 155
58 21
58 53
58 63
58 117
58 122
58 127
59 0
59 2
59 50
59 68
59 84
59 126
59 141
60 29
60 33
60 74
60 103
60 104
60 122
60 140
61 33
61 34
61 47
61 48
61 93
61 103
61 159
62 7
62 21
62 29
62 42
62 63
62 80
62 100
62 109
62 110
62 134
62 135
62 150
63 2
63 53
63 58
63 62
63 80
63 107
63 116
64 28
64 68
64 148
64 159
65 29
65 81
65 111
65 124
65 126
66 23
66 31
66 70
66 80
66 92
66 115
66 130
67 7
67 20
67 21
67 28
67 44
67 45
67 65
67 72
67 111
67 112
67 136
68 20
68 59
68 64
68 75
68 96
69 9
69 21
69 39
69 89
69 113
69 119
69 129
69 143
69 147
70 6
70 29
70 35
70 66
71 19
71 20
71 57
71 95
71 99
71 150
71 153
72 5
72 10
72 24
72 30
72 35
72 46
72 67
72 97
72 105
73 5
73 20
73 56
73 88
73 110
73 130
73 141
73 144
74 9
74 60
74 95
74 105
74 124
75 0
75 5
75 16
75 23
75 28
75 29
75 39
75 45
75 77
75 82
75 88
75 102
75 105
75 136
76 34
76 59
76 65
76 81
76 84
76 112
76 116
76 156
77 20
77 43
77 95
77 97
77 104
77 128
78 10
78 12
78 15
78 29
78 83
78 97
78 112
78 118
78 134
79 2
79 72
79 109
79 123
79 145
79 151
79 152
80 11
80 18
80 26
80 36
80 47
80 62
80 63
80 66
80 69
80 133
81 6
81 13
81 29
81 54
81 65
81 76
81 100
81 134
81 150
81 158
82 0
82 10
82 12
82 15
82 53
82 75
82 89
83 5
83 22
83 23
83 32
83 45
83 78
83 79
83 89
83 95
83 106
84 8
84 43
84 50
84 56
84 59
84 74
84 76
84 87
84 92
84 95
84 119
84 132
85 0
85 18
85 20
85 43
85 79
85 120
85 131
85 133
85 142
86 7
86 13
86 78
86 112
86 144
87 0
87 9
87 19
87 72
87 92
87 100
87 116
87 124
87 133
87 155
87 156
88 3
88 11
88 32
88 58
88 73
88 75
88 146
89 31
89 37
89 55
89 69
89 81
89 83
89 96
89 117
89 126
90 2
90 7
90 21
90 40
90 49
90 53
90 129
91 2
91 32
91 42
91 107
91 113
91 139
92 8
92 16
92 29
92 40
92 49
92 54
92 70
92 84
92 101
92 105
92 134
93 31
93 36
93 49
93 52
93 58
93 61
93 129
93 132
93 139
93 149
94 3
94 39
94 112
95 5
95 7
95 26
95 55
95 77
95 82
95 84
95 144
96 2
96 15
96 34
96 40
96 44
96 68
96 123
97 17
97 29
97 64
97 72
97 77
97 109
97 114
97 129
97 145
98 12
98 25
98 57
98 108
98 119
98 128
99 62
99 71
99 76
99 121
99 123
99 132
99 141
99 152
100 48
100 60
100 87
100 105
100 123
101 31
101 33
101 53
101 92
101 126
102 0
102 39
102 66
102 73
102 75
102 100
102 106
102 117
102 135
102 153
103 23
103 28
103 34
103 60
103 110
103 112
103 132
103 134
103 139
104 35
104 77
104 87
104 128
104 156
105 13
105 28
105 31
105 49
105 72
105 74
105 75
105 82
105 100
105 141
105 142
106 40
106 67
106 84
106 109
106 124
106 150
107 4
107 10
107 33
107 62
107 63
107 119
107 128
108 29
108 36
108 42
108 47
108 56
108 98
108 100
108 113
108 116
108 119
108 131
108 143
109 15
109 27
109 62
109 75
109 92
109 106
109 118
110 6
110 7
110 42
110 56
110 58
110 73
110 74
110 118
110 126
110 128
111 29
111 43
111 44
111 67
111 77
112 0
112 1
112 9
112 34
112 48
112 60
112 76
112 86
112 94
112 103
112 121
112 149
112 154
113 3
113 8
113 19
113 41
113 91
113 108
113 120
113 121
114 1
114 13
114 35
114 111
114 134
115 13
115 29
115 66
115 70
115 90
115 132
115 134
115 144
116 3
116 21
116 76
116 104
116 130
116 150
117 4
117 51
117 58
117 89
117 101
117 102
117 112
117 132
117 142
118 22
118 47
118 57
118 109
118 114
118 119
118 132
118 136
119 11
119 31
119 34
119 37
119 68
119 107
119 108
119 153
119 155
120 85
120 113
120 127
120 139
120 146
121 8
121 61
121 65
121 112
121 140
121 151
121 157
122 10
122 18
122 36
122 58
122 67
122 113
122 145
123 8
123 27
123 33
123 38
123 79
123 96
123 99
123 100
123 140
123 150
124 0
124 14
124 29
124 41
124 74
124 106
124 127
124 133
125 26
125 109
125 133
125 141
125 143
125 144
125 155
126 22
126 37
126 39
126 56
126 59
126 65
126 72
126 79
126 83
126 89
126 110
126 143
126 150
127 49
127 78
127 105
127 124
127 139
127 144
128 3
128 8
128 11
128 21
128 27
128 98
128 104
128 107
128 110
128 134
128 142
129 0
129 5
129 24
129 71
129 90
129 97
129 117
129 138
130 8
130 9
130 66
130 116
130 158
131 85
131 109
131 132
132 38
132 55
132 62
132 84
132 93
132 99
132 115
132 117
132 131
132 136
132 137
133 13
133 16
133 21
133 37
133 80
133 85
133 87
133 134
133 145
134 10
134 62
134 78
134 103
134 114
134 115
134 133
135 20
135 50
135 55
135 57
135 62
135 102
136 5
136 27
136 81
136 114
136 118
137 0
137 28
137 35
137 42
137 132
137 144
138 54
138 80
138 103
138 129
138 131
139 3
139 20
139 21
139 54
139 91
139 103
139 120
139 127
139 137
139 152
140 7
140 8
140 23
140 60
140 121
141 14
141 42
141 59
141 73
141 99
141 125
142 6
142 40
142 42
142 61
142 78
142 105
142 117
142 128
143 69
143 99
143 126
143 144
143 145
143 159
144 20
144 24
144 27
144 36
144 51
144 73
144 77
144 78
144 86
144 125
144 127
144 128
144 137
144 143
145 10
145 29
145 31
145 65
145 79
145 83
145 97
145 122
145 133
145 143
145 149
146 33
146 39
146 56
146 88
146 120
146 152
147 3
147 37
147 55
147 58
147 154
148 30
148 37
148 53
148 64
149 19
149 34
149 62
149 145
150 29
150 32
150 45
150 50
150 53
150 54
150 56
150 62
150 81
150 106
150 116
150 123
150 126
150 154
151 0
151 41
151 47
151 79
152 32
152 48
152 52
152 54
152 113
152 146
153 67
153 71
153 90
153 111
153 119
153 128
154 62
154 63
154 120
154 133
154 150
155 18
155 21
155 30
155 43
155 57
155 84
155 87
155 119
155 125
155 140
155 149
155 150
155 158
156 10
156 18
156 27
156 38
156 56
156 87
157 15
157 19
157 25
157 82
157 121
158 0
158 4
158 15
158 27
158 81
158 131
159 29
159 31
159 55
159 61
159 104
159 113
159 119
159 143
0 1 2 3 4 5 6
