160 465 24
0 10
0 13
0 31
0 58
0 88
0 98
0 111
1 154
2 77
2 92
3 60
3 138
4 56
4 89
5 39
5 108
6 24
6 44
6 119
6 145
6 149
6 157
7 77
7 144
8 22
8 152
8 154
9 29
10 0
10 38
10 41
10 115
10 117
11 54
12 36
12 86
13 0
13 84
13 123
14 21
14 36
14 38
14 100
14 112
14 134
15 24
16 87
16 109
17 42
17 77
18 54
18 73
18 75
19 52
19 98
19 114
19 147
19 154
20 35
20 45
20 142
21 14
21 108
22 8
22 46
22 111
22 127
22 144
23 141
24 6
24 15
24 31
24 105
24 115
24 118
24 123
25 65
25 74
25 91
25 141
26 40
26 125
26 133
27 56
27 85
27 128
27 137
28 52
28 54
29 9
29 112
29 130
30 35
30 97
30 101
31 0
31 24
31 57
31 82
31 102
31 109
32 53
32 98
32 127
32 150
33 47
33 63
33 68
33 73
33 94
33 144
34 55
34 138
34 151
35 20
35 30
35 69
35 153
36 12
36 14
36 71
36 88
36 139
37 81
38 10
38 14
39 3
39 5
39 105
39 110
39 112
40 26
40 52
41 10
41 94
42 17
43 74
43 154
44 6
44 85
44 89
44 127
45 20
45 70
46 22
46 58
46 135
47 104
48 49
48 78
48 83
48 137
49 48
49 82
50 59
50 86
51 86
51 102
52 19
52 28
52 40
52 120
52 141
52 153
52 158
53 32
53 77
53 121
53 137
54 11
54 18
54 28
54 74
54 104
54 133
54 136
55 34
55 126
55 147
56 4
56 27
57 31
57 81
58 0
58 46
59 50
60 3
60 138
61 128
62 64
63 33
64 62
64 88
64 91
64 92
64 151
64 155
65 25
66 136
66 151
67 148
67 155
68 33
68 88
68 101
68 111
69 35
69 132
69 139
70 45
71 36
72 106
73 18
73 33
73 138
74 8
74 25
74 43
74 54
75 133
75 150
76 111
76 134
77 2
77 7
77 17
77 53
77 84
77 89
77 90
77 118
78 48
79 139
80 96
80 127
81 37
81 57
81 102
81 103
82 31
82 49
82 139
82 140
83 48
83 104
84 13
84 77
84 128
84 149
85 27
85 44
85 119
85 137
86 12
86 50
86 51
86 98
86 143
86 154
87 16
87 133
88 0
88 36
88 64
88 68
89 4
89 44
89 77
89 115
89 147
90 77
90 99
91 25
91 64
92 2
92 64
92 114
93 145
94 33
94 41
95 141
96 80
96 135
97 142
98 0
98 19
98 32
98 86
98 106
98 128
99 90
99 125
99 130
100 14
100 118
100 133
101 30
101 68
102 31
102 51
102 81
102 133
103 81
104 54
104 83
104 142
105 24
105 39
105 107
106 72
106 98
107 105
107 144
108 5
108 21
109 16
109 31
110 39
110 111
111 0
111 22
111 68
111 76
111 110
111 139
112 14
112 29
112 39
112 125
113 144
114 19
114 92
114 154
115 10
115 24
115 89
116 123
116 150
117 10
117 143
118 24
118 77
118 100
119 6
119 85
120 52
121 53
122 147
123 13
123 24
123 116
124 99
125 26
125 99
125 112
126 55
126 140
127 22
127 32
127 44
127 80
127 151
128 27
128 61
128 84
128 98
129 133
130 29
130 99
130 139
131 153
132 69
132 156
133 26
133 54
133 75
133 87
133 100
133 102
133 129
134 14
134 68
134 76
134 137
134 146
135 46
135 96
136 54
136 66
137 27
137 48
137 53
137 85
137 134
137 144
138 3
138 34
138 60
138 147
139 36
139 79
139 82
139 111
139 130
140 82
140 126
141 23
141 25
141 52
141 95
142 20
142 97
142 104
142 150
143 86
143 117
144 7
144 22
144 33
144 107
144 113
144 137
144 159
145 6
145 93
145 158
146 134
147 19
147 55
147 89
147 122
147 138
147 152
148 25
148 67
149 6
149 84
150 32
150 75
150 116
150 142
151 34
151 57
151 64
151 66
151 156
152 8
152 147
153 35
153 52
153 131
154 1
154 8
154 19
154 43
154 86
154 114
155 64
155 67
156 132
157 6
157 113
158 52
158 145
159 144
0 1 2 3 4 5 6 7 8 9 10 11 12 13 14 15 16 17 18 19 20 21 22 23
