160 1218 40
0 6
0 23
0 30
0 46
0 52
0 65
0 76
0 88
0 100
0 112
1 9
1 40
1 58
1 98
1 116
1 140
2 139
2 153
2 154
3 10
3 37
3 60
3 68
3 81
3 88
4 7
4 31
4 63
5 19
5 22
5 39
5 68
5 86
5 118
5 156
6 20
6 69
6 73
6 98
6 102
6 122
6 142
7 4
7 25
7 106
7 136
8 9
8 19
8 62
8 72
8 83
8 128
9 1
9 8
9 31
9 55
9 60
9 62
9 84
9 108
9 144
10 3
10 25
10 46
10 60
10 61
10 126
11 17
11 79
11 80
11 90
11 116
11 139
11 141
11 148
12 16
12 29
12 37
12 69
12 72
12 81
12 87
12 91
12 97
12 104
12 106
12 155
13 43
13 54
13 60
13 72
13 110
13 138
13 141
13 146
13 151
14 32
14 48
14 54
14 60
14 82
14 84
14 110
14 119
14 128
14 153
15 45
15 131
15 142
15 153
16 10
16 12
16 22
16 33
16 35
16 38
16 71
16 76
16 117
16 126
17 11
17 23
17 86
17 97
17 118
17 141
17 157
18 37
18 122
18 147
19 8
19 31
19 61
19 77
19 82
19 91
19 113
19 138
19 148
19 149
20 6
20 8
20 61
20 67
20 122
20 136
20 156
21 15
21 27
21 38
21 127
21 159
22 16
22 24
22 34
22 45
22 58
22 60
22 68
22 137
23 0
23 17
23 47
23 48
23 49
23 98
23 105
24 1
24 40
24 101
24 104
24 144
25 7
25 10
25 28
25 37
25 115
25 116
26 10
26 12
26 34
26 59
26 95
26 111
26 129
26 130
26 142
26 151
26 153
27 21
27 25
27 41
27 50
27 80
27 85
27 88
27 134
27 150
27 159
28 25
28 69
28 78
28 86
28 124
28 126
28 143
28 157
29 12
29 72
29 110
29 114
29 121
29 126
29 128
29 151
30 0
30 2
30 105
30 110
30 123
30 146
31 4
31 38
31 86
31 89
31 91
31 128
32 46
32 86
32 95
32 134
32 147
33 16
33 37
33 58
33 65
33 78
33 80
33 82
33 84
33 90
33 114
33 115
33 153
34 22
34 26
34 27
34 54
34 60
34 69
35 16
35 72
35 113
35 127
36 0
36 59
36 66
36 97
36 101
36 118
36 119
36 125
37 3
37 12
37 33
37 46
37 49
37 61
37 67
37 127
38 21
38 28
38 31
38 46
38 47
38 73
38 108
38 153
39 5
39 65
39 68
39 82
39 101
39 106
39 111
39 123
40 1
40 24
40 55
40 57
40 69
40 82
40 87
40 91
40 93
40 140
40 145
40 149
40 153
41 20
41 27
41 79
41 84
41 87
41 129
42 24
42 80
42 97
42 125
43 10
43 13
43 24
43 48
43 65
43 99
43 151
43 155
43 157
44 22
44 63
44 75
44 98
44 125
44 148
45 5
45 15
45 22
45 101
45 121
45 123
45 136
46 10
46 32
46 34
46 37
46 116
46 141
46 146
47 23
47 25
47 38
47 41
47 60
47 65
47 68
47 85
47 91
47 98
47 102
47 119
47 121
47 125
47 127
48 14
48 23
48 35
48 43
48 56
48 66
48 77
48 83
48 93
48 96
48 108
48 118
48 134
48 139
49 23
49 37
49 54
49 91
49 117
49 138
50 12
50 71
50 75
50 80
50 82
50 84
50 140
50 141
51 53
51 82
51 113
51 117
51 148
52 0
52 5
52 140
52 158
53 48
53 51
53 75
53 92
53 119
53 144
53 153
54 14
54 34
54 42
54 47
54 57
54 80
54 101
54 106
54 108
54 132
55 25
55 27
55 40
55 52
55 66
55 148
55 156
56 5
56 48
56 113
57 17
57 95
57 98
57 105
57 112
57 115
57 126
57 135
57 155
57 157
58 1
58 11
58 18
58 22
58 33
58 36
58 69
59 36
59 43
59 66
59 91
59 114
59 123
59 154
60 3
60 9
60 10
60 13
60 22
60 30
60 34
60 47
60 58
60 80
60 86
60 94
60 127
61 10
61 19
61 106
61 110
61 133
61 147
62 8
62 9
62 65
62 78
62 81
62 105
62 134
63 4
63 44
63 62
63 93
63 120
63 131
63 152
64 13
64 23
64 62
64 96
64 110
64 122
64 152
64 157
65 0
65 39
65 43
65 46
65 47
65 53
65 62
65 106
65 108
65 109
65 135
66 36
66 48
66 59
66 118
67 20
67 37
67 80
67 155
68 3
68 5
68 6
68 22
68 39
68 81
68 97
68 114
68 123
68 129
69 6
69 12
69 28
69 40
69 58
69 72
69 78
69 79
69 127
70 22
70 44
70 47
70 59
70 83
70 153
71 29
71 50
71 65
71 76
71 119
71 141
71 146
72 8
72 13
72 29
72 69
72 82
72 83
72 95
72 150
73 38
73 58
73 82
73 103
73 146
73 149
74 69
74 100
74 105
74 113
74 119
74 128
74 136
75 15
75 44
75 50
75 53
75 114
75 116
75 122
75 128
75 151
75 158
76 0
76 16
76 50
76 71
76 86
76 142
76 144
76 146
76 157
77 13
77 32
77 79
77 84
77 133
77 146
77 148
77 158
78 33
78 62
78 69
78 132
78 151
79 11
79 41
79 65
79 76
79 146
80 9
80 11
80 50
80 54
80 60
80 92
80 126
80 130
80 131
80 142
80 144
80 147
80 154
81 3
81 12
81 26
81 68
81 136
81 140
81 159
82 14
82 19
82 39
82 50
82 51
82 59
82 60
82 72
82 95
82 105
82 143
83 8
83 68
83 72
84 9
84 14
84 33
84 41
84 43
84 50
84 62
84 74
84 77
84 112
84 113
85 47
85 60
85 121
85 131
86 5
86 31
86 32
86 60
86 76
86 97
86 111
86 152
86 159
87 12
87 41
87 48
87 58
87 114
87 115
87 116
87 136
88 15
88 20
88 84
88 92
88 97
88 143
89 31
89 41
89 69
89 90
89 109
89 127
89 159
90 11
90 89
90 126
90 136
90 140
90 143
91 31
91 40
91 59
91 110
91 156
91 158
92 16
92 23
92 53
92 80
92 84
92 104
92 140
92 154
93 4
93 10
93 16
93 40
93 63
93 71
93 105
93 107
93 108
93 131
93 151
94 32
94 60
94 85
94 96
94 102
94 110
94 136
95 8
95 26
95 28
95 30
95 57
95 66
95 72
95 99
95 120
95 131
95 132
96 87
96 94
97 12
97 34
97 36
97 42
97 68
97 104
97 105
97 107
97 114
97 140
98 47
98 57
98 68
98 73
98 111
98 146
99 43
99 45
99 64
99 88
99 95
99 122
99 127
100 0
100 20
100 31
100 74
100 117
100 124
100 140
100 144
101 24
101 34
101 36
101 39
101 45
101 113
101 122
101 142
101 152
102 6
102 76
102 77
102 94
102 114
102 116
102 139
103 34
103 120
103 125
103 133
103 137
103 153
104 12
104 24
104 34
104 73
104 92
104 107
104 114
104 129
104 132
104 140
105 23
105 30
105 56
105 62
105 83
105 93
105 106
105 135
106 7
106 11
106 38
106 43
106 54
106 61
106 65
106 94
106 105
106 126
106 150
107 93
107 97
107 104
107 134
107 141
108 48
108 65
108 93
108 116
108 132
108 149
109 65
109 89
109 138
109 145
109 149
110 0
110 13
110 14
110 29
110 61
110 82
110 91
110 94
110 139
110 142
110 145
110 148
110 150
111 39
111 86
111 98
111 156
112 0
112 33
112 57
112 65
112 94
112 119
112 125
112 149
113 19
113 28
113 35
113 51
113 56
113 62
113 84
113 92
113 124
113 137
114 29
114 33
114 59
114 68
114 81
114 87
114 102
114 140
114 150
115 33
115 57
115 87
116 1
116 11
116 38
116 44
116 46
116 75
116 102
116 105
116 108
116 137
116 147
116 150
117 16
117 49
117 51
118 0
118 5
118 17
118 36
118 58
118 66
118 69
118 70
118 90
118 135
118 144
118 145
119 8
119 14
119 17
119 47
119 53
119 56
119 71
119 75
119 83
119 112
119 132
120 9
120 19
120 63
120 95
120 103
120 132
121 29
121 45
121 85
121 125
121 132
121 146
122 6
122 18
122 64
122 89
122 99
122 101
122 135
122 143
122 158
123 30
123 39
123 45
123 59
123 68
123 103
123 116
123 135
123 144
123 153
124 46
124 100
124 134
124 135
124 137
124 146
124 148
125 36
125 42
125 44
125 47
125 103
125 112
126 16
126 28
126 29
126 50
126 57
126 80
126 90
126 106
126 119
126 130
126 131
126 132
126 143
126 145
127 35
127 37
127 60
127 69
127 111
127 143
127 150
128 8
128 14
128 29
128 31
128 46
128 74
128 75
128 80
128 103
128 112
129 26
129 34
129 41
129 140
129 158
130 37
130 80
130 87
130 126
130 133
131 7
131 16
131 41
131 63
131 80
131 85
131 93
131 95
131 112
131 142
131 143
131 157
132 37
132 78
132 79
132 104
132 108
132 119
132 120
133 61
133 75
133 77
133 107
133 130
133 157
133 159
134 27
134 32
134 62
134 87
135 57
135 63
135 68
135 87
135 105
135 115
135 122
135 123
135 124
135 157
136 7
136 18
136 87
136 90
136 102
137 20
137 22
137 72
137 116
137 124
137 142
137 151
137 158
138 13
138 19
138 49
138 81
138 88
138 109
138 141
139 2
139 11
139 16
139 95
140 1
140 40
140 81
140 86
140 90
140 100
140 114
140 116
140 129
140 143
140 156
141 12
141 13
141 17
141 46
141 50
141 71
141 74
141 107
141 137
141 138
141 150
142 15
142 26
142 44
142 74
142 76
142 105
142 110
142 131
142 132
142 140
143 2
143 35
143 82
143 111
143 122
143 126
143 127
143 140
143 150
144 8
144 9
144 24
144 53
144 80
144 100
144 118
144 123
145 40
145 46
145 86
145 109
145 118
145 148
146 13
146 30
146 46
146 76
146 115
146 121
146 149
147 21
147 32
147 61
147 67
147 80
147 112
147 116
147 122
147 154
147 158
148 19
148 30
148 59
148 77
148 102
148 124
148 145
149 1
149 19
149 40
149 73
149 108
149 109
149 112
149 141
149 146
150 2
150 27
150 72
150 75
150 110
150 116
150 127
150 141
150 143
150 153
151 13
151 26
151 29
151 43
151 75
151 78
151 123
151 137
152 2
152 25
152 43
152 61
152 63
152 64
152 101
152 106
152 155
153 2
153 15
153 25
153 26
153 33
153 56
153 103
153 123
153 139
153 149
153 150
154 2
154 6
154 13
154 59
154 71
154 80
154 81
154 147
155 12
155 43
155 67
155 136
156 5
156 20
156 22
156 36
156 55
156 91
156 114
156 132
157 1
157 17
157 28
157 43
157 54
157 57
157 73
157 76
157 131
157 133
157 135
157 151
158 75
158 77
158 129
158 137
159 21
159 76
159 89
0 1 2 3 4 5 6 7 8 9 10 11 12 13 14 15 16 17 18 19 20 21 22 23 24 25 26 27 28 29 30 31 32 33 34 35 36 37 38 39
