160 1218 12
0 24
0 42
0 64
0 86
0 106
0 108
0 117
0 118
0 140
0 143
0 152
1 63
1 73
1 92
1 104
1 156
2 35
2 75
2 95
2 117
2 130
2 137
2 145
2 146
2 153
3 26
3 29
3 73
3 87
3 97
3 104
3 157
4 17
4 24
4 28
4 42
4 74
4 82
4 101
4 106
4 109
4 138
4 151
4 156
5 28
5 31
5 36
5 50
5 55
5 63
5 136
6 10
6 54
6 67
6 73
6 85
6 101
6 132
6 147
7 89
7 103
7 106
7 131
7 139
8 9
8 31
8 41
8 59
8 61
8 72
8 97
8 136
8 155
9 8
9 30
9 53
9 62
9 74
9 93
9 114
9 129
9 130
9 146
9 150
10 27
10 48
10 59
10 90
10 113
10 116
10 122
10 154
11 15
11 46
11 65
11 135
11 140
12 29
12 69
12 70
12 71
12 77
12 90
12 131
13 156
13 157
14 17
14 43
14 67
14 93
14 104
14 105
14 109
15 11
15 76
15 93
15 119
15 142
15 146
15 151
16 7
16 50
16 65
16 88
16 92
16 147
16 149
17 4
17 14
17 25
17 28
17 44
17 69
17 107
17 115
17 117
17 131
17 147
17 148
18 63
18 65
18 77
18 80
18 84
18 88
18 145
18 150
18 154
19 41
19 53
19 67
19 90
19 146
20 51
20 80
20 123
21 5
21 75
21 134
21 137
21 152
22 49
22 68
22 99
22 127
23 2
23 87
23 92
23 119
23 125
24 4
24 50
24 57
24 72
24 82
24 103
24 112
24 114
24 159
25 17
25 32
25 86
25 93
25 119
25 132
26 3
26 27
26 67
26 124
26 125
26 130
27 10
27 26
27 28
27 53
27 60
27 64
27 71
27 82
27 103
27 119
27 124
27 145
27 146
28 4
28 5
28 53
28 68
28 92
28 104
28 116
28 133
29 3
29 12
29 37
29 63
29 85
29 130
29 156
30 2
30 9
30 16
30 68
30 74
30 83
30 90
30 91
30 103
30 104
31 5
31 8
31 32
31 60
31 67
31 69
31 124
31 129
31 133
32 2
32 43
32 81
32 82
33 60
33 66
33 77
33 105
33 112
33 127
33 148
34 52
34 58
34 69
34 92
34 119
34 121
35 2
35 23
35 45
35 50
35 132
35 147
35 152
36 2
36 5
36 63
36 98
36 107
36 133
37 29
37 40
37 66
37 96
37 113
37 136
37 142
38 19
38 46
38 54
38 76
38 82
38 91
38 109
38 120
39 9
39 81
39 103
39 112
39 143
40 37
40 41
40 44
40 98
41 8
41 19
41 40
41 73
41 99
41 134
41 157
42 0
42 4
42 11
42 102
42 144
42 154
43 5
43 14
43 28
43 32
43 89
43 94
43 108
43 125
43 139
43 157
44 17
44 40
44 88
44 133
44 147
45 1
45 35
45 64
45 66
45 94
45 140
46 30
46 66
46 116
46 127
46 128
47 76
47 82
47 91
47 92
47 95
47 114
47 116
47 122
47 157
48 55
48 71
48 106
48 109
48 133
48 145
49 22
49 42
49 44
49 46
49 51
49 54
49 87
49 93
49 94
49 99
49 134
49 146
49 151
50 5
50 16
50 24
50 35
50 83
50 89
50 113
50 143
51 8
51 20
51 62
51 82
51 97
52 34
52 61
52 115
52 121
52 148
53 9
53 18
53 19
53 27
53 28
53 66
53 80
53 85
53 92
53 106
53 107
53 126
53 139
54 2
54 38
54 65
54 69
54 72
54 82
54 85
54 88
55 5
55 18
55 48
55 80
55 97
55 128
55 130
55 131
55 150
56 79
56 138
56 158
57 62
57 72
57 121
58 36
58 43
58 102
58 117
58 142
59 8
59 10
59 84
59 96
59 108
60 25
60 95
60 100
60 104
60 137
61 8
61 52
61 73
61 93
61 98
62 51
62 73
62 101
62 105
63 1
63 5
63 29
63 74
63 98
63 116
63 138
63 148
64 0
64 27
64 45
64 91
64 96
65 11
65 16
65 69
65 71
65 98
65 104
66 33
66 37
66 41
66 46
66 89
66 105
66 110
66 141
66 149
66 154
66 156
67 6
67 14
67 19
67 31
67 76
67 89
67 122
67 137
67 150
68 2
68 22
68 27
68 89
68 119
68 127
68 159
69 12
69 34
69 54
69 131
69 136
69 145
70 12
70 71
70 72
70 88
70 96
70 99
70 110
70 140
71 12
71 27
71 65
71 70
71 125
71 147
72 24
72 57
72 68
72 70
72 125
72 154
73 1
73 3
73 4
73 6
73 61
73 62
73 131
73 134
73 149
73 151
73 153
73 154
74 4
74 9
74 18
74 30
74 63
74 111
74 117
74 147
75 2
75 50
75 53
75 74
75 78
75 136
75 148
76 15
76 23
76 47
76 67
76 83
76 113
76 127
77 12
77 18
77 33
77 67
77 79
77 96
77 104
77 111
77 145
78 6
78 22
78 75
78 136
78 137
78 142
78 143
78 151
79 3
79 26
79 36
79 56
79 77
79 122
79 126
79 141
80 18
80 20
80 29
80 53
80 55
80 88
80 96
80 105
81 32
81 39
81 40
81 86
81 107
81 113
81 152
81 156
82 27
82 51
82 57
82 87
82 91
82 112
82 140
83 0
83 30
83 50
83 54
83 76
83 117
83 128
83 151
84 18
84 59
84 82
84 89
84 104
84 105
84 138
85 6
85 29
85 53
85 75
85 100
86 10
86 81
86 90
86 93
86 95
86 130
86 133
86 141
87 131
87 151
87 153
88 13
88 32
88 34
88 80
88 106
88 122
89 7
89 16
89 43
89 50
89 66
89 67
89 68
89 84
89 91
89 128
89 132
89 143
90 5
90 10
90 19
90 30
90 86
90 105
90 128
90 156
91 30
91 38
91 47
91 58
91 64
91 89
91 92
91 128
91 147
91 152
92 16
92 28
92 34
92 53
92 91
92 124
92 127
92 133
93 9
93 14
93 15
93 45
93 61
93 70
93 86
93 105
93 106
93 117
93 123
93 146
93 147
94 43
94 45
94 58
94 59
94 96
94 97
94 136
94 159
95 2
95 33
95 47
95 55
95 60
95 91
95 105
95 106
95 140
95 155
95 156
96 59
96 63
96 70
96 77
96 80
96 94
96 116
96 131
96 139
97 51
97 55
97 76
97 94
97 151
98 15
98 35
98 40
98 61
98 63
98 65
98 115
98 118
98 149
99 22
99 32
99 41
99 49
99 70
99 106
99 107
99 124
99 133
99 142
100 55
100 60
100 75
100 87
100 118
100 141
100 158
101 10
101 19
101 23
101 62
101 77
101 83
101 139
101 157
102 5
102 12
102 33
102 42
102 58
102 83
102 110
102 111
102 131
103 7
103 24
103 27
103 39
103 45
104 1
104 3
104 28
104 30
104 58
104 60
104 83
104 128
104 133
104 153
105 33
105 66
105 73
105 84
105 86
105 88
105 90
105 101
105 106
105 141
105 148
106 0
106 4
106 7
106 53
106 55
106 93
106 95
106 124
106 138
107 17
107 28
107 36
107 79
107 81
107 99
107 156
107 159
108 0
108 32
108 43
108 48
108 59
108 113
108 154
108 159
109 4
109 14
109 38
109 74
109 115
109 126
110 16
110 17
110 66
110 70
110 117
111 77
111 102
111 123
111 140
111 147
111 150
112 24
112 33
112 45
112 46
112 67
112 77
112 84
112 152
113 3
113 10
113 15
113 37
113 43
113 50
113 76
113 81
113 107
113 108
114 24
114 59
114 118
114 126
114 157
115 17
115 23
115 52
115 65
115 84
115 98
115 109
116 10
116 28
116 31
116 46
116 47
116 58
116 63
117 0
117 2
117 17
117 58
117 66
117 74
117 93
117 110
117 158
118 59
118 68
118 93
118 98
118 100
118 121
118 126
118 136
118 150
119 3
119 15
119 23
119 27
119 34
119 68
119 107
120 38
120 82
120 86
120 106
120 142
120 155
121 57
121 128
121 129
121 131
121 132
121 153
121 155
121 159
122 10
122 67
122 88
122 113
122 129
122 134
122 137
123 7
123 20
123 88
123 93
123 100
123 129
123 136
123 142
123 156
124 26
124 27
124 31
124 87
124 92
124 106
124 142
124 156
125 6
125 43
125 150
125 153
126 35
126 73
126 79
126 109
126 114
126 119
126 120
126 140
126 155
127 14
127 33
127 42
127 46
127 92
127 124
127 130
127 146
127 155
127 158
128 18
128 55
128 68
128 83
128 89
128 90
128 121
128 153
129 9
129 24
129 31
129 40
129 83
129 86
129 123
129 144
129 154
130 2
130 9
130 29
130 32
130 55
130 85
130 86
130 127
130 151
131 12
131 17
131 70
131 71
131 73
131 96
131 102
131 119
131 121
131 142
131 144
132 6
132 25
132 44
132 89
132 113
132 121
132 145
132 151
133 13
133 28
133 31
133 36
133 44
133 92
133 99
133 121
133 138
134 21
134 41
134 49
134 50
134 52
134 115
134 122
135 11
135 69
135 123
135 148
135 153
135 158
136 5
136 8
136 17
136 23
136 26
136 37
136 75
136 118
136 120
137 2
137 14
137 21
137 39
137 60
137 67
137 78
137 122
137 135
138 15
138 20
138 31
138 56
138 63
138 133
139 7
139 8
139 26
139 53
139 101
139 142
139 147
140 0
140 45
140 46
140 61
140 70
140 82
140 93
140 111
140 159
141 21
141 79
141 105
141 155
142 0
142 32
142 37
142 58
142 78
142 99
142 115
142 120
142 123
142 124
142 131
143 0
143 5
143 21
143 39
143 74
143 78
143 81
143 82
143 151
143 157
144 4
144 42
144 65
144 105
144 129
144 131
144 156
145 2
145 18
145 27
145 29
145 48
145 69
145 77
145 132
145 146
146 2
146 6
146 19
146 27
146 49
146 100
146 101
146 145
146 156
147 6
147 35
147 44
147 69
147 93
147 137
147 139
147 142
147 154
148 0
148 9
148 17
148 19
148 33
148 43
148 63
148 66
148 75
148 79
148 105
148 120
148 135
148 142
148 154
149 3
149 32
149 62
149 66
149 71
149 98
150 9
150 47
150 55
150 125
150 155
151 4
151 15
151 49
151 78
151 83
151 87
151 130
151 133
151 143
151 156
152 0
152 7
152 21
152 35
152 42
152 91
152 112
153 68
153 73
153 87
153 94
153 104
153 121
153 125
154 10
154 18
154 42
154 72
154 75
154 108
154 129
154 144
154 147
154 148
155 8
155 61
155 66
155 81
155 120
155 121
155 126
155 141
155 159
156 1
156 4
156 29
156 61
156 63
156 66
156 81
156 95
156 123
156 136
156 144
156 146
156 150
156 151
157 3
157 6
157 13
157 41
157 43
157 47
157 57
157 114
157 153
158 27
158 56
158 100
158 116
158 117
158 127
158 135
159 20
159 24
159 64
159 68
159 107
159 108
159 140
0 1 2 3 4 5 6 7 8 9 10 11
