160 489 7
0 16
0 21
0 50
0 71
0 82
0 108
0 157
1 121
1 157
2 25
2 85
2 141
2 156
3 65
3 89
3 90
4 75
5 29
5 55
6 48
6 50
6 115
7 59
7 77
7 106
7 123
8 58
8 78
8 95
8 156
9 50
10 103
10 125
11 131
12 47
12 65
12 131
13 140
14 35
14 76
14 102
14 144
15 113
16 30
16 73
16 94
16 111
17 43
17 81
17 108
19 51
19 116
20 34
20 93
20 100
20 128
20 131
21 0
22 2
22 30
23 30
24 145
25 2
25 42
25 78
25 94
25 141
26 49
26 67
27 137
28 10
28 107
28 124
29 5
29 26
29 42
29 116
29 156
30 16
30 19
30 22
30 23
30 56
30 76
30 91
30 95
30 115
30 119
30 127
30 131
30 136
30 138
31 90
32 88
33 92
33 95
34 125
35 30
35 138
36 51
36 63
36 77
36 94
37 61
37 66
37 68
37 84
38 15
38 57
38 72
38 108
38 109
38 157
39 56
39 149
40 97
41 77
41 94
41 107
41 117
41 140
41 142
42 25
42 61
42 94
42 139
43 17
43 61
44 4
46 22
46 84
46 132
46 138
46 154
47 12
47 69
47 87
47 138
48 6
48 80
48 157
49 26
49 51
49 68
49 87
49 138
50 0
50 2
50 6
50 9
50 74
51 19
51 36
51 88
52 105
52 134
53 87
53 159
54 52
54 87
55 5
55 90
56 30
56 131
57 38
57 76
57 86
57 118
57 122
58 8
58 23
58 139
59 7
59 16
59 60
59 147
60 158
61 43
61 69
61 90
62 65
63 36
64 0
64 89
64 115
65 12
65 40
65 62
65 68
65 135
66 37
67 26
67 131
68 4
68 37
68 49
68 65
68 87
68 90
69 47
69 61
69 101
69 108
69 140
70 92
70 111
71 75
71 129
72 31
72 38
72 121
72 129
73 16
73 40
73 112
75 4
75 78
75 121
75 141
75 158
76 10
76 14
76 30
76 57
76 83
76 105
76 155
77 7
77 36
77 41
78 8
78 25
78 93
79 30
79 113
79 137
80 48
80 96
80 115
80 144
80 145
81 17
81 18
81 86
81 151
82 0
82 72
83 76
83 119
84 46
85 2
86 57
86 62
86 81
86 147
87 2
87 47
87 53
87 54
87 68
87 108
88 8
88 25
88 32
88 51
88 98
88 99
88 119
88 136
88 152
89 3
89 24
89 64
89 99
89 151
89 158
90 3
90 31
90 61
90 68
90 69
91 30
91 64
91 106
91 150
92 70
92 84
92 155
93 20
93 101
93 146
94 16
94 36
94 41
94 42
94 79
95 33
95 110
95 119
95 122
95 126
96 12
96 54
96 72
96 125
96 132
97 36
97 133
98 46
98 96
98 129
99 88
99 89
100 20
100 97
100 98
100 153
101 69
101 93
102 14
102 66
102 103
103 10
103 102
103 106
103 152
104 111
104 117
104 147
105 52
105 76
105 127
106 91
106 103
107 3
107 21
107 28
107 41
107 138
108 0
108 17
108 38
108 69
108 87
108 130
109 38
109 58
110 95
110 111
110 143
110 158
111 16
111 42
111 88
111 110
112 73
113 15
113 19
113 43
114 60
114 130
114 134
114 152
115 6
115 30
115 45
115 48
115 64
115 80
115 111
117 41
117 104
118 57
119 30
119 33
119 39
119 88
119 95
120 4
120 42
121 20
121 72
121 75
121 141
122 95
123 7
123 127
123 142
124 28
124 91
125 10
125 34
125 96
126 95
126 115
127 68
127 123
127 152
128 20
128 142
130 16
130 53
130 114
130 127
131 11
131 12
131 30
131 143
132 96
133 97
134 52
134 114
134 118
134 139
134 143
135 65
135 76
135 117
135 142
136 30
136 88
136 115
136 151
137 27
138 35
138 49
138 91
138 107
138 154
139 4
139 34
139 42
139 58
139 70
139 134
140 41
140 69
141 2
141 25
141 118
142 123
142 128
143 47
143 110
143 131
143 134
144 80
145 24
146 69
146 80
146 93
147 59
148 70
148 83
148 94
149 39
149 66
150 91
150 108
151 4
151 27
151 89
151 119
151 124
151 136
152 88
152 103
152 127
152 138
153 72
153 100
154 46
154 138
155 76
156 2
156 29
157 0
157 1
157 38
157 46
157 159
158 9
158 54
158 56
158 60
158 75
158 89
158 110
159 157
0 1 2 3 4 5 6
