160 366 12
0 54
0 77
0 130
0 150
1 84
1 99
2 15
2 76
2 93
3 26
4 17
4 99
4 138
5 60
5 105
5 137
6 74
7 100
8 18
8 39
8 122
8 125
8 150
8 151
9 82
9 91
9 116
10 26
11 44
11 74
11 153
13 54
13 65
13 75
13 82
13 109
14 52
14 86
14 121
15 2
15 105
15 128
16 38
16 103
17 4
17 13
18 8
19 89
19 141
20 69
21 46
21 128
22 13
22 40
23 54
24 72
24 139
25 78
25 125
26 3
26 10
26 33
26 69
26 79
27 6
27 67
27 86
27 144
28 29
28 142
29 28
29 103
30 57
30 68
30 83
30 117
31 7
32 86
32 93
33 26
34 62
34 86
34 89
34 102
34 116
35 88
35 118
35 142
36 87
36 96
36 114
36 148
36 158
37 29
38 43
38 49
38 64
38 74
38 103
39 8
39 26
39 125
39 136
39 139
40 6
40 22
40 56
40 61
40 121
40 153
41 48
41 150
42 65
42 88
43 38
43 82
43 106
43 111
44 77
44 145
45 117
45 153
46 21
47 65
48 41
48 85
48 89
48 112
48 133
48 157
49 38
49 86
50 10
52 14
52 80
52 82
53 116
54 6
54 13
54 23
54 135
54 137
55 113
56 40
57 30
57 154
58 99
58 104
59 45
59 93
61 40
62 23
62 24
62 155
63 31
63 78
65 13
65 42
65 47
65 85
66 117
67 27
67 30
67 45
67 51
67 136
67 140
67 141
68 16
68 30
69 20
69 26
69 137
70 154
71 99
71 142
72 24
72 77
73 24
73 129
73 153
74 6
74 27
74 38
75 13
75 150
76 73
77 0
77 39
77 72
77 80
77 86
77 123
77 147
77 156
78 117
79 128
80 52
80 77
81 116
82 13
82 43
82 52
82 107
82 118
83 30
84 1
84 150
85 48
85 65
86 27
86 32
86 49
86 77
87 36
88 3
88 35
88 42
88 52
89 19
89 34
89 48
90 159
91 9
91 72
91 134
92 143
93 2
93 32
93 59
95 4
95 61
96 38
97 84
98 99
99 1
99 4
99 34
99 58
99 71
100 7
100 142
101 27
102 34
102 106
103 16
103 37
103 38
103 141
103 155
104 115
105 5
105 15
105 21
106 43
106 89
106 102
107 71
107 82
108 102
109 13
109 96
109 135
110 19
110 125
111 43
112 48
113 55
114 36
115 104
116 9
116 34
116 40
116 53
116 81
116 127
117 27
117 30
117 78
117 79
117 115
118 82
118 138
120 6
120 153
121 13
121 159
122 8
122 44
123 74
124 147
125 8
125 25
125 39
126 110
126 139
126 141
127 58
128 15
128 21
128 79
129 53
129 119
130 0
130 6
131 143
131 151
132 0
132 68
134 91
134 141
135 51
135 109
136 39
136 67
136 94
137 5
137 69
137 105
137 155
138 4
138 77
139 39
141 19
141 67
141 103
141 126
141 134
142 28
142 35
142 100
143 55
143 92
143 158
144 27
145 44
146 142
146 159
147 77
147 124
148 36
149 26
150 8
150 75
150 84
150 122
151 8
151 131
152 2
152 52
152 119
153 11
153 40
153 45
153 120
153 155
154 57
154 70
155 34
155 103
155 137
156 12
156 150
158 102
158 143
159 90
0 1 2 3 4 5 6 7 8 9 10 11
