160 516 7
0 43
0 59
0 61
0 75
0 83
0 84
0 94
0 119
0 126
0 151
1 42
1 51
1 53
1 59
1 63
1 77
1 158
2 29
2 33
3 101
3 142
4 88
4 90
4 109
4 119
4 125
5 11
5 34
5 42
5 156
6 32
6 66
6 75
6 115
8 70
8 126
9 31
10 2
10 24
10 49
11 49
11 50
11 68
11 121
11 132
12 142
13 139
13 144
14 113
15 22
15 54
16 39
16 101
16 135
17 1
17 14
17 52
17 57
18 30
18 66
18 88
18 93
18 135
19 25
19 113
19 144
20 6
20 81
21 56
21 71
21 153
21 158
22 15
22 117
23 103
23 138
24 10
24 46
24 108
25 8
25 57
26 16
26 33
26 57
26 75
27 57
27 78
27 95
27 146
28 103
28 111
28 155
29 2
29 68
30 134
31 9
31 50
31 133
32 86
32 132
33 2
33 51
33 61
33 114
33 143
34 5
34 20
34 35
34 61
34 90
34 114
34 124
34 146
35 34
35 64
35 81
35 86
35 127
36 17
36 43
36 53
36 54
36 112
37 103
38 2
38 130
39 16
39 59
39 62
39 134
40 43
40 52
40 100
41 50
41 94
42 1
42 5
42 92
42 127
42 155
43 36
43 40
43 56
43 66
43 116
44 46
44 59
44 67
44 103
44 123
45 19
45 55
46 1
46 24
46 60
46 122
46 139
46 149
47 158
48 114
49 10
49 11
49 124
50 31
50 103
50 145
51 1
52 17
52 40
52 99
53 1
53 2
53 36
54 15
54 36
54 82
56 21
56 43
56 115
57 17
57 25
57 27
57 99
57 101
58 69
58 83
59 0
59 39
59 62
59 90
59 108
59 114
60 46
60 99
60 130
60 152
61 0
61 33
61 34
61 122
61 137
62 20
62 32
62 39
62 59
62 74
62 85
63 0
63 1
63 97
64 35
64 150
64 152
65 99
65 149
66 43
66 158
67 44
67 104
67 130
67 140
69 7
69 33
69 98
69 108
70 8
70 69
70 74
71 21
71 72
71 76
72 71
72 98
72 105
73 92
73 112
73 122
73 126
74 62
74 70
74 90
74 103
75 6
75 26
75 99
76 132
77 1
77 122
77 123
78 27
78 87
79 110
79 122
80 106
80 107
80 118
81 20
82 54
82 111
82 139
83 0
83 98
84 0
84 91
84 101
84 158
85 62
85 159
86 32
86 35
86 108
86 121
87 78
87 100
87 115
88 4
88 18
89 22
90 4
90 34
90 59
90 74
91 84
91 97
91 117
91 139
92 42
93 18
93 60
93 146
93 155
93 157
94 0
94 41
94 95
95 27
95 72
95 73
95 94
95 103
95 128
96 64
96 87
96 129
97 63
97 91
97 143
98 51
98 69
98 72
98 83
98 103
98 137
99 52
99 57
99 60
99 65
99 75
99 133
99 149
99 151
100 18
101 3
101 16
101 44
101 57
101 105
101 141
102 38
102 43
102 45
102 121
102 148
103 23
103 37
103 44
103 95
103 98
104 67
104 115
105 101
105 127
106 66
106 132
107 80
107 136
108 24
108 59
108 69
109 4
109 135
110 61
110 79
110 130
111 28
111 153
112 73
112 116
112 123
113 14
113 19
113 143
114 33
114 34
114 127
115 6
115 26
115 56
115 62
115 87
115 125
115 126
116 43
116 137
117 22
117 91
117 146
118 13
118 103
119 4
119 57
119 154
120 34
120 43
120 136
121 11
121 86
121 102
121 159
122 46
122 61
122 73
122 77
122 79
123 44
123 77
123 96
124 33
124 34
124 49
124 122
125 4
125 115
125 124
126 0
126 8
126 70
126 115
127 10
127 35
127 42
127 105
127 156
128 95
129 96
129 157
130 17
130 38
130 56
130 67
130 91
130 110
131 84
131 101
131 157
132 11
132 32
132 99
132 106
133 31
133 99
134 30
134 39
134 132
135 16
135 18
135 109
135 123
135 147
135 153
136 1
136 107
136 120
136 121
136 143
136 157
137 61
137 98
137 116
138 23
138 73
138 102
138 151
139 13
139 82
139 91
139 123
140 67
140 116
141 101
141 144
142 3
142 19
143 33
143 113
143 136
143 145
143 156
144 13
144 19
144 141
145 50
145 114
146 27
146 34
146 58
146 93
146 117
147 37
147 57
147 95
147 135
147 157
148 0
148 102
149 65
149 99
150 64
151 0
151 21
151 99
151 138
152 60
152 64
153 111
153 135
154 119
155 28
155 36
155 42
155 93
155 144
156 5
156 143
157 93
157 129
157 131
157 136
157 147
157 159
158 1
158 21
158 47
158 84
159 121
159 157
0 1 2 3 4 5 6
