160 1218 24
0 2
0 45
0 68
0 89
0 119
0 122
0 135
0 144
0 147
1 45
1 64
1 96
1 110
1 128
1 147
2 13
2 56
2 115
2 140
2 142
3 31
3 37
3 53
3 54
3 71
3 79
3 104
3 116
3 123
3 132
3 140
4 85
4 130
4 139
5 8
5 11
5 49
5 74
5 75
5 84
5 98
5 105
5 116
5 119
6 9
6 13
6 23
6 45
6 91
6 98
6 137
7 10
7 17
7 29
7 43
7 78
7 92
7 97
7 121
7 129
7 139
7 148
8 5
8 57
8 63
8 72
8 81
8 111
8 131
8 149
9 6
9 16
9 34
9 39
9 77
9 80
9 109
9 117
9 118
9 148
10 35
10 60
10 98
10 113
10 155
11 5
11 19
11 50
11 74
11 109
11 138
12 31
12 39
12 56
12 72
12 97
12 121
12 126
12 148
13 2
13 6
13 22
13 26
13 27
13 30
13 48
13 49
13 75
13 84
13 90
13 98
13 107
13 113
13 122
13 123
13 139
13 145
14 119
14 135
14 148
15 4
15 28
15 29
15 37
15 60
15 77
15 103
15 111
15 122
15 134
16 21
16 58
16 85
16 96
16 121
16 124
16 127
16 134
16 153
17 22
17 53
17 67
17 84
17 86
17 91
17 99
17 152
17 155
18 41
18 112
18 140
18 143
18 150
19 11
19 52
19 79
19 93
19 98
19 142
20 2
20 26
20 73
20 119
20 135
20 159
21 16
21 73
21 81
21 108
21 145
22 13
22 17
22 31
22 43
22 67
22 74
22 89
22 95
22 101
22 146
23 6
23 24
23 34
23 45
23 105
23 127
23 140
24 23
24 30
24 43
24 45
24 101
24 107
24 110
24 148
25 5
25 39
25 54
25 78
25 95
25 108
25 123
25 128
25 131
26 13
26 20
26 47
26 56
26 113
26 114
26 128
27 13
27 58
27 86
27 97
27 99
28 2
28 31
28 55
28 66
28 79
28 119
28 128
29 6
29 7
29 38
29 44
29 73
29 90
29 91
29 105
29 123
29 135
29 143
30 13
30 23
30 24
30 32
30 62
30 96
31 3
31 12
31 22
31 28
31 60
31 69
31 72
32 30
32 154
33 51
33 58
33 91
33 113
33 117
34 17
34 23
34 49
34 84
35 59
35 87
35 137
35 143
35 146
36 121
36 151
37 3
37 15
37 32
37 101
37 109
37 135
38 29
38 53
38 136
38 141
38 145
39 9
39 12
39 25
39 78
39 79
39 93
39 105
39 113
39 147
40 58
40 68
40 90
40 94
40 107
40 117
40 135
40 140
40 149
41 18
41 67
41 129
41 141
41 148
42 58
42 94
42 95
42 97
42 125
43 7
43 24
43 112
43 156
43 159
44 9
44 19
44 28
44 29
44 74
44 98
44 106
44 123
44 129
44 142
45 0
45 1
45 6
45 15
45 43
45 102
45 123
45 127
45 136
45 147
46 38
46 44
46 63
46 151
47 2
47 26
47 113
47 146
48 13
48 75
48 77
48 88
48 99
48 102
48 119
48 130
48 143
48 154
49 5
49 34
49 59
49 103
49 113
49 151
49 159
50 23
50 87
50 110
50 155
51 1
51 33
51 66
51 70
51 71
51 89
51 100
51 109
51 122
51 123
51 136
51 153
52 17
52 19
52 76
52 92
52 104
52 112
52 118
52 131
52 140
53 3
53 54
53 55
53 92
53 102
53 124
54 3
54 53
54 67
54 86
54 158
55 22
55 28
55 76
55 78
55 79
55 80
55 93
55 100
55 102
55 136
55 150
56 2
56 12
56 26
56 37
56 61
56 88
56 104
56 144
57 31
57 46
57 70
57 127
57 147
57 150
58 21
58 27
58 33
58 42
58 75
58 100
58 113
58 121
59 109
59 148
60 2
60 10
60 15
60 31
60 80
60 100
60 130
60 146
61 42
61 56
61 98
61 101
61 126
61 128
61 131
61 132
62 30
62 115
62 149
63 8
63 46
63 49
63 50
63 73
63 76
63 108
63 127
63 129
63 140
63 144
64 1
64 19
64 75
65 2
65 13
65 64
65 73
65 96
65 125
65 129
65 141
66 28
66 79
66 122
66 142
66 150
67 22
67 54
67 99
67 101
67 123
67 130
67 137
67 148
68 0
68 40
68 61
68 67
68 87
68 92
68 130
69 8
69 28
69 31
69 104
69 112
69 153
70 0
70 26
70 32
70 85
70 141
70 146
70 155
71 24
71 77
71 92
71 106
71 116
71 119
71 147
71 148
72 8
72 12
72 79
72 133
72 148
73 1
73 7
73 20
73 21
73 29
73 63
73 66
73 116
73 133
74 11
74 27
74 44
74 81
74 90
74 93
74 97
75 13
75 31
75 48
75 58
75 64
75 115
75 121
75 151
76 52
76 65
76 111
76 149
77 9
77 15
77 71
77 73
77 88
77 140
77 146
78 7
78 17
78 25
78 39
78 91
78 92
78 103
78 134
78 154
79 3
79 19
79 28
79 39
79 55
79 66
79 86
79 87
79 107
79 109
79 115
79 121
79 142
79 143
79 148
79 157
80 9
80 25
80 37
80 53
80 60
80 87
80 90
80 98
80 112
80 128
80 137
81 8
81 48
81 103
81 108
81 126
81 139
82 13
82 33
82 61
82 104
83 11
83 13
83 90
83 130
83 152
84 5
84 17
84 32
84 34
84 56
84 59
84 85
84 86
84 91
84 120
84 125
84 138
85 4
85 16
85 28
85 84
85 96
85 126
86 17
86 18
86 27
86 54
86 72
86 79
86 105
86 109
86 120
86 144
86 154
86 155
87 33
87 35
87 63
87 68
87 69
87 80
87 122
88 48
88 56
88 77
88 92
88 107
88 110
88 158
89 22
89 121
89 148
89 152
90 13
90 42
90 59
90 93
90 97
90 123
90 149
90 159
91 6
91 17
91 29
91 33
91 84
91 97
91 127
91 141
92 52
92 78
92 82
92 88
92 96
92 101
92 111
92 125
93 19
93 31
93 55
93 74
93 110
93 116
93 119
93 131
93 144
94 7
94 12
94 45
94 46
94 56
94 114
94 121
94 149
95 25
95 42
95 56
95 84
95 88
95 109
95 145
95 155
95 158
96 1
96 2
96 30
96 85
96 87
96 98
96 123
96 145
96 157
97 7
97 27
97 42
97 86
97 90
97 91
97 143
97 157
98 5
98 6
98 10
98 13
98 19
98 44
98 52
98 61
98 80
98 96
98 106
98 125
98 126
98 129
98 146
99 20
99 27
99 35
99 67
99 121
99 140
100 60
100 74
100 132
100 159
101 21
101 22
101 24
101 26
101 61
101 77
101 81
101 90
101 92
101 94
101 136
101 143
101 154
102 9
102 48
102 120
102 122
102 137
102 145
103 49
103 78
103 81
103 109
103 118
103 143
104 3
104 56
104 69
104 82
104 124
104 129
105 39
105 71
105 86
105 106
105 150
106 14
106 44
106 71
106 75
106 127
106 158
107 13
107 21
107 40
107 79
107 81
107 88
107 111
107 117
107 124
107 148
107 153
108 25
108 38
108 59
108 63
108 122
108 129
108 152
108 157
109 9
109 11
109 37
109 51
109 55
109 59
109 79
109 120
109 126
109 147
110 1
110 15
110 88
110 153
111 5
111 8
111 15
111 76
111 84
111 92
111 107
111 116
111 137
111 145
111 151
112 18
112 20
112 24
112 43
112 52
112 80
112 104
112 110
113 8
113 13
113 19
113 26
113 33
113 39
113 47
113 49
113 58
113 150
113 158
114 109
114 110
114 131
114 138
115 2
115 7
115 41
115 62
115 73
115 79
115 120
115 133
115 144
116 3
116 5
116 44
116 53
116 68
116 71
116 73
116 93
116 100
116 130
116 131
116 138
116 149
116 156
117 15
117 33
117 40
117 45
117 67
117 107
117 109
117 134
117 140
117 143
117 157
118 3
118 9
118 52
118 103
118 112
118 137
119 0
119 5
119 14
119 20
119 58
119 70
119 71
119 93
119 129
119 131
120 59
120 102
120 115
120 118
121 7
121 12
121 16
121 36
121 58
121 59
121 75
121 79
121 99
121 127
121 140
122 0
122 13
122 51
122 66
122 71
122 101
122 108
122 151
123 6
123 7
123 16
123 25
123 44
123 45
123 51
123 67
123 92
124 7
124 16
124 17
124 53
124 78
124 104
124 107
124 127
124 155
125 42
125 65
125 92
125 98
125 145
125 147
126 12
126 61
126 63
126 109
126 128
126 138
127 16
127 45
127 57
127 60
127 63
127 84
127 91
127 106
127 121
127 124
127 128
127 155
128 25
128 26
128 28
128 47
128 61
128 75
128 80
128 86
128 127
128 133
128 136
128 145
128 157
129 7
129 41
129 63
129 65
129 98
129 153
130 4
130 48
130 60
130 67
130 68
130 83
130 103
130 116
131 8
131 25
131 52
131 61
131 79
131 82
131 86
131 93
131 114
131 119
131 154
132 61
132 67
132 80
132 85
132 100
132 133
132 135
133 44
133 76
133 115
133 128
134 11
134 16
134 117
134 151
134 155
135 0
135 6
135 14
135 20
135 29
135 37
135 40
135 62
135 104
135 132
135 139
135 147
136 14
136 45
136 51
136 117
136 128
136 130
136 154
137 6
137 16
137 35
137 62
137 67
137 118
137 154
138 11
138 14
138 19
138 24
138 84
138 126
139 4
139 5
139 7
139 99
139 113
139 135
140 2
140 3
140 18
140 40
140 52
140 63
140 77
140 139
141 38
141 41
141 46
141 83
141 91
141 115
141 133
141 145
141 149
142 2
142 10
142 44
142 62
142 66
142 76
142 77
142 145
143 18
143 35
143 69
143 79
143 97
143 103
143 117
144 56
144 63
144 115
144 158
145 13
145 38
145 100
145 102
145 111
145 128
145 136
145 141
145 142
146 21
146 22
146 47
146 60
146 66
146 67
146 70
146 77
146 98
146 131
147 0
147 1
147 39
147 51
147 57
147 71
147 92
147 109
147 125
147 135
147 150
147 158
148 3
148 7
148 9
148 14
148 41
148 59
148 67
148 70
148 72
148 79
148 89
148 107
149 7
149 8
149 32
149 40
149 62
149 69
149 76
149 82
149 94
149 116
149 141
149 153
150 18
150 57
150 105
150 113
150 147
151 36
151 46
151 65
151 122
151 148
151 156
152 13
152 17
152 83
152 89
153 3
153 43
153 51
153 69
153 71
153 109
153 110
153 129
153 149
154 48
154 78
154 86
154 101
154 104
154 131
154 136
155 10
155 46
155 50
155 70
155 79
155 86
155 95
155 113
155 127
155 134
155 150
156 14
156 43
156 112
156 116
157 41
157 43
157 78
157 79
157 96
157 97
157 108
157 117
157 135
158 0
158 21
158 29
158 54
158 82
158 88
158 106
158 111
158 113
158 132
158 144
159 6
159 20
159 43
159 82
159 85
159 90
159 100
0 1 2 3 4 5 6 7 8 9 10 11 12 13 14 15 16 17 18 19 20 21 22 23
