160 640 40
0 12
0 35
0 53
0 60
0 111
0 119
0 137
0 139
1 42
1 134
2 20
2 34
3 14
3 57
3 68
3 143
3 145
4 71
4 111
4 150
5 21
5 33
5 38
5 95
6 24
6 48
6 84
6 101
6 109
6 117
6 124
7 17
7 40
7 54
7 58
7 84
7 112
7 138
8 50
8 84
8 97
8 107
8 153
9 41
9 91
9 92
10 13
10 45
10 48
10 87
10 135
10 143
11 18
11 32
11 130
11 159
12 0
12 56
12 58
12 62
12 120
12 138
12 143
13 10
13 16
13 21
13 84
14 3
14 35
14 64
14 93
15 31
15 92
16 13
16 27
16 53
16 99
17 7
17 19
17 25
17 52
18 11
18 65
18 91
18 94
18 100
18 107
18 120
18 153
19 17
19 76
19 93
20 2
20 57
20 60
20 130
20 147
21 5
21 13
21 141
22 106
22 153
23 24
23 29
23 71
23 130
23 149
23 157
24 6
24 23
24 90
24 127
24 146
25 17
25 35
25 37
25 148
26 75
26 113
26 114
26 121
27 16
27 145
28 114
28 116
28 123
29 23
29 42
29 89
29 101
29 111
30 44
30 48
30 50
30 134
31 15
31 93
31 104
31 107
31 114
31 154
32 11
32 59
32 153
32 157
33 5
33 152
34 2
34 51
34 76
34 77
34 119
35 0
35 14
35 25
36 71
36 87
37 25
37 143
37 152
37 159
38 5
38 120
38 133
39 51
39 52
39 121
39 122
39 154
39 155
40 7
40 56
40 121
40 125
40 151
41 9
41 65
41 95
41 109
41 144
41 156
42 1
42 29
42 133
43 99
44 30
44 67
44 149
45 10
45 71
45 89
45 92
45 117
45 145
45 157
46 53
46 96
46 99
46 158
47 79
48 6
48 10
48 30
48 69
48 80
48 92
48 108
48 136
49 59
49 64
49 131
49 150
50 8
50 30
50 75
50 98
50 145
51 34
51 39
52 17
52 39
53 0
53 16
53 46
53 78
53 134
54 7
54 78
55 68
55 78
55 124
56 12
56 40
56 57
56 117
56 128
57 3
57 20
57 56
57 70
57 111
57 124
57 135
57 148
57 154
58 7
58 12
58 64
58 68
59 32
59 49
59 69
59 91
59 128
59 131
60 0
60 20
60 77
60 96
60 113
61 74
61 139
61 153
62 12
62 72
62 87
63 120
64 14
64 49
64 58
64 98
65 18
65 41
65 116
65 117
65 145
66 80
66 133
67 44
67 152
67 155
68 3
68 55
68 58
68 126
69 48
69 59
70 57
70 84
70 114
70 133
71 4
71 23
71 36
71 45
71 95
71 117
72 62
73 105
73 157
74 61
74 89
75 26
75 50
75 85
76 19
76 34
76 111
76 134
77 34
77 60
77 117
77 118
77 144
78 53
78 54
78 55
78 116
79 47
79 94
79 98
79 143
80 48
80 66
80 125
80 129
80 141
81 131
82 118
83 136
84 6
84 7
84 8
84 13
84 70
84 94
84 119
84 120
84 143
85 75
85 101
85 109
86 157
87 10
87 36
87 62
87 88
87 91
87 144
88 87
88 110
88 120
89 29
89 45
89 74
89 103
90 24
90 157
91 9
91 18
91 59
91 87
91 102
91 141
92 9
92 15
92 45
92 48
92 111
93 14
93 19
93 31
93 124
94 18
94 79
94 84
94 145
95 5
95 41
95 71
95 100
95 111
95 126
96 46
96 60
96 102
96 105
96 131
97 8
98 50
98 64
98 79
99 16
99 43
99 46
100 18
100 95
100 126
100 127
100 150
101 6
101 29
101 85
101 106
101 127
102 91
102 96
102 115
102 158
102 159
103 89
104 31
104 135
105 73
105 96
106 22
106 101
106 136
107 8
107 18
107 31
108 48
108 109
109 6
109 41
109 85
109 108
109 117
110 88
110 154
111 0
111 4
111 29
111 57
111 76
111 92
111 95
111 129
111 131
111 136
111 151
112 7
113 26
113 60
113 119
113 140
114 26
114 28
114 31
114 70
114 142
114 157
115 102
116 28
116 65
116 78
117 6
117 45
117 56
117 65
117 71
117 77
117 109
117 123
117 133
117 150
118 77
118 82
118 124
118 154
119 0
119 34
119 84
119 113
119 133
120 12
120 18
120 38
120 63
120 84
120 88
120 155
121 26
121 39
121 40
122 39
122 138
123 28
123 117
123 130
124 6
124 55
124 57
124 93
124 118
124 144
125 40
125 80
126 68
126 95
126 100
126 145
126 152
127 24
127 100
127 101
128 56
128 59
129 80
129 111
129 148
130 11
130 20
130 23
130 123
131 49
131 59
131 81
131 96
131 111
131 152
132 135
132 155
133 38
133 42
133 66
133 70
133 117
133 119
133 150
134 1
134 30
134 53
134 76
134 138
134 140
134 148
134 158
135 10
135 57
135 104
135 132
136 48
136 83
136 106
136 111
136 140
137 0
138 7
138 12
138 122
138 134
138 140
139 0
139 61
139 152
140 113
140 134
140 136
140 138
141 21
141 80
141 91
141 148
142 114
142 144
143 3
143 10
143 12
143 37
143 79
143 84
144 41
144 77
144 87
144 124
144 142
144 145
145 3
145 27
145 45
145 50
145 65
145 94
145 126
145 144
146 24
146 157
147 20
148 25
148 57
148 129
148 134
148 141
149 23
149 44
150 4
150 49
150 100
150 117
150 133
151 40
151 111
152 33
152 37
152 67
152 126
152 131
152 139
153 8
153 18
153 22
153 32
153 61
153 155
154 31
154 39
154 57
154 110
154 118
155 39
155 67
155 120
155 132
155 153
156 41
157 23
157 32
157 45
157 73
157 86
157 90
157 114
157 146
158 46
158 102
158 134
159 11
159 37
159 102
0 1 2 3 4 5 6 7 8 9 10 11 12 13 14 15 16 17 18 19 20 21 22 23 24 25 26 27 28 29 30 31 32 33 34 35 36 37 38 39
