160 480 7
0 9
0 30
0 43
0 67
0 75
0 92
0 125
0 126
0 154
1 6
1 63
2 61
2 125
3 71
3 92
3 145
4 15
4 85
4 158
5 56
5 94
5 96
6 1
6 13
7 111
8 56
8 103
8 155
9 0
9 22
9 112
10 72
10 104
11 43
11 68
11 114
11 120
12 50
12 53
12 94
12 134
12 142
13 6
13 19
13 82
13 87
13 95
13 147
14 39
14 75
14 106
14 128
14 159
15 4
15 31
15 142
16 87
16 90
17 57
18 38
18 121
19 13
19 46
20 59
20 63
20 92
20 139
21 93
21 113
21 117
22 9
22 53
23 121
23 134
23 138
24 101
24 141
25 96
26 50
26 61
26 129
27 42
27 130
27 150
28 52
28 63
28 145
29 104
29 150
29 155
30 0
30 82
30 122
30 143
31 15
32 41
32 113
32 115
33 54
33 56
33 76
33 105
33 136
34 90
34 129
35 86
35 118
36 86
36 103
37 78
38 18
38 72
38 111
38 114
38 123
39 14
39 101
39 108
40 97
40 135
41 32
42 27
42 128
42 143
43 0
43 11
43 83
44 54
45 61
45 82
45 91
46 19
46 94
46 130
46 158
47 135
47 139
48 75
49 108
50 12
50 26
50 69
50 93
50 95
50 144
50 149
50 151
51 109
51 112
52 28
52 66
52 77
52 88
52 158
53 12
53 22
54 33
54 44
54 104
54 159
55 111
55 150
56 5
56 8
56 33
56 58
57 17
57 147
57 158
58 56
59 20
59 78
60 66
60 69
61 2
61 26
61 45
62 87
62 116
62 138
63 1
63 20
63 28
64 90
64 94
65 107
65 114
66 52
66 60
66 82
66 149
67 0
67 130
68 11
68 139
69 50
69 60
69 131
69 141
70 85
70 142
71 3
71 113
72 10
72 38
72 141
73 107
73 114
73 123
73 154
74 92
74 129
74 142
75 0
75 14
75 48
75 98
75 107
75 111
75 121
76 33
76 87
77 52
77 101
77 102
77 106
78 37
78 59
78 146
78 147
79 106
79 109
80 103
80 114
80 120
80 130
80 146
81 84
81 128
82 13
82 30
82 45
82 66
83 43
83 94
83 110
83 151
84 81
85 4
85 70
85 123
85 153
86 35
86 36
86 92
86 129
87 13
87 16
87 62
87 76
87 103
87 128
88 52
88 89
88 122
88 150
89 88
89 132
90 16
90 34
90 64
91 45
91 127
91 159
92 0
92 3
92 20
92 74
92 86
93 21
93 50
93 112
93 147
94 5
94 12
94 46
94 64
94 83
94 103
94 118
95 13
95 50
95 106
96 5
96 25
97 40
97 112
98 75
98 129
99 121
100 128
101 24
101 39
101 77
102 77
103 8
103 36
103 80
103 87
103 94
103 125
103 158
104 10
104 29
104 54
104 111
104 129
105 33
105 132
106 14
106 77
106 79
106 95
107 65
107 73
107 75
108 39
108 49
109 51
109 79
109 138
109 140
109 156
110 83
111 7
111 38
111 55
111 75
111 104
112 9
112 51
112 93
112 97
112 126
113 21
113 32
113 71
114 11
114 38
114 65
114 73
114 80
115 32
116 62
116 133
116 154
117 21
117 124
117 154
118 35
118 94
119 122
119 128
120 11
120 80
121 18
121 23
121 75
121 99
122 30
122 88
122 119
123 38
123 73
123 85
124 117
125 0
125 2
125 103
125 132
125 139
126 0
126 112
126 137
127 91
128 14
128 42
128 81
128 87
128 100
128 119
128 150
129 26
129 34
129 74
129 86
129 98
129 104
129 131
130 27
130 46
130 67
130 80
131 69
131 129
132 89
132 105
132 125
133 116
134 12
134 23
135 40
135 47
136 33
137 126
138 23
138 62
138 109
139 20
139 47
139 68
139 125
139 155
139 157
140 109
141 24
141 69
141 72
141 152
142 12
142 15
142 70
142 74
142 144
143 30
143 42
144 50
144 142
145 3
145 28
146 78
146 80
147 13
147 57
147 78
147 93
148 154
149 50
149 66
149 153
150 27
150 29
150 55
150 88
150 128
151 50
151 83
151 152
152 141
152 151
153 85
153 149
154 0
154 73
154 116
154 117
154 148
155 8
155 29
155 139
156 109
157 139
158 4
158 46
158 52
158 57
158 103
159 14
159 54
159 91
0 1 2 3 4 5 6
