160 1624 12
0 9
0 10
0 14
0 47
0 50
0 87
0 102
0 109
0 134
0 148
0 157
0 158
1 6
1 30
1 55
1 60
1 70
1 72
1 93
1 99
1 115
1 129
1 130
1 135
1 144
1 147
1 151
1 152
1 154
1 158
2 45
2 58
2 66
2 82
2 129
2 132
2 159
3 10
3 11
3 38
3 49
3 70
3 79
3 82
3 140
4 32
4 52
4 79
4 87
4 99
4 122
4 141
4 149
5 7
5 9
5 65
5 82
6 1
6 10
6 24
6 34
6 36
6 63
6 72
6 83
6 87
6 96
6 98
6 130
6 140
6 150
7 5
7 18
7 29
7 53
7 54
7 56
7 73
7 103
7 116
7 133
7 151
8 14
8 15
8 22
8 49
8 54
8 105
8 127
8 130
8 142
9 0
9 5
9 56
9 70
9 75
9 121
9 138
9 143
10 0
10 3
10 6
10 21
10 66
10 73
10 74
10 79
10 80
10 87
10 90
10 92
10 98
10 124
10 149
11 3
11 15
11 38
11 96
11 144
11 146
12 19
12 40
12 102
12 139
12 143
13 15
13 46
13 80
13 95
13 101
13 106
13 119
13 131
14 0
14 8
14 15
14 36
14 43
14 45
14 54
14 82
14 90
14 112
14 130
15 8
15 11
15 13
15 14
15 42
15 60
15 74
15 80
15 108
15 136
15 137
15 143
15 151
15 152
16 26
16 76
16 93
16 125
16 133
17 22
17 73
17 110
17 122
17 125
17 126
17 128
17 129
17 136
17 145
17 151
17 154
18 7
18 19
18 24
18 58
18 134
18 139
18 146
19 12
19 18
19 21
19 23
19 35
19 52
19 60
19 102
19 110
19 112
19 132
19 136
19 154
19 159
20 70
20 75
20 87
20 89
20 96
20 132
20 147
21 10
21 19
21 39
21 58
21 60
21 79
21 112
21 115
21 134
22 8
22 17
22 29
22 33
22 46
22 49
22 50
22 61
22 95
22 97
22 112
22 117
22 138
22 140
22 158
23 19
23 40
23 41
23 52
23 62
23 69
23 78
23 89
23 99
23 107
23 109
23 120
23 135
23 139
23 142
23 143
23 146
23 152
24 6
24 18
24 25
24 26
24 29
24 30
24 45
24 70
24 91
24 104
24 130
24 146
25 24
25 28
25 88
25 101
25 123
25 131
25 132
25 140
25 153
25 156
25 157
25 158
26 16
26 24
26 43
26 88
26 115
26 134
26 139
26 140
26 155
27 42
27 61
27 75
27 77
27 83
27 89
27 94
27 123
27 139
27 140
27 148
28 25
28 84
28 90
28 99
28 122
28 143
28 150
28 151
29 7
29 22
29 24
29 36
29 40
29 54
29 82
29 92
29 95
29 97
29 107
29 113
29 120
29 154
30 1
30 24
30 112
30 130
30 146
31 45
31 52
31 65
31 77
31 92
31 94
31 95
31 137
31 153
32 4
32 38
32 42
32 74
32 93
32 122
32 135
32 143
32 147
32 148
32 152
33 22
33 55
33 82
33 111
33 112
33 149
34 6
34 36
34 38
34 39
34 42
34 44
34 51
34 81
34 97
34 125
34 141
34 153
34 156
35 19
35 38
35 73
35 86
35 101
35 116
35 121
35 146
35 147
35 155
36 6
36 14
36 29
36 34
36 41
36 47
36 55
36 56
36 61
36 78
36 105
36 118
36 140
37 39
37 45
37 57
37 72
37 82
37 91
37 110
37 131
38 3
38 11
38 32
38 34
38 35
38 43
38 53
38 74
38 107
38 111
38 131
38 135
38 152
39 21
39 34
39 37
39 46
39 50
39 92
39 108
39 125
39 142
39 144
39 156
40 12
40 23
40 29
40 44
40 53
40 64
40 72
40 86
40 116
40 118
40 132
40 149
40 154
41 23
41 36
41 67
41 80
41 93
41 96
41 104
41 113
41 135
41 142
42 15
42 27
42 32
42 34
42 55
42 74
42 88
42 102
42 104
42 154
43 14
43 26
43 38
43 71
43 123
43 151
43 156
44 34
44 40
44 61
44 76
44 103
44 104
44 122
44 125
44 128
44 129
44 143
45 2
45 14
45 24
45 31
45 37
45 67
45 86
45 100
45 106
45 110
45 128
45 136
45 139
46 13
46 22
46 39
46 65
46 70
46 119
46 130
46 136
47 0
47 36
47 94
47 112
47 124
47 153
47 159
48 97
48 122
49 3
49 8
49 22
49 70
49 124
49 127
49 152
50 0
50 22
50 39
50 70
50 141
50 146
50 151
50 155
50 158
51 34
51 54
51 55
51 66
51 79
51 85
51 151
52 4
52 19
52 23
52 31
52 56
52 59
52 66
52 71
52 75
52 80
52 96
52 103
52 137
53 7
53 38
53 40
53 54
53 59
53 63
53 115
53 118
53 145
54 7
54 8
54 14
54 29
54 51
54 53
54 56
54 59
54 60
54 62
54 66
54 72
54 115
54 130
54 149
55 1
55 33
55 36
55 42
55 51
55 67
55 74
55 75
55 95
55 98
55 104
55 117
55 124
55 130
55 150
55 153
56 7
56 9
56 36
56 52
56 54
56 58
56 64
56 79
56 87
56 115
56 120
56 136
56 143
56 147
57 37
57 59
57 77
57 90
57 135
57 139
58 2
58 18
58 21
58 56
58 68
58 70
58 71
58 96
58 108
58 119
58 121
58 152
58 155
59 52
59 53
59 54
59 57
59 73
59 85
59 108
59 113
59 123
59 129
59 134
59 136
59 138
59 155
60 1
60 15
60 19
60 21
60 54
60 73
60 82
60 103
60 141
60 145
61 22
61 27
61 36
61 44
61 82
61 159
62 23
62 54
62 67
62 90
62 92
62 110
62 122
62 158
63 6
63 53
63 71
63 82
63 84
63 86
63 96
63 102
63 112
63 118
63 133
63 148
63 157
64 40
64 56
64 79
64 93
64 95
64 108
64 123
64 124
64 146
64 150
65 5
65 31
65 46
65 84
65 92
65 103
65 145
65 147
65 149
65 154
66 2
66 10
66 51
66 52
66 54
66 68
66 87
66 128
66 135
66 137
67 41
67 45
67 55
67 62
67 70
67 87
67 88
67 90
67 92
67 131
67 143
67 147
67 157
68 58
68 66
68 74
68 89
68 128
68 142
68 143
68 146
69 23
69 71
69 89
69 104
69 124
69 151
69 155
70 1
70 3
70 9
70 20
70 24
70 46
70 49
70 50
70 58
70 67
70 73
70 85
70 93
70 129
70 139
70 149
70 151
71 43
71 52
71 58
71 63
71 69
71 78
71 130
71 132
71 138
71 144
71 159
72 1
72 6
72 37
72 40
72 54
72 76
72 94
72 95
72 109
72 154
72 156
73 7
73 10
73 17
73 35
73 59
73 60
73 70
73 96
73 105
73 117
73 125
73 133
73 148
74 10
74 15
74 32
74 38
74 42
74 55
74 68
74 99
74 122
74 155
75 9
75 20
75 27
75 52
75 55
75 88
75 96
75 111
75 132
75 148
76 16
76 44
76 72
77 27
77 31
77 57
77 84
77 102
77 124
77 129
77 130
77 147
78 23
78 36
78 71
78 123
78 133
78 141
79 3
79 4
79 10
79 21
79 51
79 56
79 64
79 83
79 84
79 85
79 112
79 143
80 10
80 13
80 15
80 41
80 52
80 91
80 136
81 34
81 100
81 113
81 119
82 2
82 3
82 5
82 14
82 29
82 33
82 37
82 60
82 61
82 63
82 85
82 86
82 106
82 107
82 119
82 132
82 140
82 159
83 6
83 27
83 79
83 93
83 100
83 114
83 145
83 148
83 154
84 28
84 63
84 65
84 77
84 79
84 98
84 117
84 125
84 129
84 144
84 146
84 150
85 51
85 59
85 70
85 79
85 82
85 88
85 112
85 126
85 134
86 35
86 40
86 45
86 63
86 82
86 87
86 89
86 91
86 109
87 0
87 4
87 6
87 10
87 20
87 56
87 66
87 67
87 86
87 90
87 105
87 106
87 110
87 111
87 119
87 128
88 25
88 26
88 42
88 67
88 75
88 85
88 90
88 114
88 123
88 141
88 144
89 20
89 23
89 27
89 68
89 69
89 86
89 120
89 147
89 149
90 10
90 14
90 28
90 57
90 62
90 67
90 87
90 88
90 105
90 132
90 136
90 141
90 159
91 24
91 37
91 80
91 86
91 92
91 129
91 134
91 145
92 10
92 29
92 31
92 39
92 62
92 65
92 67
92 91
92 103
92 107
92 109
92 122
92 127
93 1
93 16
93 32
93 41
93 64
93 70
93 83
93 102
93 103
93 120
93 125
93 127
93 159
94 27
94 31
94 47
94 72
94 102
94 133
94 136
94 139
95 13
95 22
95 29
95 31
95 55
95 64
95 72
95 99
95 124
95 133
95 134
96 6
96 11
96 20
96 41
96 52
96 58
96 63
96 73
96 75
96 97
96 111
96 124
96 127
96 130
96 146
96 154
97 22
97 29
97 34
97 48
97 96
97 100
97 101
97 102
97 158
98 6
98 10
98 55
98 84
98 115
98 130
98 136
98 139
99 1
99 4
99 23
99 28
99 74
99 95
99 103
99 109
99 113
99 124
99 138
99 152
99 157
100 45
100 81
100 83
100 97
101 13
101 25
101 35
101 97
101 105
101 115
101 122
101 134
101 136
101 147
102 0
102 12
102 19
102 42
102 63
102 77
102 93
102 94
102 97
102 111
102 146
103 7
103 44
103 52
103 60
103 65
103 92
103 93
103 99
103 115
103 137
103 139
104 24
104 41
104 42
104 44
104 55
104 69
104 116
104 128
104 129
104 131
104 146
105 8
105 36
105 73
105 87
105 90
105 101
105 112
105 134
105 137
106 13
106 45
106 82
106 87
106 113
106 121
106 127
106 137
107 23
107 29
107 38
107 82
107 92
107 133
107 148
108 15
108 39
108 58
108 59
108 64
108 137
108 151
109 0
109 23
109 72
109 86
109 92
109 99
109 124
109 139
109 148
110 17
110 19
110 37
110 45
110 62
110 87
110 120
110 134
110 141
110 157
111 33
111 38
111 75
111 87
111 96
111 102
111 113
111 115
111 128
111 132
111 135
111 141
111 144
111 152
112 14
112 19
112 21
112 22
112 30
112 33
112 47
112 63
112 79
112 85
112 105
112 157
113 29
113 41
113 59
113 81
113 99
113 106
113 111
113 120
113 131
113 140
113 148
113 154
114 83
114 88
114 131
114 136
114 140
115 1
115 21
115 26
115 53
115 54
115 56
115 98
115 101
115 103
115 111
115 120
115 126
115 145
115 150
115 151
116 7
116 35
116 40
116 104
116 126
116 133
117 22
117 55
117 73
117 84
117 157
118 36
118 40
118 53
118 63
119 13
119 46
119 58
119 81
119 82
119 87
119 135
119 143
120 23
120 29
120 56
120 89
120 93
120 110
120 113
120 115
120 122
120 141
121 9
121 35
121 58
121 106
121 123
121 137
121 141
122 4
122 17
122 28
122 32
122 44
122 48
122 62
122 74
122 92
122 101
122 120
122 136
122 137
122 141
122 159
123 25
123 27
123 43
123 59
123 64
123 78
123 88
123 121
123 131
123 141
124 10
124 47
124 49
124 55
124 64
124 69
124 77
124 95
124 96
124 99
124 109
124 157
125 16
125 17
125 34
125 39
125 44
125 73
125 84
125 93
125 135
125 136
126 17
126 85
126 115
126 116
126 143
126 150
127 8
127 49
127 92
127 93
127 96
127 106
127 130
127 156
128 17
128 44
128 45
128 66
128 68
128 87
128 104
128 111
128 142
128 153
128 154
129 1
129 2
129 17
129 44
129 59
129 70
129 77
129 84
129 91
129 104
129 134
129 137
129 151
130 1
130 6
130 8
130 14
130 24
130 30
130 46
130 54
130 55
130 71
130 77
130 96
130 98
130 127
130 146
130 150
131 13
131 25
131 37
131 38
131 67
131 104
131 113
131 114
131 123
132 2
132 19
132 20
132 25
132 40
132 71
132 75
132 82
132 90
132 111
133 7
133 16
133 63
133 73
133 78
133 94
133 95
133 107
133 116
133 154
134 0
134 18
134 21
134 26
134 59
134 85
134 91
134 95
134 101
134 105
134 110
134 129
135 1
135 23
135 32
135 38
135 41
135 57
135 66
135 111
135 119
135 125
135 142
135 151
136 15
136 17
136 19
136 45
136 46
136 56
136 59
136 80
136 90
136 94
136 98
136 101
136 114
136 122
136 125
136 144
137 15
137 31
137 52
137 66
137 103
137 105
137 106
137 108
137 121
137 122
137 129
137 155
138 9
138 22
138 59
138 71
138 99
138 141
138 144
139 12
139 18
139 23
139 26
139 27
139 45
139 57
139 70
139 94
139 98
139 103
139 109
139 143
140 3
140 6
140 22
140 25
140 26
140 27
140 36
140 82
140 113
140 114
141 4
141 34
141 50
141 60
141 78
141 88
141 90
141 110
141 111
141 120
141 121
141 122
141 123
141 138
142 8
142 23
142 39
142 41
142 68
142 128
142 135
143 9
143 12
143 15
143 23
143 28
143 32
143 44
143 56
143 67
143 68
143 79
143 119
143 126
143 139
143 146
144 1
144 11
144 39
144 71
144 84
144 88
144 111
144 136
144 138
145 17
145 53
145 60
145 65
145 83
145 91
145 115
145 157
146 11
146 18
146 23
146 24
146 30
146 35
146 50
146 64
146 68
146 84
146 96
146 102
146 104
146 130
146 143
147 1
147 20
147 32
147 35
147 56
147 65
147 67
147 77
147 89
147 101
148 0
148 27
148 32
148 63
148 73
148 75
148 83
148 107
148 109
148 113
149 4
149 10
149 33
149 40
149 54
149 65
149 70
149 89
150 6
150 28
150 55
150 64
150 84
150 115
150 126
150 130
150 157
151 1
151 7
151 15
151 17
151 28
151 43
151 50
151 51
151 69
151 70
151 108
151 115
151 129
151 135
152 1
152 15
152 23
152 32
152 38
152 49
152 58
152 99
152 111
152 159
153 25
153 31
153 34
153 47
153 55
153 128
154 1
154 17
154 19
154 29
154 40
154 42
154 65
154 72
154 83
154 96
154 113
154 128
154 133
155 26
155 35
155 50
155 58
155 59
155 69
155 74
155 137
156 25
156 34
156 39
156 43
156 72
156 127
157 0
157 25
157 63
157 67
157 99
157 110
157 112
157 117
157 124
157 145
157 150
158 0
158 1
158 22
158 25
158 50
158 62
158 97
159 2
159 19
159 47
159 61
159 71
159 82
159 90
159 93
159 122
159 152
0 1 2 3 4 5 6 7 8 9 10 11
