160 5088 40
0 2
0 4
0 19
0 28
0 31
0 36
0 39
0 40
0 47
0 48
0 49
0 51
0 54
0 60
0 66
0 70
0 71
0 81
0 82
0 84
0 93
0 95
0 97
0 98
0 102
0 104
0 106
0 122
0 129
0 131
0 145
0 149
0 151
0 155
1 15
1 22
1 26
1 31
1 40
1 43
1 44
1 48
1 62
1 65
1 70
1 77
1 90
1 95
1 97
1 100
1 114
1 117
1 127
1 129
1 132
1 154
1 158
2 0
2 10
2 18
2 25
2 26
2 30
2 33
2 34
2 39
2 43
2 47
2 57
2 58
2 65
2 66
2 70
2 75
2 79
2 88
2 96
2 99
2 100
2 108
2 119
2 121
2 124
2 126
2 136
2 137
2 143
2 150
2 154
2 157
3 4
3 6
3 11
3 19
3 24
3 30
3 35
3 38
3 44
3 51
3 54
3 63
3 79
3 84
3 87
3 93
3 99
3 104
3 114
3 127
3 137
3 139
3 147
3 150
3 156
4 0
4 3
4 6
4 7
4 8
4 20
4 24
4 27
4 30
4 35
4 38
4 41
4 56
4 59
4 63
4 64
4 65
4 79
4 81
4 87
4 98
4 100
4 107
4 109
4 112
4 114
4 117
4 124
4 127
4 131
4 135
4 141
4 147
4 153
4 154
4 156
4 158
5 10
5 11
5 14
5 26
5 32
5 36
5 47
5 49
5 53
5 54
5 57
5 68
5 70
5 87
5 95
5 96
5 111
5 119
5 131
5 134
5 135
5 139
5 143
5 146
5 148
5 154
6 3
6 4
6 17
6 25
6 26
6 27
6 37
6 41
6 43
6 46
6 47
6 53
6 56
6 68
6 69
6 77
6 80
6 81
6 84
6 96
6 97
6 100
6 102
6 110
6 112
6 121
6 133
6 136
6 138
6 142
6 157
7 4
7 8
7 9
7 11
7 24
7 26
7 29
7 30
7 33
7 40
7 41
7 45
7 47
7 49
7 51
7 60
7 63
7 64
7 86
7 98
7 105
7 116
7 129
7 136
7 140
7 142
7 156
8 4
8 7
8 13
8 22
8 25
8 26
8 27
8 28
8 32
8 33
8 41
8 42
8 47
8 50
8 51
8 57
8 64
8 65
8 71
8 72
8 73
8 74
8 76
8 82
8 83
8 87
8 93
8 95
8 98
8 101
8 104
8 110
8 112
8 117
8 119
8 122
8 125
8 128
8 129
8 130
8 131
8 133
8 145
8 150
8 152
8 154
9 7
9 20
9 28
9 29
9 39
9 41
9 43
9 54
9 57
9 59
9 62
9 71
9 75
9 82
9 92
9 95
9 97
9 99
9 105
9 110
9 115
9 119
9 121
9 137
9 139
9 145
9 146
9 148
9 149
9 151
9 154
9 155
9 158
9 159
10 2
10 5
10 11
10 22
10 27
10 34
10 36
10 38
10 39
10 43
10 44
10 48
10 51
10 55
10 59
10 73
10 75
10 81
10 86
10 87
10 105
10 106
10 110
10 112
10 113
10 114
10 118
10 124
10 125
10 126
10 138
10 139
10 142
10 149
10 153
10 155
11 3
11 5
11 7
11 10
11 15
11 18
11 28
11 32
11 35
11 45
11 48
11 50
11 54
11 56
11 66
11 68
11 72
11 79
11 80
11 84
11 103
11 104
11 107
11 116
11 123
11 125
11 130
11 136
11 141
11 142
11 150
12 14
12 18
12 22
12 26
12 36
12 45
12 46
12 49
12 57
12 58
12 59
12 61
12 86
12 87
12 91
12 101
12 107
12 110
12 111
12 123
12 124
12 141
12 145
12 151
12 155
13 8
13 17
13 27
13 29
13 32
13 41
13 42
13 48
13 59
13 62
13 66
13 68
13 72
13 82
13 84
13 95
13 100
13 101
13 102
13 110
13 113
13 118
13 120
13 122
13 123
13 138
13 145
13 158
14 5
14 12
14 22
14 32
14 37
14 39
14 50
14 62
14 65
14 69
14 76
14 79
14 81
14 91
14 93
14 98
14 99
14 101
14 102
14 103
14 107
14 108
14 116
14 117
14 118
14 122
14 125
14 131
14 132
14 134
14 136
14 138
14 139
14 140
14 149
14 151
14 154
14 156
14 158
15 1
15 11
15 17
15 22
15 23
15 25
15 28
15 39
15 43
15 44
15 51
15 57
15 62
15 64
15 65
15 71
15 76
15 81
15 84
15 96
15 101
15 102
15 106
15 119
15 124
15 126
15 128
15 129
15 131
15 140
15 147
15 151
15 153
15 154
15 159
16 18
16 21
16 27
16 44
16 46
16 50
16 56
16 58
16 69
16 97
16 104
16 121
16 124
16 129
16 138
16 142
16 148
16 152
16 159
17 6
17 13
17 15
17 21
17 25
17 30
17 41
17 43
17 46
17 47
17 58
17 61
17 65
17 76
17 81
17 82
17 83
17 88
17 92
17 94
17 96
17 100
17 103
17 104
17 115
17 116
17 123
17 124
17 125
17 133
17 136
17 145
17 149
17 152
17 159
18 2
18 11
18 12
18 16
18 26
18 27
18 44
18 49
18 56
18 59
18 61
18 72
18 80
18 85
18 88
18 99
18 104
18 106
18 111
18 113
18 117
18 119
18 122
18 131
18 135
18 141
18 151
18 156
19 0
19 3
19 28
19 31
19 38
19 42
19 43
19 49
19 77
19 81
19 105
19 107
19 108
19 112
19 118
19 120
19 124
19 128
19 131
19 132
19 135
19 140
19 141
19 142
19 144
19 151
19 154
19 159
20 4
20 9
20 23
20 33
20 35
20 36
20 37
20 40
20 42
20 43
20 46
20 51
20 58
20 71
20 72
20 78
20 82
20 85
20 89
20 109
20 111
20 114
20 121
20 132
20 140
20 144
20 147
20 153
20 157
21 16
21 17
21 52
21 54
21 59
21 60
21 68
21 72
21 74
21 76
21 86
21 90
21 93
21 95
21 109
21 123
21 134
21 141
21 144
21 157
22 1
22 8
22 10
22 12
22 14
22 15
22 39
22 47
22 51
22 52
22 56
22 57
22 61
22 65
22 78
22 81
22 83
22 95
22 96
22 98
22 106
22 113
22 115
22 118
22 125
22 130
22 134
22 138
22 142
22 145
22 154
22 155
23 15
23 20
23 24
23 33
23 41
23 42
23 46
23 49
23 50
23 54
23 60
23 63
23 77
23 78
23 91
23 94
23 95
23 98
23 100
23 103
23 106
23 107
23 115
23 118
23 124
23 128
23 129
23 135
23 136
23 138
23 148
23 149
23 150
24 3
24 4
24 7
24 23
24 31
24 35
24 38
24 51
24 58
24 59
24 67
24 70
24 72
24 75
24 82
24 83
24 85
24 94
24 103
24 104
24 111
24 113
24 114
24 115
24 116
24 129
24 132
24 151
24 152
24 154
25 2
25 6
25 8
25 15
25 17
25 28
25 32
25 33
25 35
25 39
25 46
25 47
25 48
25 55
25 65
25 68
25 70
25 71
25 84
25 87
25 99
25 100
25 101
25 102
25 106
25 107
25 110
25 112
25 113
25 118
25 126
25 127
25 129
25 131
25 134
25 135
25 142
25 149
25 151
25 155
25 158
25 159
26 1
26 2
26 5
26 6
26 7
26 8
26 12
26 18
26 28
26 31
26 35
26 39
26 43
26 46
26 51
26 57
26 66
26 70
26 73
26 78
26 83
26 87
26 89
26 90
26 93
26 95
26 107
26 117
26 121
26 127
26 130
26 132
26 135
26 138
26 139
26 142
26 147
26 148
26 150
26 153
26 155
27 4
27 6
27 8
27 10
27 13
27 16
27 18
27 33
27 38
27 44
27 45
27 50
27 52
27 57
27 59
27 63
27 64
27 66
27 71
27 79
27 91
27 97
27 108
27 109
27 121
27 129
27 130
27 137
27 144
27 149
27 158
28 0
28 8
28 9
28 11
28 15
28 19
28 25
28 26
28 35
28 36
28 47
28 51
28 57
28 60
28 68
28 73
28 81
28 83
28 85
28 89
28 98
28 109
28 117
28 129
28 130
28 133
28 136
28 137
28 138
28 142
28 143
28 154
28 157
28 159
29 7
29 9
29 13
29 31
29 35
29 36
29 37
29 49
29 53
29 54
29 60
29 67
29 77
29 89
29 90
29 103
29 110
29 120
29 126
29 127
29 131
29 140
29 144
29 148
29 149
29 150
29 152
29 153
29 158
29 159
30 2
30 3
30 4
30 7
30 17
30 33
30 37
30 38
30 59
30 60
30 63
30 67
30 68
30 75
30 78
30 79
30 83
30 85
30 92
30 96
30 106
30 107
30 113
30 116
30 118
30 119
30 122
30 127
30 128
30 131
30 132
30 134
30 136
30 141
30 158
31 0
31 1
31 19
31 24
31 26
31 29
31 46
31 47
31 57
31 59
31 61
31 68
31 71
31 74
31 80
31 82
31 84
31 94
31 95
31 106
31 107
31 109
31 116
31 118
31 119
31 122
31 125
31 126
31 134
31 154
31 155
31 158
32 5
32 8
32 11
32 13
32 14
32 25
32 33
32 37
32 62
32 64
32 66
32 72
32 77
32 79
32 83
32 85
32 90
32 99
32 101
32 103
32 118
32 128
32 129
32 132
32 133
32 136
32 138
32 146
32 147
32 148
32 155
32 157
33 2
33 7
33 8
33 20
33 23
33 25
33 27
33 30
33 32
33 37
33 39
33 46
33 52
33 53
33 56
33 57
33 62
33 74
33 80
33 91
33 92
33 95
33 96
33 107
33 112
33 114
33 115
33 116
33 125
33 126
33 128
33 131
33 137
33 148
33 158
34 2
34 10
34 60
34 64
34 67
34 69
34 71
34 74
34 75
34 81
34 83
34 105
34 111
34 119
34 129
34 135
34 151
35 3
35 4
35 11
35 20
35 24
35 25
35 26
35 28
35 29
35 43
35 47
35 49
35 69
35 72
35 82
35 92
35 97
35 98
35 109
35 113
35 116
35 123
35 135
35 136
35 145
35 146
35 159
36 0
36 5
36 10
36 12
36 20
36 28
36 29
36 37
36 38
36 40
36 41
36 42
36 48
36 52
36 53
36 60
36 67
36 82
36 83
36 90
36 97
36 107
36 110
36 111
36 112
36 119
36 120
36 121
36 127
36 135
36 139
36 147
36 148
36 152
36 153
37 6
37 14
37 20
37 29
37 30
37 32
37 33
37 36
37 42
37 46
37 48
37 54
37 55
37 72
37 74
37 79
37 91
37 99
37 101
37 114
37 115
37 118
37 119
37 126
37 130
37 131
37 138
37 145
37 151
37 155
37 159
38 3
38 4
38 10
38 19
38 24
38 27
38 30
38 36
38 42
38 46
38 49
38 51
38 65
38 69
38 73
38 77
38 88
38 89
38 91
38 97
38 98
38 102
38 112
38 119
38 127
38 132
38 133
38 144
38 159
39 0
39 2
39 9
39 10
39 14
39 15
39 22
39 25
39 26
39 33
39 42
39 45
39 46
39 47
39 52
39 53
39 63
39 64
39 66
39 73
39 75
39 76
39 79
39 82
39 84
39 89
39 92
39 93
39 94
39 99
39 103
39 107
39 108
39 110
39 132
39 138
39 145
39 150
39 151
39 156
40 0
40 1
40 7
40 20
40 36
40 42
40 62
40 67
40 68
40 70
40 72
40 77
40 80
40 83
40 87
40 99
40 106
40 109
40 111
40 113
40 118
40 128
40 130
40 131
40 133
40 136
40 138
40 139
40 148
40 150
40 152
41 4
41 6
41 7
41 8
41 9
41 13
41 17
41 23
41 36
41 47
41 50
41 56
41 61
41 62
41 67
41 68
41 88
41 92
41 95
41 100
41 101
41 102
41 109
41 113
41 117
41 119
41 122
41 143
41 146
41 147
41 156
41 158
42 8
42 13
42 19
42 20
42 23
42 36
42 37
42 38
42 39
42 40
42 44
42 47
42 57
42 67
42 69
42 74
42 77
42 82
42 84
42 85
42 91
42 107
42 113
42 119
42 120
42 128
42 129
42 133
42 135
42 139
42 145
42 150
42 151
42 156
43 1
43 2
43 6
43 9
43 10
43 15
43 17
43 19
43 20
43 26
43 35
43 55
43 67
43 68
43 70
43 75
43 89
43 97
43 98
43 99
43 102
43 113
43 115
43 122
43 128
43 129
43 139
43 144
43 152
43 155
44 1
44 3
44 10
44 15
44 16
44 18
44 27
44 42
44 46
44 48
44 62
44 68
44 78
44 83
44 92
44 93
44 96
44 97
44 100
44 101
44 102
44 104
44 105
44 111
44 117
44 119
44 120
44 121
44 134
44 135
44 155
44 158
45 7
45 11
45 12
45 27
45 39
45 48
45 50
45 58
45 60
45 71
45 73
45 81
45 83
45 86
45 87
45 88
45 91
45 101
45 106
45 107
45 109
45 111
45 116
45 117
45 118
45 119
45 122
45 137
45 138
45 141
45 147
45 148
45 153
45 157
45 158
46 6
46 12
46 16
46 17
46 20
46 23
46 25
46 26
46 31
46 33
46 37
46 38
46 39
46 44
46 52
46 54
46 59
46 64
46 68
46 77
46 78
46 87
46 94
46 96
46 97
46 98
46 101
46 102
46 106
46 109
46 117
46 123
46 131
46 139
47 0
47 2
47 5
47 6
47 7
47 8
47 17
47 22
47 25
47 28
47 31
47 35
47 39
47 41
47 42
47 48
47 58
47 61
47 65
47 75
47 78
47 85
47 87
47 96
47 97
47 98
47 116
47 121
47 124
47 125
47 143
47 144
47 145
47 156
48 0
48 1
48 10
48 11
48 13
48 25
48 36
48 37
48 44
48 45
48 47
48 55
48 56
48 66
48 79
48 92
48 95
48 97
48 98
48 99
48 103
48 107
48 108
48 109
48 112
48 118
48 119
48 121
48 130
48 132
48 135
48 142
48 144
48 152
49 0
49 5
49 7
49 12
49 18
49 19
49 23
49 29
49 35
49 38
49 61
49 64
49 69
49 72
49 79
49 87
49 88
49 89
49 90
49 107
49 117
49 118
49 136
49 151
49 157
50 8
50 11
50 14
50 16
50 23
50 27
50 41
50 45
50 52
50 65
50 67
50 69
50 72
50 76
50 100
50 102
50 111
50 118
50 134
50 137
50 139
50 147
50 148
50 157
51 0
51 3
51 7
51 8
51 10
51 15
51 20
51 22
51 24
51 26
51 28
51 38
51 58
51 60
51 62
51 65
51 80
51 81
51 84
51 88
51 89
51 96
51 97
51 118
51 120
51 128
51 135
51 139
51 140
51 141
51 147
51 151
51 154
51 156
52 21
52 22
52 27
52 33
52 36
52 39
52 46
52 50
52 57
52 59
52 60
52 68
52 73
52 89
52 94
52 95
52 100
52 107
52 115
52 116
52 120
52 121
52 127
52 132
52 133
52 137
52 139
52 145
52 148
53 5
53 6
53 29
53 33
53 36
53 39
53 54
53 59
53 60
53 63
53 64
53 65
53 66
53 68
53 73
53 75
53 76
53 77
53 84
53 87
53 96
53 97
53 98
53 99
53 101
53 102
53 104
53 105
53 107
53 109
53 110
53 122
53 126
53 132
53 137
53 146
53 147
53 148
53 149
53 151
53 152
53 155
53 156
54 0
54 3
54 5
54 9
54 11
54 21
54 23
54 29
54 37
54 46
54 53
54 67
54 77
54 80
54 82
54 83
54 84
54 90
54 93
54 100
54 102
54 105
54 110
54 116
54 118
54 124
54 143
54 157
55 10
55 25
55 37
55 43
55 48
55 56
55 62
55 68
55 69
55 81
55 83
55 89
55 94
55 99
55 103
55 106
55 108
55 113
55 114
55 117
55 128
55 131
55 133
55 134
55 142
55 152
55 155
55 157
56 4
56 6
56 11
56 16
56 18
56 22
56 33
56 41
56 48
56 55
56 61
56 71
56 89
56 98
56 100
56 111
56 127
56 135
56 138
56 142
56 143
56 145
56 147
56 149
56 151
56 152
56 155
56 157
57 2
57 5
57 8
57 9
57 12
57 15
57 22
57 26
57 27
57 28
57 31
57 33
57 42
57 52
57 58
57 64
57 68
57 70
57 71
57 76
57 79
57 82
57 86
57 97
57 99
57 101
57 105
57 117
57 120
57 129
57 135
57 142
57 143
57 144
57 151
58 2
58 12
58 16
58 17
58 20
58 24
58 45
58 47
58 51
58 57
58 59
58 66
58 73
58 75
58 81
58 85
58 89
58 92
58 99
58 107
58 111
58 113
58 116
58 118
58 135
58 145
58 155
59 4
59 9
59 10
59 12
59 13
59 18
59 21
59 24
59 27
59 30
59 31
59 46
59 52
59 53
59 58
59 64
59 72
59 78
59 83
59 91
59 98
59 106
59 118
59 126
59 143
59 145
59 146
59 149
59 154
59 156
60 0
60 7
60 21
60 23
60 28
60 29
60 30
60 34
60 36
60 45
60 51
60 52
60 53
60 66
60 69
60 74
60 76
60 81
60 85
60 93
60 97
60 98
60 105
60 109
60 114
60 115
60 128
60 133
60 134
60 138
60 141
60 144
60 148
60 150
60 156
61 12
61 17
61 18
61 22
61 31
61 41
61 47
61 49
61 56
61 63
61 64
61 68
61 71
61 83
61 92
61 94
61 95
61 98
61 107
61 112
61 115
61 122
61 129
61 138
61 143
61 145
61 152
61 154
61 158
62 1
62 9
62 13
62 14
62 15
62 32
62 33
62 40
62 41
62 44
62 51
62 55
62 63
62 79
62 83
62 84
62 86
62 92
62 95
62 97
62 101
62 103
62 104
62 106
62 115
62 117
62 132
62 133
62 137
62 138
62 158
62 159
63 3
63 4
63 7
63 23
63 27
63 30
63 39
63 53
63 61
63 62
63 74
63 84
63 86
63 87
63 92
63 103
63 113
63 115
63 116
63 117
63 118
63 121
63 132
63 136
63 139
63 140
63 141
63 150
63 151
63 152
63 157
63 158
64 4
64 7
64 8
64 15
64 27
64 32
64 34
64 39
64 46
64 49
64 53
64 57
64 59
64 61
64 71
64 82
64 83
64 98
64 110
64 113
64 114
64 115
64 116
64 117
64 131
64 136
64 138
64 139
64 145
64 148
64 158
65 1
65 2
65 4
65 8
65 14
65 15
65 17
65 22
65 25
65 38
65 47
65 50
65 51
65 53
65 67
65 69
65 70
65 82
65 91
65 94
65 96
65 97
65 120
65 122
65 132
65 133
65 134
65 138
65 151
65 155
65 156
65 158
66 0
66 2
66 11
66 13
66 26
66 27
66 32
66 39
66 48
66 53
66 58
66 60
66 68
66 76
66 79
66 80
66 85
66 86
66 88
66 90
66 100
66 102
66 112
66 117
66 121
66 123
66 127
66 130
66 137
66 144
66 152
66 154
66 156
67 24
67 29
67 30
67 34
67 36
67 40
67 41
67 42
67 43
67 50
67 54
67 65
67 71
67 74
67 77
67 78
67 95
67 96
67 100
67 101
67 102
67 113
67 115
67 116
67 121
67 125
67 128
67 132
67 136
67 147
67 151
67 152
67 158
68 5
68 6
68 11
68 13
68 21
68 25
68 28
68 30
68 31
68 40
68 41
68 43
68 44
68 46
68 52
68 53
68 55
68 57
68 61
68 66
68 72
68 78
68 84
68 85
68 94
68 96
68 103
68 114
68 116
68 120
68 124
68 125
68 128
68 130
68 132
68 137
68 141
68 145
68 153
68 157
68 159
69 6
69 14
69 16
69 34
69 35
69 38
69 42
69 49
69 50
69 55
69 60
69 65
69 71
69 92
69 93
69 95
69 97
69 104
69 114
69 121
69 122
69 124
69 125
69 135
69 147
69 153
69 154
69 155
70 0
70 1
70 2
70 5
70 24
70 25
70 26
70 40
70 43
70 57
70 65
70 80
70 81
70 83
70 88
70 92
70 94
70 105
70 110
70 112
70 115
70 116
70 128
70 138
70 139
70 142
70 148
70 158
71 0
71 8
71 9
71 15
71 20
71 25
71 27
71 31
71 34
71 45
71 56
71 57
71 61
71 64
71 67
71 69
71 92
71 102
71 103
71 114
71 118
71 125
71 128
71 134
71 141
71 146
71 155
71 156
72 8
72 11
72 13
72 18
72 20
72 21
72 24
72 32
72 35
72 37
72 40
72 49
72 50
72 59
72 68
72 73
72 76
72 79
72 85
72 96
72 100
72 104
72 105
72 106
72 113
72 127
72 128
72 132
72 134
72 137
72 138
72 143
72 151
72 152
72 155
72 158
73 8
73 10
73 26
73 28
73 38
73 39
73 45
73 52
73 53
73 58
73 72
73 77
73 79
73 81
73 82
73 90
73 97
73 98
73 99
73 105
73 107
73 109
73 114
73 135
73 136
73 140
73 147
73 148
74 8
74 21
74 31
74 33
74 34
74 37
74 42
74 60
74 63
74 67
74 82
74 86
74 90
74 91
74 98
74 112
74 113
74 114
74 115
74 129
74 131
74 135
74 136
74 138
74 141
74 148
75 2
75 9
75 10
75 24
75 30
75 34
75 39
75 43
75 47
75 53
75 58
75 78
75 79
75 86
75 92
75 93
75 96
75 103
75 105
75 107
75 114
75 117
75 136
75 142
75 152
75 158
76 8
76 14
76 15
76 17
76 21
76 39
76 50
76 53
76 57
76 60
76 66
76 72
76 77
76 78
76 80
76 82
76 83
76 84
76 92
76 94
76 95
76 100
76 105
76 109
76 114
76 117
76 118
76 123
76 126
76 127
76 131
76 137
76 141
77 1
77 6
77 19
77 23
77 29
77 32
77 38
77 40
77 42
77 46
77 53
77 54
77 67
77 73
77 76
77 82
77 86
77 90
77 96
77 107
77 112
77 116
77 118
77 120
77 126
77 127
77 128
77 132
77 133
77 138
77 139
77 141
77 144
77 153
77 155
78 20
78 22
78 23
78 26
78 30
78 44
78 46
78 47
78 59
78 67
78 68
78 75
78 76
78 82
78 90
78 98
78 110
78 116
78 117
78 118
78 129
78 132
78 141
78 144
78 148
78 149
78 152
79 2
79 3
79 4
79 11
79 14
79 27
79 30
79 32
79 37
79 39
79 48
79 49
79 57
79 62
79 66
79 72
79 73
79 75
79 84
79 85
79 103
79 131
79 134
79 135
79 136
79 143
79 147
79 153
79 158
80 6
80 11
80 18
80 31
80 33
80 40
80 51
80 54
80 66
80 70
80 76
80 84
80 87
80 91
80 97
80 100
80 101
80 104
80 105
80 114
80 118
80 122
80 125
80 126
80 129
80 132
80 135
80 141
80 143
80 145
80 146
80 147
80 149
80 150
80 151
80 152
80 153
80 154
80 155
81 0
81 4
81 6
81 10
81 14
81 15
81 17
81 19
81 22
81 28
81 34
81 45
81 51
81 55
81 58
81 60
81 70
81 73
81 89
81 91
81 96
81 102
81 108
81 110
81 111
81 116
81 118
81 123
81 126
81 133
81 135
81 143
81 151
81 152
81 153
81 155
82 0
82 8
82 9
82 13
82 17
82 20
82 24
82 31
82 35
82 36
82 39
82 42
82 54
82 57
82 64
82 65
82 73
82 74
82 76
82 77
82 78
82 87
82 103
82 105
82 108
82 111
82 115
82 124
82 128
82 130
82 145
82 147
82 151
82 158
83 8
83 17
83 22
83 24
83 26
83 28
83 30
83 32
83 34
83 36
83 40
83 44
83 45
83 54
83 55
83 59
83 61
83 62
83 64
83 70
83 76
83 86
83 88
83 89
83 99
83 101
83 110
83 111
83 117
83 123
83 144
83 145
83 148
83 150
83 151
83 152
83 158
84 0
84 3
84 6
84 11
84 13
84 15
84 25
84 31
84 39
84 42
84 51
84 53
84 54
84 62
84 63
84 68
84 76
84 79
84 80
84 88
84 93
84 94
84 109
84 114
84 116
84 121
84 128
84 136
84 139
84 151
84 154
85 18
85 20
85 24
85 28
85 30
85 32
85 42
85 47
85 58
85 60
85 66
85 68
85 72
85 79
85 88
85 90
85 104
85 115
85 121
85 129
85 130
85 131
85 135
85 136
85 154
85 157
86 7
86 10
86 12
86 21
86 45
86 57
86 62
86 63
86 66
86 74
86 75
86 77
86 83
86 95
86 99
86 105
86 112
86 127
86 129
86 131
86 138
86 145
86 151
86 153
86 159
87 3
87 4
87 5
87 8
87 10
87 12
87 25
87 26
87 40
87 45
87 46
87 47
87 49
87 53
87 63
87 80
87 82
87 89
87 91
87 92
87 107
87 113
87 122
87 133
87 140
87 141
87 142
87 144
87 145
88 2
88 17
88 18
88 38
88 41
88 45
88 49
88 51
88 66
88 70
88 83
88 84
88 85
88 91
88 94
88 106
88 129
88 134
88 135
88 137
88 138
88 139
88 141
88 144
88 145
88 151
88 157
88 158
89 20
89 26
89 28
89 29
89 38
89 39
89 43
89 49
89 51
89 52
89 55
89 56
89 58
89 81
89 83
89 87
89 93
89 95
89 103
89 105
89 108
89 113
89 115
89 117
89 120
89 122
89 123
89 124
89 127
89 132
89 138
89 139
89 146
89 147
89 153
89 158
90 1
90 21
90 26
90 29
90 32
90 36
90 49
90 54
90 66
90 73
90 74
90 77
90 78
90 85
90 102
90 104
90 105
90 107
90 108
90 121
90 126
90 127
90 129
90 132
90 135
90 138
90 142
90 145
90 147
91 12
91 14
91 23
91 27
91 33
91 37
91 38
91 42
91 45
91 59
91 65
91 74
91 80
91 81
91 87
91 88
91 93
91 96
91 98
91 110
91 125
91 130
91 135
91 136
91 148
91 159
92 9
92 17
92 30
92 33
92 35
92 39
92 41
92 44
92 48
92 58
92 61
92 62
92 63
92 69
92 70
92 71
92 75
92 76
92 87
92 95
92 103
92 104
92 105
92 107
92 111
92 113
92 125
92 133
92 136
92 137
92 141
92 142
92 146
92 147
92 154
92 155
92 156
92 159
93 0
93 3
93 8
93 14
93 21
93 26
93 39
93 44
93 54
93 60
93 69
93 75
93 84
93 89
93 91
93 103
93 105
93 107
93 119
93 128
93 133
93 136
93 138
93 140
93 144
93 146
93 158
94 17
94 23
94 24
94 31
94 39
94 46
94 52
94 55
94 61
94 65
94 68
94 70
94 76
94 84
94 88
94 102
94 103
94 104
94 107
94 119
94 121
94 123
94 127
94 130
94 142
94 147
95 0
95 1
95 5
95 8
95 9
95 13
95 21
95 22
95 23
95 26
95 31
95 33
95 41
95 48
95 52
95 61
95 62
95 67
95 69
95 76
95 86
95 89
95 92
95 102
95 104
95 107
95 115
95 117
95 123
95 129
95 134
95 138
95 139
95 141
95 153
95 154
95 156
95 158
95 159
96 2
96 5
96 6
96 15
96 17
96 22
96 30
96 33
96 44
96 46
96 47
96 51
96 53
96 65
96 67
96 68
96 72
96 75
96 77
96 81
96 91
96 97
96 110
96 111
96 112
96 122
96 140
96 148
97 0
97 1
97 6
97 9
97 16
97 27
97 35
97 36
97 38
97 43
97 44
97 46
97 47
97 48
97 51
97 53
97 57
97 60
97 62
97 65
97 69
97 73
97 80
97 96
97 108
97 110
97 117
97 118
97 128
97 130
97 131
97 135
97 141
97 142
97 143
97 144
97 159
98 0
98 4
98 7
98 8
98 14
98 22
98 23
98 28
98 35
98 38
98 43
98 46
98 47
98 48
98 53
98 56
98 59
98 60
98 61
98 64
98 73
98 74
98 78
98 91
98 100
98 106
98 107
98 111
98 112
98 113
98 123
98 125
98 131
98 133
98 136
98 140
98 155
98 157
99 2
99 3
99 9
99 14
99 18
99 25
99 32
99 37
99 39
99 40
99 43
99 48
99 53
99 55
99 57
99 58
99 73
99 83
99 86
99 114
99 115
99 116
99 121
99 122
99 123
99 124
99 125
99 127
99 135
99 139
99 155
100 1
100 2
100 4
100 6
100 13
100 17
100 23
100 25
100 41
100 44
100 50
100 52
100 54
100 56
100 66
100 67
100 72
100 76
100 80
100 98
100 102
100 104
100 109
100 116
100 119
100 121
100 122
100 130
100 131
100 135
100 142
100 148
100 153
100 154
100 155
100 156
101 8
101 12
101 13
101 14
101 15
101 25
101 32
101 37
101 41
101 44
101 45
101 46
101 53
101 57
101 62
101 67
101 80
101 83
101 107
101 111
101 119
101 122
101 127
101 145
101 148
101 150
101 153
102 0
102 6
102 13
102 14
102 15
102 25
102 38
102 41
102 43
102 44
102 46
102 50
102 53
102 54
102 66
102 67
102 71
102 81
102 90
102 94
102 95
102 100
102 104
102 106
102 110
102 111
102 113
102 119
102 124
102 133
102 144
102 145
102 150
102 155
103 11
103 14
103 17
103 23
103 24
103 29
103 32
103 39
103 48
103 55
103 62
103 63
103 68
103 71
103 75
103 79
103 82
103 89
103 92
103 93
103 94
103 105
103 109
103 112
103 119
103 123
103 132
103 139
103 158
104 0
104 3
104 8
104 11
104 16
104 17
104 18
104 24
104 44
104 53
104 62
104 69
104 72
104 80
104 85
104 90
104 92
104 94
104 95
104 100
104 102
104 105
104 111
104 112
104 114
104 117
104 119
104 123
104 127
104 137
104 140
104 141
104 143
104 154
104 158
105 7
105 9
105 10
105 19
105 34
105 44
105 53
105 54
105 57
105 60
105 70
105 72
105 73
105 75
105 76
105 80
105 82
105 86
105 89
105 90
105 92
105 93
105 103
105 104
105 119
105 125
105 131
105 142
105 146
105 147
105 156
105 157
106 0
106 10
106 15
106 18
106 22
106 23
106 25
106 30
106 31
106 40
106 45
106 46
106 55
106 59
106 62
106 72
106 88
106 98
106 102
106 116
106 120
106 127
106 132
106 137
106 139
106 153
106 154
106 157
106 159
107 4
107 11
107 12
107 14
107 19
107 23
107 25
107 26
107 30
107 31
107 33
107 36
107 39
107 42
107 45
107 48
107 49
107 52
107 53
107 58
107 61
107 73
107 75
107 77
107 87
107 90
107 92
107 93
107 94
107 95
107 98
107 101
107 117
107 118
107 121
107 125
107 135
107 148
107 155
107 157
108 2
108 14
108 19
108 27
108 39
108 48
108 55
108 81
108 82
108 89
108 90
108 97
108 109
108 119
108 121
108 126
108 129
108 133
108 137
108 145
108 147
108 154
108 156
108 159
109 4
109 20
109 21
109 27
109 28
109 31
109 35
109 40
109 41
109 45
109 46
109 48
109 53
109 60
109 73
109 76
109 84
109 100
109 103
109 108
109 112
109 123
109 124
109 126
109 133
109 136
109 137
109 140
109 146
109 152
109 153
110 6
110 8
110 9
110 10
110 12
110 13
110 25
110 29
110 36
110 39
110 53
110 54
110 64
110 70
110 78
110 81
110 83
110 91
110 96
110 97
110 102
110 119
110 123
110 129
110 135
110 146
110 148
111 5
111 12
111 18
111 20
111 24
111 34
111 36
111 40
111 44
111 45
111 50
111 56
111 58
111 81
111 82
111 83
111 92
111 96
111 98
111 101
111 102
111 104
111 115
111 119
111 130
111 133
111 135
111 138
111 144
111 155
111 157
111 159
112 4
112 6
112 8
112 10
112 19
112 25
112 33
112 36
112 38
112 48
112 61
112 66
112 70
112 74
112 77
112 86
112 96
112 98
112 103
112 104
112 109
112 116
112 118
112 131
112 136
112 141
112 142
112 149
112 150
112 155
112 156
113 10
113 13
113 18
113 22
113 24
113 25
113 30
113 35
113 40
113 41
113 42
113 43
113 55
113 58
113 63
113 64
113 67
113 72
113 74
113 87
113 89
113 92
113 98
113 102
113 114
113 115
113 119
113 126
113 127
113 128
113 129
113 130
113 132
113 138
113 140
113 144
113 145
113 150
114 1
114 3
114 4
114 10
114 20
114 24
114 33
114 37
114 55
114 60
114 64
114 68
114 69
114 71
114 73
114 74
114 75
114 76
114 80
114 84
114 99
114 104
114 113
114 117
114 119
114 124
114 130
114 131
114 137
114 138
114 139
114 143
114 145
114 154
115 9
115 17
115 22
115 23
115 24
115 33
115 37
115 43
115 52
115 60
115 61
115 62
115 63
115 64
115 67
115 70
115 74
115 82
115 85
115 89
115 95
115 99
115 111
115 113
115 116
115 117
115 122
115 127
115 135
115 140
115 142
115 143
115 146
115 150
116 7
116 11
116 14
116 17
116 24
116 30
116 31
116 33
116 35
116 45
116 47
116 52
116 54
116 58
116 63
116 64
116 67
116 68
116 70
116 77
116 78
116 81
116 84
116 99
116 100
116 106
116 112
116 115
116 121
116 128
116 133
116 145
116 146
116 150
116 157
116 158
117 1
117 4
117 8
117 14
117 18
117 26
117 28
117 41
117 44
117 45
117 46
117 49
117 55
117 57
117 62
117 63
117 64
117 66
117 75
117 76
117 78
117 83
117 89
117 95
117 97
117 104
117 107
117 114
117 115
117 120
117 125
117 129
117 138
117 139
117 141
117 142
117 143
117 147
117 155
118 10
118 13
118 14
118 19
118 22
118 23
118 25
118 30
118 31
118 32
118 37
118 40
118 45
118 48
118 49
118 50
118 51
118 54
118 58
118 59
118 63
118 71
118 76
118 77
118 78
118 80
118 81
118 97
118 107
118 112
118 131
118 138
118 153
118 154
119 2
119 5
119 8
119 9
119 15
119 18
119 30
119 31
119 34
119 36
119 37
119 38
119 41
119 42
119 44
119 45
119 48
119 93
119 94
119 100
119 101
119 102
119 103
119 104
119 105
119 108
119 110
119 111
119 113
119 114
119 130
119 136
119 142
119 144
119 154
119 155
120 13
120 19
120 29
120 36
120 42
120 44
120 51
120 52
120 57
120 65
120 68
120 77
120 89
120 106
120 117
120 134
120 138
120 143
120 146
120 147
120 154
120 159
121 2
121 6
121 9
121 16
121 20
121 26
121 27
121 36
121 44
121 47
121 48
121 52
121 63
121 66
121 67
121 69
121 84
121 85
121 90
121 94
121 99
121 100
121 107
121 108
121 116
121 127
121 129
121 131
121 140
121 146
121 149
121 151
121 154
121 157
122 0
122 8
122 13
122 14
122 18
122 30
122 31
122 41
122 43
122 45
122 53
122 61
122 65
122 69
122 80
122 87
122 89
122 96
122 99
122 100
122 101
122 115
122 130
122 137
122 139
122 140
122 143
122 152
122 156
122 158
122 159
123 11
123 12
123 13
123 17
123 21
123 35
123 46
123 66
123 76
123 81
123 83
123 89
123 94
123 95
123 98
123 99
123 103
123 104
123 109
123 110
123 134
123 139
123 144
123 152
124 2
124 4
124 10
124 12
124 15
124 16
124 17
124 19
124 23
124 47
124 54
124 68
124 69
124 82
124 89
124 99
124 102
124 109
124 114
124 125
124 131
124 134
124 136
124 146
124 154
125 8
125 10
125 11
125 14
125 17
125 22
125 31
125 33
125 47
125 67
125 68
125 69
125 71
125 80
125 91
125 92
125 98
125 99
125 105
125 107
125 117
125 124
125 127
125 141
125 146
125 149
125 150
125 152
125 154
126 2
126 10
126 15
126 25
126 29
126 31
126 33
126 37
126 53
126 59
126 76
126 77
126 80
126 81
126 90
126 108
126 109
126 113
126 131
126 132
126 140
126 141
126 142
126 144
126 151
126 154
127 1
127 3
127 4
127 25
127 26
127 29
127 30
127 36
127 38
127 52
127 56
127 66
127 72
127 76
127 77
127 86
127 89
127 90
127 94
127 99
127 101
127 104
127 106
127 113
127 115
127 121
127 125
127 129
127 131
127 145
127 150
127 151
128 8
128 15
128 19
128 23
128 30
128 32
128 33
128 40
128 42
128 43
128 51
128 55
128 60
128 67
128 68
128 70
128 71
128 72
128 77
128 82
128 84
128 93
128 97
128 113
128 116
128 133
128 136
128 141
128 146
128 148
128 150
128 159
129 0
129 1
129 7
129 8
129 15
129 16
129 23
129 24
129 25
129 27
129 28
129 32
129 34
129 42
129 43
129 57
129 61
129 74
129 78
129 80
129 85
129 86
129 88
129 90
129 95
129 108
129 110
129 113
129 117
129 121
129 127
129 133
129 145
129 147
129 150
129 153
129 154
129 158
130 8
130 11
130 22
130 26
130 27
130 28
130 37
130 40
130 48
130 66
130 68
130 82
130 85
130 91
130 94
130 97
130 100
130 111
130 113
130 114
130 119
130 122
130 131
130 136
130 137
130 141
130 144
130 145
130 147
131 0
131 4
131 5
131 8
131 14
131 15
131 18
131 19
131 25
131 29
131 30
131 33
131 37
131 40
131 46
131 55
131 64
131 74
131 76
131 79
131 85
131 86
131 97
131 98
131 100
131 105
131 112
131 114
131 118
131 121
131 124
131 126
131 127
131 130
131 136
131 139
131 143
131 155
132 1
132 14
132 19
132 20
132 24
132 26
132 30
132 32
132 38
132 39
132 48
132 52
132 53
132 62
132 63
132 65
132 67
132 68
132 72
132 77
132 78
132 80
132 89
132 90
132 103
132 106
132 113
132 126
132 133
132 139
132 148
132 155
132 159
133 6
133 8
133 17
133 28
133 32
133 38
133 40
133 42
133 52
133 55
133 60
133 62
133 65
133 77
133 81
133 87
133 92
133 93
133 98
133 102
133 108
133 109
133 111
133 116
133 128
133 129
133 132
133 154
134 5
134 14
134 21
134 22
134 25
134 30
134 31
134 44
134 50
134 55
134 60
134 65
134 71
134 72
134 79
134 88
134 95
134 120
134 123
134 124
134 144
134 146
134 156
135 4
135 5
135 18
135 19
135 23
135 25
135 26
135 34
135 35
135 36
135 42
135 44
135 48
135 51
135 56
135 57
135 58
135 69
135 73
135 74
135 79
135 80
135 81
135 85
135 88
135 90
135 91
135 97
135 99
135 100
135 107
135 110
135 111
135 115
135 136
135 137
135 139
135 148
135 149
135 150
135 151
135 152
135 153
135 159
136 2
136 6
136 7
136 11
136 14
136 17
136 23
136 28
136 30
136 32
136 35
136 40
136 49
136 63
136 64
136 67
136 73
136 74
136 75
136 79
136 84
136 85
136 91
136 92
136 93
136 98
136 109
136 112
136 119
136 124
136 128
136 130
136 131
136 135
136 144
136 148
136 149
136 151
136 153
136 156
136 159
137 2
137 3
137 9
137 27
137 28
137 33
137 45
137 50
137 52
137 53
137 62
137 66
137 68
137 72
137 76
137 88
137 92
137 104
137 106
137 108
137 109
137 114
137 122
137 130
137 135
137 144
137 148
138 6
138 10
138 13
138 14
138 16
138 22
138 23
138 26
138 28
138 32
138 37
138 39
138 40
138 45
138 56
138 60
138 61
138 62
138 64
138 65
138 70
138 72
138 74
138 77
138 86
138 88
138 89
138 90
138 93
138 95
138 111
138 113
138 114
138 117
138 118
138 120
138 139
138 155
138 156
138 158
139 3
139 5
139 9
139 10
139 14
139 26
139 36
139 40
139 42
139 43
139 46
139 50
139 51
139 52
139 63
139 64
139 70
139 77
139 84
139 88
139 89
139 95
139 99
139 103
139 106
139 114
139 117
139 122
139 123
139 131
139 132
139 135
139 138
139 149
139 150
139 151
139 157
140 7
140 14
140 15
140 19
140 20
140 29
140 51
140 63
140 73
140 87
140 93
140 96
140 98
140 104
140 109
140 113
140 115
140 121
140 122
140 126
140 141
140 142
140 143
140 145
140 152
140 156
141 4
141 11
141 12
141 18
141 19
141 21
141 30
141 45
141 51
141 60
141 63
141 68
141 71
141 74
141 76
141 77
141 78
141 80
141 87
141 88
141 92
141 95
141 97
141 104
141 112
141 117
141 125
141 126
141 128
141 130
141 140
141 150
141 157
142 6
142 7
142 10
142 11
142 16
142 19
142 22
142 25
142 26
142 28
142 48
142 55
142 56
142 57
142 70
142 75
142 87
142 90
142 92
142 94
142 97
142 100
142 105
142 112
142 115
142 117
142 119
142 126
142 140
142 149
142 152
142 158
143 2
143 5
143 28
143 41
143 47
143 54
143 56
143 57
143 59
143 61
143 72
143 79
143 80
143 81
143 97
143 104
143 114
143 115
143 117
143 120
143 122
143 131
143 140
143 145
143 153
144 19
144 20
144 21
144 27
144 29
144 38
144 43
144 47
144 48
144 57
144 60
144 66
144 77
144 78
144 83
144 87
144 88
144 93
144 97
144 102
144 111
144 113
144 119
144 123
144 126
144 130
144 134
144 136
144 137
144 146
144 147
144 151
145 0
145 8
145 9
145 12
145 13
145 17
145 22
145 35
145 37
145 39
145 42
145 47
145 52
145 56
145 58
145 59
145 61
145 64
145 68
145 80
145 82
145 83
145 86
145 87
145 88
145 90
145 101
145 102
145 108
145 113
145 114
145 116
145 127
145 129
145 130
145 140
145 143
145 149
145 150
145 159
146 5
146 9
146 32
146 35
146 41
146 53
146 59
146 71
146 80
146 89
146 92
146 93
146 105
146 109
146 110
146 115
146 116
146 120
146 121
146 124
146 125
146 128
146 134
146 144
146 147
146 148
146 150
146 153
147 3
147 4
147 15
147 20
147 26
147 32
147 36
147 41
147 45
147 50
147 51
147 53
147 56
147 67
147 69
147 73
147 79
147 80
147 82
147 89
147 90
147 92
147 94
147 105
147 108
147 117
147 120
147 129
147 130
147 144
147 146
147 149
147 151
147 158
148 5
148 9
148 16
148 23
148 26
148 29
148 32
148 33
148 36
148 40
148 45
148 50
148 52
148 53
148 60
148 64
148 70
148 73
148 74
148 78
148 83
148 91
148 96
148 100
148 101
148 107
148 110
148 128
148 132
148 135
148 136
148 137
148 146
148 151
148 152
148 156
148 159
149 0
149 9
149 10
149 14
149 17
149 23
149 25
149 27
149 29
149 53
149 56
149 59
149 78
149 80
149 112
149 121
149 125
149 135
149 136
149 139
149 142
149 145
149 147
149 159
150 2
150 3
150 8
150 11
150 23
150 26
150 29
150 39
150 40
150 42
150 60
150 63
150 80
150 83
150 101
150 102
150 112
150 113
150 115
150 116
150 125
150 127
150 128
150 129
150 135
150 139
150 141
150 145
150 146
150 151
151 0
151 9
151 12
151 14
151 15
151 18
151 19
151 24
151 25
151 34
151 37
151 39
151 42
151 49
151 51
151 53
151 56
151 57
151 63
151 65
151 67
151 72
151 80
151 81
151 82
151 83
151 84
151 86
151 88
151 121
151 126
151 127
151 135
151 136
151 139
151 144
151 147
151 148
151 150
151 155
151 158
151 159
152 8
152 16
152 17
152 24
152 29
152 36
152 40
152 43
152 48
152 53
152 55
152 56
152 61
152 63
152 66
152 67
152 72
152 75
152 78
152 80
152 81
152 83
152 109
152 122
152 123
152 125
152 135
152 140
152 142
152 148
153 4
153 10
153 15
153 20
153 26
153 29
153 36
153 45
153 68
153 69
153 77
153 79
153 80
153 81
153 86
153 89
153 95
153 100
153 101
153 106
153 109
153 118
153 129
153 135
153 136
153 143
153 146
153 154
153 155
153 159
154 1
154 2
154 4
154 5
154 8
154 9
154 14
154 15
154 19
154 22
154 24
154 28
154 31
154 51
154 59
154 61
154 66
154 69
154 80
154 84
154 85
154 92
154 95
154 100
154 104
154 106
154 108
154 114
154 118
154 119
154 120
154 121
154 124
154 125
154 126
154 129
154 133
154 153
154 156
155 0
155 9
155 10
155 12
155 22
155 25
155 26
155 31
155 32
155 37
155 43
155 44
155 53
155 55
155 56
155 58
155 65
155 69
155 71
155 72
155 77
155 80
155 81
155 92
155 98
155 99
155 100
155 102
155 107
155 111
155 112
155 117
155 119
155 131
155 132
155 138
155 151
155 153
155 157
155 159
156 3
156 4
156 7
156 14
156 18
156 39
156 41
156 42
156 47
156 51
156 53
156 59
156 60
156 65
156 66
156 71
156 92
156 95
156 100
156 105
156 108
156 112
156 122
156 134
156 136
156 138
156 140
156 148
156 154
157 2
157 6
157 20
157 21
157 28
157 32
157 45
157 49
157 50
157 54
157 55
157 56
157 63
157 68
157 85
157 88
157 98
157 105
157 106
157 107
157 111
157 116
157 121
157 139
157 141
157 155
157 158
157 159
158 1
158 4
158 9
158 13
158 14
158 25
158 27
158 29
158 30
158 31
158 33
158 41
158 44
158 45
158 61
158 62
158 63
158 64
158 65
158 67
158 70
158 72
158 75
158 79
158 82
158 83
158 88
158 89
158 93
158 95
158 103
158 104
158 116
158 122
158 129
158 138
158 142
158 147
158 151
158 157
159 9
159 15
159 16
159 17
159 19
159 25
159 28
159 29
159 35
159 37
159 38
159 62
159 68
159 86
159 91
159 92
159 95
159 97
159 106
159 108
159 111
159 120
159 122
159 128
159 132
159 135
159 136
159 145
159 148
159 149
159 151
159 153
159 155
159 157
0 1 2 3 4 5 6 7 8 9 10 11 12 13 14 15 16 17 18 19 20 21 22 23 24 25 26 27 28 29 30 31 32 33 34 35 36 37 38 39
