160 1624 40
0 25
0 26
0 44
0 59
0 61
0 78
0 87
0 130
0 143
1 30
1 32
1 45
1 59
1 98
1 107
1 130
1 131
1 135
2 33
2 56
2 70
2 79
2 88
2 93
2 108
2 116
2 120
2 127
2 143
2 155
3 10
3 12
3 16
3 46
3 52
3 89
3 100
3 105
3 108
3 146
3 148
4 6
4 11
4 20
4 23
4 41
4 56
4 64
4 77
4 131
4 132
4 144
4 157
5 17
5 37
5 42
5 54
5 84
5 99
5 119
5 130
5 144
5 150
6 4
6 26
6 27
6 28
6 32
6 36
6 42
6 47
6 73
6 80
6 90
6 92
6 96
6 101
7 22
7 33
7 41
7 49
7 68
7 95
7 135
8 14
8 21
8 54
8 96
8 105
8 109
8 117
8 138
9 50
9 63
9 67
9 82
9 112
9 115
9 118
9 127
9 145
9 153
10 3
10 44
10 57
10 67
10 86
10 127
10 142
10 144
10 145
10 158
11 4
11 13
11 18
11 31
11 55
11 67
11 96
11 98
11 104
11 109
12 3
12 46
12 48
12 67
12 69
12 81
12 89
12 93
12 99
12 121
12 146
12 149
13 11
13 53
13 62
13 68
13 73
13 89
13 109
13 111
13 140
13 145
14 8
14 29
14 52
14 73
14 81
14 114
14 117
14 121
14 127
14 145
15 17
15 23
15 27
15 40
15 53
15 58
15 98
15 101
15 114
15 155
16 3
16 49
16 86
16 109
16 129
17 5
17 15
17 21
17 31
17 46
17 52
17 116
18 11
18 50
18 65
18 75
18 97
18 103
18 127
18 132
18 140
18 147
19 27
19 31
19 60
19 113
19 114
19 140
19 147
19 150
20 4
20 36
20 71
20 75
20 83
20 84
20 91
20 101
20 115
20 144
21 8
21 17
21 44
21 49
21 70
21 75
21 79
21 85
21 92
21 126
21 129
21 151
22 7
22 59
22 64
22 84
22 95
22 106
22 107
22 125
23 4
23 15
23 32
23 44
23 51
23 55
23 58
23 63
23 83
23 118
23 124
23 138
23 142
24 38
24 154
24 157
24 158
25 0
25 69
25 75
25 118
25 129
25 142
26 0
26 6
26 75
26 78
26 85
26 93
26 109
26 129
26 140
26 141
26 142
26 143
26 146
27 6
27 15
27 19
27 31
27 112
27 125
27 127
28 6
28 64
28 91
28 107
28 110
28 154
28 158
29 14
29 30
29 33
29 36
29 45
29 46
29 49
29 85
29 96
29 142
29 150
30 1
30 29
30 46
30 58
30 65
30 69
30 83
30 88
30 101
30 122
30 137
30 146
31 11
31 17
31 19
31 27
31 36
31 56
31 66
31 70
31 72
31 113
31 117
31 126
31 152
31 158
32 1
32 6
32 23
32 47
32 48
32 56
32 81
32 97
32 110
32 130
32 149
33 2
33 7
33 29
33 48
33 65
33 66
33 67
33 82
33 99
33 116
33 155
34 37
34 62
34 77
34 128
35 46
35 63
35 95
35 119
35 134
35 144
36 6
36 20
36 29
36 31
36 51
36 65
36 68
36 75
36 81
36 87
36 88
36 92
36 93
36 98
36 99
36 109
36 111
36 122
36 158
37 5
37 34
37 119
37 122
37 145
38 24
38 47
38 54
38 63
38 68
38 100
38 115
38 120
38 132
38 134
38 144
38 148
39 42
39 43
39 52
39 62
39 64
39 74
39 76
39 105
39 108
39 111
39 112
39 116
39 133
39 136
40 15
40 50
40 64
40 82
40 96
40 117
40 118
40 119
41 4
41 7
41 59
41 62
41 81
41 98
41 136
41 146
41 154
42 5
42 6
42 39
42 43
42 58
42 74
42 110
42 135
42 159
43 39
43 42
43 49
43 62
43 71
43 82
43 85
43 94
43 95
43 107
43 137
43 144
43 146
44 0
44 10
44 21
44 23
44 45
44 54
44 56
44 78
44 115
44 123
44 129
44 138
45 1
45 29
45 44
45 62
45 66
45 68
45 102
45 148
46 3
46 12
46 17
46 29
46 30
46 35
46 50
46 56
46 69
46 83
46 91
46 102
46 113
46 120
46 153
47 6
47 32
47 38
47 51
47 87
47 114
47 130
47 137
47 140
47 152
48 12
48 32
48 33
48 61
48 80
48 98
48 99
48 108
48 131
48 142
48 149
49 7
49 16
49 21
49 29
49 43
49 68
49 88
49 103
49 125
49 133
49 157
50 9
50 18
50 40
50 46
50 53
50 55
50 58
50 62
50 75
50 78
50 84
50 120
50 121
50 131
50 138
50 144
51 23
51 36
51 47
51 67
51 83
51 97
51 107
51 108
51 123
51 127
51 135
51 144
52 3
52 14
52 17
52 39
52 69
52 73
52 85
52 94
52 97
52 118
52 144
52 151
53 13
53 15
53 50
53 55
53 79
53 119
53 150
54 5
54 8
54 38
54 44
54 77
54 78
54 92
54 113
54 114
55 11
55 23
55 50
55 53
55 66
55 67
55 131
55 133
55 142
56 2
56 4
56 31
56 32
56 44
56 46
56 66
56 68
56 72
56 77
56 106
56 108
56 109
56 117
56 138
57 10
57 76
57 81
57 84
57 113
57 114
57 134
57 136
57 139
58 15
58 23
58 30
58 42
58 50
58 63
58 66
58 80
58 83
58 104
58 109
59 0
59 1
59 22
59 41
59 61
59 72
59 82
59 102
59 111
59 120
59 122
59 139
59 145
59 154
60 19
60 72
60 73
60 76
60 100
60 116
61 0
61 48
61 59
61 62
61 75
61 78
61 82
61 83
61 111
61 122
61 147
62 13
62 34
62 39
62 41
62 43
62 45
62 50
62 61
62 71
62 85
62 86
62 87
62 94
62 133
63 9
63 23
63 35
63 38
63 58
63 73
63 93
63 102
63 117
63 120
63 123
63 151
63 157
64 4
64 22
64 28
64 39
64 40
64 68
64 109
64 146
64 148
65 18
65 30
65 33
65 36
65 119
65 127
65 135
65 137
65 158
66 31
66 33
66 45
66 55
66 56
66 58
66 82
66 85
66 133
67 9
67 10
67 11
67 12
67 33
67 51
67 55
67 70
67 87
67 88
67 107
67 121
67 156
68 7
68 13
68 36
68 38
68 45
68 49
68 56
68 64
68 73
68 93
68 138
68 143
68 148
69 12
69 25
69 30
69 46
69 52
69 70
69 77
69 96
69 113
69 146
70 2
70 21
70 31
70 67
70 69
70 90
70 115
70 136
71 20
71 43
71 62
71 90
71 92
71 126
71 139
71 148
71 151
71 152
72 31
72 56
72 59
72 60
72 79
72 88
72 92
72 99
72 105
72 122
72 153
72 156
73 6
73 13
73 14
73 52
73 60
73 63
73 68
73 75
73 82
73 91
73 113
73 121
73 139
74 39
74 42
74 78
74 82
74 90
74 92
74 95
74 106
74 115
74 118
74 124
74 149
75 18
75 20
75 21
75 25
75 26
75 36
75 50
75 61
75 73
75 76
75 79
75 140
75 155
76 39
76 57
76 60
76 75
76 122
76 143
76 144
76 150
77 4
77 34
77 54
77 56
77 69
77 83
77 93
77 105
78 0
78 26
78 44
78 50
78 54
78 61
78 74
78 79
78 107
78 108
78 131
78 136
78 148
79 2
79 21
79 53
79 72
79 75
79 78
79 81
79 100
79 109
79 116
79 121
79 123
79 126
79 138
79 142
79 143
79 155
80 6
80 48
80 58
80 83
80 104
80 108
80 114
81 12
81 14
81 32
81 36
81 41
81 57
81 79
81 95
81 101
81 150
82 9
82 33
82 40
82 43
82 59
82 61
82 66
82 73
82 74
82 86
82 108
82 116
82 126
82 142
82 153
83 20
83 23
83 30
83 46
83 51
83 58
83 61
83 77
83 80
83 128
83 137
83 139
83 151
84 5
84 20
84 22
84 50
84 57
84 100
84 101
84 103
84 135
84 157
85 21
85 26
85 29
85 43
85 52
85 62
85 66
85 92
85 114
85 130
85 147
85 151
85 158
86 10
86 16
86 62
86 82
86 87
86 103
86 142
87 0
87 36
87 47
87 62
87 67
87 86
87 149
87 159
88 2
88 30
88 36
88 49
88 67
88 72
88 110
88 116
88 129
88 135
89 3
89 12
89 13
89 92
89 108
89 136
89 143
89 159
90 6
90 70
90 71
90 74
90 93
90 100
90 101
90 109
91 20
91 28
91 46
91 73
91 98
91 127
92 6
92 21
92 36
92 54
92 71
92 72
92 74
92 85
92 89
92 99
92 100
92 118
92 152
92 153
92 154
93 2
93 12
93 26
93 36
93 63
93 68
93 77
93 90
93 97
93 111
93 139
93 146
93 149
94 43
94 52
94 62
94 112
94 138
94 155
95 7
95 22
95 35
95 43
95 74
95 81
95 96
95 140
95 146
95 155
95 157
96 6
96 8
96 11
96 29
96 40
96 69
96 95
96 109
96 131
96 140
96 142
96 152
97 18
97 32
97 51
97 52
97 93
97 104
97 144
97 147
98 1
98 11
98 15
98 36
98 41
98 48
98 91
98 118
99 5
99 12
99 33
99 36
99 48
99 72
99 92
99 101
99 127
99 128
99 159
100 3
100 38
100 60
100 79
100 84
100 90
100 92
100 138
100 152
100 158
101 6
101 15
101 20
101 30
101 81
101 84
101 90
101 99
101 114
101 134
101 135
101 154
101 156
102 45
102 46
102 59
102 63
102 111
102 121
102 127
102 138
102 139
103 18
103 49
103 84
103 86
103 122
104 11
104 58
104 80
104 97
104 113
104 122
104 138
104 140
104 141
105 3
105 8
105 39
105 72
105 77
105 107
105 113
105 127
106 22
106 56
106 74
106 111
106 122
106 135
107 1
107 22
107 28
107 43
107 51
107 67
107 78
107 105
107 110
107 121
107 122
107 133
107 146
108 2
108 3
108 39
108 48
108 51
108 56
108 78
108 80
108 82
108 89
108 116
108 124
108 125
108 135
108 141
108 143
108 145
108 147
109 8
109 11
109 13
109 16
109 26
109 36
109 56
109 58
109 64
109 79
109 90
109 96
109 116
109 129
109 156
109 158
110 28
110 32
110 42
110 88
110 107
110 131
110 137
110 139
110 149
111 13
111 36
111 39
111 59
111 61
111 93
111 102
111 106
111 112
111 121
111 159
112 9
112 27
112 39
112 94
112 111
112 131
112 143
112 146
112 148
112 158
113 19
113 31
113 46
113 54
113 57
113 69
113 73
113 104
113 105
114 14
114 15
114 19
114 47
114 54
114 57
114 80
114 85
114 101
114 122
114 127
115 9
115 20
115 38
115 44
115 70
115 74
115 123
115 149
115 154
116 2
116 17
116 33
116 39
116 60
116 79
116 82
116 88
116 108
116 109
116 118
116 122
116 124
116 138
116 153
117 8
117 14
117 31
117 40
117 56
117 63
117 119
117 144
118 9
118 23
118 25
118 40
118 52
118 74
118 92
118 98
118 116
118 122
118 139
118 140
118 145
119 5
119 35
119 37
119 40
119 53
119 65
119 117
119 154
120 2
120 38
120 46
120 50
120 59
120 63
120 137
120 138
120 142
121 12
121 14
121 50
121 67
121 73
121 79
121 102
121 107
121 111
121 127
121 128
121 152
121 153
122 30
122 36
122 37
122 59
122 61
122 72
122 76
122 103
122 104
122 106
122 107
122 114
122 116
122 118
122 143
122 153
122 159
123 44
123 51
123 63
123 79
123 115
123 149
123 152
123 156
124 23
124 74
124 108
124 116
125 22
125 27
125 49
125 108
125 143
125 145
125 151
126 21
126 31
126 71
126 79
126 82
126 131
127 2
127 9
127 10
127 14
127 18
127 27
127 51
127 65
127 91
127 99
127 102
127 105
127 114
127 121
127 140
128 34
128 83
128 99
128 121
128 139
129 16
129 21
129 25
129 26
129 44
129 88
129 109
129 136
129 147
130 0
130 1
130 5
130 32
130 47
130 85
130 136
130 149
130 158
131 1
131 4
131 48
131 50
131 55
131 78
131 96
131 110
131 112
131 126
131 134
131 147
132 4
132 18
132 38
132 136
132 158
133 39
133 49
133 55
133 62
133 66
133 107
134 35
134 38
134 57
134 101
134 131
135 1
135 7
135 42
135 51
135 65
135 84
135 88
135 101
135 106
135 108
135 159
136 39
136 41
136 57
136 70
136 78
136 89
136 129
136 130
136 132
136 141
136 156
137 30
137 43
137 47
137 65
137 83
137 110
137 120
138 8
138 23
138 44
138 50
138 56
138 68
138 79
138 94
138 100
138 102
138 104
138 116
138 120
138 157
139 57
139 59
139 71
139 73
139 83
139 93
139 102
139 110
139 118
139 128
139 143
139 153
140 13
140 18
140 19
140 26
140 47
140 75
140 95
140 96
140 104
140 118
140 127
140 145
141 26
141 104
141 108
141 136
141 151
142 10
142 23
142 25
142 26
142 29
142 48
142 55
142 79
142 82
142 86
142 96
142 120
142 158
143 0
143 2
143 26
143 68
143 76
143 79
143 89
143 108
143 112
143 122
143 125
143 139
144 4
144 5
144 10
144 20
144 35
144 38
144 43
144 50
144 51
144 52
144 76
144 97
144 117
144 155
145 9
145 10
145 13
145 14
145 37
145 59
145 108
145 118
145 125
145 140
145 154
146 3
146 12
146 26
146 30
146 41
146 43
146 64
146 69
146 93
146 95
146 107
146 112
146 149
147 18
147 19
147 61
147 85
147 97
147 108
147 129
147 131
147 152
148 3
148 38
148 45
148 64
148 68
148 71
148 78
148 112
148 159
149 12
149 32
149 48
149 74
149 87
149 93
149 110
149 115
149 123
149 130
149 146
150 5
150 19
150 29
150 53
150 76
150 81
151 21
151 52
151 63
151 71
151 83
151 85
151 125
151 141
152 31
152 47
152 71
152 92
152 96
152 100
152 121
152 123
152 147
152 153
153 9
153 46
153 72
153 82
153 92
153 116
153 121
153 122
153 139
153 152
154 24
154 28
154 41
154 59
154 92
154 101
154 115
154 119
154 145
155 2
155 15
155 33
155 75
155 79
155 94
155 95
155 144
155 158
156 67
156 72
156 101
156 109
156 123
156 136
157 4
157 24
157 49
157 63
157 84
157 95
157 138
158 10
158 24
158 28
158 31
158 36
158 65
158 85
158 100
158 109
158 112
158 130
158 132
158 142
158 155
159 42
159 87
159 89
159 99
159 111
159 122
159 135
159 148
0 1 2 3 4 5 6 7 8 9 10 11 12 13 14 15 16 17 18 19 20 21 22 23 24 25 26 27 28 29 30 31 32 33 34 35 36 37 38 39
