160 480 7
0 27
0 55
0 59
0 72
0 79
0 142
1 14
1 22
2 6
2 144
3 21
3 35
3 39
3 68
3 83
4 60
5 25
5 107
5 144
5 148
6 2
6 51
7 10
7 59
7 114
7 135
8 75
8 100
9 18
10 7
10 143
11 26
11 148
12 69
12 133
12 139
12 148
13 31
13 153
14 1
14 58
14 120
14 129
14 131
15 73
15 86
15 98
16 32
16 92
16 115
16 120
17 82
17 117
17 134
17 140
17 156
17 157
18 9
18 25
18 75
18 123
18 143
18 152
19 23
19 50
19 113
20 78
20 153
21 3
21 46
21 110
22 1
22 115
22 150
23 19
23 136
24 73
24 94
24 126
24 131
25 5
25 18
25 90
25 137
26 11
26 100
27 0
27 95
27 101
27 112
27 137
28 50
28 92
28 132
29 48
29 128
30 41
30 82
30 86
30 87
30 98
31 13
32 16
32 153
32 155
33 46
33 112
34 75
34 149
35 3
35 42
36 115
36 153
37 45
37 98
37 116
38 39
38 145
39 3
39 38
39 63
39 76
40 151
41 30
41 104
41 125
42 35
42 50
42 116
42 126
43 111
43 114
43 136
44 72
44 105
45 37
45 157
46 21
46 33
46 48
46 52
46 74
46 130
46 149
47 53
47 134
47 139
48 29
48 46
49 142
50 19
50 28
50 42
50 57
51 6
51 62
51 86
51 114
51 154
52 46
53 47
53 122
54 80
54 111
54 156
55 0
55 62
55 67
56 79
57 50
57 99
57 158
58 14
58 134
58 139
59 0
59 7
59 69
59 106
59 131
59 148
60 4
60 112
61 66
62 51
62 55
62 63
62 101
62 151
63 39
63 62
64 85
64 87
64 92
65 73
66 61
66 95
66 112
67 55
68 3
68 101
68 138
69 12
69 59
69 88
70 102
71 111
71 136
72 0
72 44
72 104
72 114
73 15
73 24
73 65
73 131
73 158
74 46
74 152
74 153
75 8
75 18
75 34
75 84
75 147
76 39
77 142
78 20
78 135
79 0
79 56
79 107
79 109
80 54
80 152
81 149
82 17
82 30
82 87
82 141
82 145
82 152
83 3
83 144
84 75
84 138
85 64
85 86
86 15
86 30
86 51
86 85
87 30
87 64
87 82
87 89
87 112
87 125
88 69
88 122
88 156
89 87
89 104
89 149
90 25
90 97
91 101
91 109
91 119
91 152
92 16
92 28
92 64
92 128
92 154
93 105
93 155
94 24
95 27
95 66
95 121
95 134
96 135
96 139
97 90
97 130
98 15
98 30
98 37
98 112
99 57
99 103
99 145
100 8
100 26
101 27
101 62
101 68
101 91
101 129
101 136
101 146
102 70
102 155
103 99
103 115
104 41
104 72
104 89
104 158
105 44
105 93
106 59
106 133
107 5
107 79
107 130
108 128
108 141
108 152
109 79
109 91
110 21
110 127
110 147
111 43
111 54
111 71
112 27
112 33
112 60
112 66
112 87
112 98
112 155
113 19
114 7
114 43
114 51
114 72
114 128
114 147
115 16
115 22
115 36
115 103
115 150
115 158
116 37
116 42
116 139
117 17
117 158
118 127
118 133
118 137
119 91
120 14
120 16
120 137
121 95
122 53
122 88
122 148
123 18
123 159
124 139
125 41
125 87
126 24
126 42
127 110
127 118
128 29
128 92
128 108
128 114
129 14
129 101
130 46
130 97
130 107
130 145
131 14
131 24
131 59
131 73
132 28
133 12
133 106
133 118
134 17
134 47
134 58
134 95
134 151
134 152
135 7
135 78
135 96
136 23
136 43
136 71
136 101
137 25
137 27
137 118
137 120
138 68
138 84
139 12
139 47
139 58
139 96
139 116
139 124
140 17
141 82
141 108
142 0
142 49
142 77
143 10
143 18
144 2
144 5
144 83
144 149
145 38
145 82
145 99
145 130
146 101
147 75
147 110
147 114
148 5
148 11
148 12
148 59
148 122
149 34
149 46
149 81
149 89
149 144
150 22
150 115
151 40
151 62
151 134
152 18
152 74
152 80
152 82
152 91
152 108
152 134
153 13
153 20
153 32
153 36
153 74
154 51
154 92
155 32
155 93
155 102
155 112
156 17
156 54
156 88
157 17
157 45
158 57
158 73
158 104
158 115
158 117
159 123
0 1 2 3 4 5 6
