160 1624 7
0 7
0 29
0 37
0 65
0 67
0 79
0 81
0 85
0 100
0 103
0 117
0 120
0 127
0 128
0 159
1 29
1 75
1 77
1 83
1 101
1 109
1 110
1 115
1 124
1 130
1 135
1 144
2 4
2 14
2 15
2 41
2 44
2 116
2 128
2 150
3 18
3 44
3 48
3 52
3 74
3 98
3 155
4 2
4 12
4 75
4 79
4 95
4 106
4 113
4 124
4 126
4 134
4 145
4 146
5 25
5 87
5 90
5 115
5 131
6 8
6 10
6 11
6 19
6 37
6 64
6 68
6 71
6 100
6 118
6 125
6 129
7 0
7 39
7 64
7 72
7 96
7 102
7 107
7 126
7 135
7 136
7 142
7 150
7 153
8 6
8 23
8 30
8 33
8 59
8 101
8 121
8 130
9 13
9 36
9 59
9 62
9 100
9 106
9 109
9 120
9 138
9 143
9 144
9 150
9 154
10 6
10 35
10 42
10 45
10 50
10 63
10 68
10 89
10 94
10 98
10 112
10 118
10 121
10 139
11 6
11 19
11 50
11 55
11 65
11 82
11 99
11 131
11 150
12 4
12 21
12 24
12 67
12 73
12 83
12 112
12 114
12 118
12 137
12 147
12 157
13 9
13 26
13 41
13 42
13 49
13 95
13 104
13 124
13 139
14 2
14 118
14 127
14 132
14 142
14 148
14 153
15 2
15 49
15 55
15 77
15 97
15 99
15 106
15 149
15 150
15 153
15 157
15 159
16 19
16 38
16 39
16 47
16 52
16 54
16 70
16 89
16 96
16 98
16 134
16 139
16 143
16 145
17 70
17 83
17 101
17 156
18 3
18 49
18 50
18 51
18 52
18 61
18 83
18 98
18 104
18 120
18 123
18 133
19 6
19 11
19 16
19 34
19 63
19 93
19 113
19 130
19 140
19 145
19 147
19 148
20 24
20 27
20 86
20 98
20 123
20 126
20 135
21 12
21 41
21 47
21 58
21 85
21 99
21 103
21 111
21 123
21 143
21 158
22 35
22 54
22 80
22 88
22 114
22 123
22 126
22 127
22 132
23 8
23 28
23 52
23 55
23 66
23 70
23 85
23 90
23 102
23 114
23 128
23 145
23 148
23 153
23 154
24 12
24 20
24 27
24 33
24 70
24 77
24 107
24 116
24 133
24 139
24 141
24 142
24 153
25 5
25 45
25 52
25 55
25 91
25 95
25 120
25 135
25 141
25 142
26 13
26 32
26 55
26 67
26 80
26 100
26 115
26 117
26 121
26 124
26 132
26 144
26 149
27 20
27 24
27 64
27 71
27 78
27 90
27 109
27 137
27 155
27 159
28 23
28 54
28 69
28 82
28 154
29 0
29 1
29 40
29 48
29 86
29 108
29 119
29 121
29 139
29 143
30 8
30 35
30 59
30 60
30 73
30 83
30 89
30 113
30 116
30 121
31 32
31 92
31 107
31 122
31 126
31 127
31 144
31 146
31 158
32 26
32 31
32 40
32 61
32 84
32 104
32 109
32 157
32 159
33 8
33 24
33 55
33 58
33 73
33 82
33 93
33 101
33 135
33 148
33 153
34 19
34 46
34 53
34 59
34 61
34 68
34 79
34 83
34 96
34 109
34 112
34 123
34 132
34 146
35 10
35 22
35 30
35 51
35 61
35 64
35 97
35 125
35 152
36 9
36 56
36 103
36 110
36 126
36 138
36 152
36 154
37 0
37 6
37 57
37 74
37 79
37 119
37 136
37 140
37 148
37 154
37 157
38 16
38 104
38 131
38 137
39 7
39 16
39 56
39 64
39 101
39 144
40 29
40 32
40 57
40 62
40 79
40 86
40 98
40 115
40 144
40 154
41 2
41 13
41 21
41 43
41 78
41 88
41 104
41 111
41 116
41 123
41 136
41 154
41 158
42 10
42 13
42 59
42 79
42 90
43 41
43 47
43 49
43 50
43 71
43 76
43 85
43 103
43 135
43 153
44 2
44 3
44 67
44 86
44 119
44 127
44 131
45 10
45 25
45 62
45 111
45 113
45 139
45 141
46 34
46 54
46 61
46 87
46 100
46 103
46 136
47 16
47 21
47 43
47 68
47 72
47 100
47 109
47 125
47 146
47 149
47 150
47 153
47 155
48 3
48 29
48 60
48 72
48 83
48 110
48 154
49 13
49 15
49 18
49 43
49 76
49 87
49 110
49 135
50 10
50 11
50 18
50 43
50 62
50 94
50 112
50 121
50 147
50 148
50 154
51 18
51 35
51 89
51 137
51 142
52 3
52 16
52 18
52 23
52 25
52 72
52 79
52 93
52 105
52 143
52 146
52 154
52 155
53 34
53 60
53 64
53 68
53 73
53 80
53 84
53 105
53 125
53 134
53 150
54 16
54 22
54 28
54 46
54 84
54 90
54 120
54 130
54 141
54 143
54 154
54 159
55 11
55 15
55 23
55 25
55 26
55 33
55 68
55 74
55 84
55 98
55 113
55 114
55 147
55 148
55 156
56 36
56 39
56 68
56 74
56 77
56 81
56 94
56 99
56 113
56 117
56 152
56 154
57 37
57 40
57 70
57 100
57 116
57 122
57 141
58 21
58 33
58 67
58 78
58 83
58 88
58 89
58 159
59 8
59 9
59 30
59 34
59 42
59 73
59 76
59 121
59 126
59 152
59 154
59 159
60 30
60 48
60 53
60 72
60 93
60 99
60 100
60 138
60 139
60 144
60 147
61 18
61 32
61 34
61 35
61 46
61 67
61 75
61 88
61 102
61 110
61 112
61 134
61 138
61 146
62 9
62 40
62 45
62 50
62 63
62 70
62 72
62 84
62 97
62 104
62 106
62 114
62 145
63 10
63 19
63 62
63 65
63 85
63 90
63 99
63 125
63 128
63 136
64 6
64 7
64 27
64 35
64 39
64 53
64 99
64 105
64 114
64 118
64 125
64 126
64 135
64 157
65 0
65 11
65 63
65 74
65 85
65 97
65 158
66 23
66 110
66 148
66 152
67 0
67 12
67 26
67 44
67 58
67 61
67 80
67 97
67 116
67 124
67 136
68 6
68 10
68 34
68 47
68 53
68 55
68 56
68 96
68 108
68 117
68 126
68 136
68 137
68 141
69 28
69 73
69 97
69 110
69 120
69 136
69 149
70 16
70 17
70 23
70 24
70 57
70 62
70 75
70 78
70 102
70 110
70 111
70 121
71 6
71 27
71 43
71 94
71 100
71 106
71 129
72 7
72 47
72 48
72 52
72 60
72 62
72 128
72 132
72 133
72 142
73 12
73 30
73 33
73 53
73 59
73 69
73 95
73 138
73 142
73 156
74 3
74 37
74 55
74 56
74 65
74 150
74 155
75 1
75 4
75 61
75 70
75 106
75 131
76 43
76 49
76 59
76 96
76 101
76 103
76 111
76 116
76 131
76 135
76 144
76 148
77 1
77 15
77 24
77 56
77 82
77 84
77 103
77 104
77 107
77 113
77 132
77 143
77 156
78 27
78 41
78 58
78 70
78 84
78 102
78 106
78 148
78 152
78 156
79 0
79 4
79 34
79 37
79 40
79 42
79 52
79 91
79 116
79 119
79 126
80 22
80 26
80 53
80 67
80 102
80 126
80 130
80 144
81 0
81 56
81 103
81 124
81 128
81 133
81 151
82 11
82 28
82 33
82 77
82 90
82 110
82 115
82 121
83 1
83 12
83 17
83 18
83 30
83 34
83 48
83 58
83 86
83 93
83 94
83 101
83 104
83 105
83 110
83 123
83 144
83 149
84 32
84 53
84 54
84 55
84 62
84 77
84 78
84 89
84 122
84 125
84 130
84 149
84 155
84 159
85 0
85 21
85 23
85 43
85 63
85 65
85 137
85 151
85 153
86 20
86 29
86 40
86 44
86 83
86 90
86 91
86 98
86 102
86 112
86 125
86 151
87 5
87 46
87 49
87 89
87 101
87 105
87 106
87 107
87 115
87 136
88 22
88 41
88 58
88 61
88 89
88 103
88 123
88 124
88 131
88 136
88 137
88 150
89 10
89 16
89 30
89 51
89 58
89 84
89 87
89 88
89 116
89 125
90 5
90 23
90 27
90 42
90 54
90 63
90 82
90 86
90 99
90 120
90 135
91 25
91 79
91 86
91 110
91 113
91 148
91 159
92 31
92 117
92 127
92 147
92 153
92 156
93 19
93 33
93 52
93 60
93 83
93 124
94 10
94 50
94 56
94 71
94 83
94 117
94 147
94 148
95 4
95 13
95 25
95 73
95 104
95 114
95 117
95 156
95 157
96 7
96 16
96 34
96 68
96 76
96 114
96 128
97 15
97 35
97 62
97 65
97 67
97 69
97 108
97 129
97 134
98 3
98 10
98 16
98 18
98 20
98 40
98 55
98 86
98 121
98 122
98 123
98 141
98 142
99 11
99 15
99 21
99 56
99 60
99 63
99 64
99 90
99 113
99 126
99 151
100 0
100 6
100 9
100 26
100 46
100 47
100 57
100 60
100 71
100 112
100 126
100 134
100 155
101 1
101 8
101 17
101 33
101 39
101 76
101 83
101 87
101 140
101 148
102 7
102 23
102 61
102 70
102 78
102 80
102 86
102 136
102 147
102 150
103 0
103 21
103 36
103 43
103 46
103 76
103 77
103 81
103 88
103 145
103 159
104 13
104 18
104 32
104 38
104 41
104 62
104 77
104 83
104 95
104 105
104 108
104 111
105 52
105 53
105 64
105 83
105 87
105 104
105 106
105 125
105 150
105 155
106 4
106 9
106 15
106 62
106 71
106 75
106 78
106 87
106 105
106 144
106 154
107 7
107 24
107 31
107 77
107 87
107 113
107 115
107 120
107 132
107 151
108 29
108 68
108 97
108 104
108 135
109 1
109 9
109 27
109 32
109 34
109 47
109 117
109 151
109 155
110 1
110 36
110 48
110 49
110 61
110 66
110 69
110 70
110 82
110 83
110 91
110 136
110 143
111 21
111 41
111 45
111 70
111 76
111 104
111 135
111 140
111 156
112 10
112 12
112 34
112 50
112 61
112 86
112 100
112 139
113 4
113 19
113 30
113 45
113 55
113 56
113 77
113 91
113 99
113 107
113 123
113 153
114 12
114 22
114 23
114 55
114 62
114 64
114 95
114 96
114 132
114 158
115 1
115 5
115 26
115 40
115 82
115 87
115 107
115 118
115 120
115 121
115 155
116 2
116 24
116 30
116 41
116 57
116 67
116 76
116 79
116 89
116 118
117 0
117 26
117 56
117 68
117 92
117 94
117 95
117 109
117 126
117 138
117 142
118 6
118 10
118 12
118 14
118 64
118 115
118 116
118 124
119 29
119 37
119 44
119 79
119 121
119 123
119 152
119 155
120 0
120 9
120 18
120 25
120 54
120 69
120 90
120 107
120 115
120 142
120 144
120 145
120 156
121 8
121 10
121 26
121 29
121 30
121 50
121 59
121 70
121 82
121 98
121 115
121 119
121 129
121 131
121 132
121 143
121 157
122 31
122 57
122 84
122 98
122 129
123 18
123 20
123 21
123 22
123 34
123 41
123 83
123 88
123 98
123 113
123 119
123 133
123 136
123 138
123 142
123 146
124 1
124 4
124 13
124 26
124 67
124 81
124 88
124 93
124 118
125 6
125 35
125 47
125 53
125 63
125 64
125 84
125 86
125 89
125 105
125 126
125 138
126 4
126 7
126 20
126 22
126 31
126 36
126 59
126 64
126 68
126 79
126 80
126 99
126 100
126 117
126 125
127 0
127 14
127 22
127 31
127 44
127 92
127 140
128 0
128 2
128 23
128 63
128 72
128 81
128 96
128 142
128 145
129 6
129 71
129 97
129 121
129 122
129 158
130 1
130 8
130 19
130 54
130 80
130 84
130 144
130 154
131 5
131 11
131 38
131 44
131 75
131 76
131 88
131 121
131 144
131 152
132 14
132 22
132 26
132 34
132 72
132 77
132 107
132 114
132 121
133 18
133 24
133 72
133 81
133 123
133 150
133 159
134 4
134 16
134 53
134 61
134 97
134 100
134 135
134 147
134 150
135 1
135 7
135 20
135 25
135 33
135 43
135 49
135 64
135 76
135 90
135 108
135 111
135 134
135 137
136 7
136 37
136 41
136 46
136 63
136 67
136 68
136 69
136 87
136 88
136 102
136 110
136 123
136 142
136 159
137 12
137 27
137 38
137 51
137 68
137 85
137 88
137 135
138 9
138 36
138 60
138 61
138 73
138 117
138 123
138 125
139 10
139 13
139 16
139 24
139 29
139 45
139 60
139 112
140 19
140 37
140 101
140 111
140 127
141 24
141 25
141 45
141 54
141 57
141 68
141 98
142 7
142 14
142 24
142 25
142 51
142 72
142 73
142 98
142 117
142 120
142 123
142 128
142 136
143 9
143 16
143 21
143 29
143 52
143 54
143 77
143 110
143 121
143 145
143 156
144 1
144 9
144 26
144 31
144 39
144 40
144 60
144 76
144 80
144 83
144 106
144 120
144 130
144 131
144 145
144 147
145 4
145 16
145 19
145 23
145 62
145 103
145 120
145 128
145 143
145 144
145 153
146 4
146 31
146 34
146 47
146 52
146 61
146 123
146 153
146 154
146 159
147 12
147 19
147 50
147 55
147 60
147 92
147 94
147 102
147 134
147 144
148 14
148 19
148 23
148 33
148 37
148 50
148 55
148 66
148 76
148 78
148 91
148 94
148 101
149 15
149 26
149 47
149 69
149 83
149 84
150 2
150 7
150 9
150 11
150 15
150 47
150 53
150 74
150 88
150 102
150 105
150 133
150 134
150 151
150 158
150 159
151 81
151 85
151 86
151 99
151 107
151 109
151 150
151 152
152 35
152 36
152 56
152 59
152 66
152 78
152 119
152 131
152 151
152 157
153 7
153 14
153 15
153 23
153 24
153 33
153 43
153 47
153 85
153 92
153 113
153 145
153 146
153 156
153 157
154 9
154 23
154 28
154 36
154 37
154 40
154 41
154 48
154 50
154 52
154 54
154 56
154 59
154 106
154 130
154 146
154 156
155 3
155 27
155 47
155 52
155 74
155 84
155 100
155 105
155 109
155 115
155 119
155 158
156 17
156 55
156 73
156 77
156 78
156 92
156 95
156 111
156 120
156 143
156 153
156 154
157 12
157 15
157 32
157 37
157 64
157 95
157 121
157 152
157 153
158 21
158 31
158 41
158 65
158 114
158 129
158 150
158 155
159 0
159 15
159 27
159 32
159 54
159 58
159 59
159 84
159 91
159 103
159 133
159 136
159 146
159 150
0 1 2 3 4 5 6
