160 5088 12
0 4
0 17
0 29
0 35
0 46
0 47
0 51
0 56
0 69
0 70
0 81
0 85
0 86
0 92
0 95
0 104
0 105
0 108
0 112
0 115
0 118
0 120
0 121
0 123
0 124
0 132
0 136
0 148
1 2
1 3
1 4
1 5
1 12
1 17
1 21
1 27
1 31
1 33
1 40
1 42
1 48
1 50
1 51
1 56
1 66
1 70
1 71
1 76
1 78
1 79
1 82
1 86
1 91
1 99
1 107
1 111
1 114
1 133
1 142
1 155
2 1
2 3
2 8
2 23
2 24
2 25
2 26
2 33
2 35
2 36
2 52
2 55
2 58
2 62
2 63
2 69
2 70
2 72
2 76
2 78
2 79
2 89
2 96
2 99
2 100
2 109
2 110
2 113
2 114
2 117
2 123
2 130
2 136
2 140
2 147
2 152
2 158
3 1
3 2
3 4
3 5
3 7
3 8
3 13
3 17
3 21
3 22
3 32
3 50
3 56
3 57
3 59
3 67
3 83
3 88
3 104
3 105
3 112
3 114
3 121
3 126
3 127
3 130
3 141
3 143
3 149
3 158
4 0
4 1
4 3
4 5
4 11
4 12
4 16
4 20
4 21
4 23
4 28
4 31
4 36
4 45
4 49
4 54
4 59
4 66
4 68
4 69
4 72
4 85
4 86
4 90
4 92
4 93
4 97
4 104
4 108
4 110
4 122
4 124
4 127
4 128
4 129
4 131
4 133
4 134
4 141
4 143
4 151
4 152
4 159
5 1
5 3
5 4
5 6
5 10
5 12
5 15
5 21
5 36
5 47
5 56
5 57
5 61
5 66
5 70
5 75
5 77
5 79
5 80
5 90
5 92
5 99
5 100
5 101
5 103
5 105
5 123
5 124
5 133
5 139
5 150
5 153
5 154
5 156
5 158
6 5
6 10
6 11
6 17
6 20
6 22
6 28
6 30
6 41
6 46
6 52
6 57
6 60
6 61
6 74
6 76
6 83
6 85
6 86
6 89
6 90
6 94
6 103
6 110
6 111
6 112
6 123
6 128
6 133
6 134
6 144
6 146
6 148
6 150
7 3
7 15
7 19
7 20
7 21
7 37
7 38
7 52
7 55
7 66
7 74
7 81
7 86
7 89
7 98
7 111
7 115
7 117
7 122
7 129
7 134
7 135
7 143
7 146
7 149
7 153
7 157
8 2
8 3
8 11
8 12
8 22
8 28
8 31
8 35
8 38
8 39
8 41
8 43
8 46
8 48
8 55
8 56
8 57
8 61
8 66
8 68
8 69
8 71
8 78
8 84
8 89
8 92
8 100
8 106
8 107
8 112
8 114
8 119
8 123
8 130
8 137
8 139
8 147
8 149
8 150
8 156
9 10
9 14
9 15
9 18
9 19
9 20
9 24
9 28
9 29
9 32
9 35
9 43
9 46
9 47
9 51
9 54
9 60
9 66
9 67
9 77
9 81
9 89
9 90
9 95
9 97
9 101
9 106
9 131
9 132
9 133
9 141
9 145
9 158
9 159
10 5
10 6
10 9
10 17
10 19
10 23
10 29
10 36
10 37
10 43
10 44
10 49
10 55
10 58
10 62
10 73
10 82
10 93
10 94
10 103
10 107
10 111
10 114
10 127
10 128
10 132
10 137
10 139
10 143
10 148
10 153
11 4
11 6
11 8
11 14
11 16
11 26
11 27
11 32
11 33
11 36
11 40
11 44
11 47
11 49
11 51
11 59
11 63
11 71
11 72
11 76
11 77
11 80
11 82
11 84
11 96
11 98
11 101
11 102
11 103
11 104
11 108
11 111
11 115
11 117
11 118
11 124
11 127
11 132
11 133
11 141
11 145
11 147
11 150
12 1
12 4
12 5
12 8
12 19
12 20
12 28
12 32
12 35
12 42
12 45
12 58
12 62
12 63
12 89
12 108
12 110
12 124
12 142
12 149
12 151
12 153
13 3
13 23
13 35
13 42
13 45
13 55
13 60
13 61
13 65
13 66
13 73
13 76
13 88
13 89
13 90
13 91
13 93
13 95
13 104
13 108
13 116
13 121
13 125
13 128
13 131
13 138
13 139
13 146
13 152
13 153
14 9
14 11
14 15
14 24
14 26
14 30
14 31
14 34
14 36
14 37
14 40
14 45
14 46
14 47
14 50
14 59
14 61
14 65
14 70
14 71
14 78
14 79
14 85
14 86
14 89
14 92
14 106
14 107
14 114
14 116
14 125
14 126
14 127
14 131
14 144
14 151
14 153
14 154
14 156
15 5
15 7
15 9
15 14
15 16
15 35
15 36
15 44
15 71
15 74
15 78
15 80
15 84
15 91
15 95
15 108
15 112
15 120
15 136
15 141
15 144
15 154
15 156
16 4
16 11
16 15
16 19
16 23
16 32
16 36
16 38
16 39
16 51
16 52
16 68
16 76
16 78
16 80
16 83
16 86
16 88
16 92
16 104
16 112
16 115
16 118
16 120
16 121
16 125
16 126
16 131
16 144
16 154
16 156
17 0
17 1
17 3
17 6
17 10
17 21
17 22
17 32
17 38
17 39
17 45
17 51
17 52
17 53
17 64
17 65
17 70
17 75
17 79
17 81
17 84
17 86
17 97
17 98
17 100
17 108
17 123
17 127
17 128
17 129
17 140
17 142
17 147
17 154
17 157
18 9
18 26
18 37
18 41
18 42
18 50
18 52
18 55
18 61
18 68
18 73
18 93
18 96
18 98
18 99
18 101
18 103
18 106
18 112
18 116
18 117
18 121
18 122
18 123
18 124
18 126
18 130
18 138
18 140
18 141
18 142
18 144
18 152
18 154
19 7
19 9
19 10
19 12
19 16
19 25
19 26
19 31
19 32
19 38
19 42
19 48
19 50
19 51
19 54
19 64
19 69
19 73
19 75
19 87
19 92
19 98
19 101
19 102
19 103
19 104
19 105
19 106
19 121
19 127
19 133
19 136
19 137
19 142
19 143
19 148
19 150
19 154
20 4
20 6
20 7
20 9
20 12
20 23
20 25
20 27
20 29
20 34
20 35
20 42
20 47
20 48
20 51
20 52
20 54
20 55
20 57
20 59
20 61
20 65
20 73
20 82
20 83
20 88
20 93
20 98
20 100
20 105
20 109
20 110
20 111
20 118
20 119
20 125
20 127
20 150
20 151
21 1
21 3
21 4
21 5
21 7
21 17
21 26
21 41
21 42
21 43
21 45
21 46
21 48
21 51
21 54
21 56
21 65
21 69
21 72
21 73
21 77
21 80
21 84
21 89
21 97
21 109
21 117
21 118
21 121
21 128
21 139
21 142
21 145
21 150
21 155
22 3
22 6
22 8
22 17
22 24
22 26
22 27
22 32
22 37
22 45
22 56
22 57
22 59
22 62
22 69
22 71
22 79
22 92
22 95
22 102
22 106
22 109
22 111
22 119
22 123
22 128
22 133
22 136
22 141
22 143
22 147
22 150
22 153
22 156
23 2
23 4
23 10
23 13
23 16
23 20
23 26
23 27
23 35
23 39
23 42
23 45
23 47
23 48
23 53
23 54
23 62
23 63
23 68
23 69
23 71
23 72
23 78
23 86
23 102
23 110
23 115
23 122
23 132
23 139
23 140
23 146
23 150
23 154
23 155
23 157
24 2
24 9
24 14
24 22
24 31
24 38
24 42
24 48
24 64
24 65
24 67
24 68
24 72
24 73
24 75
24 79
24 88
24 92
24 95
24 99
24 101
24 103
24 106
24 113
24 116
24 118
24 120
24 135
24 149
24 154
25 2
25 19
25 20
25 44
25 51
25 65
25 69
25 73
25 83
25 92
25 93
25 96
25 103
25 104
25 113
25 116
25 118
25 126
25 139
25 143
25 151
26 2
26 11
26 14
26 18
26 19
26 21
26 22
26 23
26 28
26 34
26 45
26 46
26 53
26 71
26 73
26 79
26 81
26 101
26 102
26 106
26 109
26 111
26 119
26 121
26 138
26 144
26 145
26 146
26 150
26 154
26 157
27 1
27 11
27 20
27 22
27 23
27 28
27 29
27 34
27 37
27 46
27 47
27 57
27 67
27 76
27 77
27 81
27 92
27 100
27 104
27 106
27 118
27 129
27 134
27 138
27 139
27 146
28 4
28 6
28 8
28 9
28 12
28 26
28 27
28 29
28 30
28 37
28 38
28 45
28 48
28 49
28 52
28 53
28 58
28 67
28 70
28 80
28 83
28 85
28 96
28 115
28 116
28 117
28 124
28 138
28 154
28 156
29 0
29 9
29 10
29 20
29 27
29 28
29 31
29 32
29 36
29 41
29 47
29 50
29 51
29 52
29 60
29 61
29 62
29 73
29 75
29 78
29 79
29 83
29 89
29 92
29 97
29 99
29 102
29 107
29 112
29 117
29 118
29 136
29 139
29 141
29 147
29 150
29 152
29 153
30 6
30 14
30 28
30 33
30 36
30 37
30 40
30 44
30 45
30 48
30 54
30 59
30 60
30 64
30 65
30 68
30 76
30 83
30 85
30 88
30 89
30 93
30 96
30 97
30 104
30 110
30 112
30 119
30 125
30 131
30 136
30 159
31 1
31 4
31 8
31 14
31 19
31 24
31 29
31 37
31 41
31 51
31 61
31 62
31 80
31 84
31 102
31 103
31 109
31 110
31 115
31 116
31 126
31 131
31 133
31 135
31 139
31 150
31 153
32 3
32 9
32 11
32 12
32 16
32 17
32 19
32 22
32 29
32 33
32 34
32 36
32 37
32 39
32 46
32 67
32 69
32 78
32 92
32 93
32 104
32 111
32 125
32 133
32 134
32 138
32 141
32 142
32 145
32 146
33 1
33 2
33 11
33 30
33 32
33 57
33 58
33 60
33 63
33 66
33 73
33 74
33 76
33 82
33 85
33 99
33 100
33 104
33 107
33 108
33 113
33 136
33 157
34 14
34 20
34 26
34 27
34 32
34 35
34 39
34 45
34 47
34 50
34 53
34 58
34 61
34 63
34 68
34 69
34 72
34 83
34 84
34 87
34 98
34 109
34 110
34 116
34 130
34 135
34 138
35 0
35 2
35 8
35 9
35 12
35 13
35 15
35 20
35 23
35 34
35 38
35 41
35 46
35 48
35 56
35 59
35 60
35 63
35 64
35 68
35 74
35 84
35 109
35 115
35 117
35 129
35 137
35 147
36 2
36 4
36 5
36 10
36 11
36 14
36 15
36 16
36 29
36 30
36 32
36 38
36 42
36 44
36 53
36 56
36 63
36 65
36 72
36 82
36 86
36 88
36 89
36 93
36 97
36 105
36 106
36 126
36 149
37 7
37 10
37 14
37 18
37 22
37 27
37 28
37 30
37 31
37 32
37 42
37 47
37 48
37 55
37 66
37 89
37 90
37 98
37 101
37 103
37 109
37 114
37 116
37 119
37 121
37 122
37 126
37 136
37 138
37 141
37 143
37 153
37 154
37 156
38 7
38 8
38 16
38 17
38 19
38 24
38 28
38 35
38 36
38 42
38 44
38 51
38 58
38 59
38 60
38 62
38 73
38 74
38 77
38 84
38 88
38 90
38 93
38 102
38 104
38 108
38 115
38 118
38 120
38 121
38 123
38 132
38 136
38 137
38 144
38 148
38 159
39 8
39 16
39 17
39 23
39 32
39 34
39 47
39 51
39 52
39 57
39 63
39 75
39 80
39 104
39 106
39 122
39 127
39 145
39 152
39 153
39 154
39 157
40 1
40 11
40 14
40 30
40 49
40 61
40 66
40 69
40 76
40 82
40 91
40 92
40 93
40 99
40 110
40 112
40 116
40 128
40 130
40 131
40 134
40 140
40 153
40 155
41 6
41 8
41 18
41 21
41 29
41 31
41 35
41 43
41 46
41 47
41 49
41 56
41 57
41 58
41 78
41 80
41 81
41 87
41 89
41 95
41 107
41 108
41 113
41 117
41 121
41 125
41 126
41 143
41 150
41 151
41 154
41 158
42 1
42 12
42 13
42 18
42 19
42 20
42 21
42 23
42 24
42 36
42 37
42 38
42 45
42 64
42 65
42 67
42 69
42 72
42 73
42 76
42 81
42 85
42 88
42 91
42 94
42 105
42 111
42 115
42 130
42 135
42 138
42 143
42 144
42 145
43 8
43 9
43 10
43 21
43 41
43 47
43 50
43 53
43 58
43 64
43 74
43 81
43 84
43 85
43 91
43 99
43 100
43 104
43 108
43 115
43 118
43 121
43 122
43 130
43 140
43 141
43 145
43 154
43 155
43 158
43 159
44 10
44 11
44 15
44 25
44 30
44 36
44 38
44 45
44 55
44 56
44 60
44 75
44 85
44 103
44 107
44 118
44 119
44 122
44 133
44 134
44 138
44 142
44 143
44 145
44 157
45 4
45 12
45 13
45 14
45 17
45 21
45 22
45 23
45 26
45 28
45 30
45 34
45 42
45 44
45 46
45 47
45 48
45 62
45 64
45 65
45 66
45 67
45 87
45 90
45 91
45 99
45 101
45 103
45 112
45 119
45 121
45 124
45 125
45 127
45 139
45 142
45 146
45 147
46 0
46 6
46 8
46 9
46 14
46 21
46 26
46 27
46 32
46 35
46 41
46 45
46 48
46 57
46 58
46 64
46 75
46 81
46 82
46 84
46 86
46 87
46 88
46 90
46 94
46 101
46 109
46 113
46 116
46 117
46 118
46 122
46 125
46 129
46 130
46 134
46 143
46 145
46 147
47 0
47 5
47 9
47 11
47 14
47 20
47 23
47 27
47 29
47 34
47 37
47 39
47 41
47 43
47 45
47 50
47 53
47 58
47 60
47 69
47 74
47 80
47 96
47 101
47 108
47 110
47 112
47 121
47 124
47 135
47 142
47 148
47 152
47 154
47 157
47 159
48 1
48 8
48 19
48 20
48 21
48 23
48 24
48 28
48 30
48 35
48 37
48 45
48 46
48 50
48 53
48 54
48 55
48 56
48 63
48 67
48 72
48 81
48 83
48 89
48 96
48 98
48 102
48 105
48 123
48 124
48 133
48 139
48 145
48 150
48 156
49 4
49 10
49 11
49 28
49 40
49 41
49 51
49 57
49 69
49 70
49 72
49 73
49 80
49 89
49 99
49 100
49 104
49 110
49 113
49 115
49 116
49 119
49 123
49 124
49 129
49 134
49 139
49 140
49 146
49 148
49 150
49 155
49 157
50 1
50 3
50 14
50 18
50 19
50 29
50 34
50 43
50 47
50 48
50 52
50 54
50 63
50 70
50 71
50 73
50 75
50 80
50 81
50 85
50 88
50 99
50 100
50 104
50 113
50 118
50 122
50 126
50 128
50 134
50 137
50 143
50 146
50 147
50 151
50 155
50 156
51 0
51 1
51 9
51 11
51 16
51 17
51 19
51 20
51 21
51 25
51 29
51 31
51 38
51 39
51 49
51 61
51 64
51 66
51 74
51 85
51 103
51 104
51 109
51 117
51 121
51 123
51 127
51 128
51 139
51 142
51 144
51 150
52 2
52 6
52 7
52 16
52 17
52 18
52 20
52 28
52 29
52 39
52 50
52 54
52 59
52 60
52 61
52 62
52 63
52 66
52 77
52 82
52 86
52 92
52 94
52 108
52 109
52 111
52 112
52 113
52 123
52 131
52 137
52 153
53 17
53 23
53 26
53 28
53 34
53 36
53 43
53 47
53 48
53 58
53 66
53 72
53 74
53 77
53 80
53 87
53 91
53 98
53 99
53 105
53 108
53 110
53 115
53 120
53 127
53 128
53 131
53 132
53 159
54 4
54 9
54 19
54 20
54 21
54 23
54 30
54 48
54 50
54 52
54 58
54 59
54 64
54 66
54 67
54 68
54 69
54 84
54 85
54 89
54 91
54 92
54 111
54 119
54 120
54 131
54 134
54 135
54 141
54 142
54 145
54 151
54 158
55 2
55 7
55 8
55 10
55 13
55 18
55 20
55 37
55 44
55 48
55 56
55 58
55 63
55 82
55 88
55 103
55 104
55 107
55 112
55 118
55 119
55 123
55 125
55 127
55 138
55 149
55 151
55 152
56 0
56 1
56 3
56 5
56 8
56 21
56 22
56 35
56 36
56 41
56 44
56 48
56 55
56 58
56 61
56 77
56 79
56 81
56 82
56 83
56 84
56 85
56 96
56 106
56 110
56 124
56 134
56 143
56 151
57 3
57 5
57 6
57 8
57 20
57 22
57 27
57 33
57 39
57 41
57 46
57 49
57 62
57 65
57 74
57 78
57 88
57 90
57 92
57 93
57 95
57 96
57 100
57 102
57 104
57 121
57 122
57 125
57 128
57 132
57 135
57 140
57 148
57 150
57 156
57 158
58 2
58 10
58 12
58 28
58 33
58 34
58 38
58 41
58 43
58 46
58 47
58 53
58 54
58 55
58 56
58 59
58 62
58 63
58 64
58 65
58 68
58 72
58 75
58 80
58 85
58 87
58 99
58 103
58 107
58 108
58 110
58 111
58 114
58 119
58 125
58 128
58 132
58 141
58 150
58 151
58 152
58 156
58 159
59 3
59 4
59 11
59 14
59 20
59 22
59 30
59 35
59 38
59 52
59 54
59 58
59 65
59 66
59 67
59 78
59 87
59 88
59 89
59 93
59 95
59 103
59 104
59 109
59 118
59 131
59 134
59 137
59 156
60 6
60 9
60 13
60 29
60 30
60 33
60 35
60 38
60 44
60 47
60 52
60 66
60 68
60 70
60 71
60 77
60 85
60 86
60 89
60 92
60 93
60 97
60 102
60 107
60 113
60 120
60 123
60 124
60 129
60 133
60 135
60 136
60 140
60 144
60 151
60 156
61 5
61 6
61 8
61 13
61 14
61 18
61 20
61 29
61 31
61 34
61 40
61 51
61 52
61 56
61 62
61 63
61 67
61 72
61 73
61 75
61 78
61 84
61 89
61 94
61 96
61 101
61 112
61 117
61 123
61 124
61 127
61 131
61 132
61 137
61 138
61 142
61 152
61 153
61 156
61 158
62 2
62 10
62 12
62 22
62 23
62 29
62 31
62 38
62 45
62 52
62 57
62 58
62 61
62 63
62 66
62 69
62 81
62 88
62 93
62 95
62 99
62 103
62 104
62 105
62 113
62 117
62 120
62 121
62 124
62 126
62 139
62 151
62 159
63 2
63 11
63 12
63 23
63 33
63 34
63 35
63 36
63 39
63 48
63 50
63 52
63 55
63 58
63 61
63 62
63 66
63 73
63 89
63 93
63 104
63 107
63 113
63 115
63 117
63 127
63 128
63 135
63 136
63 139
63 144
63 148
64 17
64 19
64 24
64 30
64 35
64 42
64 43
64 45
64 46
64 51
64 54
64 58
64 92
64 101
64 105
64 106
64 107
64 108
64 109
64 110
64 113
64 129
64 133
64 143
64 152
64 159
65 13
65 14
65 17
65 20
65 21
65 24
65 25
65 30
65 36
65 42
65 45
65 57
65 58
65 59
65 66
65 67
65 73
65 80
65 90
65 92
65 93
65 94
65 112
65 114
65 115
65 122
65 124
65 125
65 137
65 142
65 144
65 145
65 146
65 149
65 150
66 1
66 4
66 5
66 7
66 8
66 9
66 13
66 33
66 37
66 40
66 45
66 51
66 52
66 53
66 54
66 59
66 60
66 62
66 63
66 65
66 68
66 71
66 74
66 76
66 78
66 82
66 83
66 85
66 96
66 98
66 105
66 111
66 114
66 117
66 128
66 131
66 136
66 138
66 142
66 150
66 154
66 155
66 158
67 3
67 9
67 24
67 27
67 28
67 32
67 42
67 45
67 48
67 54
67 59
67 61
67 65
67 71
67 74
67 75
67 77
67 78
67 91
67 94
67 96
67 97
67 105
67 107
67 109
67 119
67 126
67 135
67 139
67 141
67 144
67 145
67 150
67 154
67 159
68 4
68 8
68 16
68 18
68 23
68 24
68 30
68 34
68 35
68 54
68 58
68 60
68 66
68 70
68 87
68 113
68 134
68 136
68 139
68 141
68 145
68 149
68 157
68 159
69 0
69 2
69 4
69 8
69 19
69 21
69 22
69 23
69 25
69 32
69 34
69 40
69 42
69 47
69 49
69 54
69 62
69 76
69 87
69 95
69 98
69 101
69 108
69 115
69 117
69 118
69 119
69 123
69 127
69 130
69 137
69 149
69 151
70 0
70 1
70 2
70 5
70 14
70 17
70 28
70 49
70 50
70 60
70 68
70 72
70 77
70 80
70 87
70 91
70 92
70 100
70 103
70 104
70 108
70 118
70 119
70 123
70 128
70 130
70 135
70 137
70 140
70 142
70 144
70 151
70 154
71 1
71 8
71 11
71 14
71 15
71 22
71 23
71 26
71 50
71 60
71 66
71 67
71 74
71 77
71 78
71 81
71 83
71 87
71 96
71 100
71 115
71 119
71 135
71 139
71 140
71 144
71 148
71 151
71 153
71 154
71 156
72 2
72 4
72 11
72 21
72 23
72 24
72 34
72 36
72 42
72 48
72 49
72 53
72 58
72 61
72 70
72 74
72 84
72 86
72 94
72 99
72 102
72 103
72 104
72 108
72 112
72 114
72 115
72 116
72 119
72 123
72 126
72 127
72 129
72 130
72 133
72 135
72 145
72 147
72 149
72 159
73 10
73 13
73 18
73 19
73 20
73 21
73 24
73 25
73 26
73 29
73 33
73 38
73 42
73 49
73 50
73 61
73 63
73 65
73 75
73 82
73 83
73 84
73 90
73 106
73 112
73 115
73 119
73 120
73 121
73 131
73 143
73 145
73 146
73 149
73 152
74 6
74 7
74 15
74 33
74 35
74 38
74 43
74 47
74 51
74 53
74 57
74 66
74 67
74 71
74 72
74 79
74 88
74 96
74 105
74 114
74 123
74 125
74 129
74 130
74 135
74 136
74 145
74 146
74 152
74 159
75 5
75 17
75 19
75 24
75 29
75 39
75 44
75 46
75 50
75 58
75 61
75 67
75 73
75 76
75 84
75 89
75 92
75 94
75 95
75 103
75 104
75 113
75 118
75 119
75 132
75 135
75 140
75 143
76 1
76 2
76 6
76 11
76 13
76 16
76 27
76 30
76 33
76 40
76 42
76 66
76 69
76 75
76 77
76 82
76 85
76 92
76 99
76 101
76 104
76 114
76 129
76 131
76 149
76 155
76 157
77 5
77 9
77 11
77 21
77 27
77 38
77 52
77 53
77 56
77 60
77 67
77 70
77 71
77 76
77 82
77 89
77 94
77 95
77 99
77 101
77 103
77 104
77 106
77 108
77 114
77 115
77 117
77 118
77 126
77 131
77 142
77 145
77 150
78 1
78 2
78 8
78 14
78 15
78 16
78 23
78 29
78 32
78 41
78 57
78 59
78 61
78 66
78 67
78 71
78 85
78 86
78 93
78 97
78 98
78 100
78 102
78 107
78 109
78 110
78 116
78 117
78 123
78 124
78 147
78 150
78 151
78 152
78 154
78 156
78 158
79 1
79 2
79 5
79 14
79 17
79 22
79 24
79 26
79 29
79 56
79 74
79 81
79 87
79 91
79 99
79 109
79 111
79 113
79 117
79 123
79 135
79 137
79 146
79 154
79 157
79 159
80 5
80 11
80 15
80 16
80 21
80 28
80 31
80 39
80 41
80 47
80 49
80 50
80 53
80 58
80 65
80 70
80 93
80 113
80 124
80 130
80 135
80 139
80 144
80 148
80 149
80 151
80 155
81 0
81 7
81 9
81 17
81 26
81 27
81 41
81 42
81 43
81 46
81 48
81 50
81 56
81 62
81 71
81 79
81 91
81 95
81 98
81 102
81 104
81 105
81 110
81 112
81 114
81 116
81 120
81 121
81 126
81 127
81 128
81 140
81 144
81 147
81 149
81 150
81 152
81 157
81 158
82 1
82 10
82 11
82 20
82 33
82 36
82 40
82 46
82 52
82 55
82 56
82 66
82 73
82 76
82 77
82 87
82 91
82 92
82 99
82 100
82 105
82 110
82 114
82 117
82 121
82 125
82 127
82 157
83 3
83 6
83 16
83 20
83 25
83 28
83 29
83 30
83 34
83 48
83 56
83 66
83 71
83 73
83 85
83 86
83 90
83 95
83 102
83 103
83 106
83 110
83 113
83 117
83 119
83 125
83 130
83 132
83 141
83 143
83 149
83 155
84 8
84 11
84 15
84 17
84 21
84 31
84 34
84 35
84 38
84 43
84 46
84 54
84 56
84 61
84 72
84 73
84 75
84 100
84 107
84 108
84 110
84 116
84 121
84 128
84 133
84 134
84 147
84 148
84 150
84 157
85 0
85 4
85 6
85 14
85 28
85 30
85 33
85 42
85 43
85 44
85 50
85 51
85 54
85 56
85 58
85 60
85 66
85 76
85 78
85 83
85 89
85 94
85 100
85 102
85 107
85 110
85 113
85 114
85 115
85 133
85 139
85 147
85 155
86 0
86 1
86 4
86 6
86 7
86 14
86 16
86 17
86 23
86 36
86 46
86 52
86 60
86 72
86 78
86 83
86 90
86 95
86 96
86 98
86 101
86 105
86 115
86 117
86 118
86 126
86 128
86 130
86 132
86 135
86 137
86 140
86 141
86 145
86 147
86 154
86 156
86 159
87 19
87 34
87 41
87 45
87 46
87 53
87 58
87 59
87 68
87 69
87 70
87 71
87 79
87 82
87 93
87 110
87 113
87 117
87 120
87 122
87 124
87 130
87 135
87 139
87 145
87 151
87 155
88 3
88 13
88 16
88 20
88 24
88 30
88 36
88 38
88 42
88 46
88 50
88 55
88 57
88 59
88 62
88 74
88 92
88 97
88 98
88 105
88 107
88 109
88 112
88 117
88 126
88 128
88 129
88 131
88 135
88 139
88 143
88 145
88 148
88 149
89 2
89 6
89 7
89 8
89 9
89 12
89 13
89 14
89 21
89 29
89 30
89 36
89 37
89 41
89 48
89 49
89 54
89 59
89 60
89 61
89 63
89 75
89 77
89 85
89 91
89 92
89 95
89 97
89 103
89 104
89 120
89 123
89 125
89 131
89 145
90 4
90 5
90 6
90 9
90 13
90 37
90 38
90 45
90 46
90 57
90 65
90 73
90 83
90 86
90 92
90 95
90 114
90 115
90 116
90 121
90 131
90 132
90 135
90 136
90 137
90 145
90 148
90 152
90 159
91 1
91 13
91 15
91 40
91 42
91 43
91 45
91 53
91 54
91 67
91 70
91 79
91 81
91 82
91 89
91 96
91 98
91 100
91 102
91 103
91 107
91 114
91 132
91 136
91 138
91 140
91 148
91 151
91 157
92 0
92 4
92 5
92 8
92 14
92 16
92 19
92 22
92 24
92 25
92 27
92 29
92 32
92 40
92 52
92 54
92 57
92 60
92 64
92 65
92 70
92 75
92 76
92 82
92 88
92 89
92 90
92 95
92 96
92 97
92 98
92 102
92 106
92 108
92 119
92 122
92 124
92 126
92 127
92 129
92 133
92 138
92 144
92 145
92 149
93 4
93 10
93 13
93 18
93 20
93 25
93 30
93 32
93 36
93 38
93 40
93 57
93 59
93 60
93 62
93 63
93 65
93 78
93 80
93 87
93 99
93 100
93 107
93 112
93 113
93 121
93 123
93 127
93 136
93 138
93 139
93 144
93 145
93 153
94 6
94 10
94 42
94 46
94 52
94 61
94 65
94 67
94 72
94 75
94 77
94 85
94 110
94 123
94 124
94 125
94 130
94 131
94 134
94 135
94 138
94 143
94 148
94 150
94 153
94 159
95 0
95 9
95 13
95 15
95 22
95 24
95 41
95 57
95 59
95 62
95 69
95 75
95 77
95 81
95 83
95 86
95 89
95 90
95 92
95 100
95 105
95 113
95 117
95 128
95 132
95 134
95 141
95 142
95 152
95 157
95 158
96 2
96 11
96 18
96 25
96 28
96 30
96 47
96 48
96 56
96 57
96 61
96 66
96 67
96 71
96 74
96 86
96 91
96 92
96 98
96 99
96 100
96 109
96 111
96 122
96 129
96 133
96 134
96 137
96 139
96 143
96 145
96 147
96 154
97 4
97 9
97 17
97 21
97 29
97 30
97 36
97 60
97 67
97 78
97 88
97 89
97 92
97 100
97 103
97 113
97 125
97 126
97 129
97 133
97 138
97 147
97 153
98 7
98 11
98 17
98 18
98 19
98 20
98 34
98 37
98 48
98 53
98 66
98 69
98 78
98 81
98 86
98 88
98 91
98 92
98 96
98 113
98 114
98 115
98 119
98 121
98 137
98 138
98 144
98 147
98 149
98 158
99 1
99 2
99 5
99 18
99 24
99 29
99 33
99 40
99 43
99 45
99 49
99 50
99 53
99 58
99 62
99 72
99 76
99 77
99 79
99 82
99 93
99 96
99 102
99 104
99 111
99 113
99 115
99 116
99 118
99 123
99 126
99 128
99 135
99 137
99 149
99 156
100 2
100 5
100 8
100 17
100 20
100 27
100 33
100 43
100 49
100 50
100 57
100 70
100 71
100 78
100 82
100 84
100 85
100 91
100 93
100 95
100 96
100 97
100 101
100 107
100 108
100 116
100 119
100 126
100 128
100 129
100 133
100 139
100 140
100 150
100 155
101 5
101 9
101 11
101 18
101 19
101 24
101 26
101 37
101 45
101 46
101 47
101 61
101 64
101 69
101 76
101 77
101 86
101 100
101 104
101 106
101 107
101 119
101 126
101 136
101 152
101 158
101 159
102 11
102 19
102 22
102 23
102 26
102 29
102 31
102 38
102 48
102 57
102 60
102 72
102 78
102 81
102 83
102 85
102 91
102 92
102 99
102 104
102 105
102 114
102 115
102 118
102 120
102 132
102 135
102 139
102 142
102 155
103 5
103 6
103 10
103 11
103 18
103 19
103 24
103 25
103 31
103 37
103 44
103 45
103 51
103 55
103 58
103 59
103 62
103 70
103 72
103 75
103 77
103 83
103 89
103 91
103 97
103 109
103 113
103 117
103 118
103 130
103 134
103 151
103 154
103 155
104 0
104 3
104 4
104 11
104 13
104 16
104 19
104 25
104 27
104 30
104 32
104 33
104 38
104 39
104 43
104 49
104 50
104 51
104 55
104 57
104 59
104 62
104 63
104 70
104 72
104 75
104 76
104 77
104 81
104 89
104 99
104 101
104 102
104 107
104 110
104 114
104 118
104 119
104 129
104 130
104 131
104 136
104 146
104 150
105 0
105 3
105 5
105 19
105 20
105 36
105 42
105 48
105 53
105 62
105 64
105 66
105 67
105 74
105 81
105 82
105 86
105 88
105 95
105 102
105 108
105 119
105 120
105 121
105 127
105 129
105 130
105 137
105 140
105 145
105 156
105 158
106 8
106 9
106 14
106 18
106 19
106 22
106 24
106 26
106 27
106 36
106 39
106 56
106 64
106 73
106 77
106 83
106 92
106 101
106 112
106 122
106 127
106 135
106 148
106 153
107 1
107 8
107 10
107 14
107 29
107 33
107 41
107 44
107 55
107 58
107 60
107 63
107 64
107 67
107 78
107 84
107 85
107 88
107 91
107 93
107 100
107 101
107 104
107 118
107 130
107 134
107 136
107 141
107 145
107 146
108 0
108 4
108 11
108 12
108 13
108 15
108 17
108 33
108 38
108 41
108 43
108 47
108 52
108 53
108 58
108 64
108 69
108 70
108 72
108 77
108 84
108 92
108 100
108 105
108 119
108 124
108 125
108 135
108 145
108 147
108 154
109 2
109 20
109 21
109 22
109 26
109 31
109 34
109 35
109 37
109 46
109 51
109 52
109 59
109 64
109 67
109 78
109 79
109 88
109 96
109 103
109 113
109 119
109 124
109 131
109 133
109 136
109 138
109 139
109 144
109 149
109 155
109 156
109 157
109 159
110 2
110 4
110 6
110 12
110 20
110 23
110 30
110 31
110 34
110 40
110 47
110 49
110 53
110 56
110 58
110 64
110 78
110 81
110 82
110 83
110 84
110 85
110 87
110 94
110 104
110 126
110 128
110 130
110 135
110 139
110 146
110 148
110 155
111 1
111 6
111 7
111 10
111 11
111 20
111 22
111 26
111 32
111 42
111 52
111 54
111 58
111 66
111 79
111 96
111 99
111 115
111 121
111 132
111 135
111 138
111 140
111 145
112 0
112 3
112 6
112 8
112 15
112 16
112 18
112 29
112 30
112 40
112 45
112 47
112 52
112 55
112 61
112 65
112 72
112 73
112 81
112 88
112 93
112 106
112 114
112 115
112 119
112 123
112 125
112 139
112 154
112 157
112 158
113 2
113 24
113 25
113 33
113 41
113 46
113 49
113 50
113 52
113 60
113 62
113 63
113 64
113 68
113 75
113 79
113 80
113 83
113 85
113 87
113 93
113 95
113 97
113 98
113 99
113 103
113 109
113 114
113 122
113 127
113 129
113 138
113 139
113 153
113 159
114 1
114 2
114 3
114 8
114 10
114 14
114 37
114 58
114 65
114 66
114 72
114 74
114 76
114 77
114 81
114 82
114 85
114 90
114 91
114 98
114 102
114 104
114 112
114 113
114 119
114 124
114 128
114 129
114 130
114 131
114 133
114 135
114 138
114 145
114 149
114 152
114 155
115 0
115 7
115 11
115 16
115 23
115 28
115 31
115 35
115 38
115 42
115 43
115 49
115 53
115 63
115 65
115 69
115 71
115 72
115 73
115 77
115 85
115 86
115 90
115 98
115 99
115 102
115 111
115 112
115 118
115 120
115 123
115 124
115 128
115 143
115 156
115 157
116 13
116 14
116 18
116 24
116 25
116 28
116 31
116 34
116 37
116 40
116 46
116 49
116 72
116 78
116 81
116 84
116 90
116 99
116 100
116 124
116 133
116 145
116 151
117 2
117 7
117 11
117 18
117 21
117 28
117 29
117 35
117 41
117 46
117 51
117 61
117 62
117 63
117 66
117 69
117 77
117 78
117 79
117 82
117 83
117 86
117 87
117 88
117 95
117 103
117 118
117 125
117 126
117 144
117 145
117 146
117 150
117 151
117 152
118 0
118 11
118 16
118 20
118 21
118 24
118 25
118 27
118 29
118 38
118 43
118 44
118 46
118 50
118 55
118 59
118 69
118 70
118 75
118 77
118 86
118 99
118 102
118 103
118 104
118 107
118 115
118 117
118 121
118 125
118 126
118 129
118 131
118 136
118 149
118 150
118 155
118 158
119 8
119 20
119 22
119 26
119 30
119 37
119 44
119 45
119 49
119 54
119 55
119 58
119 67
119 69
119 70
119 71
119 72
119 73
119 75
119 83
119 92
119 98
119 100
119 101
119 104
119 105
119 108
119 109
119 112
119 114
119 121
119 127
119 135
119 136
119 141
119 146
119 159
120 0
120 15
120 16
120 24
120 38
120 53
120 54
120 60
120 62
120 73
120 81
120 87
120 89
120 102
120 105
120 115
120 124
120 130
120 134
120 138
120 139
120 144
120 150
120 159
121 0
121 3
121 13
121 16
121 18
121 19
121 21
121 26
121 37
121 38
121 41
121 43
121 45
121 47
121 51
121 57
121 62
121 73
121 81
121 82
121 84
121 90
121 93
121 98
121 105
121 111
121 118
121 119
121 126
121 127
121 130
121 138
121 143
121 145
121 149
121 152
121 157
122 4
122 7
122 18
122 23
122 37
122 39
122 43
122 44
122 46
122 50
122 57
122 65
122 87
122 92
122 96
122 106
122 113
122 124
122 133
122 134
122 137
122 140
122 143
122 150
122 152
122 157
123 0
123 2
123 5
123 6
123 8
123 17
123 18
123 22
123 38
123 48
123 49
123 51
123 52
123 55
123 60
123 61
123 69
123 70
123 72
123 74
123 78
123 79
123 89
123 93
123 94
123 99
123 112
123 115
123 124
123 126
123 130
123 135
123 142
123 143
124 0
124 4
124 5
124 11
124 12
124 18
124 28
124 45
124 47
124 48
124 49
124 56
124 60
124 61
124 62
124 65
124 78
124 80
124 87
124 92
124 94
124 108
124 109
124 114
124 115
124 116
124 120
124 122
124 123
124 125
124 127
124 134
124 137
124 139
124 140
124 142
124 143
124 146
124 159
125 13
125 14
125 16
125 20
125 30
125 32
125 41
125 45
125 46
125 55
125 57
125 58
125 65
125 74
125 82
125 83
125 89
125 94
125 97
125 108
125 112
125 117
125 118
125 124
125 126
125 128
125 141
125 146
125 150
125 151
126 3
126 14
126 16
126 18
126 25
126 31
126 36
126 37
126 41
126 50
126 62
126 67
126 72
126 77
126 81
126 86
126 88
126 92
126 97
126 99
126 100
126 101
126 110
126 117
126 118
126 121
126 123
126 125
126 128
126 130
126 131
126 137
126 138
126 148
126 153
126 157
127 3
127 4
127 10
127 11
127 14
127 17
127 19
127 20
127 39
127 45
127 51
127 53
127 55
127 61
127 63
127 69
127 72
127 81
127 82
127 92
127 93
127 105
127 106
127 113
127 119
127 121
127 124
127 135
127 137
127 139
127 142
127 150
127 151
127 156
128 4
128 6
128 10
128 13
128 17
128 21
128 22
128 40
128 50
128 51
128 53
128 57
128 58
128 63
128 66
128 70
128 81
128 84
128 86
128 88
128 95
128 99
128 100
128 110
128 114
128 115
128 125
128 126
128 132
128 138
128 143
128 153
129 4
129 7
129 17
129 27
129 35
129 46
129 49
129 60
129 64
129 72
129 74
129 76
129 88
129 92
129 96
129 97
129 100
129 104
129 105
129 113
129 114
129 118
129 131
129 134
129 136
129 145
129 146
129 147
129 152
130 2
130 3
130 8
130 18
130 34
130 40
130 42
130 43
130 46
130 69
130 70
130 72
130 74
130 80
130 83
130 86
130 87
130 94
130 103
130 104
130 105
130 107
130 110
130 114
130 120
130 121
130 123
130 126
130 138
130 140
130 143
130 152
130 154
130 158
131 4
131 9
131 13
131 14
131 16
131 30
131 31
131 40
131 52
131 53
131 54
131 59
131 61
131 66
131 73
131 76
131 77
131 88
131 89
131 90
131 94
131 104
131 109
131 114
131 118
131 126
131 129
131 132
131 135
131 138
131 143
131 152
131 155
132 0
132 9
132 10
132 11
132 23
132 38
132 53
132 57
132 58
132 61
132 75
132 83
132 86
132 90
132 91
132 95
132 102
132 111
132 128
132 131
132 133
132 135
132 144
132 148
133 1
133 4
133 5
133 6
133 9
133 11
133 19
133 22
133 31
133 32
133 44
133 48
133 60
133 64
133 72
133 84
133 85
133 92
133 96
133 97
133 100
133 109
133 114
133 116
133 122
133 132
133 135
133 152
134 4
134 6
134 7
134 27
134 32
134 40
134 44
134 46
134 49
134 50
134 54
134 56
134 59
134 68
134 84
134 94
134 95
134 96
134 103
134 107
134 120
134 122
134 124
134 129
134 147
135 7
135 24
135 31
135 34
135 42
135 47
135 54
135 57
135 60
135 63
135 67
135 70
135 71
135 72
135 74
135 75
135 79
135 80
135 86
135 87
135 88
135 90
135 94
135 99
135 102
135 106
135 108
135 110
135 111
135 114
135 119
135 123
135 127
135 131
135 132
135 133
135 142
135 143
135 144
135 145
135 147
135 153
135 157
135 158
136 0
136 2
136 15
136 19
136 22
136 29
136 30
136 33
136 37
136 38
136 60
136 63
136 66
136 68
136 74
136 90
136 91
136 93
136 101
136 104
136 107
136 109
136 118
136 119
136 129
136 151
136 157
137 8
137 10
137 19
137 35
137 38
137 50
137 52
137 59
137 61
137 65
137 69
137 70
137 79
137 86
137 90
137 96
137 98
137 99
137 105
137 122
137 124
137 126
137 127
137 142
137 153
138 13
138 18
138 26
138 27
138 28
138 32
138 34
138 37
138 42
138 44
138 55
138 61
138 66
138 91
138 92
138 93
138 94
138 97
138 98
138 109
138 111
138 113
138 114
138 120
138 121
138 126
138 128
138 130
138 131
138 139
138 143
138 147
138 151
138 152
138 156
139 5
139 8
139 10
139 13
139 21
139 23
139 25
139 27
139 29
139 31
139 45
139 48
139 49
139 51
139 62
139 63
139 67
139 68
139 71
139 80
139 85
139 87
139 88
139 93
139 96
139 100
139 102
139 109
139 110
139 112
139 113
139 120
139 124
139 127
139 138
139 146
139 147
139 151
139 156
139 157
140 2
140 17
140 18
140 23
140 40
140 43
140 49
140 57
140 60
140 70
140 71
140 75
140 81
140 86
140 91
140 100
140 105
140 111
140 122
140 124
140 130
140 143
140 145
140 151
140 158
141 3
141 4
141 9
141 11
141 15
141 18
141 22
141 29
141 32
141 37
141 43
141 54
141 58
141 67
141 68
141 83
141 86
141 95
141 107
141 119
141 125
141 145
141 147
141 148
141 153
142 1
142 12
142 17
142 18
142 19
142 21
142 32
142 44
142 45
142 47
142 51
142 54
142 61
142 65
142 66
142 70
142 77
142 95
142 102
142 123
142 124
142 127
142 135
142 137
142 144
142 150
142 151
142 155
142 157
143 3
143 4
143 7
143 10
143 19
143 22
143 25
143 37
143 41
143 42
143 44
143 46
143 50
143 56
143 64
143 73
143 75
143 83
143 88
143 94
143 96
143 115
143 121
143 122
143 123
143 124
143 128
143 130
143 131
143 135
143 138
143 140
143 146
143 153
144 6
144 14
144 15
144 16
144 18
144 26
144 38
144 42
144 51
144 60
144 63
144 65
144 67
144 70
144 71
144 80
144 81
144 92
144 93
144 98
144 109
144 117
144 120
144 132
144 135
144 142
144 146
144 149
144 157
144 159
145 9
145 11
145 21
145 26
145 32
145 39
145 42
145 43
145 44
145 46
145 48
145 54
145 65
145 67
145 68
145 72
145 73
145 74
145 77
145 86
145 87
145 88
145 89
145 90
145 92
145 93
145 96
145 105
145 107
145 108
145 111
145 114
145 116
145 117
145 121
145 129
145 135
145 140
145 141
145 149
145 150
145 159
146 6
146 7
146 13
146 23
146 26
146 27
146 32
146 45
146 49
146 50
146 65
146 73
146 74
146 79
146 104
146 107
146 110
146 117
146 119
146 124
146 125
146 129
146 139
146 143
146 144
147 2
147 8
147 11
147 17
147 22
147 29
147 35
147 45
147 46
147 50
147 72
147 78
147 81
147 84
147 85
147 86
147 96
147 97
147 98
147 108
147 129
147 134
147 135
147 138
147 139
147 141
147 154
148 0
148 6
148 10
148 19
148 38
148 47
148 49
148 57
148 63
148 71
148 80
148 84
148 88
148 90
148 91
148 94
148 106
148 110
148 126
148 132
148 141
148 153
149 3
149 7
149 8
149 12
149 24
149 36
149 55
149 65
149 68
149 69
149 72
149 73
149 76
149 80
149 81
149 83
149 88
149 92
149 98
149 99
149 109
149 114
149 118
149 121
149 144
149 145
149 150
149 153
150 5
150 6
150 8
150 11
150 19
150 20
150 21
150 22
150 23
150 26
150 29
150 31
150 41
150 48
150 49
150 51
150 57
150 58
150 65
150 66
150 67
150 77
150 78
150 81
150 84
150 94
150 100
150 104
150 117
150 118
150 120
150 122
150 125
150 127
150 142
150 145
150 149
150 152
151 4
151 12
151 14
151 20
151 25
151 41
151 50
151 54
151 55
151 56
151 58
151 60
151 62
151 69
151 70
151 71
151 78
151 80
151 87
151 91
151 103
151 116
151 117
151 125
151 127
151 136
151 138
151 139
151 140
151 142
152 2
152 4
152 13
152 18
152 29
152 39
152 47
152 55
152 58
152 61
152 64
152 73
152 74
152 78
152 81
152 90
152 95
152 101
152 114
152 117
152 121
152 122
152 129
152 130
152 131
152 133
152 138
152 150
153 5
153 7
153 10
153 12
153 13
153 14
153 22
153 29
153 31
153 37
153 39
153 40
153 52
153 61
153 71
153 93
153 94
153 97
153 106
153 113
153 126
153 128
153 135
153 137
153 141
153 143
153 148
153 149
153 155
153 159
154 5
154 14
154 15
154 16
154 17
154 18
154 19
154 23
154 24
154 26
154 28
154 37
154 39
154 41
154 43
154 47
154 66
154 67
154 70
154 71
154 78
154 79
154 86
154 96
154 103
154 108
154 112
154 130
154 147
154 158
154 159
155 1
155 21
155 23
155 40
155 43
155 49
155 50
155 66
155 76
155 80
155 83
155 85
155 87
155 100
155 102
155 103
155 109
155 110
155 114
155 118
155 131
155 142
155 153
155 156
155 159
156 5
156 8
156 14
156 15
156 16
156 22
156 28
156 37
156 48
156 50
156 57
156 58
156 59
156 60
156 61
156 71
156 78
156 86
156 99
156 105
156 109
156 115
156 127
156 138
156 139
156 155
157 7
157 17
157 23
157 26
157 33
157 39
157 44
157 47
157 49
157 68
157 76
157 79
157 81
157 82
157 84
157 91
157 95
157 109
157 112
157 115
157 121
157 122
157 126
157 135
157 136
157 139
157 142
157 144
157 158
158 2
158 3
158 5
158 9
158 41
158 43
158 54
158 57
158 61
158 66
158 78
158 81
158 95
158 98
158 101
158 105
158 112
158 118
158 130
158 135
158 140
158 154
158 157
159 4
159 9
159 30
159 38
159 43
159 47
159 53
159 58
159 62
159 64
159 67
159 68
159 72
159 74
159 79
159 86
159 90
159 94
159 101
159 109
159 113
159 119
159 120
159 124
159 144
159 145
159 153
159 154
159 155
0 1 2 3 4 5 6 7 8 9 10 11
