160 640 7
0 2
0 45
0 68
0 70
0 119
0 135
0 144
0 147
0 158
1 45
2 0
2 13
2 20
2 96
2 115
3 53
3 140
4 85
5 8
5 74
5 98
5 105
5 116
6 98
6 137
7 10
7 124
7 129
8 5
8 57
8 72
8 113
8 131
9 16
9 77
9 102
9 118
10 7
10 35
10 98
10 113
11 74
12 121
13 2
13 48
13 49
13 82
13 83
13 84
13 98
13 107
13 122
13 123
13 139
13 145
13 152
14 135
14 136
15 28
15 60
15 117
15 134
16 9
16 21
16 96
16 121
16 134
16 137
17 22
17 34
17 86
17 91
17 99
17 124
18 41
18 112
18 140
19 44
19 64
19 79
19 93
19 98
19 138
19 142
20 2
20 73
20 99
20 119
20 135
21 16
21 145
21 146
21 158
22 17
22 31
22 43
22 55
22 74
22 89
22 95
23 30
23 34
23 50
24 30
24 45
24 71
24 107
25 39
25 54
25 108
25 123
26 56
26 101
26 113
26 128
27 99
28 15
28 44
28 55
28 66
28 69
28 79
28 119
29 44
29 135
29 143
30 23
30 24
30 32
30 62
31 22
31 57
32 30
32 37
32 70
32 84
32 149
32 154
33 82
33 91
34 17
34 23
35 10
35 59
35 87
35 137
36 121
37 32
37 56
37 101
37 109
37 135
38 46
38 108
39 25
39 105
39 113
39 147
40 58
40 90
40 135
40 140
40 149
41 18
41 148
42 61
42 97
43 22
43 112
43 153
43 156
44 19
44 28
44 29
44 74
45 0
45 1
45 24
45 94
45 102
46 38
46 151
46 155
47 113
48 13
48 88
48 119
48 130
49 13
49 103
49 151
49 159
50 23
51 66
51 122
51 153
52 104
52 118
52 131
53 3
53 55
53 92
53 102
54 25
54 158
55 22
55 28
55 53
55 76
55 102
56 26
56 37
56 61
56 84
56 94
57 8
57 31
57 127
58 40
58 113
59 35
59 109
59 120
60 15
60 80
60 100
60 130
61 42
61 56
61 82
61 131
62 30
62 135
62 137
63 73
63 87
63 126
63 127
63 140
63 144
64 19
65 73
65 76
65 96
65 129
65 141
66 28
66 51
66 73
67 99
67 101
67 117
67 123
67 130
67 132
67 146
68 0
68 116
68 130
69 28
69 87
69 112
69 143
69 149
70 0
70 32
70 119
70 146
70 148
71 24
71 77
71 148
72 8
72 86
72 133
73 20
73 63
73 65
73 66
74 5
74 11
74 22
74 44
74 93
75 106
75 121
75 151
76 55
76 65
76 142
76 149
77 9
77 71
77 101
78 91
78 103
78 134
78 154
79 19
79 28
79 87
79 109
79 115
79 148
79 155
80 60
80 90
80 98
81 101
81 103
81 108
81 126
82 13
82 33
82 61
82 92
82 159
83 13
83 90
83 152
84 13
84 32
84 56
84 95
84 120
85 4
85 126
86 17
86 72
86 97
86 120
86 131
86 144
87 35
87 63
87 69
87 79
87 122
88 48
88 107
88 110
89 22
89 121
89 148
90 40
90 80
90 83
90 97
90 159
91 17
91 33
91 78
91 97
91 141
92 53
92 82
93 19
93 74
93 131
94 45
94 56
94 114
94 121
94 149
95 22
95 84
95 145
96 2
96 16
96 65
96 157
97 42
97 86
97 90
97 91
98 5
98 6
98 10
98 13
98 19
98 80
98 106
98 125
98 146
99 17
99 20
99 27
99 67
99 139
99 140
100 60
101 26
101 37
101 67
101 77
101 81
101 122
102 9
102 45
102 53
102 55
102 145
103 49
103 78
103 81
103 130
104 52
104 112
104 154
105 5
105 39
105 106
105 150
106 75
106 98
106 105
107 13
107 24
107 88
107 124
107 148
108 25
108 38
108 81
109 37
109 59
109 79
109 114
109 117
109 147
110 88
110 114
111 116
111 137
111 145
111 158
112 18
112 43
112 69
112 104
113 8
113 10
113 26
113 39
113 47
113 58
113 139
113 158
114 94
114 109
114 110
114 131
115 2
115 79
116 5
116 68
116 111
116 131
116 138
117 15
117 67
117 109
117 157
118 9
118 52
118 120
118 137
119 0
119 20
119 28
119 48
119 70
119 129
120 59
120 84
120 86
120 118
121 12
121 16
121 36
121 75
121 89
121 94
121 140
122 13
122 51
122 87
122 101
122 151
123 13
123 25
123 67
124 7
124 17
124 107
124 155
125 98
126 63
126 81
126 85
126 128
126 138
127 57
127 63
127 128
127 155
128 26
128 126
128 127
128 133
128 136
128 157
129 7
129 65
129 119
130 48
130 60
130 67
130 68
130 103
131 8
131 52
131 61
131 86
131 93
131 114
131 116
131 146
132 67
132 133
132 135
133 72
133 128
133 132
133 141
134 15
134 16
134 78
134 155
135 0
135 14
135 20
135 29
135 37
135 40
135 62
135 132
135 147
136 14
136 128
137 6
137 16
137 35
137 62
137 111
137 118
138 19
138 116
138 126
139 13
139 99
139 113
140 3
140 18
140 40
140 63
140 99
140 121
141 65
141 91
141 133
141 145
142 19
142 76
143 29
143 69
144 0
144 63
144 86
144 158
145 13
145 21
145 95
145 102
145 111
145 141
146 21
146 67
146 70
146 98
146 131
147 0
147 39
147 109
147 135
148 41
148 70
148 71
148 79
148 89
148 107
148 151
149 32
149 40
149 69
149 76
149 94
150 105
150 155
151 46
151 49
151 75
151 122
151 148
152 13
152 83
153 43
153 51
154 32
154 78
154 104
155 46
155 79
155 124
155 127
155 134
155 150
156 43
157 96
157 117
157 128
158 0
158 21
158 54
158 111
158 113
158 144
159 49
159 82
159 90
0 1 2 3 4 5 6
