160 5088 24
0 5
0 12
0 21
0 27
0 35
0 36
0 42
0 48
0 64
0 69
0 75
0 85
0 87
0 88
0 90
0 102
0 105
0 108
0 116
0 117
0 118
0 124
0 125
0 138
0 141
0 142
0 143
0 146
0 147
0 150
0 153
0 155
0 157
1 6
1 8
1 9
1 22
1 28
1 30
1 31
1 32
1 38
1 40
1 58
1 62
1 67
1 87
1 99
1 104
1 120
1 124
1 128
1 132
1 137
1 139
1 145
1 146
1 148
1 151
1 152
1 154
2 3
2 5
2 9
2 12
2 16
2 42
2 43
2 49
2 53
2 54
2 58
2 60
2 61
2 66
2 67
2 76
2 79
2 84
2 86
2 101
2 103
2 107
2 111
2 114
2 120
2 121
2 123
2 124
2 129
2 132
2 134
2 147
2 156
2 157
3 2
3 9
3 12
3 20
3 24
3 29
3 39
3 63
3 64
3 73
3 77
3 78
3 82
3 83
3 88
3 90
3 91
3 92
3 107
3 109
3 112
3 124
3 126
3 127
3 130
3 140
3 146
3 148
3 151
3 153
3 158
4 23
4 28
4 30
4 34
4 36
4 40
4 63
4 64
4 68
4 71
4 72
4 73
4 75
4 80
4 85
4 94
4 104
4 105
4 107
4 109
4 114
4 124
4 127
4 136
4 144
4 152
4 153
5 0
5 2
5 13
5 17
5 36
5 39
5 43
5 45
5 49
5 58
5 59
5 64
5 81
5 82
5 85
5 90
5 93
5 98
5 99
5 105
5 106
5 111
5 117
5 118
5 131
5 139
5 142
5 143
5 144
5 154
5 155
5 158
6 1
6 12
6 15
6 21
6 24
6 34
6 52
6 58
6 67
6 80
6 87
6 89
6 91
6 97
6 103
6 104
6 105
6 106
6 107
6 111
6 115
6 118
6 119
6 122
6 124
6 125
6 128
6 131
6 140
6 148
6 156
6 158
7 8
7 11
7 12
7 13
7 29
7 30
7 32
7 38
7 42
7 45
7 47
7 48
7 51
7 52
7 60
7 70
7 71
7 74
7 91
7 92
7 97
7 125
7 126
7 127
7 128
7 132
7 139
7 144
7 148
7 152
7 157
8 1
8 7
8 12
8 16
8 28
8 31
8 40
8 45
8 53
8 60
8 85
8 90
8 92
8 114
8 117
8 126
8 129
8 130
8 136
8 139
8 142
8 143
8 152
8 155
8 158
8 159
9 1
9 2
9 3
9 10
9 16
9 19
9 30
9 32
9 37
9 43
9 48
9 51
9 57
9 70
9 72
9 73
9 76
9 80
9 86
9 96
9 108
9 110
9 112
9 114
9 120
9 121
9 122
9 126
9 128
9 132
9 136
9 137
9 144
9 145
9 146
9 151
9 154
10 9
10 16
10 21
10 28
10 31
10 39
10 42
10 45
10 51
10 56
10 68
10 73
10 76
10 77
10 80
10 82
10 93
10 105
10 107
10 116
10 121
10 124
10 129
10 140
10 144
11 7
11 12
11 13
11 14
11 16
11 21
11 23
11 26
11 29
11 30
11 32
11 44
11 61
11 65
11 69
11 75
11 85
11 86
11 91
11 105
11 109
11 122
11 125
11 126
11 136
11 137
11 153
11 159
12 0
12 2
12 3
12 6
12 7
12 8
12 11
12 28
12 36
12 54
12 58
12 61
12 99
12 101
12 103
12 107
12 110
12 111
12 112
12 120
12 127
12 129
12 136
12 137
12 138
12 140
12 147
12 149
12 151
13 5
13 7
13 11
13 18
13 19
13 53
13 56
13 62
13 63
13 75
13 83
13 86
13 90
13 93
13 101
13 103
13 105
13 110
13 114
13 122
13 123
13 124
13 144
13 145
13 149
13 151
13 159
14 11
14 18
14 25
14 28
14 33
14 41
14 54
14 68
14 69
14 71
14 78
14 79
14 89
14 100
14 102
14 110
14 112
14 113
14 121
14 127
14 130
14 146
14 149
14 150
14 154
14 156
15 6
15 16
15 17
15 21
15 26
15 28
15 29
15 31
15 33
15 37
15 39
15 41
15 52
15 57
15 66
15 75
15 76
15 83
15 100
15 107
15 122
15 124
15 135
15 142
15 148
15 159
16 2
16 8
16 9
16 10
16 11
16 15
16 25
16 33
16 39
16 41
16 46
16 56
16 80
16 86
16 88
16 94
16 117
16 119
16 120
16 121
16 123
16 124
16 129
16 130
16 133
16 135
16 145
16 149
16 150
16 151
16 152
16 155
16 158
16 159
17 5
17 15
17 20
17 21
17 27
17 33
17 40
17 54
17 63
17 69
17 84
17 95
17 111
17 115
17 116
17 118
17 119
17 120
17 121
17 142
17 144
17 150
17 152
18 13
18 14
18 21
18 32
18 34
18 37
18 41
18 42
18 46
18 51
18 52
18 56
18 60
18 65
18 66
18 68
18 70
18 71
18 76
18 80
18 81
18 82
18 85
18 89
18 99
18 100
18 102
18 105
18 106
18 108
18 114
18 127
18 129
18 138
18 141
18 153
18 154
18 157
19 9
19 13
19 28
19 32
19 41
19 43
19 49
19 58
19 62
19 68
19 74
19 87
19 93
19 96
19 98
19 107
19 116
19 121
19 123
19 127
19 140
19 146
19 150
19 153
19 155
19 156
20 3
20 17
20 24
20 27
20 28
20 29
20 30
20 40
20 41
20 47
20 50
20 51
20 67
20 68
20 69
20 71
20 81
20 85
20 93
20 94
20 96
20 100
20 101
20 106
20 107
20 133
20 138
20 143
20 145
20 149
20 151
20 153
21 0
21 6
21 10
21 11
21 15
21 17
21 18
21 23
21 27
21 33
21 39
21 44
21 45
21 49
21 58
21 61
21 65
21 82
21 84
21 85
21 88
21 94
21 102
21 103
21 104
21 111
21 116
21 120
21 126
21 127
21 129
21 131
21 137
21 138
21 149
21 151
21 159
22 1
22 24
22 28
22 30
22 40
22 56
22 61
22 64
22 68
22 73
22 76
22 84
22 86
22 93
22 97
22 104
22 105
22 106
22 108
22 113
22 114
22 117
22 128
22 132
22 135
22 140
22 145
22 148
22 151
23 4
23 11
23 21
23 26
23 27
23 33
23 41
23 44
23 46
23 48
23 52
23 53
23 58
23 74
23 77
23 79
23 85
23 86
23 104
23 114
23 115
23 119
23 121
23 122
23 124
23 125
23 126
23 136
23 146
23 149
23 152
23 155
23 157
23 159
24 3
24 6
24 20
24 22
24 29
24 32
24 33
24 36
24 39
24 42
24 43
24 44
24 48
24 66
24 68
24 70
24 72
24 82
24 96
24 99
24 100
24 101
24 114
24 115
24 117
24 122
24 125
24 147
24 149
24 150
24 156
25 14
25 16
25 28
25 35
25 36
25 38
25 40
25 44
25 48
25 50
25 61
25 83
25 88
25 92
25 94
25 96
25 97
25 99
25 103
25 106
25 112
25 124
25 128
25 129
25 130
25 131
25 139
25 140
25 141
25 144
25 146
25 149
25 151
25 157
26 11
26 15
26 23
26 27
26 29
26 31
26 40
26 43
26 51
26 52
26 57
26 58
26 71
26 78
26 79
26 80
26 82
26 92
26 103
26 104
26 110
26 111
26 113
26 118
26 123
26 124
26 129
26 130
26 133
26 140
26 152
26 155
27 0
27 17
27 20
27 21
27 23
27 26
27 35
27 45
27 51
27 56
27 57
27 64
27 66
27 75
27 76
27 85
27 86
27 87
27 90
27 93
27 104
27 115
27 117
27 121
27 122
27 137
27 140
27 142
28 1
28 4
28 8
28 10
28 12
28 14
28 15
28 19
28 20
28 22
28 25
28 31
28 35
28 42
28 44
28 46
28 53
28 71
28 72
28 82
28 84
28 93
28 96
28 99
28 101
28 104
28 112
28 120
28 131
28 139
28 146
28 147
28 150
28 154
29 3
29 7
29 11
29 15
29 20
29 24
29 26
29 36
29 38
29 39
29 41
29 43
29 45
29 61
29 63
29 73
29 85
29 89
29 91
29 99
29 104
29 110
29 120
29 128
29 134
29 142
29 147
29 149
29 153
29 155
29 156
30 1
30 4
30 7
30 9
30 11
30 20
30 22
30 32
30 60
30 61
30 63
30 66
30 69
30 75
30 92
30 95
30 98
30 101
30 102
30 104
30 109
30 110
30 116
30 118
30 127
30 129
30 142
30 143
30 144
30 150
30 151
31 1
31 8
31 10
31 15
31 26
31 28
31 36
31 37
31 42
31 47
31 53
31 56
31 64
31 66
31 67
31 70
31 71
31 83
31 85
31 89
31 91
31 108
31 109
31 112
31 113
31 114
31 129
31 140
31 142
32 1
32 7
32 9
32 11
32 18
32 19
32 24
32 30
32 35
32 37
32 41
32 42
32 51
32 53
32 54
32 55
32 57
32 58
32 60
32 61
32 63
32 66
32 67
32 70
32 71
32 72
32 77
32 79
32 85
32 90
32 94
32 95
32 96
32 99
32 100
32 104
32 109
32 112
32 122
32 124
32 126
32 127
32 128
32 130
32 133
32 152
32 155
33 14
33 15
33 16
33 17
33 21
33 23
33 24
33 36
33 37
33 49
33 52
33 53
33 58
33 59
33 61
33 62
33 69
33 71
33 75
33 95
33 111
33 119
33 144
33 149
33 151
33 157
33 158
33 159
34 4
34 6
34 18
34 39
34 43
34 44
34 48
34 54
34 63
34 80
34 81
34 83
34 84
34 108
34 118
34 119
34 120
34 131
34 134
34 143
34 144
34 149
34 152
35 0
35 25
35 27
35 28
35 32
35 37
35 38
35 39
35 41
35 44
35 47
35 49
35 50
35 52
35 56
35 57
35 61
35 65
35 69
35 73
35 85
35 87
35 91
35 98
35 106
35 118
35 124
35 125
35 131
35 143
35 145
35 147
35 150
35 151
36 0
36 4
36 5
36 12
36 24
36 25
36 29
36 31
36 33
36 49
36 54
36 55
36 57
36 59
36 64
36 66
36 69
36 75
36 80
36 83
36 84
36 86
36 91
36 102
36 110
36 111
36 117
36 118
36 119
36 121
36 131
36 132
36 139
36 140
36 141
36 142
36 149
37 9
37 15
37 18
37 31
37 32
37 33
37 35
37 50
37 52
37 54
37 61
37 62
37 66
37 67
37 73
37 91
37 98
37 107
37 118
37 129
37 137
37 140
37 142
37 145
37 146
37 151
37 152
37 154
37 158
37 159
38 1
38 7
38 25
38 29
38 35
38 39
38 40
38 49
38 55
38 68
38 69
38 71
38 76
38 77
38 79
38 82
38 84
38 98
38 99
38 101
38 108
38 114
38 123
38 127
38 128
38 131
38 135
38 142
38 153
38 155
39 3
39 5
39 10
39 15
39 16
39 21
39 24
39 29
39 34
39 35
39 38
39 40
39 46
39 51
39 54
39 55
39 56
39 60
39 65
39 80
39 84
39 87
39 90
39 93
39 103
39 104
39 105
39 107
39 111
39 118
39 119
39 123
39 124
39 131
39 136
39 140
39 141
39 144
39 146
40 1
40 4
40 8
40 17
40 20
40 22
40 25
40 26
40 38
40 39
40 41
40 49
40 50
40 51
40 54
40 55
40 56
40 66
40 70
40 75
40 78
40 83
40 84
40 87
40 91
40 101
40 112
40 114
40 115
40 121
40 123
40 127
40 132
40 135
40 139
40 140
40 141
40 142
40 147
40 149
40 156
41 14
41 15
41 16
41 18
41 19
41 20
41 23
41 29
41 32
41 35
41 40
41 42
41 45
41 50
41 57
41 63
41 68
41 72
41 80
41 87
41 88
41 93
41 98
41 100
41 108
41 109
41 112
41 116
41 117
41 127
41 136
41 137
41 157
41 159
42 0
42 2
42 7
42 10
42 18
42 24
42 28
42 31
42 32
42 41
42 44
42 46
42 51
42 63
42 72
42 88
42 90
42 99
42 102
42 105
42 107
42 111
42 116
42 125
42 135
42 137
42 141
42 144
42 147
42 154
42 155
42 157
43 2
43 5
43 9
43 19
43 24
43 26
43 29
43 34
43 55
43 56
43 64
43 69
43 72
43 76
43 77
43 83
43 87
43 91
43 93
43 97
43 100
43 114
43 116
43 123
43 124
43 131
43 133
43 139
43 141
43 143
43 144
43 150
43 153
43 156
44 11
44 21
44 23
44 24
44 25
44 28
44 34
44 35
44 42
44 50
44 53
44 62
44 63
44 65
44 76
44 79
44 81
44 87
44 88
44 97
44 98
44 102
44 103
44 104
44 105
44 111
44 116
44 117
44 119
44 122
44 126
44 147
44 152
44 155
44 158
44 159
45 5
45 7
45 8
45 10
45 21
45 27
45 29
45 41
45 46
45 50
45 66
45 70
45 73
45 81
45 90
45 108
45 109
45 112
45 123
45 128
45 131
45 134
45 152
45 155
46 16
46 18
46 23
46 28
46 39
46 42
46 45
46 47
46 55
46 58
46 62
46 64
46 68
46 70
46 78
46 90
46 92
46 97
46 99
46 103
46 105
46 106
46 109
46 110
46 112
46 114
46 117
46 121
46 123
46 126
46 127
46 131
46 147
46 152
47 7
47 20
47 31
47 35
47 46
47 55
47 60
47 70
47 77
47 78
47 88
47 91
47 93
47 94
47 99
47 101
47 107
47 111
47 113
47 115
47 121
47 127
47 135
47 152
47 157
47 158
47 159
48 0
48 7
48 9
48 23
48 24
48 25
48 34
48 53
48 54
48 60
48 65
48 66
48 72
48 73
48 74
48 76
48 78
48 79
48 80
48 81
48 88
48 96
48 102
48 107
48 121
48 124
48 125
48 143
48 145
48 147
48 149
49 2
49 5
49 19
49 21
49 33
49 35
49 36
49 38
49 40
49 52
49 54
49 56
49 57
49 62
49 67
49 80
49 83
49 84
49 89
49 90
49 96
49 98
49 105
49 106
49 117
49 120
49 122
49 123
49 128
49 131
49 132
49 135
49 137
49 143
49 149
49 151
49 156
50 20
50 25
50 35
50 37
50 40
50 41
50 44
50 45
50 51
50 54
50 59
50 60
50 69
50 70
50 72
50 80
50 82
50 83
50 86
50 106
50 108
50 123
50 133
50 136
50 138
50 139
50 140
50 145
50 150
50 154
51 7
51 9
51 10
51 18
51 20
51 26
51 27
51 32
51 39
51 40
51 42
51 50
51 52
51 53
51 55
51 57
51 70
51 75
51 82
51 83
51 87
51 89
51 91
51 95
51 96
51 101
51 103
51 110
51 116
51 124
51 126
51 129
51 134
51 135
51 136
51 138
51 141
51 144
51 156
52 6
52 7
52 15
52 18
52 23
52 26
52 33
52 35
52 37
52 49
52 51
52 57
52 62
52 63
52 65
52 73
52 74
52 78
52 80
52 83
52 84
52 88
52 89
52 91
52 92
52 93
52 94
52 98
52 101
52 120
52 133
52 135
52 138
52 142
52 146
52 149
52 158
52 159
53 2
53 8
53 13
53 23
53 28
53 31
53 32
53 33
53 44
53 48
53 51
53 56
53 57
53 68
53 72
53 78
53 89
53 94
53 99
53 103
53 105
53 109
53 113
53 115
53 125
53 131
53 132
53 135
53 144
53 146
53 148
53 149
53 151
53 153
53 156
53 157
53 158
54 2
54 12
54 14
54 17
54 32
54 34
54 36
54 37
54 39
54 40
54 48
54 49
54 50
54 63
54 64
54 66
54 67
54 69
54 71
54 79
54 80
54 82
54 93
54 97
54 111
54 118
54 129
54 154
54 159
55 32
55 36
55 38
55 39
55 40
55 43
55 46
55 47
55 51
55 56
55 64
55 71
55 76
55 77
55 81
55 88
55 89
55 104
55 105
55 124
55 133
55 137
55 140
55 142
55 143
55 144
55 152
56 10
56 13
56 16
56 18
56 22
56 27
56 31
56 35
56 39
56 40
56 43
56 49
56 53
56 55
56 58
56 63
56 64
56 65
56 67
56 68
56 71
56 81
56 83
56 85
56 90
56 93
56 94
56 96
56 107
56 109
56 110
56 113
56 120
56 123
56 124
56 133
56 136
56 137
56 154
57 9
57 15
57 26
57 27
57 32
57 35
57 36
57 41
57 49
57 51
57 52
57 53
57 58
57 67
57 83
57 95
57 98
57 101
57 103
57 108
57 112
57 114
57 118
57 120
57 125
57 131
57 138
57 157
58 1
58 2
58 5
58 6
58 12
58 19
58 21
58 23
58 26
58 32
58 33
58 46
58 56
58 57
58 65
58 67
58 69
58 70
58 78
58 90
58 91
58 92
58 97
58 118
58 123
58 125
58 128
58 133
58 139
58 140
58 142
58 145
58 150
58 152
59 5
59 33
59 36
59 50
59 60
59 64
59 67
59 71
59 78
59 79
59 87
59 94
59 99
59 101
59 103
59 107
59 115
59 128
59 131
59 133
59 143
59 152
60 2
60 7
60 8
60 18
60 30
60 32
60 39
60 47
60 48
60 50
60 59
60 76
60 78
60 79
60 86
60 88
60 91
60 92
60 95
60 98
60 99
60 103
60 119
60 121
60 127
60 135
60 139
60 140
60 145
60 154
60 159
61 2
61 11
61 12
61 21
61 22
61 25
61 29
61 30
61 32
61 33
61 35
61 37
61 65
61 75
61 81
61 82
61 83
61 89
61 91
61 95
61 103
61 104
61 112
61 113
61 126
61 127
61 132
61 141
61 148
61 150
61 153
62 1
62 13
62 19
62 33
62 37
62 44
62 46
62 49
62 52
62 64
62 71
62 77
62 78
62 79
62 87
62 89
62 93
62 96
62 103
62 105
62 106
62 113
62 125
62 127
62 128
62 133
62 135
62 137
62 146
63 3
63 4
63 13
63 17
63 29
63 30
63 32
63 34
63 41
63 42
63 44
63 52
63 54
63 56
63 64
63 69
63 75
63 76
63 81
63 83
63 86
63 94
63 96
63 99
63 101
63 110
63 111
63 113
63 114
63 116
63 117
63 118
63 122
63 123
63 131
63 138
63 145
63 151
63 153
64 0
64 3
64 4
64 5
64 22
64 27
64 31
64 36
64 43
64 46
64 54
64 55
64 56
64 59
64 62
64 63
64 65
64 69
64 70
64 71
64 74
64 85
64 91
64 92
64 97
64 99
64 110
64 112
64 115
64 121
64 123
64 125
64 128
64 130
64 137
64 139
64 141
64 143
64 148
64 151
64 152
64 157
64 158
65 11
65 18
65 21
65 35
65 39
65 44
65 48
65 52
65 56
65 58
65 61
65 64
65 66
65 81
65 90
65 93
65 96
65 110
65 111
65 133
65 137
65 138
65 139
65 141
65 144
65 147
65 158
66 2
66 15
66 18
66 24
66 27
66 30
66 31
66 32
66 36
66 37
66 40
66 45
66 48
66 54
66 65
66 68
66 72
66 86
66 89
66 94
66 99
66 106
66 113
66 119
66 120
66 130
66 133
66 134
66 144
66 151
66 155
66 156
67 1
67 2
67 6
67 20
67 31
67 32
67 37
67 49
67 54
67 56
67 57
67 58
67 59
67 73
67 76
67 80
67 89
67 90
67 92
67 97
67 98
67 112
67 118
67 119
67 121
67 126
67 127
67 129
67 132
67 133
67 134
67 138
67 139
67 143
67 152
67 154
68 4
68 10
68 14
68 18
68 19
68 20
68 22
68 24
68 38
68 41
68 46
68 53
68 56
68 66
68 70
68 71
68 77
68 89
68 91
68 98
68 106
68 114
68 115
68 117
68 125
68 126
68 136
68 138
68 139
68 144
68 147
68 155
69 0
69 11
69 14
69 17
69 20
69 30
69 33
69 35
69 36
69 38
69 43
69 50
69 54
69 58
69 63
69 64
69 71
69 76
69 81
69 89
69 90
69 101
69 105
69 109
69 111
69 126
69 141
69 146
69 147
69 149
69 154
69 155
69 156
69 157
70 7
70 9
70 18
70 24
70 31
70 32
70 40
70 45
70 46
70 47
70 50
70 51
70 58
70 64
70 68
70 75
70 79
70 88
70 100
70 102
70 108
70 109
70 110
70 113
70 118
70 122
70 134
70 136
70 142
70 145
70 149
71 4
71 7
71 14
71 18
71 20
71 26
71 28
71 31
71 32
71 33
71 38
71 54
71 55
71 56
71 59
71 62
71 64
71 68
71 69
71 83
71 86
71 89
71 96
71 108
71 118
71 123
71 126
71 128
71 129
71 130
71 139
72 4
72 9
72 24
72 28
72 32
72 41
72 42
72 43
72 48
72 50
72 53
72 66
72 97
72 99
72 101
72 109
72 111
72 113
72 116
72 122
72 124
72 126
72 130
72 132
72 140
72 151
72 152
72 155
73 3
73 4
73 9
73 10
73 22
73 29
73 35
73 37
73 45
73 48
73 52
73 67
73 82
73 90
73 91
73 93
73 97
73 104
73 107
73 112
73 114
73 129
73 138
73 144
73 152
73 155
74 7
74 19
74 23
74 48
74 52
74 64
74 79
74 85
74 91
74 92
74 95
74 100
74 110
74 111
74 112
74 115
74 121
74 127
74 136
74 137
74 144
74 147
74 148
74 152
74 156
74 158
74 159
75 0
75 4
75 11
75 13
75 15
75 27
75 30
75 33
75 36
75 40
75 51
75 61
75 63
75 70
75 80
75 84
75 86
75 89
75 94
75 101
75 103
75 106
75 115
75 123
75 126
75 127
75 128
75 129
75 157
76 2
76 9
76 10
76 15
76 18
76 22
76 27
76 38
76 43
76 44
76 48
76 55
76 60
76 63
76 67
76 69
76 99
76 106
76 111
76 116
76 118
76 119
76 120
76 121
76 122
76 125
76 127
76 134
76 137
76 141
76 144
76 145
76 153
76 154
76 156
77 3
77 10
77 23
77 32
77 38
77 43
77 47
77 55
77 62
77 68
77 84
77 93
77 94
77 98
77 100
77 104
77 105
77 123
77 134
77 141
77 144
77 150
77 151
77 158
78 3
78 14
78 26
78 40
78 46
78 47
78 48
78 52
78 53
78 58
78 59
78 60
78 62
78 87
78 89
78 90
78 98
78 101
78 107
78 112
78 115
78 116
78 119
78 125
78 139
78 141
78 143
78 153
78 159
79 2
79 14
79 23
79 26
79 32
79 38
79 44
79 48
79 54
79 59
79 60
79 62
79 70
79 74
79 83
79 84
79 86
79 87
79 91
79 93
79 98
79 105
79 108
79 120
79 123
79 126
79 132
79 133
79 137
79 140
79 145
79 148
79 155
80 4
80 6
80 9
80 10
80 16
80 18
80 26
80 34
80 36
80 39
80 41
80 48
80 49
80 50
80 52
80 54
80 67
80 75
80 83
80 91
80 104
80 108
80 113
80 133
80 136
80 139
80 147
80 152
81 5
81 18
81 20
81 34
81 44
81 45
81 48
81 55
81 56
81 61
81 63
81 65
81 69
81 82
81 84
81 87
81 93
81 94
81 97
81 100
81 104
81 109
81 114
81 116
81 118
81 119
81 121
81 137
81 141
81 151
82 3
82 5
82 10
82 18
82 21
82 24
82 26
82 28
82 38
82 50
82 51
82 54
82 61
82 73
82 81
82 87
82 90
82 91
82 100
82 104
82 105
82 117
82 119
82 124
82 125
82 126
82 129
82 137
82 144
82 155
82 158
83 3
83 13
83 15
83 25
83 31
83 34
83 36
83 40
83 43
83 49
83 50
83 51
83 52
83 56
83 57
83 61
83 63
83 71
83 79
83 80
83 86
83 88
83 89
83 93
83 95
83 97
83 98
83 103
83 108
83 113
83 127
83 128
83 133
83 135
83 142
83 149
83 153
84 2
84 17
84 21
84 22
84 28
84 34
84 36
84 38
84 39
84 40
84 49
84 52
84 75
84 77
84 79
84 81
84 87
84 100
84 104
84 121
84 123
84 130
84 142
84 159
85 0
85 4
85 5
85 8
85 11
85 18
85 20
85 21
85 23
85 27
85 29
85 31
85 32
85 35
85 56
85 64
85 74
85 95
85 97
85 98
85 103
85 113
85 116
85 126
85 134
85 136
85 139
85 140
85 148
85 150
85 151
85 156
86 2
86 9
86 11
86 13
86 16
86 22
86 23
86 27
86 36
86 50
86 60
86 63
86 66
86 71
86 75
86 79
86 83
86 91
86 103
86 112
86 113
86 117
86 118
86 122
86 127
86 131
86 132
86 133
86 142
86 144
86 150
86 152
86 153
86 155
86 158
86 159
87 0
87 1
87 6
87 19
87 27
87 35
87 39
87 40
87 41
87 43
87 44
87 51
87 59
87 62
87 78
87 79
87 81
87 82
87 84
87 90
87 98
87 102
87 111
87 114
87 116
87 127
87 135
87 140
87 142
87 144
87 145
87 146
87 156
88 0
88 3
88 16
88 21
88 25
88 41
88 42
88 44
88 47
88 48
88 52
88 55
88 60
88 70
88 83
88 95
88 99
88 109
88 111
88 112
88 114
88 118
88 120
88 122
88 126
88 127
88 131
88 136
88 138
88 152
88 156
89 6
89 14
89 18
89 29
89 31
89 49
89 51
89 52
89 53
89 55
89 61
89 62
89 66
89 67
89 68
89 69
89 71
89 75
89 78
89 83
89 99
89 106
89 124
89 153
90 0
90 3
90 5
90 8
90 13
90 27
90 32
90 39
90 42
90 45
90 46
90 49
90 56
90 58
90 65
90 67
90 69
90 73
90 78
90 82
90 87
90 92
90 100
90 101
90 102
90 103
90 106
90 111
90 112
90 113
90 114
90 118
90 120
90 147
90 153
90 155
90 157
91 3
91 6
91 7
91 11
91 29
91 31
91 35
91 36
91 37
91 40
91 43
91 47
91 51
91 52
91 58
91 60
91 61
91 64
91 68
91 73
91 74
91 79
91 80
91 82
91 86
91 92
91 94
91 104
91 109
91 110
91 111
91 115
91 126
91 143
91 154
91 155
92 3
92 7
92 8
92 25
92 26
92 30
92 46
92 52
92 58
92 60
92 64
92 67
92 74
92 90
92 91
92 99
92 101
92 102
92 106
92 108
92 111
92 112
92 115
92 126
92 138
92 146
92 147
93 5
93 10
93 13
93 19
93 20
93 22
93 27
93 28
93 39
93 41
93 43
93 47
93 52
93 54
93 56
93 62
93 65
93 73
93 77
93 79
93 81
93 83
93 100
93 101
93 102
93 104
93 109
93 110
93 113
93 114
93 115
93 122
93 123
93 126
93 128
93 136
93 137
93 146
93 148
93 155
93 157
94 4
94 16
94 20
94 21
94 25
94 32
94 47
94 52
94 53
94 56
94 59
94 63
94 66
94 75
94 77
94 81
94 91
94 95
94 101
94 119
94 120
94 127
94 128
94 148
94 155
95 17
95 30
95 32
95 33
95 51
95 57
95 60
95 61
95 74
95 83
95 85
95 88
95 94
95 101
95 107
95 129
95 130
95 141
95 142
95 144
95 148
95 152
95 154
96 9
96 19
96 20
96 24
96 25
96 28
96 32
96 48
96 49
96 51
96 56
96 62
96 63
96 65
96 71
96 97
96 100
96 107
96 109
96 113
96 114
96 122
96 135
96 150
96 153
96 158
97 6
97 7
97 22
97 25
97 43
97 44
97 46
97 54
97 58
97 64
97 67
97 72
97 73
97 81
97 83
97 85
97 96
97 101
97 104
97 117
97 121
97 122
97 124
97 130
97 133
97 142
97 143
97 145
97 150
97 152
97 157
98 5
98 19
98 30
98 35
98 37
98 38
98 41
98 44
98 49
98 52
98 57
98 60
98 67
98 68
98 77
98 78
98 79
98 83
98 85
98 87
98 101
98 102
98 103
98 111
98 112
98 114
98 119
98 121
98 123
98 130
98 135
98 140
98 148
98 152
98 154
99 1
99 5
99 12
99 18
99 24
99 25
99 28
99 29
99 32
99 38
99 42
99 46
99 47
99 53
99 59
99 60
99 63
99 64
99 66
99 72
99 76
99 88
99 89
99 92
99 105
99 106
99 108
99 109
99 112
99 116
99 120
99 121
99 122
99 123
99 125
99 126
99 128
99 129
99 131
99 142
99 144
99 146
99 153
99 154
99 157
100 14
100 15
100 18
100 20
100 24
100 32
100 41
100 43
100 70
100 74
100 77
100 81
100 82
100 84
100 90
100 93
100 96
100 103
100 107
100 115
100 126
100 127
100 132
100 150
101 2
101 12
101 13
101 20
101 24
101 28
101 30
101 38
101 40
101 47
101 51
101 52
101 57
101 59
101 63
101 69
101 72
101 75
101 78
101 90
101 92
101 93
101 94
101 95
101 97
101 98
101 103
101 107
101 120
101 125
101 128
101 137
101 147
101 152
102 0
102 14
102 18
102 21
102 30
102 36
102 42
102 44
102 48
102 70
102 87
102 90
102 92
102 93
102 98
102 103
102 106
102 109
102 110
102 112
102 114
102 117
102 119
102 121
102 125
102 133
102 149
102 153
102 155
102 156
102 159
103 2
103 6
103 12
103 13
103 21
103 25
103 26
103 39
103 44
103 46
103 51
103 53
103 57
103 59
103 60
103 61
103 62
103 75
103 83
103 85
103 86
103 90
103 98
103 100
103 101
103 102
103 109
103 110
103 117
103 121
103 122
103 124
103 134
103 144
103 156
104 1
104 4
104 6
104 21
104 22
104 23
104 26
104 27
104 28
104 29
104 30
104 32
104 39
104 44
104 55
104 61
104 73
104 77
104 80
104 81
104 82
104 84
104 91
104 93
104 97
104 109
104 112
104 113
104 116
104 122
104 126
104 132
104 135
104 136
104 141
104 158
105 0
105 4
105 5
105 6
105 10
105 11
105 13
105 18
105 22
105 39
105 42
105 44
105 46
105 49
105 53
105 55
105 62
105 69
105 77
105 79
105 82
105 99
105 107
105 111
105 115
105 133
105 134
105 141
105 146
105 150
105 151
105 156
106 5
106 6
106 18
106 20
106 22
106 25
106 35
106 46
106 49
106 50
106 62
106 66
106 68
106 75
106 76
106 89
106 90
106 92
106 99
106 102
106 109
106 115
106 123
106 126
106 128
106 130
106 131
106 135
106 140
106 141
106 144
106 159
107 2
107 3
107 4
107 6
107 10
107 12
107 15
107 19
107 20
107 37
107 39
107 42
107 47
107 48
107 56
107 59
107 73
107 78
107 95
107 96
107 100
107 101
107 105
107 111
107 113
107 115
107 120
107 126
107 130
107 131
107 142
107 143
107 146
107 151
107 152
107 158
108 0
108 9
108 18
108 22
108 31
108 34
108 38
108 41
108 45
108 50
108 57
108 70
108 71
108 79
108 80
108 83
108 92
108 99
108 112
108 113
108 132
108 140
108 143
108 148
108 158
109 3
109 4
109 11
109 30
109 31
109 32
109 41
109 45
109 46
109 53
109 56
109 69
109 70
109 72
109 81
109 88
109 91
109 93
109 96
109 99
109 102
109 103
109 104
109 106
109 116
109 120
109 121
109 122
109 129
109 130
109 134
109 135
109 136
109 156
109 157
110 9
110 12
110 13
110 14
110 26
110 29
110 30
110 36
110 46
110 51
110 56
110 63
110 64
110 65
110 70
110 74
110 91
110 93
110 102
110 103
110 113
110 121
110 126
110 131
110 132
110 141
110 144
110 146
110 147
110 149
110 151
110 154
111 2
111 5
111 6
111 12
111 17
111 21
111 26
111 33
111 36
111 39
111 42
111 44
111 47
111 54
111 63
111 65
111 69
111 72
111 74
111 76
111 87
111 88
111 90
111 91
111 92
111 98
111 105
111 107
111 139
111 145
111 147
111 153
111 158
111 159
112 3
112 9
112 12
112 14
112 25
112 28
112 31
112 32
112 40
112 41
112 45
112 46
112 57
112 61
112 64
112 67
112 73
112 74
112 78
112 86
112 88
112 90
112 92
112 98
112 99
112 102
112 104
112 108
112 116
112 117
112 124
112 127
112 128
112 129
112 130
112 132
112 135
112 143
112 144
112 148
112 152
112 154
113 14
113 22
113 26
113 31
113 47
113 53
113 56
113 61
113 62
113 63
113 66
113 70
113 72
113 80
113 83
113 85
113 86
113 90
113 93
113 96
113 104
113 107
113 108
113 110
113 114
113 115
113 118
113 131
113 132
113 135
113 136
113 137
113 142
113 153
113 156
113 158
114 2
114 4
114 8
114 9
114 13
114 18
114 22
114 23
114 24
114 31
114 38
114 40
114 43
114 46
114 57
114 63
114 68
114 73
114 81
114 87
114 88
114 90
114 93
114 96
114 98
114 102
114 113
114 116
114 117
114 119
114 127
114 128
114 136
114 141
114 156
114 159
115 6
115 17
115 23
115 24
115 27
115 40
115 47
115 53
115 59
115 64
115 68
115 74
115 75
115 78
115 91
115 92
115 93
115 100
115 105
115 106
115 107
115 113
115 116
115 121
115 127
115 133
115 139
115 140
115 143
115 144
115 146
115 150
115 151
116 0
116 10
116 17
116 19
116 21
116 30
116 41
116 42
116 43
116 44
116 51
116 63
116 72
116 76
116 78
116 81
116 85
116 87
116 99
116 104
116 109
116 112
116 114
116 115
116 124
116 129
116 130
116 149
116 151
116 158
116 159
117 0
117 5
117 8
117 16
117 22
117 24
117 27
117 36
117 41
117 44
117 46
117 49
117 63
117 68
117 82
117 86
117 97
117 102
117 103
117 112
117 114
117 121
117 124
117 126
117 127
117 129
117 135
117 136
118 0
118 5
118 6
118 17
118 26
118 30
118 34
118 35
118 36
118 37
118 39
118 54
118 57
118 58
118 63
118 67
118 70
118 71
118 76
118 81
118 86
118 88
118 90
118 113
118 123
118 124
118 132
118 142
118 143
118 144
118 150
118 156
118 158
119 6
119 16
119 17
119 23
119 33
119 34
119 36
119 39
119 44
119 60
119 66
119 67
119 76
119 78
119 81
119 82
119 94
119 98
119 102
119 114
119 123
119 126
119 128
119 137
119 144
119 151
120 1
120 2
120 9
120 12
120 16
120 17
120 21
120 28
120 29
120 34
120 49
120 52
120 56
120 57
120 66
120 76
120 79
120 88
120 90
120 94
120 99
120 101
120 107
120 109
120 123
120 126
120 134
120 135
120 140
120 146
120 148
120 149
120 153
121 2
121 9
121 10
121 14
121 16
121 17
121 19
121 23
121 27
121 36
121 40
121 46
121 47
121 48
121 60
121 64
121 67
121 74
121 76
121 81
121 84
121 97
121 98
121 99
121 102
121 103
121 109
121 110
121 115
121 117
121 129
121 137
121 147
121 148
121 153
122 6
122 9
122 11
122 13
122 15
122 23
122 24
122 27
122 32
122 44
122 49
122 63
122 70
122 72
122 76
122 86
122 88
122 93
122 96
122 97
122 99
122 103
122 104
122 109
122 124
122 130
122 133
122 136
122 140
122 141
122 143
122 148
123 2
123 13
123 16
123 19
123 26
123 38
123 39
123 40
123 43
123 45
123 46
123 49
123 50
123 56
123 58
123 63
123 64
123 71
123 75
123 77
123 79
123 84
123 93
123 98
123 99
123 106
123 118
123 119
123 120
123 126
123 128
123 132
123 136
123 138
123 143
123 150
124 0
124 1
124 2
124 3
124 4
124 6
124 10
124 13
124 15
124 16
124 23
124 25
124 26
124 32
124 35
124 39
124 43
124 48
124 51
124 55
124 56
124 72
124 82
124 89
124 97
124 103
124 112
124 116
124 117
124 118
124 122
124 125
124 127
124 129
124 136
124 141
124 142
124 143
124 146
124 147
124 153
124 156
125 0
125 6
125 7
125 11
125 23
125 24
125 35
125 42
125 48
125 53
125 57
125 58
125 62
125 64
125 68
125 76
125 78
125 82
125 99
125 101
125 102
125 124
125 131
125 137
125 146
125 147
125 150
125 158
126 3
126 7
126 8
126 9
126 11
126 21
126 23
126 32
126 44
126 46
126 51
126 61
126 67
126 68
126 69
126 71
126 72
126 75
126 79
126 82
126 85
126 88
126 91
126 92
126 93
126 99
126 100
126 104
126 106
126 107
126 110
126 117
126 119
126 120
126 123
126 128
126 130
126 132
126 137
126 141
126 145
126 146
126 149
126 153
127 3
127 4
127 7
127 12
127 14
127 18
127 19
127 21
127 30
127 32
127 38
127 40
127 41
127 46
127 47
127 60
127 61
127 62
127 67
127 74
127 75
127 76
127 83
127 86
127 87
127 88
127 94
127 100
127 112
127 114
127 115
127 117
127 124
127 136
127 146
127 148
127 152
128 1
128 6
128 7
128 9
128 22
128 25
128 29
128 32
128 38
128 45
128 49
128 58
128 59
128 62
128 64
128 71
128 75
128 83
128 93
128 94
128 99
128 101
128 106
128 112
128 114
128 119
128 123
128 126
128 131
128 135
128 136
128 142
128 145
128 146
128 148
128 152
129 2
129 8
129 10
129 12
129 16
129 18
129 21
129 25
129 26
129 30
129 31
129 37
129 51
129 54
129 67
129 71
129 73
129 75
129 82
129 95
129 99
129 109
129 112
129 116
129 117
129 121
129 124
129 138
129 139
129 140
129 148
129 152
129 155
130 3
130 8
130 14
130 16
130 25
130 26
130 32
130 64
130 66
130 71
130 72
130 84
130 95
130 97
130 98
130 106
130 107
130 109
130 112
130 116
130 122
130 126
130 131
130 140
130 144
130 158
130 159
131 5
131 6
131 21
131 25
131 28
131 34
131 35
131 36
131 38
131 39
131 43
131 45
131 46
131 49
131 53
131 57
131 59
131 63
131 86
131 88
131 99
131 106
131 107
131 110
131 113
131 125
131 128
131 130
131 132
131 137
131 139
131 140
131 142
131 143
131 150
131 151
132 1
132 2
132 7
132 9
132 22
132 36
132 40
132 49
132 53
132 61
132 67
132 72
132 79
132 86
132 100
132 104
132 108
132 110
132 112
132 113
132 118
132 123
132 126
132 131
132 141
132 142
133 16
133 20
133 26
133 32
133 43
133 50
133 52
133 55
133 56
133 58
133 59
133 62
133 65
133 66
133 67
133 79
133 80
133 83
133 86
133 97
133 102
133 105
133 115
133 122
133 134
133 136
133 140
133 148
133 157
134 2
134 29
134 34
134 45
134 51
134 66
134 67
134 70
134 76
134 77
134 85
134 103
134 105
134 109
134 120
134 133
134 137
134 138
134 139
134 143
134 144
134 159
135 15
135 16
135 22
135 38
135 40
135 42
135 47
135 49
135 51
135 52
135 53
135 60
135 62
135 83
135 87
135 96
135 98
135 104
135 106
135 109
135 112
135 113
135 117
135 120
135 128
135 137
135 138
135 141
135 143
135 145
135 147
135 150
135 159
136 4
136 8
136 9
136 11
136 12
136 23
136 39
136 41
136 50
136 51
136 56
136 68
136 70
136 74
136 80
136 85
136 88
136 93
136 104
136 109
136 113
136 114
136 117
136 122
136 123
136 124
136 127
136 128
136 133
136 143
136 154
137 1
137 9
137 11
137 12
137 21
137 27
137 37
137 41
137 42
137 49
137 55
137 56
137 62
137 64
137 65
137 74
137 76
137 79
137 81
137 82
137 93
137 101
137 113
137 119
137 121
137 125
137 126
137 131
137 134
137 135
137 145
137 147
138 0
138 12
138 18
138 20
138 21
138 50
138 51
138 52
138 57
138 63
138 65
138 67
138 68
138 73
138 88
138 92
138 123
138 129
138 134
138 135
138 143
138 144
138 149
138 153
138 154
138 157
139 1
139 5
139 7
139 8
139 25
139 28
139 36
139 40
139 43
139 50
139 58
139 60
139 64
139 65
139 67
139 68
139 71
139 78
139 80
139 85
139 111
139 115
139 129
139 131
139 134
139 145
139 148
139 150
139 154
140 3
140 6
140 10
140 12
140 19
140 22
140 25
140 26
140 27
140 31
140 36
140 37
140 39
140 40
140 50
140 55
140 58
140 60
140 72
140 79
140 85
140 87
140 98
140 106
140 108
140 115
140 120
140 122
140 129
140 130
140 131
140 133
140 156
141 0
141 18
141 25
141 36
141 39
141 40
141 42
141 43
141 51
141 61
141 64
141 65
141 69
141 76
141 77
141 78
141 81
141 95
141 104
141 105
141 106
141 110
141 114
141 122
141 124
141 126
141 132
141 135
141 142
141 144
141 152
141 156
142 0
142 5
142 8
142 15
142 17
142 27
142 29
142 30
142 31
142 36
142 37
142 38
142 40
142 52
142 55
142 58
142 70
142 83
142 84
142 86
142 87
142 95
142 97
142 99
142 107
142 113
142 118
142 124
142 128
142 131
142 132
142 141
142 143
142 146
142 150
142 151
142 157
143 0
143 5
143 8
143 20
143 30
143 34
143 35
143 43
143 48
143 49
143 55
143 59
143 64
143 67
143 78
143 91
143 97
143 107
143 108
143 112
143 115
143 118
143 122
143 123
143 124
143 131
143 134
143 135
143 136
143 138
143 142
143 144
143 151
143 155
143 158
144 4
144 5
144 7
144 9
144 10
144 13
144 17
144 25
144 30
144 33
144 34
144 39
144 42
144 43
144 51
144 53
144 55
144 65
144 66
144 68
144 73
144 74
144 76
144 77
144 82
144 86
144 87
144 95
144 99
144 103
144 106
144 110
144 112
144 115
144 118
144 119
144 130
144 134
144 138
144 141
144 143
144 145
144 148
144 151
144 152
144 157
145 1
145 9
145 13
145 16
145 20
145 22
145 35
145 37
145 48
145 50
145 58
145 60
145 63
145 70
145 76
145 79
145 87
145 97
145 111
145 126
145 128
145 135
145 137
145 139
145 144
145 146
145 157
145 159
146 0
146 1
146 3
146 9
146 14
146 19
146 23
146 25
146 28
146 37
146 39
146 52
146 53
146 62
146 69
146 87
146 92
146 93
146 99
146 105
146 107
146 110
146 115
146 120
146 124
146 125
146 126
146 127
146 128
146 142
146 145
146 147
146 148
146 151
147 0
147 2
147 12
147 24
147 28
147 29
147 35
147 40
147 42
147 44
147 46
147 48
147 65
147 68
147 69
147 74
147 80
147 90
147 92
147 101
147 110
147 111
147 121
147 124
147 125
147 135
147 137
147 146
147 149
147 151
148 1
148 3
148 6
148 7
148 15
148 22
148 53
148 61
148 64
148 74
148 79
148 85
148 93
148 94
148 95
148 98
148 108
148 112
148 120
148 121
148 122
148 127
148 128
148 129
148 133
148 139
148 144
148 146
148 153
149 12
149 13
149 14
149 16
149 20
149 21
149 23
149 24
149 25
149 29
149 33
149 34
149 36
149 40
149 48
149 49
149 52
149 53
149 69
149 70
149 83
149 102
149 110
149 116
149 120
149 126
149 138
149 147
149 150
150 0
150 14
150 16
150 17
150 19
150 24
150 28
150 30
150 35
150 43
150 50
150 58
150 61
150 77
150 85
150 86
150 96
150 97
150 100
150 105
150 115
150 118
150 123
150 125
150 131
150 135
150 139
150 142
150 149
150 155
151 1
151 3
151 9
151 12
151 13
151 16
151 20
151 21
151 22
151 25
151 30
151 33
151 35
151 37
151 49
151 53
151 63
151 64
151 66
151 72
151 77
151 81
151 85
151 105
151 107
151 110
151 115
151 116
151 119
151 131
151 142
151 143
151 144
151 146
151 147
151 152
151 156
152 1
152 4
152 7
152 8
152 16
152 17
152 23
152 26
152 32
152 34
152 37
152 44
152 45
152 46
152 47
152 55
152 58
152 59
152 64
152 67
152 72
152 73
152 74
152 80
152 86
152 88
152 95
152 97
152 98
152 101
152 107
152 112
152 127
152 128
152 129
152 141
152 144
152 151
152 153
153 0
153 3
153 4
153 11
153 18
153 19
153 20
153 29
153 38
153 43
153 53
153 61
153 63
153 76
153 78
153 83
153 86
153 89
153 90
153 96
153 99
153 102
153 111
153 113
153 120
153 121
153 124
153 126
153 138
153 148
153 152
154 1
154 5
154 9
154 14
154 18
154 28
154 37
154 42
154 50
154 54
154 56
154 60
154 67
154 69
154 76
154 91
154 95
154 98
154 99
154 110
154 112
154 136
154 138
154 139
155 0
155 5
155 8
155 16
155 19
155 23
155 26
155 29
155 32
155 38
155 42
155 44
155 45
155 66
155 68
155 69
155 72
155 73
155 79
155 82
155 86
155 90
155 91
155 93
155 94
155 102
155 129
155 143
155 150
155 157
156 2
156 6
156 14
156 19
156 24
156 29
156 40
156 43
156 49
156 51
156 53
156 66
156 69
156 74
156 76
156 85
156 87
156 88
156 102
156 103
156 105
156 109
156 113
156 114
156 118
156 124
156 140
156 141
156 151
157 0
157 2
157 7
157 18
157 23
157 25
157 33
157 41
157 42
157 47
157 53
157 57
157 64
157 69
157 75
157 90
157 93
157 97
157 99
157 109
157 133
157 138
157 142
157 144
157 145
157 155
158 3
158 5
158 6
158 8
158 16
158 33
158 37
158 44
158 47
158 52
158 53
158 64
158 65
158 74
158 77
158 82
158 86
158 96
158 104
158 107
158 108
158 111
158 113
158 116
158 118
158 125
158 130
158 143
159 8
159 11
159 13
159 15
159 16
159 21
159 23
159 33
159 37
159 41
159 44
159 47
159 52
159 54
159 60
159 74
159 78
159 84
159 86
159 102
159 106
159 111
159 114
159 116
159 130
159 134
159 135
159 145
0 1 2 3 4 5 6 7 8 9 10 11 12 13 14 15 16 17 18 19 20 21 22 23
