160 5088 7
0 2
0 6
0 8
0 12
0 17
0 20
0 25
0 32
0 34
0 39
0 43
0 46
0 48
0 49
0 53
0 59
0 62
0 70
0 76
0 78
0 79
0 81
0 85
0 90
0 91
0 92
0 99
0 102
0 103
0 119
0 123
0 129
0 131
0 133
0 135
0 137
0 151
0 152
0 158
1 5
1 10
1 15
1 33
1 43
1 48
1 49
1 53
1 64
1 66
1 70
1 81
1 82
1 84
1 111
1 113
1 122
1 124
1 126
1 131
1 139
1 142
1 143
1 144
1 149
1 155
2 0
2 11
2 27
2 29
2 32
2 46
2 49
2 55
2 60
2 61
2 66
2 72
2 82
2 87
2 88
2 106
2 111
2 119
2 120
2 122
2 126
2 132
2 138
2 152
2 157
3 7
3 8
3 12
3 14
3 20
3 22
3 37
3 39
3 43
3 45
3 48
3 60
3 63
3 76
3 77
3 83
3 85
3 106
3 119
3 121
3 126
3 132
3 136
3 141
3 145
3 150
3 157
3 159
4 5
4 8
4 15
4 20
4 32
4 39
4 46
4 49
4 51
4 52
4 54
4 58
4 66
4 69
4 75
4 81
4 84
4 91
4 93
4 95
4 96
4 104
4 107
4 110
4 113
4 128
4 138
4 151
5 1
5 4
5 10
5 14
5 17
5 23
5 26
5 33
5 39
5 42
5 43
5 46
5 48
5 55
5 56
5 61
5 64
5 72
5 73
5 76
5 82
5 83
5 85
5 86
5 92
5 93
5 94
5 95
5 97
5 98
5 99
5 103
5 107
5 109
5 114
5 116
5 121
5 124
5 129
5 130
5 131
5 136
5 139
5 142
5 146
5 150
5 158
6 0
6 20
6 28
6 31
6 34
6 35
6 36
6 38
6 41
6 52
6 62
6 65
6 68
6 69
6 71
6 76
6 77
6 88
6 89
6 93
6 95
6 96
6 101
6 105
6 109
6 111
6 123
6 142
6 148
7 3
7 8
7 9
7 14
7 15
7 20
7 22
7 31
7 40
7 44
7 52
7 53
7 56
7 60
7 67
7 72
7 73
7 84
7 86
7 87
7 89
7 97
7 100
7 102
7 105
7 110
7 113
7 114
7 116
7 129
7 130
7 131
7 132
7 135
7 145
7 158
7 159
8 0
8 3
8 4
8 7
8 17
8 19
8 27
8 38
8 50
8 54
8 56
8 63
8 70
8 77
8 86
8 91
8 97
8 102
8 107
8 131
8 157
8 159
9 7
9 10
9 11
9 13
9 16
9 28
9 30
9 31
9 36
9 37
9 43
9 54
9 56
9 58
9 61
9 63
9 69
9 73
9 78
9 81
9 82
9 83
9 85
9 86
9 87
9 88
9 91
9 97
9 108
9 109
9 111
9 116
9 120
9 126
9 127
9 130
9 139
9 142
9 152
9 154
9 158
10 1
10 5
10 9
10 15
10 25
10 31
10 50
10 61
10 67
10 69
10 78
10 91
10 103
10 107
10 119
10 121
10 123
10 124
10 130
10 133
10 139
10 151
10 153
10 157
11 2
11 9
11 14
11 21
11 31
11 37
11 38
11 47
11 64
11 65
11 67
11 71
11 72
11 76
11 78
11 80
11 83
11 85
11 86
11 92
11 96
11 108
11 109
11 116
11 128
11 130
11 133
11 145
11 153
11 154
12 0
12 3
12 13
12 16
12 17
12 19
12 27
12 28
12 37
12 41
12 47
12 54
12 77
12 83
12 89
12 91
12 92
12 93
12 96
12 110
12 116
12 125
12 131
12 133
12 138
12 149
12 153
13 9
13 12
13 14
13 15
13 16
13 17
13 23
13 25
13 27
13 32
13 38
13 42
13 54
13 58
13 59
13 63
13 68
13 75
13 79
13 80
13 109
13 114
13 121
13 125
13 126
13 127
13 129
13 132
13 136
13 148
13 150
13 155
14 3
14 5
14 7
14 11
14 13
14 15
14 20
14 27
14 30
14 32
14 34
14 37
14 45
14 51
14 56
14 59
14 60
14 70
14 75
14 84
14 100
14 110
14 120
14 124
14 129
14 131
14 135
14 146
14 149
14 153
14 154
15 1
15 4
15 7
15 10
15 13
15 14
15 16
15 17
15 18
15 36
15 48
15 58
15 60
15 68
15 71
15 84
15 91
15 95
15 97
15 105
15 110
15 113
15 115
15 121
15 126
15 128
15 129
15 136
15 137
15 138
15 139
15 143
15 146
15 151
15 155
15 156
15 159
16 9
16 12
16 13
16 15
16 25
16 27
16 31
16 32
16 34
16 37
16 43
16 44
16 48
16 50
16 51
16 59
16 66
16 73
16 76
16 89
16 94
16 99
16 101
16 106
16 107
16 109
16 115
16 118
16 121
16 130
16 133
16 147
16 149
16 152
16 153
16 156
16 157
17 0
17 5
17 8
17 12
17 13
17 15
17 19
17 25
17 28
17 33
17 36
17 39
17 43
17 47
17 55
17 56
17 59
17 63
17 67
17 81
17 84
17 86
17 90
17 91
17 92
17 94
17 99
17 106
17 112
17 118
17 119
17 121
17 122
17 128
17 134
17 135
17 139
17 140
17 146
17 147
17 154
17 155
17 156
17 157
17 159
18 15
18 24
18 32
18 39
18 41
18 55
18 56
18 57
18 62
18 65
18 73
18 75
18 85
18 93
18 95
18 98
18 99
18 102
18 104
18 105
18 109
18 110
18 114
18 116
18 121
18 123
18 125
18 126
18 134
18 144
18 145
18 151
18 152
18 157
18 158
18 159
19 8
19 12
19 17
19 34
19 50
19 51
19 60
19 62
19 63
19 64
19 72
19 79
19 95
19 107
19 109
19 110
19 111
19 114
19 116
19 118
19 135
19 138
19 146
19 156
19 157
20 0
20 3
20 4
20 6
20 7
20 14
20 21
20 29
20 38
20 41
20 42
20 48
20 49
20 53
20 55
20 56
20 61
20 64
20 66
20 75
20 81
20 89
20 90
20 91
20 93
20 94
20 102
20 117
20 121
20 122
20 125
20 128
20 131
20 134
20 140
20 156
20 158
21 11
21 20
21 38
21 39
21 43
21 45
21 47
21 48
21 51
21 52
21 53
21 54
21 75
21 76
21 77
21 82
21 87
21 88
21 90
21 91
21 104
21 107
21 108
21 118
21 128
21 133
21 135
21 141
21 154
21 155
22 3
22 7
22 23
22 26
22 30
22 31
22 33
22 35
22 37
22 38
22 45
22 48
22 49
22 56
22 60
22 72
22 75
22 77
22 78
22 83
22 99
22 113
22 115
22 120
22 127
22 128
22 141
22 143
22 144
22 146
22 147
23 5
23 13
23 22
23 25
23 28
23 32
23 39
23 42
23 43
23 44
23 51
23 54
23 55
23 58
23 61
23 62
23 65
23 84
23 87
23 91
23 93
23 96
23 100
23 101
23 108
23 111
23 114
23 115
23 119
23 122
23 128
23 134
23 140
23 142
23 146
23 154
24 18
24 26
24 27
24 35
24 39
24 42
24 44
24 45
24 46
24 50
24 52
24 55
24 57
24 58
24 59
24 67
24 72
24 74
24 82
24 84
24 92
24 94
24 101
24 104
24 106
24 107
24 110
24 114
24 118
24 119
24 121
24 123
24 126
24 128
24 131
24 133
24 134
24 140
24 148
24 153
24 155
25 0
25 10
25 13
25 16
25 17
25 23
25 29
25 31
25 33
25 34
25 38
25 39
25 41
25 46
25 48
25 56
25 62
25 63
25 71
25 74
25 76
25 77
25 80
25 81
25 105
25 106
25 113
25 123
25 124
25 126
25 136
25 137
25 138
25 140
25 143
25 149
25 150
25 153
25 157
26 5
26 22
26 24
26 30
26 33
26 36
26 37
26 51
26 68
26 80
26 82
26 83
26 85
26 89
26 91
26 93
26 95
26 96
26 106
26 113
26 114
26 119
26 121
26 132
26 133
26 134
26 138
26 143
26 150
26 155
26 157
26 158
27 2
27 8
27 12
27 13
27 14
27 16
27 24
27 29
27 52
27 62
27 65
27 77
27 81
27 84
27 87
27 88
27 93
27 100
27 103
27 104
27 107
27 109
27 114
27 120
27 122
27 124
27 129
27 131
27 135
27 142
27 143
27 145
27 151
27 155
27 157
27 158
28 6
28 9
28 12
28 17
28 23
28 32
28 49
28 51
28 65
28 67
28 76
28 79
28 81
28 82
28 84
28 90
28 102
28 105
28 106
28 115
28 117
28 118
28 124
28 129
28 131
28 135
28 136
28 137
28 142
28 152
28 154
29 2
29 20
29 25
29 27
29 32
29 51
29 55
29 63
29 66
29 71
29 84
29 88
29 102
29 110
29 113
29 116
29 124
29 129
29 130
29 140
29 149
29 151
29 157
30 9
30 14
30 22
30 26
30 38
30 47
30 58
30 63
30 74
30 81
30 82
30 95
30 98
30 102
30 104
30 107
30 109
30 112
30 114
30 118
30 119
30 125
30 128
30 129
30 132
30 135
30 139
30 141
30 144
30 155
31 6
31 7
31 9
31 10
31 11
31 16
31 22
31 25
31 39
31 40
31 43
31 50
31 52
31 53
31 54
31 63
31 80
31 85
31 90
31 92
31 102
31 114
31 115
31 122
31 127
31 129
31 134
31 135
31 137
31 142
31 149
31 151
31 153
31 156
31 159
32 0
32 2
32 4
32 13
32 14
32 16
32 18
32 23
32 28
32 29
32 34
32 37
32 46
32 62
32 69
32 71
32 75
32 81
32 83
32 84
32 89
32 96
32 98
32 103
32 106
32 107
32 114
32 125
32 127
32 130
32 134
32 139
32 144
32 147
32 148
32 150
32 153
32 154
32 155
33 1
33 5
33 17
33 22
33 25
33 26
33 34
33 45
33 50
33 55
33 56
33 58
33 66
33 71
33 84
33 87
33 98
33 101
33 106
33 114
33 126
33 129
33 131
33 134
33 140
33 142
33 146
33 151
33 152
33 157
34 0
34 6
34 14
34 16
34 19
34 25
34 32
34 33
34 42
34 51
34 60
34 61
34 63
34 64
34 75
34 76
34 83
34 89
34 90
34 94
34 106
34 108
34 109
34 110
34 111
34 114
34 121
34 124
34 126
34 128
34 133
34 140
34 148
34 157
34 158
34 159
35 6
35 22
35 24
35 37
35 38
35 47
35 49
35 55
35 57
35 63
35 64
35 65
35 68
35 72
35 83
35 84
35 85
35 90
35 95
35 104
35 108
35 115
35 127
35 134
35 138
35 139
35 142
35 155
36 6
36 9
36 15
36 17
36 26
36 39
36 47
36 48
36 58
36 61
36 67
36 87
36 89
36 102
36 107
36 111
36 124
36 127
36 129
36 131
36 132
36 142
36 146
36 148
36 152
36 153
36 158
37 3
37 9
37 11
37 12
37 14
37 16
37 22
37 26
37 32
37 35
37 44
37 52
37 56
37 64
37 65
37 66
37 69
37 70
37 73
37 79
37 81
37 82
37 97
37 105
37 107
37 114
37 117
37 118
37 120
37 123
37 126
37 127
37 129
37 131
37 138
37 142
37 143
37 145
37 148
37 149
37 150
37 151
38 6
38 8
38 11
38 13
38 20
38 21
38 22
38 25
38 30
38 35
38 42
38 46
38 47
38 63
38 64
38 67
38 74
38 79
38 89
38 90
38 92
38 97
38 100
38 101
38 120
38 123
38 124
38 127
38 130
38 135
38 138
38 140
38 141
38 143
39 0
39 3
39 4
39 5
39 17
39 18
39 21
39 23
39 24
39 25
39 31
39 36
39 47
39 53
39 54
39 55
39 64
39 67
39 74
39 75
39 83
39 86
39 91
39 95
39 96
39 97
39 111
39 115
39 116
39 117
39 120
39 130
39 136
39 137
39 143
39 150
39 153
39 155
40 7
40 31
40 44
40 47
40 62
40 64
40 65
40 94
40 99
40 107
40 113
40 120
40 124
40 125
40 127
40 129
40 132
40 134
40 140
40 144
40 149
40 150
41 6
41 12
41 18
41 20
41 25
41 45
41 47
41 66
41 76
41 78
41 86
41 95
41 103
41 110
41 115
41 116
41 120
41 127
41 128
41 131
41 137
41 138
41 139
41 144
41 148
41 150
41 159
42 5
42 13
42 20
42 23
42 24
42 34
42 38
42 44
42 47
42 57
42 60
42 64
42 68
42 72
42 75
42 79
42 82
42 84
42 90
42 92
42 101
42 104
42 112
42 115
42 117
42 126
42 132
42 134
42 139
42 145
42 152
42 153
42 154
42 156
43 0
43 1
43 3
43 5
43 9
43 16
43 17
43 21
43 23
43 31
43 49
43 60
43 61
43 65
43 68
43 69
43 73
43 75
43 80
43 84
43 91
43 95
43 100
43 101
43 115
43 124
43 134
43 137
43 141
43 149
43 156
44 7
44 16
44 23
44 24
44 37
44 40
44 42
44 58
44 62
44 89
44 97
44 105
44 108
44 111
44 113
44 114
44 115
44 133
44 153
45 3
45 14
45 21
45 22
45 24
45 33
45 41
45 49
45 51
45 62
45 65
45 77
45 78
45 82
45 83
45 85
45 86
45 97
45 103
45 107
45 109
45 115
45 119
45 121
45 123
45 131
45 136
45 138
45 146
45 157
45 159
46 0
46 2
46 4
46 5
46 24
46 25
46 32
46 38
46 50
46 65
46 66
46 70
46 71
46 72
46 79
46 83
46 94
46 105
46 111
46 115
46 116
46 125
46 129
46 130
46 132
46 134
46 140
46 147
46 158
47 11
47 12
47 17
47 21
47 30
47 35
47 36
47 38
47 39
47 40
47 41
47 42
47 54
47 60
47 61
47 75
47 77
47 81
47 82
47 83
47 89
47 93
47 97
47 100
47 114
47 119
47 152
47 157
47 159
48 0
48 1
48 3
48 5
48 15
48 16
48 20
48 21
48 22
48 25
48 36
48 50
48 58
48 64
48 65
48 66
48 72
48 76
48 77
48 80
48 83
48 86
48 96
48 97
48 98
48 102
48 106
48 110
48 114
48 131
48 140
48 145
48 147
48 149
49 0
49 1
49 2
49 4
49 20
49 22
49 28
49 35
49 43
49 45
49 50
49 54
49 61
49 62
49 68
49 76
49 77
49 78
49 80
49 82
49 83
49 86
49 91
49 102
49 104
49 108
49 113
49 116
49 117
49 126
49 127
49 129
49 138
49 150
49 156
49 157
49 158
50 8
50 10
50 16
50 19
50 24
50 31
50 33
50 46
50 48
50 49
50 57
50 59
50 67
50 73
50 81
50 88
50 89
50 93
50 96
50 106
50 116
50 121
50 124
50 126
50 127
50 139
50 153
50 158
51 4
51 14
51 16
51 19
51 21
51 23
51 26
51 28
51 29
51 34
51 45
51 53
51 56
51 57
51 66
51 71
51 81
51 82
51 86
51 102
51 107
51 108
51 115
51 118
51 119
51 126
51 132
51 134
51 142
51 152
51 155
51 157
51 158
52 4
52 6
52 7
52 21
52 24
52 27
52 31
52 37
52 53
52 55
52 58
52 64
52 73
52 77
52 80
52 83
52 86
52 89
52 92
52 97
52 101
52 103
52 104
52 108
52 116
52 128
52 134
52 135
52 141
52 149
52 155
52 156
53 0
53 1
53 7
53 20
53 21
53 31
53 39
53 51
53 52
53 54
53 57
53 58
53 60
53 61
53 65
53 66
53 67
53 77
53 82
53 87
53 90
53 93
53 97
53 102
53 104
53 118
53 119
53 131
53 138
53 139
53 143
53 144
53 148
53 151
53 152
53 156
54 4
54 8
54 9
54 12
54 13
54 21
54 23
54 31
54 39
54 47
54 49
54 53
54 59
54 60
54 67
54 72
54 77
54 79
54 80
54 85
54 88
54 93
54 94
54 105
54 115
54 121
54 122
54 129
54 133
54 135
54 144
54 148
54 157
54 159
55 2
55 5
55 17
55 18
55 20
55 23
55 24
55 29
55 33
55 35
55 39
55 52
55 59
55 66
55 69
55 74
55 79
55 81
55 84
55 85
55 86
55 93
55 100
55 101
55 102
55 109
55 110
55 119
55 120
55 123
55 125
55 126
55 130
55 149
55 156
55 159
56 5
56 7
56 8
56 9
56 14
56 17
56 18
56 20
56 22
56 25
56 33
56 37
56 51
56 63
56 64
56 73
56 75
56 82
56 87
56 96
56 98
56 99
56 105
56 109
56 110
56 119
56 125
56 127
56 129
56 131
56 133
56 141
56 143
57 18
57 24
57 35
57 42
57 50
57 51
57 53
57 60
57 64
57 69
57 77
57 80
57 89
57 91
57 94
57 95
57 96
57 98
57 99
57 102
57 104
57 105
57 109
57 113
57 122
57 134
57 148
57 149
57 152
57 159
58 4
58 9
58 13
58 15
58 23
58 24
58 30
58 33
58 36
58 44
58 48
58 52
58 53
58 59
58 60
58 63
58 88
58 89
58 91
58 92
58 100
58 101
58 109
58 110
58 117
58 131
58 132
58 136
58 137
58 151
59 0
59 13
59 14
59 16
59 17
59 24
59 50
59 54
59 55
59 58
59 62
59 64
59 65
59 69
59 72
59 77
59 87
59 89
59 94
59 96
59 103
59 122
59 137
59 139
59 141
59 144
59 149
59 155
59 157
59 159
60 2
60 3
60 7
60 14
60 15
60 19
60 22
60 34
60 42
60 43
60 47
60 53
60 54
60 57
60 58
60 61
60 68
60 69
60 70
60 72
60 75
60 82
60 84
60 94
60 96
60 107
60 108
60 109
60 110
60 113
60 119
60 124
60 131
60 134
60 135
60 136
60 138
60 140
60 141
60 144
60 147
60 154
60 158
61 2
61 5
61 9
61 10
61 20
61 23
61 34
61 36
61 43
61 47
61 49
61 53
61 60
61 70
61 73
61 86
61 90
61 94
61 97
61 99
61 102
61 110
61 114
61 125
61 129
61 136
61 137
61 141
61 145
61 150
61 152
61 154
61 155
61 156
62 0
62 6
62 18
62 19
62 23
62 25
62 27
62 32
62 40
62 44
62 45
62 49
62 59
62 68
62 72
62 79
62 82
62 89
62 92
62 100
62 104
62 107
62 109
62 111
62 113
62 117
62 126
62 137
62 142
62 146
62 154
62 159
63 3
63 8
63 9
63 13
63 17
63 19
63 25
63 29
63 30
63 31
63 34
63 35
63 38
63 56
63 58
63 69
63 76
63 77
63 83
63 84
63 89
63 93
63 98
63 109
63 115
63 120
63 123
63 126
63 128
63 135
63 136
63 150
64 1
64 5
64 11
64 19
64 20
64 34
64 35
64 37
64 38
64 39
64 40
64 42
64 48
64 52
64 56
64 57
64 59
64 75
64 87
64 89
64 98
64 99
64 102
64 105
64 110
64 114
64 128
64 129
64 132
64 141
64 142
64 144
64 152
64 157
65 6
65 11
65 18
65 23
65 27
65 28
65 35
65 37
65 40
65 43
65 45
65 46
65 48
65 53
65 59
65 67
65 71
65 73
65 78
65 79
65 81
65 84
65 93
65 94
65 97
65 106
65 112
65 116
65 117
65 128
65 137
65 138
65 140
65 144
65 145
65 153
66 1
66 2
66 4
66 16
66 20
66 29
66 33
66 37
66 41
66 46
66 48
66 51
66 53
66 55
66 67
66 70
66 78
66 83
66 89
66 93
66 96
66 99
66 101
66 102
66 109
66 111
66 118
66 124
66 131
66 144
66 147
66 152
67 7
67 10
67 11
67 17
67 24
67 28
67 36
67 38
67 39
67 50
67 53
67 54
67 65
67 66
67 68
67 78
67 85
67 91
67 100
67 106
67 121
67 124
67 125
67 128
67 142
67 149
67 153
68 6
68 13
68 15
68 26
68 35
68 42
68 43
68 49
68 60
68 62
68 67
68 69
68 83
68 88
68 90
68 91
68 94
68 98
68 100
68 107
68 113
68 114
68 120
68 121
68 130
68 134
68 144
68 151
68 153
68 154
68 157
69 4
69 6
69 9
69 10
69 32
69 37
69 43
69 55
69 57
69 59
69 60
69 63
69 68
69 76
69 78
69 79
69 80
69 84
69 86
69 90
69 92
69 95
69 106
69 108
69 117
69 131
69 132
69 147
69 152
69 153
69 157
70 0
70 1
70 8
70 14
70 37
70 46
70 60
70 61
70 66
70 73
70 74
70 79
70 85
70 87
70 89
70 99
70 109
70 113
70 119
70 127
70 135
70 136
70 137
70 151
70 156
71 6
71 11
71 15
71 25
71 29
71 32
71 33
71 46
71 51
71 65
71 81
71 84
71 86
71 96
71 100
71 103
71 104
71 121
71 125
71 133
71 134
71 142
71 148
71 151
71 159
72 2
72 5
72 7
72 11
72 19
72 22
72 24
72 35
72 42
72 46
72 48
72 54
72 59
72 60
72 62
72 77
72 78
72 82
72 90
72 94
72 95
72 100
72 102
72 107
72 131
72 138
72 142
72 144
72 146
72 156
72 159
73 5
73 7
73 9
73 16
73 18
73 37
73 43
73 50
73 52
73 56
73 61
73 65
73 70
73 75
73 78
73 80
73 86
73 90
73 94
73 96
73 99
73 107
73 108
73 111
73 115
73 117
73 118
73 122
73 126
73 127
73 129
73 135
73 148
73 151
73 156
74 24
74 25
74 30
74 38
74 39
74 55
74 70
74 78
74 94
74 102
74 113
74 117
74 122
74 128
74 131
74 148
74 151
74 155
74 158
75 4
75 13
75 14
75 18
75 20
75 21
75 22
75 32
75 34
75 39
75 42
75 43
75 47
75 56
75 60
75 64
75 73
75 85
75 88
75 89
75 90
75 91
75 95
75 100
75 122
75 124
75 128
75 130
75 131
75 141
75 142
75 146
75 154
76 0
76 3
76 5
76 6
76 11
76 16
76 21
76 25
76 28
76 34
76 41
76 48
76 49
76 63
76 69
76 78
76 80
76 81
76 90
76 96
76 101
76 108
76 111
76 115
76 117
76 120
76 127
76 129
76 134
76 147
77 3
77 6
77 8
77 12
77 21
77 22
77 25
77 27
77 45
77 47
77 48
77 49
77 52
77 53
77 54
77 57
77 59
77 63
77 72
77 78
77 80
77 82
77 83
77 96
77 99
77 107
77 108
77 112
77 136
77 138
77 139
77 154
77 158
77 159
78 0
78 9
78 10
78 11
78 22
78 41
78 45
78 49
78 65
78 66
78 67
78 69
78 72
78 73
78 74
78 76
78 77
78 89
78 95
78 97
78 98
78 116
78 126
78 133
78 140
78 151
78 153
78 159
79 0
79 13
79 19
79 28
79 37
79 38
79 42
79 46
79 54
79 55
79 62
79 65
79 69
79 70
79 98
79 132
79 137
79 138
79 142
79 143
79 144
79 159
80 11
80 13
80 25
80 26
80 31
80 43
80 48
80 49
80 52
80 54
80 57
80 69
80 73
80 76
80 77
80 83
80 91
80 104
80 109
80 115
80 131
80 135
80 136
80 139
80 140
80 141
80 158
80 159
81 0
81 1
81 4
81 9
81 17
81 20
81 25
81 27
81 28
81 30
81 32
81 37
81 47
81 50
81 51
81 55
81 65
81 71
81 76
81 91
81 92
81 104
81 113
81 116
81 119
81 121
81 126
81 130
81 137
81 139
81 141
81 150
81 153
81 157
81 159
82 1
82 2
82 5
82 9
82 21
82 24
82 26
82 28
82 30
82 37
82 42
82 45
82 47
82 49
82 51
82 53
82 56
82 60
82 62
82 72
82 77
82 84
82 89
82 99
82 101
82 105
82 106
82 107
82 111
82 112
82 116
82 118
82 121
82 124
82 127
82 132
82 135
82 138
82 139
82 144
82 145
82 146
82 150
82 152
82 157
82 158
83 3
83 5
83 9
83 11
83 12
83 22
83 26
83 32
83 34
83 35
83 39
83 45
83 46
83 47
83 48
83 49
83 52
83 63
83 66
83 68
83 77
83 80
83 84
83 95
83 104
83 109
83 110
83 114
83 123
83 124
83 127
83 131
83 141
83 146
83 153
83 156
84 1
84 4
84 7
84 14
84 15
84 17
84 23
84 24
84 27
84 28
84 29
84 32
84 33
84 35
84 42
84 43
84 55
84 60
84 63
84 65
84 69
84 71
84 82
84 83
84 88
84 90
84 91
84 92
84 99
84 106
84 127
84 129
84 135
84 138
84 140
84 155
85 0
85 3
85 5
85 9
85 11
85 18
85 26
85 31
85 35
85 45
85 54
85 55
85 67
85 70
85 75
85 87
85 88
85 92
85 95
85 96
85 97
85 106
85 108
85 110
85 114
85 116
85 121
85 122
85 125
85 130
85 132
85 140
85 141
85 144
85 152
85 155
86 5
86 7
86 8
86 9
86 11
86 17
86 39
86 41
86 45
86 48
86 49
86 51
86 52
86 55
86 61
86 69
86 71
86 73
86 88
86 89
86 91
86 92
86 104
86 107
86 110
86 121
86 126
86 127
86 132
86 136
86 138
86 139
86 156
87 2
87 7
87 9
87 21
87 23
87 27
87 33
87 36
87 53
87 56
87 59
87 64
87 70
87 85
87 88
87 90
87 92
87 99
87 112
87 115
87 123
87 124
87 125
87 128
87 129
87 143
87 145
87 151
87 157
88 2
88 6
88 9
88 21
88 27
88 29
88 50
88 54
88 58
88 68
88 75
88 84
88 85
88 86
88 87
88 91
88 93
88 102
88 118
88 120
88 121
88 123
88 126
88 133
88 135
88 153
88 157
89 6
89 7
89 12
89 16
89 20
89 26
89 32
89 34
89 36
89 38
89 44
89 47
89 50
89 52
89 57
89 58
89 59
89 62
89 63
89 64
89 66
89 70
89 75
89 78
89 82
89 86
89 90
89 98
89 102
89 105
89 123
89 126
89 128
89 130
89 132
89 138
89 143
89 149
89 151
90 0
90 17
90 20
90 21
90 28
90 31
90 34
90 35
90 38
90 42
90 53
90 61
90 68
90 69
90 72
90 73
90 75
90 76
90 84
90 87
90 89
90 95
90 97
90 109
90 110
90 115
90 116
90 124
90 126
90 128
90 144
90 148
91 0
91 4
91 8
91 9
91 10
91 12
91 15
91 17
91 20
91 21
91 23
91 26
91 39
91 43
91 49
91 57
91 58
91 67
91 68
91 75
91 80
91 81
91 84
91 86
91 88
91 94
91 100
91 108
91 110
91 111
91 120
91 123
91 124
91 127
91 135
91 138
91 144
91 149
91 152
91 156
91 157
92 0
92 5
92 11
92 12
92 17
92 24
92 31
92 38
92 42
92 52
92 58
92 62
92 69
92 81
92 84
92 85
92 86
92 87
92 93
92 96
92 98
92 104
92 105
92 119
92 120
92 121
92 127
92 129
92 134
92 142
92 145
92 151
92 152
92 154
92 157
93 4
93 5
93 6
93 12
93 18
93 20
93 23
93 26
93 27
93 47
93 50
93 53
93 54
93 55
93 63
93 65
93 66
93 88
93 92
93 99
93 121
93 125
93 133
93 134
93 137
93 139
93 140
93 143
93 147
93 153
93 159
94 5
94 16
94 17
94 20
94 24
94 34
94 40
94 46
94 54
94 57
94 59
94 60
94 61
94 65
94 68
94 72
94 73
94 74
94 91
94 97
94 99
94 105
94 109
94 112
94 115
94 118
94 129
94 130
94 131
94 149
94 150
94 152
94 154
95 4
95 5
95 6
95 15
95 18
95 19
95 26
95 30
95 35
95 39
95 41
95 43
95 57
95 69
95 72
95 75
95 78
95 83
95 85
95 90
95 99
95 112
95 118
95 124
95 132
95 139
95 143
95 152
95 154
95 156
95 157
95 158
96 4
96 6
96 11
96 12
96 23
96 26
96 32
96 39
96 48
96 50
96 56
96 57
96 59
96 60
96 66
96 71
96 73
96 76
96 77
96 85
96 92
96 97
96 118
96 122
96 129
96 130
96 137
96 151
97 5
97 7
97 8
97 9
97 15
97 37
97 38
97 39
97 44
97 45
97 47
97 48
97 52
97 53
97 61
97 65
97 78
97 85
97 90
97 94
97 96
97 99
97 100
97 116
97 119
97 124
97 133
97 136
97 143
97 146
97 149
98 5
98 18
98 30
98 32
98 33
98 48
98 56
98 57
98 63
98 64
98 68
98 78
98 79
98 89
98 92
98 109
98 143
98 145
98 149
99 0
99 5
99 16
99 17
99 18
99 22
99 40
99 56
99 57
99 61
99 64
99 66
99 70
99 73
99 77
99 82
99 84
99 87
99 93
99 94
99 95
99 97
99 100
99 107
99 108
99 109
99 110
99 130
99 136
99 147
99 155
100 7
100 14
100 23
100 27
100 38
100 43
100 47
100 55
100 58
100 62
100 67
100 68
100 71
100 72
100 75
100 91
100 97
100 99
100 104
100 110
100 111
100 112
100 113
100 117
100 124
100 128
100 135
100 142
100 144
100 145
100 146
100 149
100 150
101 6
101 16
101 23
101 24
101 33
101 38
101 42
101 43
101 52
101 55
101 58
101 66
101 76
101 82
101 104
101 106
101 114
101 120
101 121
101 135
101 138
101 147
102 0
102 7
102 8
102 18
102 20
102 28
102 29
102 30
102 31
102 36
102 48
102 49
102 51
102 53
102 55
102 57
102 61
102 64
102 66
102 72
102 74
102 88
102 89
102 104
102 105
102 130
102 137
102 141
102 147
102 149
102 157
102 158
103 0
103 5
103 10
103 27
103 32
103 41
103 45
103 52
103 59
103 71
103 107
103 118
103 121
103 131
103 133
103 143
103 147
103 154
103 158
104 4
104 18
104 21
104 24
104 27
104 30
104 35
104 42
104 49
104 52
104 53
104 57
104 62
104 71
104 80
104 81
104 83
104 86
104 92
104 100
104 101
104 102
104 107
104 118
104 119
104 128
104 129
104 142
105 6
105 7
105 15
105 18
105 25
105 28
105 37
105 44
105 46
105 54
105 56
105 57
105 64
105 82
105 89
105 92
105 94
105 102
105 106
105 115
105 116
105 123
105 132
105 135
105 140
105 145
105 146
105 150
105 159
106 2
106 3
106 16
106 17
106 24
106 25
106 26
106 28
106 32
106 33
106 34
106 48
106 50
106 65
106 67
106 69
106 82
106 84
106 85
106 101
106 105
106 117
106 118
106 122
106 124
106 131
106 135
106 153
106 159
107 4
107 5
107 8
107 10
107 16
107 19
107 21
107 24
107 27
107 30
107 32
107 36
107 37
107 40
107 45
107 51
107 60
107 62
107 68
107 72
107 73
107 77
107 82
107 86
107 99
107 103
107 104
107 115
107 126
107 130
107 134
107 140
107 142
107 149
107 150
107 152
107 153
108 9
108 11
108 21
108 23
108 34
108 35
108 44
108 49
108 51
108 52
108 60
108 69
108 73
108 76
108 77
108 85
108 91
108 99
108 110
108 113
108 115
108 123
108 124
108 133
108 143
108 148
108 154
108 158
109 5
109 6
109 9
109 11
109 13
109 16
109 18
109 19
109 27
109 30
109 34
109 45
109 55
109 56
109 57
109 58
109 60
109 62
109 63
109 66
109 70
109 80
109 83
109 90
109 94
109 98
109 99
109 116
109 126
109 132
109 147
109 148
109 150
109 157
110 4
110 7
110 12
110 14
110 15
110 18
110 19
110 24
110 29
110 34
110 41
110 48
110 55
110 56
110 58
110 60
110 61
110 64
110 83
110 85
110 86
110 90
110 91
110 99
110 100
110 108
110 111
110 119
110 123
110 125
110 129
110 142
110 145
110 149
111 1
111 2
111 6
111 9
111 19
111 23
111 34
111 36
111 39
111 44
111 46
111 62
111 66
111 73
111 76
111 82
111 91
111 100
111 110
111 114
111 115
111 118
111 122
111 129
111 131
111 133
111 137
111 141
111 148
111 150
111 152
111 155
111 157
111 159
112 17
112 30
112 42
112 65
112 77
112 82
112 87
112 94
112 95
112 100
112 114
112 115
112 117
112 127
112 130
112 133
112 134
112 153
112 154
112 156
112 159
113 1
113 4
113 7
113 15
113 22
113 25
113 26
113 29
113 40
113 44
113 49
113 57
113 60
113 62
113 68
113 70
113 74
113 81
113 100
113 108
113 115
113 118
113 119
113 129
113 150
113 155
113 159
114 5
114 7
114 13
114 18
114 19
114 23
114 24
114 26
114 27
114 30
114 31
114 32
114 33
114 34
114 37
114 44
114 47
114 48
114 61
114 64
114 68
114 83
114 85
114 101
114 111
114 112
114 115
114 127
114 132
114 144
114 147
115 15
115 16
115 22
115 23
115 28
115 31
115 35
115 39
115 41
115 42
115 43
115 44
115 45
115 46
115 51
115 54
115 63
115 73
115 76
115 80
115 87
115 90
115 94
115 105
115 107
115 108
115 111
115 112
115 113
115 114
115 118
115 122
115 123
115 124
115 127
115 136
115 139
115 140
115 147
115 153
115 159
116 5
116 7
116 9
116 11
116 12
116 18
116 19
116 29
116 39
116 41
116 46
116 49
116 50
116 52
116 65
116 78
116 81
116 82
116 85
116 90
116 97
116 105
116 109
116 124
116 128
116 131
116 137
116 138
116 140
116 142
116 143
116 146
116 148
116 153
116 158
117 20
117 28
117 37
117 39
117 42
117 49
117 58
117 62
117 65
117 69
117 73
117 74
117 76
117 100
117 106
117 112
117 120
117 124
117 130
117 137
117 139
117 142
117 146
117 150
117 151
117 154
117 156
117 158
117 159
118 16
118 17
118 19
118 21
118 24
118 28
118 30
118 37
118 51
118 53
118 66
118 73
118 82
118 88
118 94
118 95
118 96
118 103
118 104
118 106
118 111
118 113
118 115
118 122
118 123
118 130
118 136
118 139
118 152
119 0
119 2
119 3
119 10
119 17
119 23
119 24
119 26
119 30
119 45
119 47
119 51
119 53
119 55
119 56
119 60
119 70
119 81
119 92
119 97
119 104
119 110
119 113
119 122
119 123
119 125
119 139
119 141
120 2
120 9
120 14
120 22
120 27
120 37
120 38
120 39
120 40
120 41
120 55
120 63
120 68
120 76
120 88
120 91
120 92
120 101
120 117
120 125
120 127
120 129
120 130
120 133
120 136
120 142
120 149
120 151
120 154
120 159
121 3
121 5
121 10
121 13
121 15
121 16
121 17
121 18
121 20
121 24
121 26
121 34
121 45
121 50
121 54
121 67
121 68
121 71
121 81
121 82
121 85
121 86
121 88
121 92
121 93
121 101
121 103
121 124
121 125
121 132
121 147
121 149
121 151
121 157
121 158
121 159
122 1
122 2
122 17
122 20
122 23
122 27
122 31
122 54
122 57
122 59
122 73
122 74
122 75
122 85
122 96
122 106
122 111
122 115
122 118
122 119
122 130
122 131
122 134
122 135
122 136
122 137
122 138
122 142
122 144
122 147
122 159
123 0
123 6
123 10
123 18
123 24
123 25
123 37
123 38
123 45
123 55
123 63
123 83
123 87
123 88
123 89
123 91
123 105
123 108
123 110
123 115
123 118
123 119
123 132
123 134
123 137
123 148
123 149
123 155
123 156
123 157
124 1
124 5
124 10
124 14
124 25
124 27
124 28
124 29
124 34
124 36
124 38
124 40
124 43
124 50
124 60
124 66
124 67
124 75
124 82
124 83
124 87
124 90
124 91
124 95
124 97
124 100
124 106
124 108
124 115
124 116
124 117
124 121
124 125
124 126
124 132
124 134
124 135
124 137
124 144
124 147
124 149
124 151
125 12
125 13
125 18
125 20
125 30
125 32
125 40
125 46
125 55
125 56
125 61
125 67
125 71
125 85
125 87
125 93
125 110
125 119
125 120
125 121
125 124
125 129
125 143
125 147
125 155
125 158
125 159
126 1
126 2
126 3
126 9
126 13
126 15
126 18
126 24
126 25
126 33
126 34
126 37
126 42
126 49
126 50
126 51
126 55
126 62
126 63
126 73
126 78
126 81
126 86
126 88
126 89
126 90
126 107
126 109
126 124
126 127
126 133
126 136
126 139
126 142
126 145
126 149
126 150
127 9
127 13
127 22
127 31
127 32
127 35
127 36
127 37
127 38
127 40
127 41
127 49
127 50
127 56
127 70
127 73
127 76
127 82
127 83
127 84
127 86
127 91
127 92
127 112
127 114
127 115
127 120
127 126
127 128
127 132
127 138
127 139
127 140
127 144
127 154
127 157
128 4
128 11
128 15
128 17
128 20
128 21
128 22
128 23
128 24
128 30
128 34
128 41
128 52
128 63
128 64
128 65
128 67
128 74
128 75
128 87
128 89
128 90
128 100
128 104
128 116
128 127
128 129
128 135
128 138
128 146
128 152
128 153
129 0
129 5
129 7
129 13
129 14
129 15
129 27
129 28
129 29
129 30
129 31
129 33
129 36
129 37
129 40
129 46
129 49
129 54
129 56
129 61
129 64
129 73
129 76
129 84
129 87
129 92
129 94
129 96
129 104
129 110
129 111
129 113
129 120
129 125
129 128
129 131
129 137
129 144
129 145
129 146
129 149
129 150
129 151
130 5
130 7
130 9
130 10
130 11
130 16
130 29
130 32
130 38
130 39
130 46
130 55
130 68
130 75
130 81
130 85
130 89
130 94
130 96
130 99
130 102
130 107
130 112
130 117
130 118
130 120
130 122
130 133
130 135
130 138
130 142
130 151
130 152
130 153
130 158
131 0
131 1
131 5
131 7
131 8
131 12
131 14
131 20
131 24
131 27
131 28
131 33
131 36
131 37
131 41
131 45
131 48
131 53
131 56
131 58
131 60
131 66
131 69
131 72
131 74
131 75
131 80
131 83
131 94
131 103
131 106
131 111
131 116
131 122
131 129
131 132
131 151
131 153
131 159
132 2
132 3
132 7
132 13
132 26
132 30
132 36
132 40
132 42
132 46
132 51
132 58
132 64
132 69
132 79
132 82
132 85
132 86
132 89
132 95
132 105
132 109
132 114
132 121
132 123
132 124
132 127
132 131
132 134
132 137
132 140
132 143
132 158
133 0
133 10
133 11
133 12
133 16
133 21
133 24
133 26
133 34
133 44
133 54
133 56
133 71
133 78
133 88
133 93
133 97
133 103
133 108
133 111
133 112
133 120
133 126
133 130
133 143
133 153
133 156
134 17
134 18
134 20
134 23
134 24
134 26
134 31
134 32
134 33
134 35
134 40
134 42
134 43
134 46
134 51
134 52
134 57
134 60
134 68
134 71
134 76
134 92
134 93
134 107
134 112
134 122
134 123
134 124
134 132
134 137
134 142
134 147
134 152
134 153
135 0
135 7
135 14
135 17
135 19
135 21
135 27
135 28
135 30
135 31
135 38
135 52
135 54
135 60
135 63
135 70
135 73
135 80
135 82
135 84
135 88
135 91
135 100
135 101
135 105
135 106
135 122
135 124
135 128
135 130
135 150
135 158
135 159
136 3
136 5
136 13
136 15
136 25
136 28
136 39
136 45
136 58
136 60
136 61
136 63
136 70
136 77
136 80
136 86
136 97
136 99
136 115
136 118
136 120
136 122
136 126
136 144
136 149
136 155
137 0
137 15
137 25
137 28
137 31
137 39
137 41
137 43
137 58
137 59
137 61
137 62
137 65
137 70
137 79
137 81
137 93
137 96
137 102
137 111
137 116
137 117
137 122
137 123
137 124
137 129
137 132
137 134
137 139
137 147
137 152
138 2
138 4
138 12
138 15
138 19
138 25
138 26
138 35
138 37
138 38
138 41
138 45
138 49
138 53
138 60
138 65
138 72
138 77
138 79
138 82
138 84
138 86
138 89
138 91
138 101
138 116
138 122
138 127
138 128
138 130
139 1
139 5
139 9
139 10
139 15
139 17
139 30
139 32
139 35
139 41
139 42
139 50
139 53
139 59
139 77
139 80
139 81
139 82
139 86
139 93
139 95
139 115
139 117
139 118
139 119
139 126
139 127
139 137
139 141
139 159
140 17
140 20
140 23
140 24
140 25
140 29
140 33
140 34
140 38
140 40
140 46
140 48
140 60
140 65
140 78
140 80
140 84
140 85
140 93
140 105
140 107
140 115
140 116
140 127
140 132
140 148
140 159
141 3
141 21
141 22
141 30
141 38
141 43
141 52
141 56
141 59
141 60
141 61
141 64
141 75
141 80
141 81
141 83
141 85
141 102
141 111
141 119
141 139
141 143
141 147
141 148
141 150
141 153
142 1
142 5
142 6
142 9
142 23
142 27
142 28
142 31
142 33
142 35
142 36
142 37
142 51
142 62
142 64
142 67
142 71
142 72
142 75
142 79
142 92
142 100
142 104
142 107
142 110
142 116
142 117
142 120
142 122
142 126
142 130
142 134
142 153
142 154
142 156
143 1
143 15
143 22
143 25
143 26
143 27
143 37
143 38
143 39
143 53
143 56
143 79
143 87
143 89
143 93
143 95
143 97
143 98
143 103
143 108
143 116
143 125
143 132
143 133
143 141
143 147
143 148
143 153
143 158
143 159
144 1
144 18
144 22
144 30
144 32
144 40
144 41
144 53
144 54
144 59
144 60
144 64
144 65
144 66
144 68
144 72
144 79
144 82
144 85
144 90
144 91
144 100
144 114
144 122
144 124
144 127
144 129
144 136
144 148
144 157
145 3
145 7
145 11
145 18
145 27
145 37
145 42
145 48
145 61
145 65
145 82
145 87
145 92
145 98
145 100
145 105
145 110
145 126
145 129
145 150
145 153
146 5
146 14
146 15
146 17
146 19
146 22
146 23
146 33
146 36
146 45
146 62
146 72
146 75
146 82
146 83
146 97
146 100
146 105
146 116
146 117
146 128
146 129
146 147
146 148
146 149
146 154
147 16
147 17
147 22
147 32
147 46
147 48
147 60
147 66
147 69
147 76
147 93
147 99
147 101
147 102
147 103
147 109
147 114
147 115
147 121
147 122
147 124
147 125
147 134
147 137
147 141
147 143
147 146
148 6
148 13
148 24
148 32
148 34
148 36
148 37
148 41
148 53
148 54
148 57
148 71
148 73
148 74
148 90
148 108
148 109
148 111
148 116
148 123
148 140
148 141
148 143
148 144
148 146
148 150
148 154
149 1
149 12
149 14
149 16
149 25
149 29
149 31
149 37
149 40
149 43
149 48
149 52
149 55
149 57
149 59
149 67
149 89
149 91
149 94
149 97
149 98
149 100
149 102
149 107
149 110
149 120
149 121
149 123
149 124
149 126
149 129
149 136
149 146
149 152
149 157
150 3
150 5
150 13
150 25
150 26
150 32
150 37
150 39
150 40
150 41
150 49
150 61
150 63
150 81
150 82
150 94
150 100
150 105
150 107
150 109
150 111
150 113
150 117
150 126
150 129
150 135
150 141
150 145
150 148
150 151
151 0
151 4
151 10
151 15
151 18
151 27
151 29
151 31
151 33
151 37
151 53
151 58
151 68
151 70
151 71
151 73
151 74
151 78
151 87
151 89
151 92
151 96
151 117
151 120
151 121
151 124
151 129
151 130
151 131
151 150
151 153
151 158
151 159
152 0
152 2
152 9
152 16
152 18
152 28
152 33
152 36
152 42
152 47
152 51
152 53
152 57
152 61
152 64
152 66
152 69
152 82
152 85
152 91
152 92
152 94
152 95
152 107
152 111
152 118
152 128
152 130
152 134
152 137
152 149
152 154
152 159
153 10
153 11
153 12
153 14
153 16
153 24
153 25
153 31
153 32
153 36
153 39
153 42
153 44
153 50
153 65
153 67
153 68
153 69
153 78
153 81
153 83
153 88
153 93
153 106
153 107
153 112
153 115
153 116
153 128
153 130
153 131
153 133
153 134
153 141
153 142
153 143
153 145
153 151
154 9
154 11
154 14
154 17
154 21
154 23
154 28
154 32
154 42
154 60
154 61
154 62
154 68
154 75
154 77
154 92
154 94
154 95
154 103
154 108
154 112
154 117
154 120
154 127
154 142
154 146
154 148
154 152
154 156
155 1
155 13
155 15
155 17
155 21
155 24
155 26
155 27
155 30
155 32
155 35
155 39
155 51
155 52
155 59
155 61
155 74
155 84
155 85
155 99
155 111
155 113
155 123
155 125
155 136
155 158
155 159
156 15
156 16
156 17
156 19
156 20
156 31
156 42
156 43
156 49
156 52
156 53
156 55
156 61
156 70
156 72
156 73
156 83
156 86
156 91
156 95
156 112
156 117
156 123
156 133
156 142
156 154
156 157
157 2
157 3
157 8
157 10
157 16
157 17
157 18
157 19
157 25
157 26
157 27
157 29
157 33
157 34
157 45
157 47
157 49
157 51
157 54
157 59
157 64
157 68
157 69
157 81
157 82
157 87
157 88
157 91
157 92
157 95
157 102
157 109
157 111
157 121
157 123
157 127
157 144
157 149
157 156
157 159
158 0
158 5
158 7
158 9
158 18
158 20
158 26
158 27
158 34
158 36
158 46
158 49
158 50
158 51
158 60
158 74
158 77
158 80
158 82
158 95
158 102
158 103
158 108
158 116
158 117
158 121
158 125
158 130
158 132
158 135
158 143
158 151
158 155
159 3
159 7
159 8
159 15
159 17
159 18
159 31
159 34
159 41
159 45
159 47
159 54
159 55
159 57
159 59
159 62
159 71
159 72
159 77
159 78
159 79
159 80
159 81
159 93
159 105
159 106
159 111
159 112
159 113
159 115
159 117
159 120
159 121
159 122
159 125
159 131
159 135
159 139
159 140
159 143
159 151
159 152
159 155
159 157
0 1 2 3 4 5 6
