100 250 17
0 97
1 82
1 83
2 31
2 37
2 61
3 4
3 45
3 64
4 3
4 18
4 83
4 89
4 90
5 6
5 57
5 84
6 5
6 7
6 35
7 6
7 26
7 80
8 10
8 68
9 33
9 60
9 69
9 89
10 8
10 40
10 57
10 62
10 96
11 58
11 73
12 34
12 52
12 69
12 85
13 15
13 17
13 63
14 32
14 67
14 92
15 13
15 90
16 43
17 13
17 73
18 4
18 22
18 43
18 69
18 73
18 78
18 84
18 98
19 45
19 94
20 43
21 66
22 18
22 41
23 31
24 29
25 45
26 7
26 86
27 75
27 91
28 53
29 24
29 58
30 90
31 2
31 23
31 65
31 83
32 14
32 89
33 9
34 12
34 47
34 56
35 6
35 54
36 49
36 86
37 2
37 84
37 91
38 52
39 58
39 76
40 10
41 22
42 64
43 16
43 18
43 20
43 97
44 59
45 3
45 19
45 25
45 77
46 83
47 34
47 52
48 63
48 74
49 36
49 84
49 94
50 63
51 83
52 12
52 38
52 47
53 28
53 70
53 84
54 35
54 59
54 99
55 66
56 34
56 86
56 90
57 5
57 10
57 69
58 11
58 29
58 39
58 63
59 44
59 54
59 78
59 85
59 97
60 9
60 67
61 2
62 10
62 82
62 90
63 13
63 48
63 50
63 58
63 84
64 3
64 42
64 66
65 31
65 66
66 21
66 55
66 64
66 65
67 14
67 60
67 71
67 81
67 95
68 8
69 9
69 12
69 18
69 57
69 79
70 53
70 71
71 67
71 70
71 83
71 92
71 95
72 79
72 83
73 11
73 17
73 18
74 48
75 27
76 39
77 45
77 78
78 18
78 59
78 77
78 86
78 91
79 69
79 72
80 7
81 67
82 1
82 62
83 1
83 4
83 31
83 46
83 51
83 71
83 72
83 88
84 5
84 18
84 37
84 49
84 53
84 63
85 12
85 59
86 26
86 36
86 56
86 78
86 93
87 98
88 83
89 4
89 9
89 32
90 4
90 15
90 30
90 56
90 62
91 27
91 37
91 78
92 14
92 71
93 86
94 19
94 49
95 67
95 71
96 10
97 0
97 43
97 59
98 18
98 87
99 54
91 32 85 54 24 35 20 2 29 18 50 41 43 42 57 82 94
