80 350 16
0 6
0 8
0 12
0 13
0 24
0 42
0 44
0 62
0 71
1 24
1 38
1 46
1 51
1 52
1 74
2 47
3 42
3 47
3 55
3 60
4 12
4 23
4 24
4 31
4 76
5 11
5 26
6 1
6 14
6 41
6 42
6 59
7 6
7 35
7 43
7 60
7 73
8 39
8 45
8 71
9 0
9 5
9 17
9 47
9 71
10 25
10 28
10 37
11 34
11 36
11 43
11 47
11 52
12 10
12 26
12 53
12 65
12 68
13 9
13 34
13 73
14 35
14 67
14 71
15 1
15 44
15 57
15 61
15 67
16 10
16 15
16 26
17 19
17 31
17 50
18 2
18 14
18 15
18 27
18 33
18 37
18 49
19 6
19 7
19 9
19 52
19 64
20 14
20 49
20 75
21 2
21 8
21 23
22 75
22 79
23 0
23 1
23 70
23 74
23 76
24 21
24 33
24 46
24 59
24 61
24 68
25 38
25 45
26 0
26 2
26 13
26 37
26 39
26 48
26 51
26 57
26 69
27 46
27 68
27 74
27 77
28 20
28 39
28 74
28 78
29 4
29 5
29 7
29 36
29 37
29 66
29 78
30 14
30 20
30 24
30 46
30 61
31 0
31 21
32 5
32 61
33 41
33 54
33 56
33 59
34 5
34 9
34 27
34 39
35 18
35 20
35 27
35 52
36 33
36 49
36 72
37 21
37 27
37 28
37 40
37 52
37 53
37 57
37 71
37 73
37 75
38 7
38 46
39 23
39 58
39 74
40 7
40 21
40 30
40 45
40 73
41 8
41 21
41 26
41 66
42 15
42 29
42 45
42 60
42 69
42 70
43 0
43 28
44 17
44 40
45 36
45 37
45 39
45 46
45 53
45 63
46 7
46 8
46 12
46 44
46 64
46 78
47 6
47 22
47 62
47 74
48 2
48 3
48 25
48 52
48 67
49 31
49 42
49 47
50 5
50 41
50 51
51 18
51 47
51 60
51 64
52 12
52 16
52 25
53 13
53 31
53 59
53 66
53 70
54 20
54 21
54 24
54 31
54 50
54 55
54 66
54 70
55 6
55 8
55 74
56 9
56 14
56 29
56 46
56 77
57 10
57 13
57 36
57 71
58 16
58 30
58 46
58 49
58 51
58 59
58 60
59 15
59 27
59 36
59 65
59 67
59 73
60 25
60 46
60 65
60 72
60 73
61 39
61 63
61 65
61 79
62 15
62 19
62 36
62 61
62 72
63 23
63 25
63 36
63 56
63 70
64 2
64 17
64 25
64 35
64 37
64 79
65 4
65 11
65 50
65 56
66 20
66 37
66 46
67 17
67 21
67 41
67 42
67 72
68 2
68 11
68 30
68 31
68 33
68 59
68 73
68 75
68 77
69 31
69 34
69 64
69 65
70 50
70 62
70 76
71 25
71 32
71 66
71 74
72 0
72 7
72 12
72 15
72 44
72 49
72 58
73 41
73 71
74 0
74 13
74 30
74 46
74 50
74 54
75 13
75 73
76 0
76 15
76 27
77 39
77 42
77 43
78 7
78 14
78 47
78 72
79 31
79 35
79 73
79 74
0 1 2 3 4 5 6 7 8 9 10 11 12 13 14 15
