80 350 20
0 1
0 14
0 27
0 35
0 40
0 55
0 66
0 69
1 3
1 76
2 26
2 27
2 30
2 45
2 48
3 13
3 50
3 59
4 11
4 12
4 18
4 32
4 38
4 51
5 10
5 25
5 27
5 63
5 71
5 78
6 5
6 58
7 6
7 21
7 46
7 74
8 13
8 42
8 59
9 12
9 50
10 21
10 37
10 54
10 58
10 63
10 73
11 3
11 8
11 14
11 25
11 50
11 52
12 1
12 7
12 31
12 52
12 55
12 57
13 23
13 43
14 3
14 26
14 60
14 75
15 5
15 76
15 77
16 14
16 31
16 34
16 76
17 46
17 50
18 14
18 21
18 40
18 66
19 30
19 31
19 64
19 76
20 17
20 71
21 3
21 13
21 31
21 36
22 1
22 14
23 18
23 27
23 29
23 49
23 61
23 68
24 0
24 23
24 38
24 39
24 59
24 63
24 64
24 67
25 29
26 29
26 41
26 67
26 70
26 79
27 7
27 30
27 59
27 67
27 68
28 26
28 31
28 66
28 74
28 76
29 16
29 19
29 30
29 33
29 63
30 22
30 51
30 73
31 5
31 15
31 18
31 25
31 50
32 3
32 46
32 72
32 75
33 5
33 13
33 15
33 16
33 20
33 37
33 48
33 56
34 5
34 24
34 43
35 10
35 27
35 28
35 40
35 74
35 77
36 6
36 39
36 49
36 51
36 69
36 75
37 0
37 5
37 8
37 40
37 50
37 63
38 23
38 27
38 36
38 53
39 8
39 12
39 17
39 52
39 70
40 9
40 48
40 78
41 1
41 31
41 34
41 35
41 69
42 13
42 35
42 53
42 69
43 35
43 65
43 77
44 7
44 29
44 47
45 0
45 4
45 10
45 29
45 43
45 65
46 8
46 10
46 12
46 26
46 74
47 23
47 32
48 16
49 21
49 33
49 55
49 60
50 7
50 15
50 21
50 32
50 35
51 13
51 31
51 71
51 74
52 43
52 48
52 63
53 22
53 24
53 36
53 37
54 0
54 5
54 14
54 34
54 52
54 62
54 65
54 68
54 70
54 73
55 27
55 30
55 31
55 40
55 43
55 53
55 59
55 78
56 9
56 31
56 46
56 64
56 73
57 2
57 19
57 67
57 79
58 0
58 1
58 11
58 25
58 31
58 36
58 44
58 68
58 69
59 25
59 41
59 46
59 74
59 77
60 44
60 77
60 78
61 3
61 38
61 44
61 57
62 8
62 11
62 34
62 65
62 70
63 8
63 27
63 40
63 60
63 79
64 5
64 6
64 12
64 31
64 52
64 69
64 77
65 31
65 47
66 10
66 15
66 22
66 31
66 51
66 69
66 70
66 73
67 13
67 20
67 56
67 78
67 79
68 67
68 76
69 1
69 25
69 72
69 75
70 1
70 16
70 28
70 52
70 53
70 73
71 21
71 63
71 66
72 20
72 53
73 17
73 20
73 39
74 65
74 66
75 2
75 9
75 19
75 25
75 37
75 38
75 51
75 58
76 31
76 42
76 56
77 19
77 27
77 34
77 71
78 21
78 75
79 41
79 69
79 74
79 77
0 1 2 3 4 5 6 7 8 9 10 11 12 13 14 15 16 17 18 19
