80 632 8
0 2
0 10
0 16
0 20
0 22
0 41
0 46
0 47
0 54
1 6
1 22
1 24
1 28
1 30
1 32
1 59
2 10
2 13
2 18
2 20
2 21
2 24
2 25
2 30
2 45
2 66
2 67
3 32
3 59
3 62
3 73
4 5
4 11
4 27
4 33
4 48
4 58
5 17
5 20
5 37
5 48
5 54
5 65
5 66
5 68
5 71
6 17
6 18
6 25
6 50
6 64
6 67
6 71
7 2
7 12
7 31
7 64
7 73
7 79
8 31
8 40
8 61
8 68
9 4
9 33
9 56
9 67
9 70
10 4
10 11
10 16
10 27
10 36
10 47
10 70
11 30
11 38
11 44
12 8
12 57
12 59
13 0
13 23
13 36
13 46
13 55
13 69
14 2
14 16
14 20
14 21
14 32
14 37
14 69
14 71
14 77
15 8
15 17
15 23
15 30
15 40
15 57
15 62
15 69
15 72
16 17
16 18
16 20
16 23
16 39
16 43
16 56
16 71
17 4
17 51
17 56
17 63
17 66
17 76
18 5
18 10
18 25
18 38
18 46
18 53
18 58
18 79
19 3
19 21
19 22
19 31
19 36
19 37
19 40
19 47
19 53
19 67
19 68
20 17
20 27
20 37
20 40
20 42
20 46
20 58
20 77
21 0
21 13
21 25
21 44
21 78
22 17
22 18
22 42
22 51
22 55
22 62
22 70
23 8
23 41
23 52
23 53
23 55
23 62
23 63
23 66
23 68
23 71
24 8
24 12
24 17
24 19
24 23
24 31
24 34
24 37
24 43
24 46
24 55
24 64
24 70
25 12
25 30
25 38
25 40
25 41
25 48
25 55
25 57
25 66
26 2
26 7
26 16
26 19
26 36
26 41
26 44
26 47
26 53
26 59
27 7
27 34
27 39
27 52
27 61
27 67
27 69
28 17
28 37
28 57
28 66
28 67
29 11
29 20
29 22
29 24
29 26
29 28
29 47
29 67
29 75
30 0
30 5
30 22
30 31
30 50
30 52
30 54
30 58
30 67
30 69
31 47
31 51
31 58
31 65
31 76
31 79
32 4
32 11
32 16
32 21
32 29
32 30
32 43
32 54
32 75
32 78
32 79
33 5
33 15
33 40
33 54
33 78
34 7
34 52
34 55
35 2
35 11
35 18
35 37
35 48
35 52
35 55
36 4
36 6
36 12
36 17
36 20
36 34
36 39
36 41
37 15
37 45
37 50
37 58
38 0
38 15
38 20
38 68
39 18
39 23
39 25
39 63
39 74
39 78
40 4
40 21
40 23
40 28
40 36
40 50
40 55
40 72
40 74
41 7
41 18
41 20
41 32
41 38
42 9
42 17
42 18
42 35
42 38
42 46
42 59
42 73
42 76
43 0
43 21
43 29
43 30
43 31
43 33
43 40
43 52
43 69
43 71
44 14
44 24
44 29
44 39
44 45
44 46
44 58
44 61
44 68
44 75
44 76
45 1
45 5
45 10
45 19
45 33
45 35
45 42
45 49
45 65
45 71
45 74
46 30
46 32
46 39
46 50
46 51
46 53
46 59
46 62
46 64
47 1
47 13
47 15
47 18
47 20
47 34
47 46
47 52
47 60
47 62
47 78
48 17
48 19
48 27
48 40
48 46
48 49
48 72
49 5
49 6
49 8
49 18
49 20
49 31
49 35
49 52
49 66
49 69
50 5
50 9
50 11
50 14
50 18
50 28
50 33
50 35
50 38
50 41
50 43
50 61
50 68
50 71
50 74
51 1
51 4
51 16
51 20
51 30
51 50
51 57
51 66
51 72
52 11
52 14
52 17
52 18
52 29
52 33
52 42
52 67
53 29
53 30
53 43
53 49
54 17
54 22
54 25
54 26
54 34
54 38
54 41
54 62
54 69
54 76
55 0
55 42
55 46
55 49
55 50
56 6
56 7
56 10
56 11
56 20
56 41
56 51
56 52
56 68
56 73
56 77
57 3
57 24
57 27
57 37
57 53
57 55
57 62
57 65
57 71
57 73
57 74
57 79
58 47
58 62
58 68
58 71
58 72
58 73
58 74
58 76
59 19
59 27
59 29
59 39
59 58
59 75
59 78
60 7
60 26
60 31
60 69
60 73
61 7
61 12
61 14
61 32
61 34
61 77
62 0
62 6
62 21
62 25
62 30
62 40
62 44
62 56
62 76
63 2
63 4
63 14
63 19
63 46
63 57
63 64
63 71
63 72
64 3
64 15
64 28
64 36
64 53
64 61
64 65
64 67
64 77
65 3
65 14
65 22
65 26
65 38
65 70
65 72
66 8
66 18
66 30
66 37
66 44
66 52
66 62
67 5
67 7
67 16
67 32
67 44
67 63
67 70
67 74
68 0
68 9
68 21
68 45
68 63
69 0
69 1
69 2
69 8
69 22
69 25
69 26
69 35
69 55
69 76
69 77
70 23
70 27
70 28
70 31
70 34
70 45
70 64
70 71
70 73
71 15
71 26
71 27
71 61
71 78
72 2
72 6
72 22
72 38
72 42
72 55
72 56
72 60
72 64
72 66
72 68
72 69
72 70
72 79
73 2
73 9
73 11
73 13
73 14
73 15
73 23
73 30
73 35
73 39
73 71
74 10
74 22
74 41
74 42
74 53
74 60
74 68
75 0
75 2
75 3
75 33
75 39
75 40
75 46
75 63
75 70
75 72
75 77
76 4
76 6
76 10
76 30
76 67
76 70
77 0
77 3
77 9
77 11
77 16
77 29
77 30
77 51
77 57
77 79
78 26
78 48
78 57
78 58
78 61
78 74
79 1
79 8
79 19
79 30
79 40
79 41
79 44
79 46
79 54
79 64
79 78
0 1 2 3 4 5 6 7
