80 632 16
0 2
0 5
0 9
0 12
0 40
0 49
0 55
0 56
0 58
1 4
1 14
1 28
1 30
1 32
1 34
1 45
1 70
1 79
2 9
2 10
2 11
2 15
2 20
2 31
2 63
2 66
2 71
3 1
3 24
3 42
3 46
3 66
4 9
4 30
4 37
4 60
4 71
4 78
5 20
5 24
5 33
5 37
5 42
5 46
5 47
5 76
5 78
6 3
6 4
6 15
6 27
6 42
6 49
6 60
6 66
6 73
7 19
7 37
7 61
7 69
8 0
8 2
8 12
8 26
8 27
8 39
8 48
8 69
8 79
9 13
9 21
9 39
9 48
9 50
9 52
9 70
9 73
10 30
10 42
10 43
11 19
11 27
11 34
11 35
11 40
11 48
11 55
11 61
11 64
11 67
11 70
11 75
12 3
12 5
12 7
12 11
12 45
12 51
12 57
12 63
12 64
12 68
13 7
13 12
13 17
13 23
13 31
13 55
13 69
13 72
13 75
13 76
13 78
14 22
14 30
14 37
14 40
14 75
15 3
15 11
15 14
15 17
15 18
15 27
15 31
15 36
15 45
15 58
16 24
16 25
16 28
16 35
16 39
16 54
16 57
16 60
16 63
16 65
16 74
17 10
17 16
17 26
17 31
17 42
17 66
17 76
18 9
18 13
18 17
18 20
18 21
18 41
18 49
18 52
18 66
19 5
19 12
19 28
19 39
19 41
19 47
19 50
20 8
20 14
20 22
20 47
20 48
20 50
20 53
20 54
20 59
20 65
20 68
20 73
21 16
21 34
21 37
21 47
21 57
21 61
21 71
22 2
22 3
22 5
22 12
22 29
22 35
22 36
22 37
22 48
22 49
22 51
22 57
22 60
22 62
22 75
23 8
23 12
23 18
23 20
23 30
23 33
23 44
23 46
23 65
24 8
24 9
24 12
24 17
24 20
24 34
24 36
24 53
24 72
25 8
25 19
25 24
25 37
25 42
25 68
26 20
26 21
26 34
26 42
26 47
26 79
27 5
27 10
27 16
27 18
27 19
27 43
27 46
27 58
27 73
28 3
28 4
28 5
28 8
28 24
28 32
28 35
28 38
28 48
28 51
29 0
29 4
29 12
29 19
29 26
29 28
29 38
29 46
29 50
29 54
29 66
29 67
29 77
30 18
30 41
30 62
30 67
30 68
30 73
31 24
31 53
31 61
31 78
32 11
32 15
32 20
32 42
33 7
33 10
33 11
33 19
33 21
33 24
33 26
33 28
33 29
33 37
33 70
34 4
34 27
34 29
34 35
34 37
34 41
34 65
34 77
35 14
35 17
35 39
35 42
35 63
36 5
36 7
36 45
36 50
36 54
36 68
36 69
37 1
37 26
37 27
37 50
37 60
38 1
38 9
38 10
38 14
38 15
38 18
38 34
38 68
38 78
39 20
39 22
39 27
39 32
39 36
39 46
39 72
39 79
40 5
40 7
40 8
40 28
40 30
40 34
40 35
40 56
40 61
40 67
40 75
41 0
41 5
41 37
41 42
41 47
41 74
42 7
42 11
42 16
42 28
42 29
42 33
42 46
42 48
42 71
42 75
43 1
43 4
43 6
43 7
43 30
43 56
43 57
43 74
43 77
43 79
44 0
44 17
44 25
44 34
44 35
44 39
44 43
44 49
44 52
44 54
45 7
45 31
45 58
45 69
45 70
45 79
46 6
46 19
46 25
46 30
46 31
46 53
46 61
46 64
46 76
47 16
47 35
47 50
47 56
47 66
47 67
47 69
48 1
48 3
48 7
48 25
48 27
48 40
48 43
48 44
48 45
48 52
48 58
48 60
48 77
49 2
49 9
49 10
49 36
49 74
50 10
50 14
50 42
50 51
50 52
51 6
51 13
51 15
51 47
51 72
52 24
52 47
52 49
52 51
52 63
53 0
53 12
53 22
53 29
53 36
53 44
53 49
53 55
53 58
53 77
54 8
54 31
54 68
54 71
54 73
55 15
55 33
55 61
55 69
55 79
56 5
56 6
56 10
56 14
56 18
56 23
56 35
56 38
56 44
56 57
56 62
56 65
56 70
56 79
57 3
57 15
57 18
57 38
57 41
57 65
57 67
57 73
58 9
58 26
58 35
58 36
58 49
58 69
59 21
59 24
59 28
59 35
59 50
59 76
60 11
60 18
60 24
60 29
60 51
60 55
60 65
60 69
61 0
61 8
61 22
61 38
61 43
61 45
61 60
61 68
61 72
61 79
62 1
62 7
62 14
62 19
62 28
62 35
62 36
62 46
62 64
62 79
63 4
63 39
63 41
63 60
63 73
63 77
64 2
64 16
64 57
64 71
65 0
65 1
65 13
65 17
65 26
65 27
65 37
65 38
65 48
65 58
65 70
66 14
66 16
66 27
66 28
66 59
67 4
67 37
67 59
67 63
67 66
67 70
67 71
68 10
68 14
68 27
68 31
68 51
68 55
68 79
69 0
69 12
69 14
69 35
69 41
70 13
70 20
70 34
70 64
70 72
71 3
71 14
71 22
71 29
71 35
71 43
71 53
71 60
71 74
72 9
72 10
72 22
72 33
72 38
72 46
72 69
72 71
72 74
73 4
73 10
73 12
73 14
73 33
73 37
73 38
73 46
73 59
73 62
73 66
73 70
74 15
74 17
74 26
74 30
74 35
74 48
74 51
74 61
74 76
75 0
75 8
75 30
75 32
75 47
75 48
75 50
75 54
75 66
75 71
76 9
76 19
76 21
76 31
76 32
76 37
76 39
76 79
77 0
77 8
77 12
77 14
77 66
77 70
78 14
78 15
78 17
78 23
78 26
78 62
78 73
79 2
79 60
79 78
0 1 2 3 4 5 6 7 8 9 10 11 12 13 14 15
