80 164 8
0 1
0 51
1 2
1 4
1 43
1 49
1 68
2 5
2 6
2 9
2 15
2 37
3 29
4 1
4 59
4 70
5 2
6 2
6 7
6 12
6 22
6 40
7 6
8 10
8 16
9 30
9 34
9 79
10 8
10 75
11 15
11 23
11 54
12 6
12 63
13 27
13 68
14 21
14 29
14 46
14 59
14 60
15 3
15 11
15 20
16 8
16 36
17 73
18 7
19 64
20 15
21 73
22 6
22 67
23 25
24 69
25 26
25 66
26 25
26 50
27 13
27 69
29 3
29 14
30 52
30 62
31 2
31 18
31 59
31 64
32 8
32 62
33 59
33 68
34 26
35 1
36 16
36 65
37 2
37 8
37 58
38 4
38 40
38 57
39 52
40 6
40 25
40 38
40 41
40 61
40 72
41 15
41 69
41 72
42 24
42 55
42 72
43 1
43 45
44 35
44 50
45 39
45 43
46 14
46 23
46 60
47 50
47 55
47 64
49 1
50 54
51 41
52 27
52 30
52 31
52 39
52 65
53 54
54 11
54 50
54 65
55 42
56 0
58 56
59 33
60 14
60 33
60 46
60 59
62 32
62 69
64 1
64 19
64 31
65 36
65 52
65 54
66 71
67 17
67 22
68 6
68 8
68 13
69 24
69 43
69 62
71 13
71 66
71 77
71 79
72 41
72 51
72 63
73 2
74 46
74 54
74 55
75 22
76 47
76 48
78 28
78 43
79 9
79 71
0 1 2 3 4 5 6 7
