80 632 16
0 4
0 8
0 14
0 17
0 21
0 32
0 45
0 50
0 57
0 77
1 6
1 9
1 14
1 17
1 28
1 51
1 74
1 78
2 8
2 10
2 27
2 30
2 31
2 47
2 61
3 13
3 14
3 36
3 46
3 51
3 65
3 72
4 16
4 25
4 28
4 41
4 49
4 54
4 61
4 74
5 10
5 30
5 41
5 55
5 78
6 4
6 9
6 10
6 19
6 23
6 36
6 57
6 59
6 63
6 73
7 41
7 60
7 64
7 65
8 11
8 12
8 20
8 28
8 34
8 45
8 49
8 62
8 74
8 75
9 29
9 30
9 37
9 41
9 69
10 0
10 8
10 16
10 19
10 66
10 70
11 16
11 18
11 19
11 46
11 69
11 76
11 79
12 23
12 27
12 31
12 49
12 54
12 75
12 77
12 78
12 79
13 8
13 22
13 33
13 36
13 49
13 58
13 62
13 63
13 65
13 67
13 73
14 10
14 25
14 31
14 40
15 5
15 27
15 34
15 46
15 47
15 48
15 55
15 76
16 15
16 35
16 46
16 48
16 54
16 63
16 64
16 78
17 3
17 5
17 13
17 15
17 24
17 30
17 31
17 34
17 42
17 51
17 62
18 13
18 21
18 34
18 39
18 46
18 50
18 71
18 74
18 77
19 49
19 66
20 0
20 13
20 16
20 21
20 23
20 45
20 54
20 60
21 9
21 33
21 35
21 36
21 40
21 54
21 69
21 77
21 79
22 3
22 16
22 36
22 43
22 47
22 50
22 53
22 60
23 0
23 4
23 10
23 24
23 35
23 38
23 48
23 51
23 58
23 60
23 74
24 3
24 33
24 43
24 46
24 53
24 56
24 62
24 64
24 67
24 71
25 3
25 23
25 38
25 41
25 48
25 54
25 57
25 59
26 0
26 8
26 10
26 18
26 21
26 28
26 44
26 52
26 56
26 67
27 4
27 6
27 18
27 19
27 35
27 38
27 44
27 54
27 64
27 68
27 72
28 15
28 25
28 32
28 43
29 22
29 56
29 64
29 65
29 72
30 6
30 14
30 16
30 21
30 33
30 41
30 57
30 69
31 13
31 15
31 60
31 61
31 67
31 71
32 3
32 8
32 12
32 17
32 24
32 48
32 69
32 78
33 8
33 9
33 12
33 27
33 39
33 50
33 63
34 20
34 36
34 39
34 50
34 62
34 67
34 71
34 74
35 4
35 8
35 10
35 12
35 26
35 32
35 49
36 7
36 14
36 16
36 18
36 19
36 33
36 53
36 55
37 1
37 6
37 8
37 22
37 25
37 49
37 58
37 61
37 77
38 0
38 1
38 4
38 26
38 41
38 66
38 74
39 2
39 9
39 16
39 22
39 47
39 55
39 65
40 12
40 17
40 33
40 36
40 45
40 51
40 57
40 60
40 72
40 78
41 11
41 27
41 29
41 57
41 72
41 75
42 10
42 16
42 35
42 53
42 56
42 66
42 73
43 9
43 14
43 17
43 29
43 34
43 68
43 75
43 76
44 3
44 7
44 17
44 24
44 39
44 40
44 41
44 47
44 51
44 63
44 70
44 76
45 12
45 14
45 16
45 18
45 25
45 27
45 30
45 33
45 35
45 38
45 42
45 55
45 56
45 59
45 63
46 13
46 19
46 27
46 35
46 37
46 55
46 61
46 67
46 78
46 79
47 4
47 7
47 10
47 24
47 32
47 34
47 50
47 56
47 64
47 68
47 77
48 1
48 12
48 26
48 27
48 38
48 43
49 62
50 4
50 7
50 8
50 9
50 38
50 53
50 59
50 63
51 7
51 16
51 25
51 29
51 72
52 4
52 6
52 24
52 25
52 33
52 41
52 43
52 51
52 53
52 56
52 59
52 78
53 3
53 14
53 15
53 19
53 31
53 39
53 64
53 65
53 68
53 76
54 19
54 23
54 36
54 37
54 38
54 67
54 73
54 76
55 4
55 38
55 66
55 67
55 78
56 18
56 22
56 37
56 41
56 46
56 51
56 58
56 65
56 71
56 78
57 7
57 13
57 26
57 28
57 31
57 54
57 70
58 3
58 9
58 10
58 20
58 35
58 42
58 46
58 62
59 0
59 2
59 10
59 18
59 20
59 56
59 58
60 13
60 14
60 26
60 27
60 33
60 58
60 67
60 74
61 0
61 7
61 29
61 34
61 39
61 42
61 47
61 49
61 72
61 73
61 78
62 26
62 38
62 44
62 60
62 66
63 10
63 15
63 20
63 30
63 48
63 65
63 72
63 74
64 6
64 18
64 32
64 38
64 67
64 77
65 0
65 1
65 4
65 18
65 26
65 38
66 0
66 14
66 27
66 34
66 68
67 33
67 44
67 49
67 50
67 57
67 68
67 72
68 13
68 24
68 38
68 51
68 65
68 76
69 0
69 1
69 3
69 5
69 12
69 17
69 20
69 44
70 3
70 19
70 29
70 53
70 61
70 65
70 76
71 6
71 8
71 11
71 13
71 32
71 33
71 38
71 52
71 53
71 63
71 69
71 79
72 7
72 10
72 34
73 1
73 4
73 7
73 8
73 9
73 14
73 25
73 26
73 48
73 49
73 65
73 70
73 79
74 2
74 20
74 32
74 37
74 46
74 57
74 61
74 76
75 7
75 29
75 31
75 34
75 44
75 46
75 60
76 0
76 6
76 16
76 19
76 24
76 31
76 34
76 35
76 51
76 72
77 16
77 25
77 35
77 62
77 68
78 3
78 4
78 10
78 24
78 25
78 27
78 34
78 43
78 49
78 50
78 62
78 67
78 70
78 75
79 1
79 24
79 26
79 27
79 28
79 45
79 59
79 63
79 65
0 1 2 3 4 5 6 7 8 9 10 11 12 13 14 15
