80 350 8
0 9
0 15
0 18
0 19
0 22
0 45
0 52
0 60
0 62
1 11
1 17
1 25
1 53
1 62
1 69
2 32
3 17
3 42
3 45
3 70
4 17
4 26
4 31
4 42
4 47
4 69
4 70
5 43
5 54
5 60
5 73
6 8
6 36
6 38
6 52
6 70
7 38
7 68
7 77
8 44
8 55
9 19
9 22
9 40
9 42
9 47
9 52
9 78
10 1
10 2
10 5
10 24
10 48
10 75
10 78
11 6
11 25
11 66
12 9
12 38
13 38
13 44
13 48
14 9
14 53
14 56
15 2
15 5
15 35
15 65
16 0
16 20
16 58
16 62
16 71
17 39
17 47
17 58
17 59
17 77
18 41
19 14
19 61
20 0
20 6
20 44
20 45
21 28
21 37
22 36
22 49
22 56
22 75
23 2
23 24
23 79
24 30
24 31
24 32
24 34
25 14
25 23
25 57
25 66
26 12
26 17
26 40
26 45
26 48
26 63
27 25
27 48
27 74
27 77
28 5
28 32
28 54
28 65
28 70
28 73
29 16
29 32
29 56
29 63
30 16
30 27
30 31
30 37
31 60
31 76
32 10
32 61
32 79
33 8
33 30
33 31
33 50
33 59
33 63
33 78
34 0
34 14
34 18
34 26
34 73
35 37
35 71
36 0
36 4
36 10
36 25
36 41
36 57
36 64
36 70
37 6
37 49
37 52
37 63
37 71
38 21
38 34
38 46
38 59
38 65
39 49
39 56
39 60
39 72
40 5
40 13
40 30
41 9
41 39
41 44
41 45
41 65
42 2
42 8
42 27
43 4
43 12
43 20
43 24
43 28
43 29
43 51
44 3
44 30
44 31
44 77
45 7
45 15
45 35
45 58
45 60
46 2
46 21
46 45
46 51
46 53
46 72
47 2
47 27
47 44
47 72
48 34
48 67
49 30
49 53
49 60
49 63
49 64
49 71
49 75
50 5
50 6
50 45
50 46
51 0
51 39
51 47
51 52
51 79
52 29
52 33
52 42
52 60
52 68
52 69
53 8
53 20
53 24
53 34
53 75
54 17
54 56
55 25
55 51
55 57
55 61
55 70
55 72
56 11
56 12
56 18
56 30
56 47
56 73
57 60
57 77
58 39
58 79
59 4
59 22
59 36
59 37
59 64
59 73
60 30
60 33
60 47
60 68
61 5
61 11
61 24
62 20
62 36
62 51
62 67
62 78
63 0
63 12
63 27
63 38
63 50
63 65
64 0
64 6
64 28
64 33
64 43
64 46
65 7
65 12
65 20
65 47
65 53
65 59
65 77
66 60
67 0
67 6
67 10
67 17
67 18
67 40
67 76
68 10
68 16
68 20
68 33
68 40
68 46
69 34
70 13
70 20
70 37
70 58
71 5
71 31
71 38
72 18
72 42
73 20
73 37
73 39
74 7
74 15
74 30
74 33
74 46
74 67
75 4
75 14
75 20
75 31
75 59
75 72
75 73
76 5
76 15
76 20
76 40
76 54
76 69
77 0
77 11
77 12
77 37
77 55
78 5
78 6
78 42
79 0
79 16
79 19
79 27
79 29
79 75
0 1 2 3 4 5 6 7
