80 632 20
0 6
0 8
0 14
0 19
0 23
0 33
0 39
0 44
0 48
1 3
1 6
1 7
1 14
1 16
1 19
1 46
1 59
1 61
1 64
2 3
2 9
2 10
2 20
2 31
2 63
3 8
3 9
3 36
3 39
3 45
3 65
3 74
4 18
4 36
4 54
4 73
5 17
5 44
5 52
5 68
5 73
6 14
6 17
6 22
6 39
6 44
6 47
6 53
6 66
7 3
7 6
7 14
7 30
7 31
7 35
7 46
7 64
8 20
8 26
8 27
8 45
8 47
8 65
8 70
8 76
9 21
9 25
9 37
9 50
9 60
9 77
10 0
10 3
10 22
10 51
10 54
10 74
10 77
10 79
11 3
11 48
11 49
11 60
11 67
11 70
11 79
12 16
12 35
12 41
12 47
12 57
12 59
12 79
13 16
13 38
13 45
13 51
13 54
13 75
14 3
14 8
14 22
14 29
14 37
14 40
14 43
14 45
14 50
14 58
14 70
14 79
15 4
15 32
15 46
15 77
16 9
16 27
16 28
16 36
16 41
16 55
16 72
17 3
17 4
17 15
17 16
17 27
17 63
17 65
17 69
18 9
18 21
18 52
18 64
18 69
18 72
18 76
19 11
19 26
19 42
20 21
20 22
20 27
20 35
20 41
20 62
20 63
20 77
20 79
21 0
21 13
21 17
21 26
21 34
21 66
22 16
22 27
22 28
22 36
22 37
22 42
22 77
23 7
23 19
23 20
23 22
23 26
23 28
23 32
23 38
23 41
23 42
23 43
23 48
23 62
23 70
23 75
23 76
24 3
24 8
24 11
24 33
24 42
24 45
24 55
24 59
24 64
24 75
24 78
25 11
25 32
25 61
25 62
25 64
26 0
26 2
26 24
26 42
26 54
26 56
26 58
26 62
26 65
27 9
27 44
27 46
27 50
27 57
27 67
27 71
28 21
28 37
28 56
28 69
28 72
29 0
29 7
29 39
29 63
29 64
29 70
30 4
30 20
30 36
30 43
30 51
30 52
31 1
31 14
31 20
31 35
31 41
31 60
31 69
31 70
31 77
32 5
32 11
32 12
32 21
32 27
32 48
32 61
32 77
33 8
33 21
33 22
33 36
33 53
33 60
33 67
34 1
34 28
34 30
34 31
34 35
35 1
35 26
35 30
35 33
35 36
35 49
35 62
35 73
35 79
36 6
36 11
36 17
36 28
36 50
36 77
36 78
37 3
37 7
37 8
37 25
37 33
37 65
37 69
38 0
38 9
38 14
38 22
38 44
38 63
38 68
39 7
39 8
39 30
39 36
39 75
40 11
40 20
40 32
40 60
40 73
41 5
41 19
41 21
41 22
41 26
41 29
41 39
41 54
41 63
41 65
42 2
42 14
42 31
42 36
42 38
42 51
42 53
43 8
43 11
43 20
43 31
43 46
43 62
43 71
43 78
44 10
44 11
44 15
44 24
44 28
44 30
44 31
44 35
44 37
44 43
44 53
44 60
44 64
44 66
44 67
44 79
45 4
45 21
45 22
45 23
45 39
45 41
45 46
45 66
45 69
45 70
45 74
46 31
46 40
46 42
46 53
46 71
47 1
47 31
47 50
47 64
47 72
47 77
47 79
48 9
48 15
48 17
48 27
48 29
48 43
48 52
48 62
48 71
48 79
49 15
49 34
49 37
49 45
49 51
49 53
49 62
49 63
49 70
50 5
50 23
50 33
50 34
50 40
50 43
50 51
50 54
50 66
50 68
50 71
50 77
51 47
51 58
51 64
51 71
52 0
52 11
52 16
52 23
52 27
52 29
52 44
52 56
52 77
52 79
53 7
53 10
53 17
53 27
53 35
53 55
54 15
54 17
54 34
54 40
54 52
54 74
55 1
55 7
55 15
55 28
55 39
55 41
55 42
55 51
55 56
55 62
55 65
55 78
56 1
56 10
56 18
56 35
56 62
56 64
56 71
57 0
57 5
57 11
57 13
57 40
57 42
57 50
57 52
57 61
57 73
57 75
58 0
58 8
58 39
58 41
58 47
58 66
58 67
58 68
58 72
58 74
58 77
59 3
59 4
59 10
59 18
59 44
59 46
59 48
59 53
59 62
59 63
59 66
59 75
60 3
60 28
60 42
60 46
60 50
60 52
60 67
60 70
61 0
61 12
61 16
61 45
61 78
62 12
62 14
62 42
62 60
62 75
62 77
63 1
63 13
63 19
63 25
63 39
63 43
63 53
63 64
64 9
64 12
64 26
64 38
64 45
64 48
64 49
64 54
64 71
64 73
64 74
65 0
65 7
65 59
65 76
65 77
66 4
66 20
66 22
66 29
66 57
67 0
67 5
67 6
67 7
67 14
67 17
67 21
67 31
67 35
67 40
67 42
67 59
67 77
68 8
68 15
68 26
68 32
68 37
68 42
68 52
68 59
68 69
68 73
69 10
69 13
69 19
69 48
69 53
69 70
70 3
70 5
70 15
70 20
70 36
70 59
71 24
71 26
71 36
71 38
71 49
71 66
72 6
72 8
72 11
72 12
72 22
72 27
72 48
72 61
72 64
72 71
72 78
73 3
73 8
73 20
73 31
73 34
73 45
73 63
73 66
73 67
74 7
74 15
74 28
74 30
74 35
74 56
74 63
74 78
75 10
75 16
75 20
75 22
75 28
75 51
75 55
75 58
75 60
76 5
76 10
76 12
76 15
76 22
76 26
76 43
76 53
76 62
76 67
76 78
77 4
77 12
77 35
77 42
77 64
77 69
77 70
77 76
77 79
78 7
78 26
78 28
78 47
78 49
78 54
78 59
78 68
78 73
79 13
79 16
79 28
79 29
79 51
79 56
79 78
0 1 2 3 4 5 6 7 8 9 10 11 12 13 14 15 16 17 18 19
