80 632 6
0 2
0 10
0 25
0 27
0 42
0 50
0 63
0 64
0 68
1 10
1 11
1 16
1 18
1 19
1 26
1 48
1 63
1 74
1 78
2 5
2 8
2 9
2 11
2 15
2 46
2 50
2 52
3 10
3 26
3 31
3 49
3 59
3 70
4 5
4 11
4 24
4 48
4 63
4 79
5 23
5 42
5 57
5 72
6 4
6 8
6 21
6 26
6 33
6 49
6 51
6 58
7 1
7 19
7 24
7 28
7 49
7 59
8 24
8 28
8 30
8 50
8 54
8 69
8 78
9 5
9 6
9 21
9 38
9 41
9 46
9 59
9 72
10 24
10 27
10 38
10 49
10 67
11 8
11 15
11 19
12 5
12 10
12 20
12 25
12 31
12 32
12 37
12 47
12 48
12 59
12 61
12 62
13 2
13 14
13 25
13 52
13 54
13 59
13 61
13 66
13 69
14 0
14 21
14 29
14 34
14 38
14 56
14 64
14 65
14 67
14 76
15 3
15 4
15 9
15 35
15 36
15 39
15 48
16 14
16 15
16 40
16 47
16 54
16 65
16 66
17 24
17 36
17 47
17 74
17 75
18 9
18 23
18 31
18 35
18 46
18 51
18 60
18 79
19 4
19 16
19 25
19 27
19 43
19 44
19 48
19 70
20 8
20 21
20 32
20 36
20 55
20 63
20 64
20 79
21 19
21 34
21 49
21 51
21 62
21 67
22 8
22 21
22 28
22 61
22 72
22 78
23 16
23 17
23 41
23 48
23 67
23 70
23 71
23 75
24 15
24 22
24 31
24 32
24 38
24 53
24 58
24 59
24 69
24 75
25 4
25 8
25 16
25 20
25 32
25 33
25 39
25 40
25 46
25 48
25 57
25 62
26 11
26 12
26 13
26 19
26 24
26 32
26 40
26 46
26 48
26 51
26 60
27 9
27 11
27 40
27 44
27 50
27 68
27 72
27 73
28 12
28 14
28 16
28 39
28 47
28 49
28 51
29 7
29 28
29 35
29 56
29 62
29 66
29 79
30 32
30 54
30 60
30 69
30 73
31 7
31 11
31 30
31 54
31 59
31 65
31 69
31 77
32 2
32 9
32 21
32 29
32 37
32 40
32 46
32 52
32 54
32 60
32 62
33 8
33 22
33 29
33 31
33 39
33 52
33 61
33 78
34 0
34 8
34 11
34 16
34 25
34 58
34 70
35 10
35 17
35 41
35 44
35 53
35 65
35 76
35 78
36 11
36 14
36 19
36 22
36 31
36 43
37 5
37 8
37 15
37 16
37 40
37 61
37 66
37 75
38 1
38 13
38 29
38 32
38 68
38 71
38 74
39 3
39 13
39 19
39 20
39 35
39 36
39 46
40 18
40 22
40 69
40 79
41 13
41 16
41 30
41 31
41 40
41 50
41 58
41 60
41 66
41 73
41 78
42 1
42 3
42 10
42 16
42 17
42 28
42 46
42 63
42 67
43 0
43 8
43 12
43 18
43 31
43 32
43 40
43 47
43 56
43 64
43 69
43 71
44 17
44 21
44 37
44 56
44 59
44 66
44 70
44 71
45 0
45 1
45 5
45 9
45 11
45 15
45 19
45 20
45 21
45 27
45 37
45 47
45 50
45 55
45 74
45 77
46 17
46 28
46 29
46 35
46 54
46 60
46 64
46 67
46 76
47 13
47 25
47 29
47 32
47 38
47 41
47 62
47 64
48 2
48 11
48 20
48 28
48 35
48 50
48 54
48 58
48 64
48 69
48 75
48 76
49 9
49 13
49 17
49 32
49 33
49 37
49 71
50 4
50 5
50 7
50 22
50 37
50 44
50 58
50 66
50 71
51 1
51 31
51 34
51 45
51 47
52 0
52 12
52 21
52 41
52 49
52 50
52 65
52 69
52 71
52 77
53 22
53 34
53 57
53 63
53 67
53 68
54 6
54 20
54 61
55 3
55 10
55 14
55 24
55 54
55 56
55 60
55 62
55 66
55 68
56 1
56 6
56 13
56 19
56 26
56 31
56 58
56 61
56 67
56 69
56 77
57 1
57 2
57 4
57 7
57 8
57 9
57 10
57 17
57 19
57 33
57 39
57 50
57 61
58 2
58 3
58 36
58 39
58 47
58 67
58 77
59 10
59 35
59 41
59 57
59 58
59 62
59 72
59 73
60 2
60 6
60 7
60 33
60 36
60 49
60 64
60 65
61 24
61 25
61 27
61 44
61 64
62 17
62 34
62 39
62 40
62 65
62 72
63 14
63 29
63 36
63 37
63 38
63 58
63 60
63 69
63 75
64 15
64 27
64 36
64 44
65 32
65 41
65 73
66 3
66 26
66 45
66 54
66 56
66 72
66 73
67 3
67 26
67 30
67 31
67 33
67 34
67 51
67 59
67 73
68 7
68 29
68 30
68 43
68 47
68 48
68 52
68 63
69 26
69 42
69 58
69 59
70 0
70 2
70 20
70 29
70 37
70 42
70 65
70 69
70 74
71 6
71 8
71 13
71 28
71 32
71 45
71 61
71 68
71 72
72 10
72 15
72 17
72 23
72 28
72 47
72 57
72 64
73 2
73 38
73 40
73 51
73 58
73 60
73 69
73 74
74 0
74 4
74 11
74 19
74 27
74 43
74 46
74 49
74 51
74 72
75 20
75 35
75 36
75 40
75 42
75 53
75 66
75 77
76 0
76 3
76 23
76 26
76 29
76 31
76 34
76 39
76 45
76 50
77 1
77 17
77 20
77 25
77 26
77 32
77 36
77 60
77 64
78 0
78 10
78 21
78 25
78 27
79 0
79 13
79 32
79 39
79 44
79 48
79 50
79 52
79 63
79 70
79 76
0 1 2 3 4 5
