80 632 20
0 6
0 8
0 12
0 13
0 33
0 42
0 51
0 52
0 54
0 73
1 5
1 6
1 13
1 17
1 19
1 28
1 43
1 46
1 62
1 67
1 74
1 75
2 7
2 16
2 20
2 46
2 47
2 66
2 72
2 73
3 10
3 21
3 46
3 52
3 66
3 73
3 76
4 10
4 17
4 42
4 56
5 3
5 6
5 12
5 14
5 21
5 24
5 43
5 65
5 67
6 27
6 35
6 38
6 44
6 52
6 66
7 6
7 13
7 22
7 28
7 56
7 60
7 71
8 9
8 19
8 27
8 35
8 40
8 58
8 66
8 70
8 71
9 14
9 17
9 32
9 53
9 55
10 0
10 7
10 36
10 38
10 46
10 58
10 65
11 10
11 12
11 24
11 31
11 33
11 40
11 45
11 49
12 7
12 8
12 29
12 32
12 39
12 46
12 47
12 50
12 66
12 74
12 75
13 2
13 9
13 10
13 12
13 18
13 22
13 26
13 36
13 38
13 46
13 57
13 61
13 64
13 76
14 0
14 3
14 4
14 12
14 42
14 64
14 68
14 70
15 9
15 13
15 20
15 28
15 46
15 64
16 21
16 22
16 30
16 37
16 39
16 60
16 66
16 72
16 74
17 2
17 8
17 27
17 39
17 48
17 51
17 61
18 5
18 9
18 24
18 41
18 52
18 67
19 4
19 9
19 13
19 16
19 41
19 53
19 56
20 3
20 7
20 12
20 23
20 40
20 55
20 57
20 74
21 8
21 9
21 12
21 15
21 24
21 34
21 70
21 73
22 1
22 20
22 23
22 42
22 51
22 61
22 64
22 65
22 70
23 3
23 4
23 13
23 16
23 32
23 34
23 46
23 49
23 76
24 1
24 19
24 23
24 32
24 41
24 43
24 44
24 51
24 59
24 63
24 66
24 74
25 6
25 12
25 33
25 42
25 62
25 68
25 70
26 8
26 14
26 18
26 28
26 29
26 32
26 58
26 70
27 1
27 20
27 21
27 47
27 62
27 65
27 76
28 11
28 14
28 50
28 73
29 1
29 21
29 28
29 30
29 32
29 74
30 1
30 6
30 26
30 41
30 61
30 63
30 73
31 6
31 38
31 59
31 68
32 10
32 37
32 39
32 65
32 76
33 17
33 24
33 31
33 32
33 39
33 45
33 51
33 52
33 56
33 67
34 0
34 28
34 35
34 38
34 40
34 41
34 58
34 60
35 30
35 36
35 49
35 75
36 2
36 3
36 12
36 19
36 30
36 55
36 61
36 67
36 77
37 8
37 14
37 19
37 21
37 26
37 42
37 55
37 60
37 72
38 1
38 9
38 14
38 36
39 0
39 14
39 19
39 20
39 26
39 41
39 67
39 71
39 75
40 9
40 37
40 49
40 50
40 69
40 71
41 7
41 14
41 17
41 25
41 29
41 60
41 75
42 10
42 16
42 26
42 32
42 40
42 41
42 45
42 53
42 59
42 65
42 69
42 73
43 33
43 34
43 36
43 38
43 48
43 51
43 67
44 10
44 21
44 25
44 27
44 35
44 39
44 65
44 67
44 70
45 15
45 49
45 53
45 62
45 64
45 73
46 21
46 39
46 41
46 49
46 53
46 56
46 65
46 74
47 13
47 15
47 17
47 28
47 29
47 31
47 34
47 41
47 45
47 53
47 56
47 57
47 59
47 61
47 63
47 66
48 3
48 6
48 7
48 8
48 18
48 26
48 33
48 41
48 63
48 65
48 72
48 73
48 77
49 0
49 1
49 7
49 8
49 32
49 39
49 51
49 57
49 64
49 70
50 2
50 6
50 7
50 27
50 32
50 38
50 41
50 42
50 63
50 71
50 74
51 13
51 26
51 47
51 65
52 4
52 20
52 34
52 48
52 59
52 67
52 76
53 11
53 15
53 20
53 32
53 37
53 66
53 77
53 79
54 2
54 21
54 29
54 33
54 49
54 50
54 52
54 57
54 58
55 15
55 17
55 24
55 25
55 34
55 45
55 46
55 47
55 59
55 64
55 67
56 16
56 50
56 59
56 68
56 74
56 76
56 78
57 2
57 27
57 65
57 66
57 79
58 0
58 14
58 35
58 38
58 40
58 41
58 42
58 52
58 66
59 0
59 2
59 6
59 12
59 28
59 34
59 36
59 45
59 64
59 74
59 76
60 9
60 19
60 36
60 38
60 42
60 50
60 54
60 58
60 59
60 67
61 23
61 29
61 41
61 55
61 63
61 71
61 74
62 12
62 21
62 30
62 32
62 34
62 39
62 78
63 0
63 13
63 14
63 57
63 59
63 68
63 74
64 0
64 2
64 12
64 35
64 37
64 47
64 52
64 70
64 73
65 3
65 6
65 7
65 20
65 59
65 60
65 61
65 63
66 0
66 4
66 22
66 30
66 32
66 33
66 50
66 64
67 3
67 66
68 12
68 39
68 41
68 46
68 48
68 50
68 51
69 6
69 8
69 9
69 33
69 50
69 75
69 76
70 3
70 13
70 59
70 71
70 76
71 2
71 4
71 17
71 22
71 28
71 30
71 38
71 45
71 47
71 48
72 0
72 30
72 36
72 45
72 53
72 54
72 78
73 6
73 7
73 9
73 24
73 31
73 36
73 43
73 51
73 72
74 28
74 39
74 43
74 79
75 2
75 3
75 15
75 16
75 33
75 38
75 51
75 58
75 62
75 70
75 72
75 79
76 9
76 15
76 39
76 40
76 65
76 75
76 77
77 6
77 9
77 13
77 19
77 29
77 34
77 40
77 46
77 61
77 64
77 70
78 3
78 13
78 59
78 65
79 3
79 10
79 15
79 17
79 41
79 43
79 72
79 78
0 1 2 3 4 5 6 7 8 9 10 11 12 13 14 15 16 17 18 19
