80 632 16
0 1
0 5
0 12
0 14
0 28
0 38
0 59
0 64
0 65
1 45
1 50
1 54
1 56
1 57
1 65
1 75
2 14
2 15
2 26
2 27
2 39
2 45
2 46
2 57
3 4
3 11
3 14
3 39
3 42
3 60
3 76
4 27
4 32
4 34
4 38
4 53
4 64
5 11
5 20
5 37
5 52
5 59
6 2
6 4
6 12
6 13
6 19
6 20
6 22
6 26
6 27
6 41
6 74
6 77
7 0
7 3
7 9
7 22
7 30
7 45
7 71
7 74
8 2
8 43
8 47
8 60
8 74
9 1
9 21
9 35
9 40
9 44
9 49
9 57
9 63
9 76
10 14
10 19
10 30
10 40
10 41
10 65
10 76
11 10
11 15
11 27
11 33
11 49
11 50
11 60
11 62
11 63
11 67
12 11
12 17
12 47
12 59
12 70
12 73
13 14
13 16
13 29
13 43
13 47
13 58
13 68
14 15
14 17
14 18
14 21
14 33
14 40
14 46
14 61
15 26
15 32
15 37
15 39
15 42
15 48
15 56
16 1
16 4
16 5
16 10
16 15
16 20
16 34
16 40
16 54
16 59
16 63
16 71
17 25
17 28
17 30
17 40
17 55
17 77
17 78
18 6
18 9
18 24
18 30
18 38
18 48
18 49
19 3
19 7
19 25
19 26
19 29
19 48
19 60
19 70
19 79
20 0
20 10
20 12
20 13
20 15
20 29
20 33
20 57
21 7
21 41
21 45
21 47
21 49
21 52
21 53
21 62
21 68
21 77
22 2
22 14
22 15
22 36
22 38
22 47
22 48
22 73
23 3
23 5
23 15
23 19
23 25
23 30
23 31
23 34
23 39
23 52
23 62
23 63
24 9
24 15
24 34
24 47
24 58
24 78
25 1
25 16
25 20
25 26
25 28
25 29
25 34
25 54
26 3
26 9
26 13
26 16
26 22
26 38
26 39
26 51
26 68
26 69
26 74
27 3
27 7
27 12
27 16
27 18
27 21
27 26
27 40
27 62
27 67
27 70
28 8
28 10
28 13
28 14
28 16
28 23
28 46
29 4
29 7
29 10
29 15
29 18
29 28
29 32
29 35
29 39
29 53
29 65
29 71
29 72
30 0
30 15
30 33
30 34
30 66
30 68
30 69
30 77
31 4
31 29
31 43
31 48
31 53
31 61
31 71
32 0
32 8
32 10
32 12
32 34
32 41
32 51
32 66
32 69
33 4
33 10
33 21
33 34
33 39
33 49
33 76
34 3
34 7
34 13
34 27
34 42
34 47
34 64
35 7
35 8
35 18
35 22
35 25
35 31
35 36
35 41
35 46
35 51
35 76
36 4
36 5
36 12
36 17
36 27
36 30
36 49
36 56
36 70
36 79
37 1
37 7
37 30
37 34
37 54
38 12
38 29
38 33
38 36
38 49
38 51
39 6
39 27
39 35
39 63
39 78
40 6
40 12
40 18
40 19
40 28
40 47
40 54
40 76
41 3
41 56
41 59
42 4
42 7
42 9
42 10
42 27
42 33
42 75
43 7
43 15
43 29
43 36
43 44
43 52
43 60
44 1
44 6
44 11
44 26
44 30
44 39
44 52
44 56
44 65
44 67
45 14
45 19
45 28
45 29
45 41
45 49
45 65
45 68
45 79
46 9
46 19
46 33
46 40
46 48
46 51
46 70
46 77
47 9
47 16
47 39
47 53
47 68
47 71
47 72
48 2
48 4
48 5
48 14
48 20
48 35
48 36
48 50
48 51
48 57
48 63
49 31
49 40
49 44
49 67
49 74
50 10
50 29
50 39
50 51
50 52
50 54
50 55
50 58
50 65
50 67
51 18
51 20
51 22
51 23
51 49
51 64
52 11
52 15
52 24
52 32
52 39
52 56
52 57
52 60
53 7
53 17
53 39
53 62
53 65
53 77
53 79
54 8
54 10
54 30
54 32
54 35
54 36
54 52
54 53
54 63
54 68
54 71
54 73
55 10
55 31
55 62
55 76
55 77
56 5
56 13
56 17
56 19
56 27
56 29
56 33
56 49
56 50
56 54
56 60
56 67
56 70
56 73
56 74
56 78
57 0
57 5
57 18
57 26
57 34
57 62
57 65
57 79
58 4
58 10
58 15
58 19
58 20
58 30
58 34
58 35
58 36
58 40
58 45
58 47
58 74
59 9
59 10
59 20
59 55
59 58
59 77
59 78
60 33
60 45
60 47
60 48
61 15
61 35
61 46
61 52
61 58
61 62
61 67
61 70
61 73
62 3
62 10
62 13
62 28
62 32
62 39
63 8
63 10
63 24
63 25
63 26
63 38
63 52
63 53
63 67
64 20
64 32
64 65
64 67
64 75
64 78
65 12
65 60
65 78
66 4
66 27
66 29
66 31
66 44
66 51
66 63
66 65
66 69
66 70
67 1
67 16
67 19
67 30
67 31
67 32
67 65
68 6
68 14
68 16
68 23
68 24
68 50
68 61
68 62
68 64
68 72
69 1
69 4
69 19
69 25
69 35
69 47
69 52
70 1
70 15
70 18
70 28
70 32
70 39
70 50
71 21
71 34
71 38
71 55
71 63
71 68
71 74
72 14
72 25
72 35
72 51
72 52
72 59
72 65
73 3
73 36
73 43
73 57
73 58
73 71
73 75
73 78
74 35
74 45
74 60
74 65
74 76
75 14
75 17
75 25
75 37
75 49
75 71
76 2
76 27
76 30
76 32
76 50
76 54
76 56
77 8
77 33
77 35
77 36
77 39
77 45
77 68
77 73
77 75
78 0
78 7
78 10
78 29
78 46
78 58
79 1
79 13
79 17
79 29
79 43
79 49
79 68
0 1 2 3 4 5 6 7 8 9 10 11 12 13 14 15
