80 632 20
0 5
0 7
0 11
0 13
0 26
0 42
0 46
0 53
0 60
0 78
1 36
1 38
1 40
1 41
1 44
1 53
1 78
1 79
2 15
2 21
2 31
2 33
2 34
3 4
3 14
3 28
3 29
3 52
3 63
3 65
3 73
4 10
4 29
4 33
4 51
4 58
4 69
5 9
5 17
5 54
5 64
5 76
5 77
5 79
6 11
6 25
6 32
6 49
6 52
6 74
7 12
7 18
7 20
7 34
7 53
8 7
8 15
8 42
8 46
9 35
9 45
9 53
9 62
9 75
10 0
10 6
10 15
10 21
10 32
10 58
10 60
10 63
10 69
10 76
11 3
11 15
11 44
11 51
11 54
12 22
12 35
12 51
12 57
12 60
12 62
12 64
12 76
12 79
13 12
13 16
13 17
13 20
13 48
13 50
13 70
13 78
14 0
14 2
14 4
14 11
14 17
14 19
14 39
14 46
14 48
14 55
14 58
14 64
14 65
14 70
14 72
15 5
15 17
15 20
15 37
15 46
16 12
16 21
16 38
16 39
16 41
16 46
16 50
16 61
16 76
17 11
17 34
17 35
17 56
17 57
17 60
17 67
17 71
17 76
18 23
18 30
18 40
18 60
18 62
18 69
19 12
19 16
19 17
19 36
19 43
19 45
19 46
19 73
19 76
19 77
20 25
20 57
20 71
20 73
20 76
21 20
21 22
21 34
21 69
21 71
21 73
21 76
22 14
22 16
22 23
22 29
22 33
22 40
22 45
22 52
22 55
22 59
22 63
22 78
23 16
23 20
23 25
23 45
23 54
23 67
23 75
24 19
24 21
24 46
24 56
24 64
25 4
25 15
25 17
25 26
25 36
25 41
25 67
25 75
25 79
26 3
26 7
26 13
26 17
26 18
26 32
26 35
26 47
27 0
27 5
27 13
27 14
27 31
27 39
27 49
27 62
27 65
27 67
28 10
28 45
28 56
28 68
28 69
29 31
29 48
29 57
29 63
30 7
30 21
30 27
30 29
30 39
30 46
30 54
30 55
30 69
30 70
31 3
31 4
31 47
31 55
31 73
32 3
32 18
32 29
32 42
32 46
32 57
32 75
33 14
33 37
33 48
33 56
33 59
33 60
34 0
34 8
34 9
34 41
34 59
34 72
35 5
35 10
35 36
35 45
35 52
35 60
35 67
36 24
36 30
36 34
36 43
36 47
36 50
36 51
36 58
37 7
37 13
37 28
37 35
38 13
38 43
38 53
38 59
38 72
39 11
39 25
39 66
39 78
40 26
40 31
40 32
40 47
40 48
41 11
41 13
41 14
41 27
41 29
41 33
41 35
41 46
41 55
41 69
41 77
42 4
42 19
42 50
42 58
42 59
42 61
42 64
42 65
43 12
43 13
43 22
43 23
43 28
43 49
43 53
43 55
43 69
44 15
44 19
44 21
44 29
44 30
44 31
44 33
44 37
44 41
44 68
44 69
45 0
45 21
45 32
45 36
45 58
45 70
46 2
46 3
46 11
46 20
46 21
46 31
46 38
46 42
46 48
46 51
46 59
46 63
46 64
46 66
47 11
47 22
47 35
47 38
47 41
47 51
47 58
47 63
47 64
47 73
47 77
48 1
48 12
48 16
48 18
48 20
48 21
48 26
48 28
48 35
48 37
48 38
48 53
48 61
48 63
49 1
49 3
49 15
49 22
49 36
49 54
49 58
49 62
49 64
49 73
49 77
50 9
50 15
50 25
50 28
50 43
50 44
50 67
51 1
51 3
51 7
51 10
51 15
51 17
51 19
51 27
51 43
51 61
51 79
52 15
52 30
52 36
52 38
52 43
52 54
52 57
53 3
53 4
53 15
53 26
53 41
53 47
53 56
53 66
53 70
53 73
53 79
54 14
54 31
54 38
54 42
54 48
54 63
54 66
54 69
55 11
55 13
55 18
55 59
55 65
55 74
55 75
55 77
56 9
56 11
56 14
56 34
56 41
56 58
56 62
56 78
57 1
57 4
57 25
57 27
57 30
57 35
57 40
58 11
58 16
58 19
58 29
58 35
58 48
58 53
58 62
58 74
58 76
59 7
59 8
59 28
59 32
59 36
59 51
59 60
60 7
60 20
60 39
60 64
61 5
61 6
61 12
61 26
61 38
61 40
61 55
61 59
61 62
61 69
62 1
62 4
62 7
62 10
62 14
62 16
62 46
62 59
62 60
62 68
62 71
62 78
63 6
63 9
63 17
63 30
63 34
63 69
64 0
64 21
64 52
64 62
64 68
64 74
64 76
65 12
65 17
65 46
65 66
65 68
66 0
66 8
66 9
66 15
66 18
66 22
66 34
66 57
66 77
67 5
67 7
67 11
67 26
67 40
67 51
67 64
67 66
67 71
67 74
68 0
68 24
68 35
68 36
68 46
68 50
68 52
69 0
69 3
69 8
69 15
69 19
69 20
69 29
69 49
69 51
69 60
69 70
70 1
70 3
70 28
70 35
70 40
70 54
71 4
71 7
71 16
71 28
71 40
71 48
71 68
71 70
71 72
71 79
72 0
72 19
72 28
72 52
72 54
72 63
72 64
72 65
73 5
73 10
73 11
73 30
73 37
73 38
73 41
73 44
73 48
73 66
73 71
73 72
74 14
74 16
74 18
74 20
74 61
74 77
75 0
75 3
75 14
75 30
75 33
75 52
75 62
75 65
75 79
76 27
76 33
76 37
76 44
76 50
76 52
76 53
77 3
77 16
77 45
77 46
77 69
77 76
78 4
78 9
78 19
78 29
78 32
78 34
78 40
78 45
78 47
78 51
78 60
78 69
79 6
79 9
79 33
79 39
79 40
79 58
79 64
0 1 2 3 4 5 6 7 8 9 10 11 12 13 14 15 16 17 18 19
