80 632 6
0 4
0 5
0 7
0 10
0 20
0 26
0 28
0 29
0 38
0 66
0 69
0 73
0 75
0 78
1 9
1 41
1 54
1 59
1 75
1 77
2 3
2 6
2 8
2 24
2 31
2 39
2 48
2 60
2 64
2 68
3 9
3 18
3 27
3 39
3 43
3 51
3 65
3 74
4 16
4 34
4 38
4 42
4 45
4 57
4 74
4 77
4 79
5 8
5 9
5 31
5 40
5 41
5 43
5 67
5 72
6 0
6 28
6 31
6 36
6 45
6 47
6 51
6 55
6 64
6 73
6 74
7 3
7 12
7 29
7 34
7 44
7 46
7 52
8 4
8 7
8 10
8 31
8 45
8 48
9 31
9 54
9 60
9 66
9 75
10 16
10 19
10 28
10 32
10 42
10 44
10 52
11 0
11 3
11 44
11 46
11 70
12 21
12 25
12 28
12 34
12 38
12 47
12 51
12 58
12 66
12 71
12 74
12 77
13 2
13 7
13 34
13 35
13 37
13 41
14 6
14 9
14 26
14 33
14 35
14 36
14 41
14 48
14 74
15 3
15 5
15 22
15 41
15 44
15 53
15 56
15 58
15 68
15 75
15 76
15 77
16 11
16 21
16 29
16 37
16 40
16 47
16 57
16 65
17 20
17 25
17 38
17 39
17 49
17 56
17 73
18 1
18 6
18 19
18 23
18 41
18 49
18 63
18 78
19 1
19 16
19 17
19 20
19 23
19 28
19 31
19 36
19 38
19 43
19 49
19 55
19 59
19 61
19 76
19 78
20 3
20 4
20 11
20 13
20 23
20 28
20 36
20 37
20 38
20 59
20 64
20 66
21 6
21 14
21 15
21 28
21 34
21 46
22 11
22 14
22 33
22 36
22 37
22 44
22 50
22 57
22 68
22 69
23 0
23 7
23 9
23 34
23 52
23 56
23 57
23 66
24 0
24 9
24 20
24 38
24 43
24 47
25 9
25 11
25 26
25 55
25 58
25 67
25 78
26 3
26 5
26 8
26 27
26 41
26 68
27 0
27 6
27 10
27 15
27 16
27 29
27 36
27 68
27 76
27 78
28 15
28 24
28 27
28 43
28 54
28 69
29 2
29 8
29 9
29 36
29 38
29 65
29 70
29 73
29 75
30 6
30 8
30 12
30 14
30 15
30 25
30 52
30 78
31 4
31 12
31 13
31 14
31 17
31 53
31 57
32 17
32 25
32 39
32 64
32 71
32 72
33 2
33 12
33 16
33 17
33 18
33 38
33 56
33 78
34 3
34 16
34 40
34 49
34 78
35 5
35 17
35 58
35 68
36 4
36 13
36 15
36 30
36 37
36 56
36 57
36 65
36 67
37 12
37 28
37 29
37 32
38 5
38 6
38 7
38 21
38 35
38 53
38 62
39 4
39 6
39 13
39 24
39 44
39 52
39 57
39 62
39 67
39 78
40 0
40 1
40 8
40 26
40 31
40 54
40 55
40 62
41 0
41 4
41 23
41 27
41 38
41 55
41 57
41 61
41 69
41 71
42 3
42 6
42 29
42 30
42 32
42 36
42 38
42 44
42 47
42 66
42 70
42 75
43 20
43 36
43 38
43 54
43 62
43 74
44 6
44 8
44 35
44 37
44 57
44 65
44 74
44 77
45 0
45 3
45 16
45 50
45 53
45 73
46 1
46 14
46 28
46 39
46 54
46 66
46 77
47 19
47 23
47 30
47 32
47 34
47 50
47 51
47 57
47 64
48 0
48 3
48 33
48 46
48 52
48 57
49 6
49 12
49 35
49 63
50 1
50 17
50 18
50 19
50 30
50 49
50 51
50 55
50 58
51 7
51 13
51 15
51 17
51 19
51 24
51 34
51 62
51 73
51 77
51 78
52 1
52 2
52 6
52 25
52 44
52 56
52 65
52 67
52 79
53 0
53 11
53 16
53 34
53 62
53 68
53 69
53 78
54 2
54 5
54 17
54 27
54 52
54 56
54 58
54 65
54 69
54 72
54 77
55 2
55 10
55 16
55 18
55 22
55 31
55 34
55 39
55 57
55 61
55 76
56 2
56 12
56 24
56 35
56 37
56 38
56 51
56 73
57 8
57 9
57 38
57 53
57 63
58 23
58 39
58 51
58 78
59 2
59 9
59 22
59 29
59 42
59 55
59 56
59 60
59 65
59 73
60 6
60 16
60 22
60 23
60 79
61 2
61 3
61 5
61 7
61 12
61 17
61 22
61 27
61 50
61 53
62 6
62 27
62 36
62 47
62 58
62 66
62 67
63 15
63 23
63 25
63 35
63 44
63 51
63 53
64 0
64 1
64 13
64 17
64 18
64 22
64 30
64 37
64 42
64 45
64 49
64 55
64 58
64 59
64 77
65 27
65 33
65 71
66 4
66 10
66 22
66 34
66 55
67 3
67 6
67 15
67 18
67 41
67 46
67 55
67 77
68 13
68 18
68 24
68 25
68 36
68 74
68 77
69 5
69 8
69 21
69 32
69 34
69 64
69 78
70 5
70 27
70 32
70 48
70 54
70 56
70 61
71 2
71 13
71 23
71 35
71 40
71 69
72 3
72 6
72 13
72 14
72 43
72 50
72 65
72 75
72 78
73 18
73 28
73 38
74 21
74 25
74 32
74 36
74 41
74 46
74 49
74 50
74 66
74 78
75 14
75 20
75 31
75 40
75 66
75 71
75 76
76 17
76 18
76 24
76 32
76 42
76 45
76 66
76 74
77 9
77 17
77 19
77 25
77 34
77 40
77 60
77 72
78 14
78 26
78 59
79 5
79 8
79 13
79 22
79 25
79 30
79 41
79 43
79 48
79 49
79 69
79 71
79 75
0 1 2 3 4 5
