80 226 8
0 5
0 27
0 38
0 40
0 45
0 66
1 18
1 50
1 64
2 3
2 48
3 2
3 15
3 26
3 27
3 43
3 61
3 67
4 8
4 20
4 42
4 74
4 79
5 41
5 67
6 31
6 52
6 60
7 3
7 8
7 52
8 7
8 29
8 48
9 3
9 54
9 66
9 75
10 52
11 44
11 46
12 49
13 37
13 39
14 33
14 36
14 72
15 3
15 21
15 30
15 67
16 40
17 33
17 54
18 33
19 31
19 49
19 55
20 13
20 36
20 37
20 38
20 64
21 15
22 50
22 57
22 60
22 66
22 69
23 19
23 41
24 39
25 63
25 74
25 77
26 3
26 41
26 68
27 0
27 3
27 6
27 68
27 76
28 43
29 16
29 37
29 38
29 70
30 12
30 15
30 36
30 50
30 64
30 78
31 13
33 17
33 18
34 16
35 71
36 30
36 56
36 67
36 68
37 20
38 0
38 20
38 29
38 43
38 62
38 73
39 13
39 24
39 55
39 67
39 78
40 0
40 77
41 5
41 14
41 61
42 4
42 36
42 44
43 3
43 38
43 74
44 35
44 37
44 39
44 42
45 53
46 11
46 54
47 34
48 0
48 14
49 12
49 17
49 19
49 50
49 64
50 1
50 22
50 30
50 51
50 58
51 19
51 47
51 50
51 77
52 2
52 6
52 65
53 11
53 16
53 68
54 58
55 2
55 10
55 34
55 61
55 64
55 67
56 23
57 9
57 38
57 41
57 63
58 50
58 54
59 22
60 6
60 22
60 79
61 17
61 41
61 55
62 58
63 57
64 1
64 30
64 49
64 55
65 52
65 59
66 4
66 34
67 3
67 5
67 15
67 36
67 39
67 55
68 26
68 27
68 36
68 77
69 22
69 71
70 29
71 35
72 14
73 29
74 4
74 32
74 43
75 0
75 9
75 71
76 27
76 74
77 17
77 19
77 40
77 51
77 64
77 67
77 68
78 0
78 26
78 27
78 30
78 51
79 4
79 60
79 71
0 1 2 3 4 5 6 7
