80 204 20
0 6
0 13
0 27
0 42
0 58
1 9
1 39
1 41
1 61
1 67
1 79
2 58
2 70
3 7
3 45
4 35
4 40
5 53
6 0
6 26
6 37
6 50
6 62
6 69
7 3
8 50
9 1
10 50
10 56
11 51
12 11
12 23
12 37
12 47
12 77
13 15
13 24
13 51
13 57
13 74
14 34
14 65
15 13
15 29
16 34
16 60
17 34
17 45
18 26
19 63
20 35
20 64
20 72
20 79
21 43
21 50
22 28
23 52
23 61
24 53
24 64
25 59
26 6
26 18
26 77
27 0
27 4
27 73
28 10
28 22
29 76
30 25
30 50
30 78
31 26
31 78
32 62
32 69
32 72
33 34
33 42
33 55
33 59
34 14
34 16
34 17
34 33
34 37
34 71
35 4
35 20
36 50
36 72
37 6
37 11
37 12
37 34
37 39
37 41
38 62
38 68
39 1
39 37
39 52
40 4
40 55
40 70
40 78
41 1
41 37
42 0
42 33
43 9
43 21
43 49
43 54
43 77
44 46
44 50
45 3
45 17
46 76
47 12
47 48
48 27
49 43
49 52
50 6
50 8
50 10
50 21
50 30
50 36
50 44
50 51
50 52
50 76
51 11
51 13
51 50
52 23
52 39
52 49
52 50
53 5
53 24
54 1
54 43
55 58
55 74
56 10
56 67
57 78
58 0
58 55
59 21
59 25
59 33
60 16
61 23
62 6
62 38
62 66
63 19
63 43
63 69
64 24
64 63
65 14
65 59
66 62
66 75
67 1
67 18
67 56
67 61
68 38
68 54
68 57
69 6
69 32
69 63
70 2
70 40
71 50
72 20
72 32
73 27
74 13
75 66
75 77
76 29
76 46
76 50
77 12
77 26
77 43
77 75
78 31
78 40
78 57
79 1
79 20
79 36
0 1 2 3 4 5 6 7 8 9 10 11 12 13 14 15 16 17 18 19
