80 350 16
0 6
0 7
0 12
0 13
0 37
0 61
1 28
1 32
1 39
2 6
2 9
2 29
2 40
2 49
2 58
3 4
3 45
3 66
4 35
4 40
4 48
4 72
5 24
5 51
5 69
6 15
6 17
6 50
6 62
6 66
7 3
7 12
7 42
7 77
8 12
8 27
8 50
8 65
9 0
9 1
9 13
9 26
9 72
10 20
10 39
10 50
10 54
11 8
11 9
11 12
11 27
11 33
11 37
11 46
12 23
12 51
12 55
12 77
13 24
13 51
13 70
14 7
14 20
14 34
14 79
15 13
15 17
15 47
15 57
15 75
16 34
16 51
16 66
17 55
17 67
18 6
18 9
18 29
18 37
19 16
19 20
19 58
20 7
20 13
20 25
20 57
20 64
21 76
22 28
23 52
23 58
23 61
23 72
23 77
24 6
24 8
24 20
24 29
24 31
24 53
24 60
24 64
25 66
26 6
26 18
26 31
26 68
26 70
26 77
27 0
27 4
27 48
28 10
28 13
28 31
28 64
28 75
29 15
29 63
29 79
30 3
30 10
30 25
30 50
30 59
30 78
30 79
31 61
31 63
31 78
32 49
33 3
33 21
33 50
34 17
34 33
34 35
34 37
34 55
34 71
35 19
35 20
35 21
35 31
35 58
35 73
36 52
37 6
37 12
37 30
37 33
37 39
37 41
37 46
37 47
37 53
38 8
38 36
38 57
38 62
38 68
38 75
39 60
40 8
40 55
41 1
41 22
41 48
41 53
42 0
42 23
42 33
42 44
42 70
43 6
43 9
43 21
43 54
43 76
43 77
44 26
44 32
44 37
45 17
45 76
45 79
46 44
46 49
46 76
47 12
47 64
48 1
48 5
48 13
48 47
49 7
49 42
49 43
49 52
49 60
49 68
49 72
50 21
50 36
50 44
50 52
51 11
51 36
51 42
51 46
51 50
51 61
51 68
51 69
52 6
52 21
52 39
52 48
52 62
53 5
53 25
53 28
53 29
53 60
53 68
53 76
54 1
54 13
54 35
54 45
54 65
54 71
55 20
55 33
55 38
55 41
55 47
55 51
55 64
55 65
55 73
55 74
56 10
56 14
56 15
56 51
56 73
57 8
57 13
57 25
57 31
57 63
57 78
58 0
58 25
58 27
58 32
58 55
58 63
58 74
58 76
59 21
59 25
59 33
59 46
59 51
59 70
60 16
60 48
60 67
61 1
61 64
61 71
62 13
62 32
62 49
62 66
62 78
63 19
63 32
63 43
63 69
63 75
63 78
64 13
64 63
65 2
65 7
65 9
65 14
65 19
65 59
65 63
66 23
66 75
67 1
67 14
67 18
67 24
67 56
67 61
68 13
68 54
68 57
68 77
69 6
69 31
69 32
69 79
70 2
70 40
71 15
71 50
72 5
72 20
72 32
72 35
72 36
72 62
73 27
73 46
74 13
74 15
75 9
75 14
75 36
75 69
76 29
76 36
76 44
76 49
76 50
76 75
77 2
77 27
77 54
77 75
78 15
78 23
78 39
78 40
78 73
79 1
79 6
79 8
79 11
79 20
79 36
79 37
79 76
0 1 2 3 4 5 6 7 8 9 10 11 12 13 14 15
