80 350 6
0 1
0 13
0 26
0 48
0 60
0 73
0 77
1 11
1 22
2 3
2 10
2 14
2 16
2 30
2 49
2 68
3 17
3 24
3 42
3 44
3 45
3 52
3 75
4 8
4 32
4 38
4 58
5 3
5 16
5 49
5 59
6 5
6 10
6 40
6 76
7 11
7 35
7 77
8 3
8 29
8 61
8 74
9 7
9 41
10 8
10 14
10 39
10 43
10 49
10 78
11 4
11 24
11 29
11 55
11 65
12 6
12 46
12 63
13 23
13 24
13 49
13 67
14 0
14 5
14 22
14 31
14 44
15 14
15 16
15 32
15 70
16 28
16 49
16 72
16 74
17 12
17 35
17 74
17 75
18 6
18 31
18 42
18 70
19 30
19 76
20 27
20 30
21 14
21 46
21 49
22 16
22 52
22 58
22 60
22 77
23 10
23 26
23 54
23 60
23 65
23 67
23 74
24 19
24 20
25 39
25 40
25 78
26 10
26 13
26 34
26 36
26 54
27 17
27 74
28 7
28 24
28 54
28 55
29 3
29 9
29 14
29 45
29 55
29 57
29 63
29 64
29 68
30 21
30 23
30 38
30 65
30 71
31 9
31 34
32 8
32 16
32 54
32 69
33 4
33 32
33 42
33 47
33 49
33 55
33 67
34 67
35 21
35 55
35 60
35 75
36 42
36 44
36 73
37 1
37 39
37 44
37 53
37 69
38 13
38 19
38 49
38 78
39 16
39 20
39 49
39 62
39 68
40 19
40 45
40 75
41 20
41 31
41 32
41 35
41 52
42 20
43 6
43 54
43 58
43 60
44 32
44 60
44 67
45 8
45 18
45 76
46 69
47 5
47 29
48 6
48 53
48 66
49 15
49 20
49 51
50 13
50 20
50 58
50 67
50 76
50 78
51 13
51 24
51 28
51 33
51 52
51 78
52 2
52 35
52 59
52 68
53 2
53 36
53 58
54 35
54 37
54 39
54 60
54 61
54 79
55 2
55 14
55 16
55 32
55 59
55 63
55 74
56 0
56 7
56 21
56 24
56 29
56 40
56 44
57 41
57 66
57 67
57 73
58 10
58 36
58 64
59 4
59 26
59 44
59 54
60 12
60 19
60 28
60 63
60 74
61 0
61 12
61 32
61 38
61 63
61 75
62 4
62 31
62 33
62 49
62 55
63 1
63 16
63 39
64 1
64 17
64 22
64 24
64 35
64 39
64 57
64 68
64 71
65 1
65 44
65 45
65 49
65 74
65 75
66 14
66 17
66 42
66 44
66 49
66 68
66 75
67 5
67 58
67 68
68 8
68 30
68 47
69 5
69 13
69 27
69 33
69 45
69 64
69 74
70 1
70 29
70 49
70 65
71 0
71 7
71 14
71 27
71 29
71 31
71 33
71 48
71 67
71 70
72 9
72 24
72 31
73 13
73 34
73 43
74 0
74 61
74 70
74 72
75 4
75 11
75 30
75 31
75 33
75 64
77 2
77 17
77 25
77 37
77 38
78 3
78 13
78 21
78 48
78 49
79 1
79 14
79 19
79 20
79 24
79 39
79 41
79 42
79 52
79 53
79 74
0 1 2 3 4 5
