80 198 8
0 39
0 41
0 45
0 50
0 56
1 41
2 20
3 19
3 31
3 50
4 53
5 10
5 18
5 50
5 53
5 54
5 61
6 50
6 61
6 74
7 44
7 48
7 57
7 71
8 49
8 60
9 73
10 29
10 73
11 42
11 51
13 4
13 16
13 34
13 35
13 41
14 13
14 19
14 24
14 31
15 35
16 69
18 14
18 28
18 39
18 71
19 3
19 14
20 38
20 55
22 26
22 41
22 64
23 6
23 63
24 14
24 28
25 58
26 39
26 42
26 65
26 71
27 40
27 49
27 58
27 59
28 18
28 36
28 70
29 11
29 18
29 62
29 75
30 69
31 3
31 14
31 25
31 42
31 57
32 4
33 19
33 30
33 37
33 54
33 59
33 77
34 13
34 49
36 28
36 63
37 28
37 33
38 69
39 2
39 4
39 15
39 21
39 22
39 76
39 79
40 33
41 0
41 24
41 32
41 74
42 18
42 31
43 30
43 70
44 7
44 34
44 75
45 0
45 26
45 59
46 63
46 64
47 75
48 7
48 68
48 79
49 34
50 0
50 52
50 77
51 15
52 50
52 65
53 4
53 5
53 32
53 71
55 1
55 20
55 72
56 58
56 76
57 6
57 10
57 13
57 22
57 31
57 62
58 56
59 3
59 27
59 45
60 17
60 69
61 6
61 28
62 1
62 52
62 57
63 32
63 60
64 22
64 32
65 72
66 6
66 11
66 55
66 64
66 75
67 42
68 27
68 48
69 18
69 23
69 30
69 60
70 32
70 43
70 67
71 18
71 46
72 55
72 65
73 3
73 5
74 11
75 44
76 5
76 11
76 12
76 38
76 74
77 33
77 35
77 75
78 57
79 0
79 9
79 30
79 39
79 42
79 48
79 61
0 1 2 3 4 5 6 7
