80 244 8
0 8
0 9
0 19
0 22
0 41
0 46
0 68
1 38
1 65
2 35
2 72
3 65
4 9
4 72
5 14
5 21
5 27
5 40
6 17
6 27
6 36
6 49
7 8
7 66
8 7
8 39
8 53
8 74
8 77
9 0
9 4
9 14
9 22
9 47
10 79
11 22
11 25
11 77
12 24
12 36
12 69
13 29
13 36
13 46
14 5
14 9
14 40
14 56
14 74
15 17
15 35
16 28
16 34
16 74
16 76
17 6
17 52
18 34
18 52
19 0
19 24
19 44
19 79
20 74
21 5
21 25
21 61
22 0
22 9
22 11
22 56
22 64
22 67
23 20
23 41
23 46
23 54
24 12
24 19
25 21
25 36
25 51
25 71
26 47
27 5
27 22
27 28
27 38
27 49
28 16
28 27
28 31
28 50
28 57
29 13
29 31
29 32
29 68
29 70
29 78
30 4
30 11
30 64
31 29
32 3
32 29
32 46
32 69
33 21
33 47
33 69
34 16
34 41
35 2
35 62
35 71
36 13
36 25
37 12
37 13
38 1
38 64
39 8
39 74
39 75
40 14
40 53
40 61
41 15
41 18
41 23
41 34
41 44
41 51
42 35
43 0
43 71
43 74
44 19
45 60
45 67
46 13
46 23
46 32
46 79
47 9
47 33
47 76
47 77
48 40
48 54
48 65
49 6
49 51
49 67
50 29
50 49
51 34
51 73
52 15
52 17
52 18
53 8
53 40
53 55
53 63
54 58
54 65
54 68
55 53
55 67
56 14
57 28
57 68
58 54
58 73
59 77
61 8
61 40
62 19
62 23
62 35
63 28
63 53
64 18
64 22
64 30
64 35
65 0
65 1
65 3
65 54
66 0
66 7
66 30
66 76
67 22
67 45
67 49
67 55
68 13
68 54
68 57
68 73
69 32
69 33
69 66
69 75
70 41
70 53
70 79
71 25
71 35
72 4
73 51
73 58
73 68
74 14
74 16
74 37
74 39
74 43
75 6
75 39
75 69
76 16
76 26
76 47
76 66
76 68
76 77
77 8
77 47
77 59
77 76
78 29
78 45
78 60
78 75
79 10
79 16
79 19
79 46
79 73
0 1 2 3 4 5 6 7
