80 632 8
0 2
0 18
0 30
0 37
0 41
0 54
0 77
1 8
1 9
1 34
1 37
1 41
1 47
1 48
1 52
2 4
2 26
2 30
2 40
2 45
2 54
2 56
2 59
2 64
2 75
3 17
3 31
3 49
3 58
3 59
3 78
4 10
4 51
4 65
4 77
5 2
5 14
5 21
5 33
5 37
5 51
5 56
6 9
6 13
6 19
6 23
6 25
6 31
6 33
6 34
6 41
6 53
6 55
6 58
6 73
7 2
7 4
7 16
7 42
7 44
7 46
8 10
8 16
8 41
8 46
8 65
9 10
9 11
9 26
9 50
9 54
9 64
9 67
9 69
9 75
10 22
10 35
10 40
10 69
10 71
11 13
11 14
11 18
11 23
11 27
11 38
11 40
11 57
11 68
11 69
12 1
12 7
12 10
12 23
12 37
12 54
12 68
12 69
12 70
13 4
13 5
13 30
13 50
13 55
13 67
14 10
14 17
14 34
14 37
14 47
14 52
14 75
15 2
15 17
15 23
15 25
15 52
15 63
15 66
15 68
15 70
16 12
16 20
16 23
16 42
16 62
16 69
16 76
16 79
17 7
17 10
17 13
17 19
17 32
17 35
17 43
17 47
17 68
17 78
18 9
18 12
18 15
18 29
18 41
18 50
18 65
18 76
19 5
19 7
19 11
19 25
19 27
19 47
19 48
19 52
20 41
20 62
21 1
21 6
21 13
21 17
21 25
21 35
21 47
21 48
21 57
22 0
22 7
22 13
22 16
22 18
22 42
22 47
22 49
22 50
22 52
22 58
22 75
23 5
23 7
23 19
23 21
23 36
23 43
23 52
23 71
24 1
24 10
24 15
24 20
24 28
24 53
24 59
24 63
24 70
24 74
24 75
24 78
25 1
25 18
25 28
25 32
25 35
25 41
25 48
25 60
25 69
25 71
25 73
25 74
26 1
26 17
26 22
26 27
26 38
26 72
26 73
27 8
27 14
27 22
27 33
27 39
27 40
27 41
27 53
27 68
27 78
28 16
28 36
28 49
28 64
28 69
28 75
29 19
29 20
29 22
29 38
29 42
29 59
29 62
29 71
29 75
30 1
30 5
30 9
30 29
30 78
31 41
31 48
31 59
31 67
31 75
32 15
32 26
32 36
32 41
32 56
32 58
32 65
32 68
33 10
33 11
33 32
33 44
33 61
33 73
34 29
34 41
34 48
34 63
34 69
34 74
35 6
35 15
35 16
35 19
35 29
35 31
35 43
35 50
35 57
35 59
36 5
36 25
36 30
36 42
36 62
36 79
37 15
37 27
37 49
37 55
37 65
37 71
38 7
38 16
38 27
38 28
38 33
38 35
38 55
38 57
39 2
39 3
39 15
39 19
39 23
39 32
39 33
39 74
40 0
40 6
40 26
40 28
40 29
40 30
40 64
40 69
40 79
41 3
41 53
41 59
41 60
42 0
42 8
42 12
42 13
42 15
42 21
42 28
42 48
42 49
42 53
42 57
43 3
43 6
43 7
43 27
43 30
43 32
43 38
43 45
43 55
43 59
43 64
43 65
44 28
44 34
44 39
44 45
44 51
44 68
44 76
45 0
45 3
45 5
45 6
45 10
45 15
45 34
45 37
45 40
45 48
45 53
45 56
45 76
46 3
46 4
46 9
46 15
46 16
46 19
46 23
46 35
46 36
46 55
46 63
46 66
46 71
46 74
46 78
47 10
47 18
47 30
47 40
47 50
47 69
47 71
47 78
47 79
48 10
48 26
48 41
48 47
48 54
48 58
48 74
48 75
49 5
49 7
49 36
49 39
49 46
49 50
49 77
50 15
50 16
50 27
50 29
50 30
50 37
50 39
50 45
50 59
50 63
50 66
51 23
51 26
51 27
51 32
51 33
52 3
52 5
52 18
52 36
52 56
52 78
53 20
53 21
53 25
53 35
53 47
53 63
53 67
53 79
54 8
54 10
54 20
54 27
54 36
54 41
54 61
54 63
54 69
55 24
55 36
55 39
55 50
55 72
56 15
56 16
56 18
56 21
56 28
56 31
56 37
56 44
56 47
56 72
56 76
57 4
57 9
57 16
57 34
57 36
57 61
57 62
57 63
57 65
57 71
58 1
58 34
58 62
58 66
58 67
58 75
59 7
59 10
59 15
59 28
59 37
59 69
59 75
60 13
60 26
60 31
60 59
60 61
60 67
61 10
61 14
61 17
61 25
61 27
61 28
61 48
61 65
62 2
62 8
62 26
62 43
62 46
62 55
62 59
62 60
62 71
62 78
63 1
63 19
63 33
63 45
63 60
63 74
64 29
64 33
64 42
64 65
64 69
64 74
65 40
65 51
65 66
65 78
66 8
66 25
66 34
66 38
66 44
66 70
67 10
67 39
67 55
67 56
67 70
68 6
68 9
68 10
68 29
68 34
68 42
68 49
68 65
68 70
69 0
69 13
69 24
69 49
69 53
69 63
69 65
70 2
70 16
70 28
70 32
70 62
70 71
71 3
71 6
71 11
71 36
71 39
71 50
71 59
71 64
71 79
72 4
72 11
72 49
72 59
72 65
72 70
73 1
73 5
73 9
73 14
73 18
73 36
73 47
73 51
73 58
73 63
73 67
73 69
73 75
74 3
74 6
74 7
74 10
74 17
74 26
74 32
74 36
74 38
74 43
74 47
74 57
74 65
74 78
75 7
75 15
75 21
75 27
75 50
75 52
75 63
75 72
76 33
76 36
76 58
76 69
77 10
77 20
77 40
77 42
77 68
78 2
78 8
78 11
78 34
78 45
78 49
78 50
79 3
79 4
79 5
79 11
79 21
79 24
79 35
79 43
79 49
79 76
0 1 2 3 4 5 6 7
