80 386 20
0 8
0 9
0 19
0 22
0 34
0 45
0 65
0 66
0 68
1 9
1 65
1 68
1 72
2 14
2 23
2 31
2 53
2 72
3 18
3 22
3 32
3 60
3 64
3 65
4 1
4 9
4 30
4 51
4 72
4 74
5 21
5 40
5 68
5 71
6 15
6 27
6 53
7 8
7 12
7 17
7 37
7 66
7 72
8 7
8 20
8 41
8 53
8 61
8 76
9 1
9 5
9 14
9 22
9 32
9 35
9 47
9 49
9 52
9 70
10 34
10 79
11 0
11 25
11 47
11 64
11 77
12 3
12 7
12 27
12 37
13 23
13 31
13 33
13 36
13 62
13 68
14 5
14 40
14 56
15 6
15 17
15 41
15 52
15 61
16 9
16 28
16 74
16 76
17 6
17 25
17 30
18 3
18 26
18 40
18 64
19 12
19 28
19 36
19 37
20 4
21 5
21 9
21 11
21 25
21 32
21 58
21 61
21 77
22 0
22 11
22 40
22 42
22 44
22 56
22 64
22 67
22 72
23 20
23 29
23 67
23 68
24 0
24 3
24 12
24 19
24 42
24 73
24 77
25 36
25 51
25 71
26 27
26 28
26 54
27 5
27 22
27 28
27 46
27 49
27 67
28 7
28 14
28 19
28 31
28 57
28 63
29 1
29 11
29 13
29 32
29 50
30 11
31 16
31 29
32 2
32 12
32 37
32 46
33 21
33 28
33 37
33 47
33 69
33 70
34 10
34 16
34 18
34 32
34 51
34 62
35 2
35 15
35 64
36 6
36 12
36 13
36 21
36 44
36 46
36 52
36 78
37 13
37 44
37 47
37 74
38 1
38 8
38 27
38 57
38 64
38 67
39 1
39 8
39 12
39 29
39 60
39 62
39 74
40 51
40 53
40 61
41 0
41 15
41 18
41 23
41 34
41 51
41 66
41 70
42 7
42 20
42 25
42 35
42 44
43 0
43 30
43 53
43 54
43 71
43 74
44 8
44 19
44 22
44 25
44 36
44 41
44 42
45 14
45 60
45 78
46 0
46 2
46 4
46 13
46 23
46 32
47 9
47 26
47 37
47 50
47 62
47 76
47 77
48 19
48 40
48 42
48 75
49 1
49 6
49 27
49 42
50 18
50 28
50 39
50 49
51 25
51 49
51 59
51 73
51 76
52 17
52 18
52 23
52 44
52 46
52 49
52 53
52 66
52 67
52 70
53 12
53 29
53 37
53 43
53 54
53 63
54 12
54 23
54 43
54 48
54 58
54 60
54 64
54 65
55 35
55 44
55 53
55 67
56 75
57 36
57 41
57 51
57 54
57 68
58 13
58 40
58 66
58 68
58 73
59 74
59 77
60 74
60 78
61 8
61 12
61 34
61 40
61 64
62 19
62 23
62 35
62 39
62 57
62 59
62 72
63 23
64 11
64 30
65 5
65 48
65 71
66 4
66 7
66 20
66 30
66 35
66 41
66 42
67 2
67 41
67 45
67 49
68 5
68 29
68 54
68 69
68 73
68 76
69 12
69 32
69 35
69 45
69 66
69 75
70 9
70 29
70 53
70 79
71 35
72 2
72 22
72 25
73 6
73 23
73 37
73 51
73 77
74 7
74 8
74 14
74 15
74 20
75 4
75 6
75 39
75 47
75 48
75 62
76 26
76 40
76 43
76 66
76 77
77 8
77 24
77 71
77 76
78 29
78 60
78 73
78 75
79 14
79 16
79 19
79 46
79 73
0 1 2 3 4 5 6 7 8 9 10 11 12 13 14 15 16 17 18 19
