80 350 20
0 2
0 14
0 27
0 42
0 45
0 64
0 76
0 79
1 7
1 78
2 9
2 11
2 13
2 15
2 46
2 60
3 39
3 42
3 58
3 66
3 67
3 76
4 6
4 15
4 57
4 79
5 9
6 33
6 58
6 60
7 29
7 57
8 6
8 11
8 22
8 33
8 50
9 6
9 27
9 49
9 72
10 35
10 49
11 4
11 15
11 19
11 26
11 34
12 10
12 26
12 28
12 32
12 37
13 14
13 41
13 54
13 56
14 16
14 36
14 76
15 3
15 36
15 45
16 25
16 28
17 23
17 36
17 47
17 74
17 75
18 51
19 1
19 25
19 26
19 36
19 43
19 70
20 8
20 32
20 63
20 75
20 77
21 6
21 19
22 72
22 78
23 16
23 71
23 72
23 76
24 7
24 15
24 17
24 31
24 38
24 59
24 61
24 69
25 0
25 4
25 8
25 32
25 33
26 13
26 24
26 40
26 56
27 10
27 11
27 19
27 40
27 44
27 45
27 64
27 78
28 7
28 14
28 39
28 42
28 71
29 14
29 28
29 38
29 62
29 70
29 76
30 31
31 3
31 18
31 33
31 51
31 67
32 9
32 26
32 38
33 49
33 61
33 67
33 78
34 8
34 58
35 41
35 46
36 20
36 22
36 39
37 5
37 8
37 32
37 40
37 44
37 49
37 63
37 66
38 9
38 13
38 14
38 68
38 73
39 33
39 46
39 58
40 22
40 32
40 69
40 75
41 23
41 59
41 60
42 10
42 16
42 17
42 46
43 0
43 47
43 74
44 21
44 35
44 56
44 59
45 20
45 21
45 37
45 66
45 71
45 74
46 17
46 25
46 64
46 76
47 29
47 32
47 45
47 68
47 72
48 1
48 15
48 20
48 25
48 28
48 35
48 54
48 64
49 3
49 7
49 17
49 32
49 71
50 0
50 2
50 7
50 22
50 44
50 48
50 76
51 1
51 21
51 67
51 73
51 74
52 0
52 2
52 21
52 32
52 41
52 49
52 50
52 65
52 68
52 77
53 57
53 75
54 6
54 31
55 10
55 24
55 45
55 56
56 1
56 14
56 19
56 43
56 58
56 66
56 67
57 1
57 2
57 9
57 10
57 33
57 50
57 72
58 47
58 50
58 63
59 7
59 67
59 69
59 72
60 7
60 18
60 26
60 32
60 33
60 36
60 46
60 63
60 73
61 12
61 13
61 22
61 54
61 71
62 12
62 25
62 32
62 34
62 65
63 4
63 14
63 36
63 68
63 69
64 15
64 20
64 47
64 77
65 14
65 35
65 41
65 60
66 44
66 50
66 54
66 73
66 75
67 14
67 46
67 58
67 73
68 0
68 30
68 48
68 53
68 71
69 42
69 56
69 70
70 2
70 20
70 23
70 37
70 44
70 65
70 74
71 8
71 13
71 32
72 5
72 15
72 17
72 27
72 28
72 62
72 66
72 71
73 27
73 30
73 40
73 69
74 1
74 19
74 27
74 46
74 49
75 36
75 37
75 42
75 63
76 45
77 25
77 36
77 45
77 75
78 25
78 35
79 39
79 40
79 70
79 76
0 1 2 3 4 5 6 7 8 9 10 11 12 13 14 15 16 17 18 19
