80 350 6
0 3
0 12
0 25
0 37
0 41
0 54
1 21
1 24
1 28
1 64
1 68
1 78
2 3
2 11
2 15
2 40
3 12
3 26
3 45
3 59
4 13
4 59
4 69
4 77
5 18
5 28
5 46
6 36
6 42
6 48
6 76
7 42
7 56
8 7
8 10
8 19
8 53
9 10
9 46
9 55
9 62
10 47
10 67
11 6
11 18
11 36
11 51
11 56
11 62
11 65
11 72
12 38
12 67
12 79
13 21
13 65
14 5
14 7
14 46
16 0
16 24
16 51
16 55
17 8
17 30
17 33
17 69
17 73
18 26
18 48
18 59
18 70
18 79
19 2
19 33
19 46
19 50
19 53
20 29
20 49
20 63
21 34
21 64
21 75
22 16
22 53
22 56
22 59
22 66
22 76
23 5
23 12
23 38
23 56
23 59
23 70
24 37
25 14
25 49
25 60
26 8
26 37
26 42
26 59
26 64
27 6
27 41
27 67
27 75
28 12
28 32
28 43
28 61
28 66
29 2
29 8
29 16
29 22
29 30
29 40
29 55
29 57
30 36
30 51
31 22
31 73
32 9
32 20
32 31
32 57
32 60
32 66
33 6
33 13
33 27
33 32
33 50
34 1
34 40
34 69
35 27
36 20
36 21
36 46
37 1
37 2
37 11
37 15
37 21
37 28
37 32
37 46
37 48
37 57
37 67
37 69
38 35
38 52
38 56
39 6
39 25
39 27
39 40
39 46
39 60
40 0
40 25
40 30
40 41
40 53
40 70
41 3
41 19
41 21
41 29
41 31
41 35
41 78
42 9
42 18
42 21
42 27
43 12
43 18
43 31
43 64
44 20
44 38
44 71
45 0
45 7
45 21
45 73
46 1
46 64
47 29
47 31
48 31
48 58
48 67
49 7
49 54
49 74
50 39
50 40
50 41
50 43
51 9
51 15
51 20
51 28
51 40
51 55
51 71
51 72
51 78
52 0
52 19
52 21
52 36
52 47
52 64
53 50
54 21
54 37
54 64
55 21
55 34
56 54
56 55
56 73
57 1
57 9
57 10
57 20
57 49
57 56
57 64
57 65
57 69
57 73
57 77
58 1
58 29
58 33
58 51
58 68
58 69
58 79
59 14
59 24
59 43
59 67
59 77
60 9
60 59
60 65
60 71
61 59
61 69
62 17
62 61
62 67
62 75
63 1
63 6
63 10
63 65
63 67
63 76
64 7
64 13
64 22
64 25
64 30
64 36
64 44
64 70
64 71
64 77
65 18
65 78
66 0
66 5
66 12
66 46
66 51
66 71
67 24
67 30
67 68
67 71
67 73
68 2
68 9
68 16
68 19
68 30
68 54
68 74
68 76
68 77
69 2
69 6
69 16
69 24
69 56
69 64
69 67
69 77
70 2
70 37
70 45
70 67
71 16
71 47
71 62
72 17
72 49
72 56
72 71
73 5
73 18
73 46
73 49
73 66
74 15
74 18
74 36
74 39
74 52
74 72
75 4
75 17
75 58
75 71
76 8
76 13
76 35
76 51
76 69
77 16
77 22
77 50
77 65
78 27
78 36
78 71
79 17
79 24
0 1 2 3 4 5
