80 363 8
0 5
0 11
0 22
0 23
0 47
0 73
1 22
1 23
1 27
1 61
1 66
1 74
1 79
2 6
2 40
3 12
3 23
3 39
3 49
3 70
4 18
4 35
4 39
4 61
5 15
5 25
5 52
5 63
6 64
7 14
7 47
7 54
8 19
8 55
8 74
9 10
9 24
9 35
10 9
10 41
10 54
10 65
11 12
11 29
11 42
11 70
12 1
12 20
12 22
12 33
12 36
12 40
12 42
12 45
12 47
12 60
12 78
12 79
13 3
13 11
13 20
13 51
13 75
14 61
14 76
14 77
15 0
15 20
16 25
16 43
16 53
16 78
17 29
17 78
18 19
18 32
18 56
18 61
18 73
18 74
19 17
19 47
19 53
20 15
20 35
20 77
21 11
21 19
21 56
22 15
23 3
23 5
23 6
23 10
23 14
23 16
23 55
23 59
23 64
23 75
23 79
24 8
24 22
24 38
24 44
24 60
24 75
24 76
25 9
25 14
25 23
25 42
25 44
26 36
26 45
26 50
26 56
26 68
26 77
27 59
28 5
28 10
28 18
28 36
28 40
28 54
29 13
29 24
29 26
29 43
29 52
30 3
30 37
30 38
30 43
30 71
31 15
31 37
31 57
32 27
32 34
33 12
33 28
34 33
34 39
34 51
34 57
34 58
34 66
34 76
35 13
35 17
35 45
35 71
36 22
36 60
36 76
37 7
37 11
37 14
37 30
37 41
37 60
37 64
37 70
38 1
38 22
38 46
38 60
38 63
38 64
39 43
39 53
39 64
40 0
40 14
41 35
41 47
41 50
41 64
42 6
42 10
42 25
43 52
43 64
43 70
44 1
44 30
44 33
44 36
44 41
44 45
44 79
45 1
45 2
45 27
45 31
45 33
45 48
45 52
45 64
46 18
46 34
46 71
47 17
47 20
47 37
47 74
48 12
48 45
48 68
48 72
49 1
49 19
49 26
49 28
49 29
49 36
49 40
49 60
49 64
50 1
50 34
50 47
50 64
51 11
51 16
51 27
51 44
52 2
52 6
52 23
52 56
52 58
52 59
52 79
53 8
53 14
53 18
53 39
53 59
53 64
53 70
53 72
54 19
54 44
54 50
54 51
54 66
55 32
55 33
55 42
55 48
55 49
55 52
55 56
56 8
56 77
57 25
57 32
57 63
57 71
58 1
58 12
58 41
58 63
58 70
59 7
59 11
59 24
59 43
60 10
60 23
60 36
60 62
60 68
61 35
61 44
61 69
61 70
62 0
62 8
62 13
62 58
62 64
62 67
62 75
63 10
63 23
63 25
63 28
63 35
63 42
63 75
64 6
64 16
64 77
65 2
65 12
65 32
65 43
65 48
65 66
65 70
66 45
66 46
66 78
67 3
67 75
67 78
68 12
68 18
68 31
68 35
68 51
68 76
69 4
69 30
69 49
69 54
69 65
69 77
70 22
70 25
70 75
71 13
71 66
72 0
72 45
72 59
73 6
73 10
73 20
73 34
73 78
74 7
74 14
74 21
74 35
74 46
74 54
75 25
75 37
75 50
75 63
75 72
76 19
76 37
76 51
77 25
77 65
77 70
77 72
78 19
78 33
78 53
78 73
79 16
79 22
79 38
79 44
79 61
79 69
0 1 2 3 4 5 6 7
