80 161 6
0 9
0 14
1 55
1 58
2 35
2 41
2 59
3 69
4 6
4 40
4 52
5 23
5 63
6 5
6 12
6 58
7 23
7 27
8 11
9 73
11 8
11 66
11 75
12 54
12 56
13 2
13 17
13 22
13 23
13 28
13 41
14 29
14 78
15 14
15 20
15 22
15 77
16 27
16 70
18 58
19 30
19 44
19 72
20 15
22 13
22 29
23 5
23 7
25 28
25 48
26 46
27 7
27 16
27 49
28 13
28 25
28 32
28 70
29 38
29 46
29 69
30 19
30 40
31 47
32 33
33 53
33 69
34 44
34 70
35 2
36 26
37 44
38 47
38 65
38 74
40 27
40 30
40 41
40 47
40 54
40 64
41 2
41 13
41 39
41 58
42 12
43 16
43 17
43 29
44 34
44 37
44 71
45 5
46 68
47 4
47 31
47 40
47 71
48 25
48 60
50 65
51 42
51 77
52 4
52 53
52 78
53 2
53 33
53 52
54 40
55 75
56 12
58 0
58 1
58 6
58 11
58 41
60 32
61 28
62 31
63 24
65 27
66 43
67 2
67 8
67 18
67 64
68 46
68 57
68 79
69 3
69 24
69 29
70 10
70 16
70 28
71 9
71 46
71 51
72 19
73 8
73 9
73 21
73 34
73 69
74 4
74 10
74 75
74 76
75 55
75 74
75 79
76 50
77 15
77 51
77 60
78 14
79 51
79 56
79 68
79 75
0 1 2 3 4 5
