80 3160 20
0 1
0 2
0 4
0 5
0 7
0 10
0 12
0 13
0 14
0 21
0 22
0 23
0 24
0 25
0 26
0 30
0 34
0 35
0 37
0 38
0 39
0 40
0 41
0 43
0 45
0 47
0 48
0 54
0 56
0 57
0 60
0 63
0 66
0 68
0 70
0 73
0 75
0 78
1 2
1 5
1 7
1 10
1 11
1 12
1 14
1 15
1 16
1 17
1 18
1 21
1 24
1 25
1 26
1 29
1 32
1 38
1 40
1 41
1 46
1 47
1 49
1 51
1 54
1 57
1 58
1 60
1 63
1 64
1 66
1 67
1 69
1 71
1 75
1 78
1 79
2 11
2 12
2 15
2 16
2 17
2 19
2 20
2 22
2 23
2 24
2 25
2 26
2 33
2 34
2 36
2 37
2 38
2 39
2 43
2 45
2 46
2 48
2 50
2 52
2 53
2 54
2 55
2 58
2 59
2 61
2 63
2 72
2 75
2 76
2 77
2 78
3 0
3 1
3 2
3 4
3 6
3 10
3 15
3 16
3 18
3 19
3 20
3 23
3 24
3 25
3 26
3 28
3 30
3 33
3 34
3 36
3 39
3 41
3 43
3 44
3 49
3 50
3 51
3 55
3 58
3 61
3 62
3 64
3 65
3 68
3 74
3 75
3 76
3 77
3 78
3 79
4 1
4 2
4 5
4 6
4 8
4 11
4 12
4 13
4 14
4 16
4 17
4 19
4 20
4 21
4 22
4 24
4 25
4 26
4 28
4 29
4 31
4 34
4 35
4 36
4 37
4 38
4 40
4 46
4 47
4 49
4 52
4 53
4 54
4 58
4 61
4 63
4 64
4 69
4 73
4 74
4 76
5 2
5 3
5 6
5 8
5 10
5 11
5 14
5 15
5 21
5 23
5 24
5 26
5 28
5 29
5 31
5 33
5 36
5 37
5 38
5 39
5 44
5 46
5 49
5 51
5 54
5 57
5 60
5 61
5 64
5 66
5 68
5 69
5 71
5 78
6 0
6 1
6 2
6 10
6 12
6 14
6 17
6 18
6 20
6 21
6 30
6 33
6 35
6 37
6 39
6 41
6 42
6 43
6 44
6 45
6 46
6 50
6 51
6 52
6 54
6 55
6 58
6 59
6 62
6 63
6 64
6 66
6 67
6 69
6 72
6 74
6 75
6 76
6 77
6 78
7 2
7 3
7 4
7 5
7 6
7 8
7 11
7 12
7 15
7 16
7 17
7 18
7 20
7 21
7 22
7 26
7 30
7 31
7 32
7 38
7 40
7 41
7 42
7 44
7 45
7 46
7 47
7 50
7 52
7 53
7 54
7 55
7 56
7 57
7 58
7 60
7 61
7 62
7 64
7 68
7 71
7 72
7 75
7 76
7 78
7 79
8 0
8 1
8 2
8 3
8 6
8 11
8 13
8 14
8 16
8 17
8 22
8 23
8 24
8 26
8 30
8 32
8 34
8 35
8 38
8 39
8 41
8 42
8 45
8 46
8 50
8 53
8 58
8 59
8 60
8 61
8 62
8 66
8 67
8 68
8 70
8 71
8 72
8 73
8 74
8 75
8 76
8 77
8 79
9 0
9 1
9 2
9 3
9 4
9 5
9 6
9 7
9 8
9 12
9 16
9 17
9 18
9 20
9 21
9 24
9 27
9 30
9 31
9 34
9 35
9 37
9 40
9 42
9 43
9 44
9 47
9 49
9 50
9 53
9 59
9 60
9 63
9 64
9 66
9 67
9 69
9 70
9 73
9 75
9 79
10 2
10 4
10 7
10 8
10 9
10 11
10 12
10 18
10 20
10 26
10 27
10 29
10 32
10 33
10 34
10 36
10 37
10 42
10 47
10 50
10 57
10 58
10 63
10 65
10 66
10 70
10 77
10 78
10 79
11 0
11 3
11 6
11 9
11 15
11 17
11 18
11 19
11 22
11 23
11 24
11 25
11 26
11 28
11 29
11 31
11 35
11 36
11 37
11 40
11 41
11 42
11 45
11 46
11 47
11 51
11 58
11 62
11 64
11 65
11 66
11 67
11 71
11 72
11 74
11 76
11 79
12 3
12 5
12 8
12 11
12 15
12 17
12 19
12 20
12 23
12 24
12 25
12 26
12 28
12 32
12 33
12 34
12 37
12 40
12 43
12 44
12 46
12 52
12 54
12 55
12 56
12 59
12 63
12 64
12 65
12 69
12 70
12 73
12 74
12 75
12 76
13 1
13 2
13 3
13 5
13 6
13 7
13 9
13 10
13 11
13 12
13 14
13 16
13 21
13 22
13 25
13 26
13 27
13 31
13 33
13 34
13 37
13 38
13 42
13 45
13 46
13 49
13 51
13 52
13 54
13 55
13 58
13 62
13 64
13 66
13 69
13 72
13 73
13 79
14 2
14 3
14 7
14 9
14 10
14 11
14 12
14 15
14 17
14 18
14 26
14 27
14 32
14 33
14 36
14 38
14 40
14 41
14 44
14 46
14 51
14 59
14 65
14 66
14 68
14 69
14 71
14 74
14 76
14 77
15 0
15 4
15 6
15 8
15 9
15 10
15 13
15 17
15 19
15 25
15 26
15 32
15 35
15 36
15 38
15 39
15 43
15 45
15 46
15 47
15 48
15 49
15 50
15 51
15 53
15 54
15 57
15 58
15 59
15 60
15 61
15 62
15 64
15 65
15 66
15 68
15 70
15 72
15 76
15 77
16 0
16 5
16 6
16 10
16 11
16 12
16 14
16 15
16 18
16 19
16 22
16 23
16 25
16 26
16 33
16 34
16 37
16 38
16 41
16 43
16 44
16 47
16 48
16 49
16 51
16 52
16 54
16 55
16 56
16 58
16 60
16 61
16 62
16 63
16 65
16 66
16 67
16 71
16 75
16 76
16 78
16 79
17 0
17 3
17 5
17 10
17 13
17 16
17 21
17 22
17 23
17 24
17 26
17 27
17 28
17 29
17 30
17 32
17 34
17 36
17 37
17 39
17 42
17 43
17 46
17 48
17 49
17 50
17 53
17 55
17 58
17 59
17 63
17 65
17 66
17 67
17 68
17 72
17 73
17 74
17 77
17 79
18 0
18 2
18 4
18 5
18 8
18 12
18 13
18 15
18 17
18 19
18 21
18 22
18 23
18 24
18 25
18 26
18 28
18 31
18 32
18 36
18 37
18 38
18 41
18 42
18 43
18 44
18 46
18 48
18 51
18 52
18 56
18 58
18 60
18 61
18 64
18 68
18 69
18 70
18 75
18 78
19 0
19 1
19 5
19 6
19 7
19 8
19 9
19 10
19 13
19 14
19 17
19 20
19 22
19 23
19 26
19 30
19 33
19 34
19 36
19 37
19 39
19 41
19 42
19 43
19 44
19 48
19 50
19 52
19 54
19 55
19 56
19 57
19 63
19 64
19 65
19 67
19 69
19 70
19 71
19 75
19 76
19 77
19 78
19 79
20 0
20 1
20 5
20 8
20 11
20 13
20 14
20 15
20 16
20 17
20 18
20 21
20 22
20 24
20 25
20 27
20 28
20 30
20 31
20 32
20 34
20 35
20 36
20 38
20 39
20 40
20 41
20 43
20 49
20 50
20 52
20 53
20 55
20 57
20 58
20 59
20 60
20 61
20 62
20 63
20 70
20 71
20 73
20 76
20 77
21 2
21 3
21 8
21 10
21 11
21 12
21 14
21 15
21 16
21 19
21 23
21 27
21 31
21 32
21 33
21 36
21 38
21 42
21 43
21 44
21 45
21 50
21 51
21 56
21 58
21 65
21 66
21 67
21 68
21 70
21 72
21 74
21 76
21 77
21 78
22 1
22 3
22 5
22 6
22 9
22 10
22 12
22 14
22 15
22 21
22 23
22 25
22 26
22 27
22 28
22 31
22 32
22 34
22 35
22 37
22 38
22 40
22 44
22 45
22 46
22 48
22 52
22 55
22 59
22 60
22 62
22 67
22 68
22 69
22 72
22 73
22 76
22 78
22 79
23 1
23 4
23 6
23 7
23 9
23 10
23 13
23 14
23 15
23 20
23 24
23 25
23 28
23 30
23 31
23 32
23 33
23 34
23 35
23 36
23 38
23 42
23 43
23 45
23 47
23 51
23 54
23 57
23 61
23 63
23 65
23 68
23 69
23 70
23 72
23 74
23 76
24 6
24 7
24 10
24 13
24 14
24 15
24 16
24 19
24 21
24 22
24 25
24 31
24 32
24 34
24 35
24 40
24 41
24 44
24 47
24 53
24 55
24 57
24 59
24 60
24 61
24 66
24 67
24 68
24 69
24 72
24 73
24 74
24 75
24 76
24 78
25 5
25 6
25 7
25 8
25 9
25 10
25 14
25 17
25 19
25 21
25 27
25 29
25 30
25 32
25 33
25 34
25 35
25 37
25 38
25 40
25 43
25 44
25 45
25 46
25 47
25 48
25 51
25 52
25 53
25 56
25 58
25 59
25 60
25 61
25 62
25 67
25 68
25 71
25 72
25 75
25 76
25 77
26 6
26 9
26 20
26 21
26 23
26 24
26 25
26 27
26 28
26 30
26 31
26 32
26 33
26 37
26 40
26 41
26 43
26 44
26 46
26 47
26 48
26 50
26 53
26 55
26 56
26 58
26 59
26 61
26 62
26 65
26 66
26 68
26 70
26 72
26 73
26 74
26 76
26 79
27 0
27 1
27 2
27 3
27 4
27 5
27 6
27 7
27 8
27 11
27 12
27 15
27 16
27 18
27 19
27 23
27 24
27 29
27 30
27 33
27 35
27 37
27 39
27 41
27 43
27 46
27 47
27 51
27 52
27 54
27 58
27 59
27 60
27 61
27 69
27 72
27 73
28 0
28 1
28 2
28 6
28 7
28 8
28 9
28 10
28 13
28 14
28 15
28 16
28 19
28 21
28 24
28 25
28 27
28 29
28 31
28 32
28 35
28 36
28 37
28 42
28 43
28 44
28 45
28 46
28 47
28 56
28 57
28 60
28 61
28 64
28 67
28 71
28 72
28 73
28 75
28 76
28 77
29 0
29 2
29 3
29 6
29 7
29 8
29 9
29 12
29 13
29 14
29 15
29 16
29 18
29 19
29 20
29 21
29 22
29 23
29 24
29 26
29 34
29 35
29 38
29 40
29 45
29 47
29 49
29 51
29 52
29 57
29 59
29 62
29 65
29 66
29 67
29 71
29 72
29 73
29 75
29 76
29 77
29 78
29 79
30 1
30 2
30 4
30 5
30 10
30 11
30 12
30 13
30 14
30 15
30 16
30 18
30 21
30 22
30 24
30 28
30 29
30 31
30 34
30 35
30 37
30 43
30 46
30 47
30 48
30 49
30 50
30 51
30 55
30 56
30 57
30 59
30 62
30 64
30 66
30 68
30 70
30 71
30 72
30 76
31 0
31 1
31 2
31 3
31 6
31 8
31 10
31 12
31 14
31 15
31 16
31 17
31 19
31 25
31 27
31 29
31 32
31 33
31 37
31 38
31 39
31 41
31 42
31 44
31 45
31 46
31 48
31 52
31 55
31 58
31 59
31 60
31 61
31 64
31 66
31 69
31 71
31 72
31 74
31 79
32 0
32 2
32 3
32 4
32 5
32 6
32 9
32 11
32 13
32 16
32 19
32 27
32 29
32 30
32 33
32 35
32 36
32 37
32 38
32 39
32 40
32 45
32 47
32 49
32 50
32 51
32 53
32 56
32 58
32 59
32 60
32 62
32 63
32 70
32 72
32 75
32 78
33 0
33 1
33 4
33 7
33 8
33 9
33 11
33 15
33 17
33 18
33 20
33 22
33 24
33 28
33 29
33 30
33 35
33 36
33 38
33 40
33 41
33 42
33 46
33 51
33 55
33 56
33 59
33 60
33 61
33 62
33 64
33 67
33 69
33 70
33 71
33 74
33 77
34 1
34 5
34 6
34 7
34 11
34 14
34 15
34 18
34 21
34 26
34 27
34 28
34 31
34 32
34 33
34 37
34 39
34 40
34 43
34 44
34 45
34 47
34 48
34 52
34 53
34 54
34 55
34 58
34 59
34 62
34 63
34 65
34 66
34 67
34 69
34 73
34 75
34 77
35 1
35 2
35 3
35 5
35 7
35 10
35 12
35 13
35 14
35 16
35 17
35 18
35 19
35 21
35 26
35 31
35 34
35 37
35 39
35 40
35 42
35 43
35 45
35 46
35 47
35 48
35 49
35 51
35 52
35 55
35 58
35 61
35 63
35 65
35 66
35 67
35 71
35 72
35 73
35 75
35 76
35 77
35 78
36 0
36 1
36 6
36 7
36 8
36 9
36 12
36 13
36 16
36 22
36 24
36 25
36 26
36 27
36 29
36 30
36 31
36 34
36 35
36 39
36 40
36 44
36 46
36 47
36 48
36 51
36 52
36 57
36 60
36 61
36 63
36 65
36 69
36 70
36 71
36 72
36 73
36 79
37 1
37 3
37 7
37 8
37 14
37 15
37 20
37 21
37 23
37 24
37 29
37 33
37 36
37 38
37 39
37 40
37 41
37 42
37 45
37 48
37 49
37 50
37 52
37 54
37 55
37 58
37 59
37 60
37 61
37 63
37 65
37 66
37 68
37 70
37 71
37 73
37 76
37 79
38 3
38 6
38 9
38 10
38 11
38 12
38 17
38 19
38 24
38 26
38 27
38 28
38 30
38 34
38 35
38 36
38 39
38 40
38 44
38 45
38 48
38 55
38 59
38 62
38 65
38 66
38 68
38 69
38 70
38 71
38 72
38 74
38 75
38 76
38 78
38 79
39 1
39 4
39 7
39 9
39 10
39 11
39 12
39 13
39 14
39 16
39 18
39 21
39 22
39 23
39 24
39 25
39 26
39 28
39 29
39 30
39 33
39 40
39 41
39 42
39 43
39 46
39 48
39 50
39 54
39 55
39 56
39 57
39 61
39 62
39 65
39 69
39 71
39 75
39 76
39 77
39 78
39 79
40 2
40 3
40 5
40 6
40 8
40 10
40 13
40 15
40 16
40 17
40 18
40 19
40 21
40 23
40 27
40 28
40 30
40 31
40 44
40 45
40 47
40 50
40 52
40 53
40 57
40 60
40 62
40 65
40 69
40 72
40 73
40 74
40 76
40 77
40 78
41 2
41 4
41 5
41 9
41 10
41 12
41 13
41 15
41 17
41 21
41 22
41 23
41 25
41 28
41 29
41 30
41 32
41 34
41 35
41 36
41 38
41 40
41 42
41 47
41 48
41 49
41 50
41 57
41 60
41 61
41 62
41 69
41 70
41 72
41 75
41 76
42 0
42 1
42 2
42 3
42 4
42 5
42 12
42 14
42 15
42 16
42 20
42 22
42 24
42 25
42 26
42 27
42 29
42 30
42 32
42 34
42 36
42 38
42 40
42 43
42 48
42 49
42 50
42 51
42 52
42 54
42 55
42 56
42 57
42 58
42 61
42 62
42 64
42 65
42 66
42 69
42 71
42 72
42 73
42 75
42 76
43 1
43 4
43 5
43 7
43 8
43 10
43 11
43 13
43 14
43 22
43 24
43 29
43 31
43 32
43 33
43 36
43 37
43 38
43 40
43 41
43 49
43 52
43 54
43 58
43 60
43 63
43 64
43 66
43 67
43 74
43 75
43 76
43 78
43 79
44 0
44 1
44 2
44 4
44 8
44 10
44 11
44 13
44 15
44 17
44 20
44 23
44 27
44 29
44 30
44 32
44 33
44 35
44 37
44 39
44 41
44 42
44 43
44 47
44 50
44 51
44 52
44 53
44 54
44 56
44 57
44 58
44 63
44 64
44 68
44 70
44 71
44 72
44 73
44 74
44 75
44 76
44 78
44 79
45 1
45 3
45 4
45 5
45 9
45 10
45 12
45 14
45 16
45 17
45 18
45 19
45 20
45 24
45 26
45 27
45 30
45 33
45 36
45 39
45 41
45 42
45 43
45 44
45 46
45 47
45 48
45 49
45 51
45 52
45 55
45 59
45 61
45 63
45 68
45 69
45 70
45 72
45 74
45 76
45 79
46 0
46 3
46 9
46 10
46 16
46 19
46 20
46 21
46 23
46 24
46 29
46 32
46 34
46 37
46 38
46 40
46 41
46 42
46 43
46 44
46 48
46 52
46 53
46 56
46 58
46 59
46 62
46 67
46 68
46 69
46 70
46 71
46 72
46 75
46 78
46 79
47 2
47 3
47 5
47 6
47 8
47 12
47 13
47 14
47 17
47 18
47 19
47 20
47 21
47 22
47 31
47 33
47 37
47 38
47 39
47 42
47 43
47 46
47 49
47 51
47 53
47 55
47 56
47 57
47 59
47 61
47 62
47 64
47 65
47 66
47 68
47 72
47 74
47 77
47 78
47 79
48 1
48 3
48 4
48 5
48 6
48 7
48 8
48 9
48 10
48 11
48 12
48 13
48 14
48 20
48 21
48 23
48 24
48 27
48 28
48 29
48 32
48 33
48 40
48 43
48 44
48 47
48 49
48 50
48 52
48 55
48 56
48 58
48 60
48 61
48 62
48 63
48 64
48 68
48 69
48 70
48 72
48 76
48 77
49 0
49 2
49 6
49 7
49 8
49 10
49 11
49 12
49 14
49 18
49 19
49 21
49 22
49 23
49 24
49 25
49 26
49 27
49 28
49 31
49 33
49 34
49 36
49 38
49 39
49 40
49 44
49 46
49 51
49 52
49 53
49 55
49 57
49 59
49 63
49 67
49 68
49 69
49 70
49 74
49 75
49 79
50 0
50 1
50 4
50 5
50 11
50 12
50 13
50 14
50 16
50 18
50 22
50 23
50 24
50 25
50 27
50 28
50 29
50 31
50 33
50 34
50 35
50 36
50 38
50 43
50 45
50 46
50 47
50 49
50 52
50 54
50 55
50 56
50 57
50 58
50 59
50 61
50 65
50 66
50 73
50 77
51 0
51 2
51 4
51 7
51 8
51 9
51 10
51 12
51 17
51 19
51 20
51 22
51 24
51 26
51 28
51 31
51 34
51 37
51 38
51 39
51 40
51 41
51 43
51 46
51 48
51 50
51 53
51 55
51 57
51 58
51 60
51 62
51 64
51 67
51 68
51 70
51 73
51 75
51 76
51 77
51 78
51 79
52 0
52 1
52 3
52 5
52 8
52 9
52 10
52 11
52 14
52 15
52 17
52 21
52 23
52 24
52 26
52 28
52 30
52 32
52 33
52 38
52 39
52 41
52 47
52 51
52 54
52 56
52 57
52 58
52 60
52 64
52 65
52 67
52 68
52 71
52 72
52 74
52 76
52 79
53 0
53 1
53 3
53 5
53 6
53 10
53 11
53 12
53 13
53 14
53 16
53 18
53 19
53 21
53 22
53 23
53 27
53 28
53 29
53 30
53 31
53 33
53 35
53 36
53 37
53 38
53 39
53 41
53 42
53 43
53 45
53 48
53 50
53 52
53 54
53 56
53 57
53 59
53 62
53 65
53 66
53 67
53 68
53 71
53 72
53 75
53 76
53 77
53 79
54 3
54 8
54 9
54 10
54 11
54 14
54 17
54 18
54 20
54 21
54 22
54 24
54 25
54 26
54 28
54 29
54 30
54 31
54 32
54 33
54 35
54 36
54 38
54 40
54 41
54 45
54 46
54 47
54 48
54 49
54 51
54 55
54 58
54 61
54 62
54 64
54 69
54 70
54 72
54 74
54 76
54 77
54 78
55 0
55 1
55 4
55 5
55 8
55 9
55 10
55 11
55 14
55 15
55 18
55 21
55 23
55 25
55 27
55 28
55 29
55 32
55 36
55 40
55 41
55 43
55 44
55 46
55 52
55 53
55 58
55 61
55 63
55 66
55 69
55 72
55 73
55 77
55 79
56 1
56 2
56 3
56 4
56 5
56 6
56 8
56 9
56 10
56 11
56 13
56 14
56 15
56 17
56 20
56 22
56 23
56 24
56 27
56 29
56 31
56 34
56 35
56 36
56 37
56 38
56 40
56 41
56 43
56 45
56 49
56 51
56 54
56 55
56 58
56 59
56 60
56 61
56 62
56 64
56 65
56 66
56 67
56 68
56 76
56 77
56 78
57 2
57 3
57 4
57 6
57 8
57 9
57 11
57 12
57 13
57 14
57 16
57 17
57 18
57 21
57 22
57 25
57 26
57 27
57 31
57 32
57 33
57 34
57 35
57 37
57 38
57 43
57 45
57 46
57 48
57 54
57 55
57 56
57 61
57 62
57 63
57 66
57 70
57 72
57 74
57 75
57 77
58 0
58 5
58 9
58 12
58 14
58 19
58 22
58 23
58 24
58 28
58 29
58 30
58 33
58 36
58 38
58 39
58 40
58 41
58 45
58 47
58 49
58 53
58 57
58 59
58 60
58 61
58 63
58 64
58 65
58 67
58 68
58 69
58 72
58 74
58 79
59 0
59 1
59 3
59 4
59 5
59 7
59 10
59 11
59 13
59 16
59 18
59 19
59 21
59 23
59 28
59 35
59 36
59 39
59 40
59 41
59 42
59 43
59 44
59 48
59 51
59 52
59 54
59 55
59 57
59 60
59 61
59 64
59 65
59 66
59 67
59 70
59 71
59 72
59 74
59 75
59 78
59 79
60 2
60 3
60 4
60 6
60 10
60 11
60 12
60 13
60 14
60 17
60 19
60 21
60 23
60 26
60 29
60 30
60 34
60 35
60 38
60 39
60 42
60 44
60 45
60 46
60 47
60 49
60 50
60 53
60 54
60 55
60 57
60 61
60 62
60 65
60 69
60 72
60 73
60 74
60 76
60 78
60 79
61 0
61 1
61 6
61 9
61 10
61 11
61 12
61 13
61 14
61 17
61 19
61 21
61 22
61 29
61 30
61 32
61 34
61 38
61 40
61 43
61 44
61 46
61 49
61 51
61 52
61 53
61 62
61 63
61 66
61 67
61 69
61 70
61 71
61 72
61 74
61 77
62 0
62 1
62 2
62 4
62 5
62 9
62 10
62 12
62 14
62 17
62 18
62 19
62 21
62 23
62 24
62 27
62 28
62 31
62 35
62 36
62 37
62 43
62 44
62 45
62 49
62 50
62 52
62 55
62 58
62 59
62 63
62 66
62 67
62 68
62 69
62 70
62 75
62 77
62 78
63 3
63 5
63 7
63 8
63 11
63 13
63 14
63 15
63 18
63 21
63 22
63 24
63 25
63 26
63 27
63 28
63 29
63 30
63 31
63 33
63 38
63 39
63 40
63 41
63 42
63 46
63 47
63 50
63 51
63 52
63 53
63 54
63 56
63 59
63 60
63 68
63 69
63 71
63 73
63 75
63 76
64 0
64 2
64 8
64 10
64 14
64 16
64 17
64 20
64 21
64 22
64 23
64 24
64 25
64 26
64 27
64 29
64 32
64 34
64 35
64 36
64 37
64 38
64 39
64 40
64 41
64 45
64 46
64 49
64 50
64 53
64 55
64 57
64 60
64 61
64 62
64 63
64 65
64 68
64 72
64 73
64 75
64 77
64 78
64 79
65 0
65 1
65 2
65 4
65 5
65 6
65 7
65 8
65 9
65 13
65 18
65 20
65 22
65 24
65 25
65 27
65 28
65 30
65 31
65 32
65 33
65 41
65 43
65 44
65 45
65 46
65 48
65 49
65 51
65 54
65 55
65 57
65 61
65 62
65 63
65 66
65 67
65 69
65 72
65 73
65 74
65 75
65 76
65 77
66 2
66 3
66 4
66 7
66 12
66 18
66 19
66 20
66 22
66 23
66 25
66 27
66 28
66 32
66 33
66 36
66 39
66 40
66 41
66 44
66 45
66 46
66 48
66 49
66 51
66 52
66 54
66 58
66 60
66 63
66 64
66 68
66 70
66 73
66 74
66 77
67 0
67 2
67 3
67 4
67 5
67 7
67 10
67 12
67 13
67 14
67 15
67 18
67 20
67 23
67 26
67 27
67 30
67 31
67 32
67 36
67 37
67 38
67 39
67 40
67 41
67 42
67 44
67 45
67 47
67 48
67 50
67 54
67 55
67 57
67 60
67 63
67 64
67 66
67 68
67 70
67 72
67 74
67 75
67 79
68 1
68 2
68 4
68 6
68 9
68 10
68 11
68 12
68 13
68 16
68 19
68 20
68 27
68 28
68 29
68 31
68 32
68 33
68 34
68 35
68 36
68 39
68 40
68 41
68 42
68 43
68 50
68 54
68 55
68 57
68 59
68 60
68 61
68 65
68 70
68 71
68 72
68 74
68 76
68 77
68 79
69 0
69 2
69 3
69 7
69 8
69 10
69 11
69 15
69 16
69 17
69 20
69 21
69 25
69 26
69 28
69 29
69 30
69 32
69 35
69 37
69 43
69 44
69 47
69 50
69 51
69 52
69 53
69 56
69 57
69 59
69 64
69 66
69 67
69 68
69 70
69 72
69 76
69 78
69 79
70 1
70 2
70 3
70 4
70 5
70 6
70 7
70 11
70 13
70 14
70 16
70 17
70 22
70 24
70 25
70 27
70 28
70 29
70 31
70 34
70 35
70 39
70 40
70 42
70 43
70 47
70 50
70 52
70 53
70 55
70 56
70 58
70 60
70 63
70 64
70 65
70 71
70 72
70 73
70 74
70 75
70 76
70 77
70 79
71 0
71 2
71 3
71 4
71 6
71 9
71 10
71 12
71 13
71 15
71 17
71 18
71 21
71 22
71 23
71 24
71 26
71 27
71 32
71 34
71 40
71 41
71 43
71 45
71 47
71 48
71 49
71 50
71 51
71 54
71 55
71 56
71 57
71 58
71 60
71 62
71 64
71 65
71 66
71 67
71 69
71 72
71 73
71 78
72 0
72 1
72 3
72 4
72 5
72 9
72 10
72 12
72 14
72 16
72 18
72 19
72 20
72 33
72 34
72 37
72 39
72 43
72 49
72 50
72 51
72 56
72 62
72 63
72 66
72 75
72 76
72 77
73 1
73 2
73 3
73 5
73 6
73 7
73 10
73 11
73 14
73 15
73 16
73 18
73 19
73 21
73 23
73 25
73 30
73 31
73 32
73 33
73 38
73 39
73 41
73 43
73 45
73 46
73 47
73 48
73 49
73 52
73 53
73 54
73 56
73 57
73 58
73 59
73 61
73 62
73 67
73 68
73 69
73 72
73 74
73 75
73 78
74 0
74 1
74 2
74 5
74 7
74 9
74 10
74 13
74 15
74 16
74 18
74 19
74 20
74 22
74 25
74 27
74 28
74 29
74 30
74 32
74 34
74 35
74 36
74 37
74 39
74 41
74 42
74 46
74 48
74 50
74 51
74 53
74 55
74 56
74 62
74 63
74 64
74 69
74 71
74 72
74 75
74 79
75 4
75 5
75 10
75 11
75 13
75 14
75 15
75 17
75 20
75 21
75 22
75 23
75 26
75 27
75 30
75 31
75 33
75 36
75 37
75 40
75 45
75 47
75 48
75 50
75 52
75 54
75 55
75 56
75 58
75 60
75 61
75 66
75 68
75 69
75 71
75 76
75 77
76 0
76 1
76 5
76 9
76 10
76 13
76 17
76 18
76 27
76 31
76 32
76 33
76 34
76 36
76 46
76 47
76 49
76 50
76 55
76 57
76 58
76 59
76 61
76 62
76 64
76 66
76 67
76 71
76 73
76 74
76 78
77 0
77 1
77 4
77 5
77 7
77 9
77 11
77 12
77 13
77 16
77 18
77 22
77 23
77 24
77 26
77 27
77 30
77 31
77 32
77 36
77 37
77 38
77 41
77 42
77 43
77 44
77 45
77 46
77 49
77 52
77 58
77 59
77 60
77 63
77 67
77 69
77 71
77 73
77 74
77 76
78 4
78 8
78 9
78 11
78 12
78 13
78 14
78 15
78 17
78 20
78 23
78 25
78 26
78 27
78 28
78 30
78 31
78 33
78 34
78 36
78 37
78 41
78 42
78 45
78 48
78 49
78 50
78 52
78 53
78 55
78 57
78 58
78 61
78 63
78 65
78 66
78 67
78 68
78 70
78 72
78 74
78 75
78 77
79 0
79 2
79 4
79 5
79 6
79 12
79 14
79 15
79 18
79 20
79 21
79 23
79 24
79 25
79 27
79 28
79 30
79 32
79 33
79 34
79 35
79 40
79 41
79 42
79 48
79 50
79 54
79 56
79 57
79 61
79 62
79 63
79 65
79 66
79 71
79 72
79 73
79 75
79 76
79 77
79 78
0 1 2 3 4 5 6 7 8 9 10 11 12 13 14 15 16 17 18 19
