80 350 6
0 2
0 4
0 18
0 20
0 34
0 50
0 54
0 55
0 57
1 36
1 39
1 42
1 48
1 56
1 57
1 72
2 17
2 18
2 68
2 76
3 2
3 4
3 26
3 36
3 55
3 63
3 79
4 5
5 10
5 36
5 64
6 5
6 27
6 57
7 20
7 51
7 58
8 15
8 58
9 0
9 32
9 62
10 35
10 75
11 10
11 75
12 24
12 48
12 55
12 75
13 8
13 20
13 32
13 47
13 57
14 5
14 6
14 23
14 71
14 75
15 4
15 22
15 42
15 76
16 35
16 44
16 65
16 69
17 30
17 70
18 7
18 15
18 35
18 57
18 59
19 20
19 34
19 41
19 59
20 15
20 16
20 18
20 33
20 60
21 1
21 31
21 54
22 29
22 33
23 1
23 11
23 21
24 56
24 61
24 74
24 77
25 0
25 1
25 18
25 27
25 36
25 40
25 46
25 54
25 55
25 56
26 28
26 55
26 57
26 74
26 76
27 29
27 37
27 55
27 66
27 75
28 6
28 8
28 45
29 37
29 65
30 2
30 36
30 38
30 40
30 78
31 26
31 28
31 60
31 73
32 19
32 23
32 34
33 19
33 21
33 26
33 36
33 77
34 1
34 6
34 45
34 48
34 51
34 68
35 25
35 26
35 60
35 77
36 50
36 51
36 74
36 75
37 0
37 32
37 40
37 60
37 62
38 15
38 21
38 43
38 52
38 61
38 75
39 27
39 46
39 65
40 26
40 73
41 15
41 22
41 25
41 37
41 65
41 75
42 3
42 18
42 46
42 74
43 0
43 27
43 35
43 39
44 7
44 26
44 36
45 36
45 44
45 54
45 64
45 78
46 9
46 27
46 32
46 36
46 72
47 28
47 55
47 59
47 67
48 15
48 36
48 47
49 50
49 52
50 12
50 13
50 23
50 48
50 52
51 13
51 16
51 18
51 33
51 47
51 69
51 79
52 26
52 37
52 56
52 72
52 75
53 0
53 19
53 21
53 38
53 45
53 46
53 59
53 68
53 75
54 11
54 16
54 44
54 63
54 70
54 73
55 16
55 32
55 57
55 79
56 10
56 15
56 16
56 47
56 50
56 59
56 71
56 75
56 79
57 7
57 32
57 47
57 64
57 67
57 70
57 74
58 0
58 15
58 56
58 66
59 3
59 8
59 20
59 21
59 23
59 41
59 61
59 78
60 6
60 40
60 49
60 50
60 59
60 70
61 4
61 30
61 32
61 34
61 35
61 46
62 0
62 18
62 22
62 29
62 32
62 46
62 69
62 74
62 77
63 1
63 24
63 51
63 65
63 76
64 13
64 41
64 49
64 54
65 1
65 15
65 17
65 27
65 43
65 54
66 1
66 9
66 36
66 71
67 7
67 32
67 33
68 57
68 60
69 5
69 22
69 35
70 22
71 15
71 23
71 24
71 64
72 3
72 21
72 31
72 70
73 26
73 32
73 38
73 69
74 4
74 41
74 56
75 16
75 50
75 60
75 74
76 1
76 30
76 35
76 41
77 1
77 4
77 53
78 8
78 38
78 60
79 13
79 31
79 50
79 68
0 1 2 3 4 5
