80 235 6
0 9
0 12
0 13
0 24
0 26
0 43
0 74
1 15
1 38
1 51
2 48
3 47
4 12
4 31
4 65
4 76
5 9
5 11
5 29
5 34
6 47
7 29
7 35
7 38
7 40
7 46
8 41
8 45
8 46
9 17
9 19
10 12
10 16
10 57
11 5
11 36
11 47
12 0
12 4
12 26
12 46
12 65
13 0
13 53
14 35
14 67
14 71
15 1
15 18
15 67
15 72
16 26
18 33
18 49
19 62
20 35
20 66
21 24
21 37
23 39
23 76
24 0
24 30
24 54
24 59
24 68
25 10
25 45
25 63
25 71
26 16
26 37
26 41
26 51
27 34
27 37
27 76
28 39
28 74
29 7
29 42
29 56
30 14
30 20
30 24
30 46
30 58
30 61
30 74
31 0
31 4
33 18
33 36
33 54
33 56
34 39
35 7
35 14
35 18
35 20
35 52
36 11
36 33
36 59
37 18
37 21
37 26
37 40
37 71
38 1
38 7
39 34
39 45
39 58
40 7
40 30
40 37
40 73
41 8
41 66
42 3
42 15
42 29
42 45
42 69
43 7
44 72
45 8
45 39
45 46
45 63
46 8
46 12
46 44
46 45
46 56
46 64
46 66
47 3
47 6
47 22
47 49
47 62
48 26
49 20
49 47
50 65
51 1
51 26
51 58
51 60
52 19
52 25
52 35
53 13
53 70
54 20
54 24
54 33
54 55
54 70
55 54
56 29
56 33
56 46
57 71
58 39
58 59
58 60
59 6
59 24
59 36
59 73
60 3
60 46
60 51
60 58
61 15
61 30
61 62
61 79
62 0
62 19
62 61
62 72
63 25
63 36
64 35
64 37
64 46
65 4
65 11
65 12
66 20
66 41
66 46
67 14
67 15
67 72
68 2
68 24
68 73
69 64
69 65
70 23
70 53
70 54
70 76
71 0
71 32
71 57
71 74
72 12
72 15
72 62
72 67
73 13
73 40
73 59
73 68
74 28
74 30
74 50
75 20
75 73
76 4
76 70
77 39
77 56
77 68
78 28
79 35
79 61
79 73
79 74
0 1 2 3 4 5
