80 632 8
0 2
0 3
0 9
0 14
0 16
0 44
0 51
0 67
0 69
1 43
1 44
1 46
1 55
1 60
1 71
2 27
2 47
2 50
2 59
2 60
2 79
3 5
3 15
3 23
3 28
3 57
3 71
4 32
4 36
4 42
4 60
4 74
5 21
5 25
5 29
5 34
5 42
5 65
5 74
6 23
6 40
6 58
6 59
6 63
6 66
6 68
6 72
6 77
7 5
7 9
7 20
7 36
7 38
7 43
7 54
7 64
8 0
8 29
8 37
8 38
8 65
8 68
8 73
9 5
9 12
9 19
9 27
9 29
9 43
9 53
9 59
9 69
9 75
9 78
10 26
10 45
10 57
10 62
11 49
11 57
11 66
11 72
11 73
11 75
12 18
12 20
12 26
12 28
12 35
12 49
13 11
13 25
13 31
13 35
13 41
13 44
13 54
13 65
13 74
14 16
14 23
14 49
14 56
14 63
14 69
14 72
15 0
15 1
15 22
15 23
15 30
15 35
15 79
16 1
16 2
16 4
16 9
16 11
16 56
16 60
16 69
16 74
17 7
17 19
17 26
17 37
17 65
18 7
18 9
18 11
18 15
18 21
18 35
18 43
18 58
18 71
18 74
18 79
19 4
19 10
19 12
19 14
19 15
19 24
19 36
19 43
19 65
19 67
20 3
20 8
20 22
20 50
20 56
20 71
21 30
21 55
21 66
21 73
22 6
22 8
22 18
22 31
22 40
22 47
22 56
22 67
22 69
22 75
23 7
23 17
24 5
24 9
24 28
24 30
24 32
24 41
24 44
24 51
24 56
24 61
24 64
25 3
25 9
25 15
25 38
25 41
25 43
25 47
25 57
25 61
25 68
25 70
25 73
25 76
25 79
26 11
26 20
26 22
26 27
26 40
26 46
26 47
26 54
26 72
27 5
27 6
27 19
27 30
27 35
27 36
27 52
27 61
28 10
28 11
28 37
28 41
28 47
28 72
28 78
28 79
29 1
29 17
29 47
29 61
29 66
29 71
30 8
30 17
30 65
31 4
31 7
31 15
31 21
31 32
31 36
31 38
31 63
31 70
31 74
31 79
32 5
32 10
32 13
32 29
32 60
32 64
33 5
33 17
33 28
33 55
33 63
33 64
34 11
34 14
34 22
34 36
34 70
34 72
34 77
35 2
35 4
35 10
35 22
35 34
35 39
35 47
35 50
35 52
35 54
35 62
35 69
35 76
36 11
36 30
36 46
36 66
37 2
37 31
37 42
37 65
37 67
37 73
38 5
38 35
38 36
38 44
38 63
38 68
38 77
39 8
39 19
39 29
39 56
40 0
40 9
40 11
40 29
40 67
40 71
40 75
41 2
41 22
41 23
41 26
41 35
41 39
41 47
41 50
41 54
41 59
42 0
42 15
42 35
42 72
43 15
43 21
43 39
43 56
43 67
43 74
44 22
44 32
44 46
44 49
44 52
44 53
44 57
44 58
44 61
44 77
45 8
45 20
45 51
45 55
45 64
45 66
45 74
45 75
46 5
46 16
46 21
46 28
46 31
46 33
46 39
46 55
46 59
46 67
46 74
46 77
47 0
47 4
47 7
47 10
47 33
47 39
47 57
48 3
48 39
48 44
48 47
48 51
48 56
48 60
48 61
48 66
48 75
48 79
49 4
49 15
49 17
49 29
49 48
49 66
49 67
49 78
50 9
50 19
50 43
50 46
50 53
50 54
50 64
50 66
50 72
50 73
51 9
51 20
51 26
51 29
51 30
51 37
51 39
52 7
52 21
52 25
52 33
52 34
52 41
52 55
52 63
52 64
52 66
53 2
53 10
53 38
53 40
53 78
54 8
54 14
54 16
54 17
54 43
54 46
54 48
54 60
54 62
54 72
55 6
55 28
55 35
55 49
55 54
55 75
55 78
56 26
56 35
56 45
56 49
56 51
56 52
56 57
56 59
56 71
57 6
57 7
57 12
57 23
57 35
57 42
57 43
57 62
57 74
57 75
58 15
58 17
58 19
58 22
58 30
58 31
58 33
58 47
58 52
58 66
58 72
58 77
59 7
59 13
59 15
59 18
59 27
59 32
59 36
59 42
59 60
59 75
60 30
60 35
60 52
60 61
60 67
60 70
60 76
61 12
61 28
61 31
61 36
61 37
61 70
61 71
62 5
62 8
62 9
62 12
62 24
62 42
63 11
63 13
63 15
63 65
63 74
64 4
64 11
64 13
64 17
64 31
64 41
64 68
64 69
65 6
65 7
65 18
65 26
65 27
65 29
65 35
65 50
65 51
65 59
65 68
65 71
65 74
66 25
66 32
66 40
66 41
66 53
66 71
67 4
67 23
67 27
67 45
67 56
67 65
67 69
68 7
68 20
68 27
68 56
68 61
68 78
68 79
69 12
69 30
69 37
69 38
69 41
69 44
69 49
69 60
69 68
69 71
69 75
70 12
70 19
70 22
70 40
70 41
70 43
70 52
70 65
70 66
70 78
71 8
71 13
71 22
71 24
71 27
71 39
71 45
71 46
71 60
71 70
72 1
72 15
72 30
72 35
72 36
72 37
72 39
72 44
72 49
72 77
73 0
73 3
73 5
73 31
73 34
73 44
73 55
73 60
73 61
73 68
73 71
74 11
74 12
74 15
74 21
74 35
74 40
74 53
74 60
74 69
74 73
74 76
74 79
75 0
75 3
75 21
75 30
75 32
75 43
75 50
75 52
75 70
76 1
76 9
76 16
76 23
76 41
76 52
76 64
76 68
76 75
77 0
77 7
77 25
77 37
77 60
77 61
77 67
78 5
78 8
78 22
78 36
78 40
78 48
78 56
78 63
78 69
79 24
79 40
0 1 2 3 4 5 6 7
