80 632 8
0 13
0 34
0 44
0 47
0 49
0 63
0 66
0 67
0 69
1 2
1 3
1 8
1 12
1 14
1 19
1 60
1 78
2 12
2 24
2 29
2 32
2 34
2 48
2 53
2 58
2 64
2 65
3 29
3 31
3 32
3 47
3 53
3 59
3 63
3 75
4 13
4 15
4 25
4 44
4 60
4 64
4 79
5 20
5 26
5 30
5 32
5 35
5 41
5 50
5 60
5 75
5 76
6 4
6 16
6 24
6 34
6 62
6 64
6 66
7 24
7 38
7 49
7 59
7 68
7 77
8 10
8 18
8 37
8 38
8 40
8 43
8 67
9 11
9 22
9 62
9 75
10 7
10 55
10 70
11 30
11 33
11 54
11 59
11 71
11 78
12 4
12 9
12 17
12 21
12 27
12 28
12 66
12 70
12 78
12 79
13 14
13 16
13 34
13 50
13 53
13 59
13 63
13 79
14 4
14 15
14 21
14 23
14 63
14 71
15 17
15 21
15 61
15 77
15 78
16 21
16 23
16 29
16 34
16 70
17 3
17 8
17 22
17 28
17 46
17 50
17 61
18 7
18 9
18 33
18 36
18 41
18 43
18 51
18 74
19 4
19 6
19 55
19 64
19 73
20 3
20 6
20 7
20 9
20 15
20 41
20 44
20 59
20 65
21 2
21 27
21 30
21 33
21 57
21 73
22 4
22 8
22 31
22 36
22 42
22 45
22 52
23 3
23 15
23 32
23 34
23 44
23 45
23 51
23 53
23 55
23 67
24 8
24 13
24 28
24 32
24 33
24 38
24 48
24 57
24 68
24 71
24 76
25 11
25 16
25 40
25 44
25 52
25 55
25 57
25 63
26 3
26 6
26 18
26 21
26 28
26 34
26 39
26 40
26 46
26 51
26 57
26 66
27 6
27 15
27 38
27 43
27 50
27 65
27 66
27 68
28 5
28 13
28 22
28 39
28 53
28 59
28 65
29 15
29 20
29 23
29 24
29 48
29 56
29 62
29 68
30 3
30 24
30 46
31 13
31 17
31 20
31 35
31 39
31 44
31 52
31 53
32 16
32 28
32 33
32 45
32 52
32 67
33 26
33 27
33 35
33 42
33 50
33 62
34 10
34 15
34 30
34 35
34 37
34 38
34 44
34 66
34 71
35 6
35 9
35 26
35 27
35 47
35 60
35 74
36 31
36 50
36 69
36 76
37 49
37 53
37 57
37 65
37 77
38 21
38 22
38 26
38 79
39 8
39 13
39 19
39 65
39 69
39 77
40 0
40 28
40 35
40 50
40 57
40 63
40 65
41 1
41 3
41 7
41 12
41 16
41 32
41 63
41 74
42 3
42 4
42 10
42 14
42 29
42 38
42 40
42 41
42 44
42 57
43 1
43 6
43 20
43 36
43 44
43 50
43 58
43 61
43 66
43 68
43 75
44 8
44 10
44 16
44 38
44 41
44 70
44 76
44 77
45 6
45 31
45 37
45 59
45 69
46 4
46 9
46 22
46 35
46 44
46 49
46 58
46 74
46 78
47 6
47 19
47 25
47 27
47 33
47 36
47 39
47 40
47 43
47 46
47 48
47 51
47 60
47 68
48 0
48 34
48 37
48 41
48 57
48 63
48 67
49 2
49 12
49 18
49 29
49 31
49 34
49 53
49 55
49 60
49 62
49 70
49 77
50 20
50 21
50 22
50 38
50 42
50 47
50 67
50 69
50 74
50 75
51 3
51 4
51 10
51 29
51 35
51 37
51 59
51 61
51 66
52 0
52 3
52 6
52 10
52 15
52 21
52 28
52 33
52 44
52 64
52 74
53 7
53 10
53 12
53 16
53 22
53 29
53 45
53 48
53 52
53 54
53 57
54 14
54 15
54 24
54 31
54 32
54 37
54 61
54 75
54 76
55 3
55 5
55 12
55 58
55 66
55 68
55 70
55 72
55 76
56 1
56 5
56 12
56 18
56 28
56 41
56 51
56 59
56 61
56 66
56 68
56 69
56 76
56 79
57 0
57 2
57 3
57 11
57 13
57 15
57 34
57 54
57 67
57 74
58 27
58 39
58 40
58 53
58 56
58 60
58 66
59 22
59 64
60 15
60 26
60 39
60 75
61 4
61 7
61 13
61 25
61 34
61 46
61 49
61 55
61 57
61 58
61 64
61 75
62 2
62 3
62 5
62 12
62 27
62 31
62 36
62 48
62 59
62 72
63 1
63 6
63 21
63 29
63 30
63 36
63 44
63 69
64 0
64 13
64 15
64 31
64 39
64 41
64 47
64 49
64 53
64 66
64 74
65 31
65 35
65 46
65 52
65 61
65 66
65 72
66 7
66 40
66 50
66 53
66 70
66 73
67 22
67 39
67 49
67 60
67 64
68 1
68 4
68 21
68 26
68 28
68 34
68 35
68 52
68 58
68 71
68 75
69 3
69 6
69 20
69 38
69 40
69 41
69 71
69 79
70 0
70 5
70 24
70 33
70 68
71 0
71 7
71 10
71 12
71 19
71 20
71 26
71 28
71 31
71 32
71 38
71 40
71 51
71 52
71 60
71 61
71 64
72 8
72 15
72 26
72 29
72 40
72 42
72 54
72 67
72 76
73 0
73 11
73 16
73 20
73 23
73 27
73 39
73 51
73 71
73 76
74 1
74 4
74 7
74 22
74 28
74 47
74 55
74 71
75 21
75 37
75 45
75 55
75 69
75 73
75 76
76 16
76 17
76 64
76 77
77 0
77 9
77 16
77 27
77 38
77 58
77 62
77 65
77 67
77 70
78 0
78 29
78 33
78 49
79 0
79 2
79 9
79 14
79 16
79 41
79 53
79 66
79 74
79 76
0 1 2 3 4 5 6 7
