80 235 6
0 10
0 11
0 20
0 42
0 54
0 58
1 51
1 54
1 59
2 12
2 15
3 67
4 53
4 58
4 67
4 71
5 9
5 50
5 59
5 68
5 72
6 1
6 13
6 20
6 32
6 56
7 19
7 74
8 29
8 49
8 51
9 16
9 50
9 72
10 52
11 0
11 15
11 23
11 52
11 54
11 68
12 2
12 3
12 63
13 6
13 32
13 55
14 16
14 25
15 7
15 11
15 53
15 68
15 71
16 29
17 4
17 74
18 13
18 36
18 62
20 0
20 6
20 28
20 35
21 39
21 48
22 39
23 35
23 60
23 76
23 79
24 15
24 27
24 57
24 73
25 30
25 63
26 14
27 28
27 50
28 20
28 27
28 34
28 44
28 65
28 75
29 8
29 16
29 41
29 53
30 25
30 26
30 39
30 40
30 51
30 69
31 18
32 6
32 13
32 40
32 45
32 47
32 75
33 10
33 69
34 20
34 30
35 23
35 52
35 71
36 18
37 1
37 38
37 46
37 55
37 76
38 29
38 52
39 12
39 21
39 49
39 50
40 32
40 50
40 65
41 29
41 50
42 0
42 34
42 43
42 62
42 70
43 34
43 42
43 55
44 56
44 71
45 18
45 32
45 53
45 68
46 17
46 21
46 37
46 55
46 74
47 16
47 32
47 56
47 68
48 24
48 36
48 45
48 60
48 77
49 8
49 31
50 5
50 11
51 19
51 30
51 59
51 61
52 35
52 38
53 4
53 15
53 29
53 57
54 1
54 11
54 60
55 0
55 13
55 37
55 42
55 43
55 46
56 6
56 47
56 74
57 24
57 53
58 3
58 4
58 21
59 1
59 19
59 51
60 23
60 54
60 61
61 51
61 56
61 60
61 76
62 18
62 42
62 79
63 12
64 61
65 40
66 47
67 3
67 4
68 11
68 15
68 35
68 45
68 47
69 30
69 33
69 55
70 12
70 42
71 4
71 15
71 35
71 37
72 5
74 7
74 46
74 56
75 28
75 32
76 5
76 23
76 37
76 61
77 48
77 66
77 71
78 75
79 23
79 39
0 1 2 3 4 5
