80 266 6
0 14
0 19
0 27
0 42
0 49
0 52
0 54
0 67
0 71
1 49
1 78
2 24
2 33
2 57
2 65
2 79
3 46
3 58
3 75
4 9
4 29
4 42
5 17
5 42
5 73
5 78
6 24
7 18
7 40
7 52
8 40
8 46
8 52
9 15
9 59
9 78
10 11
10 57
11 31
11 34
11 73
11 76
12 18
12 56
13 32
13 40
14 0
14 25
14 71
15 9
15 16
15 40
15 48
15 51
15 69
16 33
16 43
16 68
16 79
17 5
17 42
17 61
18 7
18 12
18 36
18 58
19 0
19 27
19 41
19 77
20 12
20 28
20 65
20 66
20 68
21 31
22 54
22 78
23 75
23 77
24 2
24 6
24 39
24 52
25 14
25 26
25 56
25 57
26 25
26 44
26 47
27 0
27 15
27 19
27 35
27 37
27 70
28 19
28 20
29 4
29 69
30 37
30 55
31 11
31 73
32 13
32 49
32 60
32 70
33 16
33 50
33 56
33 59
34 37
34 50
35 27
36 18
36 43
36 64
37 27
37 30
37 34
37 58
38 52
39 15
39 24
40 7
40 8
40 10
40 13
40 15
40 17
40 59
40 70
40 72
41 45
41 51
42 0
42 4
42 5
42 17
43 27
44 22
44 26
44 45
44 56
44 63
44 75
45 41
45 44
45 56
45 62
46 3
46 8
46 72
47 26
47 72
48 15
48 62
48 69
49 1
49 26
49 32
49 59
49 71
49 72
50 33
50 34
50 48
50 73
51 15
51 68
51 71
52 0
52 8
52 18
52 24
52 38
52 63
52 65
53 57
53 61
54 2
54 22
55 30
55 71
56 5
56 11
56 12
56 33
56 44
56 45
57 0
57 2
57 10
57 25
57 53
58 3
58 33
58 37
59 9
59 33
59 40
59 49
59 61
59 62
60 32
60 50
60 62
61 17
61 53
61 59
61 71
61 78
62 45
62 59
62 60
63 44
63 52
64 36
65 2
65 20
65 52
66 17
66 20
66 73
67 0
68 16
68 20
68 51
69 15
69 48
70 19
70 27
70 32
71 49
71 51
71 53
71 55
71 61
71 64
72 2
72 49
73 5
73 11
73 31
73 37
73 44
73 50
73 66
74 35
74 62
75 3
75 12
75 23
75 44
76 11
77 15
77 19
77 30
78 1
78 5
78 9
78 22
79 2
79 16
0 1 2 3 4 5
