80 632 20
0 1
0 11
0 14
0 16
0 18
0 31
0 42
0 46
0 47
0 63
0 69
0 75
1 2
1 5
1 10
1 36
1 51
1 55
1 70
2 16
2 18
2 22
2 23
2 28
2 47
2 66
3 21
3 31
3 33
3 37
3 56
4 9
4 14
4 19
4 32
4 50
4 61
4 67
4 72
5 14
5 23
5 44
5 51
5 53
5 64
5 66
5 70
5 71
5 76
6 18
6 30
6 33
6 40
6 53
6 72
7 16
7 21
7 30
7 71
7 72
8 9
8 20
8 39
8 53
8 54
8 59
9 7
9 10
9 12
9 22
9 23
9 32
9 37
9 54
9 59
9 65
10 4
10 50
10 52
10 74
10 75
10 79
11 5
11 13
11 19
11 24
11 27
11 44
11 46
11 48
11 67
11 72
12 11
12 16
12 17
12 18
12 20
12 40
12 47
12 55
12 66
13 0
13 4
13 8
13 17
13 24
13 25
13 36
13 42
13 60
13 61
13 63
13 73
14 1
14 61
14 72
14 73
14 74
14 76
15 1
15 4
15 10
15 13
15 24
15 26
15 45
15 65
15 67
16 6
16 14
16 18
16 28
16 29
16 65
17 0
17 19
17 22
17 24
17 31
17 34
17 40
17 46
17 55
17 64
17 72
17 75
17 77
18 54
18 55
18 65
18 79
19 5
19 34
19 46
19 47
19 52
19 62
20 0
20 7
20 13
20 15
20 33
20 75
20 77
20 79
21 9
21 37
21 43
21 44
21 50
21 55
21 58
21 64
21 68
21 73
22 11
22 14
22 26
22 38
22 39
22 48
22 53
22 55
22 61
22 64
22 73
22 74
22 79
23 10
23 14
23 25
23 33
23 44
23 46
23 49
23 53
23 54
23 63
24 8
24 18
24 32
24 43
24 46
24 59
24 60
24 65
25 0
25 2
25 3
25 15
25 31
25 40
25 42
25 46
26 3
26 4
26 9
26 28
26 40
26 44
26 56
26 62
26 79
27 3
27 6
27 24
27 46
27 49
27 67
27 68
28 10
28 17
28 23
28 31
28 40
28 43
28 47
28 56
28 60
28 72
28 76
29 3
29 6
29 12
29 26
29 28
29 39
29 40
29 47
29 60
30 1
30 3
30 15
30 19
30 22
30 50
30 59
30 70
30 76
31 14
31 16
31 27
31 44
31 51
31 61
31 68
32 0
32 3
32 19
32 20
32 47
32 56
32 64
32 68
33 2
33 9
33 10
33 17
33 26
33 31
33 35
34 5
34 25
34 29
34 30
34 48
34 74
34 78
35 8
35 10
35 23
35 31
35 38
35 46
35 49
35 56
35 68
36 4
36 5
36 12
36 17
36 25
36 56
36 67
37 17
37 28
37 33
37 34
37 41
37 49
37 78
38 3
38 9
38 12
38 15
38 19
38 23
38 42
38 43
38 45
38 51
38 61
38 63
39 15
39 20
39 26
39 30
39 35
39 36
39 46
39 53
39 63
39 67
39 71
40 52
40 56
40 72
40 77
41 1
41 8
41 14
41 19
41 25
41 38
41 43
41 68
42 10
42 34
42 47
42 58
42 77
43 14
43 36
43 37
43 39
44 1
44 6
44 20
44 22
44 24
44 66
44 67
44 68
44 70
44 79
45 4
45 8
45 12
45 18
45 28
45 35
45 64
45 70
45 78
46 55
46 56
46 58
46 61
46 64
46 66
46 67
47 9
47 45
47 71
48 0
48 14
48 18
48 31
48 36
48 47
48 53
48 65
48 66
49 7
49 11
49 26
49 28
49 31
49 34
49 61
49 69
50 1
50 9
50 11
50 15
50 19
50 35
50 48
50 55
50 58
50 68
50 69
50 76
51 6
51 7
51 11
51 47
51 48
51 52
52 0
52 15
52 30
52 36
52 48
52 60
53 3
53 11
53 13
53 15
53 17
53 18
53 36
53 49
53 66
53 74
54 6
54 31
54 32
54 33
54 42
54 44
54 46
54 56
54 57
54 70
54 76
54 79
55 8
55 24
55 62
55 66
55 67
55 74
56 7
56 9
56 13
56 21
56 23
56 41
56 55
56 75
57 1
57 26
57 61
57 65
58 0
58 2
58 4
58 9
58 24
59 0
59 11
59 17
59 21
59 27
59 36
59 37
59 57
59 77
60 0
60 11
60 21
60 26
60 30
60 31
60 61
61 0
61 12
61 16
61 20
61 26
61 28
61 36
61 64
61 66
62 5
62 13
62 17
62 27
62 32
62 34
62 49
62 52
62 69
62 74
63 4
63 15
63 19
63 20
63 22
63 34
63 46
63 50
63 72
64 7
64 14
64 30
64 38
64 47
64 62
64 72
65 6
65 10
65 13
65 23
65 40
65 77
66 4
66 17
66 25
66 33
66 39
66 42
66 45
67 9
67 18
67 25
67 59
67 64
68 25
68 73
68 76
68 77
69 3
69 23
69 33
69 35
69 42
69 45
69 55
69 56
70 9
70 14
70 15
70 18
70 24
70 27
70 31
70 40
70 48
70 51
70 61
70 72
71 4
71 18
71 23
71 48
71 75
72 27
72 31
72 48
72 62
72 68
72 71
72 74
73 6
73 8
73 10
73 20
73 23
73 25
73 28
73 30
73 34
73 72
74 4
74 7
74 13
74 17
74 36
74 70
74 71
74 78
75 11
75 22
75 24
75 27
75 39
76 6
76 38
76 48
76 66
77 8
77 32
77 34
77 35
77 39
77 55
77 73
77 78
78 3
78 6
78 24
78 26
78 27
78 28
78 29
78 35
78 51
78 55
78 56
78 58
78 60
78 66
78 68
79 5
79 6
79 29
79 34
79 45
79 65
79 77
0 1 2 3 4 5 6 7 8 9 10 11 12 13 14 15 16 17 18 19
