80 632 16
0 3
0 10
0 19
0 20
0 33
0 48
0 56
0 60
0 66
1 27
1 28
1 30
1 36
1 42
1 48
1 75
2 29
2 38
2 50
2 53
2 55
2 56
2 60
2 63
2 66
3 7
3 10
3 31
3 37
3 39
3 51
3 72
4 26
4 40
4 48
4 56
4 74
5 12
5 19
5 40
5 48
5 67
5 71
5 79
6 21
6 23
6 36
6 48
6 57
6 66
6 73
7 2
7 8
7 10
7 17
7 33
7 71
8 12
8 17
8 43
8 47
8 57
8 64
8 78
9 38
9 45
9 68
10 1
10 8
10 21
10 22
10 35
10 37
10 49
10 62
10 69
10 78
11 1
11 3
11 16
11 53
11 55
11 70
11 74
11 75
12 17
12 19
12 26
12 28
12 42
12 47
12 54
12 77
13 4
13 21
13 37
13 49
13 50
13 52
14 5
14 7
14 16
14 22
14 24
14 41
14 53
14 59
14 60
14 61
14 64
14 76
15 7
15 20
15 30
15 37
15 62
15 73
16 0
16 3
16 18
16 19
16 25
16 38
16 41
16 68
17 11
17 38
17 65
17 72
17 75
17 77
18 24
18 37
18 41
18 49
18 57
18 74
18 77
19 1
19 3
19 6
19 18
19 26
19 37
19 56
19 70
19 76
19 79
20 3
20 18
20 40
20 41
20 42
20 56
21 14
21 30
21 44
21 53
21 55
21 63
22 1
22 2
22 8
22 11
22 28
22 43
22 44
22 52
22 54
22 57
22 59
22 60
22 63
22 76
23 7
23 12
23 26
23 34
23 43
23 49
23 53
23 61
23 71
23 72
23 76
24 1
24 7
24 8
24 23
24 36
24 38
24 39
24 41
24 46
24 61
25 5
25 13
25 17
25 20
25 28
25 50
25 59
25 71
25 73
25 76
26 9
26 11
26 36
26 70
26 71
26 79
27 4
27 20
27 47
27 51
27 58
27 75
28 3
28 8
28 15
28 20
28 42
28 48
28 53
28 79
29 5
29 8
29 10
29 16
29 62
29 63
29 71
30 11
30 32
30 51
30 55
30 57
30 62
30 76
31 0
31 11
31 30
31 74
31 77
32 21
32 22
32 36
32 44
32 48
32 57
32 64
32 74
32 78
33 14
33 20
33 27
33 30
33 37
33 38
33 42
33 65
33 77
34 7
34 19
34 22
34 29
34 46
34 56
35 17
35 57
35 79
36 3
36 15
36 31
36 44
36 46
36 60
36 67
36 78
37 24
37 25
37 38
37 53
38 15
38 21
38 22
38 25
38 26
38 36
38 75
39 0
39 11
39 19
39 34
39 37
39 68
40 3
40 16
40 22
40 43
40 50
40 63
40 66
41 22
41 26
41 48
41 51
42 3
42 24
42 36
42 41
42 53
42 58
42 67
42 72
42 79
43 5
43 7
43 32
43 42
43 45
43 49
43 58
43 63
43 66
43 72
44 0
44 15
44 35
44 43
44 64
44 66
44 69
44 77
45 2
45 4
45 15
45 27
45 28
45 38
45 44
45 51
45 64
45 67
46 31
46 32
46 42
46 57
46 58
46 62
47 10
47 15
47 16
47 42
47 44
47 55
47 58
47 63
48 11
48 50
48 59
48 64
48 65
48 69
48 79
49 0
49 4
49 14
49 15
49 33
49 40
49 58
49 66
49 71
50 7
50 20
50 23
50 36
50 39
50 59
50 61
50 67
50 75
51 5
51 8
51 11
51 18
51 33
51 55
51 59
51 61
52 4
52 15
52 26
52 41
52 53
52 76
53 19
53 20
53 30
53 51
53 57
53 58
54 14
54 21
54 36
54 48
54 49
54 64
54 71
54 72
54 76
55 1
55 5
55 7
55 12
55 15
55 20
55 34
55 42
55 54
55 63
56 9
56 33
56 42
56 59
56 64
56 66
56 73
57 28
57 40
57 52
57 55
57 59
57 62
57 63
57 65
57 76
57 77
57 79
58 30
58 31
58 34
58 40
59 3
59 6
59 15
59 30
59 45
59 54
59 67
59 68
59 71
60 10
60 16
60 29
60 35
60 39
60 47
60 54
60 62
60 77
61 2
61 6
61 11
61 18
61 28
61 29
61 32
61 36
61 45
61 49
61 58
62 4
62 8
62 13
62 33
62 42
62 49
62 64
62 69
63 10
63 16
63 23
63 38
63 41
63 70
64 12
64 31
64 60
64 65
64 68
64 70
65 2
65 7
65 10
65 12
65 26
65 47
65 54
65 70
66 11
66 15
66 64
66 65
66 75
67 14
67 17
67 24
67 26
67 51
67 52
67 56
67 69
68 6
68 8
68 10
68 12
68 22
68 42
68 51
68 69
68 70
69 1
69 6
69 8
69 9
69 12
69 13
69 16
69 19
69 20
69 27
69 28
69 29
69 37
69 41
69 74
70 32
70 33
70 35
70 36
70 38
70 41
70 53
71 3
71 10
71 19
71 27
71 45
71 77
71 78
72 15
72 16
72 21
72 39
72 44
72 49
72 53
72 56
72 60
72 64
72 68
72 69
72 79
73 0
73 1
73 21
73 26
73 27
73 42
73 59
73 60
73 65
73 72
74 10
74 12
74 14
74 29
74 38
74 43
74 47
74 51
74 52
74 62
74 73
74 76
75 18
75 28
75 29
75 31
75 32
75 46
75 67
75 68
75 73
75 74
75 76
75 79
76 1
76 2
76 13
76 18
76 27
76 32
76 38
76 45
76 62
76 77
77 3
77 4
77 9
77 25
77 37
77 68
78 11
78 20
78 22
78 27
78 33
78 38
78 61
78 75
79 4
79 8
79 30
79 41
79 49
79 56
79 60
79 74
79 78
0 1 2 3 4 5 6 7 8 9 10 11 12 13 14 15
