80 169 8
0 3
0 37
0 41
0 45
1 34
1 63
1 78
2 37
3 0
4 59
4 69
5 14
5 46
6 27
6 42
7 14
7 49
8 26
8 29
9 10
10 9
10 47
10 57
11 6
13 21
13 65
14 7
15 37
15 74
16 24
16 29
16 55
16 69
16 71
16 77
17 69
17 73
17 79
18 59
18 65
18 79
19 50
19 53
20 36
20 51
21 1
21 36
21 41
21 55
22 56
22 59
23 59
24 16
24 67
26 8
26 37
26 64
27 6
27 33
27 39
27 75
27 78
28 5
28 32
29 8
29 55
30 36
31 22
31 32
31 41
31 43
31 48
32 28
32 31
32 37
33 50
33 58
34 1
34 55
35 27
35 41
36 6
36 11
36 30
36 64
37 2
37 15
37 28
37 32
37 46
37 54
37 69
38 35
40 0
40 51
40 53
41 19
41 21
42 21
42 26
43 31
44 71
45 0
46 5
46 37
46 39
46 73
47 10
49 7
49 20
49 74
50 19
50 77
51 20
51 76
53 19
53 40
54 64
55 16
55 56
56 22
57 10
57 64
59 4
59 22
59 67
60 9
61 59
62 9
62 17
62 61
63 1
64 21
64 25
64 26
64 36
64 44
64 52
64 54
64 57
64 70
65 11
65 18
65 57
66 22
67 12
67 59
68 1
69 37
69 76
70 23
70 37
70 64
71 16
71 75
72 51
73 5
73 17
73 31
73 57
75 27
75 71
76 51
77 16
77 50
78 27
79 17
79 18
79 58
0 1 2 3 4 5 6 7
