80 350 20
0 4
0 5
0 10
0 20
0 24
0 38
0 45
0 48
0 66
1 50
1 64
1 75
2 3
2 8
2 24
2 48
2 61
2 64
3 9
3 11
3 15
3 26
3 27
3 43
3 67
4 20
4 42
5 41
5 67
5 69
6 0
6 18
6 38
6 55
6 62
7 3
7 8
7 46
7 61
8 4
8 48
9 14
9 57
9 66
10 19
10 32
10 42
10 52
10 55
11 16
11 20
11 25
11 53
12 37
12 47
12 49
12 66
13 20
13 68
13 72
14 26
14 46
14 48
15 21
15 30
15 44
15 67
16 19
16 33
16 40
16 53
17 31
17 33
17 39
17 50
17 77
18 1
18 68
18 73
19 17
19 51
19 55
19 77
19 78
20 23
20 28
20 36
20 38
20 43
20 64
20 75
21 34
22 59
22 60
22 66
22 68
22 69
23 0
23 19
23 41
24 20
24 51
24 68
24 76
25 52
25 58
25 67
25 74
25 77
25 79
26 25
26 68
26 78
27 0
27 6
27 26
27 41
27 61
28 0
28 12
28 15
29 2
29 7
29 8
29 16
29 38
29 70
29 73
29 75
30 12
30 36
30 64
30 79
31 2
31 6
31 8
31 9
31 13
31 14
31 19
32 39
32 76
33 2
33 14
33 18
33 22
34 13
34 16
34 47
34 53
34 55
34 66
35 5
35 17
35 44
35 68
35 71
36 14
36 15
36 19
36 22
36 27
36 37
36 56
36 67
37 13
37 16
37 20
37 29
37 32
38 5
38 41
38 42
38 57
39 13
39 24
39 44
39 52
39 57
39 58
40 0
40 1
41 1
41 13
41 14
41 15
41 26
41 57
41 61
41 67
42 3
42 32
42 36
42 64
43 19
43 28
43 38
43 74
44 7
44 10
44 11
44 22
44 37
44 42
44 65
44 74
45 6
45 76
46 1
46 11
46 39
46 48
46 77
47 19
47 32
47 42
49 17
49 18
49 19
49 64
50 19
50 22
50 30
50 49
50 51
50 58
50 74
51 12
51 15
51 17
51 34
51 47
51 58
51 62
51 77
51 78
52 2
52 6
52 7
52 23
52 48
52 79
53 45
53 78
54 9
54 17
54 27
54 43
54 46
54 58
54 69
54 72
55 2
55 25
55 31
55 39
55 41
55 61
55 64
55 67
56 23
56 24
57 8
57 22
57 36
57 44
57 63
58 12
58 15
58 62
59 29
59 42
59 60
59 65
59 73
60 2
60 6
60 9
60 77
61 3
61 5
61 17
61 19
61 70
62 27
62 38
62 66
63 25
63 44
63 49
63 53
64 22
64 59
65 29
65 52
65 72
66 4
66 55
67 39
67 46
68 27
68 36
68 53
68 74
68 77
69 21
69 28
69 71
69 78
70 5
70 32
70 48
71 12
71 13
71 75
72 5
72 14
72 78
73 28
73 38
74 4
74 6
74 12
74 32
75 0
75 9
75 31
75 42
75 66
76 18
76 19
76 27
76 74
76 75
77 9
77 34
77 40
77 54
77 64
77 67
78 0
78 27
78 30
78 34
78 39
78 74
79 4
79 60
79 71
79 75
0 1 2 3 4 5 6 7 8 9 10 11 12 13 14 15 16 17 18 19
