80 350 6
0 1
0 29
0 37
0 51
0 57
1 19
1 35
1 42
1 43
2 1
2 5
2 6
2 9
2 14
2 15
2 31
2 73
3 29
3 35
3 40
3 55
4 1
4 15
4 38
4 48
4 63
4 70
5 31
5 32
6 12
6 30
6 40
6 59
7 6
7 18
7 40
7 67
7 72
8 3
8 6
8 16
8 22
8 37
8 62
8 76
9 6
9 30
9 38
9 42
9 46
10 8
10 12
10 28
10 35
10 64
10 75
11 23
11 53
11 54
11 61
12 21
12 63
13 3
13 7
13 11
13 51
13 68
13 71
14 46
14 55
14 60
15 3
15 11
15 30
15 52
16 48
16 78
17 37
17 73
17 79
18 9
18 31
18 35
18 58
19 8
19 14
19 38
19 61
20 15
20 17
20 18
20 27
20 33
21 13
21 14
21 73
21 77
22 6
22 7
22 44
22 51
22 67
23 25
23 31
23 45
23 46
23 71
24 13
24 27
24 31
25 52
25 63
25 66
25 78
26 5
26 21
26 22
26 25
26 34
26 50
27 13
27 19
27 32
27 52
27 58
27 69
28 1
28 8
28 45
28 66
28 78
29 7
29 14
29 60
30 43
30 56
30 62
31 0
31 42
31 59
32 8
32 25
33 54
33 61
33 68
33 70
34 5
34 9
34 11
34 41
34 54
34 77
35 33
35 44
36 3
36 9
36 16
36 35
36 65
37 2
37 11
37 35
37 40
37 73
37 77
38 12
38 40
38 67
39 13
39 17
39 33
39 43
39 45
39 52
39 77
40 19
40 25
40 46
40 65
40 72
41 15
41 20
41 22
41 27
41 40
41 51
41 69
42 23
42 24
42 35
42 54
42 61
42 64
43 14
43 16
43 21
43 66
43 69
43 71
44 2
45 30
45 43
45 52
46 18
46 74
47 1
47 15
47 55
47 63
47 76
47 78
48 8
48 13
48 21
48 25
48 33
48 43
49 1
49 19
49 51
50 35
50 44
50 47
50 64
50 78
51 2
51 6
51 26
51 32
51 71
51 72
51 75
52 30
52 31
52 34
52 64
52 65
52 66
53 19
53 26
53 36
53 43
53 50
53 54
53 72
54 6
54 26
54 47
54 50
54 65
54 74
55 13
55 42
55 49
55 60
55 74
56 0
56 28
56 34
56 36
56 58
57 20
57 36
57 38
57 73
57 78
58 37
58 62
58 75
58 79
59 4
59 14
59 27
59 33
59 46
59 60
59 74
60 33
60 41
60 46
61 12
61 40
61 48
61 63
61 66
62 7
62 21
62 32
62 64
63 38
63 72
63 73
63 76
64 1
64 11
64 19
64 25
64 31
64 40
64 47
64 49
64 53
64 68
64 74
65 4
65 30
65 49
66 39
66 41
66 71
67 5
67 17
67 19
67 63
68 1
68 6
68 8
69 24
69 32
69 53
69 56
69 62
70 1
70 8
70 32
70 55
71 7
71 21
71 44
72 41
72 42
73 7
73 27
73 72
74 65
75 22
76 48
77 11
77 20
77 71
78 1
78 40
78 43
78 52
78 58
78 60
79 9
79 61
79 70
79 71
0 1 2 3 4 5
