80 423 8
0 14
0 18
0 31
0 32
0 34
0 40
0 53
0 57
1 15
1 20
1 21
1 75
1 78
2 61
3 5
3 18
3 36
3 53
3 70
4 5
4 13
4 32
4 50
4 68
4 74
4 76
5 4
5 29
5 39
5 42
5 64
6 9
6 26
6 29
6 55
6 67
7 61
8 25
8 28
8 66
8 67
8 70
9 10
9 26
9 46
9 57
9 59
9 61
9 75
10 2
10 19
10 40
10 50
10 62
10 66
10 76
11 9
11 17
11 45
11 61
11 68
11 70
12 15
12 35
12 44
12 50
12 79
13 15
13 44
13 55
13 58
13 61
13 68
13 72
14 31
14 46
14 50
15 9
15 12
15 33
15 47
15 51
15 55
16 33
16 69
17 10
17 18
17 28
17 47
17 75
18 21
18 28
18 37
18 56
18 62
18 76
19 10
19 15
19 34
19 38
19 70
19 72
20 1
20 32
20 48
20 55
20 65
21 14
21 16
21 20
21 33
21 79
22 28
22 56
23 30
23 35
23 52
23 54
23 74
24 30
24 50
24 76
24 77
24 78
25 8
25 21
25 64
26 6
26 8
26 17
26 38
26 39
26 57
26 59
26 61
26 67
26 69
27 4
27 53
27 77
28 0
28 13
28 18
28 55
28 58
28 74
29 20
29 42
29 48
29 52
29 57
30 11
30 14
30 18
30 39
30 59
30 64
30 65
30 73
31 17
31 66
32 0
32 4
32 20
32 27
32 68
33 6
33 21
33 75
34 0
34 17
34 26
34 50
34 58
35 13
35 26
35 61
35 71
36 19
36 45
36 58
36 65
37 43
38 14
38 29
38 51
38 55
38 63
39 9
39 20
39 26
39 37
39 38
39 59
39 65
40 0
40 37
40 46
40 57
41 18
41 26
41 46
41 51
41 70
41 76
42 4
42 15
42 29
42 37
42 43
42 49
42 51
42 54
42 60
42 65
42 71
43 10
43 22
43 41
43 66
43 69
43 71
44 2
44 25
44 30
44 38
44 51
44 52
45 0
45 57
45 58
45 74
46 9
46 14
46 19
46 23
46 59
47 11
47 28
47 29
47 43
47 52
47 61
48 17
48 20
48 36
48 51
48 75
49 11
49 42
49 47
49 50
49 61
49 64
49 70
50 4
50 12
50 14
50 24
50 33
50 34
50 44
51 2
51 21
51 38
51 57
51 59
52 10
52 18
52 29
52 44
52 60
52 62
53 0
53 3
53 7
53 8
53 27
53 52
53 56
53 72
54 22
54 34
54 42
54 62
54 67
55 13
55 15
55 42
55 59
55 63
55 64
56 10
56 30
56 52
56 53
56 58
56 66
57 7
57 9
57 15
57 31
57 33
57 40
57 45
57 51
57 63
57 64
57 73
58 13
58 45
58 48
58 56
58 59
58 71
58 75
59 9
59 21
59 33
59 39
59 51
59 77
60 1
60 14
60 33
60 43
60 52
60 58
60 67
60 71
60 78
61 7
61 26
61 36
61 46
61 47
61 49
61 62
61 68
61 74
62 10
62 44
62 61
62 65
63 10
63 79
64 5
64 21
64 25
64 37
64 79
65 30
65 67
66 8
66 28
66 46
66 67
67 14
67 42
67 50
68 13
68 31
68 32
68 70
68 71
68 79
69 26
69 43
69 44
69 48
69 78
70 8
70 9
70 20
70 21
70 40
70 56
70 72
70 77
71 3
71 5
71 8
71 18
71 42
71 43
72 19
72 32
72 59
73 33
73 51
73 66
74 4
74 23
74 47
75 1
75 14
75 15
75 17
75 73
75 74
75 79
76 0
76 10
76 25
76 66
76 70
76 72
77 3
77 16
77 24
77 44
77 65
78 1
78 10
78 14
78 20
78 25
78 51
78 56
79 12
79 41
79 63
79 75
0 1 2 3 4 5 6 7
