80 185 20
0 10
0 11
0 20
0 42
0 54
0 55
0 58
1 6
1 54
2 15
3 58
3 67
4 17
4 58
5 9
5 68
5 72
5 76
6 1
6 13
6 20
6 32
7 19
8 29
9 5
9 16
9 50
9 72
10 0
10 33
10 52
11 15
11 50
11 68
12 39
12 63
12 70
13 6
13 18
13 55
14 16
14 26
15 2
15 7
15 11
15 24
15 71
16 9
16 14
16 29
17 46
18 13
18 36
18 62
19 7
19 51
19 59
20 0
20 6
20 34
20 35
21 46
21 48
21 58
22 39
23 35
23 79
24 73
26 14
26 30
27 50
28 27
28 34
28 75
29 8
29 16
29 38
29 41
30 25
30 39
31 49
32 6
32 40
32 45
32 75
33 10
33 69
34 42
35 20
35 23
35 52
35 68
35 71
36 18
37 1
37 55
37 71
38 29
38 52
39 21
39 22
39 30
39 49
39 50
39 79
40 30
40 32
40 50
41 29
42 0
42 70
43 34
43 55
44 56
44 71
45 32
45 48
45 53
46 17
46 21
46 55
47 16
47 56
48 21
48 60
49 8
49 39
50 5
50 27
50 39
50 40
50 41
51 8
51 19
51 59
52 35
53 4
54 0
54 60
55 0
55 37
55 43
55 46
56 6
56 44
56 47
57 24
58 0
58 3
58 4
58 21
59 19
60 23
60 48
60 54
61 56
61 60
61 76
62 42
63 12
64 61
65 28
66 47
66 77
67 4
68 11
68 35
69 33
70 12
71 4
71 15
71 37
71 77
72 5
74 46
74 56
75 78
76 5
76 61
77 66
77 71
78 75
79 23
79 39
79 62
0 1 2 3 4 5 6 7 8 9 10 11 12 13 14 15 16 17 18 19
