80 350 16
0 7
0 10
0 20
0 22
0 42
0 56
1 6
1 9
1 37
2 12
2 15
2 19
2 25
2 40
2 46
3 58
4 19
4 53
4 67
4 71
5 9
5 33
5 50
5 68
5 76
6 4
6 13
6 20
6 72
7 15
7 16
7 27
7 57
7 65
7 74
8 31
8 49
8 65
9 16
9 50
9 74
10 32
10 51
10 52
10 54
10 65
10 70
11 0
11 6
11 13
11 14
11 15
11 50
11 62
11 68
11 76
12 3
12 45
12 64
13 30
13 37
13 48
14 9
14 25
14 26
14 58
15 24
15 68
16 14
16 32
16 36
17 4
17 13
17 46
17 53
17 57
17 75
18 7
18 13
18 15
18 30
18 36
18 51
18 63
19 7
19 51
19 59
20 11
20 13
20 55
21 24
21 40
21 46
21 48
21 58
21 74
22 39
22 50
22 51
22 73
23 6
23 11
23 19
23 31
24 22
24 27
24 35
24 57
24 71
24 73
25 30
26 10
26 42
27 9
27 28
27 50
28 20
28 39
28 53
28 67
28 68
28 75
29 8
29 16
29 19
29 38
29 53
29 66
30 20
30 26
30 34
30 40
31 18
31 21
31 30
32 6
32 12
32 13
32 40
32 50
32 55
32 74
32 75
33 10
33 36
33 54
33 75
34 8
34 20
34 28
34 33
35 0
35 8
35 20
35 23
35 32
35 39
35 44
35 59
35 68
35 71
36 7
36 57
36 67
37 38
37 46
37 49
37 55
37 71
37 76
38 1
38 23
38 52
39 12
39 21
39 30
39 49
39 62
40 49
40 50
41 29
42 33
42 34
42 43
42 48
42 55
42 70
43 6
43 20
43 31
43 34
43 55
44 10
44 28
44 56
44 57
45 18
45 32
45 48
45 53
45 69
46 7
47 16
47 17
47 32
47 37
47 39
47 41
47 60
47 66
47 68
48 12
48 20
48 24
48 34
48 36
48 60
48 74
48 77
49 14
49 31
49 77
50 37
50 39
50 41
50 52
51 1
51 8
51 29
51 30
51 59
51 71
52 11
52 17
52 34
52 35
52 69
53 6
53 15
53 31
53 57
54 0
54 1
54 11
54 13
54 18
54 60
54 78
55 0
55 13
55 33
55 46
55 57
55 69
56 6
56 21
56 31
56 47
56 61
56 62
56 74
58 0
58 4
58 13
58 18
58 26
58 43
58 72
59 1
59 5
59 61
60 23
60 58
60 61
60 78
61 7
61 51
61 64
61 70
62 18
62 42
62 71
62 79
63 7
63 10
63 12
63 25
64 15
64 25
64 38
64 42
64 50
64 62
64 66
64 72
65 28
65 40
65 61
65 69
66 8
66 33
66 37
66 69
67 3
67 19
67 30
67 37
67 42
67 45
67 51
67 55
68 7
68 45
69 30
69 33
70 2
70 12
71 1
71 9
71 15
71 23
71 44
71 54
71 60
72 5
72 9
72 41
72 42
72 46
73 46
74 17
74 46
75 1
75 2
76 23
76 61
77 12
77 37
77 42
77 65
77 66
77 68
77 71
78 6
78 35
78 75
79 19
79 23
79 39
79 43
0 1 2 3 4 5 6 7 8 9 10 11 12 13 14 15
