80 632 6
0 1
0 10
0 15
0 24
0 29
0 40
0 45
0 54
0 55
1 41
1 58
1 66
1 69
1 70
1 72
2 26
2 39
2 45
2 48
2 55
2 57
2 63
2 75
3 1
3 11
3 14
3 32
3 41
3 57
3 59
3 61
3 70
4 18
4 32
4 44
4 51
4 66
4 76
5 10
5 25
5 32
5 34
5 54
5 55
5 56
5 64
5 67
5 71
5 75
5 78
6 5
6 26
6 40
6 44
6 58
7 6
7 8
7 21
7 50
7 60
7 63
8 5
8 16
8 37
8 39
8 46
8 59
9 12
9 16
9 18
9 32
9 39
9 49
9 50
9 75
10 14
10 45
10 53
10 54
10 77
11 4
11 8
11 13
11 44
11 47
11 50
11 58
11 62
12 1
12 4
12 7
12 29
12 31
12 39
12 46
12 47
12 75
13 3
13 8
13 16
13 21
13 23
13 29
13 33
13 48
13 55
13 67
14 0
14 2
14 11
14 16
14 21
14 26
14 39
14 48
14 50
14 58
14 60
14 68
14 71
15 5
15 45
15 62
15 66
15 67
15 76
16 29
16 33
16 66
17 9
17 20
17 21
17 37
17 38
17 39
17 51
17 56
17 64
17 73
18 6
18 13
18 14
18 19
18 23
18 40
18 48
18 66
19 9
19 15
19 30
19 39
19 49
19 57
19 77
20 7
20 33
20 43
20 71
21 3
21 10
21 15
21 18
21 31
21 36
21 44
21 50
21 52
21 71
22 1
22 14
22 53
22 54
22 61
22 66
23 22
23 24
23 27
23 29
23 31
23 47
23 68
23 72
24 34
24 36
24 39
24 41
24 53
24 54
24 59
24 63
24 67
25 11
25 29
25 31
25 38
25 41
25 53
25 59
25 69
25 75
26 15
26 28
26 29
26 41
26 69
26 70
27 0
27 2
27 5
27 7
27 18
27 30
27 38
27 41
27 42
27 63
27 72
28 2
28 4
28 12
28 31
28 35
28 74
29 17
29 19
29 33
29 35
29 45
29 71
30 2
30 4
30 6
30 9
30 22
30 29
30 55
30 73
30 75
31 5
31 15
31 16
31 18
31 19
31 29
31 41
31 43
31 58
31 65
31 66
32 35
32 47
32 50
32 59
32 72
33 5
33 15
33 21
33 37
33 43
33 48
33 49
33 57
33 74
34 16
34 21
34 43
34 52
34 57
34 75
35 0
35 10
35 27
35 41
35 42
35 58
35 77
36 6
36 13
36 25
36 26
36 27
36 28
36 31
36 38
36 39
36 49
37 0
37 5
37 10
37 42
37 63
37 72
37 75
38 4
38 8
38 23
38 24
38 31
38 51
38 53
38 69
38 75
39 38
40 9
40 22
40 35
40 37
40 72
41 34
41 49
41 58
41 60
41 72
42 8
42 13
42 16
42 22
42 25
42 36
42 51
42 53
42 54
42 57
42 64
42 69
43 7
43 13
43 35
43 45
43 49
43 50
43 52
43 55
43 77
43 79
44 0
44 3
44 7
44 15
44 26
44 29
44 31
44 58
44 60
44 61
45 4
45 7
45 19
45 56
45 58
46 3
46 7
46 10
46 17
46 26
46 32
46 34
46 56
46 78
47 2
47 3
47 5
47 15
47 44
47 61
47 62
47 63
47 65
47 68
48 16
48 20
48 40
48 59
49 21
49 23
49 60
49 66
50 3
50 8
50 10
50 15
50 17
50 20
50 31
50 35
50 37
51 13
51 30
51 31
51 36
51 43
51 54
51 63
51 66
51 67
51 71
51 72
51 74
52 3
52 11
52 12
52 24
52 33
52 39
52 48
52 60
52 70
52 72
53 4
53 7
53 36
53 37
53 55
54 14
54 25
54 33
54 34
54 52
54 65
54 67
54 68
54 70
55 12
55 14
55 27
55 31
55 32
55 33
55 37
55 40
55 44
55 49
55 54
55 56
55 59
55 73
55 78
56 9
56 10
56 31
56 33
56 34
56 47
56 67
56 76
57 8
57 10
57 12
57 29
57 37
57 41
57 61
57 65
57 67
57 70
57 79
58 0
58 3
58 4
58 10
58 25
58 29
58 34
58 36
58 59
58 68
58 69
58 75
59 21
59 27
59 41
59 46
59 73
60 63
60 77
60 78
61 14
61 23
61 33
61 38
61 40
61 50
61 56
62 8
62 27
62 34
62 54
62 70
62 75
63 5
63 8
63 10
63 18
63 29
63 40
63 52
63 58
63 71
63 76
64 3
64 6
64 12
64 19
64 24
64 26
64 31
64 32
64 52
64 56
64 60
64 77
65 43
65 45
65 52
65 62
65 78
66 0
66 10
66 26
66 28
66 43
66 53
66 54
66 62
66 69
66 71
66 73
67 3
67 20
67 21
67 26
67 27
67 79
68 27
68 40
68 67
68 73
68 76
69 0
69 30
69 36
69 41
69 64
69 75
70 14
70 16
70 28
70 37
70 39
70 42
70 51
70 53
70 66
70 73
71 4
71 10
71 59
71 60
71 70
71 75
72 6
72 12
72 16
72 18
72 20
72 28
72 53
72 69
72 70
72 71
73 10
73 12
73 19
73 20
73 37
73 39
73 42
73 48
73 50
73 54
73 56
74 7
74 35
74 46
74 59
74 65
74 66
74 79
75 10
75 14
75 16
75 19
75 32
75 36
75 51
75 78
76 1
76 14
76 16
76 17
76 19
76 28
76 31
76 32
76 37
76 42
77 9
77 15
77 27
77 33
77 34
77 40
77 51
77 59
77 71
78 2
78 13
78 21
78 40
78 67
79 1
79 7
79 26
79 35
79 41
79 44
79 59
79 62
79 63
79 66
79 69
79 77
0 1 2 3 4 5
