80 350 6
0 11
0 28
0 39
0 41
0 72
1 11
1 14
1 36
1 38
2 1
2 18
2 19
2 22
2 31
2 51
2 52
2 77
3 24
3 41
3 63
3 72
3 74
4 6
4 20
4 26
4 42
4 74
5 10
5 74
6 2
6 13
6 14
6 51
6 74
7 40
7 47
7 68
8 1
8 42
8 79
9 3
9 68
10 14
10 40
10 54
10 76
10 77
11 18
11 26
11 28
11 35
11 39
11 44
11 70
12 1
12 3
12 5
12 6
12 28
12 29
12 37
12 58
13 3
13 29
13 67
14 7
14 22
14 51
15 36
15 47
15 59
15 77
16 9
16 41
16 46
16 54
16 68
17 13
17 16
17 41
17 44
17 61
17 68
18 36
18 42
18 60
18 65
18 67
19 14
19 72
19 75
20 12
20 38
20 55
21 4
21 9
21 17
21 25
21 43
21 50
21 57
21 72
21 76
22 37
22 44
22 79
23 11
23 19
23 41
23 59
23 65
23 78
24 10
24 19
24 50
25 12
25 28
25 39
25 51
25 66
26 28
26 37
26 43
26 48
26 54
26 68
26 69
26 73
27 5
27 36
28 4
28 10
28 19
28 51
29 19
29 48
29 49
29 52
29 56
29 66
29 71
30 15
30 16
30 20
30 21
30 62
31 6
31 17
32 7
32 26
33 0
33 8
33 36
33 48
33 69
33 77
34 19
34 27
34 35
35 28
35 32
35 49
35 60
35 69
35 77
36 46
36 62
36 71
37 25
37 43
37 63
37 73
38 5
38 28
38 57
39 8
39 43
39 57
40 13
40 18
40 30
40 62
40 68
41 31
41 40
41 46
42 79
43 7
43 16
43 19
44 27
44 72
45 16
45 36
46 3
46 10
46 13
46 27
46 49
46 53
46 73
47 35
47 54
48 50
49 6
49 11
49 12
49 19
49 63
50 28
50 33
50 38
50 65
50 77
51 4
51 17
51 59
51 66
51 71
51 75
51 76
52 11
52 22
52 30
52 48
53 18
53 19
53 21
53 45
53 59
53 74
54 1
54 24
54 61
54 64
54 78
55 10
55 15
55 18
55 46
55 68
55 72
56 8
56 12
56 18
56 48
56 52
56 71
57 7
57 23
57 29
57 36
57 59
57 71
57 79
58 22
58 71
59 24
59 48
59 56
59 68
59 69
60 1
60 6
60 13
60 22
60 26
60 27
60 34
60 37
60 38
60 73
61 5
61 16
61 18
61 42
61 47
61 64
61 72
62 1
62 13
62 24
62 27
63 6
63 48
63 60
63 64
63 71
64 14
64 18
64 37
64 65
65 5
65 13
65 15
65 25
65 36
65 48
65 53
65 76
65 78
66 2
66 28
66 45
66 61
67 22
67 25
67 26
67 37
67 53
68 39
68 78
69 0
69 12
69 29
69 36
70 2
70 22
70 26
70 58
71 17
71 39
71 47
72 14
72 27
72 41
73 1
73 10
73 14
73 61
73 69
74 2
75 30
75 41
75 43
76 1
76 9
76 22
76 67
77 28
77 29
77 43
78 39
78 74
79 19
79 31
79 54
79 61
79 73
79 76
0 1 2 3 4 5
