80 350 16
0 14
0 19
0 42
0 49
0 54
0 67
1 11
1 13
1 18
2 4
2 21
2 24
2 33
2 45
2 54
2 71
3 2
3 36
3 46
3 72
3 75
4 5
4 9
4 11
4 29
4 42
4 62
4 76
5 70
5 73
5 78
6 28
6 77
7 23
7 41
7 52
8 40
8 45
8 55
9 30
9 78
10 8
10 40
11 10
11 31
11 34
11 40
11 59
11 65
11 73
11 76
12 18
12 56
13 21
13 32
13 37
13 74
14 25
15 9
15 32
15 39
15 40
15 69
15 71
15 76
16 3
16 15
16 20
16 43
16 79
17 5
17 25
17 28
17 42
17 60
17 66
18 7
18 14
18 36
18 58
19 26
19 62
19 70
19 77
20 12
21 8
21 29
21 31
21 72
22 44
22 54
22 78
23 6
23 28
23 43
23 57
23 62
23 72
23 75
24 4
24 6
25 30
25 32
25 57
25 66
25 72
25 77
26 25
26 49
27 0
27 15
27 17
27 19
27 37
27 43
28 19
28 20
28 34
28 54
28 63
29 24
29 30
29 53
29 54
30 37
30 55
30 77
31 60
32 23
33 16
33 32
33 56
33 62
33 65
33 76
34 37
34 58
34 69
35 21
35 27
35 28
36 1
36 5
36 17
36 31
36 43
37 69
37 73
38 15
38 26
38 63
38 79
39 9
39 16
39 20
39 24
39 57
39 69
39 75
40 7
40 13
40 17
40 41
40 53
40 70
40 77
41 4
41 6
41 19
41 51
41 78
42 5
42 72
43 7
44 4
44 8
44 20
44 26
44 45
44 56
44 67
44 70
45 15
45 41
45 58
45 62
45 64
46 8
46 75
47 5
47 14
47 26
47 35
48 6
48 10
48 15
48 57
48 71
49 1
49 12
49 32
49 59
49 68
49 71
50 21
50 33
50 34
50 36
50 48
50 56
51 15
51 68
51 71
52 0
52 8
52 18
52 24
52 33
52 38
52 44
52 45
52 63
52 64
52 65
52 71
52 77
52 79
53 42
53 51
53 61
53 78
54 33
54 62
54 67
54 76
55 2
55 20
55 51
55 63
55 66
56 0
56 1
56 5
56 11
56 22
56 25
56 45
56 76
57 0
57 2
57 10
57 24
57 53
57 67
57 68
57 69
58 3
58 15
58 33
58 37
58 77
59 9
59 28
59 33
59 40
59 61
59 62
60 32
60 39
60 43
60 50
60 72
61 13
61 17
61 55
61 69
61 78
62 16
62 35
62 48
62 60
62 76
63 39
63 44
63 49
64 1
64 34
64 36
64 58
64 65
64 70
64 71
65 2
65 19
65 20
65 43
65 53
65 70
66 20
66 30
66 45
67 12
67 14
67 51
68 16
68 19
68 20
68 37
68 46
68 76
69 29
69 48
70 27
70 32
71 0
71 5
71 14
71 18
71 29
71 53
71 55
71 61
72 2
72 40
72 46
72 47
72 49
73 31
73 44
73 49
73 50
73 66
74 35
74 62
74 69
75 12
75 15
75 44
75 62
75 70
77 13
77 15
77 23
77 71
78 1
78 40
78 75
79 2
79 6
79 19
0 1 2 3 4 5 6 7 8 9 10 11 12 13 14 15
