80 350 16
0 10
0 22
0 33
0 43
0 52
1 4
1 34
1 35
1 40
2 22
2 30
2 35
2 39
2 61
2 63
3 31
3 72
4 12
4 41
4 45
4 46
4 47
4 62
5 7
5 28
5 33
5 45
6 28
6 40
6 42
7 1
7 6
7 24
7 45
8 5
8 35
8 41
8 62
8 68
8 73
9 8
9 33
9 57
9 69
10 25
10 41
10 45
10 65
10 73
10 74
10 78
11 16
11 21
11 44
11 67
12 10
12 15
12 18
12 35
12 47
13 9
13 32
13 69
13 74
14 2
14 13
14 73
14 77
15 38
15 54
16 36
16 69
17 2
17 3
17 30
17 36
17 47
17 50
17 72
18 9
18 43
18 70
19 22
19 40
19 75
20 29
21 12
21 15
21 76
21 77
22 7
22 13
22 77
23 6
23 48
23 62
23 71
23 75
24 3
24 16
24 19
24 37
24 39
24 52
24 53
24 74
25 0
25 19
25 22
26 16
26 39
26 40
26 54
26 61
26 68
26 69
27 13
27 41
27 67
27 70
28 14
28 24
28 26
28 45
28 71
29 4
29 27
29 38
29 39
29 47
29 55
30 5
30 10
30 12
30 25
30 29
30 36
30 47
31 41
31 48
32 11
32 78
33 3
33 10
33 17
33 20
33 70
34 13
34 19
34 47
34 51
34 57
34 71
35 30
35 53
35 75
36 7
36 12
36 32
37 12
37 42
37 48
37 58
37 60
37 71
38 6
38 17
38 36
38 61
38 62
38 65
38 70
39 25
39 35
39 40
39 64
40 7
40 8
40 11
40 14
40 38
40 51
40 52
40 58
41 32
41 47
42 3
42 15
42 16
42 17
42 44
42 51
42 52
43 14
43 65
43 69
43 72
44 0
44 9
44 73
45 20
45 36
46 31
46 49
47 25
47 59
47 73
48 36
48 40
48 44
48 51
48 63
49 42
50 1
50 33
50 38
50 43
51 1
51 11
51 26
51 37
51 39
51 56
52 8
52 66
52 67
52 74
53 1
53 40
53 41
53 50
53 56
53 58
53 78
54 32
54 33
54 43
54 60
54 64
55 12
55 21
55 62
56 25
56 78
57 18
57 44
57 59
58 16
58 31
58 63
58 65
59 11
59 17
59 45
59 46
59 56
59 60
59 70
60 19
60 22
60 31
61 44
61 46
61 51
61 68
61 69
61 70
61 71
62 9
62 20
62 27
62 51
62 69
63 0
63 9
63 14
63 69
63 71
64 3
64 7
64 23
64 66
64 72
65 8
65 25
65 29
65 55
65 71
66 28
66 35
66 39
66 40
66 49
66 54
66 65
66 77
67 6
67 8
67 20
67 32
67 58
67 71
67 79
68 0
68 2
68 12
68 40
68 72
69 21
69 32
69 34
69 76
70 10
70 42
70 51
71 1
71 20
71 27
71 35
71 36
72 8
72 73
73 18
73 21
73 65
74 19
74 26
74 35
74 38
74 51
75 5
75 31
76 47
77 4
77 5
77 42
77 71
77 73
77 75
78 5
78 26
78 44
78 65
79 30
79 51
79 59
79 61
79 63
79 76
79 77
0 1 2 3 4 5 6 7 8 9 10 11 12 13 14 15
