80 350 8
0 3
0 7
0 12
0 18
0 24
0 46
0 49
0 50
0 55
1 28
1 29
1 41
1 44
1 58
1 61
2 25
2 55
2 56
2 60
2 62
2 65
3 2
3 8
3 9
3 33
4 6
4 25
4 30
5 1
5 15
5 21
5 45
5 61
6 5
6 12
6 34
6 56
6 70
7 21
7 42
8 9
8 31
8 72
9 0
9 23
9 37
9 38
9 58
9 62
9 74
10 3
10 13
10 15
10 22
10 62
11 57
12 15
12 35
12 55
13 52
14 5
14 40
14 61
15 9
15 14
15 38
16 17
16 20
16 27
16 50
16 55
17 13
17 19
17 42
17 53
17 58
17 64
18 1
18 21
18 33
18 51
18 71
19 0
19 46
19 76
20 4
20 5
20 32
23 14
23 16
23 30
23 38
23 61
23 78
24 6
24 14
24 19
24 39
24 52
24 57
25 10
25 36
25 37
25 56
25 63
25 71
26 11
26 77
27 19
27 31
27 41
27 43
27 54
27 61
28 8
28 38
28 78
29 37
29 43
29 53
29 64
29 70
29 72
29 79
30 2
30 74
31 4
31 6
31 9
31 25
31 26
31 32
31 45
31 61
32 28
33 0
33 9
33 39
34 28
34 42
34 60
34 72
35 27
35 31
35 33
35 49
35 57
35 71
36 21
36 74
37 2
37 16
37 20
37 22
38 7
38 10
38 43
38 61
39 34
39 50
39 55
39 59
39 64
40 6
40 29
40 39
40 50
40 65
40 73
41 0
41 8
41 11
41 26
41 63
42 2
42 12
42 58
43 4
43 19
44 17
44 26
44 41
44 50
44 69
45 23
45 51
46 12
46 37
46 52
46 55
46 57
46 70
47 29
47 30
47 32
47 46
48 0
48 18
48 20
48 59
48 60
48 62
49 31
49 42
49 68
50 23
50 52
51 5
51 24
51 32
51 37
51 47
51 50
51 62
51 63
51 73
52 35
52 58
52 74
53 13
53 16
53 19
53 46
54 4
54 16
54 17
54 26
54 36
54 57
54 77
55 22
55 49
56 36
56 37
56 46
56 49
56 53
56 54
56 73
56 75
56 79
57 2
57 17
57 18
57 58
57 59
57 60
57 77
58 16
58 20
58 47
58 53
58 74
58 76
59 9
59 50
59 63
59 71
60 0
60 5
60 7
60 14
60 64
60 65
61 13
61 15
61 29
61 39
61 64
61 65
61 67
62 39
62 61
62 70
62 77
63 0
63 1
63 5
63 26
63 42
63 47
63 58
63 66
63 67
63 71
63 78
64 0
64 30
64 35
64 53
64 58
64 72
65 31
65 32
65 45
65 53
65 64
65 77
66 3
66 6
66 43
66 51
66 68
66 77
67 5
67 33
67 75
67 77
68 37
68 52
68 63
69 8
69 17
69 19
69 22
69 73
70 27
70 32
70 44
70 50
70 57
71 6
71 15
71 31
71 47
72 52
73 25
73 59
73 65
73 72
74 12
74 15
74 16
74 28
74 62
74 71
75 48
75 65
76 6
76 68
76 75
77 0
77 7
77 15
77 22
78 1
78 49
78 71
79 31
79 35
0 1 2 3 4 5 6 7
