80 220 16
0 2
0 22
0 42
1 9
1 12
2 30
2 78
3 31
3 41
3 46
3 78
4 77
5 13
5 14
5 23
5 36
5 45
6 21
6 33
6 58
7 12
7 16
7 17
7 74
8 10
8 65
9 1
9 50
9 75
10 4
10 8
10 22
10 33
10 35
10 48
10 61
10 67
10 77
11 13
12 7
13 5
13 11
13 21
13 55
13 67
14 5
14 47
15 35
15 42
15 46
15 63
16 7
16 12
16 22
16 50
16 57
17 7
17 43
18 15
18 25
18 47
18 73
19 23
19 35
19 39
20 24
20 54
20 62
21 17
21 79
22 0
22 18
22 42
22 47
23 5
23 7
23 11
23 46
24 55
24 63
24 75
25 15
25 32
25 36
25 41
25 71
26 17
26 27
26 62
26 73
27 50
27 54
28 36
28 44
28 59
30 78
31 3
31 41
31 60
31 67
32 41
32 68
32 70
34 29
34 57
34 68
34 74
35 15
35 19
35 31
36 28
36 30
36 32
36 55
37 49
37 50
37 71
38 11
38 16
38 66
39 19
39 71
40 29
40 65
40 79
41 3
41 6
41 25
41 32
41 54
42 0
42 15
42 77
43 17
43 32
43 35
44 28
44 39
45 5
45 34
46 3
46 4
46 15
46 63
47 10
47 18
47 22
47 53
47 69
48 25
49 37
49 69
50 16
50 27
50 37
50 75
51 73
52 18
52 23
53 6
53 27
53 67
54 2
54 20
54 27
54 36
54 41
55 13
55 24
55 36
56 16
56 72
57 21
58 6
59 28
59 71
60 31
61 10
62 2
62 70
63 15
63 54
64 29
65 4
65 8
65 40
65 57
65 64
66 15
67 31
67 53
67 58
68 12
68 15
68 34
69 10
69 47
69 49
69 53
70 12
70 68
71 25
71 59
71 70
72 4
72 56
73 1
73 25
73 26
73 51
74 25
75 28
75 50
76 18
77 4
77 42
78 30
78 45
79 21
79 40
0 1 2 3 4 5 6 7 8 9 10 11 12 13 14 15
