80 168 6
0 11
0 12
0 33
0 44
0 72
1 18
1 57
1 78
2 35
2 50
3 8
3 43
3 61
4 9
4 28
5 17
5 59
5 69
6 9
6 50
6 75
8 44
8 60
9 6
9 19
9 63
10 32
10 68
10 71
11 19
11 30
11 56
11 67
12 21
12 54
13 34
13 53
14 44
15 26
15 64
16 8
16 21
16 61
16 69
17 5
17 70
18 1
18 73
19 6
19 8
19 9
20 54
20 59
21 12
22 3
23 77
25 37
25 45
26 15
26 54
27 29
27 61
28 0
28 4
28 29
28 57
29 28
29 35
30 11
31 46
32 10
33 55
33 63
33 69
33 74
35 2
35 29
35 56
36 74
38 25
38 75
39 40
39 54
41 56
42 1
42 6
42 57
42 67
43 3
43 65
44 0
44 14
44 51
45 16
45 18
45 68
45 74
46 70
47 25
47 27
47 79
48 72
49 64
50 6
50 56
51 29
51 44
52 3
53 13
53 19
54 3
54 12
54 20
54 26
54 45
54 50
54 64
55 33
55 78
56 0
56 11
56 14
56 50
57 28
57 42
58 36
59 5
59 20
61 3
61 16
61 67
62 44
63 19
63 33
64 15
64 24
64 49
64 54
66 11
67 42
67 61
68 23
68 74
69 5
69 61
70 17
71 10
71 76
71 77
72 0
74 33
74 36
74 45
74 68
74 79
75 3
75 6
75 52
75 66
75 70
76 40
76 67
76 71
78 1
78 67
79 7
79 45
79 74
0 1 2 3 4 5
