80 632 8
0 9
0 14
0 20
0 22
0 28
0 33
0 36
0 39
0 42
0 65
0 66
0 71
0 72
0 78
0 79
1 23
1 31
1 41
1 51
1 52
1 57
1 60
1 64
1 68
1 79
2 12
2 14
3 6
3 23
3 27
3 36
3 65
3 72
4 6
4 15
4 31
4 36
4 56
4 64
5 1
5 10
5 26
5 43
5 44
5 56
5 68
5 76
5 77
6 7
6 16
6 25
6 33
6 44
6 45
6 69
6 75
7 19
7 28
7 34
7 46
7 50
7 61
7 68
7 78
8 2
8 21
8 24
8 27
8 36
8 37
8 43
8 48
8 55
8 66
9 1
9 4
9 7
9 18
9 48
9 49
10 3
10 34
10 55
10 65
10 68
10 75
10 78
11 8
11 17
11 31
11 37
11 45
11 46
11 47
12 8
12 17
12 22
12 29
12 32
12 41
12 51
12 64
12 73
13 9
13 12
13 17
13 29
13 41
13 44
13 62
13 63
13 66
13 76
13 77
14 1
14 19
14 28
15 10
15 28
15 45
15 47
15 59
15 61
15 63
16 12
16 26
16 55
16 79
17 6
17 21
17 32
17 34
17 58
17 70
18 0
18 2
18 5
18 7
18 16
18 20
18 23
18 25
18 39
18 48
18 60
18 61
18 69
19 11
19 34
19 45
19 54
19 62
20 37
20 39
20 47
20 60
20 74
21 4
21 7
21 41
21 43
21 61
21 71
22 6
22 29
22 46
22 52
22 54
22 55
22 61
22 66
22 67
22 69
22 76
23 0
23 35
23 37
23 47
23 56
23 64
23 66
24 12
24 14
24 30
24 34
24 35
24 47
24 52
24 63
24 74
24 78
25 2
25 4
25 8
25 20
25 26
25 38
25 53
25 66
25 67
25 68
25 69
26 9
26 15
26 17
26 31
26 50
26 51
26 54
26 66
26 69
26 71
27 1
27 22
27 37
27 59
27 74
27 77
28 13
28 47
28 78
29 1
29 3
29 8
29 23
29 33
29 41
29 48
29 64
29 71
29 73
30 0
30 1
30 6
30 10
30 16
30 44
30 48
30 66
31 0
31 3
31 6
31 8
31 25
31 38
31 44
31 50
31 55
31 56
31 65
31 67
31 78
32 13
32 22
32 28
32 33
32 36
32 40
32 51
32 72
32 78
33 4
33 23
33 41
33 53
33 78
34 18
34 21
34 22
34 29
34 53
34 54
34 62
34 67
34 75
34 77
35 0
35 7
35 14
35 41
35 78
36 5
36 15
36 26
36 34
36 35
36 73
37 7
37 19
37 22
37 50
37 54
37 61
37 62
37 74
38 5
38 7
38 36
38 41
39 2
39 33
39 64
39 76
40 2
40 26
40 28
40 50
40 54
40 65
40 78
41 7
41 14
41 22
41 27
41 30
41 32
41 39
41 43
41 48
41 54
41 59
41 64
42 8
42 14
42 50
42 53
42 55
42 59
42 69
43 13
43 29
43 33
43 48
43 61
43 72
43 79
44 15
44 18
44 26
44 29
44 50
44 64
44 67
45 4
45 22
45 31
45 32
45 50
45 74
45 76
46 1
46 9
46 14
46 25
46 28
46 29
46 33
46 42
46 48
46 52
46 54
46 58
46 64
47 0
47 25
47 32
47 38
47 56
47 69
48 0
48 19
48 26
48 28
48 32
48 42
48 47
48 70
48 72
48 74
48 78
49 16
49 24
49 26
49 30
49 52
49 54
49 61
50 3
50 8
50 9
50 35
50 38
50 53
50 71
50 76
51 0
51 4
51 6
51 7
51 30
51 45
51 50
51 55
52 9
52 27
52 30
52 35
52 40
52 50
52 63
52 70
52 71
52 78
53 12
53 20
53 26
53 29
53 31
53 37
53 39
53 47
53 61
53 70
53 71
54 0
54 9
54 11
54 16
54 18
54 20
54 44
54 56
54 66
54 74
55 12
55 21
55 28
55 72
56 2
56 10
56 12
56 32
56 37
56 38
56 58
56 59
56 65
56 66
56 67
57 42
57 51
57 53
57 59
57 60
57 65
58 18
58 20
58 30
58 50
58 62
59 0
59 3
59 28
59 30
59 34
59 35
59 39
59 46
59 50
59 71
60 4
60 23
60 37
60 39
60 59
60 64
60 65
60 75
61 14
61 26
61 34
61 66
61 75
62 0
62 7
62 8
62 10
62 11
62 15
62 20
62 35
62 48
62 60
62 71
63 5
63 11
63 26
63 31
63 39
63 72
63 78
64 9
64 17
64 33
64 40
64 45
64 54
64 75
65 34
65 54
65 75
65 78
66 17
66 18
66 31
66 33
66 43
67 1
67 4
67 9
67 16
67 41
67 51
68 4
68 6
68 9
68 13
68 27
68 29
68 36
68 49
68 50
68 52
68 60
68 74
68 77
69 3
69 14
69 35
69 39
69 54
69 74
69 76
70 1
70 19
70 31
70 36
70 47
70 57
70 59
70 68
71 3
71 7
71 12
71 14
71 16
71 20
71 43
71 56
71 61
71 76
72 19
72 26
72 34
72 35
72 36
72 42
72 44
72 62
72 65
72 71
72 75
73 6
73 11
73 13
73 18
73 19
73 37
73 60
73 63
73 72
73 75
73 78
74 6
74 8
74 16
74 32
74 40
74 42
74 58
74 59
74 66
74 67
75 22
75 26
75 32
75 39
75 45
75 51
75 69
76 6
76 8
76 10
76 21
76 24
76 26
76 29
76 62
77 3
77 6
77 7
77 16
77 23
77 31
77 51
77 66
78 13
78 18
78 20
78 25
78 30
78 51
78 70
78 72
78 74
79 6
79 27
79 33
79 36
79 39
79 48
79 69
0 1 2 3 4 5 6 7
