80 350 20
0 10
0 24
0 41
0 45
0 56
1 18
1 30
1 41
1 55
2 72
3 19
3 31
3 50
3 51
3 59
4 21
4 63
4 68
4 74
5 10
5 18
5 32
5 45
5 50
5 54
5 73
5 76
6 73
6 75
7 31
7 48
7 71
8 15
8 39
8 60
9 35
9 39
9 62
9 73
10 29
10 57
10 78
11 15
11 29
11 42
11 51
11 52
11 58
11 63
11 74
12 18
12 30
12 46
12 57
13 4
13 12
13 14
13 41
13 57
13 78
14 31
14 43
14 74
15 28
15 51
15 74
15 76
16 13
16 26
16 60
16 69
17 16
17 27
17 51
18 14
18 28
18 39
18 69
19 14
20 2
20 10
20 21
20 30
21 48
21 61
22 39
22 41
22 42
22 53
22 57
22 64
22 71
22 77
23 6
23 53
23 63
24 14
24 47
24 55
25 1
25 31
25 42
25 58
26 22
26 37
26 45
26 53
26 65
27 13
27 24
27 36
27 40
27 58
27 59
27 68
27 78
28 16
28 24
28 48
28 54
28 61
29 18
29 22
29 44
30 14
30 51
30 69
30 75
30 79
31 39
31 42
31 69
32 4
32 10
32 44
32 70
33 11
33 19
33 30
33 37
33 54
33 56
33 59
33 77
34 13
34 44
34 46
34 49
34 58
35 13
35 15
35 39
36 8
36 28
36 32
36 40
36 43
37 13
37 28
37 43
37 76
38 9
38 20
38 26
38 32
38 44
38 74
38 76
39 0
39 2
39 4
39 15
39 16
39 21
39 26
39 27
40 9
40 31
40 33
40 39
40 48
41 18
41 24
41 32
41 51
41 71
42 2
42 18
42 26
42 64
42 79
43 13
43 22
43 30
44 7
44 51
44 69
44 75
45 20
45 37
45 48
45 77
46 7
46 14
47 75
48 26
48 59
48 68
48 79
49 5
49 8
49 27
49 30
49 67
49 75
50 0
50 6
50 34
50 51
50 52
51 12
51 29
51 46
51 47
52 20
52 62
53 4
53 5
53 12
53 32
53 71
54 30
55 9
55 20
55 66
55 68
55 72
56 76
57 6
57 7
57 15
57 20
57 31
57 61
57 70
57 78
58 2
58 15
58 56
58 64
59 2
59 12
59 45
59 77
60 7
60 17
60 28
60 42
60 45
60 61
60 63
60 69
61 5
61 6
61 22
61 32
61 33
61 78
61 79
62 1
62 29
62 57
62 73
63 8
63 20
63 24
63 29
63 32
63 35
63 36
63 46
64 18
64 32
64 46
64 62
64 66
65 8
65 9
65 30
65 52
65 68
65 72
66 6
66 11
66 34
66 63
66 75
67 0
67 10
67 42
67 69
68 73
69 23
69 38
70 28
70 43
70 67
71 4
71 18
71 26
71 46
72 3
72 7
72 29
72 33
72 37
72 39
72 71
73 3
73 10
73 11
74 6
74 41
74 43
74 44
75 14
75 23
75 29
76 7
76 11
76 12
76 16
76 23
76 39
76 74
77 35
77 50
77 52
77 61
77 75
78 41
78 42
78 62
79 0
79 9
79 20
79 37
79 39
79 59
79 73
0 1 2 3 4 5 6 7 8 9 10 11 12 13 14 15 16 17 18 19
