80 632 20
0 4
0 5
0 8
0 9
0 14
0 30
0 32
0 41
0 46
0 61
0 64
0 65
0 69
0 71
0 74
1 10
1 31
1 33
1 38
1 40
1 44
1 48
1 50
1 59
1 75
2 1
2 5
2 9
2 58
2 71
2 72
3 21
3 39
3 52
3 56
3 60
3 71
3 79
4 17
4 24
4 36
4 47
4 61
4 65
4 73
5 8
5 21
5 22
5 26
5 27
5 42
5 56
5 75
5 76
6 4
6 25
6 33
6 59
6 70
6 75
7 0
7 13
7 17
7 19
7 32
7 43
7 55
7 58
7 69
7 78
8 9
8 19
8 23
8 30
8 40
8 77
9 4
9 6
9 15
9 22
10 45
10 51
10 67
10 70
10 78
11 7
11 10
11 16
11 20
11 23
11 53
11 59
11 61
11 76
12 7
12 8
12 9
12 39
12 46
12 53
12 57
12 59
12 61
13 0
13 12
13 26
13 31
13 43
13 54
13 60
14 11
14 19
14 29
14 34
14 36
14 45
14 46
14 53
14 69
15 3
15 64
15 73
15 76
16 12
16 19
16 22
16 43
16 54
16 68
16 78
17 1
17 12
17 24
17 28
17 50
17 61
17 71
17 76
18 1
18 2
18 7
18 20
18 21
18 23
18 27
18 35
18 44
18 46
18 56
18 67
18 70
18 72
19 4
19 13
19 55
19 58
19 62
19 74
20 33
20 43
20 46
20 51
20 54
20 79
21 10
21 15
21 20
21 52
21 54
21 73
22 3
22 11
22 12
22 18
22 25
22 34
22 45
22 57
22 59
22 74
22 79
23 3
23 7
23 36
23 40
23 42
23 49
23 51
23 61
23 65
23 71
23 72
23 79
24 21
24 33
24 35
24 40
24 41
24 53
24 67
24 69
24 71
24 75
24 77
25 0
25 17
25 18
25 36
25 61
25 64
25 72
26 0
26 1
26 6
26 12
26 34
26 37
26 40
26 54
26 61
26 69
26 73
27 47
27 63
27 64
27 72
28 16
28 18
28 42
28 48
28 51
28 54
28 67
28 79
29 4
29 6
29 8
29 9
29 15
29 18
29 48
29 57
29 61
29 70
29 72
29 79
30 4
30 13
30 19
30 21
30 38
30 53
30 75
30 79
31 0
31 5
31 21
31 29
31 34
31 37
31 64
31 67
32 26
32 29
32 30
32 36
32 38
32 45
32 57
32 71
32 76
33 25
33 29
33 44
33 56
33 71
33 74
34 1
34 7
34 42
35 2
35 8
35 28
35 41
35 64
35 76
36 20
36 37
36 44
36 50
36 54
36 61
37 15
37 25
37 28
37 32
38 12
38 76
39 10
39 24
39 46
39 50
39 66
39 75
40 2
40 5
40 7
40 10
40 14
40 29
40 32
40 36
40 50
40 52
40 54
40 58
40 60
40 63
41 3
41 19
41 20
41 25
41 27
41 31
41 33
41 34
41 36
41 46
41 50
41 52
41 64
41 66
41 69
41 79
42 8
42 14
42 30
42 67
42 69
42 75
42 78
42 79
43 3
43 9
43 21
43 27
43 31
43 37
43 40
43 54
44 5
44 23
44 25
44 27
44 32
44 35
44 39
44 42
44 53
44 66
44 68
44 74
44 77
44 79
45 5
45 7
45 13
45 16
45 18
45 21
45 28
45 34
45 39
45 54
45 71
46 4
46 15
46 29
46 51
46 66
46 79
47 2
47 6
47 15
47 20
47 26
47 38
47 42
47 48
47 56
47 78
48 0
48 19
48 25
48 26
48 27
48 35
48 37
48 39
48 59
48 60
49 6
49 7
49 26
49 27
49 28
49 29
49 33
49 34
49 44
49 61
50 0
50 8
50 31
50 45
50 60
50 63
50 65
51 18
51 24
51 31
51 36
51 43
51 55
51 65
51 67
51 70
51 75
51 77
52 12
52 14
52 68
52 77
53 0
53 10
53 18
53 23
53 32
53 67
53 72
54 0
54 4
54 6
54 9
54 37
54 50
54 59
54 60
54 62
54 64
54 67
54 74
54 78
55 1
55 3
55 16
55 28
55 32
55 41
55 44
55 53
55 61
55 63
55 68
56 0
56 2
56 6
56 13
56 25
56 26
56 30
56 35
56 49
56 51
56 53
57 6
57 33
57 34
57 46
58 0
58 24
58 26
58 27
58 30
58 32
58 61
58 78
59 3
59 4
59 15
59 16
59 35
59 50
59 75
60 1
60 7
60 20
60 38
60 43
60 49
60 76
60 77
61 10
61 18
61 46
61 60
61 63
61 64
62 2
62 3
62 8
62 16
62 17
62 61
62 65
62 72
63 14
63 15
63 17
63 28
63 32
63 70
63 75
64 39
64 40
64 55
64 71
65 6
65 12
65 15
65 22
65 25
65 36
65 71
65 73
65 77
66 24
66 26
66 31
66 45
66 50
66 57
66 60
66 79
67 29
67 34
67 41
67 45
67 61
68 3
68 12
68 19
68 34
68 39
68 41
68 53
68 65
68 66
68 71
69 18
69 19
69 40
69 58
69 62
69 65
69 75
70 16
70 27
70 50
70 72
70 79
71 29
71 38
71 40
71 50
72 14
72 15
72 20
72 64
72 68
73 3
73 7
73 19
73 31
73 58
73 63
73 64
74 2
74 7
74 16
74 23
74 34
74 35
74 48
74 51
74 61
75 4
76 0
76 16
76 18
76 25
76 27
76 50
76 54
76 55
76 67
76 72
77 6
77 16
77 22
77 42
77 47
77 50
77 56
77 67
78 1
78 8
78 19
78 22
78 26
78 31
78 32
78 49
79 0
79 5
79 6
79 9
79 13
79 35
79 37
79 67
79 69
0 1 2 3 4 5 6 7 8 9 10 11 12 13 14 15 16 17 18 19
