550 5013 50
0 508
0 510
0 511
0 514
0 525
0 526
0 530
0 531
0 532
0 543
0 546
1 504
1 506
1 507
1 515
1 517
1 522
1 530
1 533
1 534
1 540
2 500
2 501
2 513
2 524
2 537
2 540
3 508
3 509
3 512
3 514
3 520
3 534
3 546
3 549
4 505
4 510
4 513
4 514
4 516
4 521
4 522
4 524
4 525
4 527
4 533
4 535
4 542
5 513
5 515
5 522
5 533
5 536
5 537
5 539
6 504
6 512
6 514
6 522
6 527
6 528
6 532
6 541
6 542
6 546
7 507
7 518
7 523
7 527
7 531
7 535
7 537
7 544
7 545
7 547
8 504
8 511
8 534
8 537
8 541
8 549
9 503
9 506
9 525
9 526
9 537
9 539
9 541
10 506
10 509
10 513
10 521
10 530
10 544
11 502
11 505
11 511
11 530
11 537
11 538
11 549
12 500
12 504
12 514
12 516
12 519
12 522
12 539
12 547
13 502
13 504
13 512
13 520
13 523
13 528
13 529
13 532
13 536
13 540
14 522
14 536
14 539
14 544
14 545
14 549
15 500
15 507
15 510
15 526
15 543
15 546
15 549
16 505
16 506
16 516
16 523
16 528
16 529
16 530
16 536
16 539
16 545
17 501
17 508
17 513
17 514
17 515
17 521
17 527
17 529
17 537
17 542
17 545
17 547
18 505
18 506
18 511
18 512
18 513
18 516
18 525
18 547
19 504
19 508
19 514
19 521
19 527
19 528
19 541
19 544
20 510
20 511
20 515
20 525
20 526
20 536
21 515
21 517
21 525
21 534
21 538
21 543
21 544
21 548
21 549
22 504
22 506
22 509
22 515
22 517
22 531
22 534
22 537
22 546
23 506
23 510
23 519
23 527
23 532
23 536
23 538
23 543
24 501
24 512
24 517
24 519
24 524
24 527
24 531
24 534
24 547
24 549
25 503
25 510
25 511
25 514
25 518
25 520
25 524
25 547
26 506
26 512
26 514
26 519
26 520
26 532
26 537
26 543
27 505
27 508
27 509
27 520
27 522
27 525
27 538
27 542
27 548
28 517
28 543
28 544
29 506
29 508
29 514
29 523
29 542
30 507
30 511
30 524
30 531
30 540
30 544
31 500
31 505
31 513
31 518
31 527
31 532
31 533
31 547
31 549
32 504
32 508
32 509
32 513
32 531
32 536
32 538
32 546
32 549
33 500
33 502
33 507
33 520
33 523
33 525
33 537
33 544
34 511
34 515
34 516
34 543
34 545
34 547
34 548
35 533
35 539
35 542
35 544
35 547
36 501
36 508
36 509
36 527
36 537
36 545
36 549
37 504
37 505
37 510
37 517
37 527
37 530
37 536
37 540
37 544
37 546
37 549
38 510
38 518
38 524
38 525
38 527
38 542
38 546
39 502
39 511
39 514
39 531
39 543
40 502
40 505
40 506
40 524
40 541
40 542
41 502
41 506
41 513
41 524
41 530
41 545
41 548
41 549
42 505
42 514
42 523
42 534
42 538
42 549
43 503
43 509
43 518
44 525
44 531
44 532
44 535
44 536
44 539
44 545
45 502
45 503
45 508
45 509
45 511
45 524
45 525
45 527
45 531
45 538
45 539
46 515
46 522
46 524
46 529
46 536
46 543
46 546
47 500
47 521
47 531
47 534
47 535
47 537
47 546
47 548
48 500
48 506
48 507
48 512
48 513
48 515
48 522
48 524
48 533
48 545
49 519
49 521
49 522
49 524
49 532
49 544
49 548
50 504
50 507
50 510
50 517
50 522
50 533
50 536
51 541
51 548
52 507
52 516
52 517
52 526
52 527
52 532
52 535
52 537
52 541
53 503
53 506
53 512
53 522
53 524
53 531
53 542
53 544
54 502
54 517
54 524
54 527
54 528
54 531
54 539
54 540
55 502
55 508
55 509
55 525
55 531
55 534
55 535
55 537
55 539
55 546
56 501
56 508
56 517
56 518
56 528
56 529
57 502
57 510
57 524
57 525
57 531
57 542
58 502
58 504
58 506
58 513
58 514
58 515
58 516
58 540
59 500
59 510
59 512
59 517
59 521
59 524
59 531
59 534
60 501
60 519
60 522
60 523
60 531
60 532
60 533
61 504
61 534
61 545
61 547
62 502
62 526
62 529
62 538
62 541
62 549
63 500
63 515
63 527
63 528
64 500
64 504
64 505
64 507
64 517
64 518
64 521
65 500
65 504
65 507
65 510
65 511
65 515
65 519
65 528
66 501
66 504
66 507
66 512
66 513
66 525
66 542
66 549
67 515
67 520
67 529
67 531
67 533
68 511
68 520
68 526
68 541
69 512
69 514
69 516
69 518
69 519
69 542
70 505
70 511
70 514
70 520
70 524
70 546
71 500
71 507
71 514
71 522
71 544
71 546
72 514
72 520
72 529
72 542
72 548
73 513
73 528
73 530
73 538
73 540
73 548
73 549
74 513
74 520
74 522
74 529
74 530
74 537
74 545
74 548
74 549
75 500
75 505
75 516
75 517
75 525
75 530
75 534
75 546
76 503
76 510
76 519
76 541
76 543
76 545
76 547
76 549
77 505
77 527
77 528
77 529
77 537
77 545
78 501
78 510
78 528
78 537
78 544
79 529
79 536
79 542
79 543
79 544
80 514
80 516
80 521
80 526
80 529
80 536
80 540
80 545
81 501
81 504
81 510
81 511
81 512
81 518
81 535
81 537
81 540
81 542
82 504
82 507
82 508
82 509
82 515
82 527
82 531
82 534
82 544
82 546
83 525
83 529
83 539
83 541
83 545
84 510
84 528
84 531
84 535
84 541
85 513
85 514
85 521
85 527
85 546
86 500
86 503
86 507
86 531
86 532
86 548
87 500
87 501
87 504
87 519
87 522
87 526
87 536
88 502
88 504
88 509
88 513
88 531
89 511
89 543
89 546
90 501
90 502
90 525
90 530
90 537
90 540
90 548
90 549
91 506
91 516
91 535
91 538
92 500
92 501
92 512
92 527
92 541
92 542
92 548
93 508
93 512
93 516
93 522
93 530
93 538
93 545
93 548
94 500
94 503
94 540
94 547
95 509
95 521
95 532
95 537
95 538
95 541
95 545
96 505
96 507
96 531
96 536
96 537
96 541
96 547
96 549
97 507
97 520
97 528
97 547
97 548
98 510
98 522
98 534
98 535
98 541
98 545
99 502
99 510
99 514
99 516
99 528
99 533
99 547
100 509
100 510
100 512
100 529
100 534
100 538
100 539
100 540
100 541
100 549
101 515
101 517
101 519
101 544
102 510
102 531
102 535
103 506
103 509
103 510
103 512
103 521
103 523
104 528
104 533
104 536
105 500
105 505
105 514
105 520
105 523
105 527
105 543
105 546
106 501
106 502
106 507
106 522
106 524
106 526
106 539
106 540
107 507
107 512
107 519
107 539
107 545
107 546
108 505
108 512
108 527
108 529
108 542
108 545
108 548
109 509
109 514
109 516
109 547
110 509
110 510
110 520
110 526
111 510
111 511
111 514
111 544
111 545
112 501
112 504
112 520
112 528
112 542
113 507
113 516
113 519
113 529
113 545
113 549
114 510
114 511
114 524
114 546
115 503
115 524
115 527
115 535
115 541
116 511
116 521
116 537
116 542
117 506
117 507
117 526
117 528
117 531
117 536
118 501
118 510
118 523
118 536
118 538
118 544
119 505
119 513
119 534
119 538
119 539
119 543
120 511
120 514
120 522
120 542
121 517
121 539
121 541
122 504
122 509
122 511
122 515
122 521
122 523
122 527
122 530
122 531
122 541
123 509
123 512
123 519
123 539
123 542
124 501
124 519
124 533
124 549
125 509
125 517
125 530
125 539
125 541
125 548
126 506
126 508
126 522
126 534
126 540
126 542
126 547
127 524
127 533
127 539
127 548
128 514
128 524
128 536
128 546
128 547
129 517
129 525
129 538
129 544
130 500
130 512
130 513
130 516
130 538
130 543
130 544
131 508
131 510
131 521
131 527
131 530
131 536
132 506
132 509
132 513
132 524
132 536
132 541
133 504
133 508
133 515
133 517
133 522
133 532
134 508
134 510
134 515
134 524
134 530
135 500
135 501
135 506
135 510
135 524
135 527
135 546
136 513
136 518
136 519
136 526
136 533
136 539
136 545
137 510
137 515
137 521
137 534
137 535
137 542
137 547
138 512
138 515
138 517
138 530
138 538
139 501
139 507
139 509
139 514
139 523
139 528
139 536
139 539
140 507
140 510
140 520
140 527
140 542
140 544
140 547
141 540
142 513
142 517
142 519
142 540
142 543
143 508
143 511
143 519
143 521
143 535
143 540
143 546
143 549
144 511
144 513
144 515
144 517
144 525
144 529
144 533
144 541
144 549
145 506
145 512
145 517
145 520
145 528
145 542
146 504
146 522
146 528
146 529
146 534
146 546
147 502
147 515
147 520
147 524
147 535
147 547
148 514
148 523
148 525
148 545
149 533
149 539
149 543
150 500
150 507
150 531
150 534
150 539
150 542
150 543
150 548
152 500
152 504
152 506
152 513
152 518
152 536
153 508
153 519
153 524
153 526
153 532
153 534
153 546
154 504
154 512
154 513
154 517
154 522
154 533
155 511
155 517
155 531
155 537
155 543
156 503
156 504
156 516
156 520
156 521
156 527
156 546
157 502
157 516
157 518
158 509
158 524
158 527
158 531
158 533
158 543
158 546
158 549
159 505
159 509
159 516
159 525
159 529
159 540
159 543
159 544
160 502
160 508
160 509
160 521
160 524
160 537
160 543
160 545
161 501
161 519
161 537
161 538
161 540
161 545
162 505
162 512
162 517
162 519
162 530
162 534
162 536
162 540
162 544
163 510
163 522
163 523
163 534
163 537
163 545
164 507
164 512
164 518
164 535
164 547
164 548
165 500
165 515
165 525
165 529
166 505
166 512
166 522
167 505
167 511
167 513
167 519
167 533
167 534
168 508
168 513
168 521
168 534
168 540
169 507
169 509
169 511
170 504
170 506
170 508
170 548
170 549
171 508
171 513
171 522
171 523
171 530
171 533
171 535
171 548
172 504
172 534
172 537
172 538
173 517
173 518
173 542
173 543
173 544
174 503
174 510
174 512
174 526
174 529
175 512
175 516
175 524
175 533
175 542
175 545
175 548
176 506
176 528
176 529
176 530
177 509
177 513
177 514
177 516
177 519
177 534
177 544
177 545
178 500
178 505
178 510
178 514
178 519
178 540
178 542
179 508
179 515
179 529
179 531
179 533
179 534
180 502
180 520
180 523
180 525
180 527
180 546
181 506
181 509
181 511
181 516
181 519
182 502
182 541
182 542
182 543
183 500
183 505
183 513
183 528
183 545
184 503
184 516
184 517
184 527
184 548
185 507
185 508
185 511
185 512
185 548
186 513
186 516
186 534
186 536
187 500
187 501
187 507
187 533
187 541
187 546
188 500
188 508
188 511
188 513
188 524
188 547
188 549
189 508
189 522
189 527
189 532
190 501
190 511
190 516
190 528
190 542
191 506
191 543
192 500
192 524
192 531
192 532
192 540
193 500
193 512
193 524
193 532
193 537
193 539
193 541
194 500
194 512
194 526
194 537
194 538
194 543
195 519
195 524
195 530
195 533
195 545
195 549
196 519
196 525
196 526
196 529
196 533
196 546
197 512
197 513
197 515
197 517
197 523
197 524
197 529
198 508
198 518
198 525
198 526
198 541
198 543
199 503
199 522
200 502
200 510
200 518
200 519
200 521
200 530
200 538
200 540
200 548
201 514
201 526
201 535
201 543
201 545
201 547
202 502
202 503
202 508
202 511
202 513
202 547
203 503
203 504
203 512
203 515
203 522
203 533
204 502
204 504
204 508
204 512
204 549
205 501
205 511
205 520
205 521
205 526
205 529
205 532
205 539
205 543
206 508
206 510
206 537
207 503
207 511
207 514
207 522
207 526
207 544
207 548
208 522
208 524
208 527
208 536
208 537
209 500
209 501
209 524
210 501
210 505
210 509
210 512
210 520
210 528
210 533
211 506
211 518
211 528
211 529
211 532
211 537
212 510
212 525
212 529
212 534
212 538
212 545
213 511
213 512
213 529
213 539
214 501
214 523
214 527
214 531
214 534
214 540
214 541
215 507
215 513
215 514
215 515
215 527
215 537
216 500
216 506
216 537
216 544
217 501
217 503
217 506
217 531
217 536
217 542
217 547
218 501
218 503
218 516
218 539
218 549
219 504
219 505
219 529
219 533
219 534
219 544
220 507
220 511
220 520
220 527
220 530
221 509
221 511
221 521
221 525
221 542
222 502
222 508
222 522
222 540
223 522
223 524
223 526
223 527
223 537
223 543
223 548
224 501
224 542
224 547
225 522
225 525
225 531
225 541
225 546
226 501
226 504
226 514
226 524
226 528
226 535
226 541
226 543
227 501
227 524
227 528
227 531
227 536
227 543
228 502
228 533
228 538
229 530
229 538
230 511
230 523
230 525
230 534
230 536
231 500
231 501
231 506
231 530
231 533
231 538
231 546
231 548
232 510
232 516
232 529
232 536
232 540
232 547
233 509
233 516
233 517
233 522
233 524
233 527
233 529
233 545
234 502
234 505
234 510
234 531
234 535
235 501
235 512
236 525
236 526
236 530
236 534
236 538
236 547
237 501
237 512
237 519
238 505
238 532
238 545
239 500
239 501
239 529
239 541
239 544
239 548
240 501
240 503
241 503
241 518
241 520
241 526
241 536
242 501
242 504
242 530
242 532
242 540
242 541
242 548
243 507
243 519
243 529
243 531
244 524
244 526
244 533
244 536
244 548
245 500
245 504
245 514
245 515
245 520
245 531
246 512
246 531
246 534
246 537
246 542
247 505
247 507
247 517
247 521
247 534
247 536
248 504
248 510
248 517
248 519
248 548
249 508
249 514
249 522
249 539
250 511
250 517
250 521
250 527
251 505
251 506
251 509
251 519
251 521
251 523
251 547
252 507
252 511
252 526
253 516
253 521
253 527
253 534
253 544
254 503
254 526
254 535
254 540
255 510
255 517
255 518
255 522
256 504
256 514
256 528
256 543
257 517
257 521
257 526
257 534
257 546
258 501
258 506
258 511
258 517
258 519
258 520
258 539
258 547
259 513
259 541
259 542
260 523
260 531
260 539
261 530
261 535
261 541
262 505
262 508
262 520
262 524
262 526
262 530
262 547
263 503
263 512
263 527
263 528
263 545
264 521
264 523
264 527
264 537
265 523
265 528
265 533
266 503
266 530
266 540
266 544
267 505
267 512
267 517
267 520
267 528
268 507
268 526
268 527
268 530
268 536
268 548
269 505
269 515
269 521
269 548
270 533
270 546
271 502
271 504
271 510
271 524
271 528
271 530
271 547
272 519
272 523
272 525
272 548
273 514
273 525
273 529
273 531
273 541
274 517
274 521
274 529
274 537
274 540
274 542
275 509
275 538
275 542
275 549
276 510
276 513
276 521
276 535
276 541
277 529
277 544
278 522
278 524
279 509
279 511
279 534
280 501
280 523
280 532
280 536
280 538
280 542
280 547
281 504
281 506
281 521
281 532
282 502
282 507
282 510
282 514
282 518
282 527
282 546
282 548
283 501
283 504
283 507
283 508
283 524
283 526
283 539
283 546
284 505
284 511
284 514
284 533
284 539
284 545
284 546
285 500
285 515
285 516
285 522
285 531
285 540
286 514
286 516
286 519
286 526
286 534
286 536
286 541
287 503
287 520
287 522
288 510
288 515
288 523
288 545
289 506
289 523
289 529
289 538
289 541
290 500
290 507
290 518
290 537
290 547
291 500
291 512
291 514
291 549
292 503
292 505
292 509
292 524
292 542
293 501
293 506
293 513
293 514
293 526
293 532
293 541
293 547
294 502
294 503
294 510
294 527
294 534
295 506
295 511
295 520
295 542
296 530
296 535
296 537
296 538
296 541
297 513
297 525
297 533
297 547
298 502
298 516
298 519
298 541
298 547
298 548
299 540
299 543
299 544
299 546
300 500
300 501
300 526
300 527
300 530
301 503
301 539
302 508
302 509
302 527
302 539
302 549
303 506
303 514
303 517
303 518
303 527
303 533
303 535
303 540
304 541
304 542
305 501
305 513
305 521
306 503
306 504
306 542
306 543
307 515
307 525
307 546
307 547
308 507
308 519
308 527
308 528
308 546
309 502
309 506
309 520
309 527
309 542
310 501
310 509
310 516
311 506
311 537
312 503
312 505
312 509
312 516
312 520
312 530
312 540
312 544
313 507
313 519
313 538
313 539
313 544
314 523
314 526
314 527
314 529
314 547
315 514
315 523
315 527
315 534
315 538
316 506
316 508
316 512
316 519
317 500
317 517
317 521
317 536
317 547
318 500
318 510
318 536
319 511
319 517
319 523
319 525
319 533
319 546
319 549
320 509
320 516
320 548
320 549
321 529
321 530
322 507
322 509
322 511
322 521
322 540
323 526
323 533
323 537
324 503
324 508
324 524
324 528
324 538
324 544
324 545
325 500
325 515
325 517
325 528
325 538
325 545
326 503
326 504
326 508
326 537
326 541
326 547
327 526
327 528
327 542
327 545
327 546
328 503
328 504
328 508
328 511
328 524
328 538
328 546
329 547
330 503
330 519
330 525
330 533
331 505
331 507
331 516
331 530
331 537
331 547
332 501
332 503
332 517
333 509
333 530
333 539
333 540
334 517
334 519
334 520
334 522
334 528
334 533
335 505
335 516
335 530
335 533
336 504
336 528
336 533
336 548
337 502
337 507
337 519
337 532
337 545
338 505
338 517
338 539
338 542
338 549
339 522
339 536
339 545
340 529
340 532
340 535
340 546
341 511
341 531
341 549
342 506
342 512
343 504
343 527
343 533
343 538
343 541
344 509
344 516
344 518
344 522
344 528
344 532
345 509
345 539
345 541
345 543
345 547
346 503
346 509
346 535
346 546
346 549
347 506
347 507
347 517
347 526
347 532
347 535
347 539
348 504
348 515
348 519
348 527
349 528
349 542
349 546
350 529
350 545
351 502
351 503
351 541
352 502
352 506
352 509
352 540
353 503
353 515
353 536
353 539
353 541
353 545
354 527
354 529
354 536
354 546
355 501
355 526
355 536
356 501
356 517
356 528
356 536
357 501
357 526
358 517
358 519
358 537
358 539
359 502
359 506
359 513
359 521
359 532
359 545
359 546
360 503
360 525
360 527
360 540
361 524
361 526
361 541
361 542
362 510
362 514
362 517
362 537
362 548
363 508
363 529
363 539
364 520
364 536
365 504
365 520
365 539
365 549
366 511
366 532
366 537
366 548
367 506
367 529
367 544
368 511
368 518
368 535
368 538
368 545
368 549
369 505
369 526
369 549
370 504
370 509
370 512
370 530
370 533
370 544
370 546
370 548
371 502
371 515
371 541
371 546
372 529
373 511
374 506
374 515
376 508
376 519
376 538
376 541
377 507
377 526
377 532
378 503
378 508
378 523
378 532
378 534
378 539
379 504
379 517
380 518
380 519
380 521
380 525
380 533
381 515
381 519
381 522
382 519
382 522
383 509
383 514
383 520
383 532
383 545
383 546
384 511
384 545
385 505
385 532
385 545
386 503
386 506
386 507
386 511
386 516
386 517
386 546
387 501
387 537
387 545
388 528
388 539
388 542
389 507
389 513
389 534
390 512
390 528
390 530
390 539
390 543
391 511
391 518
391 523
391 529
392 503
392 521
392 524
392 529
392 546
393 506
393 515
393 525
393 527
393 529
394 502
394 539
395 523
395 528
395 534
396 533
396 544
397 506
397 510
397 516
397 526
397 533
397 546
397 547
398 500
399 520
399 538
399 539
399 541
400 500
400 522
400 536
401 504
402 506
402 507
402 508
402 514
402 531
403 517
403 519
403 523
403 543
404 501
404 517
404 522
404 529
405 502
405 504
405 525
405 532
405 543
406 516
406 518
406 521
406 532
406 543
407 506
407 507
407 516
407 530
408 509
408 537
408 540
408 546
408 547
408 549
409 538
409 539
410 515
410 529
410 540
410 545
411 500
411 509
411 511
412 500
412 518
412 535
413 522
413 528
413 542
414 512
414 536
414 549
415 535
416 501
416 504
416 516
416 542
417 504
417 513
417 531
417 537
418 517
418 542
419 502
419 541
420 502
420 518
420 531
421 504
421 508
421 517
421 537
421 548
422 506
422 509
422 530
423 514
423 519
423 537
423 547
424 509
424 524
424 528
424 548
425 511
425 514
425 520
425 527
425 543
425 548
426 502
426 531
426 543
426 547
427 500
427 508
427 514
427 522
427 531
428 510
428 518
428 527
428 539
429 517
429 521
429 535
430 510
430 528
430 548
431 507
431 510
431 541
431 548
432 509
432 549
433 514
433 516
433 521
433 524
434 523
434 546
435 511
435 528
435 531
435 532
435 539
435 546
436 503
436 514
436 516
436 537
436 543
437 514
437 543
438 508
438 537
439 503
439 531
440 504
440 516
440 518
440 530
441 514
441 528
442 519
442 520
442 527
443 505
443 512
443 517
443 541
443 542
443 544
444 542
444 545
445 506
445 507
445 509
445 530
445 545
446 506
446 513
446 543
447 515
447 526
448 502
448 510
450 506
450 508
450 515
450 542
451 503
451 513
451 534
451 544
452 501
452 528
453 504
453 530
453 532
453 533
454 523
454 528
454 531
455 510
455 517
455 519
455 548
456 501
456 508
456 513
457 500
457 506
457 521
458 544
459 512
459 531
460 532
460 540
460 542
460 543
461 505
461 508
461 517
462 502
462 505
462 530
463 527
463 528
463 534
464 505
464 543
465 532
465 537
466 502
466 526
466 549
467 502
467 512
467 548
468 530
468 534
468 539
468 540
469 534
469 541
469 542
470 529
470 530
471 504
471 505
471 507
472 509
472 513
472 514
472 528
472 540
473 510
473 518
473 523
473 524
474 500
474 519
474 529
474 531
475 541
476 504
476 505
476 528
477 507
477 514
477 547
478 506
478 510
479 514
479 517
480 525
480 531
481 520
481 547
482 500
482 515
482 520
482 532
483 518
483 545
484 525
484 544
485 515
485 516
487 509
487 511
488 524
488 534
488 549
489 520
489 531
489 544
490 512
490 527
490 533
491 502
491 534
492 506
492 514
492 517
493 502
493 543
493 545
494 541
495 513
495 516
495 523
496 514
496 518
496 532
497 507
498 512
498 530
499 502
500 3
500 14
500 29
500 30
500 35
500 36
500 44
500 56
500 58
500 60
500 72
500 97
500 108
500 111
500 115
500 118
500 129
500 151
500 163
500 169
500 172
500 174
500 184
500 191
500 195
500 200
500 212
500 213
500 215
500 224
500 225
500 247
500 249
500 258
500 259
500 273
500 276
500 279
500 281
500 287
500 289
500 305
500 322
500 344
500 355
500 357
500 364
500 375
500 387
500 413
500 438
500 441
500 465
500 466
500 478
500 485
500 497
501 9
501 40
501 48
501 51
501 64
501 68
501 70
501 71
501 73
501 82
501 86
501 91
501 101
501 104
501 107
501 110
501 140
501 142
501 159
501 164
501 184
501 195
501 206
501 208
501 221
501 238
501 244
501 252
501 279
501 294
501 299
501 308
501 317
501 323
501 328
501 335
501 337
501 367
501 382
501 398
501 399
501 401
501 439
501 448
501 497
502 4
502 5
502 8
502 26
502 28
502 35
502 36
502 73
502 80
502 87
502 94
502 95
502 101
502 102
502 104
502 111
502 113
502 120
502 123
502 124
502 126
502 127
502 151
502 152
502 155
502 163
502 176
502 208
502 211
502 235
502 252
502 253
502 257
502 259
502 287
502 290
502 292
502 310
502 323
502 330
502 334
502 358
502 361
502 363
502 369
502 401
502 446
502 464
502 473
502 480
503 8
503 12
503 28
503 29
503 33
503 37
503 42
503 47
503 54
503 56
503 62
503 63
503 66
503 72
503 78
503 95
503 99
503 123
503 124
503 128
503 129
503 151
503 153
503 172
503 182
503 198
503 209
503 220
503 224
503 228
503 235
503 244
503 249
503 250
503 270
503 281
503 285
503 302
503 316
503 338
503 356
503 361
503 372
503 389
503 390
503 394
503 409
503 417
503 418
503 421
503 424
503 433
503 444
503 445
503 478
504 9
504 14
504 15
504 17
504 24
504 68
504 83
504 98
504 113
504 120
504 123
504 136
504 161
504 165
504 166
504 176
504 177
504 179
504 186
504 187
504 192
504 199
504 208
504 213
504 238
504 247
504 250
504 252
504 263
504 267
504 269
504 285
504 295
504 322
504 341
504 342
504 363
504 364
504 367
504 374
504 380
504 382
504 396
504 419
504 465
504 481
505 21
505 29
505 39
505 41
505 47
505 51
505 56
505 65
505 71
505 86
505 92
505 98
505 137
505 141
505 150
505 151
505 155
505 165
505 168
505 170
505 173
505 180
505 193
505 199
505 208
505 212
505 214
505 222
505 231
505 235
505 237
505 243
505 252
505 264
505 277
505 278
505 288
505 291
505 300
505 339
505 343
505 348
505 356
505 358
505 361
505 374
505 375
505 378
505 396
505 400
505 488
506 2
506 14
506 19
506 20
506 30
506 42
506 45
506 49
506 51
506 57
506 61
506 79
506 82
506 85
506 88
506 96
506 109
506 116
506 118
506 127
506 131
506 136
506 140
506 142
506 148
506 149
506 155
506 175
506 194
506 226
506 249
506 252
506 264
506 272
506 274
506 280
506 298
506 302
506 304
506 321
506 327
506 341
506 350
506 364
506 375
506 382
506 427
506 448
506 470
506 475
506 480
506 486
506 490
506 499
507 0
507 6
507 22
507 29
507 43
507 51
507 62
507 76
507 77
507 84
507 88
507 94
507 100
507 111
507 120
507 126
507 131
507 133
507 137
507 138
507 148
507 156
507 173
507 186
507 199
507 201
507 206
507 219
507 222
507 229
507 240
507 250
507 259
507 261
507 280
507 300
507 303
507 305
507 314
507 315
507 330
507 332
507 342
507 348
507 350
507 365
507 381
507 394
507 400
507 416
507 428
507 432
507 434
507 438
507 444
507 446
507 458
507 472
508 1
508 41
508 43
508 83
508 86
508 90
508 104
508 111
508 112
508 117
508 125
508 127
508 139
508 154
508 157
508 163
508 164
508 166
508 172
508 182
508 184
508 187
508 211
508 220
508 225
508 228
508 232
508 239
508 242
508 261
508 266
508 270
508 274
508 275
508 311
508 314
508 342
508 352
508 355
508 369
508 371
508 381
508 411
508 414
508 415
508 423
508 436
508 467
509 2
509 11
509 12
509 15
509 19
509 23
509 28
509 31
509 40
509 59
509 60
509 68
509 72
509 75
509 76
509 79
509 89
509 93
509 101
509 107
509 114
509 116
509 121
509 145
509 146
509 167
509 178
509 193
509 196
509 203
509 212
509 213
509 227
509 269
509 276
509 289
509 290
509 301
509 314
509 329
509 354
509 360
509 373
509 381
509 390
509 395
509 404
509 410
509 433
509 435
509 451
509 458
509 462
510 18
510 24
510 28
510 33
510 34
510 39
510 58
510 60
510 85
510 88
510 116
510 123
510 124
510 126
510 148
510 155
510 185
510 201
510 209
510 220
510 230
510 243
510 262
510 268
510 284
510 301
510 304
510 310
510 319
510 321
510 326
510 335
510 342
510 343
510 380
510 391
510 398
510 399
510 414
510 442
510 444
510 476
510 481
510 484
510 492
511 10
511 13
511 14
511 47
511 49
511 53
511 57
511 66
511 69
511 96
511 100
511 118
511 141
511 152
511 153
511 172
511 176
511 191
511 198
511 204
511 242
511 254
511 256
511 278
511 291
511 296
511 302
511 304
511 333
511 336
511 354
511 355
511 364
511 383
511 409
511 418
511 429
511 440
511 457
511 459
511 463
511 483
511 494
512 0
512 1
512 2
512 15
512 25
512 29
512 32
512 34
512 39
512 43
512 47
512 51
512 52
512 65
512 83
512 88
512 97
512 98
512 113
512 137
512 146
512 149
512 158
512 170
512 171
512 181
512 189
512 190
512 196
512 217
512 227
512 258
512 279
512 281
512 297
512 318
512 326
512 329
512 330
512 336
512 344
512 367
512 375
512 381
512 384
512 426
512 447
513 1
513 3
513 15
513 25
513 34
513 40
513 42
513 52
513 53
513 62
513 63
513 65
513 80
513 87
513 89
513 93
513 95
513 97
513 107
513 110
513 134
513 156
513 157
513 166
513 191
513 200
513 204
513 240
513 244
513 249
513 256
513 295
513 309
513 320
513 324
513 334
513 340
513 341
513 342
513 345
513 349
513 350
513 358
513 363
513 372
513 373
513 379
513 388
513 394
513 398
513 399
513 410
513 416
513 431
513 437
513 440
513 441
513 466
513 481
513 485
513 486
513 487
513 492
513 494
514 21
514 22
514 36
514 40
514 47
514 49
514 50
514 55
514 61
514 62
514 91
514 93
514 101
514 102
514 115
514 131
514 138
514 183
514 189
514 210
514 233
514 268
514 269
514 279
514 307
514 313
514 353
514 361
514 373
514 396
514 434
514 452
514 460
514 484
515 6
515 11
515 39
515 52
515 57
515 71
515 74
515 76
515 78
515 85
515 91
515 99
515 103
515 109
515 115
515 132
515 168
515 189
515 202
515 207
515 214
515 243
515 260
515 298
515 310
515 315
515 318
515 320
515 346
515 351
515 352
515 372
515 404
515 422
515 424
515 427
515 432
515 434
515 441
516 5
516 7
516 10
516 11
516 28
516 38
516 41
516 64
516 77
516 79
516 81
516 89
516 101
516 114
516 124
516 127
516 141
516 146
516 147
516 182
516 187
516 197
516 204
516 215
516 224
516 229
516 243
516 252
516 263
516 265
516 267
516 271
516 272
516 277
516 329
516 341
516 360
516 392
516 394
516 434
516 451
516 456
516 469
516 479
517 0
517 3
517 9
517 18
517 19
517 31
517 36
517 43
517 51
517 53
517 57
517 58
517 63
517 80
517 84
517 86
517 89
517 97
517 102
517 106
517 109
517 110
517 112
517 120
517 124
517 130
517 175
517 194
517 199
517 216
517 236
517 240
517 243
517 291
517 292
517 301
517 306
517 311
517 351
517 384
517 387
517 407
517 420
517 430
517 442
517 444
517 447
517 448
517 454
517 473
518 2
518 5
518 8
518 10
518 13
518 15
518 24
518 28
518 42
518 44
518 46
518 54
518 60
518 78
518 106
518 110
518 111
518 117
518 118
518 120
518 126
518 129
518 132
518 139
518 145
518 148
518 150
518 161
518 174
518 176
518 189
518 190
518 195
518 197
518 199
518 213
518 219
518 224
518 228
518 261
518 266
518 270
518 279
518 313
518 327
518 336
518 358
518 360
518 365
518 414
518 448
518 453
519 6
519 21
519 30
519 34
519 39
519 41
519 43
519 44
519 48
519 62
519 64
519 67
519 73
519 77
519 79
519 83
519 88
519 96
519 104
519 105
519 111
519 112
519 115
519 116
519 128
519 135
519 146
519 149
519 180
519 207
519 222
519 223
519 229
519 230
519 238
519 254
519 295
519 301
519 304
519 320
519 321
519 323
519 325
519 357
519 364
519 374
519 385
519 394
519 395
519 401
519 411
519 413
519 415
519 425
519 439
519 447
519 463
519 491
519 493
519 496
520 1
520 4
520 6
520 10
520 16
520 17
520 23
520 35
520 42
520 47
520 52
520 115
520 121
520 124
520 130
520 134
520 151
520 153
520 157
520 161
520 162
520 163
520 169
520 183
520 187
520 197
520 203
520 208
520 213
520 221
520 223
520 228
520 236
520 237
520 240
520 246
520 255
520 264
520 272
520 273
520 280
520 306
520 308
520 316
520 329
520 336
520 338
520 349
520 351
520 355
520 403
520 432
520 433
520 457
520 483
520 484
520 494
520 495
521 2
521 5
521 11
521 13
521 33
521 35
521 70
521 72
521 82
521 96
521 104
521 115
521 119
521 135
521 140
521 157
521 161
521 165
521 181
521 188
521 189
521 196
521 199
521 202
521 207
521 220
521 249
521 252
521 263
521 265
521 266
521 277
521 329
521 346
521 351
521 363
521 377
521 385
521 387
521 389
521 404
521 405
521 426
521 432
521 455
521 456
521 469
521 471
521 475
522 2
522 3
522 8
522 15
522 20
522 24
522 30
522 65
522 67
522 69
522 83
522 84
522 108
522 127
522 128
522 131
522 148
522 151
522 161
522 167
522 168
522 177
522 216
522 237
522 239
522 244
522 245
522 260
522 265
522 281
522 288
522 289
522 331
522 342
522 348
522 371
522 374
522 388
522 430
522 449
522 476
522 489
523 8
523 12
523 23
523 27
523 38
523 43
523 45
523 49
523 50
523 55
523 83
523 85
523 114
523 121
523 128
523 141
523 144
523 146
523 147
523 151
523 156
523 160
523 169
523 176
523 186
523 190
523 207
523 229
523 254
523 255
523 266
523 269
523 285
523 304
523 329
523 333
523 350
523 369
523 379
523 398
523 409
523 418
523 422
523 429
523 467
523 474
523 486
524 0
524 14
524 20
524 23
524 28
524 31
524 43
524 61
524 63
524 66
524 67
524 71
524 76
524 77
524 78
524 83
524 87
524 92
524 97
524 102
524 109
524 117
524 125
524 130
524 143
524 144
524 150
524 164
524 165
524 174
524 182
524 183
524 201
524 202
524 218
524 222
524 224
524 235
524 238
524 245
524 248
524 249
524 261
524 267
524 269
524 277
524 294
524 297
524 304
524 310
524 333
524 335
524 336
524 339
524 346
524 382
524 385
524 398
524 413
524 415
524 417
524 423
524 428
524 437
524 439
524 453
524 457
524 459
524 464
525 2
525 12
525 19
525 22
525 25
525 28
525 34
525 49
525 60
525 79
525 85
525 95
525 102
525 119
525 124
525 131
525 132
525 141
525 142
525 145
525 146
525 147
525 149
525 154
525 175
525 188
525 191
525 192
525 199
525 237
525 241
525 251
525 276
525 290
525 294
525 300
525 310
525 318
525 332
525 344
525 347
525 348
525 362
525 391
525 409
525 444
525 449
525 454
525 461
525 467
525 474
526 1
526 5
526 7
526 23
526 25
526 34
526 37
526 45
526 60
526 69
526 70
526 71
526 72
526 74
526 86
526 107
526 109
526 121
526 132
526 167
526 169
526 172
526 180
526 181
526 186
526 191
526 208
526 216
526 218
526 225
526 246
526 275
526 278
526 287
526 296
526 308
526 318
526 326
526 342
526 360
526 371
526 374
526 386
526 412
526 432
526 439
526 441
526 491
527 3
527 5
527 9
527 21
527 25
527 27
527 28
527 29
527 43
527 51
527 69
527 81
527 109
527 112
527 114
527 133
527 142
527 152
527 164
527 177
527 181
527 190
527 194
527 209
527 216
527 222
527 225
527 234
527 238
527 239
527 251
527 265
527 272
527 281
527 283
527 286
527 298
527 323
527 330
527 333
527 367
527 373
527 374
527 418
527 441
527 460
527 462
527 468
527 475
528 5
528 7
528 8
528 9
528 10
528 20
528 27
528 28
528 32
528 35
528 41
528 50
528 53
528 57
528 68
528 70
528 72
528 86
528 92
528 107
528 116
528 129
528 143
528 157
528 163
528 166
528 170
528 189
528 192
528 196
528 232
528 234
528 240
528 254
528 277
528 278
528 294
528 306
528 317
528 320
528 329
528 332
528 340
528 350
528 357
528 375
528 377
528 412
528 436
528 497
529 12
529 21
529 22
529 26
529 36
529 38
529 39
529 61
529 68
529 88
529 92
529 103
529 110
529 134
529 148
529 151
529 157
529 160
529 167
529 169
529 180
529 182
529 183
529 206
529 251
529 257
529 293
529 297
529 307
529 316
529 349
529 420
529 438
529 449
529 468
529 471
529 486
529 488
530 2
530 3
530 8
530 33
530 36
530 44
530 53
530 59
530 62
530 66
530 78
530 91
530 94
530 110
530 118
530 120
530 123
530 133
530 135
530 143
530 150
530 179
530 184
530 198
530 202
530 209
530 216
530 234
530 237
530 244
530 248
530 260
530 274
530 277
530 297
530 299
530 305
530 311
530 343
530 350
530 357
530 365
530 373
530 380
530 396
530 397
530 459
530 487
531 6
531 9
531 11
531 14
531 18
531 27
531 42
531 49
531 56
531 66
531 68
531 79
531 85
531 89
531 103
531 114
531 116
531 121
531 138
531 162
531 164
531 165
531 190
531 199
531 204
531 216
531 218
531 221
531 228
531 237
531 240
531 248
531 265
531 282
531 305
531 311
531 312
531 323
531 337
531 355
531 356
531 363
531 366
531 405
531 416
531 437
531 446
531 469
531 479
532 3
532 20
532 40
532 43
532 61
532 67
532 71
532 74
532 79
532 89
532 94
532 97
532 99
532 116
532 119
532 123
532 125
532 128
532 149
532 154
532 186
532 210
532 218
532 221
532 230
532 234
532 235
532 236
532 253
532 256
532 260
532 261
532 263
532 297
532 299
532 305
532 311
532 321
532 338
532 357
532 362
532 369
532 372
532 375
532 379
532 396
532 402
532 408
532 412
532 476
532 483
533 0
533 7
533 19
533 22
533 23
533 37
533 46
533 69
533 75
533 76
533 78
533 80
533 84
533 87
533 89
533 90
533 91
533 101
533 103
533 129
533 141
533 153
533 159
533 193
533 223
533 229
533 232
533 242
533 274
533 279
533 301
533 304
533 306
533 307
533 311
533 325
533 327
533 332
533 348
533 372
533 375
533 387
533 389
533 429
533 438
533 458
533 464
534 6
534 11
534 14
534 18
534 30
534 35
534 38
534 46
534 64
534 67
534 91
534 104
534 112
534 121
534 125
534 127
534 136
534 138
534 139
534 148
534 170
534 171
534 178
534 185
534 191
534 192
534 210
534 259
534 290
534 292
534 309
534 339
534 346
534 367
534 376
534 381
534 384
534 406
534 455
534 475
534 493
535 1
535 9
535 15
535 16
535 27
535 32
535 34
535 39
535 51
535 94
535 105
535 106
535 110
535 117
535 134
535 145
535 149
535 155
535 158
535 166
535 174
535 180
535 191
535 193
535 203
535 206
535 213
535 229
535 241
535 253
535 256
535 264
535 278
535 288
535 318
535 322
535 343
535 349
535 389
535 391
535 394
535 422
535 430
535 449
535 450
535 452
536 12
536 21
536 27
536 28
536 35
536 48
536 62
536 63
536 70
536 77
536 78
536 94
536 112
536 119
536 130
536 138
536 142
536 147
536 168
536 178
536 194
536 209
536 224
536 234
536 248
536 253
536 259
536 260
536 261
536 262
536 264
536 270
536 275
536 311
536 335
536 345
536 376
536 384
536 393
536 398
536 399
536 422
536 429
536 439
536 466
536 470
536 479
536 490
537 30
537 50
537 51
537 54
537 56
537 64
537 75
537 93
537 94
537 103
537 113
537 121
537 125
537 137
537 141
537 142
537 156
537 170
537 176
537 188
537 198
537 204
537 213
537 228
537 240
537 241
537 259
537 268
537 273
537 275
537 276
537 284
537 286
537 292
537 302
537 315
537 338
537 340
537 345
537 349
537 353
537 359
537 372
537 376
537 426
537 428
537 430
537 452
537 456
537 458
538 5
538 9
538 10
538 14
538 15
538 19
538 33
538 39
538 84
538 98
538 104
538 112
538 120
538 125
538 126
538 131
538 135
538 136
538 144
538 147
538 169
538 173
538 181
538 182
538 185
538 186
538 202
538 225
538 230
538 241
538 245
538 247
538 254
538 263
538 267
538 272
538 277
538 285
538 306
538 369
538 392
538 403
538 413
538 419
538 431
538 442
538 443
538 461
538 477
538 485
538 491
539 2
539 7
539 8
539 10
539 11
539 17
539 22
539 24
539 30
539 38
539 40
539 43
539 56
539 70
539 74
539 89
539 97
539 99
539 102
539 108
539 114
539 115
539 128
539 130
539 134
539 138
539 148
539 151
539 154
539 175
539 179
539 187
539 191
539 196
539 203
539 256
539 257
539 268
539 270
539 272
539 273
539 279
539 281
539 332
539 334
539 339
539 356
539 366
539 372
539 373
539 379
539 382
539 383
539 391
539 393
539 400
539 401
539 407
539 411
539 420
539 449
539 465
539 486
540 8
540 16
540 38
540 40
540 67
540 68
540 84
540 85
540 87
540 89
540 92
540 98
540 101
540 105
540 107
540 108
540 110
540 113
540 122
540 137
540 152
540 158
540 174
540 181
540 182
540 189
540 190
540 205
540 212
540 221
540 226
540 277
540 309
540 316
540 328
540 354
540 368
540 378
540 384
540 385
540 388
540 392
540 411
540 417
540 437
540 477
540 494
541 1
541 2
541 3
541 4
541 7
541 16
541 18
541 26
541 30
541 32
541 42
541 46
541 48
541 50
541 58
541 61
541 73
541 75
541 79
541 85
541 88
541 90
541 101
541 103
541 109
541 117
541 119
541 171
541 172
541 173
541 205
541 206
541 211
541 212
541 224
541 229
541 247
541 250
541 255
541 260
541 262
541 265
541 270
541 275
541 284
541 287
541 291
541 307
541 333
541 337
541 410
541 415
541 420
542 0
542 3
542 20
542 28
542 39
542 51
542 59
542 61
542 63
542 65
542 67
542 73
542 88
542 99
542 102
542 114
542 119
542 127
542 133
542 141
542 166
542 169
542 185
542 188
542 191
542 201
542 215
542 218
542 219
542 227
542 238
542 240
542 257
542 267
542 271
542 296
542 318
542 337
542 357
542 368
542 373
542 376
542 442
542 459
542 463
543 9
543 10
543 14
543 20
543 25
543 29
543 35
543 43
543 51
543 59
543 61
543 63
543 72
543 73
543 75
543 80
543 84
543 90
543 91
543 95
543 108
543 117
543 118
543 121
543 128
543 129
543 134
543 135
543 140
543 141
543 152
543 154
543 179
543 185
543 195
543 206
543 217
543 230
543 235
543 238
543 243
543 246
543 255
543 271
543 296
543 316
543 317
543 319
543 327
543 332
543 352
543 362
543 366
543 377
543 379
543 382
543 395
543 398
543 401
543 449
543 475
544 0
544 1
544 11
544 18
544 20
544 26
544 32
544 41
544 44
544 50
544 57
544 58
544 59
544 61
544 69
544 70
544 90
544 102
544 113
544 124
544 127
544 132
544 134
544 149
544 157
544 165
544 166
544 170
544 183
544 184
544 201
544 204
544 217
544 220
544 228
544 248
544 250
544 257
544 261
544 264
544 278
544 295
544 339
544 341
544 354
544 371
544 375
544 388
544 390
544 400
544 402
544 406
544 412
544 414
544 419
544 446
544 462
544 487
545 0
545 2
545 3
545 8
545 10
545 12
545 26
545 29
545 35
545 42
545 54
545 69
545 71
545 89
545 123
545 140
545 143
545 145
545 149
545 165
545 185
545 192
545 194
545 209
545 211
545 214
545 215
545 222
545 229
545 231
545 236
545 237
545 253
545 265
545 266
545 270
545 275
545 276
545 287
545 299
545 300
545 307
545 310
545 317
545 321
545 330
545 331
545 340
545 377
545 379
545 393
545 407
545 440
545 470
546 16
546 23
546 25
546 31
546 44
546 50
546 51
546 52
546 67
546 68
546 77
546 84
546 91
546 94
546 98
546 121
546 122
546 129
546 133
546 136
546 141
546 142
546 145
546 147
546 155
546 184
546 197
546 206
546 219
546 227
546 232
546 235
546 245
546 246
546 255
546 256
546 259
546 269
546 301
546 309
546 321
546 322
546 324
546 329
546 341
546 365
546 366
546 377
546 415
546 419
546 421
546 423
546 431
546 447
546 452
546 478
546 482
546 498
547 1
547 19
547 26
547 29
547 36
547 40
547 46
547 49
547 63
547 68
547 77
547 83
547 91
547 104
547 105
547 106
547 111
547 120
547 151
547 160
547 168
547 198
547 203
547 250
547 254
547 266
547 273
547 278
547 282
547 288
547 289
547 313
547 320
547 321
547 339
547 347
547 364
547 384
547 387
547 395
547 401
547 418
547 424
547 471
547 480
548 13
548 26
548 29
548 31
548 38
548 44
548 46
548 54
548 55
548 56
548 57
548 63
548 64
548 78
548 102
548 114
548 129
548 141
548 149
548 157
548 167
548 173
548 174
548 176
548 178
548 179
548 183
548 195
548 206
548 209
548 233
548 235
548 278
548 287
548 291
548 299
548 301
548 305
548 313
548 314
548 315
548 323
548 331
548 340
548 351
548 388
548 389
548 396
548 409
548 415
548 419
548 437
548 445
548 450
548 454
548 458
548 461
548 470
548 489
548 499
549 0
549 2
549 5
549 13
549 18
549 20
549 33
549 46
549 72
549 81
549 86
549 87
549 104
549 109
549 116
549 132
549 133
549 138
549 139
549 151
549 159
549 166
549 168
549 169
549 172
549 173
549 186
549 192
549 199
549 209
549 210
549 211
549 239
549 241
549 246
549 255
549 260
549 270
549 283
549 288
549 295
549 308
549 325
549 335
549 345
549 352
549 385
549 395
549 403
549 434
549 438
549 464
549 465
500 501 502 503 504 505 506 507 508 509 510 511 512 513 514 515 516 517 518 519 520 521 522 523 524 525 526 527 528 529 530 531 532 533 534 535 536 537 538 539 540 541 542 543 544 545 546 547 548 549
