729 4368 76
0 1
0 9
0 18
0 27
0 54
0 81
0 243
0 486
1 2
1 4
1 10
1 28
1 82
1 163
1 244
1 487
2 0
2 11
2 29
2 245
3 0
3 5
3 12
3 57
3 165
3 489
4 3
4 5
4 7
4 13
4 58
4 166
4 490
5 2
5 14
5 32
5 86
5 167
5 491
6 0
6 3
6 7
6 8
6 33
6 87
7 1
7 16
7 34
7 61
7 88
7 250
8 2
8 5
8 7
8 62
8 89
8 251
8 494
9 10
9 12
9 18
9 171
9 495
10 11
10 13
10 16
10 19
10 37
10 91
11 9
11 17
11 20
11 254
11 497
12 15
12 255
12 498
13 12
13 94
13 175
13 256
13 499
14 11
14 12
14 13
14 41
14 68
14 257
14 500
15 6
15 9
15 16
15 69
15 96
15 258
15 501
16 13
16 43
16 70
16 178
16 259
17 8
17 14
17 15
17 16
17 44
17 98
17 179
17 503
18 19
18 20
18 21
18 45
18 72
18 180
18 261
19 1
19 20
19 46
19 262
19 505
20 2
20 23
20 26
20 74
21 3
21 12
21 22
21 23
21 48
21 75
21 183
21 264
21 507
22 4
22 13
22 19
22 23
22 49
22 76
22 103
22 184
22 265
23 5
23 14
23 26
23 77
23 185
23 266
23 509
24 6
24 15
24 18
24 21
24 25
24 26
24 51
24 105
24 186
24 267
25 7
25 16
25 19
25 22
25 106
25 187
25 511
26 8
26 17
26 25
26 188
26 269
26 512
27 36
27 54
27 108
27 189
27 270
27 513
28 27
28 37
28 46
28 109
28 190
28 271
29 27
29 28
29 32
29 35
29 110
29 272
29 515
30 3
30 27
30 31
30 32
30 39
30 48
30 192
30 273
31 4
31 28
31 49
31 58
31 112
31 193
32 31
32 50
32 275
32 518
33 27
33 30
33 34
33 42
33 60
33 114
33 519
34 28
34 31
34 35
34 61
34 115
34 277
34 520
35 8
35 32
35 33
35 44
35 62
35 278
35 521
36 9
36 38
36 63
37 36
37 38
37 118
37 523
38 11
38 29
38 44
38 47
38 119
38 200
38 281
38 524
39 12
39 36
39 40
39 41
39 201
39 282
40 13
40 31
40 37
40 41
40 43
40 49
40 67
40 526
41 32
41 38
41 50
41 68
41 203
41 284
41 527
42 15
42 36
42 39
42 43
42 51
42 69
42 123
43 34
43 37
43 52
43 70
43 124
43 205
44 41
44 42
44 43
44 125
44 206
44 530
45 27
45 36
45 46
45 47
45 48
45 51
45 72
45 126
45 207
45 531
46 37
46 47
46 49
46 52
47 20
47 29
47 50
47 53
47 128
47 209
48 39
48 49
48 51
48 75
49 76
49 130
49 535
50 23
50 48
50 49
50 77
50 293
51 33
51 52
51 78
51 213
52 25
52 34
52 49
52 53
52 214
52 295
52 538
53 26
53 35
53 44
53 50
53 51
53 215
53 296
53 539
54 55
54 63
54 72
54 540
55 1
55 28
55 56
55 61
55 64
55 136
55 217
55 541
56 2
56 29
56 54
56 59
56 62
56 65
56 74
56 137
56 218
56 299
57 30
57 54
57 59
57 138
57 543
58 55
58 57
58 61
58 220
58 301
58 544
59 5
59 32
59 58
59 62
59 221
59 302
60 6
60 54
60 57
60 61
60 69
60 222
60 303
61 70
61 142
61 547
62 60
62 61
62 71
62 143
62 224
62 305
63 9
63 144
63 306
64 10
64 37
64 63
64 73
64 226
65 11
65 38
65 63
65 64
65 71
65 146
65 227
65 308
65 551
66 12
66 39
66 57
66 63
66 68
66 75
66 309
66 552
67 13
67 58
67 64
67 66
67 68
67 76
67 148
67 229
67 310
68 59
68 65
68 230
68 311
68 554
69 63
69 66
69 78
69 231
69 555
70 64
70 67
70 69
70 79
70 556
71 17
71 44
71 68
71 69
71 70
71 152
71 233
71 314
71 557
72 63
72 73
72 75
72 153
72 234
73 19
73 46
73 55
73 76
73 79
73 154
73 559
74 47
74 65
74 72
74 73
74 77
74 155
74 317
75 57
75 77
75 237
75 318
76 58
76 75
76 77
77 59
77 68
77 158
77 239
77 320
78 24
78 60
78 72
78 75
78 79
78 80
78 159
78 240
78 564
79 25
79 52
79 61
79 76
79 322
80 26
80 53
80 62
80 71
80 74
80 77
80 79
81 83
81 90
81 99
81 135
81 162
81 567
82 81
82 88
82 136
82 163
82 325
82 568
83 2
83 82
83 89
83 92
83 110
83 326
84 3
84 81
84 86
84 87
84 102
84 138
84 327
85 4
85 82
85 84
85 88
85 94
85 103
85 112
85 166
85 328
86 83
86 85
86 95
86 140
87 81
87 96
87 105
87 114
88 87
88 97
88 106
88 115
88 142
88 169
88 574
89 86
89 87
89 88
89 107
89 116
89 143
89 170
90 9
90 92
90 96
90 144
90 333
90 576
91 82
91 90
91 92
91 94
91 97
91 118
91 145
91 172
91 334
91 577
92 11
92 95
92 101
93 12
93 84
93 90
93 94
93 96
93 174
94 95
94 97
94 580
95 14
95 93
95 98
95 122
95 149
96 98
96 105
96 123
96 177
96 339
96 582
97 16
97 96
97 106
97 124
97 151
97 340
97 583
98 89
98 92
98 97
98 107
98 125
98 152
99 18
99 90
99 101
99 102
99 105
99 126
99 342
100 19
100 82
100 91
100 99
100 103
100 127
100 154
101 20
101 83
101 100
101 104
101 344
101 587
102 21
102 93
102 103
102 104
102 105
102 156
102 345
103 94
103 106
103 130
103 157
103 184
103 346
103 589
104 23
104 86
104 95
104 103
104 107
104 131
104 158
104 185
104 347
105 106
105 159
105 348
105 591
106 100
106 160
106 349
107 26
107 101
107 105
107 106
107 134
107 350
107 593
108 81
108 109
108 117
108 189
108 351
109 82
109 110
109 352
110 119
110 128
110 191
110 353
111 30
111 84
111 108
111 120
111 129
111 138
111 192
111 354
111 597
112 109
112 111
112 115
112 121
112 355
112 598
113 32
113 86
113 110
113 111
113 112
113 131
113 194
113 356
113 599
114 108
114 111
114 115
114 116
114 123
114 132
114 141
114 357
115 109
115 133
115 142
115 196
115 358
116 35
116 110
116 113
116 115
116 125
116 359
117 36
117 90
117 119
117 120
117 126
117 144
117 198
117 360
117 603
118 109
118 117
118 119
118 124
118 145
118 199
118 604
119 92
119 125
119 200
119 362
119 605
120 39
120 93
120 121
120 123
120 201
120 363
120 606
121 40
121 94
121 118
121 122
121 124
121 148
121 202
122 41
122 113
122 119
122 120
122 203
123 117
123 125
123 150
124 115
124 123
124 205
124 367
125 122
125 124
125 152
126 108
126 128
126 129
126 132
126 207
126 612
127 46
127 109
127 118
127 126
127 128
127 154
127 208
127 370
127 613
128 101
128 119
128 131
128 134
128 155
128 614
129 48
129 102
129 120
129 131
129 156
130 112
130 121
130 127
130 129
130 133
130 157
130 211
130 616
131 50
131 122
131 130
131 158
131 212
131 617
132 51
132 105
132 123
132 129
132 134
132 213
132 375
132 618
133 52
133 106
133 124
133 127
133 132
133 134
134 53
134 116
134 125
134 131
134 161
134 377
134 620
135 54
135 108
135 137
135 138
135 141
135 144
135 621
136 109
136 135
136 154
136 217
137 83
137 110
137 136
137 143
137 146
137 155
137 218
137 380
138 141
138 219
139 58
139 85
139 112
139 136
139 138
139 140
139 142
140 59
140 113
140 137
140 138
140 143
140 158
140 221
140 383
141 60
141 87
141 222
141 627
142 136
142 141
142 151
142 223
142 385
142 628
143 116
143 141
143 142
143 161
143 224
143 629
144 225
144 387
145 64
145 136
145 144
145 146
145 151
146 92
146 119
146 144
146 149
146 152
146 155
146 227
146 389
146 632
147 66
147 93
147 120
147 138
147 144
147 148
147 149
147 150
147 156
147 228
147 390
147 633
148 94
148 139
148 145
148 151
148 391
148 634
149 68
149 122
149 140
149 148
150 69
150 96
150 141
150 144
150 152
150 159
150 231
150 393
150 636
151 70
151 124
151 150
151 160
151 232
152 143
152 149
152 151
152 638
153 99
153 126
153 135
153 144
153 156
154 145
154 153
154 157
154 235
154 397
155 101
155 153
155 154
155 158
155 161
155 236
155 641
156 75
156 138
156 157
156 158
156 237
156 642
157 76
157 139
157 148
157 160
158 149
158 157
158 161
158 644
159 132
159 141
159 153
159 156
159 160
159 240
159 645
160 79
160 133
160 142
160 154
160 161
160 241
160 403
160 646
161 80
161 107
161 152
161 159
161 242
161 647
162 0
162 163
162 164
162 405
163 169
163 217
163 406
164 2
164 83
164 163
164 167
164 170
164 182
164 191
164 650
165 84
165 162
165 166
165 167
165 183
165 219
166 163
166 175
166 184
166 220
166 652
167 86
167 166
167 185
167 221
167 653
168 6
168 87
168 162
168 165
168 169
168 170
168 195
168 222
169 7
169 166
169 178
169 187
169 196
170 8
170 167
170 169
170 179
170 197
170 224
170 413
170 656
171 90
171 162
171 172
171 173
171 177
171 180
172 10
172 163
172 173
172 175
172 415
173 11
173 92
173 164
173 176
173 179
173 200
174 12
174 165
174 171
174 175
174 176
174 183
174 228
174 417
175 94
175 184
175 661
176 14
176 95
176 167
176 175
176 185
176 662
177 15
177 168
177 174
177 420
177 663
178 97
178 172
178 175
178 177
178 179
178 187
179 98
179 176
179 177
179 188
179 206
179 665
180 99
180 162
180 181
180 182
180 183
180 207
181 19
181 100
181 163
181 172
181 182
181 187
181 208
181 424
182 20
182 101
182 173
182 209
182 236
183 102
183 210
183 669
184 181
184 183
184 238
184 427
185 182
185 183
185 184
185 212
185 239
186 105
186 168
186 177
186 180
186 183
186 187
186 213
186 672
187 106
187 184
187 188
187 430
187 673
188 107
188 170
188 182
188 185
188 186
188 215
188 431
188 674
189 162
189 190
189 191
189 195
189 207
189 216
189 432
190 109
190 163
190 191
190 196
190 199
190 208
190 217
191 29
191 194
191 200
191 218
191 434
192 165
192 189
192 678
193 112
193 166
193 190
193 192
193 196
193 202
193 211
194 32
194 167
194 192
194 193
194 203
194 212
194 437
194 680
195 33
195 114
195 192
195 197
195 213
195 222
195 681
196 34
196 195
196 197
196 214
197 35
197 116
197 191
197 194
197 206
197 215
198 36
198 171
198 189
198 225
198 441
198 684
199 37
199 172
199 198
199 205
199 226
199 442
200 198
200 199
200 203
201 174
201 192
201 198
201 203
201 210
201 444
201 687
202 40
202 175
202 199
202 201
202 205
203 176
203 202
203 230
203 446
203 689
204 42
204 123
204 177
204 195
204 198
204 201
204 213
204 447
204 690
205 178
205 196
205 204
205 206
205 691
206 125
206 200
206 203
206 204
206 215
206 233
206 449
206 692
207 198
207 208
207 210
208 46
208 199
208 209
208 235
209 128
209 191
209 200
209 207
209 212
209 215
209 236
210 48
210 129
210 192
210 211
210 212
210 453
210 696
211 49
211 184
211 202
211 208
211 238
212 50
212 203
212 211
212 239
212 698
213 207
213 210
213 699
214 133
214 187
214 205
214 211
214 213
214 215
214 700
215 134
215 212
215 213
215 458
215 701
216 54
216 135
216 162
216 219
216 222
216 459
216 702
217 216
217 220
217 226
217 235
217 703
218 164
218 216
218 217
218 227
218 461
219 57
219 192
219 220
219 221
219 222
219 237
219 705
220 139
220 193
220 221
220 223
220 238
220 706
221 194
221 218
221 224
221 239
221 707
222 223
222 224
222 231
222 240
222 708
223 61
223 169
223 196
223 217
223 224
223 466
223 709
224 197
224 218
224 233
224 467
225 63
225 171
225 216
225 227
225 231
225 234
225 468
226 145
226 172
226 225
226 227
226 232
226 235
226 712
227 173
227 200
227 233
227 236
227 713
228 66
228 201
228 219
228 225
228 231
228 237
229 148
229 175
229 202
229 220
229 226
229 228
229 230
229 232
229 238
229 715
230 149
230 176
230 221
230 227
230 228
230 233
230 239
230 473
231 177
231 204
231 233
232 70
232 178
232 205
232 223
232 231
232 233
232 241
233 152
233 179
233 242
233 719
234 153
234 180
234 207
234 216
234 236
234 237
234 240
234 477
235 73
235 181
235 234
235 241
235 721
236 74
236 218
236 235
236 239
236 242
236 722
237 183
237 210
237 239
237 240
238 76
238 157
238 235
238 237
238 241
239 158
239 238
239 242
239 482
239 725
240 186
240 213
240 231
241 79
241 187
241 214
241 223
241 240
241 242
241 727
242 80
242 188
242 215
242 224
242 240
242 485
243 246
243 324
244 243
244 245
244 250
244 262
244 271
244 325
245 243
245 251
245 299
245 488
246 3
246 248
246 264
246 273
246 300
246 408
246 489
247 4
247 244
247 246
247 250
247 256
247 274
247 301
247 490
248 5
248 245
248 247
248 257
248 275
248 410
249 6
249 243
249 246
249 251
249 258
249 276
249 330
249 411
250 249
250 259
250 304
250 412
251 248
251 250
251 278
251 413
252 9
252 243
252 255
252 258
252 306
252 333
252 414
253 10
253 244
253 252
253 254
253 334
254 245
254 252
254 260
254 263
254 281
254 416
254 497
255 246
255 264
255 282
255 309
255 336
255 417
255 498
256 253
256 255
256 257
256 259
256 310
256 337
256 418
257 254
257 255
257 266
257 284
257 419
257 500
258 255
258 259
258 260
258 267
258 285
258 312
258 339
258 420
258 501
259 253
259 260
259 313
260 17
260 251
260 257
260 287
260 314
260 341
261 243
261 252
261 262
261 263
261 264
261 342
261 423
261 504
262 253
262 265
262 268
262 316
263 20
263 245
263 262
263 266
263 317
263 425
264 265
264 345
264 426
264 507
265 247
265 256
265 319
265 508
266 248
266 264
266 265
266 269
266 347
266 428
266 509
267 249
267 261
267 264
267 269
268 25
268 250
268 259
268 265
268 267
268 295
269 251
269 260
269 263
269 268
269 296
269 323
269 431
270 243
270 271
270 272
270 273
270 297
270 351
271 274
271 298
271 352
271 433
272 245
272 271
272 299
272 515
273 282
273 435
274 31
274 273
274 275
274 283
274 301
274 355
275 272
275 273
275 278
275 284
275 293
275 356
275 437
275 518
276 33
276 270
276 273
276 277
276 294
276 438
276 519
277 250
277 271
277 274
277 278
277 295
277 304
277 358
277 520
278 272
278 276
278 287
278 359
279 36
279 252
279 270
279 280
279 281
279 285
279 306
279 360
279 441
280 37
280 253
280 271
280 281
280 283
280 286
280 289
280 307
280 361
281 272
281 284
281 308
281 443
281 524
282 279
282 283
282 309
283 40
283 256
283 284
283 286
283 364
283 445
283 526
284 282
284 311
284 365
284 446
285 42
285 276
285 282
285 286
285 294
285 312
285 447
285 528
286 43
286 259
286 277
286 295
286 313
286 529
287 44
287 281
287 284
287 285
287 286
287 296
288 45
288 261
288 270
288 279
288 290
288 291
288 294
288 315
288 531
289 46
289 262
289 271
289 288
289 292
289 370
290 47
290 263
290 272
290 281
290 289
290 317
290 452
291 48
291 264
291 273
291 282
291 292
291 294
291 318
291 453
291 534
292 49
292 265
292 274
292 283
292 535
293 266
293 284
293 290
293 291
293 292
293 296
293 536
294 51
294 267
294 295
294 321
294 375
294 456
295 289
295 292
295 322
295 457
295 538
296 278
296 290
296 294
296 295
296 323
296 377
297 54
297 243
297 298
297 299
297 303
297 306
297 378
297 459
298 55
298 244
298 316
298 379
298 460
298 541
299 298
299 302
299 305
299 317
299 542
300 57
300 273
300 297
300 301
300 302
300 303
300 381
300 462
300 543
301 298
301 302
301 304
301 319
301 544
302 248
302 275
302 311
303 249
303 276
303 304
303 305
303 312
303 321
303 384
303 546
304 61
304 298
304 305
304 547
305 251
305 278
305 302
305 323
305 467
306 308
306 309
306 312
306 549
307 64
307 253
307 298
307 306
307 308
307 310
307 316
307 388
307 469
308 254
308 299
308 311
308 470
309 300
309 310
309 311
309 312
309 390
309 552
310 283
310 301
310 313
310 319
310 391
310 472
310 553
311 257
311 310
311 392
311 473
312 69
312 313
312 314
312 474
312 555
313 70
313 304
313 307
313 475
314 287
314 305
314 308
314 311
314 313
314 323
314 557
315 72
315 261
315 297
315 306
315 316
315 317
315 318
315 321
315 396
315 558
316 73
316 289
316 319
316 397
316 559
317 308
317 316
317 320
317 323
317 560
318 264
318 300
318 309
318 321
318 480
318 561
319 76
319 292
319 318
319 320
319 562
320 266
320 293
320 302
320 311
320 318
320 563
321 78
321 267
321 312
321 402
322 268
322 304
322 313
322 316
322 319
322 321
322 403
323 80
323 320
323 321
323 322
323 485
324 81
324 327
324 330
324 351
324 378
325 324
325 326
325 343
325 352
325 406
325 568
326 245
326 324
326 329
326 332
326 353
326 407
327 246
327 328
327 329
327 336
327 345
327 570
328 247
328 325
328 329
328 331
328 346
328 355
328 382
328 409
328 571
329 86
329 248
329 332
329 356
329 410
330 87
330 327
330 332
330 339
330 384
330 573
331 88
331 250
331 330
331 332
331 340
331 358
331 385
331 574
332 89
332 251
332 341
332 350
332 359
332 575
333 324
333 334
333 335
333 387
333 576
334 325
334 343
334 361
335 92
335 254
335 326
335 334
335 338
335 341
336 93
336 333
336 338
336 339
336 363
337 94
337 328
337 334
337 336
337 338
337 340
337 391
337 418
338 95
338 257
338 329
338 341
338 419
339 333
339 341
339 393
340 259
340 334
340 339
340 367
340 394
340 421
341 98
341 340
341 350
341 395
341 422
342 324
342 333
342 369
342 396
342 585
343 100
343 262
343 342
343 344
343 346
343 397
344 263
344 326
344 335
344 342
344 347
344 371
344 398
344 425
344 587
345 336
345 342
345 426
346 265
346 337
346 345
346 347
346 589
347 329
347 338
347 345
347 350
347 374
347 428
347 590
348 267
348 330
348 339
348 342
348 345
348 350
348 375
348 402
349 268
349 331
349 340
349 343
349 346
349 348
349 350
349 376
349 430
350 269
350 344
350 377
350 431
350 593
351 357
351 360
351 369
352 351
352 355
352 358
352 379
352 433
353 272
353 351
353 352
353 359
353 434
353 596
354 273
354 327
354 351
354 355
354 357
354 363
354 372
354 435
354 597
355 358
355 373
355 598
356 353
356 354
356 355
356 365
356 383
356 437
356 599
357 276
357 330
357 359
357 366
357 384
358 357
358 376
358 385
358 439
358 601
359 356
359 358
360 333
360 387
360 603
361 118
361 352
361 360
361 362
361 442
362 281
362 335
362 353
362 360
362 365
362 371
362 605
363 282
363 360
363 366
363 372
363 390
363 444
363 606
364 121
364 337
364 355
364 361
364 363
364 365
364 373
364 391
365 122
365 338
365 363
365 368
365 446
365 608
366 123
366 285
366 339
366 360
366 375
366 609
367 286
367 358
367 361
367 364
367 366
367 376
367 610
368 125
368 287
368 341
368 359
368 362
368 366
368 367
368 395
369 126
369 288
369 360
369 371
369 375
369 396
369 450
370 343
370 352
370 361
370 369
370 373
370 397
371 128
371 290
371 353
371 370
371 398
371 452
371 614
372 129
372 291
372 345
372 369
372 374
372 375
372 453
372 615
373 130
373 292
373 346
373 372
373 374
373 376
373 400
373 454
374 131
374 293
374 356
374 365
374 371
374 617
375 357
375 456
375 618
376 133
376 295
376 370
376 375
377 359
377 368
377 371
377 374
377 375
377 376
377 620
378 135
378 351
378 380
378 381
378 384
378 387
378 396
379 136
379 325
379 378
379 385
379 388
379 460
379 622
380 299
380 326
380 353
380 379
380 383
380 386
380 398
380 623
381 138
381 327
381 354
381 382
381 383
381 384
382 139
382 301
382 355
382 379
382 385
383 302
383 329
383 382
384 141
384 386
384 393
384 402
384 627
385 304
385 384
385 386
385 403
385 628
386 143
386 305
386 332
386 359
386 383
386 395
387 306
387 388
387 389
387 396
387 630
388 145
388 334
388 361
388 389
388 469
388 631
389 308
389 335
389 362
389 380
389 392
389 395
389 470
389 632
390 336
390 381
390 387
390 399
391 382
391 388
391 390
391 394
391 400
392 149
392 338
392 365
392 383
392 390
392 391
392 635
393 312
393 366
393 387
393 390
393 474
393 636
394 151
394 313
394 367
394 385
394 388
394 393
394 403
394 475
395 152
395 314
395 392
395 393
395 394
395 404
395 476
396 153
396 477
397 379
397 388
397 396
397 398
398 155
398 317
398 389
398 396
398 401
398 404
398 479
398 641
399 156
399 318
399 345
399 372
399 381
399 396
399 400
399 401
399 642
400 157
400 319
400 346
400 382
400 397
400 481
400 643
401 158
401 320
401 347
401 374
401 383
401 392
401 400
401 404
401 644
402 159
402 375
402 393
402 396
402 399
402 403
402 404
403 349
403 376
403 397
403 400
403 646
404 161
404 323
404 350
404 377
404 386
404 403
404 485
405 243
405 324
405 406
405 408
405 411
406 244
406 409
406 424
406 460
406 649
407 164
407 245
407 405
407 406
407 410
407 413
407 416
407 434
407 650
408 165
408 327
408 410
408 411
408 417
408 426
408 462
409 166
409 247
409 408
409 412
409 436
410 167
410 409
410 419
410 428
410 437
410 653
411 168
411 330
411 413
411 429
412 169
412 331
412 406
412 411
412 413
412 430
412 439
412 655
413 332
413 410
413 431
413 467
413 656
414 171
414 333
414 405
414 417
414 441
414 468
415 253
415 334
415 406
415 414
415 418
415 424
415 469
415 658
416 173
416 335
416 414
416 415
416 422
417 336
417 419
417 420
417 426
417 471
417 660
418 175
418 409
418 417
418 419
418 427
418 445
419 176
419 416
419 428
419 473
420 339
420 411
420 414
420 421
420 422
420 429
420 447
420 474
421 178
421 259
421 412
421 415
421 418
421 448
421 664
422 179
422 260
422 413
422 419
422 421
422 431
422 476
422 665
423 180
423 342
423 405
423 414
423 424
423 426
423 477
423 666
424 262
424 343
424 425
424 427
424 451
425 182
425 407
425 416
425 423
425 452
425 479
425 668
426 183
426 428
426 453
426 480
426 669
427 265
427 346
427 409
427 426
427 428
427 430
428 185
428 425
428 431
428 482
429 186
429 267
429 348
429 423
429 426
429 431
429 483
429 672
430 268
430 421
430 424
430 429
430 431
430 457
430 484
430 673
431 425
431 458
431 485
431 674
432 270
432 351
432 405
432 435
432 438
432 450
432 459
432 675
433 190
433 406
433 432
433 436
433 451
434 272
434 432
434 433
434 440
435 192
435 408
435 438
435 453
435 462
435 678
436 193
436 274
436 355
436 435
436 439
436 445
436 463
436 679
437 434
437 435
437 436
437 455
437 464
438 195
438 357
438 411
438 447
438 456
438 681
439 196
439 277
439 433
439 438
439 457
440 197
440 278
440 359
440 413
440 437
440 439
440 458
440 467
440 683
441 360
441 432
441 443
441 444
441 447
441 450
442 280
442 415
442 433
442 441
442 448
442 685
443 200
443 362
443 416
443 434
443 442
443 446
443 449
443 452
443 470
443 686
444 282
444 417
444 435
444 446
445 202
445 364
445 442
445 444
445 448
445 688
446 419
446 437
446 445
446 449
446 689
447 366
447 444
447 456
447 474
448 205
448 286
448 367
448 439
448 447
448 449
448 457
448 691
449 287
449 368
449 422
449 440
449 447
449 458
450 207
450 288
450 423
450 451
450 452
450 456
451 208
451 289
451 370
451 442
451 452
451 478
452 209
452 434
452 455
452 458
452 479
453 444
453 450
453 455
453 480
454 211
454 292
454 427
454 436
454 445
454 451
454 453
454 481
454 697
455 212
455 293
455 374
455 428
455 446
455 454
455 458
455 482
456 213
456 429
456 453
456 483
456 699
457 214
457 376
457 451
457 454
457 456
457 700
458 296
458 377
458 456
458 457
459 378
459 405
459 461
459 462
459 465
459 468
460 217
460 433
460 459
460 463
460 469
460 478
461 299
461 380
461 407
461 434
461 460
461 704
462 219
462 381
463 220
463 301
463 382
463 409
463 462
463 464
463 472
463 481
463 706
464 221
464 302
464 383
464 410
464 461
464 462
464 467
465 222
465 303
465 384
465 411
465 438
465 462
465 466
465 474
465 483
465 708
466 304
466 385
466 412
466 439
466 460
466 463
466 467
466 484
467 386
467 461
467 465
467 710
468 306
468 387
468 441
468 469
468 470
469 226
469 442
469 475
469 478
469 712
470 227
470 416
470 461
470 469
470 713
471 228
471 309
471 390
471 444
471 462
471 468
471 473
471 714
472 229
472 391
472 418
472 445
472 469
472 471
472 473
472 715
473 392
473 446
473 464
473 470
473 716
474 231
474 468
474 471
474 475
474 476
474 483
474 717
475 232
475 421
475 448
475 466
475 472
475 484
475 718
476 233
476 314
476 449
476 467
476 470
476 473
476 475
476 485
477 315
477 450
477 459
477 468
477 483
477 720
478 235
478 316
478 397
478 424
478 477
478 484
479 236
479 317
479 461
479 470
479 477
479 478
479 485
480 237
480 399
480 462
480 471
480 477
480 481
480 482
480 483
480 723
481 238
481 319
481 427
481 472
481 478
481 724
482 320
482 401
482 464
482 473
482 479
482 481
483 240
483 321
483 402
483 484
483 485
483 726
484 241
484 322
484 403
484 457
484 481
485 458
485 467
485 482
485 484
486 243
486 487
486 492
486 504
486 513
487 244
487 488
487 493
487 496
487 505
487 541
488 2
488 486
488 491
488 494
488 515
488 569
488 650
489 486
489 492
489 498
489 543
489 651
490 487
490 489
490 499
490 517
490 544
491 248
491 489
491 490
491 494
491 509
491 572
492 6
492 249
492 493
492 519
492 546
493 7
493 250
493 490
493 494
493 502
493 520
493 547
493 574
494 251
494 492
494 503
494 512
494 521
494 575
495 252
495 486
495 496
495 497
495 501
495 657
496 10
496 253
496 499
496 502
496 523
496 577
497 488
497 496
497 503
497 506
497 524
497 551
497 578
498 495
498 499
498 501
498 507
498 525
498 552
499 256
499 500
500 491
500 497
500 498
500 509
500 554
500 662
501 492
501 510
501 528
501 555
502 16
502 259
502 499
502 501
502 503
502 583
503 260
503 500
503 501
503 530
503 557
503 584
503 665
504 18
504 495
504 505
504 510
504 531
504 585
505 262
505 496
505 506
505 508
505 511
505 532
505 559
506 20
506 263
506 488
506 504
506 509
506 560
506 587
507 489
507 504
507 509
507 510
507 534
507 561
508 22
508 490
508 499
508 507
508 509
508 535
508 562
509 512
509 563
509 590
509 671
510 24
510 267
510 492
510 511
510 537
510 564
510 591
511 268
511 493
511 502
511 508
511 538
511 565
511 592
512 269
512 503
512 506
512 510
512 511
512 539
513 270
513 522
513 531
513 540
513 675
514 28
514 271
514 487
514 513
514 517
514 532
514 595
514 676
515 513
515 514
515 524
515 542
516 30
516 273
516 489
516 513
516 525
516 543
517 31
517 274
517 516
517 518
517 520
517 535
517 544
517 598
517 679
518 491
518 515
518 516
518 521
518 527
518 536
518 545
518 599
519 513
519 516
519 521
519 600
520 514
520 519
520 601
520 682
521 278
521 515
521 520
521 530
521 539
521 602
522 36
522 279
522 495
522 525
522 528
522 531
522 549
522 603
523 280
523 514
523 522
523 532
523 550
523 685
524 522
524 523
524 527
524 530
525 39
525 282
525 527
525 528
525 534
525 606
526 499
526 517
526 523
526 525
526 529
526 607
526 688
527 284
527 500
527 526
527 530
528 42
528 519
528 529
528 537
528 555
528 609
529 43
529 502
529 520
529 523
529 530
529 556
529 691
530 287
530 528
530 539
530 611
530 692
531 533
531 534
532 46
532 289
532 531
532 533
532 613
532 694
533 47
533 290
533 506
533 515
533 524
533 536
533 539
533 614
534 48
534 516
534 535
534 536
534 615
535 526
535 532
535 538
535 562
535 697
536 50
536 509
536 527
536 535
536 539
536 563
536 698
537 51
537 294
537 519
537 531
537 534
537 538
537 539
537 564
538 520
538 529
538 532
538 539
538 700
539 296
539 566
539 620
540 297
540 486
540 542
540 543
540 558
541 514
541 540
541 544
541 559
542 56
542 488
542 541
542 551
542 560
543 545
543 561
543 705
544 543
544 547
544 625
544 706
545 59
545 302
545 491
545 542
545 544
545 548
545 554
545 626
545 707
546 60
546 519
546 540
546 543
546 547
546 548
546 555
546 708
547 520
547 541
547 548
547 565
547 709
548 62
548 305
548 494
548 521
548 542
548 629
549 63
549 495
549 540
549 550
549 552
549 558
549 711
550 64
550 307
550 496
550 541
550 553
550 559
550 712
551 308
551 524
551 549
551 550
551 632
552 525
552 543
552 553
552 561
552 633
553 67
553 499
553 526
553 544
553 556
553 562
554 311
554 527
554 551
554 552
554 553
554 563
554 716
555 549
555 552
555 556
555 557
555 564
555 636
556 313
556 502
556 547
556 550
556 637
556 718
557 530
557 548
557 551
557 554
557 556
557 566
557 638
557 719
558 72
558 504
558 531
558 559
558 561
558 564
558 720
559 532
559 562
559 565
560 74
560 533
560 551
560 558
560 559
560 641
561 75
561 534
561 562
562 76
562 544
562 563
562 565
562 724
563 77
563 545
563 560
563 561
563 725
564 321
564 546
564 561
564 565
564 566
564 645
564 726
565 79
565 322
565 538
565 556
566 80
566 323
566 512
566 548
566 560
566 563
566 565
567 324
567 486
567 568
567 569
567 570
567 576
567 585
567 594
567 621
567 648
568 487
568 569
568 574
568 577
568 595
568 649
569 83
569 326
569 578
569 596
570 84
570 489
570 573
570 588
570 597
570 624
571 85
571 490
571 568
571 570
571 580
571 652
572 86
572 329
572 569
572 570
572 571
572 575
572 590
572 626
573 87
573 492
573 567
573 574
573 582
573 591
573 600
573 627
573 654
574 571
574 575
574 592
574 628
575 89
575 569
575 573
575 584
575 602
575 629
576 495
576 577
576 578
576 582
576 603
576 630
576 657
577 334
577 578
577 586
577 604
578 92
578 335
578 587
578 659
579 93
579 336
579 498
579 570
579 576
579 581
579 582
579 588
580 337
580 499
580 577
580 579
580 589
580 607
580 634
581 95
581 338
581 500
581 572
581 578
581 580
581 590
581 608
581 635
582 339
582 501
582 591
583 340
583 574
583 577
583 580
583 582
583 664
584 98
584 341
584 578
584 581
584 582
584 583
584 665
585 99
585 576
585 612
585 666
586 100
586 343
586 505
586 568
586 585
586 587
586 589
587 569
587 585
587 614
587 641
588 102
588 345
588 507
588 585
588 590
589 508
589 571
589 588
589 592
589 643
589 670
590 104
590 587
590 589
590 617
591 348
591 585
591 588
591 592
591 645
592 106
592 349
592 583
592 586
593 512
593 575
593 584
593 587
593 590
593 591
593 592
593 620
594 108
594 351
594 513
594 595
594 596
594 597
594 600
594 612
594 621
594 675
595 109
595 352
595 598
595 601
595 676
596 110
596 515
596 595
596 599
596 605
596 614
597 516
597 598
597 606
597 678
598 571
598 599
598 607
598 625
598 679
599 572
599 597
599 608
600 114
600 357
600 597
600 602
600 609
600 618
601 115
601 574
601 598
601 600
601 610
602 116
602 359
602 596
602 599
602 601
602 611
602 629
602 683
603 594
603 609
603 630
603 684
604 361
604 523
604 595
604 603
604 685
605 524
605 578
605 603
605 604
605 608
605 611
605 614
605 632
605 686
606 579
606 603
606 608
606 615
606 633
607 121
607 364
607 604
607 606
607 616
607 634
607 688
608 122
608 527
608 607
608 611
608 617
608 689
609 123
609 582
609 606
609 610
609 611
609 618
609 690
610 124
610 529
610 583
610 604
610 607
610 611
610 619
610 691
611 125
611 368
611 584
611 620
611 638
612 369
612 531
612 603
612 613
612 614
612 639
613 370
613 586
613 595
613 604
613 614
613 619
613 694
614 617
614 620
614 641
614 695
615 129
615 588
615 597
615 612
615 617
615 642
616 373
616 535
616 589
616 598
616 613
616 615
616 643
617 536
617 599
617 616
617 644
617 698
618 537
618 591
618 612
618 615
618 619
618 645
619 133
619 376
619 538
619 592
619 601
619 616
619 646
619 700
620 602
620 617
620 618
620 619
620 647
621 378
621 540
621 622
621 624
621 630
621 639
622 136
622 541
622 568
622 595
622 623
623 137
623 542
623 569
623 596
623 621
623 629
623 632
623 641
623 704
624 138
624 381
624 543
624 597
624 625
624 626
624 633
625 139
625 382
625 571
625 622
625 643
625 706
626 140
626 383
626 599
626 623
626 625
626 635
626 707
627 546
627 600
627 621
627 624
627 629
628 547
628 601
628 622
628 625
628 627
628 637
628 646
629 386
629 626
629 628
629 638
629 710
630 144
630 549
630 711
631 145
631 550
631 577
631 604
631 622
631 630
631 632
631 637
631 640
632 578
632 630
632 635
632 638
632 641
633 390
633 579
633 630
633 634
633 635
633 642
634 391
634 553
634 625
634 631
634 643
635 149
635 554
635 608
635 634
635 638
635 716
636 582
636 609
636 627
636 630
636 633
636 637
636 638
636 645
636 717
637 151
637 394
637 583
637 610
637 634
637 646
637 718
638 395
638 584
638 637
638 647
638 719
639 153
639 396
639 558
639 585
639 630
639 640
640 154
640 397
640 559
640 586
640 613
640 622
640 641
641 639
641 722
642 561
642 588
642 624
642 639
643 157
643 562
643 640
643 642
643 646
643 724
644 563
644 590
644 626
644 635
644 641
644 642
644 643
645 402
645 627
645 639
645 642
645 646
645 647
645 726
646 565
646 592
646 640
646 727
647 404
647 566
647 593
647 629
647 641
647 644
647 646
648 162
648 405
648 486
648 651
648 657
648 675
648 702
649 163
649 487
649 648
649 652
649 658
649 703
650 569
650 648
650 649
650 656
650 659
650 668
650 677
651 165
651 408
651 570
651 652
651 653
651 660
652 409
652 490
652 653
652 655
652 670
652 706
653 491
653 572
653 650
653 656
653 662
653 680
653 707
654 168
654 411
654 492
654 648
654 651
654 655
654 656
654 681
654 708
655 169
655 493
655 574
655 649
655 656
655 709
656 494
656 575
656 665
656 683
656 710
657 171
657 658
657 684
658 172
658 496
658 577
658 664
659 173
659 416
659 497
659 657
659 658
659 662
659 665
659 713
660 174
660 498
660 579
660 657
660 661
661 418
661 499
661 580
661 652
661 658
661 662
661 664
661 670
662 419
662 581
662 660
662 665
662 716
663 420
663 501
663 582
663 654
663 657
663 660
663 672
663 717
664 178
664 502
664 655
664 663
664 665
664 673
664 718
665 663
665 692
666 180
666 504
666 648
666 657
666 669
666 672
666 693
666 720
667 181
667 424
667 505
667 586
667 649
667 658
667 666
667 668
667 670
667 694
668 182
668 506
668 587
668 659
668 666
669 507
669 588
669 651
669 660
669 671
669 672
669 696
670 184
670 427
670 508
670 669
670 673
671 185
671 428
671 590
671 653
671 668
671 670
671 725
672 510
672 591
672 654
672 674
673 511
673 592
673 655
673 667
673 672
673 727
674 512
674 593
674 656
674 665
674 668
674 671
674 673
675 189
675 677
675 678
675 681
675 693
676 190
676 433
676 649
676 675
676 677
676 679
676 682
677 191
677 434
677 515
677 596
677 686
677 695
677 704
678 516
678 651
678 679
678 705
679 193
679 652
679 682
679 697
679 706
680 437
680 518
680 599
680 677
680 678
680 679
680 683
680 707
681 519
681 600
681 678
681 690
681 699
682 196
682 439
682 601
682 655
682 681
682 683
682 691
682 709
683 197
683 521
683 677
683 681
683 692
683 701
684 441
684 522
684 675
684 687
684 711
685 199
685 658
685 676
685 684
685 688
685 691
685 712
686 200
686 524
686 659
686 684
686 685
686 695
686 713
687 444
687 525
687 606
687 660
687 678
687 688
687 690
687 714
688 202
688 661
688 679
688 689
688 691
688 697
688 715
689 527
689 662
689 680
689 686
689 687
689 692
689 716
690 447
690 528
690 663
690 684
691 664
691 690
692 449
692 611
692 686
692 690
692 691
693 207
693 450
693 531
693 612
693 684
694 208
694 451
694 676
694 685
694 693
694 700
695 209
695 452
695 533
695 668
695 693
695 694
695 698
695 701
696 453
696 534
696 615
696 678
696 687
696 693
696 698
696 699
696 723
697 211
697 616
697 670
697 694
697 696
697 698
697 700
698 455
698 671
698 680
698 689
698 701
698 725
699 537
699 618
699 672
699 690
699 693
699 700
700 673
700 682
700 691
700 701
701 458
701 539
701 620
701 674
701 692
701 699
702 459
702 540
702 621
702 675
702 703
702 704
702 705
702 708
702 720
703 460
703 541
703 622
703 676
703 704
703 712
704 218
704 542
704 650
704 707
704 710
704 713
705 462
705 624
705 651
705 708
706 703
706 705
706 724
707 464
707 705
707 706
707 710
708 627
708 681
708 717
709 466
709 628
709 703
709 706
709 708
709 710
709 718
710 224
710 548
710 683
710 708
710 728
711 225
711 468
711 657
711 702
711 713
712 631
712 658
712 711
712 715
712 718
713 551
713 632
713 712
713 716
713 719
713 722
714 228
714 552
714 633
714 660
714 705
714 711
714 716
715 553
715 634
715 661
715 706
715 714
715 716
715 718
715 724
716 230
716 707
716 725
717 231
717 555
717 690
717 711
717 714
717 719
718 232
718 691
718 717
718 719
719 476
719 665
719 692
719 710
719 716
720 234
720 639
720 693
720 711
720 721
721 478
721 559
721 640
721 667
721 694
721 703
721 712
721 724
722 479
722 560
722 668
722 695
722 704
722 720
722 721
722 725
723 237
723 561
723 642
723 669
723 705
723 714
723 720
723 724
723 725
724 238
724 670
724 697
725 482
725 644
725 707
725 724
726 240
726 672
726 699
726 708
726 717
726 720
726 723
726 727
726 728
727 484
727 565
727 700
727 709
727 718
727 721
727 724
727 728
728 242
728 485
728 566
728 647
728 674
728 701
728 719
728 722
728 725
2 13 16 29 42 61 72 77 100 105 107 108 110 111 113 122 142 145 164 165 171 208 211 214 219 233 260 263 264 280 291 297 302 322 325 328 331 349 365 369 374 393 398 399 414 430 438 439 440 472 479 492 505 517 525 539 551 552 578 579 594 610 612 629 633 637 643 653 655 657 662 671 686 687 703 726
