64 192 12
0 1
0 4
0 8
1 3
1 9
1 33
2 0
2 6
2 18
3 2
3 19
4 6
4 12
5 1
5 4
6 14
6 22
6 38
7 3
7 5
7 6
7 23
7 39
8 10
8 12
8 24
9 8
9 11
9 13
9 41
10 2
10 11
10 14
11 3
11 15
11 27
12 13
12 14
12 28
13 5
13 45
15 7
15 13
15 14
15 47
16 0
16 18
16 20
16 24
16 48
17 1
17 16
17 49
18 19
18 22
18 50
19 17
19 23
19 51
20 4
20 28
20 52
21 5
21 17
21 20
22 20
22 23
22 54
23 21
24 25
24 56
25 9
25 17
25 57
26 10
26 18
26 24
26 27
26 58
27 19
27 25
27 31
27 59
28 24
28 30
29 13
29 21
29 25
29 28
29 31
30 14
30 22
30 26
30 31
30 62
31 15
31 23
32 0
32 33
32 34
33 37
34 2
34 38
35 3
35 33
35 34
35 43
35 51
36 4
36 32
36 37
37 5
37 45
37 53
38 36
38 39
38 54
39 35
39 37
39 47
40 8
40 32
40 41
40 42
40 56
41 33
41 43
41 57
42 10
42 34
42 43
42 58
43 11
43 59
44 12
44 36
44 40
44 45
44 60
45 41
46 14
46 38
46 42
46 44
46 47
47 43
47 45
48 32
49 33
49 48
49 51
49 57
50 34
50 48
50 51
51 55
52 36
52 48
52 54
52 60
53 21
53 49
53 52
53 55
53 61
54 50
54 55
55 23
55 39
55 63
56 48
56 57
56 58
56 60
57 61
58 50
58 59
59 51
59 57
59 63
60 28
60 62
61 29
61 45
61 60
61 63
62 46
62 54
62 58
63 31
63 47
63 62
1 6 15 23 26 28 35 37 40 48 57 62
