512 2304 64
0 1
0 4
0 8
1 3
1 9
1 33
1 65
2 0
2 6
2 18
2 258
3 2
3 19
3 67
3 131
3 259
4 6
4 12
4 132
5 1
5 4
5 69
5 261
6 14
6 22
6 38
7 3
7 5
7 6
7 23
7 39
7 71
7 263
8 10
8 12
8 24
8 264
9 8
9 11
9 13
9 41
9 73
9 137
9 265
10 2
10 11
10 14
10 74
10 266
11 3
11 15
11 27
11 75
11 139
11 267
12 13
12 14
12 28
12 268
13 5
13 45
13 77
13 269
14 142
15 7
15 13
15 14
15 47
16 0
16 18
16 20
16 24
16 48
16 144
16 272
17 1
17 16
17 49
17 81
17 145
18 19
18 22
18 50
18 274
19 17
19 23
19 51
20 4
20 28
20 52
20 84
20 148
21 5
21 17
21 20
21 277
22 20
22 23
22 54
22 86
22 150
23 21
23 279
24 25
24 56
25 9
25 17
25 57
25 89
26 10
26 18
26 24
26 27
26 58
26 154
27 19
27 25
27 31
27 59
27 91
28 24
28 30
28 156
28 284
29 13
29 21
29 25
29 28
29 31
29 93
30 14
30 22
30 26
30 31
30 62
30 94
30 158
30 286
31 15
31 23
31 287
32 0
32 33
32 34
32 96
32 288
33 37
33 97
33 161
33 289
34 2
34 38
34 162
34 290
35 3
35 33
35 34
35 43
35 51
35 99
36 4
36 32
36 37
36 292
37 5
37 45
37 53
37 293
38 36
38 39
38 54
38 166
38 294
39 35
39 37
39 47
39 295
40 8
40 32
40 41
40 42
40 56
40 168
41 33
41 43
41 57
41 105
41 297
42 10
42 34
42 43
42 58
42 106
42 170
42 298
43 11
43 59
43 107
43 171
44 12
44 36
44 40
44 45
44 60
44 172
44 300
45 41
45 109
45 173
45 301
46 14
46 38
46 42
46 44
46 47
46 110
46 174
47 43
47 45
48 32
48 112
48 304
49 33
49 48
49 51
49 57
49 113
50 34
50 48
50 51
50 114
50 178
51 55
51 115
52 36
52 48
52 54
52 60
52 116
52 308
53 21
53 49
53 52
53 55
53 61
53 117
53 309
54 50
54 55
54 182
55 23
55 39
55 63
55 183
56 48
56 57
56 58
56 60
56 120
56 312
57 61
58 50
58 59
58 314
59 51
59 57
59 63
59 123
60 28
60 62
60 124
60 188
60 316
61 29
61 45
61 60
61 63
61 125
61 189
61 317
62 46
62 54
62 58
62 190
63 31
63 47
63 62
63 191
64 0
64 68
64 192
64 320
65 64
65 67
65 73
65 321
66 2
66 64
66 74
66 82
66 322
67 66
67 75
67 99
67 195
67 323
68 4
68 70
68 84
68 324
69 65
69 68
69 325
70 6
70 66
70 71
70 102
70 326
71 67
71 69
71 103
71 199
71 327
72 8
72 64
72 73
72 74
72 76
72 200
73 75
73 89
73 201
73 329
75 74
75 107
75 203
75 331
76 12
76 68
76 77
76 78
76 92
76 332
77 69
77 73
77 93
77 109
77 333
78 14
78 70
78 74
78 94
78 110
78 206
79 15
79 71
79 75
79 77
79 78
79 111
79 207
79 335
80 16
80 64
80 82
80 84
80 88
80 112
80 208
81 65
81 80
81 83
81 85
81 113
82 18
82 83
82 90
82 210
82 338
83 19
83 67
83 87
83 91
84 85
84 92
84 116
84 212
85 21
85 69
85 87
85 93
85 213
85 341
86 70
86 82
86 84
86 342
87 23
87 71
87 86
87 95
87 215
88 24
88 72
88 90
88 216
88 344
89 81
89 88
89 93
89 217
90 26
90 74
90 94
90 122
91 75
91 89
91 90
91 95
91 123
91 347
92 28
92 88
92 94
92 220
93 92
93 95
93 221
94 86
94 126
94 222
95 31
95 79
95 94
96 64
96 224
97 65
97 96
97 105
97 113
97 225
97 353
98 34
98 66
98 96
98 99
98 102
98 106
98 114
98 226
99 97
99 115
100 36
100 68
100 96
100 101
100 228
100 356
101 37
101 69
101 97
101 357
102 38
102 100
102 110
102 230
102 358
103 39
103 99
103 101
103 102
103 111
103 119
104 40
104 72
104 96
104 106
104 120
105 73
105 104
105 107
105 361
106 74
106 107
106 122
106 234
106 362
107 99
107 111
107 123
107 235
107 363
108 44
108 76
108 100
108 104
108 124
108 364
109 101
109 105
109 108
109 111
109 237
110 106
110 108
110 126
110 238
111 47
111 110
111 127
111 367
112 96
112 113
112 114
112 120
112 368
113 121
114 82
114 118
114 122
114 242
115 83
115 113
115 114
115 123
115 371
116 100
116 112
116 118
116 124
116 244
117 85
117 101
117 113
117 116
117 119
117 125
117 373
118 54
118 86
118 102
118 119
118 126
118 374
119 55
119 87
119 115
119 127
119 247
119 375
120 88
120 121
120 122
120 248
120 376
121 57
121 89
121 105
121 377
122 58
122 123
122 126
123 121
123 251
123 379
124 92
124 120
124 125
124 252
125 93
125 109
125 121
125 253
125 381
126 62
126 124
127 63
127 95
127 123
127 125
127 126
128 0
128 130
128 132
128 136
128 192
128 384
129 1
129 128
129 133
129 137
129 145
130 2
130 134
130 138
130 146
131 129
131 130
131 135
131 139
131 147
131 163
132 133
132 140
132 164
132 196
132 388
133 5
133 149
133 165
134 6
134 132
134 166
134 198
134 390
135 7
135 133
135 134
135 391
136 8
136 140
136 152
137 136
137 139
137 141
137 169
138 10
138 136
138 142
138 154
138 170
138 202
139 138
139 143
139 171
139 203
140 12
140 172
141 13
141 133
141 140
141 143
142 134
142 140
142 143
142 174
142 398
143 15
143 135
144 128
144 145
144 146
144 148
144 152
144 176
145 147
145 149
145 153
145 401
146 18
146 147
146 150
146 154
147 19
147 151
147 179
147 211
148 132
148 156
148 180
148 404
149 21
149 148
149 213
149 405
150 134
150 148
150 151
150 214
150 406
151 23
151 135
151 149
151 159
151 183
151 407
152 24
152 156
152 184
152 216
153 25
153 137
153 152
153 157
153 185
153 217
153 409
154 152
154 155
154 186
155 27
155 139
155 147
155 153
155 411
156 140
156 158
156 412
157 29
157 141
157 149
157 156
157 221
157 413
158 142
158 150
158 154
158 159
158 222
158 414
159 31
159 143
159 155
159 157
159 191
159 223
159 415
160 32
160 128
160 161
160 162
160 416
161 129
161 163
161 225
161 417
162 130
162 166
162 170
162 178
162 418
163 35
163 162
163 419
164 36
164 160
164 165
164 180
165 37
165 161
165 181
165 229
165 421
166 164
166 182
166 230
166 422
167 39
167 135
167 163
167 165
167 166
167 175
167 231
167 423
168 136
168 160
168 170
168 172
168 232
169 41
169 161
169 168
169 171
169 173
169 425
170 174
170 186
171 163
171 170
171 187
171 235
172 164
172 173
172 174
172 428
173 141
173 165
173 189
174 166
174 175
174 430
175 47
175 143
175 171
175 173
175 191
176 48
176 160
176 184
176 240
176 432
177 49
177 145
177 161
177 176
177 179
178 146
178 176
178 186
178 242
178 434
179 51
179 163
179 178
179 183
179 435
180 52
180 176
180 182
181 53
181 149
181 177
181 180
181 183
181 189
181 245
182 150
182 178
182 183
182 190
183 167
184 56
184 168
184 186
184 188
184 248
185 57
185 169
185 177
185 184
185 187
185 441
186 58
186 187
186 190
186 250
186 442
187 59
187 155
187 179
187 191
188 156
188 172
188 180
188 189
188 190
188 444
189 157
189 185
189 191
189 253
190 158
190 174
190 446
191 183
191 190
191 255
192 193
192 196
192 208
192 224
193 65
193 129
193 197
193 201
193 449
194 66
194 130
194 192
194 195
194 198
194 202
194 210
194 450
195 131
195 193
195 199
196 68
196 197
196 228
196 452
197 69
197 133
197 199
197 205
197 453
198 70
198 196
198 199
198 206
198 230
198 454
199 135
199 207
199 455
200 136
200 192
200 456
201 137
201 200
201 203
201 205
202 74
202 200
202 203
202 206
203 195
203 219
203 459
204 76
204 140
204 196
204 200
204 220
204 236
205 77
205 141
205 204
205 221
206 142
206 204
206 222
206 238
206 462
207 143
207 203
207 205
207 206
207 239
207 463
208 144
208 209
208 464
209 81
209 145
209 193
209 211
209 241
209 465
210 146
210 208
210 211
210 214
210 242
210 466
211 83
211 195
212 148
212 196
212 208
212 213
212 220
212 468
213 197
213 209
213 215
213 221
213 469
214 86
214 198
214 212
214 222
214 246
215 151
215 199
215 211
215 214
215 471
216 200
216 208
216 217
216 218
216 220
217 201
217 209
217 219
217 249
218 90
218 154
218 202
218 210
218 219
218 250
219 91
219 155
219 211
220 156
220 252
221 217
221 220
221 253
221 477
222 218
222 220
222 254
223 95
223 207
223 215
223 219
223 221
223 222
223 255
223 479
224 160
224 225
224 226
224 232
224 240
225 193
225 227
225 229
225 241
225 481
226 162
226 194
226 227
226 230
226 234
227 99
227 163
227 195
228 164
228 224
228 229
228 236
228 244
228 484
229 101
229 197
229 245
229 485
230 228
230 238
230 246
230 486
231 103
231 199
231 227
231 229
231 230
231 239
231 247
231 487
232 104
232 200
232 233
232 234
232 248
233 105
233 169
233 201
233 225
233 237
234 170
234 202
234 235
234 238
235 203
235 227
235 233
235 251
236 108
236 172
236 232
236 238
236 252
236 492
237 173
237 205
237 229
237 236
237 253
237 493
238 174
238 494
239 111
239 175
239 235
239 237
239 238
239 255
240 112
240 208
240 244
241 113
241 177
241 240
241 245
242 226
242 240
242 243
242 246
242 250
242 498
243 115
243 179
243 211
243 227
243 241
243 247
244 180
244 212
244 246
245 117
245 213
245 244
245 247
245 501
246 118
246 182
247 183
247 215
247 246
247 255
247 503
248 216
248 240
248 249
248 252
248 504
249 121
249 185
249 233
249 241
249 251
249 505
250 122
250 234
250 248
250 251
250 506
251 187
251 219
251 243
251 507
252 188
252 244
252 253
252 254
253 245
253 249
254 126
254 190
254 238
254 246
254 250
254 255
255 127
255 251
255 253
256 0
256 258
256 260
256 288
256 384
257 1
257 256
257 259
257 273
257 289
257 385
258 259
258 266
258 322
259 263
259 275
259 323
260 4
260 261
260 268
260 388
261 257
261 269
261 293
261 325
262 6
262 258
262 260
262 263
262 270
262 294
262 326
262 390
263 261
263 271
263 295
264 256
264 265
264 266
264 268
264 392
265 257
265 269
265 297
266 267
266 298
266 394
267 259
267 265
267 271
267 283
267 395
268 269
268 284
268 300
268 332
268 396
269 271
269 285
269 397
270 14
270 266
270 268
270 271
270 302
270 334
270 398
271 15
271 303
271 399
272 256
272 273
272 274
272 276
272 280
272 304
273 17
273 277
273 305
274 258
274 275
274 278
274 282
274 306
274 338
275 19
275 273
275 279
275 307
275 339
276 20
276 260
276 277
276 278
276 284
276 404
277 261
277 279
277 285
277 341
277 405
278 22
278 262
278 310
278 342
279 263
279 278
279 287
279 311
279 343
279 407
280 24
280 264
280 344
281 25
281 265
281 273
281 280
281 285
281 345
281 409
282 26
282 266
282 280
283 27
283 275
283 281
283 282
283 315
283 411
284 280
284 286
284 316
285 29
285 284
285 317
286 270
286 278
286 282
286 287
286 318
287 271
287 283
287 285
287 319
288 289
288 292
288 296
289 291
289 353
290 258
290 288
290 294
290 298
290 306
290 418
291 35
291 259
291 290
291 299
291 307
291 419
292 260
292 300
292 308
292 356
292 420
293 289
293 292
293 295
293 301
294 292
294 295
294 422
295 291
295 311
295 423
296 40
296 264
296 298
296 300
296 312
296 360
297 289
297 296
297 301
297 361
297 425
298 299
298 302
298 426
299 43
299 267
299 297
299 315
299 427
300 302
300 364
301 269
301 300
301 317
301 365
301 429
302 46
302 294
302 303
302 318
302 366
302 430
303 47
303 295
303 299
303 301
303 319
303 431
304 288
304 306
305 49
305 289
305 304
305 307
305 433
306 50
306 314
306 370
307 51
307 306
307 311
307 315
308 276
308 304
308 372
309 277
309 293
309 305
309 308
309 373
310 54
310 294
310 306
310 308
310 311
310 374
310 438
311 55
311 309
311 319
311 375
312 280
312 304
312 314
312 316
313 57
313 281
313 297
313 305
313 312
313 317
314 282
314 298
314 442
315 59
315 313
315 314
315 379
316 300
316 308
316 317
316 318
316 380
317 309
317 445
318 62
318 310
318 314
318 319
318 382
318 446
319 63
319 315
319 317
319 383
320 256
320 336
320 352
320 448
321 257
321 320
321 323
321 325
322 320
322 323
323 327
323 331
323 355
324 260
324 320
324 332
324 356
325 324
325 333
326 322
326 324
326 334
326 342
326 358
327 263
327 325
327 326
327 343
327 455
328 72
328 264
328 320
328 329
328 330
328 360
328 456
329 265
329 321
329 333
329 361
330 74
330 266
330 322
330 331
330 458
331 267
331 329
331 335
331 347
331 363
331 459
332 328
332 333
332 334
332 364
332 460
333 269
333 365
334 78
334 330
334 335
334 366
335 271
335 327
335 333
335 367
335 463
336 80
336 272
336 337
336 338
336 340
336 344
337 81
337 273
337 321
337 341
337 345
337 369
338 322
338 346
338 370
339 83
339 323
339 337
339 338
339 343
339 347
339 371
340 84
340 276
340 324
340 341
340 372
341 325
341 343
341 373
341 469
342 338
342 340
342 343
342 374
342 470
343 87
343 471
344 328
344 346
345 89
345 329
345 344
345 349
346 90
346 282
346 330
346 350
346 378
347 283
347 345
347 346
347 351
347 379
347 475
348 92
348 284
348 332
348 340
348 344
349 93
349 285
349 333
349 341
349 348
349 381
350 94
350 286
350 334
350 342
350 348
351 95
351 287
351 335
351 343
351 349
351 350
351 479
352 96
352 288
352 353
352 356
352 360
352 368
353 321
353 355
353 357
353 481
354 98
354 290
354 322
354 352
354 355
354 362
354 370
354 482
355 99
355 291
355 363
355 371
356 357
356 358
356 364
356 372
357 293
357 325
357 359
357 373
357 485
358 294
358 354
358 366
358 374
358 486
359 103
359 295
359 327
359 355
359 358
359 367
359 487
360 104
360 362
360 488
361 353
361 360
361 365
361 489
362 298
362 330
362 490
363 299
363 361
363 362
363 367
363 379
363 491
364 360
364 365
364 380
365 109
365 357
365 367
366 110
366 362
366 364
366 367
367 303
368 304
368 336
368 369
368 370
368 496
369 113
369 305
369 353
369 371
369 377
369 497
370 114
370 374
370 378
371 307
371 370
371 375
371 379
371 499
372 116
372 368
373 369
373 372
373 375
373 381
373 501
374 372
374 375
374 502
375 343
375 359
375 383
375 503
376 312
376 344
376 360
376 368
376 378
376 504
377 313
377 345
377 361
377 376
377 381
377 505
378 122
378 314
378 362
378 379
378 506
379 377
379 383
379 507
380 124
380 348
380 372
380 376
380 381
380 382
381 317
381 365
382 126
382 350
382 366
382 374
382 378
382 383
382 510
383 127
383 351
383 367
383 381
384 388
384 392
384 400
384 416
385 129
385 384
385 387
385 393
385 417
386 130
386 258
386 384
386 387
386 390
386 394
386 418
387 131
387 259
387 395
387 403
387 419
387 451
388 404
389 133
389 261
389 385
389 388
389 391
389 397
390 388
390 391
390 422
391 263
391 387
391 407
391 455
392 136
392 394
392 424
392 456
393 137
393 265
393 392
393 397
393 425
394 138
394 398
394 426
394 458
395 139
395 393
395 394
395 459
396 140
396 388
396 392
396 397
396 398
396 412
396 428
396 460
397 141
398 390
398 399
398 462
399 143
399 391
399 395
399 397
399 463
400 144
400 272
400 401
400 432
401 273
401 385
401 403
401 405
401 409
402 146
402 274
402 386
402 400
402 403
402 406
402 410
402 434
402 466
403 147
403 275
403 467
404 400
404 406
405 389
405 404
405 407
405 413
405 469
406 278
406 390
406 407
406 438
406 470
407 403
407 471
408 152
408 280
408 392
408 400
408 410
408 412
408 472
409 393
409 408
409 411
409 473
410 154
410 282
410 394
410 474
411 395
411 403
411 410
412 284
412 404
412 413
412 444
413 285
413 397
413 409
413 445
414 286
414 398
414 406
414 410
414 412
414 446
415 287
415 399
415 407
415 411
415 413
415 414
416 288
416 417
416 418
416 424
416 432
416 480
417 289
417 425
418 419
418 422
418 426
418 434
419 417
419 427
419 483
420 164
420 388
420 416
420 421
420 422
420 428
420 484
421 293
421 389
421 417
422 423
422 430
423 391
423 419
423 421
423 439
424 168
424 296
424 425
424 426
424 488
425 427
425 489
426 170
426 430
427 171
427 395
427 426
427 443
428 300
428 424
428 444
428 492
429 173
429 397
429 421
429 425
429 428
429 445
429 493
430 398
430 428
430 494
431 175
431 399
431 423
431 427
431 429
431 430
431 447
431 495
432 304
432 436
432 440
433 177
433 401
433 417
433 432
433 437
434 306
434 432
435 307
435 403
435 419
435 433
435 434
435 443
435 499
436 180
436 308
436 404
436 420
436 437
436 444
437 181
437 309
437 405
437 421
437 439
437 501
438 182
438 422
438 434
438 436
438 439
438 502
439 183
439 311
439 407
439 435
439 447
440 184
440 312
440 408
440 424
440 441
440 442
441 313
441 409
441 425
441 433
441 443
441 445
442 410
442 426
442 434
442 443
442 506
443 187
443 315
443 411
444 316
444 440
444 508
445 189
445 437
445 444
445 509
446 430
446 438
446 442
446 444
446 447
446 510
447 191
447 319
447 415
447 443
447 445
448 192
448 384
448 450
448 452
448 480
449 321
449 385
449 448
449 453
449 465
449 481
450 322
450 386
450 454
450 458
450 482
451 195
451 323
451 449
451 450
451 455
452 324
452 388
452 453
452 454
452 460
453 325
453 389
453 461
454 326
454 390
454 455
454 470
455 453
455 471
455 487
456 448
456 457
456 472
457 201
457 329
457 393
457 449
457 459
457 461
458 202
458 456
459 451
459 458
459 475
459 491
460 204
460 456
460 461
460 462
460 492
461 205
461 333
461 397
461 477
462 334
462 454
462 458
462 478
462 494
463 455
463 459
463 461
463 462
464 336
464 400
464 448
464 468
464 472
465 337
465 401
465 464
465 497
466 338
466 450
466 464
466 470
467 211
467 339
467 451
467 465
467 466
467 499
468 340
468 404
468 452
468 470
468 500
469 453
469 465
469 468
469 477
469 501
470 214
470 478
471 467
471 469
471 470
471 479
471 503
472 216
472 344
472 476
473 217
473 345
473 457
473 465
473 472
473 475
474 218
474 346
474 458
474 466
474 472
474 506
475 219
475 411
475 467
475 474
476 220
476 348
476 412
476 460
476 468
476 477
477 349
477 413
477 473
477 509
478 222
478 350
478 414
478 474
478 476
479 415
479 463
479 475
479 477
479 478
480 224
480 352
480 482
480 488
480 496
481 417
481 480
481 485
481 489
482 226
482 418
482 486
482 498
483 227
483 355
483 451
483 481
483 482
484 356
484 452
484 480
484 485
485 421
485 453
485 501
486 422
486 454
486 484
486 487
486 494
487 423
487 483
487 485
487 503
488 232
488 456
488 492
488 504
489 233
489 457
489 488
489 493
489 505
490 234
490 426
490 458
490 482
490 488
490 491
490 494
491 235
491 427
491 483
491 489
491 495
492 364
492 484
492 493
492 508
493 365
493 461
493 485
494 366
494 492
494 510
495 239
495 367
495 463
495 487
495 493
495 494
495 511
496 240
496 432
496 464
496 500
497 241
497 433
497 481
497 496
497 499
498 370
498 434
498 466
498 496
498 499
498 502
498 506
499 243
499 483
500 244
500 372
500 436
500 484
500 502
500 508
501 497
501 500
501 509
502 246
502 470
502 486
502 510
503 439
503 499
503 501
503 502
504 440
504 472
504 496
504 505
504 506
505 441
505 473
505 497
505 507
506 490
506 507
506 510
507 443
507 475
507 491
507 499
508 252
508 380
508 476
508 504
508 510
509 253
509 381
509 493
509 505
509 508
509 511
510 254
510 478
510 511
511 255
511 383
511 447
511 479
511 503
511 507
11 14 17 21 40 47 49 54 64 71 90 92 98 101 123 124 130 141 150 152 163 164 186 189 196 201 211 223 233 238 240 247 260 264 274 287 289 300 311 314 323 333 342 345 358 363 368 381 385 391 411 412 418 431 436 441 458 462 464 469 485 488 499 510
