1024 5120 512
0 1
0 8
0 16
0 64
0 256
1 5
1 17
1 33
1 257
1 513
2 0
2 66
3 1
3 2
3 11
3 19
3 35
3 67
3 131
3 515
4 0
4 5
4 6
4 12
4 36
4 132
5 21
5 133
6 2
6 14
6 22
6 38
6 134
6 262
7 3
7 5
7 6
7 15
7 23
7 263
7 519
8 9
8 10
8 24
8 40
8 72
8 136
8 264
8 520
9 1
9 13
9 73
10 2
10 26
10 42
10 74
10 138
10 266
10 522
11 9
11 10
11 27
11 43
11 139
12 8
12 14
12 28
12 76
12 268
12 524
13 5
13 12
13 15
13 29
13 45
13 525
14 10
14 15
14 30
14 46
14 142
15 11
15 47
15 79
15 527
16 18
16 20
16 48
16 80
16 272
17 16
17 21
17 25
17 49
18 2
18 19
18 22
18 50
18 274
18 530
19 17
19 27
20 4
20 28
21 20
21 53
21 149
21 277
22 20
22 30
22 150
22 278
23 19
23 21
23 22
23 31
23 55
23 151
23 279
23 535
24 16
24 25
24 26
24 56
24 88
25 9
25 57
25 89
25 537
26 18
26 27
26 90
26 154
26 282
26 538
27 25
27 91
27 155
27 539
28 24
29 21
29 25
29 28
29 31
29 157
29 285
29 541
30 26
30 28
30 62
30 94
30 158
30 542
31 15
31 27
31 30
31 63
31 95
31 159
31 287
31 543
32 0
32 33
32 40
32 48
32 96
32 288
32 544
33 35
33 37
33 545
34 2
34 32
34 35
34 38
34 42
34 50
34 98
35 51
35 99
35 163
36 32
36 52
36 100
36 164
36 292
37 5
37 36
37 53
37 101
37 165
37 549
38 36
38 46
38 550
39 7
39 35
39 37
39 38
39 47
39 55
39 295
40 41
40 44
40 104
41 9
41 33
41 43
41 105
41 169
41 297
41 553
42 40
42 43
42 46
42 58
42 106
42 170
42 298
43 35
43 47
43 59
43 299
44 12
44 36
44 45
44 46
44 60
44 108
44 172
44 300
45 37
45 41
45 47
45 109
45 301
46 62
47 46
47 63
47 111
47 175
47 303
48 56
48 112
48 176
49 33
49 48
49 177
49 305
49 561
50 48
50 114
50 562
51 19
51 49
51 50
51 179
52 20
52 48
52 53
52 116
52 180
52 564
53 49
53 55
53 61
53 117
53 181
53 565
54 22
54 38
54 50
54 52
54 55
54 182
54 310
54 566
55 51
55 183
55 567
56 40
56 57
56 58
56 60
56 312
57 41
57 49
57 185
58 26
58 50
58 59
59 27
59 51
59 57
59 187
60 28
60 52
60 61
60 124
60 188
60 572
61 29
61 45
61 57
61 317
62 54
62 58
62 60
62 126
62 190
62 318
63 55
63 59
63 61
63 62
63 127
63 191
63 319
64 66
64 68
64 96
64 192
64 320
64 576
65 1
65 64
65 67
65 69
65 81
65 321
66 67
66 98
66 194
66 322
67 71
67 195
67 579
68 4
68 70
68 84
68 100
68 580
69 5
69 68
69 85
69 101
69 197
69 581
70 6
70 66
70 71
70 198
71 7
71 69
71 199
72 64
72 74
72 104
72 328
73 65
73 72
73 75
73 89
73 105
73 201
73 585
74 66
74 78
74 90
74 330
75 11
75 67
75 74
75 79
75 91
75 587
76 68
76 72
76 78
76 204
76 332
76 588
77 13
77 69
77 73
77 76
77 79
77 109
77 205
77 333
78 14
78 70
78 79
78 110
78 206
78 334
79 71
79 111
79 207
79 591
80 64
80 82
80 112
80 336
80 592
81 17
81 80
81 83
81 89
81 113
81 593
82 18
82 66
82 210
82 594
83 19
83 67
83 82
83 87
83 91
83 115
83 211
83 339
83 595
84 20
84 80
84 85
84 86
84 116
84 212
84 340
85 21
85 81
86 22
86 70
86 82
86 87
86 214
86 598
87 23
87 71
87 85
87 119
87 215
88 72
88 80
88 89
88 120
89 91
89 121
89 217
89 601
90 82
90 88
90 91
90 94
90 122
90 218
90 346
91 95
91 123
91 347
92 28
92 76
92 84
92 88
92 94
92 124
92 348
93 29
93 77
93 85
93 89
93 92
93 125
93 221
93 349
94 78
94 86
94 126
94 350
94 606
95 79
95 87
95 93
95 94
95 607
96 98
96 104
96 608
97 33
97 65
97 96
97 101
97 105
97 113
97 225
97 609
98 99
98 106
98 114
99 67
99 97
99 103
99 107
99 115
100 96
100 102
100 228
101 100
101 229
101 357
102 38
102 70
102 98
102 118
103 39
103 71
103 101
103 102
103 111
103 119
103 615
104 105
104 106
104 120
104 232
104 360
105 107
105 109
105 361
106 74
106 107
106 234
107 43
107 75
107 363
108 76
108 100
108 104
108 110
108 236
108 364
109 101
109 108
109 111
109 365
109 621
110 46
110 102
110 106
110 238
111 107
111 110
111 127
111 239
111 367
111 623
112 96
112 113
112 116
112 368
112 624
113 49
113 117
113 241
114 82
114 112
114 118
114 242
114 370
114 626
115 51
115 113
115 114
115 243
115 371
115 627
116 100
116 117
116 124
116 244
116 628
117 85
117 101
117 119
117 125
118 54
118 86
118 116
118 119
118 126
118 630
119 55
119 115
119 127
119 375
120 56
120 112
120 121
120 122
120 124
120 376
121 57
121 105
121 113
121 123
121 377
122 58
122 106
122 114
122 123
122 126
122 634
123 59
123 107
123 115
123 127
123 251
123 379
124 108
124 126
124 252
124 636
125 61
125 109
125 121
125 124
125 637
126 110
126 638
127 95
127 125
127 126
128 0
128 129
128 130
128 192
128 384
129 1
129 133
129 137
129 145
129 161
129 193
129 641
130 2
130 131
130 146
130 642
131 129
131 147
131 163
131 195
131 643
132 128
132 134
132 148
132 164
132 388
133 132
133 135
133 141
134 130
134 142
134 150
134 166
134 198
134 390
135 7
135 131
135 134
135 143
135 151
135 167
135 199
135 647
136 128
136 168
136 200
137 9
137 136
137 141
137 153
137 201
137 393
137 649
138 130
138 136
138 142
138 154
138 170
138 394
139 131
139 137
139 138
139 203
139 651
140 12
140 132
140 136
140 141
140 142
140 204
140 396
141 13
141 143
141 173
141 397
141 653
142 174
142 654
143 15
143 139
143 142
143 159
143 175
143 207
143 399
144 16
144 128
144 146
144 148
144 208
144 400
144 656
145 17
145 144
145 147
145 177
145 401
146 18
146 402
146 658
147 19
147 146
147 151
147 403
147 659
148 20
148 149
148 150
148 156
148 212
149 133
149 145
149 157
149 213
149 405
150 146
150 151
150 182
150 406
151 149
151 215
151 663
152 24
152 136
152 144
152 156
152 408
153 25
153 145
153 152
153 157
153 185
154 146
154 152
154 155
154 158
154 186
154 410
154 666
155 139
155 147
155 153
155 411
156 28
156 140
156 157
156 158
156 220
156 412
157 141
157 669
158 142
158 150
158 159
158 414
159 151
159 155
159 157
159 191
159 223
159 415
160 32
160 128
160 161
160 164
160 224
161 33
161 163
161 165
162 34
162 130
162 160
163 162
163 167
163 171
163 179
163 419
164 165
164 166
165 133
165 167
165 181
166 38
166 162
166 174
166 182
166 422
167 39
167 166
167 175
167 423
168 40
168 160
168 172
168 680
169 137
169 161
169 168
169 171
169 173
169 233
169 425
169 681
170 162
170 168
170 171
170 186
170 234
170 426
170 682
171 43
171 139
171 175
171 187
171 235
171 683
172 140
172 164
172 174
172 188
173 45
173 165
173 172
173 175
173 237
174 46
174 170
174 175
174 430
174 686
175 239
175 431
176 144
176 160
176 177
177 161
177 181
177 241
177 433
177 689
178 50
178 146
178 162
178 176
178 179
178 182
178 690
179 147
179 177
179 187
180 148
180 164
180 176
180 181
180 182
180 436
181 149
181 183
181 189
182 183
183 151
183 167
183 179
183 247
183 695
184 56
184 152
184 168
184 176
184 185
185 169
185 177
185 189
185 249
186 58
186 178
186 184
186 190
186 698
187 155
187 185
187 186
187 251
187 443
187 699
188 156
188 180
188 184
188 190
188 252
189 61
189 157
189 173
189 188
189 253
189 445
189 701
190 158
190 174
190 182
190 254
191 175
191 183
191 187
191 189
191 190
191 255
192 193
192 194
192 196
192 208
192 448
193 65
193 195
193 197
193 201
193 209
193 449
193 705
194 130
194 195
194 210
195 199
195 203
195 211
195 227
195 451
196 68
196 132
196 197
196 212
196 228
196 708
197 133
197 205
197 213
198 194
198 196
198 230
198 454
199 197
199 198
199 207
199 455
200 72
200 192
200 202
200 216
200 232
201 200
201 217
201 233
202 74
202 138
202 194
202 218
202 234
202 714
203 75
203 201
203 202
203 715
204 196
204 200
204 236
204 460
205 141
205 201
205 204
205 207
205 221
205 717
206 142
206 198
206 202
206 204
206 207
206 222
206 462
207 203
207 239
207 463
207 719
208 80
208 210
208 212
208 216
208 464
208 720
209 81
209 145
209 208
209 217
209 465
210 146
210 214
210 242
211 147
211 209
211 210
211 243
212 214
212 220
212 724
213 85
213 209
213 212
213 221
213 245
213 725
214 150
214 198
214 246
214 470
214 726
215 199
215 211
215 213
215 214
215 223
215 471
216 88
216 152
216 217
216 218
216 220
216 248
216 472
217 153
217 219
217 729
218 154
218 210
219 91
219 155
219 203
219 211
219 218
219 251
219 475
219 731
220 92
220 204
221 157
221 217
221 220
221 223
221 477
222 94
222 158
222 214
222 218
222 220
222 223
222 478
223 95
223 207
223 219
223 255
223 479
223 735
224 96
224 192
224 225
224 232
225 161
225 193
225 227
225 229
225 233
225 241
225 481
225 737
226 98
226 162
226 194
226 224
226 227
226 234
226 242
226 482
226 738
227 99
227 163
227 235
227 243
227 483
227 739
228 164
228 224
228 230
228 236
228 244
228 484
228 740
229 165
229 197
229 228
229 237
229 245
229 485
229 741
230 102
230 166
230 226
230 231
230 246
231 103
231 167
231 199
231 227
231 229
231 239
231 247
231 487
231 743
232 168
232 744
233 105
233 232
233 235
233 237
234 232
234 238
235 107
235 203
235 234
235 239
235 251
235 747
236 172
236 232
236 237
236 238
236 492
236 748
237 109
237 205
238 174
238 206
238 230
238 239
238 254
239 237
239 255
239 495
240 112
240 176
240 208
240 224
240 244
241 209
241 240
241 497
241 753
242 178
242 240
242 250
242 498
243 179
243 241
243 242
243 247
243 755
244 180
244 212
244 245
244 246
245 117
245 181
245 241
245 501
246 118
246 182
246 242
247 119
247 215
247 245
247 246
247 503
247 759
248 120
248 184
248 232
248 240
248 250
248 504
248 760
249 121
249 217
249 233
249 241
249 248
249 761
250 122
250 186
250 218
250 234
250 254
251 243
251 249
251 250
251 255
252 220
252 236
252 244
252 248
252 764
253 125
253 221
253 237
253 245
253 249
253 252
253 765
254 126
254 222
254 246
254 252
254 255
255 127
255 247
255 253
255 767
256 257
256 258
256 272
257 259
257 261
257 265
257 273
258 2
258 259
258 262
258 266
258 290
258 322
258 386
259 3
259 387
260 4
260 256
260 262
260 276
260 324
261 5
261 260
261 269
261 293
261 389
261 773
262 263
262 270
262 278
262 326
263 259
263 261
263 271
263 279
263 327
263 775
264 256
264 266
264 328
265 9
265 264
265 269
265 281
265 297
265 329
265 393
265 777
266 267
266 270
266 282
267 11
267 259
267 265
267 283
267 779
268 260
268 264
268 284
268 396
268 780
269 13
269 268
269 285
269 301
269 397
269 781
270 14
270 268
270 271
270 334
271 15
271 267
271 269
271 287
271 303
271 399
271 783
272 273
272 784
273 17
273 275
273 277
273 281
273 337
274 258
274 272
274 275
274 278
274 338
274 402
275 19
275 259
275 279
275 283
275 307
275 339
275 403
276 20
276 272
276 788
277 261
277 276
277 279
277 309
277 789
278 276
278 342
278 406
279 278
279 343
280 24
280 264
280 272
280 281
280 312
280 344
280 408
280 792
281 25
281 285
281 313
281 345
281 409
282 274
282 280
282 286
282 314
283 27
283 281
283 282
283 287
283 347
283 795
284 28
284 276
284 280
284 285
284 316
284 348
285 277
285 287
285 317
285 349
286 30
286 270
286 278
286 284
286 287
286 318
286 414
286 798
287 279
287 319
287 351
287 415
287 799
288 256
288 296
288 416
289 33
289 257
289 288
289 291
290 34
290 288
290 291
290 298
290 306
290 418
291 35
291 259
291 419
291 803
292 260
292 288
292 293
292 294
292 300
293 37
293 289
293 357
293 421
294 38
294 262
294 290
294 302
295 263
295 291
295 293
295 294
295 311
296 40
296 264
296 298
296 312
296 808
297 289
297 296
297 299
297 301
297 361
297 425
298 266
298 302
298 426
298 810
299 267
299 291
299 298
299 303
299 363
299 427
300 268
300 296
300 301
300 316
300 364
300 428
300 812
301 293
301 303
301 365
302 46
302 270
302 300
302 318
302 430
302 814
303 295
303 302
303 319
303 431
304 48
304 272
304 288
304 305
304 306
304 308
304 312
304 368
304 432
304 816
305 273
305 289
305 307
305 309
305 313
305 369
305 817
306 50
306 274
306 307
306 370
307 51
307 291
307 311
307 315
307 371
307 435
307 819
308 52
308 276
308 292
308 309
308 310
308 436
309 53
309 293
309 311
309 437
309 821
310 278
310 294
310 306
310 374
310 438
310 822
311 55
311 279
311 310
311 319
311 375
311 439
312 316
312 376
312 440
313 57
313 297
313 312
313 317
314 58
314 298
314 306
314 312
314 318
314 378
315 59
315 283
315 299
315 313
315 314
315 379
316 60
316 308
316 317
316 828
317 301
317 309
317 319
317 381
317 445
317 829
318 310
318 316
318 446
318 830
319 315
319 318
319 447
319 831
320 256
320 322
320 324
320 328
320 352
320 832
321 257
321 320
321 323
321 329
321 337
321 449
321 833
322 323
322 338
322 354
322 834
323 67
323 259
323 327
323 331
323 835
324 68
324 325
325 69
325 261
325 321
325 327
325 333
326 70
326 322
326 324
326 334
326 358
326 454
326 838
327 71
327 326
327 359
328 332
328 344
328 456
329 73
329 328
329 333
329 345
329 361
329 457
330 266
330 322
330 328
330 331
330 346
331 75
331 267
331 329
331 843
332 268
332 324
332 333
332 348
332 364
332 460
332 844
333 269
333 335
333 349
333 461
333 845
334 330
334 332
334 350
334 462
335 79
335 271
335 327
335 331
335 334
335 351
335 367
335 463
335 847
336 272
336 320
336 337
336 338
336 344
336 368
336 464
337 81
337 339
337 849
338 82
338 370
338 466
338 850
339 323
339 338
340 276
340 324
340 336
340 341
340 342
340 348
340 372
340 468
341 85
341 277
341 325
341 337
341 343
341 349
342 86
342 326
342 338
342 343
342 350
342 374
342 470
343 87
343 327
343 339
343 351
343 375
343 855
344 88
344 345
344 348
344 472
344 856
345 89
345 337
345 347
345 349
345 377
345 473
346 282
346 338
346 344
346 347
346 474
346 858
347 331
347 339
347 351
347 859
348 350
348 380
348 476
349 348
349 381
349 477
350 286
350 346
350 382
350 478
351 95
351 349
351 350
351 383
351 479
351 863
352 96
352 288
352 353
352 480
352 864
353 97
353 289
353 321
353 357
353 369
353 481
354 98
354 290
354 352
354 355
354 358
354 370
354 482
355 99
355 291
355 323
355 353
355 359
355 371
355 867
356 100
356 292
356 324
356 352
356 358
356 364
356 868
357 325
357 356
357 359
357 365
358 102
358 294
358 359
358 486
359 103
359 295
359 375
359 487
360 296
360 328
360 352
360 361
360 364
360 872
361 353
361 363
361 377
362 106
362 298
362 330
362 354
362 360
362 363
362 366
362 378
362 874
363 331
363 355
363 367
363 491
363 875
364 380
364 492
365 333
365 361
365 364
365 367
365 877
366 110
366 302
366 334
366 358
366 364
366 382
367 303
367 359
367 366
367 495
367 879
368 352
368 376
369 113
369 337
369 368
369 373
369 377
369 497
370 368
370 371
370 374
370 498
370 882
371 339
371 369
371 375
371 379
371 883
372 116
372 308
372 356
372 368
372 374
372 500
373 117
373 309
373 341
373 357
373 372
373 375
373 501
373 885
374 118
374 358
374 375
374 502
374 886
375 887
376 344
376 360
376 377
376 504
377 313
377 379
377 505
377 889
378 122
378 346
378 370
378 376
379 347
379 363
379 378
379 383
380 124
380 316
380 372
380 376
380 508
380 892
381 125
381 365
381 373
381 377
381 380
381 509
381 893
382 126
382 318
382 374
382 378
382 380
383 127
383 319
383 367
383 375
383 381
383 382
383 895
384 256
384 385
384 386
384 400
384 416
384 448
385 129
385 257
385 389
385 393
385 449
386 130
386 387
386 898
387 131
387 385
387 391
387 395
388 260
388 384
388 390
388 396
388 452
388 900
389 133
389 388
389 391
389 397
389 405
389 901
390 262
390 386
390 391
390 398
390 422
391 135
391 263
391 407
391 903
392 136
392 264
392 384
392 393
392 394
392 396
392 408
393 395
393 425
393 457
394 266
394 386
394 395
394 410
394 906
395 139
395 267
395 411
395 427
395 459
395 907
396 398
396 460
396 908
397 393
397 396
397 399
397 429
397 909
398 142
398 270
398 394
398 399
398 430
398 462
398 910
399 391
399 395
399 415
399 463
399 911
400 272
400 401
400 404
400 408
400 464
401 273
401 385
401 403
401 405
401 465
402 386
402 400
402 406
402 410
403 387
403 402
403 407
403 467
404 148
404 276
404 388
404 405
404 406
404 412
405 277
405 437
405 917
406 390
406 407
406 414
406 438
406 918
407 151
407 279
407 405
407 415
407 919
408 410
408 440
408 472
409 153
409 393
409 401
409 408
409 413
409 441
409 473
410 282
410 414
410 474
411 283
411 403
411 409
411 410
411 443
412 284
412 396
412 408
413 157
413 285
413 397
413 405
413 412
413 415
413 445
414 398
414 412
414 415
414 478
414 926
415 411
415 447
415 479
415 927
416 160
416 417
416 420
416 424
416 432
416 480
416 928
417 161
417 289
417 385
417 425
417 433
418 162
418 386
418 416
418 419
418 422
418 930
419 387
419 417
419 483
420 164
420 292
420 388
420 421
420 422
420 436
420 484
420 932
421 165
421 389
421 417
422 294
422 423
422 486
422 934
423 295
423 391
423 419
423 421
423 439
423 935
424 168
424 296
424 392
424 425
424 428
424 440
425 427
425 441
425 489
425 937
426 394
426 418
426 424
426 442
426 938
427 171
427 419
427 426
427 431
427 443
427 491
428 172
428 396
428 420
428 429
428 430
428 940
429 173
429 301
429 421
429 425
429 445
429 493
429 941
430 422
430 426
430 431
430 494
430 942
431 399
431 423
431 429
431 447
431 495
431 943
432 176
432 400
432 433
432 434
432 440
432 944
433 305
433 401
433 437
433 441
433 497
433 945
434 178
434 306
434 402
434 418
434 442
435 179
435 403
435 419
435 433
435 434
435 443
435 947
436 404
436 432
436 437
436 444
436 500
437 181
437 421
437 501
438 182
438 422
438 434
438 436
438 502
439 183
439 407
439 435
439 437
439 438
439 951
440 184
440 441
440 444
440 952
441 185
441 313
441 445
441 505
441 953
442 186
442 314
442 410
442 440
442 443
442 446
442 506
442 954
443 315
443 441
443 447
443 507
444 188
444 316
444 412
444 428
444 445
444 446
444 956
445 437
445 447
446 190
446 414
446 430
446 438
446 447
446 510
447 191
447 439
447 959
448 320
448 480
449 448
449 451
449 465
449 481
449 961
450 194
450 322
450 386
450 448
450 451
450 458
450 482
450 962
451 323
451 387
451 455
451 459
451 963
452 196
452 324
452 448
452 453
452 460
452 484
452 964
453 197
453 325
453 389
453 449
453 455
453 461
453 469
454 390
454 450
454 452
454 462
454 470
454 486
454 966
455 327
455 391
455 454
455 463
455 471
456 200
456 392
456 448
456 457
456 458
456 968
457 201
457 449
457 459
457 473
457 489
457 969
458 202
458 330
458 394
458 459
458 462
458 474
459 203
459 331
459 463
459 491
459 971
460 456
460 462
460 476
461 205
461 397
461 457
461 460
461 477
461 493
462 463
462 478
462 494
463 461
463 479
463 495
464 448
464 496
464 976
465 337
465 464
465 467
465 469
465 473
466 210
466 402
466 450
466 464
466 498
467 211
467 339
467 451
467 466
467 979
468 212
468 404
468 452
468 464
468 470
468 476
469 213
469 341
469 405
469 468
469 471
469 501
470 406
470 466
470 471
470 502
471 343
471 407
471 467
471 503
472 456
472 464
472 473
472 984
473 217
473 475
473 477
474 218
474 466
474 472
474 475
474 506
475 347
475 411
475 459
475 467
475 479
475 507
475 987
476 220
476 412
476 472
476 477
476 478
477 413
477 469
477 509
478 470
478 474
478 510
479 471
479 477
479 478
479 511
480 224
480 481
480 482
480 484
480 488
481 417
481 483
482 418
482 498
483 355
483 451
483 482
483 491
483 995
484 356
484 485
485 357
485 421
485 453
485 481
485 501
485 997
486 230
486 482
486 484
486 502
487 423
487 455
487 483
487 485
487 486
487 503
487 999
488 232
488 360
488 424
488 456
488 489
488 492
488 504
489 233
489 361
489 481
489 491
489 493
490 234
490 362
490 426
490 458
490 482
490 488
490 506
491 235
491 490
491 495
491 1003
492 428
492 460
492 484
492 493
492 508
493 237
493 365
493 485
493 509
493 1005
494 238
494 366
494 486
494 490
494 492
494 1006
495 487
495 493
495 494
495 511
496 240
496 368
496 432
496 480
496 497
496 500
496 504
497 465
497 481
497 501
497 1009
498 434
498 496
499 243
499 371
499 435
499 467
499 483
499 497
499 498
499 503
500 244
500 468
500 484
500 508
500 1012
501 500
501 503
502 246
502 498
502 500
502 510
502 1014
503 375
503 439
503 502
503 1015
504 440
504 472
504 505
504 508
505 249
505 473
505 489
505 497
505 507
505 1017
506 250
506 378
506 498
506 504
506 507
506 1018
507 251
507 379
507 491
507 499
507 511
508 252
508 444
508 476
508 509
508 510
508 1020
509 253
509 445
509 501
509 505
510 254
510 382
510 494
510 506
510 511
511 255
511 383
511 447
511 503
511 509
511 1023
512 0
512 513
512 520
512 528
512 544
512 576
512 640
512 768
513 529
513 545
513 577
514 2
514 512
514 518
514 578
514 642
515 513
515 514
515 531
515 579
515 771
516 4
516 512
516 518
516 548
516 580
516 644
516 772
517 5
517 513
517 516
517 519
517 645
517 773
518 6
518 582
518 646
518 774
519 515
519 518
519 535
519 551
519 583
519 647
520 522
520 524
520 648
520 776
521 9
521 513
521 520
521 523
521 537
521 649
522 514
522 526
522 650
522 778
523 11
523 515
523 522
523 555
524 516
524 526
524 540
525 517
525 521
525 524
525 527
525 541
525 557
525 589
526 14
526 518
526 542
526 654
526 782
527 519
527 523
527 526
527 655
528 16
528 530
528 536
528 560
529 17
529 528
529 531
529 533
529 593
529 785
530 514
530 534
530 538
530 594
530 786
531 19
531 530
531 539
531 563
531 595
532 20
532 516
532 528
532 596
533 21
533 517
533 532
533 535
533 541
534 22
534 518
534 532
534 535
534 542
535 531
535 599
535 791
536 24
536 520
536 792
537 529
537 536
537 539
537 541
538 522
538 536
538 539
538 570
538 666
538 794
539 523
539 543
539 571
539 795
540 28
540 532
540 536
540 541
540 542
540 796
541 543
541 573
541 605
542 538
542 670
542 798
543 527
543 535
543 542
543 607
543 799
544 548
544 560
544 608
544 672
544 800
545 544
545 549
545 553
545 609
545 801
546 34
546 514
546 544
546 550
546 562
546 610
547 35
547 515
547 545
547 546
547 611
547 675
547 803
548 36
548 549
548 550
548 556
548 612
548 804
549 517
549 551
550 518
550 551
550 566
550 614
550 806
551 39
551 547
551 807
552 40
552 520
552 544
552 553
552 556
552 568
552 616
552 680
553 521
553 569
553 617
553 809
554 42
554 522
554 546
554 552
554 570
555 43
555 547
555 553
555 554
555 559
555 683
556 44
556 524
556 558
556 572
556 620
556 684
557 45
557 549
557 553
557 556
557 685
558 46
558 526
558 550
558 554
558 559
558 814
559 47
559 527
559 551
559 557
559 575
560 48
560 561
560 562
560 568
561 529
561 545
561 563
561 625
562 530
562 566
562 570
562 626
563 51
563 547
563 562
563 627
563 819
564 532
564 548
564 560
564 565
564 572
564 628
564 692
565 533
565 549
565 561
565 567
565 629
565 693
566 534
566 564
566 630
566 694
567 535
567 551
567 563
567 566
567 575
567 631
567 823
568 56
568 536
568 569
568 572
569 57
569 537
569 561
569 571
569 573
569 697
570 58
570 568
570 571
570 634
570 698
570 826
571 59
571 555
571 563
571 635
571 699
571 827
572 540
572 700
572 828
573 61
573 557
573 565
573 572
573 637
574 62
574 542
574 558
574 566
574 570
574 572
574 575
574 830
575 63
575 543
575 571
575 573
575 703
576 580
576 608
577 65
577 576
577 609
577 705
578 66
578 576
578 579
578 586
578 594
578 610
578 706
578 834
579 577
579 583
579 587
579 595
579 611
579 835
580 581
580 588
580 612
580 708
580 836
581 517
581 577
581 583
581 837
582 70
582 578
582 580
582 583
582 590
582 598
582 614
582 710
583 71
583 591
583 599
583 839
584 72
584 520
584 576
584 585
584 616
584 712
584 840
585 521
585 577
585 587
585 601
585 617
585 713
585 841
586 74
586 522
586 584
586 587
586 602
587 523
587 603
587 619
587 715
588 524
588 584
588 589
588 590
588 716
589 77
589 581
589 585
589 605
589 621
590 78
590 526
590 586
590 606
591 527
591 587
591 589
591 590
591 623
591 847
592 528
592 576
592 594
592 596
592 600
592 624
593 577
593 592
593 625
593 721
594 595
594 598
594 602
594 626
594 722
595 593
595 599
595 603
595 627
595 723
595 851
596 84
596 580
596 628
596 724
597 85
597 533
597 581
597 593
597 596
597 629
597 853
598 534
598 596
598 606
598 854
599 87
599 597
599 598
600 88
600 536
600 584
600 856
601 537
601 593
601 600
601 603
601 633
601 857
602 90
602 538
602 600
602 603
602 858
603 91
603 539
603 607
603 859
604 92
604 540
604 588
604 596
604 600
604 605
604 606
604 636
604 732
605 93
605 597
605 601
605 607
605 637
606 542
606 602
606 734
607 591
607 599
607 606
607 639
608 610
608 612
608 624
608 736
609 608
609 611
609 613
609 625
609 737
610 98
610 611
610 618
611 99
611 739
611 867
612 100
612 614
612 628
612 740
612 868
613 101
613 549
613 581
613 612
613 615
613 621
614 102
614 610
614 630
615 551
615 583
615 611
615 614
615 623
615 743
615 871
616 104
616 608
616 617
616 620
616 632
616 872
617 105
617 609
617 633
617 873
618 106
618 554
618 586
618 616
618 619
619 107
619 555
619 611
619 617
619 623
619 875
620 108
620 588
620 612
620 621
620 622
620 748
621 557
621 617
621 877
622 110
622 558
622 590
622 614
622 618
623 559
623 621
623 622
623 639
624 560
624 625
624 628
624 632
625 113
625 627
625 629
625 633
625 753
626 610
626 624
626 634
626 754
627 611
627 626
627 635
627 883
628 636
629 117
629 613
629 628
629 757
629 885
630 598
630 626
630 628
630 631
630 638
630 758
630 886
631 119
631 599
631 615
631 627
631 629
631 639
631 759
631 887
632 120
632 568
632 600
632 636
633 121
633 569
633 632
633 635
634 602
634 618
634 632
634 635
634 638
635 123
635 603
635 619
635 639
635 891
636 572
636 620
636 637
636 892
637 621
637 629
637 633
637 639
637 765
638 574
638 606
638 622
638 636
638 639
638 894
639 127
639 575
639 767
640 128
640 642
640 644
640 648
640 672
640 704
640 896
641 513
641 640
641 645
641 657
641 673
641 897
642 643
642 658
642 674
642 898
643 515
643 641
643 647
643 675
643 899
644 132
644 645
644 660
644 676
644 708
645 133
645 653
645 661
645 677
645 709
646 134
646 642
646 644
646 647
646 902
647 645
647 655
647 679
647 711
648 136
648 649
648 650
648 664
649 641
649 681
649 713
649 905
650 138
650 642
650 666
650 906
651 523
651 643
651 649
651 650
651 683
651 907
652 140
652 524
652 644
652 648
652 668
652 684
652 908
653 525
653 649
653 652
653 669
653 717
653 909
654 646
654 650
654 652
654 686
654 910
655 143
655 651
655 653
655 654
655 719
656 528
656 640
656 657
656 658
656 660
656 664
656 688
656 720
657 145
657 529
657 665
657 689
657 913
658 530
658 659
658 666
658 914
659 531
659 643
659 657
660 148
660 532
660 662
660 668
660 692
660 724
660 916
661 149
661 533
661 657
661 660
661 663
661 669
661 693
661 725
662 150
662 534
662 646
662 658
662 694
662 726
662 918
663 535
663 647
663 659
663 662
664 152
664 536
664 668
665 153
665 537
665 649
665 664
665 667
665 697
665 729
666 664
666 667
666 698
666 730
667 155
667 539
667 651
667 659
668 156
668 540
668 669
668 732
668 924
669 541
669 665
669 671
669 701
669 925
670 158
670 654
670 662
670 666
670 668
670 702
670 734
670 926
671 159
671 543
671 655
671 663
671 667
671 670
671 927
672 160
672 676
672 680
672 736
673 161
673 545
673 672
673 675
673 737
673 929
674 162
674 546
674 672
674 675
674 678
674 682
675 163
675 679
675 683
675 739
676 164
676 548
676 678
676 684
676 692
676 740
677 165
677 549
677 673
677 676
677 679
677 693
677 933
678 166
678 550
678 646
678 679
678 686
679 167
679 551
679 695
679 743
679 935
680 648
680 682
680 684
680 936
681 553
681 673
681 680
681 683
682 554
682 650
682 683
682 746
682 938
683 687
683 747
683 939
684 172
684 685
684 686
684 748
684 940
685 173
685 653
685 677
685 681
685 941
686 558
686 682
686 702
686 750
687 175
687 559
687 655
687 679
687 685
687 686
688 176
688 560
688 672
688 690
688 944
689 561
689 673
689 688
689 691
689 753
689 945
690 562
690 658
690 674
690 691
690 754
690 946
691 179
691 563
691 659
691 675
691 695
691 755
691 947
692 180
692 688
692 693
692 700
692 948
693 181
693 689
693 695
693 701
693 757
693 949
694 182
694 678
694 690
694 692
694 702
695 567
695 663
695 694
695 951
696 184
696 568
696 664
696 680
696 688
696 697
696 698
696 952
697 185
697 681
697 689
697 699
697 701
697 761
697 953
698 682
698 690
698 702
698 954
699 667
699 683
699 691
699 698
699 955
700 188
700 668
700 684
700 696
700 956
701 573
701 685
701 700
702 190
702 574
702 700
702 766
703 191
703 671
703 687
703 695
703 699
703 701
703 702
703 959
704 192
704 576
704 705
704 706
704 708
704 712
704 720
704 960
705 641
705 709
705 713
705 721
705 737
705 961
706 194
706 642
706 710
706 714
706 738
706 962
707 195
707 579
707 643
707 705
707 706
707 711
707 715
707 723
708 710
708 716
708 724
708 964
709 197
709 581
709 708
709 711
709 717
710 198
710 646
710 711
710 718
710 726
710 966
711 199
711 583
711 743
712 200
712 648
712 728
712 744
712 968
713 201
713 712
713 715
713 717
713 729
714 586
714 650
714 712
714 718
714 746
715 651
715 714
715 719
715 731
715 747
716 204
716 652
716 712
716 717
716 732
716 748
716 972
717 589
717 973
718 206
718 590
718 654
718 716
718 734
718 750
719 591
719 711
719 717
719 718
719 735
719 751
720 592
720 724
720 728
720 752
720 976
721 209
721 657
721 720
721 725
722 210
722 658
722 706
722 720
722 730
722 978
723 211
723 659
723 721
723 722
723 755
724 726
724 732
724 756
725 597
725 709
725 724
725 733
725 757
725 981
726 598
726 722
726 734
726 758
727 215
727 599
727 663
727 711
727 723
727 725
727 726
727 735
727 759
728 216
728 600
728 664
728 730
728 732
728 984
729 601
729 721
729 728
729 733
729 761
730 218
730 602
730 714
730 731
730 986
731 603
731 667
731 723
731 729
731 763
732 220
732 734
732 764
733 221
733 605
733 669
733 717
733 732
733 735
733 765
734 222
734 730
735 607
735 671
735 731
735 734
735 767
735 991
736 224
736 704
736 737
736 740
736 752
736 992
737 739
737 745
737 753
738 610
738 674
738 736
738 742
738 746
738 754
738 994
739 707
739 738
739 995
740 708
740 756
740 996
741 613
741 677
741 709
741 737
741 740
741 743
741 757
742 230
742 614
742 678
742 710
742 740
742 750
742 758
742 998
743 739
743 742
743 751
743 759
744 616
744 680
744 736
744 746
744 760
745 233
745 617
745 681
745 713
745 744
746 234
746 618
746 1002
747 619
747 739
747 745
747 746
747 751
747 1003
748 740
748 744
748 764
749 237
749 621
749 685
749 717
749 741
749 745
749 748
749 751
749 1005
750 238
750 622
750 746
750 748
750 751
750 766
750 1006
751 239
751 623
751 687
751 767
751 1007
752 240
752 624
752 688
752 753
752 754
752 756
753 721
753 755
754 242
754 722
754 755
754 758
754 762
754 1010
755 627
755 739
755 759
755 1011
756 244
756 628
756 692
756 757
756 758
757 245
757 753
757 759
757 765
758 246
758 694
758 759
758 1014
759 695
759 767
759 1015
760 632
760 696
760 728
760 752
760 761
760 1016
761 633
761 745
761 753
761 1017
762 250
762 634
762 698
762 730
762 746
762 760
762 766
762 1018
763 251
763 635
763 699
763 747
763 755
763 761
763 762
763 1019
764 636
764 700
764 756
764 760
764 765
764 766
765 701
765 749
765 761
765 1021
766 254
766 638
766 734
766 758
767 703
767 763
767 765
767 766
768 256
768 770
768 772
768 784
768 800
768 832
769 257
769 513
769 768
769 771
769 773
769 777
770 258
770 514
770 771
770 774
770 778
771 259
771 775
771 803
771 899
772 260
772 773
772 780
772 788
772 804
773 775
773 789
773 805
773 837
774 262
774 772
774 775
774 790
774 838
775 519
775 783
776 264
776 768
776 808
776 840
777 521
777 776
777 779
777 781
778 266
778 776
778 842
779 523
779 771
779 778
779 811
779 843
780 524
780 776
780 796
780 844
781 525
781 773
781 780
781 797
781 845
782 270
782 774
782 778
782 780
782 783
782 798
782 814
782 846
783 527
783 779
783 781
783 847
784 528
784 785
784 786
784 792
784 912
785 273
785 769
785 789
785 817
786 274
786 770
786 794
786 818
787 275
787 531
787 771
787 785
787 786
787 791
787 795
787 915
788 532
788 784
788 789
788 790
789 533
789 797
789 821
789 853
790 278
790 534
790 786
790 791
790 854
790 918
791 279
791 775
791 789
791 799
791 855
791 919
792 776
792 824
792 856
793 281
793 537
793 777
793 785
793 792
793 825
794 282
794 778
794 792
794 798
794 858
795 779
795 793
795 794
795 799
795 859
796 284
796 788
796 792
796 860
796 924
797 285
797 541
797 793
797 796
797 861
798 790
798 796
798 799
798 862
799 783
799 797
799 831
800 288
800 801
800 808
800 864
800 928
801 289
801 769
801 805
801 817
802 290
802 546
802 770
802 800
802 803
802 806
802 810
802 818
802 930
803 801
803 819
803 867
803 931
804 292
804 800
804 805
804 806
804 812
804 868
804 932
805 293
805 549
805 813
805 821
805 869
806 294
806 774
806 807
806 822
806 870
806 934
807 295
807 775
807 803
807 805
807 823
807 871
807 935
808 552
808 812
808 824
809 297
809 777
809 801
809 808
809 813
810 554
810 778
810 808
810 814
810 938
811 299
811 555
811 803
811 809
811 810
811 815
811 827
812 556
812 780
812 813
812 814
813 301
813 557
813 781
813 815
813 829
813 877
813 941
814 806
814 830
814 878
815 303
815 559
815 783
815 807
815 814
815 831
815 879
816 560
816 784
816 800
816 817
816 818
816 824
816 880
816 944
817 561
817 821
817 825
817 881
817 945
818 306
818 562
818 826
818 882
818 946
819 787
819 817
819 818
820 308
820 564
820 788
820 804
820 816
820 828
821 565
821 820
821 823
821 829
821 949
822 566
822 790
822 818
822 820
822 830
823 311
823 791
823 819
823 822
823 831
823 951
824 312
824 568
824 825
824 888
825 313
825 569
825 809
825 827
826 314
826 794
826 810
826 824
826 830
826 954
827 315
827 795
827 819
827 826
827 831
827 891
827 955
828 796
828 812
828 824
828 830
828 892
828 956
829 573
829 797
829 825
829 828
830 798
830 831
830 958
831 575
831 829
831 895
832 576
832 833
832 834
832 848
832 864
833 577
833 769
833 835
833 849
833 865
834 770
834 835
834 838
834 866
834 962
835 771
835 839
835 867
835 963
836 324
836 772
836 832
836 837
836 838
836 852
836 868
837 325
837 833
837 845
837 853
837 869
838 582
838 854
838 870
839 327
839 775
839 837
839 838
839 847
839 855
840 328
840 832
840 841
840 842
840 844
840 968
841 329
841 777
841 833
841 843
841 845
841 857
841 969
842 330
842 586
842 834
842 843
842 858
842 874
842 970
843 587
843 835
843 859
844 588
844 836
844 845
844 846
844 860
844 972
845 589
845 847
845 861
845 877
846 334
846 590
846 838
846 842
846 847
847 843
847 863
847 975
848 336
848 592
848 784
848 849
848 856
849 593
849 785
849 857
849 881
850 594
850 786
850 834
850 848
850 854
851 339
851 787
851 835
851 849
851 850
852 340
852 596
852 788
852 848
852 853
852 860
853 341
853 849
853 855
853 885
853 981
854 342
854 852
854 855
855 599
855 851
856 840
856 860
856 888
856 984
857 345
857 793
857 856
857 859
857 889
857 985
858 850
858 856
858 859
858 862
858 890
858 986
859 851
859 863
859 891
860 348
860 604
860 861
860 892
861 349
861 605
861 853
861 857
861 863
861 893
861 989
862 350
862 606
862 846
862 854
862 860
862 863
862 990
863 607
863 799
863 855
863 895
864 608
864 866
864 868
864 872
864 880
864 992
865 353
865 609
865 801
865 864
865 869
865 873
866 354
866 610
866 802
866 882
867 865
867 866
867 875
867 883
868 869
868 870
869 357
869 613
869 885
870 358
870 614
870 866
870 998
871 359
871 839
871 867
871 869
871 870
872 808
872 840
872 873
872 874
872 876
872 1000
873 361
873 809
873 841
873 875
874 618
874 810
874 866
874 875
874 878
875 811
875 843
875 879
875 1003
876 364
876 620
876 812
876 844
876 868
876 1004
877 869
877 873
877 876
877 879
877 1005
878 366
878 622
878 846
878 870
878 876
878 879
879 623
879 847
879 871
879 895
879 1007
880 368
880 624
880 848
880 881
880 882
881 369
881 625
881 865
881 885
881 889
882 626
882 850
882 886
882 890
882 1010
883 819
883 851
883 881
883 882
883 887
883 1011
884 372
884 628
884 820
884 852
884 868
884 880
884 892
885 821
885 884
885 893
886 822
886 854
886 870
886 884
886 887
886 894
887 823
887 855
887 871
887 885
887 1015
888 376
888 632
888 872
888 880
888 889
888 890
888 1016
889 633
889 825
889 873
889 891
889 893
889 1017
890 378
890 634
890 826
890 874
890 891
890 1018
891 379
891 875
891 883
891 1019
892 876
892 888
893 637
893 829
893 877
893 892
893 895
894 382
894 830
894 862
894 878
894 890
894 892
895 639
895 887
895 891
895 894
895 1023
896 384
896 768
896 897
896 904
896 912
896 928
897 385
897 769
897 929
898 770
898 896
898 902
898 930
898 962
899 387
899 897
899 898
899 903
900 644
900 772
900 896
900 908
900 916
900 932
900 964
901 645
901 773
901 897
901 900
901 903
901 909
901 917
901 933
901 965
902 390
902 774
902 900
902 966
903 647
903 775
903 902
903 911
903 967
904 392
904 648
904 776
904 905
904 906
904 968
905 393
905 777
905 897
905 907
905 909
905 937
905 969
906 778
906 898
906 910
906 922
906 938
907 779
907 899
907 906
907 911
908 780
908 904
908 909
908 910
908 940
908 972
909 781
910 782
910 902
910 926
910 942
911 655
911 783
911 909
911 910
911 927
911 975
912 400
912 656
912 920
913 401
913 785
913 897
913 912
913 917
913 945
914 402
914 786
914 898
914 912
914 915
914 918
914 946
915 403
915 659
915 899
915 913
915 919
915 923
915 947
916 404
916 788
916 912
917 661
917 789
917 916
917 919
917 981
918 902
918 916
918 982
919 663
919 903
919 918
919 927
919 983
920 408
920 664
920 792
920 904
920 922
920 924
920 952
920 984
921 409
921 665
921 793
921 905
921 913
921 920
921 925
921 985
922 410
922 666
922 794
922 914
922 926
922 986
923 411
923 667
923 795
923 907
923 921
923 922
923 927
923 987
924 412
924 908
924 916
924 925
924 956
925 413
925 797
925 909
925 917
925 927
925 989
926 798
926 918
926 924
926 927
926 958
927 799
928 672
928 929
928 930
928 932
928 936
928 944
929 417
929 801
929 931
929 993
930 674
931 419
931 675
931 899
931 930
931 939
931 995
932 676
932 934
932 940
932 948
933 421
933 805
933 929
933 932
933 941
933 997
934 678
934 902
934 930
934 942
934 950
935 903
935 931
935 933
935 934
935 943
935 951
935 999
936 424
936 808
936 904
936 938
936 1000
937 681
937 809
937 929
937 936
937 941
937 1001
938 930
938 942
938 954
939 427
939 811
939 907
939 937
939 938
940 812
940 936
940 941
941 909
941 943
941 957
942 686
942 814
942 940
942 943
942 958
943 687
943 815
943 911
943 939
943 959
943 1007
944 912
944 945
944 946
944 952
944 1008
945 929
945 949
945 953
946 434
946 930
946 947
946 950
947 819
947 931
947 945
947 951
947 955
947 1011
948 436
948 820
948 916
948 944
948 1012
949 437
949 917
949 933
949 948
949 951
950 438
950 694
950 822
950 918
950 948
950 951
950 958
950 1014
951 919
951 959
952 824
952 936
952 953
952 954
952 1016
953 825
953 921
953 937
953 955
953 957
953 1017
954 922
954 946
954 958
955 443
955 923
955 939
955 954
955 959
956 940
956 948
956 952
956 957
957 445
957 701
957 829
957 925
957 949
957 1021
958 446
958 702
958 956
959 831
959 927
959 957
959 958
960 448
960 832
960 896
960 961
960 992
961 833
961 897
961 969
962 960
962 966
962 970
962 978
963 707
963 899
963 961
963 962
963 967
963 971
964 836
964 960
964 965
964 966
964 980
965 453
965 709
965 837
965 961
965 981
965 997
966 838
966 967
966 974
966 998
967 455
967 711
967 839
967 965
967 983
967 999
968 960
968 969
968 972
968 984
968 1000
969 713
969 971
969 985
970 458
970 714
970 906
970 968
970 971
970 986
970 1002
971 715
971 843
971 907
971 975
971 987
971 1003
972 460
972 964
972 973
972 988
972 1004
973 461
973 845
973 909
973 965
973 969
973 975
973 1005
974 462
974 718
974 846
974 910
974 970
974 972
974 990
975 463
975 719
975 967
975 974
975 991
976 848
976 912
976 960
976 978
976 1008
977 465
977 721
977 849
977 913
977 961
977 976
977 1009
978 466
978 850
978 914
978 982
978 986
978 1010
979 723
979 851
979 915
979 963
979 977
979 978
979 983
980 468
980 724
980 852
980 916
980 976
980 982
980 988
980 1012
981 469
981 977
981 980
982 470
982 726
982 854
982 966
982 983
982 1014
983 471
983 727
983 855
983 981
983 991
984 976
984 986
985 473
985 729
985 977
985 984
986 474
986 987
987 731
987 859
987 979
987 985
987 991
987 1019
988 476
988 732
988 860
988 924
988 984
989 477
989 733
989 973
989 981
989 985
989 988
989 991
989 1021
990 478
990 734
990 926
990 982
990 986
990 988
990 1022
991 479
991 863
991 927
991 990
991 1023
992 480
992 928
992 994
992 996
992 1008
993 481
993 737
993 865
993 961
993 992
993 997
993 1001
993 1009
994 482
994 866
994 930
994 962
995 867
995 963
995 993
995 994
995 999
995 1003
995 1011
996 484
996 868
996 932
996 964
996 998
997 741
997 869
997 996
997 1005
997 1013
998 486
998 934
998 994
998 1006
998 1014
999 743
999 871
999 997
999 998
1000 488
1000 744
1000 992
1000 1002
1000 1004
1001 489
1001 745
1001 873
1001 969
1001 1000
1001 1003
1001 1017
1002 490
1002 874
1002 938
1002 994
1002 1003
1003 939
1004 492
1004 748
1004 940
1004 996
1004 1005
1004 1006
1004 1020
1005 941
1005 1001
1006 878
1006 942
1006 974
1006 1002
1006 1007
1007 495
1007 975
1007 999
1007 1003
1007 1005
1007 1023
1008 496
1008 752
1008 880
1009 753
1009 881
1009 945
1009 1008
1009 1013
1009 1017
1010 498
1010 946
1010 994
1010 1008
1010 1011
1010 1014
1011 499
1011 979
1011 1009
1011 1015
1011 1019
1012 756
1012 884
1012 996
1012 1008
1012 1020
1013 501
1013 757
1013 885
1013 949
1013 981
1013 1012
1014 886
1014 1012
1014 1015
1014 1022
1015 951
1015 983
1015 999
1015 1013
1016 504
1016 984
1016 1000
1016 1008
1016 1017
1016 1018
1017 985
1017 1019
1017 1021
1018 954
1018 986
1018 1002
1018 1010
1019 507
1019 955
1019 1003
1019 1018
1019 1023
1020 764
1020 892
1020 956
1020 988
1020 1016
1020 1021
1020 1022
1021 509
1021 893
1021 1005
1021 1013
1021 1023
1022 510
1022 766
1022 894
1022 958
1022 1006
1022 1018
1022 1023
1023 767
1023 959
1023 1015
0 3 5 6 9 10 12 15 17 18 20 23 24 27 29 30 33 34 36 39 40 43 45 46 48 51 53 54 57 58 60 63 65 66 68 71 72 75 77 78 80 83 85 86 89 90 92 95 96 99 101 102 105 106 108 111 113 114 116 119 120 123 125 126 129 130 132 135 136 139 141 142 144 147 149 150 153 154 156 159 160 163 165 166 169 170 172 175 177 178 180 183 184 187 189 190 192 195 197 198 201 202 204 207 209 210 212 215 216 219 221 222 225 226 228 231 232 235 237 238 240 243 245 246 249 250 252 255 257 258 260 263 264 267 269 270 272 275 277 278 281 282 284 287 288 291 293 294 297 298 300 303 305 306 308 311 312 315 317 318 320 323 325 326 329 330 332 335 337 338 340 343 344 347 349 350 353 354 356 359 360 363 365 366 368 371 373 374 377 378 380 383 384 387 389 390 393 394 396 399 401 402 404 407 408 411 413 414 417 418 420 423 424 427 429 430 432 435 437 438 441 442 444 447 449 450 452 455 456 459 461 462 464 467 469 470 473 474 476 479 480 483 485 486 489 490 492 495 497 498 500 503 504 507 509 510 513 514 516 519 520 523 525 526 528 531 533 534 537 538 540 543 544 547 549 550 553 554 556 559 561 562 564 567 568 571 573 574 576 579 581 582 585 586 588 591 593 594 596 599 600 603 605 606 609 610 612 615 616 619 621 622 624 627 629 630 633 634 636 639 640 643 645 646 649 650 652 655 657 658 660 663 664 667 669 670 673 674 676 679 680 683 685 686 688 691 693 694 697 698 700 703 705 706 708 711 712 715 717 718 720 723 725 726 729 730 732 735 736 739 741 742 745 746 748 751 753 754 756 759 760 763 765 766 768 771 773 774 777 778 780 783 785 786 788 791 792 795 797 798 801 802 804 807 808 811 813 814 816 819 821 822 825 826 828 831 833 834 836 839 840 843 845 846 848 851 853 854 857 858 860 863 864 867 869 870 873 874 876 879 881 882 884 887 888 891 893 894 897 898 900 903 904 907 909 910 912 915 917 918 921 922 924 927 928 931 933 934 937 938 940 943 945 946 948 951 952 955 957 958 960 963 965 966 969 970 972 975 977 978 980 983 984 987 989 990 993 994 996 999 1000 1003 1005 1006 1008 1011 1013 1014 1017 1018 1020 1023
