128 449 64
0 1
0 2
0 8
0 32
1 5
1 9
1 17
2 6
2 18
2 34
3 1
3 2
3 11
4 0
4 6
5 4
5 7
5 13
5 21
5 37
5 69
6 14
7 3
7 6
7 15
7 23
7 71
8 12
8 72
9 8
9 11
9 73
10 2
10 8
10 11
10 14
10 26
10 74
11 27
11 43
12 4
12 13
12 14
12 28
13 9
13 15
13 29
13 45
13 77
14 15
14 30
14 78
15 11
16 0
16 17
16 20
16 80
17 19
17 21
17 25
17 49
17 81
18 16
18 19
19 3
19 27
19 51
20 4
20 22
20 52
20 84
21 20
21 23
21 53
21 85
22 6
22 18
22 23
23 19
23 55
23 87
24 8
24 16
24 25
24 26
24 56
25 9
25 57
25 89
26 18
26 58
26 90
27 25
27 26
27 31
27 91
28 20
28 24
28 29
28 30
28 92
29 21
29 25
30 22
30 26
30 31
31 15
31 23
31 29
31 63
31 95
32 33
32 40
32 48
33 1
33 41
33 49
34 32
34 38
35 3
35 33
35 34
36 4
36 32
36 52
37 33
37 36
37 39
37 53
37 101
38 6
38 36
38 39
39 7
39 35
39 103
40 8
40 41
40 42
40 44
40 104
41 9
41 45
41 57
42 10
42 34
42 43
42 46
43 35
43 41
43 47
43 59
44 12
44 36
44 45
44 108
45 37
45 109
46 14
46 38
46 44
46 47
46 62
46 110
47 15
47 39
47 45
47 111
48 16
48 49
48 52
48 56
49 113
50 18
50 34
50 48
51 35
51 49
51 50
51 55
52 54
52 60
52 116
53 49
53 52
53 61
53 117
54 22
54 38
54 50
54 52
54 55
54 62
54 118
55 39
55 53
55 63
56 40
56 57
56 58
56 60
56 120
57 49
57 61
57 121
58 42
58 50
58 59
58 62
58 122
59 27
59 51
59 57
60 28
60 44
60 62
60 124
61 29
61 45
61 60
62 30
63 47
63 59
63 61
63 62
63 127
64 0
64 65
64 66
64 96
65 1
65 73
65 81
65 97
66 2
66 74
66 82
66 98
67 3
67 65
67 66
67 71
67 75
67 83
68 4
68 64
68 69
68 100
69 65
69 71
69 77
69 85
70 6
70 66
70 68
70 78
71 70
72 64
72 74
72 104
73 72
73 77
73 89
74 78
75 11
75 73
75 74
75 79
75 107
76 12
76 68
76 72
76 77
76 78
76 92
76 108
77 79
78 79
78 94
79 15
79 71
79 95
79 111
80 64
80 82
80 88
80 112
81 80
81 85
81 89
82 18
82 83
82 86
82 90
82 114
83 19
83 81
83 91
83 115
84 68
84 80
84 86
84 116
85 84
85 117
86 22
86 70
86 87
87 71
87 83
87 85
88 24
88 72
88 89
88 90
88 92
88 120
89 91
90 74
90 94
90 122
91 75
91 90
92 84
92 93
92 94
92 124
93 29
93 77
93 85
93 89
94 30
94 86
95 87
95 91
95 93
95 94
95 127
96 32
96 100
97 33
97 96
97 99
98 34
98 96
98 99
99 35
99 67
99 103
99 107
100 36
100 101
100 102
101 69
101 97
101 103
101 109
102 38
102 70
102 98
102 103
102 110
102 118
103 71
103 111
103 119
104 96
104 105
104 106
105 41
105 73
105 97
105 109
106 42
106 74
106 98
106 107
107 43
107 105
108 100
108 104
108 109
108 110
108 124
109 77
110 78
110 106
110 126
111 107
111 109
111 110
112 48
112 96
113 81
113 97
113 112
113 115
114 50
114 98
114 112
114 115
115 51
115 99
116 100
116 112
116 117
116 124
117 101
117 113
117 125
118 86
118 114
118 116
118 126
119 55
119 87
119 115
119 117
119 118
119 127
120 104
120 112
121 89
121 105
121 113
121 120
121 123
122 106
122 114
122 120
122 123
122 126
123 59
123 91
123 107
123 115
124 120
124 125
125 61
125 93
125 109
125 121
125 127
126 62
126 94
126 124
126 127
127 111
127 123
0 3 5 6 9 10 12 15 17 18 20 23 24 27 29 30 33 34 36 39 40 43 45 46 48 51 53 54 57 58 60 63 65 66 68 71 72 75 77 78 80 83 85 86 89 90 92 95 96 99 101 102 105 106 108 111 113 114 116 119 120 123 125 126
