256 1283 128
0 2
0 4
0 16
0 64
1 0
1 3
1 9
1 17
1 33
1 65
2 6
2 10
2 18
2 34
2 66
2 130
3 2
3 7
3 67
3 131
4 0
4 5
4 6
4 12
4 20
4 36
4 132
5 1
5 7
5 21
6 2
6 4
6 22
6 38
6 70
7 3
7 6
7 23
7 135
8 0
8 9
8 10
8 24
8 40
8 136
9 1
9 11
9 25
9 41
9 137
10 2
10 11
10 14
10 26
10 42
10 74
10 138
11 3
11 9
11 15
11 43
11 75
11 139
12 4
12 8
12 13
12 14
12 28
12 76
12 140
13 5
13 9
13 12
13 15
13 29
13 77
14 6
14 10
14 30
14 46
14 78
14 142
15 7
15 14
15 31
16 18
16 20
16 24
16 48
16 80
17 16
17 19
17 25
17 49
17 145
18 2
18 16
18 19
18 22
18 26
18 146
19 3
19 17
19 23
19 51
20 4
20 21
20 52
20 84
20 148
21 17
21 23
21 29
21 149
22 20
22 23
22 30
22 54
22 86
22 150
23 19
23 21
23 55
23 151
24 16
24 25
24 28
24 56
24 88
25 17
25 29
25 89
25 153
26 18
26 24
26 90
26 154
27 11
27 19
27 25
27 26
27 31
27 59
28 12
28 20
29 28
29 31
29 157
30 14
30 22
30 26
30 28
30 31
30 94
30 158
31 23
31 27
31 29
31 159
32 0
32 33
32 36
32 96
32 160
33 37
33 41
33 97
33 161
34 32
34 35
34 42
34 50
34 98
35 3
35 33
35 39
35 99
35 163
36 4
36 37
36 38
36 44
36 164
37 5
37 39
37 45
37 165
38 34
38 36
38 54
38 102
39 7
39 38
40 32
40 41
40 42
40 44
40 168
41 9
41 33
41 45
41 57
41 105
42 43
42 58
42 106
42 170
43 35
43 41
43 47
43 59
43 107
43 171
44 12
44 45
44 46
44 60
44 108
44 172
45 13
45 47
45 61
45 173
46 38
46 42
46 174
47 15
47 39
47 43
47 45
47 46
47 63
48 32
48 49
48 50
48 176
49 33
49 57
49 113
49 177
50 18
50 58
50 114
50 178
51 35
51 49
51 50
51 55
51 59
51 115
52 36
52 48
52 53
52 180
53 21
53 37
53 49
53 55
53 61
53 117
54 22
54 50
54 52
54 62
54 182
55 23
55 39
55 51
55 53
55 54
55 183
56 40
56 48
56 58
56 184
57 25
57 41
57 56
57 61
57 121
58 26
58 62
59 43
59 57
59 58
59 63
59 123
59 187
60 28
60 44
60 52
60 56
60 61
60 62
60 124
60 188
61 29
61 45
61 57
61 63
61 125
62 30
62 46
62 54
62 58
62 63
62 126
63 31
63 55
63 61
63 127
63 191
64 0
64 65
64 68
64 72
64 96
64 192
65 67
65 69
65 73
65 81
65 193
66 2
66 64
66 67
66 74
66 98
66 194
67 3
67 99
67 195
68 4
68 64
68 69
68 70
68 100
69 5
69 71
69 101
69 197
70 6
70 66
70 68
70 102
70 198
71 7
71 67
71 70
71 79
71 87
71 103
71 199
72 8
72 73
72 76
73 9
73 65
73 72
73 75
73 89
73 105
73 201
74 66
74 72
74 106
75 67
75 73
75 74
75 79
75 91
75 203
76 12
76 68
76 72
76 78
76 92
76 108
76 204
77 69
77 73
77 76
77 79
77 93
77 109
77 205
78 70
78 74
78 76
78 94
78 110
78 206
79 15
79 71
79 78
79 95
79 111
79 207
80 64
80 81
80 82
80 112
81 17
81 65
81 83
81 85
81 89
82 18
82 66
82 80
82 83
82 90
83 19
83 67
83 82
84 68
84 80
84 92
85 21
85 69
85 81
85 84
85 87
85 213
86 70
86 82
86 84
86 94
86 118
87 23
87 71
87 83
87 85
87 86
87 95
87 215
88 72
88 80
88 89
89 25
89 73
89 121
89 217
90 74
90 88
90 91
90 94
90 122
90 218
91 27
91 83
91 89
91 95
91 123
91 219
92 28
92 88
92 93
92 94
92 124
92 220
93 29
93 85
93 89
93 95
93 125
93 221
94 95
95 31
95 127
95 223
96 64
96 98
96 100
96 104
96 224
97 65
97 96
97 101
97 105
97 113
97 225
98 34
98 96
98 99
98 106
98 226
99 67
99 97
99 103
99 227
100 36
100 101
100 108
100 228
101 37
101 103
101 109
101 117
101 229
102 38
102 98
102 100
102 103
103 39
103 101
103 102
103 231
104 40
104 72
104 105
104 108
104 120
105 41
105 73
105 104
105 121
106 42
106 98
106 104
106 110
106 234
107 43
107 75
107 99
107 105
107 106
107 123
107 235
108 76
108 104
108 109
108 110
108 236
109 45
109 77
109 105
109 111
109 125
109 237
110 46
110 102
110 111
110 126
111 47
111 103
111 107
111 109
111 110
111 127
112 48
112 96
112 116
112 240
113 81
113 97
113 112
113 115
113 117
113 121
114 50
114 82
114 98
114 112
114 122
114 242
115 51
115 83
115 99
115 114
115 243
116 52
116 84
116 100
116 112
116 118
116 124
116 244
117 85
117 101
117 116
117 119
117 245
118 54
118 102
118 114
118 126
118 246
119 55
119 87
119 103
119 115
119 118
119 127
119 247
120 56
120 88
120 104
120 112
120 122
120 124
121 105
121 113
121 120
121 123
121 125
121 249
122 58
122 106
122 250
123 59
123 107
123 115
123 121
123 122
123 127
123 251
124 92
124 108
124 120
124 126
124 252
125 61
125 93
125 109
125 117
125 124
125 127
125 253
126 94
126 122
126 124
126 127
127 111
127 119
127 123
127 125
127 255
128 0
128 129
128 136
128 160
129 1
129 128
129 131
129 133
129 137
129 145
129 161
129 193
130 2
130 128
130 131
130 134
130 138
130 146
130 162
130 194
131 3
131 129
132 128
132 133
132 140
132 164
132 196
133 5
133 132
133 135
133 141
133 149
133 197
134 6
134 132
134 135
135 7
135 131
135 134
135 143
135 151
135 167
136 8
136 128
136 138
136 152
136 168
137 136
137 139
137 141
137 153
137 169
137 201
138 10
138 130
138 139
138 142
138 170
138 202
139 11
139 131
139 143
139 171
140 136
140 141
140 142
140 204
141 13
141 143
141 157
141 205
142 134
142 138
142 140
142 143
142 174
143 15
143 139
144 16
144 128
144 146
144 176
144 208
145 17
145 144
145 147
145 149
145 153
145 209
146 18
146 130
146 150
146 154
146 178
146 210
147 19
147 131
147 145
147 146
147 151
147 155
148 20
148 132
148 144
148 149
148 150
148 180
149 133
149 145
149 148
149 151
149 157
149 181
149 213
150 134
150 146
150 148
150 151
150 158
150 182
151 23
151 149
151 150
151 183
151 215
152 24
152 144
152 156
152 184
152 216
153 152
153 155
153 157
154 138
154 152
154 155
154 158
154 186
154 218
155 27
155 139
155 154
155 159
155 187
155 219
156 28
156 140
156 148
156 152
156 157
156 158
156 188
157 141
157 153
157 159
157 189
158 142
158 150
158 190
159 31
159 143
159 151
159 158
159 191
159 223
160 162
160 164
160 168
160 224
161 160
161 163
161 165
161 169
161 177
161 225
162 34
162 160
162 166
162 170
162 226
163 131
163 161
163 162
163 167
163 171
163 227
164 165
164 172
165 133
165 161
165 164
165 167
165 229
166 38
166 134
166 162
166 164
166 167
166 174
166 182
166 230
167 39
167 135
167 175
167 231
168 40
168 160
168 169
168 172
168 184
168 232
169 41
169 168
169 173
169 233
170 168
170 174
170 186
170 234
171 169
171 170
171 175
171 187
171 235
172 140
172 173
172 188
172 236
173 45
173 141
173 165
173 169
173 172
173 175
173 237
174 142
174 172
174 175
174 238
175 47
175 143
175 167
175 239
176 144
176 160
176 178
176 180
176 184
177 49
177 145
177 161
177 176
177 181
177 185
178 50
178 162
178 182
178 242
179 51
179 147
179 163
179 177
179 178
179 183
179 243
180 164
180 181
180 182
180 188
180 244
181 53
181 149
181 165
181 183
181 189
182 54
182 180
182 183
182 246
183 55
183 151
183 167
183 182
183 191
183 247
184 56
184 168
184 176
184 185
184 186
184 188
185 57
185 153
185 169
185 177
185 187
185 249
186 58
186 154
186 178
186 184
186 187
186 250
187 171
187 179
187 186
187 251
188 156
188 190
189 61
189 173
189 181
189 185
189 188
190 62
190 174
190 182
190 186
190 188
191 63
191 175
191 183
191 187
191 189
191 190
192 128
192 194
192 196
192 200
192 208
192 224
193 192
193 197
193 201
193 209
193 225
194 66
194 192
194 195
194 198
194 202
194 210
194 226
195 67
195 131
195 193
195 199
195 211
196 68
196 132
196 192
196 197
196 212
197 69
197 196
197 199
197 205
197 229
198 134
198 194
198 196
198 230
199 135
199 195
199 197
199 198
199 207
199 231
200 72
200 136
200 204
200 232
201 200
201 217
202 74
202 138
202 200
202 203
202 218
202 234
203 139
203 195
203 201
203 207
203 219
203 235
204 76
204 196
204 205
204 206
204 220
204 236
205 77
205 197
205 201
205 204
205 207
205 221
205 237
206 142
206 198
206 202
206 238
207 79
207 143
207 206
207 223
207 239
208 80
208 144
208 192
208 209
208 212
208 240
209 81
209 145
209 208
209 211
209 217
209 241
210 82
210 194
210 208
210 211
210 214
210 242
211 83
211 147
211 209
211 210
211 215
211 219
212 84
212 148
212 208
212 214
212 244
213 197
213 209
213 212
213 221
213 245
214 86
214 150
214 198
214 210
214 215
215 199
215 211
215 213
215 247
216 88
216 200
216 208
216 217
216 218
216 220
217 153
217 201
217 219
217 249
218 154
218 210
218 216
218 219
218 222
219 155
220 92
220 156
220 204
220 212
220 222
220 252
221 93
221 157
221 205
221 213
221 217
221 220
221 223
222 94
222 158
222 206
222 214
222 220
222 223
222 254
223 95
223 159
223 215
223 219
223 221
223 255
224 192
224 228
224 232
224 240
225 97
225 193
225 224
225 233
225 241
226 162
226 194
226 224
226 230
226 242
227 99
227 195
227 225
227 226
227 231
227 235
227 243
228 164
228 196
228 224
228 229
228 244
229 101
229 225
229 228
229 231
229 245
230 102
230 198
230 228
230 246
231 230
231 239
231 247
232 104
232 233
232 234
232 248
233 105
233 169
233 201
233 225
233 232
233 235
233 237
233 249
234 106
234 170
234 226
234 235
234 238
235 107
235 227
235 233
235 239
235 251
236 108
236 228
236 232
236 237
237 229
237 239
238 110
238 230
238 234
238 236
238 239
238 254
239 111
239 175
239 235
239 237
239 255
240 176
240 208
240 241
240 242
240 244
241 113
241 177
241 240
241 245
242 226
242 240
242 243
242 246
243 115
243 211
243 227
243 241
243 242
244 245
245 181
245 229
245 244
245 253
246 214
246 244
246 247
246 254
247 183
247 231
247 243
247 245
247 246
248 120
248 184
248 216
248 232
248 240
248 249
248 250
248 252
249 241
249 251
250 186
250 218
250 234
250 242
250 254
251 123
251 187
251 219
251 235
251 243
251 249
251 250
252 188
252 220
252 236
252 244
252 248
252 253
253 189
253 221
253 237
253 249
253 252
253 255
254 126
254 190
254 238
254 250
254 252
255 191
255 247
255 251
255 254
0 3 5 6 9 10 12 15 17 18 20 23 24 27 29 30 33 34 36 39 40 43 45 46 48 51 53 54 57 58 60 63 65 66 68 71 72 75 77 78 80 83 85 86 89 90 92 95 96 99 101 102 105 106 108 111 113 114 116 119 120 123 125 126 129 130 132 135 136 139 141 142 144 147 149 150 153 154 156 159 160 163 165 166 169 170 172 175 177 178 180 183 184 187 189 190 192 195 197 198 201 202 204 207 209 210 212 215 216 219 221 222 225 226 228 231 232 235 237 238 240 243 245 246 249 250 252 255
