512 2304 256
0 4
0 8
0 32
0 128
1 0
1 5
1 9
1 65
1 129
1 257
2 0
2 10
2 258
3 1
3 2
3 7
3 11
3 35
4 6
4 68
4 132
4 260
5 4
5 21
5 37
5 69
5 261
6 2
6 38
6 262
7 5
7 6
7 15
7 23
7 39
7 135
7 263
8 9
8 10
8 72
8 136
9 13
9 25
9 41
9 73
9 137
9 265
10 14
10 138
10 266
11 9
11 10
11 15
11 27
11 43
11 139
12 4
12 8
12 76
12 140
12 268
13 5
13 12
13 15
13 45
13 77
13 269
14 6
14 12
14 15
14 30
14 78
14 270
15 143
16 0
16 17
16 20
16 80
16 144
16 272
17 1
17 19
17 21
17 81
17 145
17 273
18 2
18 16
18 22
18 26
18 82
19 3
19 18
19 147
19 275
20 4
20 21
20 22
20 52
20 84
20 148
21 23
21 29
21 85
22 6
22 23
23 19
24 8
24 16
24 25
24 26
24 152
25 17
25 27
25 153
26 10
26 27
26 58
26 282
27 19
27 31
27 59
27 155
27 283
28 12
28 20
28 24
28 30
28 60
29 13
29 25
29 28
29 93
29 157
29 285
30 22
30 26
30 31
30 158
30 286
31 15
31 23
31 29
31 95
31 159
31 287
32 36
32 40
32 96
32 160
33 1
33 32
34 2
34 32
34 35
34 38
34 98
34 162
34 290
35 33
35 39
35 51
35 99
35 163
36 4
36 38
36 44
36 52
36 100
36 164
36 292
37 33
37 36
37 39
37 101
37 165
37 293
38 294
39 38
39 167
39 295
40 8
40 44
40 56
40 104
40 168
40 296
41 33
41 40
41 105
41 169
41 297
42 10
42 34
42 40
42 58
42 106
42 170
42 298
43 35
43 41
43 42
43 47
43 59
43 171
44 12
44 60
44 300
45 37
45 41
45 44
45 109
46 14
46 38
46 42
46 44
46 47
46 62
46 302
47 15
47 39
47 45
47 63
48 16
48 32
48 49
48 50
48 52
48 56
48 176
49 17
49 33
49 51
49 57
49 305
50 18
50 34
50 54
50 58
50 114
50 178
50 306
51 19
51 50
51 55
51 59
51 307
52 53
52 54
52 60
52 116
52 180
53 21
53 37
53 49
53 55
53 117
53 309
54 22
54 38
54 182
55 23
55 39
55 54
55 183
56 24
56 60
56 120
56 184
56 312
57 25
57 41
57 56
57 121
57 185
57 313
58 56
58 62
58 122
58 186
59 57
59 58
59 63
60 124
61 29
61 45
61 53
61 57
61 60
61 63
62 30
62 54
62 60
62 63
63 31
63 55
63 127
63 191
64 0
64 65
64 66
64 68
64 80
64 96
65 67
65 81
65 97
65 193
65 321
66 2
66 67
66 98
66 322
67 3
67 75
67 83
67 99
68 196
69 65
69 68
69 85
70 6
70 66
70 68
70 71
70 86
70 326
71 7
71 67
71 69
71 79
71 103
71 327
72 64
72 73
72 74
72 76
73 65
73 75
73 77
73 89
73 105
74 10
74 66
74 75
74 106
74 202
74 330
75 11
75 91
75 331
76 68
76 78
76 92
76 204
77 69
77 76
77 109
77 205
77 333
78 70
78 74
78 79
78 110
78 206
79 15
79 75
79 77
79 95
80 81
80 84
80 88
80 336
81 83
81 85
81 89
81 209
82 66
82 80
82 86
83 19
83 82
83 115
84 68
84 85
84 340
85 87
85 213
86 22
86 84
86 87
86 94
86 214
87 23
87 71
87 83
87 119
87 343
88 24
88 72
88 90
88 92
88 344
89 25
89 88
89 91
89 345
90 26
90 74
90 82
90 94
90 122
90 218
90 346
91 27
91 83
91 90
91 219
92 28
92 84
92 93
92 124
92 220
92 348
93 77
93 85
93 89
93 95
93 125
93 221
94 30
94 78
94 92
94 126
94 222
95 87
95 91
95 94
95 223
95 351
96 97
96 104
96 224
96 352
97 33
97 99
97 101
97 225
98 96
98 102
98 114
98 226
99 98
99 103
99 107
100 68
100 96
100 101
100 108
100 116
100 228
100 356
101 69
101 103
101 109
101 229
101 357
102 38
102 70
102 100
103 39
103 102
103 111
103 231
104 72
104 105
104 120
105 97
105 361
106 98
106 104
106 107
106 110
106 362
107 43
107 75
107 105
107 123
107 235
108 44
108 76
108 104
108 109
108 110
108 124
108 364
109 105
109 111
109 237
109 365
110 46
110 102
110 126
110 238
111 47
111 79
111 107
111 110
111 127
111 367
112 48
112 80
112 96
112 113
112 114
112 116
112 368
113 49
113 81
113 97
113 115
113 121
113 241
114 82
114 242
115 51
115 99
115 114
115 371
116 84
116 117
116 124
116 372
117 85
117 101
117 113
117 119
117 125
117 245
118 54
118 86
118 102
118 114
118 116
118 374
119 55
119 103
119 115
119 118
119 127
119 247
120 88
120 112
120 248
121 89
121 105
121 120
121 125
121 249
121 377
122 106
122 114
122 120
122 250
123 59
123 91
123 115
123 121
123 122
123 379
124 120
124 252
124 380
125 61
125 109
125 124
126 62
126 118
126 122
126 124
126 254
127 95
127 123
127 125
127 126
127 255
128 129
128 130
128 132
128 144
128 160
129 137
129 161
129 193
130 2
130 138
130 194
130 386
131 3
131 129
131 130
131 163
131 387
132 133
132 140
132 164
132 196
133 5
133 129
133 149
133 389
134 6
134 130
134 132
134 135
134 142
134 150
134 390
135 131
135 133
135 167
135 199
135 391
136 128
136 138
136 168
136 392
137 136
137 141
137 153
137 169
137 393
138 142
138 154
138 170
138 394
139 131
139 137
139 138
139 143
139 155
139 203
140 136
140 141
140 204
141 13
141 133
141 143
141 205
141 397
142 14
142 140
142 143
142 174
142 398
143 135
143 159
143 207
144 145
144 152
144 208
144 400
145 129
145 149
145 153
145 401
146 18
146 130
146 144
146 147
146 154
146 178
146 210
146 402
147 131
147 145
147 179
147 403
148 132
148 144
148 212
149 21
149 148
149 151
149 157
150 22
150 146
150 148
150 151
151 23
151 135
151 147
151 159
151 215
151 407
152 136
152 153
152 156
152 184
152 216
152 408
153 157
154 26
154 152
154 155
154 186
154 218
155 147
155 153
155 219
155 411
156 28
156 140
156 148
156 157
156 158
156 220
157 141
157 221
158 142
158 150
158 154
159 155
159 157
159 158
159 223
159 415
160 161
160 164
160 168
160 176
160 224
160 416
161 33
161 165
161 169
161 177
161 225
162 130
162 160
162 178
162 226
163 161
163 162
163 171
163 179
163 227
164 166
164 228
164 420
165 133
165 164
165 167
165 181
165 229
165 421
166 38
166 134
166 162
166 230
167 163
167 166
167 183
167 231
168 170
168 172
168 184
168 232
169 168
169 173
169 185
169 425
170 162
170 234
171 139
171 169
171 170
171 175
171 187
171 235
171 427
172 44
172 140
172 164
172 188
172 236
172 428
173 45
173 141
173 165
173 172
173 237
173 429
174 46
174 166
174 170
174 172
174 190
174 430
175 47
175 143
175 167
175 173
175 174
175 191
175 239
176 144
176 432
177 49
177 145
177 176
177 241
177 433
178 176
178 182
178 434
179 51
179 177
179 178
179 187
179 243
179 435
180 148
180 164
180 176
180 182
180 244
180 436
181 53
181 149
181 177
181 180
181 183
181 245
182 150
182 166
182 190
182 246
183 151
183 179
183 182
183 439
184 176
184 185
184 248
185 153
185 177
186 170
186 178
186 184
186 190
186 250
187 59
187 155
187 185
187 186
187 251
187 443
188 60
188 156
188 180
188 184
188 190
188 252
188 444
189 61
189 157
189 173
189 181
189 185
189 188
189 445
190 62
190 158
190 191
191 159
191 183
191 187
191 189
191 447
192 64
192 128
192 208
192 224
192 448
193 192
193 197
193 225
194 66
194 192
194 195
194 210
194 226
194 450
195 67
195 131
195 193
195 199
195 211
196 192
196 197
197 69
197 133
197 453
198 70
198 134
198 194
198 196
198 199
199 71
199 197
199 207
199 215
199 231
200 72
200 136
200 192
200 201
201 73
201 137
201 193
201 203
201 457
202 138
202 194
202 200
202 206
202 234
203 75
203 195
203 202
203 235
203 459
204 196
204 200
204 205
204 206
204 460
205 197
205 201
205 207
206 142
206 198
206 207
206 222
207 79
207 203
207 223
207 463
208 80
208 210
208 212
208 216
208 240
208 464
209 145
209 193
209 208
209 211
209 213
209 241
209 465
210 82
210 211
210 466
211 83
211 147
211 467
212 84
212 196
212 213
212 214
212 220
212 468
213 149
213 197
213 221
214 150
214 198
214 210
214 246
214 470
215 87
215 211
215 213
215 214
216 88
216 200
216 217
216 218
216 220
217 89
217 153
217 201
217 209
217 221
217 473
218 202
218 210
218 474
219 203
219 211
219 217
219 218
219 251
219 475
220 204
220 222
221 205
221 220
221 253
222 158
222 214
222 218
222 223
222 254
223 215
223 219
223 221
224 232
224 240
225 224
225 227
225 233
225 241
226 224
227 99
227 195
227 226
227 243
228 196
228 224
228 230
228 244
228 484
229 197
229 225
229 228
229 231
229 245
230 102
230 198
230 226
230 246
230 486
231 227
231 230
231 239
231 247
232 104
232 200
232 234
232 236
232 248
233 105
233 169
233 201
233 232
233 237
234 106
234 226
234 238
235 227
235 233
235 234
235 239
235 491
236 108
236 204
236 228
236 237
236 238
236 252
237 205
237 229
237 253
237 493
238 174
238 206
238 230
238 239
238 254
238 494
239 111
239 207
239 237
239 495
240 112
240 176
240 244
241 240
241 243
241 245
241 497
242 178
242 210
242 226
242 240
242 243
242 246
242 250
242 498
243 115
243 211
243 247
243 251
244 116
244 212
244 246
245 213
245 244
245 247
246 118
246 502
247 183
247 215
247 246
247 255
247 503
248 216
248 240
249 185
249 217
249 233
249 241
249 248
249 505
250 218
250 234
250 248
250 506
251 123
251 235
251 249
251 250
251 255
251 507
252 220
252 244
252 248
252 254
253 125
253 189
253 245
253 249
253 252
254 190
254 246
254 250
254 255
254 510
255 191
255 223
255 239
255 253
256 0
256 257
256 264
256 272
256 320
257 259
257 261
258 256
258 259
258 274
259 3
259 263
259 267
259 291
259 387
260 256
260 262
260 268
260 292
260 324
260 388
261 260
261 263
261 293
261 325
261 389
262 258
262 326
263 262
263 295
263 391
264 8
264 268
264 328
265 257
265 264
265 267
265 281
265 329
265 393
266 258
266 264
266 270
266 282
266 298
266 394
267 11
267 266
267 271
267 299
268 269
268 270
268 284
268 300
268 332
269 261
269 265
269 271
269 397
270 262
271 15
271 263
271 270
271 303
271 335
271 399
272 273
273 257
273 275
273 281
273 337
274 18
274 272
274 306
274 338
274 402
275 259
275 274
275 279
275 283
275 403
276 20
276 260
276 272
276 277
276 278
276 284
276 308
276 340
276 404
277 21
277 261
277 273
277 279
277 309
277 341
277 405
278 22
278 262
278 274
278 286
278 310
278 342
278 406
279 23
279 263
279 278
279 287
279 311
279 343
279 407
280 24
280 264
280 272
280 281
280 282
280 284
280 312
280 408
281 25
281 285
282 274
282 283
282 286
282 314
282 346
282 410
283 267
283 281
283 411
284 28
285 269
285 277
285 284
285 349
285 413
286 270
286 284
286 287
286 350
287 271
287 283
287 285
287 319
287 351
288 32
288 256
288 292
288 296
288 352
288 416
289 33
289 257
289 288
289 291
289 293
290 258
290 288
290 306
290 354
291 35
291 290
291 295
291 299
291 419
292 293
292 294
293 309
294 262
294 290
294 295
294 422
295 293
295 311
295 423
296 264
296 297
297 265
297 289
297 301
297 313
297 425
298 290
298 296
298 314
298 426
299 43
299 297
299 298
299 303
300 292
300 296
300 301
300 302
301 45
301 269
301 293
301 303
302 270
302 294
302 298
303 47
303 295
303 302
303 367
303 431
304 48
304 272
304 288
304 306
305 273
305 289
305 304
305 313
305 369
306 307
306 310
306 314
307 275
307 291
307 305
307 311
307 315
307 435
308 52
308 292
308 304
308 309
308 310
308 316
308 436
309 305
309 373
310 54
310 294
311 55
311 309
311 310
311 375
312 296
312 304
312 313
312 316
312 440
313 281
313 317
313 441
314 58
314 312
314 442
315 59
315 283
315 299
315 313
315 314
315 319
315 443
316 60
316 284
316 300
316 318
316 380
316 444
317 61
317 285
317 301
317 309
317 316
317 319
317 445
318 62
318 286
318 302
318 310
318 314
318 446
319 63
319 303
319 311
319 318
319 447
320 64
320 321
320 322
320 324
320 336
321 257
321 337
321 353
321 449
322 258
322 323
322 326
322 330
322 338
323 67
323 259
323 321
323 331
324 68
324 326
324 356
324 452
325 69
325 321
325 324
325 327
325 341
325 357
326 327
326 454
327 263
327 323
327 335
327 343
328 72
328 320
328 330
328 332
328 344
328 456
329 73
329 321
329 328
330 266
330 334
330 458
331 267
331 329
331 330
331 347
331 363
331 459
332 76
332 324
332 333
332 364
332 460
333 269
333 325
333 329
333 335
333 349
333 461
334 78
334 270
334 326
334 332
334 335
334 350
334 366
334 462
335 79
335 331
336 272
336 340
337 81
337 336
337 339
337 345
337 465
338 82
338 336
338 466
339 83
339 275
339 323
339 338
339 371
340 324
340 342
340 348
340 372
340 468
341 85
341 337
341 340
341 343
341 373
342 86
342 326
342 338
342 350
342 374
342 470
343 339
343 342
344 280
344 336
344 346
344 376
344 472
345 281
345 329
345 344
345 349
345 473
346 330
346 338
346 350
346 378
347 91
347 283
347 339
347 345
347 346
347 475
348 284
348 332
348 344
348 349
348 350
348 380
348 476
349 93
349 341
349 351
349 477
350 94
350 351
350 382
350 478
351 335
351 343
351 347
351 383
351 479
352 320
352 354
352 368
353 97
353 289
353 352
354 98
354 322
354 358
355 99
355 291
355 323
355 353
355 354
355 359
355 363
355 483
356 292
356 352
356 358
356 364
356 372
357 293
357 353
357 356
358 102
358 294
358 326
358 359
359 103
359 295
359 327
359 357
359 375
359 487
360 104
360 296
360 328
360 352
360 376
360 488
361 297
361 329
361 353
361 360
362 298
362 330
362 354
362 360
362 490
363 107
363 299
363 361
363 362
363 379
364 300
364 360
364 365
364 492
365 301
365 333
365 357
365 361
365 381
366 110
366 302
366 358
366 362
366 364
366 367
366 382
367 335
367 359
367 363
367 365
367 383
368 304
368 336
368 372
368 376
368 496
369 113
369 337
369 353
369 368
369 371
369 497
370 114
370 306
370 338
370 354
370 368
370 371
370 374
370 498
371 307
371 355
371 375
371 379
371 499
372 308
372 380
373 117
373 357
373 369
373 372
373 375
373 501
374 310
374 358
374 372
374 382
374 502
375 119
375 343
375 374
375 503
376 120
376 312
376 377
376 380
377 313
377 345
377 361
377 369
377 379
377 381
377 505
378 122
378 314
378 362
378 370
378 376
378 379
378 382
378 506
379 315
379 347
379 383
379 507
380 364
380 381
380 382
381 125
381 317
381 349
381 373
381 383
381 509
382 126
382 318
383 127
383 319
383 375
383 382
383 511
384 128
384 256
384 385
384 386
384 388
384 392
384 400
385 129
385 257
385 387
385 401
385 449
386 258
386 387
386 402
386 418
386 450
387 403
387 419
387 451
388 132
388 389
388 396
388 404
388 420
389 385
389 421
389 453
390 262
390 386
390 388
390 406
391 387
391 389
391 390
391 407
391 423
392 264
392 394
392 408
393 385
393 392
393 395
393 397
393 409
394 386
394 398
394 410
394 426
394 458
395 139
395 267
395 387
395 394
395 411
395 427
396 140
396 268
396 392
396 397
396 412
396 460
397 389
397 399
397 429
397 461
398 270
398 390
398 396
398 399
398 414
398 462
399 143
399 391
399 395
399 415
399 431
400 272
400 401
400 408
400 432
401 273
401 403
401 465
402 400
402 466
403 402
403 411
404 148
404 400
404 405
404 406
405 149
405 389
405 401
405 413
405 437
405 469
406 150
406 402
406 470
407 403
407 405
407 406
407 471
408 409
408 410
408 440
409 153
409 281
409 401
409 411
410 154
410 402
410 414
410 442
410 474
411 410
412 156
412 284
412 404
412 408
412 413
412 414
412 476
413 157
413 397
413 409
414 158
414 286
414 406
414 415
414 446
415 287
415 407
415 411
415 413
415 447
415 479
416 384
416 417
416 420
416 424
416 432
417 161
417 289
417 385
417 419
417 425
417 481
418 162
418 290
418 416
418 419
418 422
418 426
418 434
419 163
419 423
419 427
419 435
420 292
420 422
420 428
420 436
421 293
421 417
421 420
421 423
422 166
422 390
422 430
422 438
422 486
423 167
423 422
424 168
424 296
424 392
425 393
425 424
425 427
425 429
425 441
425 489
426 170
426 424
426 490
427 299
427 426
427 443
427 491
428 300
428 396
428 424
428 429
428 430
428 444
428 492
429 301
429 421
429 431
429 493
430 302
430 398
430 426
430 431
430 446
430 494
431 175
431 423
431 427
431 447
432 304
432 433
432 434
432 440
433 305
433 401
433 417
433 435
433 437
433 441
433 497
434 306
434 402
434 435
434 438
435 403
435 439
436 404
436 432
436 437
436 438
436 444
437 181
437 309
437 421
437 439
438 182
438 310
438 406
438 502
439 311
439 407
439 423
439 438
439 447
439 503
440 184
440 424
440 441
440 442
440 444
441 185
441 409
441 445
441 505
442 186
442 426
442 434
443 411
443 435
443 441
443 442
443 507
444 412
444 446
444 508
445 413
445 429
445 437
445 444
445 509
446 190
446 438
446 442
446 447
447 443
447 445
447 511
448 320
448 384
448 449
448 452
448 456
448 464
449 193
449 457
449 465
450 322
450 448
450 466
450 482
451 195
451 323
451 449
451 450
451 459
451 467
452 196
452 388
452 454
452 484
453 325
453 449
453 452
453 455
453 469
453 485
454 198
454 390
454 450
454 462
455 199
455 327
455 391
455 451
455 454
455 487
456 200
456 392
456 458
456 460
456 488
457 329
457 393
457 456
457 459
457 461
457 473
457 489
458 202
458 450
458 462
458 490
459 395
459 458
459 475
459 491
460 452
460 476
461 205
461 453
461 460
461 493
462 206
462 460
462 463
462 494
463 335
463 399
463 455
463 459
463 461
463 495
464 336
464 400
464 468
465 464
465 467
465 469
466 464
466 467
466 470
466 498
467 339
467 403
467 471
467 475
468 404
468 452
468 469
468 470
468 500
469 213
469 341
469 477
470 454
470 471
470 502
471 215
471 343
471 455
471 469
471 503
472 216
472 408
472 456
472 464
472 474
472 476
472 504
473 409
473 465
473 472
473 477
473 505
474 346
474 458
474 466
474 475
475 411
475 473
476 220
476 468
476 477
476 478
476 508
477 221
477 413
477 461
477 479
478 222
478 414
478 462
478 470
478 474
479 223
479 463
479 471
479 475
479 478
480 224
480 352
480 416
480 448
480 481
480 482
481 225
481 353
481 449
481 483
481 497
482 226
482 354
482 418
482 498
483 227
483 419
483 451
483 482
483 491
484 356
484 420
484 480
484 485
484 486
484 492
485 229
485 357
485 421
485 481
485 487
486 358
486 454
486 482
486 487
486 502
487 231
487 423
487 483
488 232
488 424
488 480
488 489
488 492
488 504
489 233
489 361
489 481
490 234
490 482
490 488
490 491
491 363
491 489
492 236
492 460
492 493
493 365
493 485
493 489
493 495
493 509
494 366
494 486
494 490
494 492
494 510
495 367
495 431
495 487
495 491
495 494
496 240
496 432
496 464
496 480
496 497
496 500
496 504
497 465
497 499
498 434
498 496
498 502
498 506
499 243
499 435
499 467
499 483
499 498
499 503
500 244
500 372
500 436
500 484
500 501
500 502
501 245
501 437
501 469
501 485
501 497
501 509
502 503
503 487
503 501
504 248
504 376
504 440
505 489
505 497
505 504
505 507
505 509
506 442
506 474
506 490
506 504
506 507
506 510
507 475
507 491
507 499
508 252
508 380
508 492
508 500
508 504
508 509
508 510
509 253
509 477
510 382
510 446
510 478
510 502
511 255
511 479
511 495
511 503
511 507
511 509
511 510
0 3 5 6 9 10 12 15 17 18 20 23 24 27 29 30 33 34 36 39 40 43 45 46 48 51 53 54 57 58 60 63 65 66 68 71 72 75 77 78 80 83 85 86 89 90 92 95 96 99 101 102 105 106 108 111 113 114 116 119 120 123 125 126 129 130 132 135 136 139 141 142 144 147 149 150 153 154 156 159 160 163 165 166 169 170 172 175 177 178 180 183 184 187 189 190 192 195 197 198 201 202 204 207 209 210 212 215 216 219 221 222 225 226 228 231 232 235 237 238 240 243 245 246 249 250 252 255 257 258 260 263 264 267 269 270 272 275 277 278 281 282 284 287 288 291 293 294 297 298 300 303 305 306 308 311 312 315 317 318 320 323 325 326 329 330 332 335 337 338 340 343 344 347 349 350 353 354 356 359 360 363 365 366 368 371 373 374 377 378 380 383 384 387 389 390 393 394 396 399 401 402 404 407 408 411 413 414 417 418 420 423 424 427 429 430 432 435 437 438 441 442 444 447 449 450 452 455 456 459 461 462 464 467 469 470 473 474 476 479 480 483 485 486 489 490 492 495 497 498 500 503 504 507 509 510
