50 175 9
0 12
0 17
0 25
1 38
1 39
1 44
2 3
2 7
2 11
2 20
2 25
2 26
2 39
2 47
2 48
3 2
3 12
3 21
3 23
3 44
4 15
5 2
5 46
6 11
6 17
6 22
7 2
7 10
7 19
7 29
7 30
7 36
7 44
8 10
9 24
9 38
10 7
10 8
10 14
10 32
10 41
10 42
11 2
11 6
11 12
12 3
12 11
12 39
13 14
13 16
14 10
14 13
14 28
14 31
14 32
15 4
15 30
16 13
16 26
16 41
17 0
17 1
17 6
17 21
17 46
18 22
19 7
19 27
19 29
19 35
19 37
20 31
21 3
21 6
21 17
21 22
22 6
22 14
22 15
22 18
22 21
22 34
23 3
23 33
23 43
24 13
24 31
25 2
25 42
26 2
26 12
26 14
26 16
26 19
27 19
28 14
28 30
28 31
28 32
28 46
29 7
29 19
29 31
29 49
30 7
30 15
30 28
30 44
31 14
31 20
31 28
31 29
31 33
31 35
31 45
32 10
32 14
32 26
32 28
32 34
32 47
33 23
33 31
33 40
34 32
35 31
35 49
36 42
36 44
37 19
37 39
37 40
37 45
37 49
38 1
38 9
38 43
39 1
39 2
39 12
39 15
39 37
39 48
40 33
40 37
40 44
40 46
41 10
41 16
42 10
42 25
42 30
42 36
43 23
44 1
44 3
44 7
44 34
44 36
44 40
44 48
45 31
45 37
46 5
46 17
46 28
46 34
46 40
47 2
47 32
48 2
48 39
48 44
49 29
49 37
34 40 38 24 41 48 35 21 37
