50 173 25
0 10
0 28
0 31
0 43
1 3
1 21
1 30
1 35
1 41
2 11
2 23
2 24
2 29
2 47
3 1
3 6
3 7
3 8
3 24
3 27
3 35
3 49
4 19
4 33
5 8
5 12
5 22
5 27
5 32
6 3
6 7
6 12
6 18
7 3
7 6
7 12
7 31
7 43
7 44
8 3
8 5
8 16
8 48
9 1
9 32
9 37
9 40
9 41
10 0
10 17
11 2
11 21
11 48
12 5
12 6
12 7
12 36
12 39
13 15
13 40
13 47
14 16
14 32
14 34
15 35
15 47
15 48
16 8
16 14
17 10
17 44
18 23
18 43
19 4
20 26
21 26
21 28
21 40
21 46
22 5
22 34
23 18
23 35
24 2
24 3
24 43
25 32
25 40
26 5
26 13
26 20
26 21
26 48
27 0
27 3
27 5
27 44
28 0
28 10
28 21
28 32
28 49
29 2
30 1
30 19
30 41
31 0
31 7
31 43
32 5
32 9
32 19
32 25
32 28
32 40
32 41
33 4
33 32
34 14
34 22
34 39
34 43
35 1
35 3
35 15
35 23
36 12
36 28
36 37
37 9
37 31
37 36
38 47
39 11
39 12
39 34
40 17
40 21
40 25
40 32
40 43
41 9
41 23
41 30
41 32
41 45
42 29
42 48
43 0
43 7
43 18
43 24
43 31
43 34
43 40
44 7
44 17
44 27
44 36
45 41
45 49
46 29
47 2
47 13
47 15
47 38
48 8
48 11
48 15
48 26
48 42
49 3
49 45
37 46 10 17 8 43 0 6 47 22 49 29 5 20 45 16 42 18 4 41 48 34 27 9 11
