75 236 38
0 8
0 66
0 73
1 17
1 25
1 31
1 52
1 71
1 72
2 3
2 11
2 41
2 72
3 2
3 21
3 53
4 30
4 46
4 50
4 63
5 21
5 64
5 68
6 66
7 71
8 0
8 68
9 13
9 18
9 44
9 60
10 28
10 70
11 18
11 34
11 43
12 15
12 57
13 9
13 48
13 50
13 51
13 67
14 21
14 56
14 68
15 12
15 37
16 38
17 1
17 53
17 68
18 0
18 9
18 11
18 31
18 36
18 59
19 44
19 50
19 74
20 57
20 59
21 3
21 5
21 14
21 22
21 27
22 31
22 32
22 49
22 56
22 66
23 12
23 41
23 50
24 41
25 1
25 39
26 21
26 28
26 31
26 51
26 54
27 15
27 21
27 69
28 10
28 26
28 56
28 63
29 60
29 72
30 4
30 33
30 39
30 60
31 22
31 33
31 55
32 22
33 30
34 11
34 74
35 49
35 57
35 65
36 2
36 18
36 42
37 15
37 28
37 45
37 49
38 16
38 26
38 35
39 30
39 36
40 56
40 71
41 2
41 23
41 55
42 33
42 36
42 49
42 50
42 58
43 11
43 18
44 9
44 19
44 47
44 65
45 37
46 4
46 57
46 59
47 5
47 16
47 44
47 50
47 67
47 70
48 13
48 64
49 22
49 35
49 37
49 42
49 52
50 4
50 13
50 22
50 23
50 42
50 70
51 13
52 1
52 49
53 3
53 17
53 39
53 56
53 58
53 64
54 22
54 42
54 46
54 47
54 48
54 63
55 31
55 53
56 14
56 27
56 28
56 53
57 12
57 20
57 35
57 46
57 70
58 35
58 42
58 70
59 37
60 29
60 30
60 68
60 72
61 34
61 62
61 69
62 1
62 34
62 61
63 8
63 28
63 54
64 5
64 48
64 53
65 7
65 19
66 0
66 6
66 22
67 13
67 21
67 47
68 5
68 8
68 14
68 17
68 60
69 31
69 61
70 10
70 47
70 50
70 57
70 58
71 1
71 37
71 40
72 1
72 60
73 0
73 24
73 28
73 41
74 19
74 28
74 34
9 66 52 11 39 1 0 14 41 28 60 31 26 57 40 34 62 42 71 32 61 7 63 8 17 56 19 2 18 73 3 67 48 38 6 43 45 4
