100 365 17
0 92
1 2
1 20
1 52
1 54
1 68
2 1
2 35
2 42
2 71
2 91
2 98
3 5
3 31
4 13
4 53
5 3
5 27
5 40
5 63
6 11
6 17
6 23
6 38
6 43
6 74
6 83
7 18
7 30
7 59
7 86
7 87
8 35
8 60
8 73
8 86
9 16
9 42
10 14
10 84
10 91
11 6
11 16
11 63
12 20
12 46
13 4
13 25
13 61
14 10
14 17
14 30
14 65
15 45
15 66
16 9
16 11
17 14
17 18
17 50
17 54
18 17
18 39
18 61
18 78
18 88
19 28
19 84
19 93
20 1
20 12
20 55
20 59
20 61
21 32
21 44
22 32
22 46
22 94
23 6
23 45
23 88
23 89
23 91
23 97
24 52
24 71
24 86
25 13
25 34
25 46
25 77
25 87
26 63
26 65
26 89
27 5
27 39
28 19
28 47
28 50
28 55
28 62
28 91
29 17
29 33
30 7
30 14
30 56
30 69
30 76
31 3
31 41
31 42
31 47
31 49
31 78
31 96
32 21
32 22
32 58
32 72
33 29
33 96
34 25
34 30
35 2
35 8
35 77
36 72
36 77
37 73
37 89
37 94
38 6
38 61
38 71
38 90
39 18
39 27
39 76
39 82
40 5
40 75
41 31
42 2
42 4
42 31
42 50
42 62
42 86
42 94
42 97
43 6
43 22
43 59
43 85
44 21
44 45
44 64
44 82
45 15
45 23
45 35
45 95
46 12
46 22
46 25
46 59
46 82
47 28
47 31
47 52
47 57
47 60
48 83
49 31
49 53
49 70
49 89
49 95
50 17
50 28
50 42
50 53
50 60
51 71
51 78
52 1
52 15
52 24
52 27
52 47
52 76
52 93
52 98
53 4
53 49
53 50
53 81
53 94
54 1
54 68
54 90
55 5
55 20
55 89
56 61
56 63
56 87
57 27
57 47
57 61
57 76
58 32
59 7
59 20
59 28
59 43
59 46
59 60
60 8
60 47
60 50
60 59
61 13
61 18
61 20
61 38
61 56
61 57
61 96
61 99
62 28
62 42
63 5
63 11
63 26
63 56
64 44
64 49
65 14
65 26
65 95
66 15
67 72
67 80
68 1
68 54
68 86
68 87
69 30
70 49
70 93
70 98
71 2
71 24
71 38
71 51
71 90
72 32
72 36
72 67
72 78
72 96
73 8
73 37
73 87
74 6
74 98
75 40
75 91
76 30
76 39
76 52
76 57
77 25
77 35
77 36
77 86
77 92
78 18
78 26
78 31
78 51
79 66
79 89
80 29
80 67
81 53
81 86
82 39
82 44
82 46
83 6
83 76
83 84
83 87
84 10
84 19
84 83
84 92
85 43
85 97
85 98
86 7
86 8
86 24
86 30
86 42
86 68
86 77
86 81
87 21
87 25
87 39
87 56
87 68
87 73
87 83
88 18
88 23
88 89
89 23
89 26
89 37
89 49
89 55
89 79
89 88
90 36
90 38
90 71
90 91
91 2
91 10
91 23
91 28
91 75
91 90
91 96
92 0
92 77
92 84
93 19
93 52
93 70
94 22
94 37
94 53
95 45
95 49
95 65
96 31
96 61
96 72
96 91
97 23
97 42
97 85
98 70
98 74
98 82
98 85
99 61
80 20 8 58 75 24 27 36 59 68 19 81 53 71 16 86 96
