1200 3982 200
0 1057
0 1077
0 1102
0 1186
0 1187
1 1087
1 1120
1 1175
1 1190
2 1102
2 1161
4 1089
4 1156
4 1184
5 1030
5 1173
6 1140
8 1055
9 1001
9 1149
10 1030
10 1141
11 1014
11 1094
12 1143
13 1071
16 1110
16 1191
17 1000
17 1051
17 1056
17 1127
17 1131
17 1155
18 1011
18 1094
18 1183
18 1190
20 1008
20 1022
20 1089
21 1006
21 1022
21 1113
21 1163
22 1025
23 1048
23 1086
23 1140
25 1040
25 1113
27 1050
28 1034
28 1038
28 1050
28 1096
28 1109
29 1016
29 1018
29 1053
30 1043
30 1070
31 1092
31 1117
32 1077
32 1086
32 1186
33 1029
33 1173
34 1139
34 1179
35 1175
35 1188
35 1199
37 1131
37 1144
37 1147
38 1122
38 1147
39 1031
40 1021
40 1094
41 1153
42 1038
42 1044
42 1083
43 1115
43 1117
43 1123
43 1160
43 1188
44 1148
44 1188
45 1025
45 1072
46 1024
46 1027
46 1057
46 1146
47 1122
48 1193
49 1065
50 1140
51 1137
51 1143
52 1129
52 1153
54 1110
57 1043
57 1128
57 1129
57 1158
58 1001
58 1015
58 1048
58 1101
58 1173
59 1071
59 1179
60 1019
61 1017
61 1099
61 1181
62 1025
62 1068
63 1018
63 1145
63 1197
64 1144
65 1066
65 1067
66 1031
66 1084
66 1142
67 1007
67 1022
67 1120
68 1010
68 1105
68 1133
69 1004
69 1037
69 1134
70 1064
70 1171
70 1190
71 1143
71 1169
72 1046
72 1069
73 1115
74 1029
74 1194
75 1049
75 1086
75 1195
76 1075
76 1090
76 1191
77 1080
77 1157
78 1031
78 1106
79 1165
81 1115
81 1150
82 1061
82 1172
84 1080
84 1178
86 1069
86 1113
86 1118
86 1173
87 1107
87 1121
87 1139
88 1121
88 1178
89 1069
90 1018
90 1022
90 1065
90 1100
92 1050
92 1188
93 1025
94 1140
95 1189
96 1048
97 1031
98 1092
100 1029
100 1043
100 1142
100 1179
101 1093
101 1105
101 1136
101 1149
102 1009
102 1010
102 1053
102 1067
102 1081
103 1019
103 1086
104 1039
104 1177
105 1082
105 1101
105 1106
106 1058
106 1161
106 1180
107 1039
107 1141
108 1082
108 1122
110 1038
111 1126
112 1014
112 1044
112 1075
112 1103
113 1132
113 1195
114 1019
114 1105
114 1119
115 1092
116 1138
117 1036
117 1194
118 1129
119 1125
121 1072
121 1118
121 1145
121 1187
122 1126
122 1129
122 1147
122 1172
123 1004
123 1064
124 1134
125 1058
125 1063
125 1165
126 1063
126 1165
127 1012
127 1096
127 1123
128 1076
129 1121
130 1036
130 1176
130 1193
131 1098
132 1153
134 1139
135 1020
135 1041
135 1042
135 1136
135 1156
137 1124
137 1164
138 1180
138 1191
139 1014
139 1091
140 1166
141 1017
142 1181
143 1114
143 1117
143 1121
144 1015
145 1006
145 1042
145 1046
147 1106
147 1132
147 1183
148 1093
148 1120
149 1029
149 1160
150 1159
152 1080
152 1149
152 1151
152 1187
153 1185
154 1011
154 1022
156 1058
156 1065
156 1170
157 1153
157 1182
160 1032
161 1037
162 1011
162 1012
162 1038
162 1066
162 1083
162 1088
162 1175
163 1131
163 1183
164 1003
164 1063
164 1134
165 1040
165 1056
165 1058
166 1098
166 1127
167 1033
167 1067
167 1180
168 1151
168 1152
169 1197
170 1144
171 1029
171 1038
171 1077
171 1117
171 1132
172 1125
172 1165
173 1009
173 1043
173 1053
173 1064
174 1045
174 1088
175 1151
176 1050
177 1113
177 1135
177 1149
178 1052
178 1149
179 1089
179 1127
179 1168
180 1127
182 1013
182 1034
183 1067
183 1195
184 1175
185 1113
186 1152
187 1160
187 1178
188 1094
188 1096
188 1176
189 1174
191 1034
191 1137
192 1061
192 1107
192 1196
193 1131
193 1165
194 1057
194 1118
195 1045
195 1134
196 1169
197 1054
197 1081
198 1020
199 1033
199 1087
199 1193
200 1031
200 1057
200 1155
201 1012
201 1097
201 1140
201 1187
202 1004
203 1051
204 1142
204 1177
204 1192
205 1012
205 1097
206 1011
206 1023
206 1113
208 1036
208 1056
208 1146
208 1177
209 1005
209 1029
209 1130
209 1136
209 1196
210 1042
210 1061
211 1046
211 1073
211 1158
212 1157
212 1187
213 1192
213 1195
214 1087
215 1041
216 1136
217 1003
217 1018
217 1106
217 1195
218 1049
218 1050
218 1168
218 1196
219 1002
219 1006
219 1030
219 1169
220 1040
220 1133
220 1170
221 1040
221 1134
222 1037
222 1066
222 1163
223 1038
223 1188
224 1093
224 1171
225 1018
225 1065
225 1081
226 1021
226 1103
226 1183
226 1196
227 1058
228 1089
228 1117
228 1167
229 1090
230 1037
230 1152
231 1069
233 1012
233 1075
233 1083
234 1074
234 1090
235 1121
235 1170
236 1041
237 1001
237 1022
238 1006
238 1064
239 1103
240 1036
242 1064
242 1095
242 1134
242 1167
242 1178
243 1105
244 1023
246 1015
246 1061
246 1104
249 1056
249 1066
249 1081
250 1077
251 1028
251 1055
252 1072
253 1005
253 1035
254 1071
256 1064
256 1135
256 1186
257 1156
258 1015
258 1173
259 1188
260 1084
261 1131
261 1193
262 1038
262 1052
262 1069
262 1085
262 1093
263 1046
263 1148
264 1145
264 1186
265 1010
266 1099
266 1148
267 1067
267 1124
268 1179
269 1000
270 1048
271 1020
272 1002
272 1109
273 1085
273 1151
274 1011
274 1099
274 1147
274 1173
275 1097
277 1047
277 1134
277 1171
278 1025
278 1142
278 1173
279 1013
279 1196
280 1129
280 1132
280 1147
281 1050
283 1054
283 1070
283 1173
284 1007
284 1036
284 1048
284 1109
285 1131
286 1059
286 1112
287 1025
287 1159
288 1004
288 1034
288 1120
288 1175
289 1009
289 1098
290 1154
291 1045
291 1073
291 1148
291 1163
291 1189
292 1096
292 1098
292 1104
292 1156
293 1002
293 1124
293 1190
296 1021
296 1094
296 1097
296 1177
296 1195
297 1015
297 1040
297 1066
297 1135
298 1058
298 1065
298 1076
299 1070
300 1121
300 1155
300 1186
301 1071
301 1073
302 1034
303 1024
303 1156
304 1113
305 1088
305 1133
305 1157
306 1017
306 1042
306 1054
306 1073
306 1142
307 1091
307 1092
307 1154
308 1012
308 1035
308 1103
309 1131
309 1145
309 1156
310 1045
311 1057
311 1157
313 1093
314 1191
315 1183
316 1003
316 1098
316 1156
316 1184
317 1058
317 1099
317 1114
317 1162
318 1012
318 1060
318 1066
318 1133
318 1156
318 1171
319 1030
319 1099
319 1199
320 1070
320 1138
320 1154
322 1082
322 1175
323 1087
324 1012
324 1183
324 1196
325 1083
325 1111
326 1042
327 1060
328 1011
328 1058
328 1059
329 1080
329 1109
330 1059
331 1114
334 1086
335 1116
335 1129
336 1038
336 1133
336 1170
337 1173
337 1180
338 1033
338 1143
338 1194
339 1003
339 1005
339 1088
341 1091
342 1007
342 1095
342 1149
342 1166
342 1179
343 1059
344 1016
344 1050
344 1052
344 1076
344 1137
345 1029
346 1008
346 1016
346 1033
346 1070
347 1011
347 1193
348 1115
348 1184
349 1154
350 1148
350 1149
352 1159
353 1035
354 1001
354 1024
354 1132
355 1037
355 1174
357 1102
358 1031
358 1041
358 1114
358 1121
358 1192
359 1055
359 1132
359 1133
359 1181
359 1194
360 1037
360 1049
360 1101
361 1048
361 1158
361 1176
361 1195
362 1004
362 1025
362 1034
362 1095
362 1096
363 1087
363 1094
364 1065
364 1096
364 1181
365 1069
365 1145
365 1184
366 1007
366 1039
366 1187
367 1022
367 1134
367 1169
368 1049
368 1119
369 1005
369 1033
369 1065
369 1167
370 1019
371 1032
373 1018
375 1059
375 1116
375 1117
375 1145
376 1036
376 1061
376 1068
376 1125
376 1128
377 1035
377 1146
377 1166
378 1014
378 1025
378 1157
378 1184
379 1031
379 1076
380 1004
380 1045
381 1055
381 1079
384 1174
385 1030
385 1093
385 1167
385 1172
386 1080
386 1099
387 1183
387 1186
387 1189
388 1019
389 1079
389 1162
390 1030
392 1030
393 1107
394 1157
395 1078
395 1175
396 1009
396 1078
396 1196
397 1090
397 1191
398 1137
398 1175
399 1072
400 1061
401 1086
401 1088
401 1149
401 1179
401 1186
402 1012
402 1102
403 1000
403 1106
403 1122
403 1194
404 1012
404 1157
404 1164
405 1005
405 1057
405 1190
406 1046
406 1132
407 1195
409 1000
410 1072
410 1116
411 1087
412 1073
413 1199
415 1015
415 1072
415 1083
416 1037
416 1074
416 1136
416 1156
416 1174
417 1007
417 1027
417 1029
417 1072
417 1143
417 1181
418 1001
418 1191
419 1145
419 1161
419 1195
420 1047
420 1165
421 1107
421 1109
422 1001
422 1156
422 1169
423 1071
423 1090
424 1067
425 1079
425 1175
426 1016
426 1150
427 1143
430 1032
430 1088
431 1053
433 1002
433 1019
433 1047
433 1048
433 1120
434 1011
434 1019
434 1035
435 1073
435 1106
436 1083
436 1090
436 1173
437 1011
437 1045
437 1104
438 1089
438 1187
439 1008
439 1057
440 1150
441 1147
442 1099
443 1001
443 1113
444 1127
444 1172
445 1024
446 1091
446 1099
447 1019
447 1039
448 1022
448 1026
448 1116
450 1087
450 1092
450 1109
450 1135
450 1138
451 1000
451 1063
452 1074
452 1096
452 1126
452 1171
453 1040
453 1134
454 1104
454 1146
454 1168
454 1191
455 1067
455 1070
456 1072
457 1068
458 1128
459 1042
460 1040
460 1144
460 1158
461 1022
461 1048
461 1052
461 1104
462 1003
462 1033
462 1096
463 1072
463 1091
464 1164
465 1055
465 1070
465 1177
466 1016
466 1110
468 1092
470 1056
471 1045
471 1091
472 1008
473 1062
474 1069
474 1129
474 1157
475 1141
475 1179
476 1006
476 1115
477 1047
478 1139
478 1174
478 1193
479 1034
479 1082
479 1099
479 1197
480 1042
480 1086
480 1186
480 1195
481 1074
481 1149
481 1174
482 1137
483 1039
483 1089
483 1101
483 1194
484 1037
484 1048
484 1187
485 1060
485 1089
486 1035
486 1055
487 1009
487 1011
489 1039
490 1126
491 1040
492 1142
494 1180
494 1195
495 1060
495 1061
496 1037
497 1048
497 1057
498 1033
500 1059
500 1124
500 1132
501 1081
502 1138
502 1146
502 1195
503 1008
503 1096
503 1155
504 1041
504 1142
504 1188
505 1131
506 1026
506 1185
507 1033
508 1114
509 1030
510 1002
510 1171
511 1092
511 1094
512 1023
512 1082
512 1117
513 1086
513 1180
513 1187
514 1023
515 1014
515 1034
515 1168
516 1075
516 1169
517 1062
517 1105
517 1125
517 1165
518 1192
519 1054
520 1045
520 1164
522 1009
523 1026
525 1020
525 1072
526 1015
527 1095
527 1127
527 1164
528 1142
528 1148
528 1184
529 1155
530 1072
530 1119
530 1131
531 1017
531 1020
531 1122
532 1056
532 1154
533 1050
533 1163
534 1006
534 1010
534 1099
534 1172
535 1109
536 1036
536 1044
536 1175
537 1017
537 1042
537 1044
537 1144
538 1049
539 1083
541 1126
543 1032
543 1045
543 1067
543 1134
544 1020
544 1063
544 1161
545 1071
545 1087
545 1162
546 1092
546 1118
546 1140
547 1174
547 1182
548 1029
548 1171
549 1107
550 1169
550 1183
551 1060
551 1109
552 1070
552 1161
553 1054
553 1077
553 1149
554 1103
554 1129
554 1189
555 1166
556 1006
557 1153
557 1175
558 1025
558 1187
558 1195
559 1152
560 1114
560 1157
561 1024
561 1034
562 1014
562 1021
563 1137
563 1171
563 1186
564 1135
564 1191
564 1194
565 1054
566 1058
566 1156
567 1010
567 1019
567 1081
567 1102
567 1115
567 1169
568 1040
568 1064
568 1118
569 1164
570 1029
570 1084
570 1115
570 1127
571 1079
571 1167
572 1159
572 1173
573 1162
574 1068
574 1080
575 1059
575 1145
576 1013
577 1028
577 1093
577 1119
577 1194
578 1116
578 1163
579 1059
579 1110
579 1168
579 1195
580 1120
581 1094
581 1197
582 1035
582 1161
583 1066
583 1138
584 1172
585 1150
586 1002
586 1186
587 1154
587 1184
588 1057
588 1129
588 1192
589 1008
590 1118
591 1031
591 1077
592 1134
592 1144
592 1152
592 1157
593 1023
593 1077
593 1107
593 1172
594 1148
595 1162
596 1098
596 1107
597 1197
598 1039
600 1086
601 1017
602 1004
602 1089
602 1169
604 1013
604 1098
606 1147
607 1011
608 1128
608 1148
609 1080
609 1197
610 1136
611 1059
611 1101
612 1177
613 1118
614 1184
615 1030
615 1059
615 1107
615 1186
616 1092
616 1180
617 1094
617 1197
618 1019
618 1028
618 1107
618 1149
619 1130
620 1010
620 1108
621 1163
622 1023
623 1182
624 1001
624 1105
625 1015
625 1053
626 1055
627 1046
628 1025
628 1073
628 1084
628 1126
629 1010
629 1054
629 1075
629 1128
629 1137
630 1007
630 1013
630 1045
630 1060
630 1149
631 1197
632 1036
632 1110
633 1004
633 1151
633 1182
634 1092
634 1148
634 1179
634 1199
635 1027
635 1032
635 1119
636 1022
637 1052
637 1076
637 1087
638 1045
638 1089
639 1028
640 1052
640 1109
640 1139
640 1169
640 1193
641 1058
642 1006
642 1077
644 1136
645 1019
648 1021
648 1030
648 1035
648 1047
649 1031
649 1146
649 1194
650 1035
651 1010
651 1055
651 1059
651 1189
652 1146
652 1196
653 1142
653 1151
655 1055
655 1067
655 1082
655 1096
655 1106
656 1004
656 1066
656 1075
656 1133
657 1020
657 1081
657 1145
658 1017
658 1019
658 1083
658 1091
659 1041
659 1044
659 1090
659 1136
659 1197
660 1052
660 1070
660 1099
661 1003
661 1007
662 1022
662 1056
663 1049
664 1023
664 1150
664 1153
664 1181
665 1044
665 1092
665 1153
665 1178
666 1014
667 1076
667 1097
668 1098
668 1118
669 1054
671 1054
671 1097
671 1098
671 1178
671 1186
671 1197
672 1058
672 1078
672 1124
672 1171
673 1043
673 1114
674 1026
674 1126
674 1139
674 1150
674 1152
675 1019
675 1085
675 1118
675 1128
676 1001
678 1070
679 1193
680 1183
681 1006
682 1037
682 1102
682 1116
682 1128
682 1154
683 1040
683 1121
683 1152
683 1162
684 1032
684 1092
684 1163
685 1034
685 1110
686 1016
686 1068
686 1116
687 1001
688 1010
688 1017
688 1036
689 1055
689 1105
690 1083
690 1132
691 1098
691 1118
691 1171
691 1181
692 1056
692 1164
692 1181
694 1032
694 1074
695 1112
697 1122
699 1038
699 1109
700 1019
700 1045
700 1121
701 1005
701 1017
701 1049
701 1089
701 1169
702 1090
702 1123
703 1092
703 1119
704 1007
705 1167
706 1041
706 1070
707 1190
707 1199
708 1076
708 1114
708 1116
708 1180
710 1070
710 1128
711 1091
711 1149
711 1193
712 1041
714 1020
714 1097
714 1151
715 1040
715 1154
715 1176
717 1120
718 1002
718 1038
718 1098
718 1134
718 1142
718 1146
718 1186
719 1108
719 1135
720 1139
721 1033
722 1031
722 1194
723 1112
724 1048
725 1027
725 1045
728 1056
729 1032
730 1012
730 1020
731 1047
731 1059
732 1034
732 1070
732 1094
732 1141
734 1135
734 1181
735 1096
735 1123
736 1187
736 1194
737 1068
737 1103
737 1199
738 1054
739 1135
739 1139
739 1170
740 1056
740 1138
742 1024
742 1162
742 1163
743 1079
745 1046
745 1056
745 1077
746 1007
746 1131
747 1142
748 1066
751 1019
752 1002
752 1036
752 1164
753 1027
753 1055
753 1073
754 1077
754 1172
755 1123
755 1155
756 1153
757 1068
757 1071
758 1133
759 1034
759 1167
761 1099
762 1008
762 1165
762 1171
762 1177
763 1115
763 1163
764 1071
764 1087
764 1161
765 1103
766 1005
766 1075
767 1080
768 1026
768 1044
768 1198
769 1007
770 1065
771 1026
771 1118
771 1183
772 1094
772 1126
773 1010
773 1055
773 1085
773 1138
774 1037
774 1199
775 1049
775 1146
777 1098
778 1042
778 1064
779 1164
780 1096
780 1130
781 1051
781 1057
781 1178
782 1096
782 1164
783 1181
784 1094
784 1108
784 1152
785 1161
785 1167
787 1011
787 1175
787 1194
788 1081
788 1172
789 1151
790 1013
790 1051
790 1062
791 1042
791 1070
792 1081
792 1165
793 1030
793 1044
793 1186
794 1149
794 1154
795 1006
795 1077
796 1074
796 1076
796 1194
797 1044
797 1052
797 1133
798 1072
798 1150
799 1048
799 1140
799 1182
800 1004
800 1073
801 1053
802 1015
803 1119
804 1070
804 1158
805 1034
805 1038
805 1090
805 1163
806 1153
807 1111
807 1118
808 1180
809 1164
809 1170
810 1018
810 1150
811 1013
814 1120
815 1152
816 1061
816 1119
816 1175
817 1025
817 1047
817 1108
818 1014
818 1032
818 1146
819 1100
820 1131
820 1159
821 1162
822 1072
822 1102
822 1187
823 1018
823 1034
824 1063
824 1128
825 1021
825 1164
826 1056
826 1133
827 1128
827 1169
828 1033
828 1082
829 1142
831 1122
833 1093
834 1026
835 1013
835 1196
837 1065
837 1069
838 1146
839 1020
839 1043
839 1051
840 1034
840 1073
841 1052
841 1123
841 1184
842 1012
842 1136
843 1001
843 1020
843 1162
844 1087
844 1095
845 1117
846 1064
848 1041
849 1151
850 1046
851 1014
851 1064
851 1090
851 1182
852 1078
852 1131
852 1164
853 1014
853 1059
853 1097
853 1138
854 1025
854 1139
854 1194
854 1197
855 1007
855 1059
855 1082
856 1019
858 1163
859 1029
859 1057
861 1125
861 1134
861 1191
862 1016
862 1063
862 1074
863 1069
863 1155
864 1032
864 1049
864 1077
864 1098
864 1144
865 1104
865 1139
865 1144
866 1011
866 1014
866 1058
866 1069
867 1068
867 1138
867 1157
868 1073
868 1143
868 1186
869 1095
869 1116
869 1146
870 1120
871 1023
871 1115
872 1107
874 1143
875 1070
875 1096
875 1137
875 1178
876 1009
876 1190
877 1023
877 1184
877 1194
878 1097
878 1129
879 1006
879 1027
879 1151
880 1020
880 1115
883 1084
883 1101
883 1123
884 1017
884 1056
884 1167
884 1191
885 1004
885 1017
885 1026
885 1080
885 1148
885 1149
886 1056
886 1174
887 1147
887 1169
887 1187
888 1045
888 1107
889 1130
890 1032
890 1152
892 1032
892 1068
892 1109
892 1116
894 1083
895 1109
896 1043
896 1070
897 1023
898 1155
899 1031
899 1151
900 1078
901 1155
902 1181
903 1030
903 1166
906 1050
906 1098
907 1034
907 1068
907 1072
907 1081
908 1083
908 1126
908 1191
909 1146
910 1078
910 1105
911 1074
911 1107
911 1160
912 1134
912 1155
913 1005
913 1121
914 1090
914 1195
915 1052
916 1077
918 1018
918 1174
919 1048
919 1084
919 1128
919 1141
919 1166
920 1034
920 1091
920 1115
920 1123
921 1063
922 1071
922 1161
923 1078
923 1095
923 1122
923 1134
924 1117
925 1114
925 1156
925 1162
926 1166
927 1107
928 1014
929 1022
929 1106
929 1177
930 1036
930 1047
931 1011
931 1118
931 1135
931 1139
932 1104
932 1116
932 1125
933 1085
933 1106
934 1056
934 1185
935 1184
936 1055
936 1122
938 1038
941 1130
941 1157
942 1017
944 1069
944 1091
944 1115
944 1146
944 1198
945 1055
945 1067
946 1196
947 1001
947 1057
947 1177
947 1184
948 1151
948 1163
949 1004
949 1058
949 1146
949 1154
950 1007
950 1016
950 1037
950 1061
951 1012
951 1147
951 1150
952 1046
952 1087
953 1109
953 1161
954 1113
954 1179
954 1183
955 1028
955 1113
955 1119
955 1122
956 1187
957 1169
958 1054
959 1034
959 1079
959 1106
960 1165
960 1172
962 1013
963 1018
963 1059
964 1046
965 1054
967 1063
967 1077
967 1086
968 1165
969 1107
969 1115
969 1191
970 1069
970 1156
970 1186
971 1060
971 1141
972 1049
972 1150
973 1193
974 1002
974 1011
974 1053
974 1086
974 1123
974 1178
975 1028
975 1079
975 1147
975 1165
976 1073
976 1129
976 1140
978 1078
978 1138
979 1140
979 1146
981 1006
981 1025
981 1109
981 1189
982 1021
982 1155
983 1019
983 1167
983 1171
984 1056
984 1198
985 1047
985 1054
985 1081
986 1009
986 1117
987 1197
989 1028
989 1113
991 1012
992 1004
992 1058
992 1093
992 1190
993 1129
993 1141
993 1195
994 1056
994 1070
994 1197
995 1139
995 1170
995 1196
996 1007
996 1034
996 1113
997 1101
997 1115
998 1065
998 1180
999 1009
999 1134
1000 112
1000 163
1000 308
1000 319
1000 380
1000 432
1000 490
1000 586
1000 638
1000 843
1000 854
1000 934
1000 969
1001 16
1001 183
1001 253
1001 447
1001 611
1001 684
1001 706
1001 756
1001 950
1002 283
1002 345
1002 445
1002 745
1002 787
1002 922
1002 956
1003 16
1003 27
1003 404
1003 406
1003 446
1003 541
1003 747
1003 919
1003 965
1003 986
1004 16
1004 103
1004 162
1004 861
1005 176
1005 177
1005 205
1005 233
1005 343
1005 379
1005 411
1005 703
1005 744
1005 909
1006 17
1006 222
1006 237
1006 308
1006 428
1006 580
1006 798
1006 800
1006 865
1006 907
1007 28
1007 32
1007 111
1007 186
1007 244
1007 390
1007 407
1007 443
1007 534
1007 568
1007 574
1007 631
1007 772
1007 774
1007 802
1007 863
1007 909
1007 975
1008 126
1008 184
1008 293
1008 519
1008 526
1008 602
1008 883
1008 894
1008 938
1009 342
1009 349
1009 455
1009 535
1009 664
1009 765
1009 774
1009 846
1009 851
1009 870
1009 873
1009 958
1009 995
1010 33
1010 53
1010 483
1010 612
1010 868
1011 90
1011 428
1011 504
1011 559
1011 561
1011 718
1011 733
1011 760
1011 803
1011 827
1011 870
1012 290
1012 481
1012 654
1012 655
1012 684
1012 706
1012 893
1012 937
1013 47
1013 172
1013 190
1013 460
1013 567
1013 817
1014 124
1014 297
1014 320
1014 353
1014 433
1014 454
1014 539
1014 603
1014 615
1014 790
1015 64
1015 259
1015 306
1015 338
1015 358
1015 436
1015 478
1015 908
1015 970
1015 982
1016 28
1016 122
1016 526
1016 538
1016 543
1016 559
1016 560
1016 617
1016 840
1016 904
1017 76
1017 102
1017 234
1017 305
1017 382
1017 392
1017 487
1017 515
1017 567
1017 652
1017 666
1017 693
1017 700
1018 154
1018 212
1018 255
1018 443
1018 501
1018 562
1018 715
1018 801
1018 824
1018 935
1018 969
1018 992
1019 202
1019 298
1019 343
1019 391
1019 423
1019 475
1019 863
1020 72
1020 156
1020 233
1020 418
1020 440
1020 507
1020 529
1020 604
1020 822
1020 955
1021 252
1021 394
1021 443
1021 453
1021 460
1021 527
1022 60
1022 298
1022 531
1022 680
1022 805
1022 860
1022 886
1023 30
1023 75
1023 210
1023 234
1023 243
1023 299
1023 441
1023 485
1023 589
1023 673
1023 775
1023 785
1023 813
1023 889
1024 107
1024 191
1024 470
1024 643
1024 687
1024 692
1025 92
1025 272
1025 363
1025 415
1025 526
1025 852
1026 144
1026 178
1026 250
1026 512
1026 579
1026 628
1026 752
1026 805
1026 806
1026 853
1026 977
1027 6
1027 11
1027 67
1027 100
1027 183
1027 272
1027 648
1027 803
1027 899
1027 904
1027 967
1028 208
1028 305
1028 321
1028 645
1028 723
1028 904
1028 914
1029 19
1029 235
1029 557
1029 594
1029 831
1029 839
1030 371
1030 518
1030 530
1030 585
1030 641
1030 859
1031 85
1031 107
1031 144
1031 343
1031 421
1031 476
1031 496
1031 630
1031 898
1032 333
1032 433
1032 582
1032 994
1032 995
1033 187
1033 420
1033 440
1033 485
1033 528
1033 557
1033 594
1033 643
1033 686
1033 812
1034 49
1034 88
1034 100
1034 137
1034 240
1034 244
1034 529
1034 695
1034 825
1035 18
1035 101
1035 123
1035 468
1035 604
1035 685
1035 948
1036 42
1036 146
1036 433
1036 518
1036 887
1036 922
1036 946
1037 131
1037 488
1037 571
1037 862
1037 892
1038 14
1038 155
1038 259
1038 334
1038 501
1038 656
1038 682
1038 700
1038 731
1038 751
1038 761
1038 846
1038 939
1038 997
1039 19
1039 49
1039 70
1039 153
1039 159
1039 327
1039 497
1039 594
1039 777
1039 781
1039 834
1039 861
1039 966
1040 107
1040 111
1040 163
1040 249
1040 422
1040 519
1040 589
1040 607
1040 931
1041 241
1041 348
1041 377
1041 401
1041 842
1041 894
1041 936
1041 939
1042 81
1042 146
1042 147
1042 376
1042 390
1042 648
1042 743
1042 755
1042 777
1042 929
1042 945
1043 54
1043 77
1043 142
1043 214
1043 235
1043 291
1043 391
1043 434
1043 525
1043 538
1043 544
1043 575
1043 742
1043 835
1043 957
1044 29
1044 31
1044 91
1044 102
1044 118
1044 152
1044 165
1044 360
1044 456
1044 547
1044 734
1044 877
1044 976
1045 18
1045 104
1045 261
1045 264
1045 385
1045 480
1045 595
1045 709
1045 751
1045 951
1046 1
1046 47
1046 99
1046 127
1046 158
1046 628
1046 676
1046 690
1046 762
1046 822
1046 842
1046 884
1046 933
1047 2
1047 132
1047 252
1047 285
1047 577
1047 618
1047 679
1047 716
1047 788
1047 976
1047 981
1048 91
1048 279
1048 629
1049 184
1049 245
1049 317
1049 358
1049 444
1049 450
1049 537
1049 671
1049 682
1049 720
1049 733
1049 974
1049 990
1049 995
1050 271
1050 276
1050 292
1050 321
1050 446
1050 449
1050 547
1050 621
1050 650
1050 696
1050 759
1050 796
1050 835
1050 855
1050 915
1051 20
1051 164
1051 370
1051 401
1051 522
1051 561
1051 601
1051 677
1051 704
1051 720
1051 731
1051 782
1051 861
1051 905
1051 967
1052 58
1052 143
1052 146
1052 199
1052 232
1052 342
1052 391
1052 478
1052 689
1052 719
1052 753
1052 839
1052 968
1053 287
1053 291
1053 395
1053 408
1053 420
1053 460
1053 563
1053 623
1053 834
1053 836
1053 857
1053 907
1053 993
1054 53
1054 94
1054 97
1054 220
1054 268
1054 312
1054 316
1054 410
1054 521
1054 533
1054 538
1054 616
1054 851
1055 69
1055 75
1055 83
1055 129
1055 297
1055 330
1055 439
1055 514
1055 629
1055 706
1055 812
1055 857
1055 913
1056 31
1056 44
1056 151
1056 296
1056 311
1056 375
1056 495
1056 601
1056 864
1056 866
1057 151
1057 175
1057 224
1057 243
1057 331
1057 657
1057 969
1058 62
1058 208
1058 558
1058 733
1058 758
1058 791
1059 242
1059 261
1059 409
1059 555
1059 687
1059 733
1059 737
1059 748
1059 769
1059 823
1059 865
1059 917
1059 981
1060 19
1060 238
1060 293
1060 429
1060 578
1060 917
1060 959
1061 33
1061 59
1061 71
1061 236
1061 348
1061 404
1061 424
1061 542
1061 632
1061 657
1061 735
1061 898
1061 900
1061 982
1062 361
1062 375
1062 424
1062 540
1062 650
1062 760
1062 816
1062 834
1063 36
1063 59
1063 61
1063 143
1063 148
1063 213
1063 234
1063 251
1063 545
1063 675
1063 707
1063 801
1064 13
1064 62
1064 83
1064 202
1064 425
1064 426
1064 558
1064 654
1064 776
1065 51
1065 81
1065 218
1065 271
1065 347
1065 438
1065 673
1065 738
1065 797
1065 819
1065 922
1065 946
1066 83
1066 123
1066 388
1066 400
1066 420
1066 451
1066 584
1066 603
1066 667
1066 926
1067 4
1067 121
1067 255
1067 367
1067 451
1067 603
1067 619
1067 631
1067 721
1067 738
1067 834
1067 874
1067 957
1067 970
1067 982
1067 999
1068 370
1068 386
1068 525
1068 550
1068 656
1068 824
1068 921
1068 943
1068 975
1068 980
1069 3
1069 402
1069 415
1069 436
1069 463
1069 469
1069 601
1069 655
1069 883
1070 162
1070 362
1070 462
1070 605
1070 786
1070 825
1070 851
1071 29
1071 81
1071 114
1071 217
1071 245
1071 457
1071 525
1071 649
1071 746
1071 884
1071 977
1071 998
1072 48
1072 171
1072 342
1072 349
1072 357
1072 402
1072 501
1072 520
1072 548
1072 595
1072 772
1072 860
1073 44
1073 48
1073 355
1073 358
1073 495
1073 547
1073 742
1073 763
1074 16
1074 30
1074 251
1074 305
1074 479
1074 502
1074 572
1074 640
1074 899
1074 902
1074 920
1074 994
1075 166
1075 260
1075 273
1075 275
1075 337
1075 425
1075 526
1075 527
1075 560
1075 590
1075 650
1075 841
1076 96
1076 101
1076 135
1076 254
1076 323
1076 327
1076 384
1076 423
1076 552
1076 689
1076 839
1076 869
1076 984
1077 108
1077 172
1077 209
1077 234
1077 375
1077 394
1077 404
1077 476
1077 532
1077 548
1077 549
1077 670
1077 731
1077 823
1077 842
1078 159
1078 219
1078 250
1078 341
1078 403
1078 540
1078 651
1078 690
1078 742
1078 926
1079 111
1079 203
1079 235
1079 239
1079 290
1079 312
1079 419
1079 434
1079 452
1079 488
1079 750
1079 908
1079 934
1080 63
1080 221
1080 363
1080 450
1080 535
1080 615
1080 643
1080 785
1080 992
1081 44
1081 64
1081 380
1081 397
1081 414
1081 652
1081 677
1081 723
1082 15
1082 57
1082 69
1082 121
1082 186
1082 218
1082 259
1082 264
1082 312
1082 456
1082 557
1082 590
1082 591
1082 830
1082 876
1082 886
1082 926
1082 947
1082 971
1083 136
1083 202
1083 317
1083 549
1083 595
1083 851
1083 867
1083 893
1084 93
1084 227
1084 405
1084 516
1084 589
1084 838
1084 901
1084 925
1084 972
1085 255
1085 376
1085 435
1085 642
1085 707
1085 734
1085 819
1085 914
1085 994
1086 200
1086 344
1086 421
1086 453
1086 464
1086 506
1086 514
1086 543
1086 590
1086 661
1086 666
1086 792
1086 957
1086 964
1087 3
1087 146
1087 148
1087 186
1087 356
1087 409
1087 496
1087 590
1087 599
1087 866
1087 867
1088 57
1088 688
1088 783
1089 76
1089 185
1089 236
1089 271
1089 402
1089 443
1089 480
1089 514
1089 546
1089 808
1089 844
1089 895
1090 103
1090 136
1090 296
1090 307
1090 415
1090 464
1090 622
1090 783
1090 921
1091 72
1091 91
1091 137
1091 149
1091 260
1091 352
1091 406
1091 623
1091 635
1091 841
1091 872
1091 894
1091 945
1091 968
1091 993
1092 218
1092 324
1092 365
1092 372
1092 513
1092 716
1092 747
1092 829
1092 870
1092 956
1093 82
1093 159
1093 203
1093 231
1093 234
1093 360
1093 408
1093 421
1093 536
1093 681
1093 776
1093 783
1093 881
1094 45
1094 313
1094 427
1094 435
1094 474
1094 552
1094 615
1094 620
1094 632
1094 641
1094 719
1094 750
1094 956
1095 68
1095 136
1095 153
1095 175
1095 224
1095 299
1095 412
1095 580
1095 750
1095 773
1095 824
1095 830
1096 6
1096 45
1096 185
1096 320
1096 420
1096 479
1096 550
1096 607
1096 838
1096 845
1096 858
1097 44
1097 101
1097 119
1097 301
1097 375
1097 445
1097 449
1097 499
1097 500
1097 565
1098 55
1098 141
1098 332
1098 526
1098 751
1098 862
1099 39
1099 71
1099 339
1099 364
1099 372
1099 463
1099 616
1099 649
1099 653
1099 697
1099 706
1099 776
1099 845
1099 891
1099 937
1100 0
1100 79
1100 137
1100 309
1100 525
1100 712
1100 726
1100 981
1101 10
1101 109
1101 233
1101 282
1101 285
1101 311
1101 445
1101 508
1101 702
1101 780
1101 821
1102 7
1102 94
1102 269
1102 428
1102 434
1102 591
1102 648
1102 862
1102 930
1102 962
1102 996
1103 241
1103 244
1103 321
1103 333
1103 342
1103 347
1103 437
1103 467
1103 598
1103 653
1103 679
1103 707
1103 781
1104 16
1104 29
1104 67
1104 384
1104 535
1104 580
1104 672
1104 731
1104 775
1104 844
1104 996
1105 42
1105 48
1105 143
1105 203
1105 343
1105 460
1105 507
1105 549
1105 597
1105 601
1105 682
1105 754
1105 958
1106 34
1106 252
1106 340
1106 451
1106 706
1106 720
1106 750
1106 840
1106 852
1106 876
1106 910
1106 968
1107 103
1107 160
1107 307
1107 361
1107 374
1107 489
1107 502
1107 535
1107 743
1107 988
1108 61
1108 245
1108 299
1108 368
1108 383
1108 462
1108 467
1108 474
1108 551
1108 747
1108 932
1108 960
1108 967
1108 975
1109 42
1109 50
1109 316
1109 394
1109 469
1109 505
1109 734
1109 741
1109 780
1109 789
1109 873
1110 5
1110 85
1110 134
1110 194
1110 223
1110 249
1110 345
1110 444
1110 597
1110 661
1110 677
1110 882
1111 116
1111 175
1111 244
1111 273
1111 573
1111 580
1111 683
1111 695
1111 739
1111 769
1111 949
1112 5
1112 104
1112 126
1112 207
1112 220
1112 223
1112 332
1112 464
1112 505
1112 544
1112 578
1112 726
1112 813
1112 845
1112 862
1112 908
1112 958
1112 961
1113 84
1113 113
1113 312
1113 512
1113 649
1113 796
1113 863
1113 948
1114 100
1114 166
1114 211
1114 243
1114 551
1114 724
1114 748
1114 929
1115 113
1115 210
1115 217
1115 285
1115 407
1115 458
1115 722
1115 771
1115 856
1115 930
1115 940
1116 46
1116 128
1116 131
1116 353
1116 426
1116 505
1116 559
1116 680
1116 698
1116 826
1116 856
1116 927
1116 935
1117 169
1117 403
1117 530
1117 628
1117 673
1117 771
1117 839
1117 895
1117 992
1118 184
1118 305
1118 404
1118 443
1118 481
1118 698
1118 763
1118 815
1119 9
1119 165
1119 195
1119 198
1119 649
1119 671
1119 696
1119 784
1119 894
1120 116
1120 220
1120 765
1121 153
1121 209
1121 336
1121 343
1121 402
1121 489
1121 581
1121 654
1121 670
1121 993
1121 994
1122 24
1122 155
1122 219
1122 368
1122 592
1122 616
1122 687
1122 849
1122 992
1123 208
1123 318
1123 322
1123 418
1123 486
1123 754
1123 763
1123 847
1123 940
1123 973
1124 3
1124 32
1124 57
1124 271
1124 415
1124 427
1124 461
1124 617
1124 810
1124 968
1124 971
1124 995
1125 289
1125 323
1125 543
1125 938
1125 952
1125 977
1126 31
1126 34
1126 101
1126 153
1126 261
1126 346
1126 478
1126 521
1126 571
1126 610
1126 662
1126 847
1126 976
1127 345
1127 379
1127 394
1127 647
1127 694
1127 789
1127 961
1127 968
1128 93
1128 115
1128 225
1128 610
1129 91
1129 160
1129 294
1129 478
1129 491
1129 589
1129 733
1129 751
1129 808
1129 970
1130 49
1130 81
1130 100
1130 104
1130 243
1130 278
1130 343
1130 395
1130 583
1130 609
1130 725
1130 871
1131 154
1131 174
1131 227
1131 727
1131 773
1131 893
1131 929
1131 939
1131 957
1132 125
1132 154
1132 217
1132 331
1132 513
1132 561
1132 619
1133 168
1133 294
1133 310
1133 313
1133 512
1133 513
1133 745
1133 861
1134 184
1134 245
1134 265
1134 349
1134 424
1134 590
1134 786
1135 58
1135 243
1135 593
1135 909
1135 912
1135 945
1136 10
1136 124
1136 190
1136 342
1136 413
1136 524
1136 749
1136 766
1136 893
1137 22
1137 129
1137 152
1137 158
1137 166
1137 260
1137 325
1137 361
1137 515
1137 525
1137 650
1137 693
1137 888
1137 978
1138 50
1138 138
1138 359
1138 646
1138 667
1138 771
1138 856
1138 898
1138 946
1139 83
1139 163
1139 422
1139 451
1139 521
1139 524
1139 779
1139 921
1140 247
1140 326
1140 433
1140 606
1140 896
1141 67
1141 124
1141 193
1141 257
1141 261
1141 330
1141 363
1141 405
1141 557
1141 573
1141 688
1141 693
1141 910
1141 977
1141 985
1142 68
1142 115
1142 125
1142 287
1142 305
1142 539
1142 585
1142 684
1143 221
1143 528
1143 615
1143 668
1143 750
1143 829
1143 855
1143 909
1143 923
1144 133
1144 136
1144 419
1144 466
1144 583
1144 807
1144 875
1145 18
1145 66
1145 68
1145 84
1145 133
1145 187
1145 276
1145 277
1145 569
1145 605
1145 683
1145 832
1145 996
1146 69
1146 106
1146 143
1146 388
1146 658
1146 742
1146 875
1146 880
1146 886
1146 920
1146 946
1147 18
1147 82
1147 90
1147 132
1147 178
1147 191
1147 221
1147 286
1147 469
1147 539
1147 578
1147 677
1148 50
1148 109
1148 396
1148 452
1148 767
1148 892
1149 192
1149 434
1149 503
1149 546
1149 577
1149 605
1150 62
1150 143
1150 236
1150 323
1150 352
1150 415
1150 467
1150 516
1150 672
1150 897
1150 900
1150 944
1150 971
1151 30
1151 345
1151 477
1151 499
1151 721
1151 875
1151 895
1152 57
1152 59
1152 239
1152 260
1152 295
1152 329
1152 351
1152 443
1152 482
1152 600
1152 830
1152 836
1153 176
1153 310
1153 435
1153 447
1153 500
1153 559
1153 584
1153 628
1153 709
1153 852
1153 911
1154 65
1154 78
1154 247
1154 416
1154 423
1154 472
1154 576
1154 764
1154 823
1154 836
1154 924
1155 3
1155 366
1155 578
1155 828
1155 883
1155 916
1155 945
1155 960
1155 979
1156 26
1156 70
1156 144
1156 676
1156 774
1157 24
1157 122
1157 193
1157 284
1157 294
1157 408
1157 418
1157 494
1157 660
1157 921
1157 972
1158 19
1158 169
1158 191
1158 217
1158 244
1158 359
1158 501
1158 509
1158 755
1159 60
1159 557
1159 621
1159 682
1159 847
1159 888
1160 47
1160 135
1160 250
1160 295
1160 350
1160 564
1160 608
1160 728
1160 881
1160 948
1161 82
1161 155
1161 181
1161 235
1161 286
1161 599
1161 633
1161 672
1161 673
1161 687
1161 732
1161 744
1161 848
1162 14
1162 105
1162 245
1162 337
1162 351
1162 433
1162 581
1163 171
1163 384
1163 443
1163 482
1163 579
1163 631
1163 946
1164 100
1164 263
1164 344
1164 365
1164 453
1164 488
1164 493
1164 646
1164 666
1164 997
1165 24
1165 378
1165 399
1165 438
1165 468
1165 529
1165 544
1165 569
1165 668
1165 798
1165 901
1166 7
1166 254
1166 351
1166 605
1166 704
1166 709
1166 738
1166 780
1166 913
1167 155
1167 162
1167 185
1167 189
1167 214
1167 292
1167 301
1167 319
1167 332
1167 479
1167 603
1167 604
1167 644
1167 652
1168 91
1168 285
1168 377
1168 384
1168 490
1168 581
1168 799
1168 835
1168 915
1168 924
1168 930
1168 936
1169 19
1169 52
1169 105
1169 119
1169 199
1169 504
1169 732
1169 736
1169 840
1169 878
1169 997
1170 56
1170 78
1170 321
1170 416
1170 460
1170 605
1170 650
1170 686
1170 714
1170 762
1170 857
1170 942
1170 953
1171 233
1171 237
1171 345
1171 577
1171 772
1172 25
1172 136
1172 152
1172 640
1172 678
1172 764
1172 865
1173 259
1173 837
1174 60
1174 92
1174 283
1174 310
1174 336
1174 569
1174 636
1174 806
1174 863
1174 924
1174 967
1175 9
1175 94
1175 111
1175 122
1175 155
1175 494
1175 602
1175 903
1175 905
1175 956
1176 167
1176 340
1176 363
1176 373
1176 377
1176 983
1177 64
1177 219
1177 248
1177 250
1177 316
1177 500
1177 705
1177 758
1177 805
1177 809
1177 811
1177 815
1177 872
1177 882
1178 22
1178 212
1178 395
1178 501
1178 572
1178 664
1178 765
1179 8
1179 71
1179 145
1179 263
1179 386
1179 484
1179 548
1179 800
1179 873
1179 897
1179 929
1179 935
1179 988
1180 36
1180 38
1180 79
1180 85
1180 95
1180 229
1180 435
1180 491
1180 587
1180 619
1180 672
1180 676
1180 685
1180 788
1181 117
1181 176
1181 192
1181 360
1181 418
1181 461
1181 498
1181 514
1181 534
1181 568
1181 631
1181 632
1181 678
1181 685
1181 919
1181 987
1182 43
1182 116
1182 260
1182 286
1182 302
1182 419
1182 523
1182 534
1182 562
1182 665
1182 674
1182 735
1182 787
1182 861
1182 895
1183 36
1183 172
1183 221
1183 246
1183 322
1183 382
1183 622
1183 671
1183 729
1183 736
1183 750
1183 801
1183 892
1184 238
1184 249
1184 356
1184 540
1184 826
1185 59
1185 118
1185 140
1185 164
1185 805
1185 910
1185 912
1185 980
1186 20
1186 45
1186 121
1186 181
1186 191
1186 389
1186 402
1186 436
1186 503
1186 553
1186 832
1186 834
1186 990
1187 17
1187 77
1187 161
1187 168
1187 411
1187 703
1187 714
1187 724
1187 920
1187 961
1188 85
1188 106
1188 180
1188 183
1188 364
1188 482
1188 536
1188 591
1188 780
1188 834
1188 984
1189 22
1189 173
1189 300
1189 319
1189 360
1189 429
1189 560
1189 596
1189 713
1189 746
1189 856
1189 858
1190 2
1190 115
1190 124
1190 191
1190 279
1190 314
1190 545
1190 636
1190 789
1190 902
1191 42
1191 65
1191 128
1191 196
1191 527
1191 710
1191 767
1192 12
1192 53
1192 73
1192 136
1192 174
1192 316
1192 627
1192 696
1192 700
1192 883
1192 937
1193 123
1193 249
1193 529
1193 601
1193 756
1193 782
1194 19
1194 60
1194 158
1194 626
1194 802
1194 933
1194 993
1195 80
1195 89
1195 394
1195 398
1195 534
1195 565
1195 727
1196 16
1196 57
1196 120
1196 139
1196 582
1196 589
1196 606
1196 663
1196 713
1196 815
1196 992
1197 7
1197 153
1197 157
1197 248
1197 326
1197 666
1197 916
1198 293
1198 317
1198 475
1198 525
1198 603
1198 606
1198 669
1198 676
1198 805
1198 806
1198 932
1199 26
1199 93
1199 123
1199 150
1199 259
1199 403
1199 482
1199 544
1199 617
1199 702
1199 757
1199 772
1199 836
1199 893
1199 977
1000 1001 1002 1003 1004 1005 1006 1007 1008 1009 1010 1011 1012 1013 1014 1015 1016 1017 1018 1019 1020 1021 1022 1023 1024 1025 1026 1027 1028 1029 1030 1031 1032 1033 1034 1035 1036 1037 1038 1039 1040 1041 1042 1043 1044 1045 1046 1047 1048 1049 1050 1051 1052 1053 1054 1055 1056 1057 1058 1059 1060 1061 1062 1063 1064 1065 1066 1067 1068 1069 1070 1071 1072 1073 1074 1075 1076 1077 1078 1079 1080 1081 1082 1083 1084 1085 1086 1087 1088 1089 1090 1091 1092 1093 1094 1095 1096 1097 1098 1099 1100 1101 1102 1103 1104 1105 1106 1107 1108 1109 1110 1111 1112 1113 1114 1115 1116 1117 1118 1119 1120 1121 1122 1123 1124 1125 1126 1127 1128 1129 1130 1131 1132 1133 1134 1135 1136 1137 1138 1139 1140 1141 1142 1143 1144 1145 1146 1147 1148 1149 1150 1151 1152 1153 1154 1155 1156 1157 1158 1159 1160 1161 1162 1163 1164 1165 1166 1167 1168 1169 1170 1171 1172 1173 1174 1175 1176 1177 1178 1179 1180 1181 1182 1183 1184 1185 1186 1187 1188 1189 1190 1191 1192 1193 1194 1195 1196 1197 1198 1199
