550 5013 50
0 508
0 510
0 511
0 512
0 514
0 526
0 530
0 531
0 533
0 543
0 544
0 545
0 546
0 549
1 504
1 508
1 513
1 517
1 530
1 533
1 534
1 540
1 541
1 547
2 500
2 501
2 506
2 512
2 524
2 525
2 530
2 545
3 512
3 514
3 527
3 530
3 541
3 542
3 546
3 549
4 502
4 505
4 510
4 513
4 516
4 520
4 527
4 533
4 535
5 515
5 516
5 518
5 526
5 527
5 537
6 507
6 512
6 515
6 520
6 528
6 541
6 542
7 516
7 528
7 531
7 539
7 545
7 547
8 502
8 503
8 504
8 511
8 528
8 534
8 537
8 539
8 540
8 545
9 501
9 517
9 525
9 526
9 527
9 528
9 531
9 535
9 539
10 518
10 520
10 521
10 528
10 530
10 543
10 544
10 545
11 502
11 509
11 516
11 521
11 531
11 534
11 537
11 538
11 544
12 504
12 514
12 519
12 523
12 525
12 529
12 539
13 502
13 518
13 520
13 523
13 528
13 529
13 536
13 549
14 500
14 504
14 506
14 511
14 522
14 524
14 536
14 538
14 543
14 544
15 507
15 512
15 513
15 522
15 526
15 543
15 546
16 520
16 528
16 541
16 545
17 501
17 504
17 513
17 514
17 515
17 520
17 529
17 539
17 545
17 547
18 505
18 506
18 511
18 517
18 531
18 544
18 547
19 506
19 508
19 509
19 514
19 517
19 527
19 533
19 544
20 511
20 524
20 525
20 536
20 543
20 544
20 549
21 505
21 514
21 517
21 536
21 538
21 544
22 509
22 529
22 534
22 537
22 539
23 523
23 524
23 527
24 519
24 522
24 527
24 534
24 547
25 512
25 514
25 518
25 520
25 524
25 526
25 547
26 502
26 506
26 519
26 532
26 537
26 541
26 543
26 545
26 547
26 548
27 505
27 508
27 520
27 522
27 525
27 527
28 502
28 503
28 510
28 517
28 518
28 524
28 525
28 527
28 528
28 536
29 507
29 508
29 523
29 543
30 506
30 507
30 524
30 531
30 534
30 539
30 541
30 544
31 500
31 505
31 509
31 513
31 517
31 518
31 527
31 533
31 546
32 504
32 513
32 541
32 544
33 500
33 507
33 520
33 523
34 512
34 513
34 519
34 525
34 526
34 535
34 543
34 548
35 502
35 521
35 528
35 539
35 545
36 500
36 509
36 527
36 537
36 545
36 547
37 503
37 505
37 510
37 527
37 540
37 544
37 549
38 523
38 524
38 527
38 534
38 539
38 542
38 546
39 502
39 510
39 511
39 512
39 529
39 531
39 535
39 543
40 501
40 502
40 506
40 509
40 513
40 514
40 532
40 539
40 540
40 541
40 542
41 502
41 513
41 516
41 530
42 503
42 505
42 506
42 514
42 520
42 523
42 531
42 541
42 545
42 549
43 503
43 507
43 509
43 512
43 539
43 543
44 518
44 519
44 530
44 531
44 532
44 535
44 539
44 544
44 546
45 502
45 506
45 508
45 523
45 527
45 538
46 515
46 541
46 546
46 548
47 505
47 511
47 514
47 521
47 531
47 535
47 546
48 507
48 512
48 524
48 536
49 506
49 525
49 531
49 544
49 547
50 504
50 507
50 517
50 522
50 528
50 533
50 544
50 546
51 506
51 507
51 517
51 535
51 541
51 546
51 548
52 512
52 516
52 517
52 520
52 527
52 535
52 537
53 511
53 512
53 524
53 528
54 502
54 524
54 527
54 528
54 531
54 539
54 540
54 545
55 502
55 508
55 514
55 535
55 539
55 546
55 548
56 501
56 503
56 505
56 517
56 518
56 531
56 537
56 539
56 548
57 506
57 510
57 511
57 525
57 528
57 544
57 548
58 502
58 504
58 513
58 541
58 544
59 509
59 510
59 517
59 521
59 524
59 531
59 543
60 501
60 510
60 518
60 531
60 533
61 506
61 524
61 541
61 542
61 544
61 545
61 547
62 502
62 507
62 514
62 519
62 526
62 529
62 530
63 500
63 503
63 515
63 527
63 542
63 543
63 548
64 501
64 504
64 516
64 517
64 521
64 534
64 537
64 548
65 500
65 504
65 507
65 510
65 511
65 513
65 519
65 522
66 503
66 504
66 507
66 511
66 512
66 524
66 530
66 531
66 542
66 549
67 515
67 519
67 520
67 522
67 529
67 532
67 542
67 546
68 501
68 511
68 520
68 540
68 547
69 511
69 514
69 519
69 526
69 527
69 542
69 544
70 501
70 505
70 520
70 521
70 526
70 539
70 546
71 501
71 514
71 515
71 522
71 532
71 546
72 500
72 503
72 509
72 529
72 548
72 549
73 502
73 513
73 519
73 538
73 541
73 543
74 529
74 530
74 532
74 539
75 505
75 530
75 533
75 534
75 541
75 543
75 546
76 503
76 509
76 533
77 505
77 507
77 519
77 524
77 529
77 537
78 518
78 524
78 528
78 530
78 533
78 537
78 544
79 506
79 509
79 516
79 519
79 529
79 532
79 536
79 544
80 516
80 517
80 536
80 545
81 504
81 527
82 501
82 504
82 506
82 515
82 527
82 544
83 504
83 508
83 522
83 524
83 525
83 529
84 507
84 510
84 522
84 531
84 533
84 535
84 541
85 506
85 513
85 514
85 523
85 525
85 527
85 531
85 540
85 546
86 500
86 507
86 517
86 526
86 549
87 500
87 501
87 513
87 519
87 524
87 536
88 504
88 506
88 507
88 510
88 541
88 542
89 509
89 511
89 513
89 531
89 533
89 539
89 540
89 545
90 502
90 508
90 537
90 541
91 506
91 533
91 535
91 547
92 500
92 501
92 512
92 524
92 529
92 541
92 542
92 548
93 509
93 513
93 514
93 516
93 537
93 548
94 500
94 530
94 537
94 546
95 509
95 538
95 541
96 505
96 506
96 507
96 511
96 536
96 537
96 547
96 549
97 507
97 513
97 524
97 539
97 547
98 504
98 510
98 512
98 522
98 535
98 541
98 546
99 515
99 516
99 528
99 533
99 542
100 507
100 510
100 511
100 529
100 534
100 538
100 549
101 502
101 509
101 514
101 540
101 541
102 510
102 517
102 524
102 525
102 531
102 535
102 539
103 506
103 509
103 510
103 521
103 523
103 529
103 531
103 537
103 541
104 508
104 519
104 521
104 534
105 505
105 520
105 523
105 540
105 546
106 502
106 517
106 518
106 522
106 540
107 501
107 507
107 519
107 528
107 546
108 500
108 522
108 527
108 529
108 539
108 545
108 548
109 509
109 515
109 516
109 541
109 547
109 549
110 501
110 509
110 513
110 518
110 520
110 540
111 500
111 511
111 514
111 545
111 547
112 501
112 508
112 519
112 520
112 528
112 534
112 542
113 502
113 504
113 507
113 512
113 516
113 540
113 544
113 549
114 509
114 511
114 516
114 523
114 524
114 527
114 531
114 539
114 546
115 515
115 524
115 535
115 539
115 541
116 509
116 511
116 531
116 537
116 542
116 549
117 506
117 531
117 536
117 541
117 543
118 500
118 511
118 518
118 530
118 536
118 538
118 543
119 525
119 532
119 539
119 541
119 542
119 543
120 502
120 514
120 517
120 518
120 522
121 509
121 520
121 523
121 526
121 531
121 537
121 539
121 541
121 543
121 546
122 509
122 521
122 527
122 530
122 531
122 540
122 541
123 502
123 503
123 510
123 512
123 530
123 532
123 539
123 542
123 545
124 502
124 519
124 520
124 544
125 509
125 517
125 524
125 530
125 534
125 537
125 541
126 502
126 506
126 534
126 540
127 502
127 506
127 516
127 544
128 503
128 514
128 524
128 532
128 536
128 539
128 547
129 518
129 525
129 528
129 533
129 538
129 543
129 546
129 548
130 513
130 538
130 539
130 543
131 506
131 507
131 514
131 521
131 525
131 530
132 506
132 509
132 513
132 518
132 541
132 544
132 549
133 517
133 527
133 532
133 549
134 510
134 515
134 535
134 539
134 544
135 500
135 501
135 510
135 519
135 521
135 524
135 527
135 538
136 518
136 519
136 526
136 534
136 538
136 539
136 545
137 507
137 515
137 534
137 537
137 540
137 542
137 547
138 514
138 530
138 531
138 534
138 539
139 509
139 514
139 528
139 534
139 536
140 506
140 543
140 544
140 545
141 505
141 511
141 516
141 523
141 533
141 540
141 542
141 543
141 546
141 548
142 517
142 540
143 511
143 521
143 524
143 530
143 535
143 540
144 513
144 515
144 517
144 523
144 524
144 529
144 533
145 506
145 509
145 512
145 517
145 520
145 528
145 542
145 545
146 504
146 522
146 523
147 502
147 515
147 523
147 524
147 525
147 536
147 547
148 506
148 507
148 522
148 525
148 529
148 534
148 539
150 500
150 530
150 531
150 534
150 539
150 542
151 503
151 522
151 523
151 547
151 549
152 500
152 502
152 504
152 518
152 527
152 536
153 503
153 508
153 511
153 520
153 534
153 546
154 504
154 517
154 522
154 539
154 543
155 502
155 535
155 543
156 504
156 507
156 516
156 523
156 537
157 502
157 516
157 529
158 509
158 527
158 540
158 546
158 549
159 529
159 540
159 543
159 544
160 502
160 508
160 523
160 524
160 543
160 547
161 501
161 504
161 521
161 537
161 540
162 505
162 517
162 519
162 531
162 536
163 500
163 502
163 508
163 510
163 522
163 528
163 534
164 512
164 518
164 527
164 531
165 504
165 505
165 524
165 525
165 529
165 545
166 512
166 513
166 522
166 528
166 535
166 542
166 544
167 505
167 511
167 526
167 529
167 533
168 505
168 534
168 547
168 549
169 500
169 509
169 511
169 526
169 538
169 549
170 504
170 508
170 534
170 548
170 549
171 523
171 530
171 533
171 535
171 541
171 548
172 504
172 511
172 526
172 549
173 505
173 518
173 538
173 542
174 500
174 503
174 512
174 524
174 526
174 535
174 548
175 517
175 539
176 504
176 506
176 511
176 529
176 530
176 537
176 548
177 504
177 509
177 516
177 519
177 527
177 534
178 514
178 519
178 534
178 536
178 540
178 542
178 548
179 508
179 531
179 534
179 543
179 548
180 520
180 523
180 525
181 519
181 526
182 516
182 524
182 542
183 500
183 513
183 514
183 524
183 528
183 544
183 548
184 500
184 501
184 527
184 530
185 511
185 534
185 538
185 545
186 504
186 523
186 532
186 534
187 500
187 501
187 504
187 507
187 546
188 511
188 513
188 521
188 524
188 547
189 508
189 512
189 515
189 518
189 528
190 501
190 511
190 512
190 516
190 518
190 523
190 528
191 500
191 506
191 525
191 526
191 542
192 504
192 528
192 540
192 545
193 524
193 532
193 537
193 541
194 506
194 527
194 538
195 500
195 501
195 518
195 533
195 545
195 548
196 509
196 521
196 526
196 529
196 533
196 539
197 513
197 515
197 516
197 524
197 529
198 503
198 508
198 525
198 526
198 530
198 537
199 505
199 507
199 517
199 518
199 531
199 549
200 518
200 521
200 530
200 548
201 510
201 524
201 526
201 535
201 542
201 547
202 511
202 524
202 538
202 547
203 504
203 509
203 512
203 515
203 539
203 547
204 502
204 504
204 508
204 511
204 512
204 513
204 516
204 544
204 549
205 511
205 526
205 539
205 540
205 543
206 508
206 529
206 535
206 541
206 548
207 511
207 521
207 522
207 526
207 548
208 502
208 520
208 522
208 524
208 536
209 501
209 503
209 545
210 512
210 514
210 532
210 533
210 534
211 528
211 532
212 500
212 505
212 510
212 525
212 538
212 545
213 500
213 509
213 512
213 537
213 539
214 505
214 534
214 540
214 545
215 500
215 514
215 516
215 537
216 500
216 526
216 527
216 530
216 531
216 537
217 501
217 503
217 531
217 536
217 542
217 543
217 544
217 547
218 524
218 531
218 539
219 505
219 507
219 529
220 503
220 507
220 508
220 510
220 511
220 520
220 521
220 530
220 544
221 501
221 511
221 520
221 521
221 525
221 531
221 532
222 507
222 508
222 522
222 524
223 519
223 524
223 526
223 527
223 537
223 543
223 548
224 501
224 518
224 524
224 536
224 547
225 508
225 526
225 531
225 546
226 524
226 535
226 541
226 543
227 524
227 528
227 543
228 502
228 503
228 518
229 507
229 519
229 530
229 538
229 541
229 545
230 511
230 519
230 523
230 525
230 532
230 534
230 543
231 506
231 533
231 538
231 545
232 516
232 528
232 533
232 540
233 509
233 514
233 516
233 517
233 522
233 527
233 529
233 548
234 502
234 527
234 528
234 531
234 532
235 501
235 512
235 532
235 543
236 532
236 534
236 545
237 501
237 505
237 525
237 545
238 501
238 504
238 505
238 519
238 524
238 532
238 545
239 500
239 501
239 529
239 544
239 548
240 503
240 513
240 528
240 531
240 537
240 542
241 520
241 525
241 535
241 538
241 549
242 511
242 532
242 533
243 505
243 510
243 515
243 529
243 531
243 543
244 501
244 513
244 524
244 533
244 548
245 538
246 512
246 520
246 531
246 534
246 546
247 500
247 504
247 507
247 517
247 521
247 534
247 538
247 541
248 519
248 544
248 548
249 503
249 506
249 508
249 513
249 524
249 539
250 503
250 527
250 544
250 547
251 505
251 509
251 521
251 525
251 527
251 529
252 505
252 511
252 516
252 521
252 526
253 502
253 534
253 536
253 544
254 503
254 511
254 519
254 528
254 538
255 522
255 523
255 543
255 546
255 549
256 504
256 511
256 514
256 528
256 532
256 539
257 521
257 526
257 534
257 542
257 546
258 501
258 506
258 512
258 519
258 520
258 547
259 502
259 513
259 537
259 546
260 523
260 530
260 531
260 532
261 508
261 530
261 536
261 541
261 544
262 505
262 536
262 541
263 503
264 505
264 506
264 523
264 527
264 536
264 544
265 516
265 528
265 533
265 545
266 503
266 518
266 523
266 530
266 544
266 545
267 505
267 512
267 516
267 517
267 528
267 538
267 542
268 510
268 514
268 526
268 530
268 536
268 539
268 548
269 505
269 509
269 514
269 548
270 503
270 508
270 518
270 536
270 546
271 504
271 510
271 516
271 528
271 530
272 506
272 516
272 520
272 525
273 514
273 520
273 537
273 541
274 506
274 508
274 517
274 529
274 530
274 533
274 537
274 542
275 508
275 537
275 541
275 549
276 513
276 537
276 541
276 545
277 521
277 524
277 529
277 538
278 505
278 524
278 526
278 535
278 544
279 500
279 512
279 518
279 533
279 534
279 539
280 506
280 507
280 520
280 523
280 538
281 503
281 504
281 512
281 521
281 527
281 532
281 539
282 510
282 531
282 546
282 547
282 548
283 524
283 527
283 546
284 505
284 510
284 511
284 514
284 537
284 539
284 545
285 500
285 504
285 523
285 538
285 540
286 514
286 519
286 526
286 534
286 537
287 502
287 520
287 526
287 545
288 505
288 510
288 522
288 523
288 535
288 545
288 547
288 549
289 500
289 506
289 509
289 529
289 538
290 500
290 502
290 509
290 518
290 534
290 547
291 500
291 511
291 517
291 541
291 549
292 502
292 503
292 505
292 509
292 534
292 542
293 501
293 506
293 513
293 526
293 529
293 532
293 547
294 501
294 502
294 503
294 510
294 525
294 527
294 534
295 504
295 511
295 519
295 549
296 526
296 537
296 543
297 525
297 530
298 502
298 506
298 516
298 527
298 547
299 501
299 530
299 532
299 543
299 544
299 546
299 548
300 500
300 507
300 525
300 527
300 530
300 545
301 509
301 519
302 503
302 506
302 508
302 509
302 537
302 539
302 549
303 506
303 507
303 514
303 533
303 535
303 540
304 506
304 510
304 511
304 519
304 524
304 541
305 500
305 507
305 521
305 530
305 548
306 504
306 533
307 533
307 547
308 501
308 527
308 546
308 549
309 520
309 534
309 542
310 502
310 510
310 515
310 516
310 524
310 545
311 506
311 508
311 517
311 530
311 531
311 532
312 520
312 544
313 507
313 514
313 519
313 547
313 548
314 509
314 523
314 527
314 529
315 507
315 515
315 523
315 527
315 537
316 506
316 508
316 529
317 500
317 501
317 517
317 536
317 545
318 500
318 510
318 512
318 515
318 526
318 535
318 542
319 510
319 511
319 517
319 523
320 515
320 528
320 547
321 506
321 519
321 529
321 532
321 546
321 547
322 500
322 507
322 511
322 521
322 535
322 546
323 501
323 502
323 519
323 526
323 548
324 508
324 513
324 524
324 528
324 544
324 546
325 519
325 538
325 545
325 549
326 547
327 506
327 526
327 545
327 546
328 503
328 508
328 511
328 538
328 540
329 509
329 528
329 546
329 547
330 502
330 503
330 507
330 512
330 519
330 527
330 545
331 537
331 548
332 507
332 517
332 525
332 528
332 543
333 511
333 539
333 541
334 502
334 513
334 520
335 505
335 549
336 512
336 518
336 524
336 533
337 532
337 541
338 503
338 505
338 517
338 532
338 537
338 542
339 505
339 524
339 539
339 544
339 545
339 547
340 513
340 528
340 529
340 532
340 545
340 546
341 504
341 506
341 511
341 513
341 531
342 504
342 508
342 512
342 513
343 505
343 510
343 530
343 535
344 500
344 512
344 516
344 518
345 509
345 513
345 539
345 543
347 507
347 517
347 526
347 532
347 539
347 547
348 504
348 505
348 507
348 515
348 527
349 520
349 528
349 537
350 529
351 502
351 503
351 515
351 520
351 521
351 541
352 506
352 508
352 515
352 540
353 514
353 537
353 539
353 541
354 527
355 500
355 511
355 531
355 536
356 517
356 528
356 539
357 500
357 519
357 542
358 505
358 518
358 537
358 539
359 506
359 532
359 545
359 546
360 503
360 525
360 526
360 540
361 502
361 503
361 505
361 514
361 526
361 541
362 514
362 525
362 537
363 504
363 508
363 529
363 539
364 506
364 511
364 536
365 507
365 518
365 546
366 511
366 537
366 539
366 543
366 548
367 504
367 506
367 527
367 529
367 534
367 544
368 511
368 518
368 538
368 540
368 542
368 549
369 505
369 523
369 526
369 538
370 504
370 530
370 533
370 546
370 548
371 502
371 508
371 522
371 541
372 503
372 513
372 515
372 529
372 532
372 537
372 539
373 511
373 514
373 527
373 530
374 504
374 505
374 506
374 515
375 512
375 528
375 533
376 519
376 536
376 537
376 538
376 541
376 542
377 507
377 526
377 532
378 539
378 540
379 517
379 523
379 539
379 545
380 504
380 518
380 519
380 521
380 525
380 533
381 507
381 512
381 515
381 519
382 501
382 506
382 519
382 543
383 532
383 545
384 511
384 517
384 534
384 547
385 521
385 524
385 532
385 540
386 506
386 516
386 517
386 546
387 533
388 513
388 528
388 542
388 548
389 513
389 534
389 535
389 548
390 503
390 509
390 512
390 528
390 530
391 510
391 518
391 523
391 529
391 535
392 503
392 516
392 524
392 529
392 546
393 525
394 507
394 513
395 534
395 547
396 505
396 530
396 532
396 533
396 548
397 506
397 510
397 526
397 533
397 546
397 547
398 500
398 501
398 523
399 510
399 513
399 520
399 541
400 536
400 539
401 501
401 502
401 547
402 506
402 508
402 514
402 531
403 520
403 543
403 549
404 509
404 517
404 521
404 522
404 529
405 504
405 521
405 525
405 543
406 518
406 521
406 532
406 534
406 544
407 507
407 516
407 545
408 532
408 546
409 525
409 548
410 513
410 529
410 540
411 500
411 509
411 539
411 540
412 500
412 518
412 526
412 532
412 535
412 544
413 522
413 524
413 528
413 542
414 510
414 536
414 544
414 549
415 508
415 519
415 524
415 535
415 548
416 504
416 507
416 513
416 516
416 531
416 542
417 503
417 504
417 524
417 531
418 503
418 517
418 523
418 542
418 547
419 504
419 538
419 544
419 546
419 548
420 502
420 517
420 529
420 531
420 539
421 503
421 517
421 537
421 548
422 535
423 508
423 519
423 537
423 547
424 515
424 524
424 548
425 511
425 519
425 520
425 527
425 543
426 512
426 521
426 537
426 543
426 547
427 500
427 508
427 514
427 515
427 531
428 507
428 524
429 511
429 517
429 521
429 523
429 533
430 510
430 517
430 535
430 537
431 507
431 513
431 546
432 526
432 549
433 503
433 514
433 521
434 507
434 516
434 523
434 546
435 532
435 539
436 503
436 508
436 514
436 528
437 513
437 540
437 543
438 508
438 533
438 537
439 501
439 503
439 519
439 531
439 536
440 504
440 513
440 545
441 500
441 513
441 526
442 510
442 517
442 519
442 520
442 527
442 538
442 542
443 505
443 538
443 541
444 503
444 510
444 525
444 542
445 503
445 506
445 545
445 548
446 502
446 506
446 543
447 512
447 515
447 517
447 526
447 546
448 501
448 502
448 510
448 517
449 525
449 529
449 535
449 543
450 506
450 542
450 548
451 503
451 513
451 534
452 501
452 535
452 537
453 530
453 532
453 533
454 525
454 528
455 517
455 519
455 521
455 534
456 521
456 537
457 506
457 511
457 521
458 507
458 533
458 548
459 512
459 524
459 530
459 531
460 514
460 527
460 532
460 540
461 505
461 525
462 502
462 527
462 530
463 527
463 542
464 502
464 505
464 524
464 543
464 549
465 500
465 504
465 532
465 537
466 502
466 513
466 526
466 549
467 502
467 508
467 523
467 525
467 548
468 530
469 521
469 541
470 506
470 536
470 548
471 504
471 505
471 507
471 529
472 509
472 513
472 514
473 510
473 517
473 518
474 519
474 525
475 506
475 527
475 541
476 504
476 505
476 510
476 528
477 514
477 538
477 540
477 547
478 500
478 503
479 516
479 531
479 536
480 502
480 531
480 547
482 546
483 518
483 532
483 545
484 525
484 544
485 500
485 513
485 515
485 538
486 506
486 513
486 523
487 513
487 544
488 505
488 524
488 529
488 534
490 506
490 527
491 502
491 519
491 534
491 538
492 506
492 510
492 513
492 514
493 502
493 519
493 543
494 511
494 513
494 520
494 540
495 516
495 523
496 519
496 532
497 501
497 507
497 528
498 546
499 506
500 3
500 12
500 15
500 29
500 30
500 35
500 44
500 47
500 48
500 56
500 58
500 59
500 60
500 64
500 71
500 75
500 97
500 105
500 115
500 129
500 130
500 151
500 165
500 172
500 178
500 188
500 192
500 193
500 194
500 200
500 209
500 224
500 225
500 231
500 245
500 249
500 258
500 259
500 273
500 276
500 281
500 287
500 325
500 364
500 375
500 387
500 400
500 413
500 438
500 457
500 466
500 474
500 482
500 497
501 24
501 36
501 48
501 51
501 66
501 73
501 78
501 81
501 86
501 90
501 91
501 101
501 104
501 106
501 118
501 124
501 139
501 140
501 142
501 159
501 164
501 205
501 206
501 208
501 210
501 214
501 218
501 226
501 227
501 231
501 240
501 242
501 252
501 279
501 280
501 283
501 300
501 305
501 310
501 328
501 332
501 335
501 337
501 355
501 356
501 357
501 367
501 387
501 399
501 404
501 416
501 456
502 5
502 33
502 36
502 57
502 80
502 87
502 88
502 94
502 95
502 99
502 102
502 104
502 111
502 151
502 176
502 180
502 182
502 200
502 202
502 211
502 222
502 235
502 252
502 257
502 271
502 282
502 309
502 337
502 352
502 358
502 359
502 363
502 369
502 394
502 405
502 419
502 426
502 473
502 499
503 9
503 12
503 25
503 29
503 33
503 45
503 47
503 53
503 54
503 62
503 78
503 86
503 94
503 95
503 99
503 115
503 124
503 129
503 156
503 172
503 182
503 184
503 199
503 202
503 203
503 207
503 218
503 224
503 235
503 241
503 244
503 285
503 287
503 301
503 306
503 312
503 316
503 324
503 326
503 332
503 346
503 353
503 356
503 378
503 386
503 389
503 394
503 409
503 424
504 6
504 9
504 13
504 15
504 19
504 22
504 24
504 37
504 61
504 68
504 87
504 112
504 120
504 122
504 123
504 133
504 136
504 166
504 179
504 199
504 208
504 213
504 219
504 226
504 242
504 245
504 248
504 250
504 252
504 263
504 267
504 269
504 283
504 322
504 326
504 328
504 336
504 343
504 364
504 365
504 379
504 382
504 396
504 401
504 421
504 453
504 481
505 11
505 16
505 29
505 39
505 40
505 41
505 51
505 64
505 65
505 71
505 86
505 92
505 98
505 108
505 119
505 137
505 150
505 151
505 155
505 159
505 166
505 170
505 178
505 180
505 183
505 193
505 208
505 210
505 222
505 231
505 234
505 235
505 247
505 277
505 291
505 300
505 312
505 331
505 356
505 375
505 378
505 385
505 400
505 462
506 1
506 9
506 10
506 16
506 20
506 22
506 23
506 29
506 41
506 48
506 53
506 58
506 109
506 116
506 118
506 135
506 136
506 142
506 149
506 152
506 155
506 170
506 175
506 181
506 211
506 216
506 217
506 226
506 251
506 252
506 281
506 295
506 309
506 342
506 347
506 350
506 375
506 393
506 407
506 422
506 427
506 448
506 478
506 480
507 0
507 1
507 7
507 22
507 52
507 64
507 71
507 76
507 82
507 94
507 106
507 111
507 117
507 120
507 126
507 133
507 138
507 139
507 140
507 150
507 164
507 169
507 173
507 185
507 186
507 201
507 206
507 215
507 240
507 243
507 250
507 252
507 259
507 261
507 268
507 282
507 283
507 290
507 308
507 314
507 331
507 337
507 342
507 350
507 386
507 389
507 400
507 402
507 432
507 438
507 444
507 445
507 446
507 472
507 477
508 3
508 17
508 32
508 36
508 41
508 43
508 56
508 82
508 86
508 93
508 111
508 117
508 125
508 126
508 127
508 131
508 133
508 134
508 139
508 143
508 154
508 157
508 164
508 166
508 168
508 171
508 172
508 182
508 184
508 185
508 187
508 188
508 202
508 211
508 228
508 232
508 239
508 242
508 262
508 266
508 283
508 314
508 326
508 355
508 369
508 376
508 378
508 381
508 411
508 414
508 421
508 450
508 456
508 461
509 2
509 3
509 10
509 12
509 15
509 23
509 27
509 28
509 32
509 45
509 55
509 60
509 68
509 75
509 82
509 88
509 100
509 107
509 123
509 146
509 159
509 160
509 167
509 178
509 181
509 193
509 210
509 212
509 221
509 227
509 275
509 276
509 279
509 310
509 312
509 320
509 322
509 333
509 344
509 346
509 352
509 354
509 360
509 370
509 373
509 381
509 383
509 395
509 408
509 410
509 422
509 424
509 432
509 433
509 435
509 445
509 451
509 458
509 462
509 487
510 15
510 18
510 20
510 23
510 24
510 25
510 33
510 34
510 38
510 50
510 58
510 76
510 78
510 81
510 85
510 99
510 110
510 111
510 114
510 116
510 118
510 124
510 126
510 131
510 137
510 140
510 148
510 155
510 174
510 178
510 185
510 200
510 206
510 209
510 230
510 232
510 234
510 248
510 255
510 262
510 276
510 301
510 321
510 326
510 335
510 342
510 362
510 380
510 398
510 428
510 431
510 455
510 478
510 481
510 484
511 10
511 11
511 13
511 25
511 30
511 34
511 45
511 49
511 70
511 81
511 120
511 122
511 144
511 152
511 155
511 181
511 191
511 198
511 213
511 250
511 258
511 278
511 279
511 296
511 302
511 336
511 354
511 383
511 386
511 391
511 409
511 411
511 418
511 435
511 440
511 459
511 463
511 483
511 487
512 1
512 13
512 18
512 24
512 26
512 29
512 32
512 47
512 51
512 59
512 65
512 69
512 81
512 83
512 88
512 93
512 97
512 100
512 103
512 107
512 108
512 130
512 137
512 138
512 146
512 149
512 154
512 158
512 162
512 170
512 171
512 175
512 181
512 185
512 193
512 194
512 196
512 197
512 217
512 227
512 237
512 263
512 291
512 297
512 316
512 326
512 329
512 367
512 370
512 384
512 414
512 443
512 467
512 490
512 498
513 2
513 3
513 5
513 10
513 18
513 25
513 42
513 48
513 52
513 53
513 62
513 63
513 66
513 74
513 80
513 88
513 95
513 107
513 119
513 134
513 136
513 142
513 152
513 154
513 156
513 157
513 167
513 168
513 171
513 177
513 186
513 191
513 200
513 202
513 215
513 256
513 295
513 297
513 305
513 309
513 320
513 349
513 350
513 358
513 359
513 363
513 373
513 379
513 398
513 417
513 446
513 456
513 481
513 495
514 4
514 6
514 22
514 26
514 29
514 36
514 39
514 49
514 50
514 58
514 61
514 70
514 72
514 80
514 91
514 99
514 102
514 105
514 109
514 115
514 148
514 177
514 189
514 201
514 207
514 226
514 245
514 249
514 279
514 282
514 291
514 293
514 307
514 315
514 383
514 396
514 423
514 425
514 434
514 437
514 441
514 452
514 479
514 484
514 496
515 1
515 11
515 20
515 21
515 22
515 34
515 39
515 48
515 52
515 57
515 58
515 65
515 74
515 76
515 78
515 85
515 91
515 101
515 103
515 122
515 132
515 133
515 138
515 165
515 168
515 179
515 202
515 207
515 214
515 215
515 245
515 260
515 269
515 285
515 288
515 298
515 307
515 325
515 346
515 353
515 371
515 393
515 404
515 410
515 422
515 432
515 434
515 441
515 450
515 482
516 10
516 12
516 16
516 18
516 28
516 34
516 38
516 58
516 69
516 75
516 77
516 81
516 89
516 91
516 101
516 124
516 130
516 146
516 147
516 159
516 175
516 181
516 184
516 186
516 187
516 218
516 224
516 229
516 243
516 253
516 263
516 277
516 285
516 286
516 312
516 320
516 329
516 331
516 335
516 341
516 360
516 394
516 397
516 406
516 433
516 436
516 440
516 451
516 456
516 469
516 485
517 0
517 3
517 22
517 24
517 36
517 37
517 43
517 53
517 54
517 57
517 58
517 63
517 75
517 84
517 89
517 97
517 101
517 109
517 110
517 112
517 121
517 124
517 129
517 130
517 138
517 155
517 173
517 184
517 194
517 197
517 216
517 236
517 240
517 243
517 248
517 250
517 255
517 257
517 258
517 292
517 301
517 303
517 306
517 325
517 334
517 351
517 358
517 362
517 387
517 403
517 407
517 443
517 444
517 454
517 461
517 479
517 492
518 2
518 7
518 8
518 15
518 24
518 38
518 42
518 43
518 46
518 54
518 64
518 69
518 81
518 111
518 117
518 126
518 139
518 145
518 148
518 150
518 157
518 161
518 174
518 176
518 197
518 198
518 211
518 213
518 219
518 241
518 255
518 261
518 282
518 303
518 313
518 327
518 360
518 414
518 420
518 428
518 440
518 448
518 453
518 496
519 6
519 21
519 23
519 30
519 39
519 41
519 43
519 48
519 49
519 60
519 64
519 76
519 83
519 88
519 96
519 101
519 105
519 111
519 113
519 115
519 116
519 123
519 128
519 142
519 143
519 146
519 149
519 153
519 161
519 167
519 180
519 195
519 196
519 200
519 207
519 222
519 237
519 243
519 251
519 272
519 298
519 308
519 316
519 320
519 334
519 337
519 348
519 358
519 364
519 374
519 385
519 394
519 395
519 401
519 403
519 411
519 413
519 447
519 463
520 1
520 3
520 23
520 26
520 35
520 47
520 72
520 74
520 97
520 115
520 130
520 134
520 140
520 147
520 151
520 156
520 157
520 161
520 162
520 163
520 169
520 183
520 187
520 197
520 203
520 205
520 210
520 213
520 223
520 228
520 236
520 237
520 240
520 245
520 255
520 262
520 264
520 267
520 295
520 306
520 308
520 316
520 329
520 336
520 338
520 355
520 364
520 365
520 383
520 432
520 433
520 457
520 481
520 482
520 483
520 484
520 489
520 495
521 2
521 4
521 5
521 13
521 17
521 19
521 33
521 49
521 72
521 80
521 82
521 85
521 95
521 96
521 115
521 116
521 119
521 137
521 140
521 156
521 157
521 160
521 165
521 168
521 181
521 189
521 199
521 202
521 205
521 249
521 250
521 253
521 263
521 264
521 265
521 266
521 269
521 274
521 276
521 317
521 329
521 346
521 359
521 363
521 377
521 387
521 389
521 392
521 432
521 471
521 475
522 1
522 2
522 3
522 4
522 5
522 6
522 8
522 12
522 20
522 30
522 46
522 48
522 49
522 53
522 60
522 69
522 74
522 87
522 93
522 126
522 127
522 128
522 131
522 133
522 161
522 167
522 168
522 171
522 177
522 189
522 199
522 203
522 216
522 223
522 225
522 237
522 239
522 244
522 245
522 249
522 260
522 265
522 278
522 281
522 285
522 287
522 289
522 331
522 334
522 339
522 342
522 344
522 348
522 374
522 381
522 382
522 388
522 400
522 427
522 430
522 449
522 476
522 489
523 7
523 8
523 16
523 27
523 43
523 49
523 50
523 55
523 60
523 83
523 118
523 122
523 128
523 139
523 148
523 163
523 169
523 176
523 197
523 207
523 214
523 229
523 251
523 254
523 265
523 269
523 272
523 289
523 304
523 329
523 333
523 350
523 378
523 395
523 403
523 409
523 422
523 454
523 473
523 474
524 0
524 4
524 24
524 31
524 40
524 41
524 43
524 45
524 46
524 49
524 57
524 63
524 67
524 70
524 71
524 76
524 106
524 109
524 117
524 127
524 130
524 132
524 134
524 150
524 153
524 158
524 164
524 175
524 192
524 195
524 209
524 233
524 235
524 245
524 248
524 261
524 262
524 267
524 269
524 271
524 292
524 294
524 297
524 328
524 333
524 335
524 346
524 361
524 382
524 398
524 423
524 433
524 437
524 439
524 453
524 457
524 473
525 0
525 4
525 18
525 19
525 21
525 22
525 25
525 33
525 38
525 44
525 45
525 55
525 60
525 66
525 75
525 79
525 90
525 95
525 124
525 132
525 141
525 142
525 144
525 145
525 146
525 149
525 154
525 159
525 175
525 188
525 192
525 196
525 199
525 225
525 236
525 273
525 276
525 290
525 307
525 310
525 318
525 319
525 330
525 344
525 347
525 348
525 391
525 480
526 1
526 7
526 20
526 23
526 37
526 45
526 52
526 60
526 68
526 71
526 72
526 74
526 80
526 87
526 106
526 107
526 109
526 110
526 117
526 132
526 153
526 180
526 186
526 194
526 208
526 218
526 236
526 241
526 244
526 246
526 254
526 262
526 275
526 283
526 300
526 308
526 314
526 326
526 342
526 355
526 357
526 371
526 374
526 386
526 439
526 491
527 6
527 7
527 17
527 21
527 25
527 29
527 43
527 51
527 77
527 92
527 105
527 109
527 112
527 115
527 131
527 140
527 142
527 156
527 180
527 181
527 189
527 190
527 208
527 209
527 214
527 215
527 220
527 222
527 225
527 238
527 239
527 253
527 263
527 265
527 268
527 272
527 282
527 286
527 302
527 303
527 309
527 323
527 333
527 343
527 360
527 374
527 393
527 418
527 428
527 441
527 468
528 5
528 19
528 20
528 27
528 32
528 41
528 56
528 63
528 65
528 68
528 70
528 72
528 73
528 77
528 84
528 86
528 92
528 97
528 104
528 116
528 117
528 143
528 146
528 157
528 170
528 176
528 196
528 210
528 226
528 263
528 277
528 278
528 294
528 306
528 308
528 317
528 325
528 327
528 334
528 336
528 344
528 350
528 357
528 377
528 395
528 412
528 424
528 430
528 435
528 441
528 452
528 463
528 472
529 16
529 21
529 26
529 36
529 38
529 46
529 56
529 61
529 68
529 80
529 88
529 110
529 113
529 134
529 146
529 151
529 160
529 169
529 174
529 179
529 180
529 182
529 183
529 205
529 211
529 212
529 213
529 232
529 257
529 273
529 297
529 307
529 349
529 354
529 393
529 438
529 468
529 470
529 474
529 486
530 8
530 11
530 16
530 33
530 36
530 37
530 53
530 59
530 73
530 90
530 91
530 93
530 110
530 120
530 133
530 134
530 135
530 162
530 179
530 195
530 202
530 209
530 231
530 234
530 236
530 237
530 242
530 244
530 248
530 262
530 277
530 296
530 312
530 321
530 331
530 333
530 335
530 350
530 357
530 365
530 380
530 397
530 407
530 422
530 440
530 445
530 470
530 487
530 498
531 6
531 14
531 22
531 24
531 27
531 32
531 45
531 53
531 55
531 57
531 67
531 68
531 79
531 82
531 86
531 88
531 96
531 155
531 158
531 165
531 190
531 192
531 204
531 214
531 227
531 228
531 237
531 245
531 248
531 265
531 273
531 285
531 305
531 312
531 323
531 337
531 356
531 363
531 366
531 405
531 426
531 435
531 437
531 446
531 454
531 469
531 474
531 489
532 0
532 3
532 6
532 13
532 20
532 23
532 31
532 43
532 49
532 52
532 60
532 61
532 86
532 89
532 94
532 95
532 97
532 99
532 116
532 125
532 149
532 153
532 154
532 189
532 192
532 205
532 218
532 253
532 261
532 263
532 280
532 297
532 305
532 344
532 357
532 362
532 366
532 369
532 375
532 378
532 379
532 402
532 405
532 476
532 482
533 5
533 7
533 22
533 23
533 35
533 37
533 46
533 48
533 67
533 69
533 80
533 87
533 90
533 101
533 103
533 104
533 124
533 127
533 136
533 149
533 153
533 154
533 158
533 159
533 175
533 179
533 187
533 193
533 203
533 219
533 223
533 228
533 229
533 270
533 284
533 297
533 301
533 304
533 311
533 319
533 323
533 325
533 327
533 330
533 332
533 334
533 335
533 343
533 348
533 372
533 389
533 464
533 490
534 3
534 6
534 14
534 18
534 21
534 35
534 42
534 46
534 47
534 55
534 59
534 61
534 67
534 82
534 91
534 98
534 119
534 121
534 127
534 146
534 162
534 167
534 171
534 172
534 191
534 192
534 212
534 219
534 259
534 315
534 339
534 346
534 376
534 378
534 381
534 463
534 468
534 469
534 475
534 493
535 1
535 7
535 15
535 16
535 27
535 32
535 81
535 94
535 105
535 106
535 110
535 117
535 137
535 145
535 147
535 149
535 158
535 164
535 180
535 191
535 193
535 203
535 213
535 229
535 234
535 253
535 254
535 256
535 261
535 264
535 276
535 296
535 340
535 346
535 347
535 349
535 368
535 394
535 429
535 450
536 5
536 12
536 16
536 23
536 27
536 32
536 35
536 37
536 44
536 46
536 50
536 62
536 63
536 70
536 77
536 78
536 94
536 104
536 112
536 119
536 130
536 131
536 132
536 138
536 142
536 168
536 186
536 194
536 209
536 227
536 230
536 232
536 234
536 241
536 244
536 247
536 248
536 259
536 260
536 275
536 280
536 286
536 311
536 318
536 335
536 339
536 345
536 353
536 354
536 356
536 384
536 393
536 398
536 399
536 422
536 429
536 466
536 490
537 2
537 7
537 9
537 17
537 30
537 33
537 47
537 50
537 51
537 54
537 55
537 74
537 75
537 81
537 95
537 113
537 141
537 142
537 155
537 160
537 163
537 170
537 172
537 188
537 194
537 204
537 206
537 208
537 211
537 228
537 241
537 246
537 264
537 268
537 290
537 292
537 311
537 323
537 326
537 340
537 345
537 359
537 387
537 408
537 417
537 428
537 436
537 458
538 5
538 9
538 10
538 15
538 19
538 23
538 27
538 32
538 33
538 39
538 42
538 62
538 84
538 91
538 93
538 98
538 104
538 112
538 119
538 120
538 125
538 126
538 131
538 138
538 144
538 147
538 161
538 172
538 181
538 182
538 186
538 200
538 225
538 228
538 230
538 236
538 263
538 272
538 275
538 296
538 306
538 313
538 315
538 324
538 343
538 392
538 399
538 403
538 409
538 413
538 431
538 461
539 2
539 5
539 10
539 11
539 14
539 16
539 24
539 45
539 83
539 99
539 100
539 106
539 107
539 125
539 127
539 139
539 149
539 151
539 179
539 187
539 191
539 193
539 257
539 258
539 260
539 270
539 272
539 273
539 283
539 301
539 313
539 332
539 334
539 338
539 365
539 373
539 382
539 383
539 388
539 390
539 391
539 393
539 394
539 399
539 401
539 407
539 409
539 428
539 449
539 465
539 468
539 486
540 2
540 13
540 16
540 30
540 38
540 58
540 67
540 73
540 80
540 81
540 84
540 87
540 90
540 92
540 94
540 98
540 100
540 107
540 108
540 152
540 162
540 168
540 174
540 181
540 182
540 189
540 190
540 200
540 212
540 221
540 222
540 226
540 242
540 254
540 266
540 274
540 277
540 299
540 309
540 312
540 316
540 322
540 333
540 354
540 384
540 388
540 392
540 408
540 417
540 468
540 472
541 2
541 4
541 7
541 8
541 9
541 18
541 19
541 48
541 50
541 52
541 62
541 68
541 76
541 79
541 83
541 85
541 96
541 100
541 144
541 172
541 173
541 182
541 187
541 198
541 205
541 211
541 212
541 214
541 224
541 225
541 239
541 242
541 250
541 255
541 259
541 260
541 265
541 270
541 284
541 286
541 287
541 289
541 293
541 296
541 298
541 307
541 326
541 343
541 345
541 410
541 415
541 419
541 420
541 431
541 494
542 0
542 4
542 17
542 20
542 27
542 28
542 29
542 35
542 39
542 51
542 53
542 57
542 59
542 65
542 72
542 73
542 79
542 81
542 102
542 108
542 114
542 120
542 126
542 127
542 133
542 140
542 169
542 175
542 185
542 188
542 190
542 215
542 218
542 219
542 221
542 224
542 227
542 238
542 246
542 259
542 271
542 275
542 280
542 295
542 296
542 304
542 306
542 327
542 337
542 349
542 361
542 373
542 443
542 459
542 460
542 469
543 9
543 21
543 23
543 25
543 28
543 35
543 46
543 51
543 61
543 72
543 76
543 79
543 80
543 84
543 89
543 90
543 91
543 95
543 105
543 108
543 128
543 134
543 135
543 142
543 149
543 150
543 152
543 158
543 173
543 182
543 185
543 191
543 194
543 195
543 198
543 201
543 206
543 238
543 246
543 256
543 271
543 306
543 316
543 317
543 319
543 327
543 352
543 362
543 377
543 379
543 390
543 395
543 398
543 401
543 406
543 436
543 460
543 475
544 1
544 7
544 26
544 28
544 33
544 35
544 41
544 53
544 59
544 70
544 71
544 90
544 101
544 102
544 111
544 118
544 129
544 130
544 149
544 157
544 162
544 165
544 170
544 173
544 177
544 184
544 201
544 207
544 216
544 219
544 228
544 257
544 277
544 295
544 313
544 341
544 354
544 370
544 371
544 375
544 388
544 390
544 396
544 400
544 402
544 443
544 446
544 451
544 458
544 462
544 489
545 3
545 12
545 14
545 29
545 34
545 41
545 44
545 48
545 69
545 71
545 74
545 76
545 77
545 83
545 93
545 95
545 98
545 107
545 113
545 143
545 148
545 149
545 160
545 161
545 163
545 175
545 177
545 183
545 194
545 201
545 211
545 215
545 222
545 233
545 253
545 263
545 270
545 275
545 299
545 307
545 321
545 324
545 331
545 337
545 350
545 353
545 368
545 377
545 384
545 385
545 387
545 393
545 410
545 444
545 470
545 493
546 6
546 16
546 22
546 23
546 25
546 32
546 37
546 52
546 68
546 77
546 82
546 84
546 89
546 91
546 122
546 128
546 133
546 135
546 136
546 142
546 143
546 145
546 146
546 147
546 155
546 156
546 180
546 184
546 196
546 197
546 206
546 219
546 227
546 231
546 232
546 235
546 245
546 256
546 269
546 284
546 301
546 307
546 309
546 319
546 328
546 341
546 346
546 349
546 354
546 366
546 371
546 377
546 383
546 415
546 421
546 423
546 435
546 452
546 478
547 12
547 19
547 29
547 31
547 34
547 35
547 40
547 46
547 63
547 76
547 77
547 83
547 94
547 99
547 104
547 105
547 106
547 120
547 126
547 140
547 164
547 198
547 232
547 236
547 251
547 254
547 262
547 266
547 271
547 273
547 278
547 280
547 289
547 297
547 314
547 317
547 331
547 345
547 364
547 387
547 408
547 424
547 471
547 481
548 13
548 21
548 27
548 29
548 31
548 38
548 41
548 44
548 47
548 49
548 54
548 73
548 74
548 78
548 86
548 90
548 97
548 102
548 114
548 125
548 127
548 149
548 150
548 157
548 164
548 167
548 173
548 175
548 184
548 185
548 209
548 231
548 235
548 242
548 272
548 278
548 287
548 291
548 298
548 301
548 314
548 315
548 320
548 336
548 340
548 351
548 362
548 425
548 430
548 431
548 437
548 454
548 455
548 461
548 489
548 499
549 2
549 5
549 8
549 11
549 14
549 15
549 18
549 21
549 24
549 31
549 32
549 33
549 36
549 41
549 46
549 62
549 73
549 74
549 76
549 81
549 87
549 90
549 104
549 124
549 138
549 139
549 143
549 144
549 159
549 166
549 173
549 186
549 188
549 192
549 195
549 209
549 210
549 211
549 218
549 239
549 246
549 260
549 270
549 283
549 319
549 320
549 338
549 341
549 345
549 346
549 352
549 365
549 369
549 385
549 395
549 408
549 434
549 438
549 465
549 488
500 501 502 503 504 505 506 507 508 509 510 511 512 513 514 515 516 517 518 519 520 521 522 523 524 525 526 527 528 529 530 531 532 533 534 535 536 537 538 539 540 541 542 543 544 545 546 547 548 549
