1024 5120 135
0 1
0 32
0 64
0 128
0 512
1 17
1 33
1 129
2 0
2 3
2 6
2 34
2 258
2 514
3 1
3 19
3 35
3 131
3 259
3 515
4 0
4 6
4 12
4 20
4 68
5 1
5 4
5 7
5 13
5 21
5 133
6 14
6 38
6 134
6 262
6 518
7 3
7 6
7 23
7 39
7 71
7 263
7 519
8 0
8 40
8 72
8 264
9 1
9 8
9 11
9 25
9 73
9 137
9 265
9 521
10 2
10 8
10 14
10 26
10 42
10 74
10 138
10 522
11 3
11 10
11 27
11 43
11 267
11 523
12 8
12 13
12 14
12 28
12 44
12 140
12 524
13 9
13 15
13 45
13 77
13 141
13 269
13 525
14 15
14 46
14 78
14 142
15 7
15 11
16 0
16 18
16 80
16 144
16 528
17 16
17 49
17 81
18 2
18 19
18 22
18 26
18 82
18 146
18 530
19 17
19 51
19 83
19 275
19 531
20 16
20 21
20 22
20 148
20 276
21 17
21 23
21 85
22 6
22 30
22 54
22 86
22 534
23 19
23 22
23 31
23 279
24 8
24 16
24 26
24 28
24 56
24 88
24 280
25 17
25 24
25 57
25 89
25 281
25 537
26 58
26 90
26 154
26 538
27 19
27 25
27 26
27 31
27 155
27 283
27 539
28 20
28 30
28 156
29 13
29 21
29 25
29 28
29 31
29 61
29 157
29 285
30 14
30 26
30 31
30 94
31 15
31 159
31 287
32 33
32 288
32 544
33 35
33 37
33 41
33 161
33 545
34 32
34 35
34 38
34 50
34 162
35 43
35 99
35 163
35 291
35 547
36 4
36 32
36 164
36 292
36 548
37 5
37 36
37 39
37 45
37 53
37 101
38 36
38 46
38 54
38 294
38 550
39 35
39 38
39 167
39 551
40 32
40 42
40 168
40 552
41 9
41 40
41 45
41 297
42 34
42 46
42 58
42 170
42 554
43 41
43 42
43 47
43 171
43 555
44 36
44 40
44 108
44 300
44 556
45 44
45 61
45 109
45 173
45 301
45 557
46 44
46 47
46 62
46 110
46 174
46 302
47 15
47 39
47 45
47 175
47 303
47 559
48 16
48 32
48 50
48 56
48 176
48 304
48 560
49 33
49 48
49 177
50 18
50 51
50 54
50 58
50 178
50 306
51 35
51 49
51 55
51 59
51 563
52 20
52 36
52 48
52 53
52 180
53 21
53 49
53 117
53 181
54 52
54 62
54 118
54 566
55 23
55 39
55 53
55 54
55 119
55 311
56 40
56 58
56 60
56 120
57 41
57 49
57 56
57 121
57 569
58 59
58 186
58 314
59 27
59 43
59 57
59 187
60 28
60 44
60 52
60 61
60 124
60 188
60 316
61 53
61 57
61 573
62 30
62 58
62 60
62 190
63 31
63 47
63 55
63 59
63 61
63 62
63 127
63 191
63 575
64 65
64 66
64 68
64 80
64 192
64 576
65 1
65 69
65 73
65 97
65 193
65 577
66 2
66 67
66 70
66 74
66 82
66 98
66 578
67 3
67 65
67 71
67 75
67 195
67 579
68 69
68 70
68 100
68 196
68 324
69 5
69 71
69 101
69 325
69 581
70 6
70 198
71 70
71 79
71 87
72 64
72 73
72 74
72 88
72 104
72 584
73 75
73 329
73 585
74 75
74 90
74 106
74 330
74 586
75 11
75 79
76 12
76 68
76 72
76 78
76 92
77 69
77 73
77 76
77 79
77 205
78 70
78 74
78 79
78 94
78 110
78 334
79 15
79 95
79 335
79 591
80 81
80 82
80 84
80 88
81 65
81 89
81 209
82 114
82 210
82 338
83 67
83 81
83 82
83 339
83 595
84 20
84 68
84 85
84 86
84 340
85 69
85 81
85 93
85 341
85 597
86 70
86 82
86 87
86 94
86 214
86 342
86 598
87 23
87 83
87 85
87 95
87 119
87 215
87 343
88 89
88 90
88 92
89 73
89 91
90 82
90 94
90 122
90 346
91 27
91 75
91 83
91 90
91 95
91 123
91 347
92 28
92 84
92 93
92 94
92 124
92 220
92 348
92 604
93 29
93 77
93 89
93 125
93 221
93 349
93 605
94 95
94 126
94 222
94 350
94 606
95 31
95 93
95 223
95 607
96 32
96 64
96 98
96 104
96 352
96 608
97 33
97 96
97 101
97 105
97 113
97 353
97 609
98 34
98 226
98 610
99 67
99 97
99 98
99 103
99 107
99 115
99 227
99 355
99 611
100 36
100 96
100 101
100 108
100 612
101 357
101 613
102 38
102 70
102 98
102 100
102 103
102 110
102 118
102 230
103 39
103 71
103 101
103 111
103 119
103 231
103 359
103 615
104 40
104 120
104 360
104 616
105 41
105 73
105 104
105 107
105 109
105 121
106 42
106 98
106 104
106 110
106 234
107 43
107 75
107 106
107 111
107 123
107 363
108 76
108 104
108 109
108 110
108 364
109 77
109 101
109 237
110 111
110 126
110 238
110 366
111 47
111 79
111 109
111 127
111 239
111 367
112 48
112 80
112 96
112 113
112 114
112 116
112 240
112 368
112 624
113 49
113 81
113 115
113 117
113 369
113 625
114 50
114 98
114 115
114 118
114 122
114 242
115 51
115 83
115 119
115 123
115 371
115 627
116 52
116 84
116 100
116 117
116 118
116 124
116 372
116 628
117 85
117 101
117 119
117 245
117 373
117 629
118 86
118 126
118 246
118 374
119 118
119 127
119 247
119 375
119 631
120 88
120 112
120 122
120 124
120 248
120 376
121 89
121 113
121 120
121 249
121 377
122 58
122 106
122 123
122 126
122 378
122 634
123 59
123 121
123 127
123 379
124 108
124 126
124 380
125 61
125 109
125 117
125 121
125 124
125 127
126 62
126 638
127 95
127 126
128 129
128 130
128 136
128 144
128 160
128 192
128 384
129 145
129 161
129 193
129 641
130 2
130 138
130 146
130 162
130 194
130 386
130 642
131 129
131 130
131 135
131 147
131 163
131 195
132 4
132 128
132 148
132 164
133 129
133 132
133 149
133 165
133 197
133 389
134 130
134 132
134 142
134 166
134 198
135 7
135 133
135 134
135 151
135 167
135 199
136 8
136 137
136 140
136 152
136 168
136 392
136 648
137 129
137 201
138 136
138 139
138 170
138 202
139 11
139 131
139 137
139 171
139 203
140 132
140 141
140 142
140 156
140 396
141 133
141 137
141 143
141 173
141 653
142 138
142 143
142 206
142 398
142 654
143 15
143 135
143 139
143 159
143 175
144 146
144 148
144 152
144 208
144 656
145 17
145 144
145 149
145 153
145 177
145 209
145 401
145 657
146 150
146 178
147 19
147 145
147 146
147 179
147 403
147 659
148 150
148 180
148 212
148 404
149 21
149 148
149 157
149 213
149 661
150 22
150 134
150 151
150 158
150 406
151 23
151 147
151 149
151 159
151 183
151 215
151 407
152 24
152 156
152 184
153 25
153 137
153 152
153 185
153 217
153 665
154 138
154 146
154 152
154 218
154 410
154 666
155 139
155 147
155 153
155 154
155 187
155 219
156 148
156 188
156 220
156 412
156 668
157 141
157 153
157 156
157 221
157 413
157 669
158 30
158 142
158 154
158 156
158 222
158 670
159 155
159 157
159 158
160 32
160 162
160 164
160 176
160 672
161 160
161 163
161 169
161 177
162 166
162 178
162 418
162 674
163 162
163 171
163 675
164 166
164 172
164 676
165 37
165 161
165 164
165 167
165 181
165 421
165 677
166 38
166 167
166 174
166 678
167 163
167 183
167 231
167 423
168 160
168 170
168 184
168 232
169 41
169 137
169 168
169 185
169 233
169 681
170 162
170 171
170 174
170 186
170 234
170 682
171 169
171 175
171 187
171 235
171 427
172 44
172 140
172 168
172 188
172 236
172 428
173 165
173 169
173 172
173 175
173 189
173 429
173 685
174 142
174 172
174 190
174 238
174 430
174 686
175 167
175 174
175 431
176 144
176 177
176 240
176 432
176 688
177 179
177 181
177 185
177 241
177 689
178 176
178 179
178 186
178 434
179 51
179 163
179 187
179 243
180 164
180 176
180 182
180 188
180 244
180 436
181 149
181 180
181 189
181 245
181 693
182 54
182 150
182 166
182 178
182 190
182 246
182 694
183 55
183 179
183 181
183 182
183 247
183 439
183 695
184 56
184 176
184 185
184 248
184 696
185 57
185 189
185 249
186 154
186 184
186 187
186 250
186 442
187 185
187 191
187 251
187 443
188 184
188 189
188 190
188 252
188 444
189 61
189 157
189 191
189 253
189 701
190 158
190 186
190 702
191 159
191 175
191 183
191 190
191 255
191 703
192 194
192 196
192 200
192 208
192 448
193 192
193 197
193 201
194 66
194 198
194 202
194 450
194 706
195 193
195 194
195 211
195 451
195 707
196 132
196 197
196 198
196 204
196 212
196 228
196 708
197 69
197 199
197 453
198 199
198 214
198 230
199 71
199 195
199 207
199 231
199 455
199 711
200 72
200 136
200 201
200 202
200 216
200 232
201 73
201 203
201 217
201 233
201 713
202 74
202 458
202 714
203 75
203 195
203 202
203 207
203 219
203 235
203 459
204 76
204 140
204 200
204 205
204 460
204 716
205 141
205 197
205 201
205 461
205 717
206 78
206 198
206 202
206 204
206 238
206 718
207 79
207 143
207 205
207 206
207 223
207 463
207 719
208 80
208 212
208 720
209 193
209 208
209 213
209 217
209 465
209 721
210 146
210 194
210 208
210 466
210 722
211 83
211 147
211 209
211 210
211 215
211 467
211 723
212 84
212 213
212 244
212 468
213 85
213 197
213 215
214 150
214 210
214 212
214 215
214 246
214 470
214 726
215 199
215 727
216 88
216 152
216 208
216 217
216 220
217 89
217 729
218 90
218 202
218 210
218 216
218 219
218 222
218 250
218 730
219 91
219 211
219 217
219 223
219 251
219 731
220 204
220 212
221 205
221 213
221 217
221 220
222 206
222 214
222 220
222 478
223 159
223 215
223 221
223 222
223 479
224 96
224 160
224 192
224 226
224 480
224 736
225 97
225 161
225 193
225 224
225 233
225 241
225 737
226 162
226 194
226 227
226 230
226 234
226 242
226 738
227 163
227 195
227 225
227 235
227 243
227 739
228 100
228 164
228 224
228 229
228 244
229 101
229 165
229 197
229 225
229 237
229 245
230 166
230 228
230 486
231 227
231 229
231 230
231 247
232 104
232 224
232 234
232 744
233 105
233 232
233 745
234 202
234 235
234 250
235 107
235 233
235 239
235 251
236 108
236 204
236 228
236 232
236 237
236 492
237 173
237 205
237 233
237 493
237 749
238 230
238 234
238 236
238 254
238 750
239 175
239 207
239 231
239 237
239 238
240 208
240 224
240 241
240 752
241 113
241 209
241 243
241 245
241 249
241 497
242 178
242 210
242 240
242 246
242 498
242 754
243 115
243 211
243 242
243 251
244 116
244 240
244 245
244 246
244 252
244 500
244 756
245 213
245 757
246 230
247 215
247 243
247 245
247 246
247 503
248 216
248 232
248 240
249 217
249 233
249 248
249 251
249 505
249 761
250 122
250 242
250 248
250 254
250 762
251 123
251 250
251 763
252 124
252 220
252 236
252 248
252 764
253 125
253 221
253 237
253 245
253 249
253 252
253 765
254 126
254 190
254 222
254 246
254 252
255 127
255 223
255 239
255 247
255 251
255 253
255 254
255 767
256 0
256 768
257 1
257 256
257 259
257 265
257 273
257 321
257 769
258 256
258 290
258 386
258 770
259 258
259 291
259 323
259 771
260 4
260 256
260 268
260 292
260 388
261 5
261 257
261 260
261 263
261 277
261 293
261 389
261 773
262 258
262 260
262 278
262 294
262 326
262 774
263 259
263 262
263 279
264 256
264 265
264 268
264 280
264 296
264 328
265 267
265 297
265 329
265 393
266 10
266 258
266 264
266 267
266 270
266 282
266 298
266 330
267 259
267 271
267 283
267 331
267 395
267 779
268 12
268 284
269 261
269 265
269 268
269 271
269 285
269 301
269 397
270 14
270 262
270 268
270 334
270 782
271 15
271 263
271 270
271 303
271 335
271 399
272 16
272 256
272 280
272 304
273 17
273 272
273 305
273 785
274 18
274 258
274 272
274 275
274 278
274 306
274 402
274 786
275 259
275 273
275 279
275 307
275 787
276 260
276 272
277 21
277 273
277 276
277 279
277 341
278 22
278 276
278 406
278 790
279 278
279 311
279 407
280 284
280 312
280 344
280 792
281 265
281 273
281 280
281 283
281 285
281 313
281 409
281 793
282 26
282 274
282 280
282 283
282 286
282 346
282 410
282 794
283 275
283 315
283 411
284 28
284 276
284 285
284 286
284 348
284 412
285 277
285 287
285 797
286 30
286 270
286 278
286 287
286 414
287 271
287 279
287 283
287 351
287 415
287 799
288 256
288 289
288 304
288 352
288 800
289 33
289 257
289 291
289 293
289 297
290 34
290 288
290 291
290 294
290 298
290 306
290 354
290 418
291 295
291 299
291 355
291 419
291 803
292 288
292 293
292 294
292 300
292 308
292 804
293 37
293 295
293 309
293 357
293 805
294 310
295 39
295 263
295 294
295 311
295 423
295 807
296 40
296 288
296 297
296 298
296 300
296 360
296 424
297 299
297 301
297 313
297 425
298 42
298 299
298 314
298 362
298 426
298 810
299 43
299 267
299 427
300 268
300 301
300 302
300 428
300 812
301 293
301 303
301 813
302 270
302 294
302 298
302 303
302 318
303 295
303 299
303 319
304 305
304 306
304 308
304 432
304 816
305 49
305 289
305 313
305 369
306 310
306 314
306 370
306 434
306 818
307 51
307 291
307 305
307 306
307 435
308 52
308 276
308 316
308 372
309 53
309 277
309 305
309 308
309 311
309 317
309 821
310 54
310 278
310 308
310 438
311 307
311 310
311 319
311 439
311 823
312 56
312 296
312 304
312 376
313 57
313 312
313 317
314 282
314 312
314 378
315 59
315 299
315 307
315 313
315 314
315 827
316 284
316 300
316 312
316 380
317 61
317 285
317 301
317 316
317 381
317 445
318 62
318 286
318 310
318 314
318 316
318 319
318 446
318 830
319 63
319 287
319 315
319 317
319 383
319 447
319 831
320 64
320 256
320 321
320 328
320 336
320 448
321 65
321 323
321 325
321 337
321 353
321 449
322 66
322 258
322 320
322 323
322 326
322 354
322 834
323 67
323 339
324 260
324 320
324 325
324 326
324 340
324 356
325 261
325 327
325 333
326 70
327 71
327 263
327 323
327 326
327 335
327 839
328 72
328 330
328 332
329 321
329 328
329 331
329 345
329 361
329 457
329 841
330 322
330 331
331 75
331 323
331 335
331 363
331 843
332 76
332 268
332 324
332 334
332 348
333 77
333 269
333 329
333 332
333 461
334 326
334 330
334 462
335 333
335 334
335 351
335 463
336 80
336 272
336 338
336 344
336 368
337 81
337 273
337 336
337 339
337 369
337 465
338 274
338 322
338 346
338 850
339 275
339 338
339 371
339 851
340 276
340 336
340 348
340 372
340 468
341 325
341 337
341 340
341 469
342 278
342 326
342 338
342 340
342 343
342 350
342 470
343 279
343 327
343 339
343 341
343 351
343 471
344 88
344 328
344 345
344 346
344 348
345 89
345 281
345 337
345 473
346 330
346 350
346 858
347 283
347 331
347 339
347 345
347 346
347 379
347 859
348 350
348 860
349 285
349 333
349 341
349 345
349 348
349 351
349 477
349 861
350 286
350 334
350 351
350 382
350 478
351 95
351 347
351 383
351 479
351 863
352 320
352 353
352 354
352 356
352 360
352 864
353 289
353 355
353 357
353 369
353 481
353 865
354 98
354 355
354 358
354 482
355 323
355 359
355 363
356 100
356 292
356 358
356 364
356 868
357 325
357 356
357 365
357 373
357 869
358 102
358 294
358 326
358 366
358 486
359 295
359 327
359 357
359 358
359 367
360 328
360 361
360 364
360 488
361 105
361 297
361 353
361 363
361 365
361 377
361 489
362 106
362 330
362 354
362 360
362 363
362 366
362 874
363 299
363 367
363 379
363 491
364 300
364 332
364 366
364 380
365 109
365 301
365 333
365 364
365 877
366 302
366 334
366 382
366 494
367 303
367 335
367 365
367 366
367 383
367 495
368 304
368 352
368 370
369 368
369 373
369 497
370 114
370 338
370 354
370 498
371 307
371 355
371 369
371 370
372 356
372 368
372 884
373 309
373 341
373 372
373 375
374 310
374 342
374 358
374 370
374 372
374 382
374 502
374 886
375 311
375 343
375 359
375 371
375 374
375 503
376 344
376 360
376 368
376 378
376 504
377 313
377 345
377 369
377 376
377 505
378 346
378 362
378 370
378 382
379 315
379 371
379 377
379 378
379 507
379 891
380 348
380 372
380 376
381 125
381 349
381 365
381 373
381 377
381 380
381 383
382 126
382 318
382 380
382 383
383 127
383 375
383 379
383 895
384 256
384 388
384 400
384 416
384 448
384 896
385 129
385 257
385 384
385 387
385 393
385 401
385 417
385 449
386 384
386 394
386 402
386 418
387 131
387 259
387 386
387 391
387 395
387 451
388 132
388 389
388 396
388 420
388 900
389 385
389 391
389 397
389 453
390 134
390 262
390 386
390 388
390 398
390 902
391 135
391 263
391 390
391 399
391 423
391 455
392 264
392 384
392 394
392 424
393 137
393 392
393 395
393 457
394 138
394 266
394 410
394 458
394 906
395 139
395 394
395 399
395 411
395 459
395 907
396 268
396 392
396 412
396 428
396 460
396 908
397 141
397 393
397 396
397 399
397 461
398 270
398 394
398 396
398 430
398 910
399 143
399 398
399 415
399 463
399 911
400 144
400 272
400 402
400 408
400 432
401 273
401 400
401 405
401 409
401 433
401 465
401 913
402 146
402 403
402 410
402 466
403 275
403 387
403 401
403 407
403 435
403 915
404 276
404 388
404 400
404 436
404 468
404 916
405 149
405 277
405 389
405 404
405 413
405 469
406 390
406 402
406 404
406 414
406 438
406 470
406 918
407 391
407 405
407 406
407 471
407 919
408 152
408 280
408 392
408 440
409 153
409 393
409 408
409 441
409 921
410 408
410 474
410 922
411 155
411 403
411 409
411 410
411 443
411 475
411 923
412 404
412 408
412 413
412 924
413 285
413 397
413 409
413 445
414 158
414 398
414 410
414 412
414 415
414 446
414 478
414 926
415 159
415 407
415 411
415 413
416 160
416 288
416 418
416 424
417 161
417 289
417 416
417 419
417 425
417 481
418 930
419 163
419 387
419 418
420 164
420 292
420 416
420 421
420 428
420 436
420 484
421 293
421 389
421 417
421 429
422 166
422 294
422 390
422 418
422 420
422 486
422 934
423 419
423 421
423 422
423 431
423 935
424 168
424 425
424 426
424 428
424 440
424 488
424 936
425 169
425 393
425 427
425 429
425 441
426 170
426 394
426 418
426 938
427 395
427 419
427 426
427 431
427 443
428 940
429 301
429 397
429 428
430 302
430 422
430 426
430 428
430 494
431 303
431 399
431 429
431 430
431 943
432 416
432 434
432 436
432 496
432 944
433 177
433 305
433 417
433 432
433 437
433 441
434 402
434 418
434 435
434 442
434 946
435 179
435 419
435 433
435 439
435 443
436 308
436 438
436 500
436 948
437 181
437 309
437 405
437 421
437 436
437 439
437 501
437 949
438 182
438 422
438 434
438 446
439 407
439 423
439 438
439 503
439 951
440 184
440 312
440 432
440 442
440 504
441 185
441 313
441 440
441 443
441 445
442 314
442 410
442 426
442 443
442 506
442 954
443 315
443 447
444 316
444 412
444 428
444 436
444 440
444 956
445 189
445 429
445 437
445 444
446 190
446 430
446 442
446 444
446 447
447 191
447 415
447 431
447 439
447 445
447 959
448 464
449 193
449 448
449 453
449 457
449 465
449 481
449 961
450 322
450 386
450 448
450 451
450 466
451 323
451 449
451 455
451 459
451 467
451 483
452 196
452 324
452 388
452 448
452 484
452 964
453 325
453 452
453 461
453 485
454 198
454 326
454 390
454 450
454 452
454 455
454 470
455 327
455 453
455 471
455 487
456 200
456 328
456 392
456 448
456 458
456 472
456 488
457 201
457 456
458 330
458 450
458 459
458 490
459 331
459 457
459 971
460 332
460 452
460 456
460 462
460 492
461 457
461 460
461 477
461 973
462 206
462 398
462 454
462 458
462 478
462 494
462 974
463 455
463 459
463 461
463 462
464 208
464 336
464 400
464 466
464 468
464 496
465 464
465 467
465 469
465 497
465 977
466 338
466 467
467 339
467 403
467 979
468 452
468 500
468 980
469 213
469 453
469 468
469 471
469 981
470 466
470 468
470 471
470 502
470 982
471 215
471 467
471 479
471 503
472 216
472 344
472 408
472 464
472 476
472 504
472 984
473 217
473 409
473 457
473 465
473 472
473 475
474 218
474 346
474 458
474 466
474 472
474 475
474 506
474 986
475 219
475 347
475 459
475 467
476 220
476 348
476 412
476 460
476 468
477 221
477 413
477 469
477 473
477 476
477 989
478 470
478 474
478 476
478 479
479 415
479 463
479 475
479 477
480 352
480 416
480 448
480 496
481 225
481 480
481 485
481 497
482 226
482 418
482 450
482 480
482 994
483 227
483 355
483 419
483 481
483 482
483 487
483 491
483 995
484 228
484 356
484 480
484 492
484 996
485 229
485 357
485 421
485 484
485 997
486 454
486 482
486 484
486 502
487 231
487 359
487 423
487 485
487 486
488 232
488 480
488 489
488 490
488 504
488 1000
489 233
489 425
489 457
489 481
489 491
490 234
490 362
490 426
490 482
490 491
490 494
490 1002
491 235
491 427
491 459
491 495
491 1003
492 364
492 428
492 488
493 365
493 429
493 461
493 485
493 489
493 492
493 495
494 238
494 486
494 492
495 239
495 431
495 463
495 487
495 494
496 240
496 368
496 497
496 1008
497 433
497 501
498 434
498 466
498 482
498 496
498 499
498 506
498 1010
499 243
499 371
499 435
499 467
499 483
499 497
500 372
500 484
500 496
500 501
500 1012
501 245
501 373
501 469
501 485
502 246
502 438
502 498
502 500
502 510
502 1014
503 487
503 499
503 501
503 502
504 248
504 496
504 508
504 1016
505 441
505 473
505 489
505 497
505 504
505 1017
506 250
506 378
506 490
506 504
506 507
506 510
506 1018
507 251
507 443
507 475
507 491
507 499
507 505
507 511
508 252
508 380
508 444
508 476
508 492
508 500
508 509
509 253
509 381
509 445
509 477
509 493
509 501
509 505
509 511
509 1021
510 254
510 382
510 446
510 478
510 494
510 508
511 255
511 383
511 447
511 479
511 495
511 503
511 510
512 513
512 514
512 544
512 640
513 1
513 521
513 529
513 545
513 577
514 515
514 518
514 770
515 513
515 523
515 531
515 579
515 643
516 4
516 512
516 518
516 644
516 772
517 5
517 513
517 516
517 519
517 525
517 533
517 549
517 581
517 773
519 515
519 518
519 527
519 535
519 647
519 775
520 8
520 512
520 521
520 522
520 524
520 552
520 648
521 553
521 585
521 649
522 514
522 526
522 538
522 554
522 586
523 521
523 522
523 527
523 539
523 555
523 587
523 779
524 516
524 588
524 652
525 521
525 524
525 527
525 541
525 589
526 14
526 518
526 524
526 542
526 654
527 15
527 526
527 559
527 655
528 512
528 529
528 532
528 536
528 560
528 784
529 17
529 531
529 533
529 537
529 785
530 514
530 528
530 538
530 594
531 530
531 535
531 539
531 595
531 659
532 20
532 516
532 534
532 564
532 596
532 788
533 21
533 532
533 597
533 661
533 789
534 518
534 530
534 535
534 542
534 662
535 23
535 533
535 567
535 791
536 24
536 520
536 600
536 664
537 521
537 536
537 541
537 601
537 665
537 793
538 536
538 539
538 570
538 666
539 537
539 603
539 795
540 28
540 524
540 532
540 536
540 541
540 542
540 572
540 604
540 668
541 29
541 533
541 543
541 797
542 30
542 538
542 543
542 574
542 606
542 670
542 798
543 31
543 527
543 535
543 539
543 671
543 799
544 545
544 546
544 552
544 608
545 547
545 549
545 561
545 609
545 673
546 34
546 514
546 554
546 610
547 515
547 546
547 551
547 555
547 563
547 675
548 516
548 544
548 549
548 564
549 37
549 551
549 677
549 805
550 518
550 546
550 548
550 566
550 614
550 678
550 806
551 519
551 550
551 567
551 615
552 553
552 556
552 616
552 680
553 41
553 545
553 555
553 557
553 569
553 617
554 552
554 555
554 682
555 811
556 524
556 548
556 558
556 572
556 684
557 525
557 549
557 556
557 621
557 813
558 46
558 526
558 550
558 554
558 559
558 574
558 622
558 686
559 551
559 555
559 557
559 575
559 687
560 544
560 561
560 562
560 568
561 49
561 529
561 563
561 817
562 50
562 530
562 546
562 563
562 570
562 690
562 818
563 531
563 571
563 627
563 691
563 819
564 52
564 560
564 565
564 566
565 53
565 533
565 549
565 561
565 629
566 534
566 562
566 567
566 630
566 694
567 55
567 563
567 565
567 631
567 695
567 823
568 56
568 536
568 552
568 572
568 824
569 537
569 561
569 568
569 571
569 697
569 825
570 58
570 554
570 568
570 634
570 826
571 59
571 539
571 555
571 570
571 575
571 635
571 699
572 60
572 564
572 636
572 828
573 541
573 557
573 565
573 569
573 572
573 637
573 701
574 62
574 566
574 570
574 572
574 638
574 702
575 543
575 567
575 573
575 574
576 512
576 578
576 580
576 584
577 576
577 579
577 585
577 833
578 514
578 586
578 610
578 834
579 578
579 587
579 595
579 611
580 68
580 516
580 582
580 588
580 612
580 708
581 577
581 580
581 583
581 589
581 597
581 837
582 70
582 518
582 578
582 583
582 590
582 598
582 838
583 71
583 519
583 579
583 711
583 839
584 520
584 585
584 586
584 616
584 840
585 601
585 713
585 841
586 587
586 714
587 75
587 585
587 619
587 715
588 76
588 584
588 590
588 604
588 620
588 716
588 844
589 77
589 585
589 588
589 605
589 717
589 845
590 78
590 526
590 586
590 591
590 606
590 846
591 527
591 583
591 587
591 589
591 623
591 847
592 80
592 528
592 576
592 593
592 594
592 596
592 600
592 848
593 81
593 529
593 577
593 597
593 601
593 625
593 721
594 82
594 578
594 595
594 598
594 602
594 626
595 593
595 599
595 603
595 627
595 723
595 851
596 84
596 580
596 628
596 852
597 596
597 605
597 629
598 534
598 596
598 599
598 726
598 854
599 87
599 535
599 583
599 597
599 607
600 88
600 584
600 601
600 602
601 89
601 605
602 90
602 538
602 586
602 606
602 730
603 91
603 587
603 601
603 602
603 731
604 596
604 600
604 606
604 636
604 732
604 860
605 541
605 604
605 607
605 733
606 598
606 734
606 862
607 543
607 591
607 603
607 606
607 863
608 576
608 609
608 612
608 624
609 577
609 611
609 613
609 625
610 608
610 611
610 614
610 738
610 866
611 547
611 627
611 867
612 548
612 620
612 628
612 868
613 549
613 581
613 612
613 615
613 629
613 741
613 869
614 102
614 582
614 612
614 622
614 630
615 583
615 611
615 614
615 631
616 608
616 617
616 618
616 744
617 105
617 585
617 609
617 619
617 745
618 106
618 554
618 586
618 610
618 619
618 622
618 746
618 874
619 107
619 555
619 611
619 623
619 747
619 875
620 108
620 556
620 616
620 621
620 622
620 636
620 748
620 876
621 109
621 589
621 613
621 617
621 623
621 637
621 749
621 877
622 110
622 590
622 638
622 750
623 111
623 559
623 615
623 622
623 751
623 879
624 560
624 592
624 628
624 632
624 752
625 561
625 624
625 633
626 114
626 562
626 610
626 624
626 627
626 634
626 882
627 625
627 635
627 755
628 564
628 630
628 636
629 625
629 628
629 637
630 118
630 598
630 626
630 638
630 758
630 886
631 599
631 627
631 629
631 630
631 759
632 120
632 568
632 600
632 616
632 634
632 760
633 121
633 569
633 601
633 617
633 632
633 635
633 637
633 889
634 602
634 618
634 638
634 762
634 890
635 123
635 603
635 619
635 634
635 639
636 124
636 632
636 637
636 764
636 892
637 125
637 605
637 639
637 893
638 606
638 636
638 894
639 127
639 575
639 607
639 623
639 631
639 638
640 128
640 642
640 644
640 648
640 656
640 672
641 513
641 640
641 645
641 673
641 897
642 514
642 643
642 646
642 706
643 131
643 641
643 675
644 132
644 652
644 660
644 676
644 708
644 900
645 133
645 517
645 644
645 653
645 661
645 901
646 134
646 518
646 644
646 647
646 654
646 662
646 710
646 902
647 135
647 643
647 645
647 663
647 903
648 649
648 650
648 652
648 680
648 712
648 904
649 137
649 641
649 651
649 665
650 138
650 522
650 642
650 651
650 666
650 682
650 714
651 139
651 523
651 643
651 655
651 667
651 715
651 907
652 140
652 653
652 668
652 684
653 525
653 649
653 717
654 650
654 652
654 655
654 686
654 718
655 143
655 647
655 653
655 671
655 719
656 528
656 657
656 664
656 912
657 529
657 641
657 659
657 661
657 665
657 689
657 721
657 913
658 146
658 530
658 642
658 656
658 662
658 690
658 914
659 643
659 658
659 663
659 723
659 915
660 148
660 532
660 656
660 662
660 668
660 724
661 660
661 663
661 725
662 150
662 663
662 694
662 726
663 151
663 535
663 671
663 727
664 152
664 648
664 666
664 728
665 664
665 697
665 921
666 658
666 667
666 670
666 698
667 155
667 539
667 659
667 665
668 664
668 670
668 700
668 732
669 541
669 653
669 661
669 665
669 668
669 733
669 925
670 654
670 662
670 702
670 734
670 926
671 159
671 667
671 669
671 670
671 927
672 544
672 673
672 680
672 736
673 161
673 681
673 689
673 737
674 546
674 642
674 672
674 675
674 738
675 673
675 683
675 691
675 931
676 548
676 672
676 677
676 740
676 932
677 645
677 673
677 679
677 693
677 933
678 646
678 674
678 676
678 679
678 686
678 694
678 742
678 934
679 167
679 551
679 647
679 675
679 687
679 743
679 935
680 168
680 681
680 684
680 696
681 553
681 649
681 697
682 674
682 680
682 938
683 171
683 555
683 651
683 681
683 682
683 687
683 699
683 747
684 172
684 676
684 940
685 557
685 653
685 677
685 681
685 684
685 687
685 749
685 941
686 682
686 684
686 750
686 942
687 175
687 655
687 686
687 703
688 560
688 656
688 672
688 689
688 690
688 692
688 752
689 561
689 691
689 697
689 753
689 945
690 178
690 674
690 691
690 694
690 698
690 754
690 946
691 179
691 659
691 695
691 755
691 947
692 180
692 564
692 660
692 676
692 693
692 694
692 756
693 565
693 661
693 689
693 695
694 702
695 663
695 679
695 694
695 759
695 951
696 568
696 664
696 688
696 697
696 698
696 952
697 185
697 701
697 953
698 186
698 570
698 682
698 699
698 954
699 187
699 667
699 691
699 697
700 188
700 572
700 684
700 692
700 696
700 764
701 669
701 685
701 693
701 700
701 703
702 686
702 698
702 700
702 703
702 766
703 575
703 671
703 695
703 699
703 959
704 192
704 576
704 640
704 708
704 720
704 736
704 960
705 193
705 577
705 641
705 704
705 713
705 721
705 737
706 578
706 704
706 710
706 714
706 722
707 579
707 643
707 705
707 706
707 739
707 963
708 716
708 740
708 964
709 197
709 581
709 645
709 705
709 708
709 717
709 725
710 198
710 582
710 708
710 711
711 647
711 707
711 709
711 727
711 743
711 967
712 200
712 584
712 704
712 713
712 714
712 744
713 649
713 717
713 745
714 746
715 203
715 707
715 713
715 714
715 731
715 747
716 652
716 712
716 732
716 748
717 716
717 719
717 749
717 973
718 590
718 710
718 714
718 716
718 719
718 750
718 974
719 591
719 711
719 715
720 592
720 656
720 721
720 722
720 728
720 976
721 753
722 594
722 658
722 723
722 726
722 978
723 707
723 721
723 755
724 212
724 596
724 708
724 720
724 732
724 756
724 980
725 213
725 597
725 721
725 724
726 710
726 724
727 599
727 723
727 725
727 726
727 759
727 983
728 216
728 600
728 712
728 732
728 760
728 984
729 601
729 665
729 713
729 721
729 728
730 666
730 714
730 722
730 728
730 762
731 667
731 723
731 729
731 730
731 735
732 220
732 733
732 988
733 221
733 717
733 725
733 729
733 765
733 989
734 222
734 718
734 726
734 730
734 732
734 990
735 223
735 607
735 671
735 719
735 727
735 733
735 734
735 991
736 608
736 737
736 740
736 744
737 609
737 739
737 745
738 706
738 736
738 742
738 746
738 994
739 611
739 675
739 738
739 743
739 747
739 755
739 995
740 228
740 612
741 229
741 677
741 709
741 737
741 740
741 749
741 757
742 230
742 614
742 710
742 740
742 750
743 231
743 615
743 741
743 742
744 680
744 745
744 748
745 681
745 747
746 234
746 682
746 744
746 762
747 235
747 746
747 751
748 236
748 684
748 740
748 749
748 764
748 1004
749 745
749 751
749 765
750 746
750 748
750 751
751 239
751 687
751 719
751 743
751 1007
752 720
752 736
752 756
753 241
753 625
753 737
753 752
753 755
753 1009
754 626
754 722
754 738
754 752
754 755
754 758
754 762
754 1010
755 243
755 763
756 628
756 740
756 757
756 764
757 629
757 693
757 725
757 753
758 246
758 694
758 726
758 742
758 756
758 759
758 1014
759 247
759 743
759 755
759 757
760 248
760 696
760 744
760 752
761 633
761 697
761 729
761 745
761 753
761 760
761 763
761 765
762 698
762 760
763 635
763 699
763 731
763 747
763 762
764 732
764 760
764 765
764 1020
765 637
765 701
765 757
765 767
765 1021
766 254
766 638
766 734
766 750
766 758
766 762
766 764
766 767
766 1022
767 639
767 703
767 735
767 751
767 759
767 763
767 1023
768 512
768 800
768 896
769 513
769 768
769 773
769 801
769 833
769 897
770 768
770 778
770 786
770 802
770 834
771 515
771 769
771 770
771 775
771 779
771 787
771 803
772 260
772 768
772 774
772 780
772 836
772 900
773 772
773 805
773 901
774 518
774 770
774 782
774 806
775 263
775 773
775 774
775 791
775 839
775 903
776 264
776 520
776 768
776 777
776 778
776 792
776 808
776 840
777 265
777 521
777 769
778 266
778 522
778 782
778 794
778 810
778 906
779 777
779 778
779 783
779 907
780 268
780 524
780 776
781 269
781 525
781 773
781 777
781 780
781 783
781 797
782 526
782 780
783 271
783 527
783 775
783 782
783 799
783 815
784 272
784 768
784 792
784 912
785 769
785 784
785 787
785 913
786 530
786 784
786 790
786 914
787 531
787 786
787 791
787 795
787 819
787 851
787 915
788 276
788 772
788 784
788 789
788 790
788 852
789 277
789 773
789 785
789 821
789 853
789 917
790 534
790 774
790 791
790 918
791 279
791 789
791 799
792 536
792 796
792 824
792 856
793 777
793 785
793 792
793 797
794 538
794 786
794 792
794 795
794 798
794 826
794 858
795 283
795 779
795 793
795 827
796 284
796 540
796 780
796 788
796 798
796 828
797 789
797 796
797 829
797 861
797 925
798 286
798 782
798 790
798 799
799 795
799 797
799 831
799 863
799 927
800 544
800 801
800 802
800 816
801 289
801 545
801 803
801 817
801 929
802 290
802 546
802 803
802 806
802 818
802 866
803 547
803 811
803 819
803 931
804 548
804 772
804 800
804 805
804 868
804 932
805 801
805 807
805 813
805 821
805 933
806 294
806 804
806 807
806 814
806 870
807 551
807 775
807 803
807 823
808 296
808 552
808 800
808 824
808 872
808 936
809 297
809 553
809 777
809 801
809 808
809 813
809 873
809 937
810 554
810 802
810 808
810 826
810 874
811 299
811 779
811 809
811 810
811 815
811 827
812 556
812 780
812 804
812 808
812 814
812 876
813 781
813 812
813 829
813 877
813 941
814 302
814 558
814 782
814 810
814 815
814 830
814 942
815 303
815 559
815 807
815 813
816 560
816 784
816 817
816 820
816 880
816 944
817 305
817 785
817 819
817 821
817 825
817 945
818 786
818 816
818 822
818 826
818 882
819 307
819 818
819 823
819 827
819 883
819 947
820 308
820 564
820 788
820 804
820 884
820 948
821 565
821 820
821 823
821 829
821 949
822 310
822 566
822 790
822 806
822 820
822 830
823 791
823 822
823 831
823 951
824 312
824 816
824 825
824 826
824 828
824 952
825 313
825 793
825 809
825 827
825 829
826 314
826 827
826 830
826 954
827 571
827 955
828 316
828 812
828 820
828 829
828 830
828 892
829 317
829 573
829 831
829 893
830 574
830 798
830 831
830 894
830 958
831 575
831 815
831 827
831 895
831 959
832 320
832 576
832 768
832 833
832 834
832 836
832 864
832 960
833 321
833 835
833 837
833 849
833 961
834 850
834 866
835 323
835 579
835 771
835 834
835 839
835 851
835 867
836 324
836 580
836 838
836 852
836 868
836 964
837 325
837 773
837 836
837 839
837 845
837 869
837 965
838 326
838 774
838 834
838 839
838 846
838 854
838 966
839 855
839 967
840 328
840 832
841 777
841 833
841 840
841 843
841 873
841 969
842 330
842 586
842 778
842 834
842 840
842 843
842 846
842 858
843 587
843 779
843 835
844 332
844 780
844 836
844 840
844 972
845 333
845 781
845 841
845 844
845 877
846 334
846 782
846 844
846 847
846 878
846 974
847 335
847 783
847 839
847 843
847 845
847 879
847 975
848 336
848 784
848 832
848 849
848 850
848 856
848 976
849 337
849 593
849 785
849 851
849 857
849 977
850 594
850 786
850 851
850 858
850 882
850 978
851 859
851 883
851 979
852 340
852 848
852 854
852 860
852 884
853 341
853 597
853 837
853 849
853 852
853 861
853 885
853 981
854 342
854 790
854 850
854 862
854 886
855 343
855 599
855 791
855 851
855 853
855 854
855 887
856 344
856 600
856 840
856 860
856 984
857 345
857 601
857 793
857 841
857 856
857 859
857 889
858 602
858 856
858 862
859 603
859 795
859 843
859 858
859 863
859 891
860 796
860 844
860 862
860 892
860 988
861 605
861 845
861 857
861 860
861 989
862 350
862 798
862 846
862 863
862 894
863 847
863 855
863 861
863 895
864 608
864 800
864 865
864 866
864 868
864 880
865 609
865 801
865 833
865 867
865 881
866 354
866 867
866 994
867 355
867 803
867 883
868 870
869 805
869 865
869 868
869 871
869 877
870 358
870 614
870 838
870 866
870 871
870 878
870 998
871 359
871 615
871 807
871 839
871 867
871 887
872 360
872 616
872 840
872 864
872 876
873 361
873 617
873 865
873 872
873 875
874 842
874 866
874 872
874 878
874 1002
875 363
875 811
875 843
875 867
875 874
876 364
876 844
876 868
876 892
876 1004
877 873
877 876
878 366
878 622
878 814
878 876
878 894
878 1006
879 367
879 815
879 871
879 875
879 877
879 878
879 1007
880 368
880 624
880 848
880 881
880 884
880 888
881 369
881 625
881 817
881 849
881 885
881 889
882 370
882 866
882 880
882 886
883 371
883 627
883 881
883 882
883 891
883 1011
884 628
884 868
884 885
884 886
884 892
885 373
885 629
885 821
885 869
885 887
885 893
886 822
886 870
887 375
887 631
887 823
887 883
887 886
887 895
888 376
888 632
888 824
888 856
888 872
888 890
888 892
889 377
889 825
889 873
889 888
889 1017
890 378
890 826
890 858
890 874
890 882
890 891
891 635
891 827
891 875
891 889
891 895
892 380
892 893
892 1020
893 381
893 861
893 877
893 889
894 382
894 886
894 890
894 892
894 1022
895 639
895 879
895 893
895 894
896 640
896 900
896 960
897 385
897 896
897 929
897 961
898 386
898 642
898 770
898 896
898 906
898 962
899 387
899 643
899 771
899 897
899 898
899 915
900 908
900 916
900 932
901 389
901 897
901 900
901 903
901 933
901 965
902 774
902 898
902 900
902 903
902 910
902 918
902 934
902 966
903 391
903 899
903 919
904 392
904 776
904 896
904 906
904 908
904 920
905 393
905 649
905 777
905 897
905 904
905 907
905 937
905 969
906 650
906 922
906 938
906 970
907 899
907 906
907 939
908 652
908 780
908 909
908 924
908 940
908 972
909 397
909 653
909 781
909 901
909 905
909 911
909 925
909 973
910 654
910 782
910 906
910 908
910 911
910 926
910 942
910 974
911 655
911 783
911 903
911 907
911 943
912 400
912 896
912 913
912 916
912 944
913 897
913 915
913 917
913 921
913 945
913 977
914 402
914 898
914 912
914 915
914 978
915 919
915 923
916 660
916 788
916 917
916 918
916 980
917 405
917 661
917 901
917 919
917 925
917 949
917 981
918 662
918 914
918 950
919 663
919 791
919 918
919 951
920 408
920 664
920 792
920 912
920 921
920 924
920 952
920 984
921 793
921 905
921 985
922 666
922 794
922 914
922 920
922 926
923 667
923 795
923 907
923 921
923 922
923 927
924 668
924 796
924 916
924 925
924 926
924 956
924 988
925 413
925 921
925 989
926 798
926 918
926 958
926 990
927 415
927 911
927 919
927 925
927 926
928 416
928 672
928 800
928 896
928 929
928 992
929 417
929 673
929 931
930 674
930 802
930 898
930 928
930 931
930 946
930 994
931 419
931 899
932 420
932 928
932 948
932 996
933 421
933 929
933 932
933 997
934 806
934 930
934 932
935 807
935 903
935 931
935 933
935 934
935 943
935 951
936 680
936 904
936 928
936 937
936 940
936 1000
937 425
937 681
937 929
937 941
937 953
937 1001
938 810
938 930
938 936
938 1002
939 427
939 683
939 811
939 931
939 937
939 938
939 943
940 812
940 932
940 941
940 942
940 1004
941 429
941 909
941 933
941 943
941 957
941 1005
942 430
942 934
942 938
943 687
943 815
943 942
943 959
943 1007
944 688
944 928
945 433
945 929
945 944
945 949
945 953
946 818
946 914
946 944
946 954
947 435
947 915
947 931
947 945
947 946
947 1011
948 692
948 916
948 944
948 950
949 693
949 933
949 948
949 951
949 1013
950 438
950 694
950 822
950 934
950 946
950 951
950 958
950 1014
951 947
952 440
952 936
952 944
952 953
952 956
953 441
953 825
953 921
953 1017
954 922
954 938
954 952
954 958
954 1018
955 443
955 699
955 923
955 939
955 947
955 953
955 954
956 700
956 828
956 940
956 948
957 445
957 701
957 829
957 925
957 949
957 953
957 956
957 959
957 1021
958 446
958 702
958 942
958 956
959 927
959 951
959 955
959 958
960 448
960 962
960 964
960 968
960 976
960 992
961 705
961 960
961 977
961 993
962 450
962 706
962 834
962 963
962 966
962 978
962 994
963 451
963 835
963 899
963 961
963 967
963 979
964 900
964 965
964 966
964 980
965 453
965 709
965 961
965 967
965 973
966 454
966 710
966 967
966 982
967 455
967 903
967 983
968 456
968 712
968 840
968 904
968 969
968 970
968 972
968 1000
969 457
969 713
969 961
969 971
969 985
970 458
970 714
970 842
970 962
970 971
970 986
970 1002
971 715
971 843
971 907
971 963
971 987
972 460
972 716
972 964
972 973
972 974
972 988
972 1004
973 845
973 969
973 1005
974 966
974 970
974 990
974 1006
975 463
975 719
975 911
975 967
975 971
975 973
975 974
975 1007
976 464
976 912
977 721
977 976
978 466
978 976
978 979
978 986
978 1010
979 723
979 915
979 977
979 987
979 1011
980 852
980 976
980 1012
981 725
981 965
981 977
981 980
981 983
981 989
981 1013
982 726
982 854
982 918
982 978
982 980
982 983
982 990
983 471
983 855
983 919
983 979
983 991
983 1015
984 968
984 976
984 1016
985 473
985 729
985 857
985 977
985 984
985 1017
986 730
986 858
986 922
986 984
986 987
986 990
987 475
987 731
987 859
987 923
987 985
987 1019
988 476
988 980
988 984
988 989
988 1020
989 973
989 985
989 991
990 478
990 862
990 988
990 991
990 1022
991 479
991 863
991 927
991 975
991 987
991 1023
992 480
992 736
992 864
992 993
992 994
992 996
993 481
993 737
993 865
993 929
993 997
993 1009
994 995
995 867
995 931
995 963
995 993
995 1003
995 1011
996 740
996 868
996 964
996 998
997 741
997 869
997 965
997 996
997 999
997 1013
998 486
998 742
998 934
998 966
998 994
998 1014
999 487
999 743
999 871
999 935
999 967
999 995
999 998
999 1007
1000 744
1000 872
1000 992
1000 1001
1000 1002
1000 1016
1001 489
1001 745
1001 873
1001 969
1001 993
1001 1003
1002 746
1002 994
1002 1018
1003 747
1003 875
1003 939
1003 971
1003 1002
1004 492
1004 996
1004 1000
1004 1006
1004 1020
1005 493
1005 749
1005 877
1005 997
1005 1001
1005 1004
1005 1021
1006 494
1006 750
1006 942
1006 998
1006 1002
1006 1007
1007 495
1007 1003
1007 1005
1008 752
1008 880
1008 944
1008 976
1008 992
1008 1010
1008 1012
1009 497
1009 881
1009 945
1009 977
1009 1008
1009 1011
1010 882
1010 946
1010 994
1010 1018
1011 499
1011 755
1011 1010
1011 1015
1011 1019
1012 756
1012 884
1012 948
1012 996
1012 1020
1013 501
1013 757
1013 885
1013 1009
1013 1012
1014 886
1014 982
1014 1010
1014 1012
1014 1015
1014 1022
1015 503
1015 759
1015 887
1015 951
1015 999
1015 1013
1015 1023
1016 760
1016 888
1016 952
1016 1008
1016 1017
1016 1018
1016 1020
1017 761
1017 1001
1017 1009
1017 1019
1017 1021
1018 762
1018 890
1018 986
1018 1019
1019 507
1019 763
1019 891
1019 955
1019 1003
1020 508
1020 956
1020 1021
1021 893
1021 989
1021 1013
1021 1023
1022 510
1022 958
1022 1006
1022 1018
1022 1020
1022 1023
1023 511
1023 895
1023 959
1023 1007
1023 1019
0 15 22 24 38 51 56 61 74 83 99 101 108 109 117 126 132 137 146 149 161 169 174 190 191 196 199 202 217 220 240 242 255 259 261 268 274 283 286 298 300 305 326 329 336 349 352 367 374 379 396 402 409 416 423 436 443 449 458 471 479 486 493 499 500 504 513 514 520 524 529 551 555 559 564 570 577 587 596 607 616 622 626 633 643 656 667 670 673 674 695 701 714 717 726 740 744 747 759 760 774 788 791 797 800 809 810 816 823 831 838 839 841 856 858 867 869 892 901 902 907 911 920 940 946 957 960 972 977 979 981 995 1003 1009 1022
