125 750 13
0 1
0 3
0 5
0 10
0 25
1 4
1 11
1 16
1 21
1 51
1 76
1 101
2 0
2 1
2 4
2 12
2 22
2 27
2 77
3 1
3 2
3 18
3 23
3 53
3 78
3 103
4 0
4 3
4 9
4 14
4 54
4 79
4 104
5 10
5 15
5 30
5 55
5 80
5 105
6 1
6 5
6 8
6 9
6 31
6 56
6 81
7 2
7 5
7 6
7 12
7 22
7 32
8 3
8 5
8 7
8 9
8 18
8 23
8 108
9 5
9 7
9 14
9 19
9 24
9 109
10 13
10 15
10 20
10 35
10 60
10 85
10 110
11 6
11 10
11 12
11 13
11 14
11 16
11 21
11 61
11 111
12 10
12 17
12 22
12 87
12 112
13 3
13 8
13 12
13 14
13 18
13 23
13 38
13 63
13 88
13 113
14 10
14 12
14 24
14 39
14 64
15 0
15 18
15 19
15 65
15 90
15 115
16 6
16 15
16 21
16 41
16 116
17 2
17 7
17 15
17 16
17 22
17 42
17 67
18 16
18 17
18 43
18 93
18 118
19 4
19 14
19 16
19 17
19 18
19 44
19 94
19 119
20 0
20 5
20 15
20 21
20 22
20 24
20 95
21 6
21 96
22 21
22 23
22 24
22 47
22 72
22 97
23 18
23 20
23 21
23 48
23 73
23 98
24 4
24 19
24 21
24 23
24 49
24 74
24 124
25 28
25 30
25 35
25 75
25 100
26 1
26 25
26 27
26 28
26 29
26 36
26 41
26 46
26 101
27 25
27 28
27 32
27 52
27 77
28 3
28 33
28 38
28 43
28 48
28 78
28 103
29 4
29 25
29 27
29 28
29 34
29 44
29 49
29 54
29 104
30 31
30 45
30 55
30 80
30 105
31 26
31 33
31 41
31 106
32 30
32 31
32 37
32 42
32 47
32 82
33 8
33 30
33 32
33 34
33 38
33 43
33 48
33 58
33 83
33 108
34 9
34 30
34 31
34 32
34 49
34 59
34 84
35 30
35 39
35 40
35 60
35 110
36 11
36 31
36 35
36 37
36 61
36 86
36 111
37 12
37 27
37 35
37 39
37 47
37 112
38 35
38 36
38 37
38 39
38 88
39 29
39 34
39 36
39 49
39 64
39 114
40 15
40 25
40 30
40 45
40 65
40 115
41 36
41 40
41 43
41 46
41 91
42 27
42 37
42 40
42 41
42 67
42 92
42 117
43 38
43 40
43 42
43 48
43 68
43 93
43 118
44 34
44 39
44 40
44 41
44 42
44 43
44 94
44 119
45 20
45 25
45 35
45 46
45 47
45 49
45 120
46 21
46 31
46 36
46 47
46 48
46 49
46 96
47 27
47 42
47 48
47 49
47 122
48 38
48 45
48 73
48 123
49 44
49 48
49 99
50 0
50 25
50 53
50 54
50 55
50 70
51 26
51 50
51 53
51 54
51 61
51 66
51 101
52 2
52 50
52 51
52 53
52 57
52 72
52 102
53 28
53 54
53 58
53 63
53 68
53 73
53 103
54 52
54 64
54 74
54 79
54 104
55 57
55 60
55 65
55 80
55 105
56 31
56 51
56 55
56 59
56 81
56 106
57 7
57 32
57 56
57 58
57 59
57 62
57 107
58 8
58 55
58 56
58 59
58 68
58 73
58 83
58 108
59 9
59 54
59 55
59 64
59 69
59 84
59 109
60 50
60 61
60 64
61 56
61 63
61 64
61 71
61 86
62 12
62 37
62 52
62 60
62 61
62 72
62 87
62 112
63 38
63 58
63 60
63 62
63 64
63 68
63 73
63 88
63 113
64 62
64 89
64 114
65 50
65 60
65 66
65 69
65 70
66 16
66 41
66 56
66 61
66 67
66 71
66 91
67 52
67 57
67 62
67 65
67 69
67 92
67 117
68 18
68 65
68 66
68 67
68 69
68 73
68 93
68 118
69 19
69 44
69 54
69 64
69 66
69 94
69 119
70 20
70 45
70 55
70 60
70 120
71 21
71 46
71 51
71 56
71 70
71 72
71 121
72 47
72 57
72 67
72 70
72 73
72 74
73 70
73 71
73 74
73 98
74 49
74 59
74 64
74 69
74 70
74 71
74 99
74 124
75 0
75 50
75 76
75 79
75 95
76 26
76 51
76 78
76 79
76 86
76 91
77 52
77 75
77 76
77 78
77 79
77 87
77 97
77 102
78 53
78 75
78 79
78 103
79 29
79 84
80 75
80 81
80 83
80 90
80 95
80 105
81 31
81 76
81 82
81 83
81 84
81 86
81 106
82 7
82 57
82 77
82 80
82 83
82 84
82 87
82 92
83 8
83 78
83 88
83 93
83 108
84 9
84 80
84 83
84 94
84 99
84 109
85 35
85 60
85 75
85 80
85 86
85 87
85 88
85 89
85 90
85 95
85 110
86 11
86 96
86 111
87 37
87 86
87 92
87 97
87 112
88 78
88 86
88 87
88 113
89 14
89 39
89 79
89 84
89 86
89 87
89 88
89 99
90 40
90 65
90 75
90 94
91 16
91 81
91 86
91 90
91 94
91 96
91 116
92 17
92 77
92 90
92 91
92 93
92 94
92 97
93 78
93 88
93 90
93 91
93 98
93 118
94 79
94 89
94 93
95 45
95 70
95 90
95 99
96 71
96 76
96 81
96 95
96 121
97 47
97 72
97 82
97 95
97 96
97 122
98 48
98 78
98 83
98 88
98 95
98 96
98 97
98 123
99 24
99 79
99 94
99 96
99 97
99 98
99 124
100 0
100 50
100 75
100 102
100 103
100 104
100 105
100 110
100 120
101 76
101 100
101 103
101 106
101 116
101 121
102 2
102 27
102 101
102 107
102 112
102 117
102 122
103 102
103 113
103 118
103 123
104 79
104 101
104 102
104 103
104 119
104 124
105 107
105 108
105 120
106 6
106 105
106 111
106 116
106 121
107 7
107 32
107 82
107 106
107 109
107 112
107 117
107 122
108 103
108 106
108 107
108 113
109 34
109 104
109 105
109 106
109 108
109 119
110 60
110 105
110 111
110 115
110 120
111 61
111 101
111 116
112 110
112 111
112 113
112 114
112 117
112 122
113 38
113 110
113 111
114 14
114 89
114 104
114 109
114 110
114 111
114 113
114 124
115 65
115 90
115 100
115 105
115 116
115 117
115 119
115 120
116 41
116 66
116 118
116 119
117 17
117 92
117 116
117 118
117 122
118 108
118 113
118 115
118 123
119 94
119 114
119 117
119 118
120 20
120 95
120 121
120 122
120 124
121 21
121 46
121 111
121 116
121 122
121 123
122 22
122 72
122 123
123 23
123 73
123 108
123 113
123 120
124 49
124 109
124 119
124 121
124 122
124 123
2 11 19 30 48 51 64 67 83 95 104 112 116
