64 288 8
0 1
0 3
0 12
0 16
0 32
0 48
1 5
1 9
1 13
2 0
2 1
2 14
2 34
2 50
3 1
3 2
3 11
3 15
3 19
3 35
3 51
4 0
4 5
4 6
4 12
4 20
4 52
5 21
5 53
6 2
6 5
6 10
6 54
7 3
7 4
7 5
7 6
7 11
8 0
8 4
8 9
8 11
8 24
8 40
9 5
9 10
9 41
9 57
10 2
10 8
10 14
10 26
10 42
11 9
11 10
11 15
11 43
12 8
12 13
12 14
12 44
12 60
13 5
13 9
13 15
13 29
13 45
13 61
14 6
14 13
14 15
14 46
14 62
15 7
15 12
15 31
16 17
16 20
16 28
17 1
17 25
17 33
17 49
18 2
18 16
18 17
18 19
18 22
18 26
18 30
18 50
19 16
19 17
19 27
20 24
20 36
21 17
21 20
21 22
21 25
21 29
21 37
21 53
22 6
22 20
22 26
22 38
23 7
23 19
23 20
23 21
23 22
23 27
23 31
23 39
24 16
24 25
24 26
24 27
24 28
25 9
25 26
25 41
25 57
26 58
27 11
27 25
27 26
27 31
28 12
28 20
28 29
28 30
28 31
28 60
29 17
29 25
30 14
30 22
30 26
30 29
31 19
31 29
31 30
32 16
32 33
32 34
32 40
32 48
33 1
33 34
34 18
34 35
34 38
34 50
35 19
35 32
35 33
35 51
36 4
36 32
36 38
36 40
36 44
36 52
37 5
37 33
37 36
37 53
38 6
38 37
38 42
38 46
38 54
39 7
39 35
39 36
39 37
39 38
39 55
40 24
40 43
40 56
41 33
41 37
41 40
41 42
41 43
41 45
41 57
42 26
42 34
42 40
42 43
42 58
43 27
43 35
43 39
44 28
44 32
44 40
44 45
44 46
45 29
45 33
45 37
45 46
46 30
46 34
46 42
46 62
47 15
47 31
47 35
47 39
47 43
47 44
47 45
47 46
48 16
48 51
49 1
49 33
49 48
49 50
49 51
49 53
49 57
49 61
50 48
50 51
50 54
50 58
50 62
51 19
51 63
52 20
52 48
52 53
52 54
52 56
52 60
53 57
53 61
54 22
54 53
54 55
54 58
54 62
55 7
55 23
55 51
55 52
55 53
55 59
56 8
56 24
56 48
56 57
56 58
56 59
57 61
58 10
58 57
58 62
59 11
59 27
59 43
59 51
59 57
59 58
60 44
60 48
60 56
60 61
60 63
61 29
61 45
61 62
62 30
62 60
62 63
63 15
63 31
63 47
63 55
63 59
63 61
0 15 19 28 37 42 54 57
