729 4368 76
0 1
0 3
0 9
0 27
0 162
0 486
1 19
1 28
1 163
2 0
2 1
2 20
2 56
2 488
3 5
3 6
3 12
3 21
3 30
3 165
3 246
3 489
4 1
4 3
4 5
4 13
4 22
4 58
4 166
4 490
5 2
5 167
6 0
6 15
6 24
6 33
6 60
6 249
6 492
7 1
7 4
7 6
7 16
7 61
7 250
7 493
8 2
8 5
8 6
8 7
8 17
8 35
8 62
8 89
8 170
9 10
9 11
9 12
9 18
9 36
9 171
9 495
10 1
10 13
10 16
10 19
10 253
10 496
11 2
11 10
11 14
11 92
11 173
11 254
11 497
12 14
12 39
12 66
12 93
13 12
13 22
13 40
13 67
13 499
14 5
14 13
14 17
14 68
14 95
14 176
14 257
15 9
15 12
15 16
15 177
16 13
16 17
16 97
16 259
17 11
17 15
17 26
17 98
17 179
17 503
18 0
18 45
18 72
18 99
18 180
18 261
19 18
19 22
19 25
19 46
19 73
19 262
19 505
20 11
20 18
20 19
20 26
20 263
20 506
21 12
21 18
21 22
21 23
21 48
21 75
21 102
21 183
22 76
22 184
22 265
23 5
23 14
23 20
23 22
23 26
23 50
23 77
23 104
23 185
23 266
23 509
24 15
24 18
24 21
24 25
24 26
24 51
24 78
24 105
24 510
25 7
25 16
25 22
25 26
25 52
25 106
25 511
26 8
26 53
26 107
26 188
26 512
27 28
27 29
27 36
27 189
27 513
28 29
28 34
28 46
28 55
28 190
28 271
28 514
29 2
29 32
29 110
29 515
30 27
30 31
30 32
30 33
30 57
30 111
30 192
30 273
31 4
31 28
31 40
31 112
31 193
31 274
32 5
32 31
32 35
32 41
32 50
32 59
32 113
32 275
32 518
33 27
33 42
33 114
33 195
34 7
34 31
34 33
34 35
34 43
34 52
34 61
34 277
35 29
35 33
35 44
35 53
35 116
35 197
35 278
36 37
36 38
36 39
36 45
36 279
37 10
37 28
37 38
37 43
37 46
37 118
37 199
37 280
38 11
38 29
38 47
38 119
38 200
38 281
39 30
39 41
39 48
39 66
39 120
39 282
39 525
40 37
40 39
40 43
40 67
40 121
40 202
40 526
41 14
41 38
41 40
41 68
41 122
42 15
42 36
42 39
42 123
42 528
43 16
43 42
43 70
43 124
43 286
43 529
44 17
44 38
44 41
44 42
44 43
44 71
44 125
44 206
44 530
45 27
45 48
45 72
45 126
45 288
46 45
46 49
46 73
46 532
47 20
47 29
47 45
47 46
47 209
47 290
48 30
48 49
48 50
48 51
49 22
49 31
49 40
49 52
49 211
49 292
49 535
50 41
50 47
50 49
50 77
50 212
50 536
51 33
51 42
51 45
51 294
51 537
52 43
52 46
52 51
52 79
52 133
53 44
53 47
53 50
53 51
53 52
53 80
53 539
54 0
54 27
54 56
54 57
54 60
54 63
54 135
54 540
55 1
55 54
55 58
55 61
55 73
55 136
56 29
56 55
56 59
56 62
56 65
56 137
56 299
57 3
57 58
57 59
57 66
57 75
57 300
58 31
58 59
58 61
58 76
58 139
58 220
58 544
59 5
59 62
59 68
59 140
59 302
59 545
60 33
60 57
60 61
60 62
60 69
60 141
60 222
60 303
61 70
61 79
61 142
61 304
62 35
62 61
62 224
62 305
62 548
63 9
63 36
63 64
63 66
63 69
63 72
63 306
63 549
64 10
64 37
64 55
64 65
64 67
64 145
64 226
64 550
65 11
65 38
65 63
65 74
65 308
65 551
66 67
66 147
66 228
66 552
67 58
67 76
67 148
67 229
68 65
68 66
68 67
68 71
68 77
68 554
69 15
69 42
69 66
69 70
69 71
69 150
69 231
69 555
70 16
70 64
70 67
70 71
70 79
70 232
71 17
71 62
71 65
71 80
72 54
72 73
72 78
72 153
72 558
73 64
73 76
73 235
73 316
74 20
74 47
74 56
74 72
74 73
74 77
74 80
74 155
74 236
75 48
75 66
75 72
75 76
75 77
75 156
75 237
75 318
76 49
76 157
76 238
76 319
76 562
77 59
77 76
77 80
77 158
77 239
78 51
78 60
78 69
78 75
78 80
78 159
78 321
79 25
79 73
79 76
79 78
79 160
79 241
79 565
80 26
80 62
80 79
81 0
81 84
81 87
81 90
81 99
81 135
81 324
81 567
82 1
82 81
82 83
82 85
82 100
82 136
82 163
82 568
83 2
83 81
83 92
83 101
83 110
83 137
83 164
83 569
84 3
84 85
84 86
84 93
84 102
84 165
84 570
85 4
85 94
85 103
85 112
85 139
85 166
86 5
86 83
86 85
86 89
86 113
86 140
86 329
87 6
87 84
87 88
87 96
87 114
87 168
87 330
88 7
88 82
88 85
88 89
88 106
88 142
88 331
88 574
89 83
89 87
89 98
89 575
90 9
90 91
90 92
90 96
90 171
90 333
90 576
91 10
91 82
91 92
91 94
91 97
91 100
91 145
92 98
92 101
92 146
92 173
92 335
93 90
93 102
93 120
93 147
94 13
94 93
94 148
94 175
94 337
94 580
95 86
95 92
95 93
95 94
95 104
95 149
95 176
95 338
96 15
96 93
96 105
96 123
96 177
96 339
97 88
97 94
97 96
97 106
97 583
98 95
98 96
98 97
98 107
98 179
98 584
99 90
99 100
99 101
99 102
99 105
99 126
99 153
99 180
100 19
100 101
100 103
100 127
100 154
100 181
101 20
101 107
101 155
101 182
101 344
101 587
102 183
103 22
103 94
103 102
103 106
103 157
103 184
104 86
104 101
104 102
104 103
104 158
104 185
104 590
105 87
105 102
105 106
105 107
105 132
105 159
105 186
105 591
106 100
106 160
106 592
107 89
107 104
107 106
107 161
107 593
108 27
108 81
108 109
108 110
108 111
108 117
108 135
108 351
109 28
109 82
109 110
109 112
109 115
109 118
109 127
109 595
110 113
110 128
111 84
111 129
111 138
111 192
111 354
112 111
112 139
112 193
112 355
112 598
113 112
113 122
113 131
113 140
113 194
113 599
114 108
114 111
114 116
114 123
114 141
114 195
114 600
115 34
115 88
115 112
115 114
115 124
115 142
115 196
115 601
116 89
116 110
116 113
116 115
116 143
116 359
116 602
117 36
117 90
117 118
117 120
117 123
117 144
117 198
118 91
118 121
118 124
118 361
119 92
119 110
119 117
119 118
119 125
119 146
120 111
120 121
120 147
121 94
121 112
121 124
121 130
121 148
121 202
121 364
121 607
122 95
122 119
122 120
122 121
122 125
122 131
122 149
122 203
123 120
123 125
123 150
123 366
123 609
124 97
124 123
124 133
124 610
125 98
125 116
125 124
125 134
125 368
125 611
126 108
126 117
126 127
126 128
126 129
126 153
126 207
127 46
127 118
127 128
127 133
127 154
127 208
127 370
127 613
128 47
128 101
128 119
128 134
128 371
129 48
129 102
129 120
129 131
129 210
129 615
130 49
130 103
130 112
130 127
130 129
130 131
130 133
130 157
130 373
130 616
131 50
131 104
131 128
131 134
131 212
131 617
132 51
132 114
132 123
132 126
132 129
132 159
132 375
133 106
133 115
133 132
133 134
133 160
134 53
134 107
134 116
134 132
134 161
134 620
135 136
135 137
135 138
135 141
135 153
136 109
136 142
136 145
136 217
136 622
137 110
137 136
137 155
138 57
138 84
138 139
138 147
138 219
138 624
139 136
140 137
140 138
140 139
140 143
140 149
140 383
141 87
141 138
141 142
141 143
141 150
141 159
141 222
141 627
142 139
142 151
142 385
143 62
143 89
143 137
143 142
143 161
143 629
144 63
144 90
144 135
144 145
144 146
144 147
144 153
145 118
145 154
145 226
145 388
146 65
146 137
146 145
146 149
146 152
146 155
147 148
147 156
147 228
147 633
148 139
148 145
148 151
148 157
148 229
148 391
149 68
149 147
149 148
149 152
150 96
150 144
150 147
150 151
150 393
151 70
151 97
151 124
151 145
151 394
151 637
152 71
152 98
152 125
152 143
152 150
152 151
152 161
152 395
152 638
153 154
153 155
153 156
153 234
153 396
153 639
154 73
154 136
154 155
154 157
154 160
154 235
155 128
155 158
155 161
155 236
155 641
156 102
156 129
156 138
156 158
156 159
157 139
157 156
157 238
157 643
158 131
158 140
158 149
158 157
158 161
158 239
158 401
158 644
159 150
159 153
159 160
159 161
159 240
160 142
160 151
160 157
160 241
160 403
161 80
161 160
161 242
161 647
162 81
162 180
162 405
162 648
163 162
163 164
163 166
163 172
163 217
163 406
164 2
164 162
164 167
164 182
164 191
164 650
165 162
165 168
166 165
166 169
166 220
166 409
166 652
167 86
167 165
167 166
167 176
167 194
167 221
167 410
168 6
168 162
168 177
168 222
168 654
169 7
169 88
169 163
169 168
169 178
169 196
169 223
170 89
170 164
170 167
170 168
170 169
170 197
170 413
171 162
171 172
171 180
171 225
171 657
172 10
172 91
172 173
172 178
172 199
173 164
173 171
173 416
174 12
174 93
174 165
174 171
174 176
174 177
174 201
174 228
174 417
174 660
175 13
175 166
175 172
175 174
175 418
176 173
176 175
176 179
176 203
176 230
177 171
177 178
177 186
177 204
177 231
177 420
178 16
178 97
178 175
178 205
179 170
179 173
179 177
179 178
179 188
179 206
179 233
180 183
180 207
180 423
181 19
181 163
181 172
181 180
181 182
181 235
182 20
182 173
182 180
182 185
182 188
182 236
183 165
183 174
183 426
184 166
184 175
184 181
184 183
184 185
184 670
185 167
185 176
185 183
185 239
185 428
185 671
186 24
186 168
186 180
186 183
186 213
186 240
187 25
187 106
187 169
187 178
187 181
187 184
187 186
187 430
188 107
188 170
188 185
188 186
188 187
188 215
189 108
189 162
189 191
189 192
189 195
189 207
189 216
189 675
190 109
190 163
190 189
190 199
190 676
191 29
191 110
191 190
192 165
192 195
192 219
192 678
193 166
193 190
193 192
193 194
193 196
193 220
193 679
194 32
194 191
194 192
194 197
194 203
195 168
195 196
196 34
196 190
196 205
197 116
197 191
197 195
197 196
197 206
197 440
198 36
198 171
198 189
198 199
198 200
198 204
198 207
198 441
198 684
199 118
199 205
199 442
199 685
200 119
200 173
200 191
200 199
200 206
200 209
200 227
200 443
200 686
201 39
201 120
201 192
201 198
201 202
201 204
201 210
201 687
202 175
202 193
202 199
202 203
202 211
202 688
203 41
203 200
203 201
203 206
203 212
203 230
203 446
204 42
204 123
204 195
204 205
204 206
204 231
204 447
205 43
205 124
205 202
205 206
205 214
206 125
206 233
206 449
207 45
207 208
207 209
207 210
207 234
208 46
208 181
208 190
208 199
208 211
209 128
209 182
209 191
209 208
209 236
209 452
210 48
210 183
210 192
210 211
210 237
210 453
211 130
211 184
211 193
211 212
211 238
212 185
212 194
212 209
212 210
212 239
212 455
213 51
213 132
213 195
213 204
213 207
213 210
213 214
213 240
213 699
214 52
214 133
214 187
214 196
214 211
214 457
214 700
215 53
215 134
215 197
215 206
215 209
215 212
215 213
215 214
215 242
215 458
216 54
216 135
216 162
216 218
216 234
216 459
217 55
217 190
217 216
217 220
217 460
217 703
218 56
218 137
218 164
218 191
218 217
218 221
218 227
218 236
218 461
219 57
219 165
219 216
219 221
219 228
219 705
220 139
220 219
220 238
220 706
221 59
221 140
221 194
221 220
221 224
222 195
222 216
222 219
222 223
222 231
222 465
223 61
223 142
223 196
223 217
223 220
223 232
223 241
223 466
223 709
224 143
224 170
224 197
224 218
224 222
224 223
224 233
224 242
225 63
225 144
225 198
225 216
225 226
225 228
225 234
225 468
225 711
226 172
226 199
226 217
226 227
226 232
226 235
227 65
227 146
227 173
227 225
227 230
227 470
227 713
228 201
228 229
228 230
228 231
228 237
229 175
229 202
229 220
229 226
229 232
229 238
230 68
230 149
230 221
230 229
230 239
231 150
231 225
231 474
231 717
232 151
232 178
232 205
232 231
232 233
232 241
232 475
232 718
233 71
233 152
233 227
233 230
233 231
233 242
234 72
234 180
234 235
234 237
234 477
235 208
235 217
235 236
235 241
235 478
236 227
236 234
236 239
236 242
237 156
237 183
237 219
237 239
237 240
237 723
238 184
238 235
238 237
238 239
238 241
238 724
239 221
239 242
240 78
240 222
240 231
240 234
240 241
240 726
241 187
241 214
241 242
241 484
242 80
242 188
242 240
242 485
243 0
243 252
243 270
243 297
244 1
244 243
244 245
244 247
244 250
244 253
244 298
245 2
245 243
245 263
245 272
246 243
246 249
246 264
246 327
247 4
247 246
247 248
247 274
247 490
248 5
248 245
248 246
248 251
248 266
248 275
248 302
248 410
248 491
249 243
249 250
249 303
250 247
250 268
250 304
250 412
251 8
251 245
251 249
251 250
251 269
251 305
251 413
252 9
252 254
252 255
252 279
252 495
253 252
253 254
253 307
253 496
254 245
254 281
254 308
254 335
254 497
255 12
255 246
255 257
255 258
255 264
255 309
255 336
255 417
255 498
256 13
256 247
256 253
256 255
256 283
256 418
257 248
257 254
257 256
257 284
257 338
258 15
258 249
258 252
258 259
258 312
258 501
259 250
259 253
259 256
259 260
259 268
259 286
259 313
260 17
260 251
260 254
260 257
260 258
260 269
260 314
260 422
261 243
261 252
261 264
261 267
261 288
261 315
261 423
262 244
262 253
262 261
262 265
262 268
262 343
263 254
263 261
263 262
263 266
263 317
263 506
264 21
264 266
264 291
265 247
265 256
265 264
265 266
265 268
265 292
265 508
266 257
266 269
266 293
266 320
266 347
266 428
266 509
267 24
267 249
267 258
267 264
267 294
267 321
267 348
268 25
268 267
268 269
268 295
268 349
268 430
269 26
269 263
269 267
269 323
270 27
270 288
270 351
270 432
270 513
271 244
271 270
271 280
271 298
271 352
271 514
272 29
272 270
272 271
272 275
272 515
273 246
273 270
273 275
273 291
273 300
273 516
274 271
274 273
274 275
274 277
274 292
274 301
274 517
275 278
275 293
275 302
275 356
276 33
276 249
276 270
276 273
276 278
276 285
277 250
277 271
277 276
277 295
277 358
277 439
278 251
278 272
278 277
278 305
279 270
279 288
279 360
279 441
279 522
280 253
280 279
280 286
280 361
280 523
281 272
281 279
281 280
281 284
281 290
281 443
282 255
282 273
282 279
282 285
282 291
282 309
282 363
282 444
282 525
283 40
283 274
283 280
283 282
283 284
283 286
283 292
283 526
284 41
284 275
284 282
284 311
284 365
284 446
285 42
285 258
285 279
285 286
285 287
285 294
285 447
285 528
286 277
286 287
286 295
286 367
287 44
287 260
287 278
287 281
287 284
287 314
287 368
288 290
288 294
289 46
289 262
289 271
289 280
289 288
289 290
289 295
289 370
289 451
289 532
290 263
290 272
290 293
290 296
290 317
290 533
291 48
291 288
291 292
291 293
291 318
291 372
292 289
292 293
292 373
292 454
292 535
293 50
293 284
293 296
293 320
293 374
293 455
293 536
294 276
294 291
294 295
294 296
294 375
294 456
295 52
295 292
295 457
296 53
296 269
296 278
296 287
296 295
296 377
297 54
297 270
297 299
297 306
297 459
297 540
298 55
298 297
298 304
298 307
298 379
298 460
298 541
299 245
299 272
299 298
299 302
299 305
299 380
299 461
300 246
300 297
300 301
300 543
301 58
301 247
301 298
301 310
301 382
301 544
302 300
302 301
302 320
303 276
303 297
303 300
303 546
304 277
304 301
304 303
304 305
304 547
305 302
305 303
305 386
305 467
305 548
306 252
306 279
306 307
306 308
306 309
306 315
306 387
306 549
307 64
307 280
307 310
307 316
307 469
308 281
308 299
308 307
308 551
309 66
309 300
309 310
309 311
309 471
310 67
310 256
310 283
310 311
310 391
310 553
311 68
311 257
311 302
311 308
311 320
312 69
312 285
312 303
312 306
312 309
312 313
312 314
312 321
312 555
313 70
313 286
313 304
313 307
313 310
313 322
313 475
314 71
314 305
314 308
314 311
314 313
314 323
315 72
315 288
315 297
315 316
315 321
315 396
315 477
316 262
316 289
316 298
316 317
316 322
316 397
316 478
317 74
317 299
317 308
317 315
317 323
317 479
318 264
318 300
318 309
318 315
318 321
318 561
319 265
319 292
319 301
319 310
319 316
319 318
319 320
319 562
320 77
320 317
320 318
320 323
320 563
321 294
321 303
321 323
321 402
321 483
321 564
322 79
322 268
322 295
322 304
322 319
322 321
322 565
323 80
323 296
323 305
323 322
323 566
324 243
324 326
324 330
324 333
324 351
324 567
325 82
325 244
325 324
325 326
325 331
325 379
325 568
326 83
326 245
326 332
326 335
326 344
326 380
327 84
327 324
327 328
327 330
327 336
327 345
327 381
328 85
328 247
328 329
328 346
328 571
329 248
329 326
329 327
329 332
329 356
329 383
330 249
330 331
330 357
331 250
331 328
331 340
331 349
331 385
331 412
331 574
332 89
332 251
332 330
332 331
332 350
332 386
332 413
333 252
333 334
333 387
334 91
334 253
334 325
334 337
334 343
334 361
334 388
335 333
335 334
335 341
335 344
335 362
335 389
335 416
335 578
336 93
336 333
336 337
336 345
336 390
336 417
337 256
337 328
337 338
337 340
337 346
337 391
338 329
338 335
338 336
338 341
338 365
339 258
339 330
339 333
339 336
339 340
339 348
339 393
339 420
340 97
340 259
340 334
340 341
341 98
341 260
341 332
341 339
341 395
341 422
341 584
342 99
342 261
342 324
342 333
342 344
342 369
342 396
342 423
343 100
343 325
343 342
343 344
343 346
343 397
343 586
344 263
344 347
344 587
345 102
345 264
345 342
345 372
346 103
346 265
346 345
346 347
346 373
346 427
346 589
347 104
347 329
347 338
347 345
347 350
347 374
347 590
348 105
348 330
348 342
348 345
348 349
348 375
348 591
349 106
349 340
349 343
349 346
349 350
349 376
350 107
350 269
350 341
350 344
350 348
350 377
350 404
350 593
351 352
351 353
351 357
351 360
351 378
351 594
352 109
352 325
352 358
352 361
352 379
353 110
353 272
353 326
353 352
353 356
353 359
353 362
353 371
353 596
354 273
354 327
354 351
354 357
355 274
355 328
355 352
355 354
355 358
355 364
355 436
356 113
356 354
356 355
356 359
356 365
356 374
356 383
356 437
357 114
357 276
357 359
357 366
357 384
357 600
358 115
358 331
358 357
358 367
358 376
358 601
359 278
359 332
359 358
359 368
359 386
359 440
359 602
360 117
360 333
360 361
360 366
360 441
361 362
361 364
361 367
361 370
361 388
361 604
362 119
362 281
362 360
362 368
362 371
362 389
362 605
363 120
363 336
363 354
363 360
364 283
364 337
364 363
364 373
364 391
365 122
365 362
365 363
365 364
365 368
365 446
365 608
366 285
366 339
366 363
367 124
367 340
367 364
367 366
367 394
367 610
368 341
368 366
368 367
368 377
368 611
369 126
369 288
369 351
369 360
369 370
369 396
369 450
369 612
370 343
370 352
370 397
370 451
370 613
371 290
371 344
371 369
371 370
371 374
371 398
371 452
371 614
372 129
372 354
372 363
372 369
372 374
372 453
373 355
373 370
373 372
373 374
373 376
374 131
374 365
374 455
374 617
375 357
375 366
375 369
375 372
375 618
376 133
376 295
376 367
376 370
376 375
376 377
376 457
377 134
377 359
377 371
377 374
377 375
377 404
377 458
377 620
378 135
378 297
378 324
378 379
378 380
378 381
378 387
378 621
379 136
379 460
380 137
380 353
380 379
380 389
380 623
381 138
381 300
381 354
381 384
382 139
382 328
382 355
382 379
382 381
382 400
382 625
383 302
383 380
383 381
383 382
383 386
383 392
383 464
383 626
384 141
384 303
384 330
384 378
384 393
384 465
385 304
385 358
385 379
385 382
385 384
385 386
385 394
385 403
385 628
386 143
386 380
386 384
386 395
387 144
387 360
387 388
387 389
387 393
387 630
388 307
388 379
388 394
388 397
388 631
389 146
389 308
389 388
389 392
389 395
389 632
390 147
390 309
390 363
390 381
390 387
390 392
390 393
390 399
390 471
390 633
391 382
391 388
391 390
391 392
391 394
391 634
392 149
392 311
392 338
392 365
392 473
393 312
393 366
393 394
393 395
393 402
393 474
394 313
394 340
394 403
394 475
394 637
395 314
395 368
395 392
395 394
396 378
396 387
396 397
396 398
396 402
397 154
397 379
397 478
398 155
398 317
398 344
398 380
398 389
398 397
398 401
399 156
399 318
399 345
399 372
399 381
399 396
399 400
399 402
399 642
400 157
400 319
400 346
400 373
400 391
400 397
400 401
400 643
401 320
401 347
401 374
401 383
401 392
401 399
401 482
402 159
402 348
402 375
402 384
402 403
402 404
403 322
403 349
403 376
403 397
403 400
403 404
403 484
403 646
404 161
404 323
404 386
404 395
404 398
404 401
404 485
404 647
405 243
405 324
405 407
405 408
405 414
405 423
405 459
405 648
406 244
406 325
406 405
406 415
406 433
406 460
407 164
407 245
407 326
407 406
407 410
407 425
408 165
408 246
408 327
408 410
408 462
408 651
409 247
409 328
409 406
409 408
409 410
409 418
409 427
409 463
409 652
410 329
410 437
410 464
410 653
411 168
411 249
411 330
411 405
411 408
411 413
411 465
411 654
412 169
412 406
412 409
412 411
412 421
412 430
412 439
413 407
413 410
413 412
413 422
413 467
414 252
414 333
414 441
415 172
415 253
415 334
415 414
415 416
415 421
415 658
416 254
416 407
416 414
416 422
416 425
416 443
417 408
417 414
417 419
417 420
417 444
418 337
418 415
418 417
418 419
418 661
419 176
419 257
419 338
419 410
419 416
419 422
419 428
419 662
420 258
420 411
420 414
420 474
420 663
421 178
421 259
421 340
421 418
421 420
421 422
421 430
421 448
422 179
422 420
422 431
422 449
423 414
423 426
423 429
423 450
423 477
424 181
424 262
424 343
424 406
424 415
424 423
424 425
424 427
424 451
424 478
424 667
425 182
425 263
425 344
425 423
425 428
425 431
425 479
426 264
426 345
426 408
426 417
426 428
426 429
426 453
427 184
427 265
427 418
427 426
427 428
427 670
428 347
428 410
428 455
428 671
429 186
429 267
429 348
429 411
429 420
429 431
429 456
429 483
430 349
430 424
430 427
430 429
431 188
431 269
431 350
431 413
431 428
431 430
431 458
431 674
432 189
432 351
432 405
432 438
432 459
432 675
433 190
433 271
433 352
433 432
433 434
433 439
433 442
434 191
434 272
434 353
434 407
434 432
434 443
434 461
435 192
435 273
435 354
435 408
435 432
435 438
435 444
435 462
436 193
436 274
436 409
436 433
436 435
436 439
436 445
436 463
436 679
437 194
437 275
437 434
437 435
437 436
437 446
437 455
437 680
438 195
438 276
438 357
438 411
438 447
438 465
439 196
439 358
440 278
440 413
440 434
440 437
440 438
440 439
440 458
441 432
441 442
441 443
441 444
441 447
441 450
441 468
442 280
442 361
442 415
442 448
442 451
443 362
443 442
443 449
444 201
444 363
444 447
444 453
444 471
445 202
445 283
445 364
445 418
445 442
445 444
445 446
445 448
445 688
446 419
446 443
446 444
446 449
446 473
447 366
447 420
447 690
448 205
448 286
448 367
448 439
448 447
448 449
449 287
449 368
449 440
449 447
450 207
450 288
450 432
450 451
450 453
450 477
450 693
451 208
451 433
451 454
451 457
451 478
451 694
452 290
452 425
452 434
452 443
452 450
452 451
452 458
452 479
452 695
453 291
453 435
453 454
453 455
453 456
453 480
453 696
454 211
454 373
454 427
454 436
454 445
454 455
454 481
454 697
455 446
455 452
455 482
456 213
456 375
456 438
456 447
456 450
456 457
456 458
457 430
457 439
457 448
457 454
457 458
457 484
457 700
458 296
458 449
458 455
458 485
459 378
459 462
459 468
459 477
459 702
460 433
460 459
460 463
460 469
460 703
461 380
461 407
461 459
461 460
461 467
461 470
462 219
462 300
462 381
462 465
462 471
463 220
463 301
463 382
463 462
463 464
463 466
463 472
463 706
464 221
464 302
464 437
464 461
464 462
464 467
465 303
465 459
465 466
465 474
465 483
465 708
466 304
466 385
466 412
466 439
466 460
466 484
467 224
467 386
467 440
467 465
467 466
467 476
467 710
468 306
468 387
468 414
468 470
468 477
469 226
469 388
469 415
469 442
469 468
469 472
469 475
469 478
469 712
470 308
470 389
470 416
470 443
470 469
470 473
470 713
471 228
471 417
471 468
471 474
471 480
472 229
472 310
472 391
472 418
472 445
472 471
472 475
473 230
473 311
473 419
473 464
473 471
473 472
473 482
473 716
474 312
474 447
474 468
474 475
474 483
475 421
475 448
475 466
475 476
475 718
476 233
476 314
476 395
476 422
476 449
476 470
476 473
476 474
476 485
476 719
477 396
477 478
477 479
477 480
477 483
477 720
478 460
478 479
479 236
479 398
479 461
479 470
479 482
480 237
480 318
480 399
480 426
480 462
480 482
480 483
480 723
481 238
481 319
481 400
481 427
481 463
481 472
481 478
481 480
481 482
482 239
482 320
482 428
482 464
482 485
482 725
483 240
483 402
483 456
483 485
483 726
484 322
484 430
484 475
484 478
484 481
484 483
484 485
485 323
485 431
485 467
485 479
486 243
486 487
486 488
486 492
486 540
486 567
486 648
487 1
487 244
487 490
487 493
487 514
487 541
487 649
488 245
488 487
488 494
488 497
488 515
488 542
488 569
489 246
489 486
489 491
489 492
489 498
489 507
489 570
489 651
490 489
490 491
490 493
490 499
490 517
490 544
490 652
491 5
491 488
491 500
491 545
491 653
492 249
492 493
492 494
492 510
492 519
492 546
492 573
492 654
493 250
493 502
493 511
493 520
493 655
494 8
494 251
494 491
494 493
494 521
495 486
495 496
495 498
495 501
495 522
496 487
496 497
496 499
496 505
496 523
496 550
497 495
497 503
497 524
498 12
498 499
498 501
498 525
498 552
498 579
499 256
499 500
499 502
499 508
499 526
499 553
500 14
500 257
500 497
500 498
500 581
500 662
501 15
501 492
501 502
501 663
502 16
502 259
502 496
502 503
502 511
502 529
502 556
502 583
502 664
503 260
503 494
503 500
503 501
503 512
503 584
504 18
504 261
504 486
504 495
504 506
504 531
504 558
505 262
505 487
505 504
505 506
505 532
505 667
506 488
506 497
506 509
506 512
506 668
507 21
507 264
507 498
507 504
507 508
507 510
507 534
507 588
507 669
508 22
508 490
508 505
508 509
508 535
508 562
508 589
508 670
509 491
509 500
509 507
509 512
509 536
509 590
510 267
510 501
510 504
510 512
510 537
510 564
510 591
510 672
511 268
511 505
511 508
511 510
511 538
511 565
511 673
512 269
512 494
512 511
512 539
512 566
513 486
513 514
513 516
513 675
514 517
514 523
514 532
514 541
515 513
515 514
515 521
515 542
515 677
516 30
516 489
516 525
516 534
516 543
517 31
517 516
517 520
517 679
518 275
518 491
518 515
518 516
518 517
518 527
518 599
518 680
519 33
519 276
519 513
519 516
519 520
519 521
519 537
519 546
519 600
520 34
520 277
520 514
521 35
521 278
521 518
521 520
521 530
522 36
522 513
522 523
522 524
522 528
522 684
523 37
523 524
523 529
524 38
524 281
524 515
524 527
524 605
525 522
525 552
525 606
526 517
526 523
526 525
526 535
526 688
527 41
527 284
527 500
527 525
527 526
528 501
528 519
528 525
528 529
528 555
528 609
529 286
529 520
529 526
529 530
529 556
530 287
530 503
530 524
530 527
530 528
530 611
531 45
531 288
531 513
531 522
531 532
531 533
531 534
531 537
531 558
531 612
532 523
532 559
532 613
532 694
533 47
533 506
533 515
533 524
533 532
533 560
534 48
534 291
534 525
534 535
534 536
534 537
534 615
534 696
535 517
535 532
536 518
536 527
536 533
536 535
536 539
536 563
536 617
537 294
537 528
537 538
537 618
537 699
538 52
538 295
538 520
538 529
538 532
538 535
538 539
538 565
538 700
539 296
539 521
539 530
539 533
539 537
539 701
540 513
540 541
540 542
540 543
540 546
541 55
541 542
541 544
541 550
541 559
542 56
542 299
542 548
542 623
543 57
543 489
543 544
543 545
543 546
543 624
544 517
544 562
544 706
545 302
545 518
545 542
545 544
545 548
545 563
545 626
546 60
546 555
547 61
547 493
547 520
547 541
547 544
547 546
547 548
547 556
547 565
547 628
547 709
548 494
548 521
548 546
548 557
548 566
548 710
549 495
549 522
549 540
549 550
549 551
549 552
549 555
550 307
550 523
550 551
550 553
550 556
550 559
551 497
551 524
551 542
551 560
551 632
551 713
552 309
552 543
552 553
552 555
552 561
552 714
553 67
553 526
553 544
553 556
553 562
554 311
554 500
554 527
554 545
554 551
554 552
554 553
554 563
554 635
555 501
555 564
556 70
556 313
556 555
556 557
556 565
556 637
556 718
557 71
557 314
557 503
557 530
557 551
557 554
557 555
558 315
558 540
558 549
558 559
558 560
559 73
559 316
559 505
559 560
559 565
559 640
559 721
560 74
560 317
560 506
560 542
560 641
561 75
561 507
561 534
561 543
561 558
561 562
561 564
561 723
562 535
562 559
562 565
563 77
563 509
563 560
563 561
563 562
563 566
563 644
564 78
564 537
564 546
564 558
564 645
564 726
565 564
565 727
566 80
566 539
566 557
566 560
566 564
566 565
566 728
567 569
567 585
567 594
567 621
567 648
568 487
568 567
568 574
568 586
568 649
569 326
569 568
569 572
569 575
569 578
569 587
569 596
569 623
569 650
570 327
570 567
570 571
570 572
570 573
570 579
570 651
571 85
571 490
571 568
571 589
571 652
572 86
572 329
572 491
572 571
572 581
572 590
572 653
573 87
573 330
573 567
573 582
573 591
573 600
574 493
574 571
574 573
574 575
574 583
574 592
574 628
574 655
575 332
575 494
575 572
575 573
575 584
575 629
576 333
576 495
576 567
576 577
576 579
576 585
576 603
577 91
577 334
577 496
577 568
577 586
577 604
578 92
578 497
578 576
578 577
578 584
578 605
578 632
578 659
579 93
579 336
579 581
579 588
579 633
580 337
580 499
580 571
580 577
580 579
580 581
580 583
580 634
581 95
581 338
581 578
581 590
582 96
582 339
582 501
582 576
582 579
582 583
582 584
582 591
582 663
583 340
583 577
583 584
583 637
583 664
584 581
584 593
584 665
585 99
585 342
585 504
585 586
585 587
586 100
586 505
586 613
587 506
587 578
587 586
587 590
587 593
587 614
587 668
588 102
588 345
588 570
588 585
588 589
588 615
588 669
589 103
589 580
589 586
589 670
590 588
590 589
590 593
590 617
590 644
590 671
591 585
591 588
591 672
592 349
592 511
592 583
592 586
592 589
592 591
592 593
592 646
592 673
593 512
593 575
593 591
593 620
593 647
593 674
594 108
594 513
594 596
594 597
594 600
594 675
595 352
595 514
595 568
595 594
595 604
595 622
596 110
596 515
596 595
596 605
596 614
596 677
597 111
597 354
597 516
597 570
597 598
597 615
597 624
597 678
598 355
598 517
598 571
598 595
598 601
598 607
598 616
598 679
599 356
599 572
599 596
599 597
599 598
599 617
599 626
600 597
601 520
601 574
601 595
601 600
601 610
601 619
601 682
602 521
602 575
602 596
602 599
602 600
602 601
602 611
602 620
602 629
602 683
603 117
603 360
603 522
603 594
603 604
603 605
603 606
603 612
603 684
604 118
604 523
604 605
604 607
604 610
605 119
605 611
605 614
606 120
606 363
606 579
606 597
606 607
606 609
606 615
606 687
607 364
607 526
607 580
607 634
607 688
608 122
608 527
608 581
608 599
608 605
608 606
608 607
608 611
608 617
608 635
608 689
609 366
609 582
609 600
609 603
609 610
609 618
609 690
610 529
610 583
610 607
610 611
610 619
610 637
611 584
611 609
611 692
612 126
612 585
612 594
612 613
612 614
612 615
613 595
613 604
613 614
613 619
613 640
614 128
614 533
614 620
614 641
614 695
615 372
615 618
615 696
616 373
616 535
616 589
616 607
616 613
616 615
616 619
616 643
616 697
617 614
617 615
617 616
617 620
617 698
618 132
618 591
618 600
618 612
618 619
618 645
618 699
619 133
619 376
619 538
619 592
620 539
620 611
620 618
620 619
621 135
621 540
621 594
621 627
621 639
622 379
622 541
622 568
622 621
622 628
622 640
623 137
623 596
623 621
623 622
623 626
623 632
624 381
624 570
624 621
624 626
624 627
624 642
624 705
625 139
625 544
625 571
625 598
625 622
625 624
625 628
625 634
625 643
625 706
626 140
626 572
626 625
626 629
626 635
626 644
626 707
627 384
627 546
627 573
627 600
627 629
627 636
628 142
628 601
628 627
629 386
629 548
629 623
629 628
629 710
630 144
630 549
630 576
630 603
630 621
630 639
630 711
631 145
631 550
631 577
631 604
631 622
631 630
632 146
632 605
632 630
632 631
632 641
633 552
633 606
633 624
633 630
633 634
633 714
634 148
634 553
634 631
635 149
635 392
635 581
635 632
635 633
635 634
635 638
635 644
636 150
636 393
636 555
636 582
636 609
636 630
636 633
636 717
637 628
637 631
637 634
637 636
637 638
637 718
638 395
638 557
638 584
638 611
638 629
638 632
638 636
638 647
638 719
639 396
639 558
639 585
639 612
639 641
639 720
640 154
640 397
640 586
640 631
640 639
640 643
641 398
641 587
641 623
641 640
641 644
642 156
642 561
642 588
642 615
642 633
642 639
642 643
642 644
642 645
643 562
643 589
643 634
643 646
644 401
644 617
644 643
645 159
645 402
645 591
645 627
645 636
645 639
645 646
645 647
645 726
646 160
646 565
646 619
646 628
646 637
646 640
646 647
646 727
647 566
647 620
647 629
647 641
647 644
648 650
648 654
648 657
648 675
649 163
649 406
649 648
649 658
649 667
649 676
649 703
650 407
650 488
650 649
650 659
650 668
650 704
651 165
651 648
651 653
651 705
652 649
652 651
652 661
652 679
652 706
653 167
653 650
653 652
653 680
653 707
654 573
654 651
654 655
654 656
654 663
654 672
655 169
655 412
655 649
655 652
655 664
655 673
655 682
656 170
656 413
656 494
656 575
656 650
656 653
656 655
656 665
656 674
657 414
657 495
657 576
657 660
657 666
658 172
658 496
658 577
658 657
658 659
658 664
658 667
659 173
659 416
659 497
659 657
659 662
659 713
660 417
660 498
660 579
660 651
660 661
660 663
660 669
660 687
661 175
661 499
661 580
661 658
661 662
661 670
661 715
662 176
662 581
662 653
662 660
662 665
662 671
662 716
663 177
663 657
663 665
663 672
664 178
664 421
664 661
664 663
664 665
664 673
664 718
665 179
665 422
665 503
665 659
666 180
666 423
666 504
666 585
666 648
666 667
666 669
666 672
666 720
667 181
667 586
667 668
667 670
667 673
667 721
668 182
668 425
668 659
668 666
669 183
669 426
669 651
669 670
669 672
669 696
669 723
670 652
670 671
670 697
671 509
671 668
671 669
672 186
672 429
672 673
672 699
672 726
673 187
673 430
673 670
673 674
673 700
674 188
674 512
674 665
674 668
674 671
674 672
675 677
675 693
676 433
676 514
676 595
676 675
676 679
676 685
676 694
676 703
677 191
677 434
677 650
677 676
677 680
677 683
678 435
678 516
678 651
678 675
678 679
678 681
678 687
678 696
679 682
679 688
679 706
680 194
680 599
680 678
680 679
680 698
680 707
681 195
681 438
681 519
681 600
681 654
681 675
681 699
682 196
682 439
682 520
682 676
682 681
682 691
683 197
683 440
683 521
683 656
683 680
683 681
683 682
683 692
684 441
684 657
684 675
684 686
684 687
684 693
684 711
685 442
685 523
685 604
685 658
685 684
685 686
685 688
685 694
685 712
686 443
686 524
686 605
686 659
686 677
687 444
687 525
687 688
687 690
687 696
687 714
688 661
688 689
688 691
689 203
689 446
689 527
689 662
689 680
689 686
689 687
689 692
689 698
690 204
690 528
690 663
690 681
690 684
690 692
690 699
690 717
691 205
691 448
691 529
691 610
691 664
691 685
691 690
691 692
691 718
692 206
692 449
692 530
692 665
692 686
692 719
693 207
693 531
693 612
693 666
693 694
693 695
693 699
694 208
694 613
694 667
694 697
695 209
695 533
695 668
695 677
695 686
695 694
695 698
696 210
696 693
696 697
696 698
696 699
696 723
697 211
697 535
697 679
697 688
697 724
698 212
698 455
698 536
698 671
698 697
698 701
699 456
699 700
699 701
699 726
700 619
700 682
700 691
700 694
700 697
701 215
701 458
701 620
701 674
701 683
701 692
701 695
701 700
701 728
702 216
702 540
702 621
702 648
702 675
702 703
702 711
702 720
703 541
703 622
703 721
704 218
704 461
704 542
704 623
704 677
704 702
704 703
704 713
705 462
705 543
705 678
705 702
706 703
706 705
706 707
706 709
706 715
706 724
707 221
707 464
707 545
707 704
707 705
708 222
708 546
708 627
708 654
708 681
708 702
708 705
708 709
708 710
709 466
709 628
709 655
709 682
709 703
709 710
710 224
710 656
710 683
710 704
710 707
710 719
711 468
711 549
711 657
711 712
711 713
711 717
711 720
712 226
712 550
712 631
712 658
712 703
712 718
712 721
713 632
713 686
713 712
713 719
714 228
714 471
714 660
714 705
714 711
714 715
715 229
715 472
715 553
715 634
715 688
715 712
715 716
715 718
716 230
716 554
716 635
716 689
716 707
716 713
716 714
716 719
717 474
717 555
717 663
717 708
717 714
717 726
718 709
718 717
719 233
719 557
719 665
719 717
719 718
720 234
720 558
720 693
720 723
721 235
721 478
721 640
721 694
721 720
721 722
721 724
722 236
722 479
722 560
722 641
722 668
722 695
722 704
722 713
722 720
723 642
723 705
723 714
723 724
723 725
723 726
724 481
724 562
724 643
724 670
724 715
724 727
725 239
725 563
725 644
725 671
725 698
725 707
725 716
725 722
725 724
726 708
726 720
726 727
726 728
727 241
727 484
727 673
727 700
727 709
727 718
727 721
727 728
728 242
728 485
728 647
728 674
728 710
728 719
728 722
728 725
2 13 16 29 42 61 72 77 100 105 107 108 110 111 113 122 142 145 164 165 171 208 211 214 219 233 260 263 264 280 291 297 302 322 325 328 331 349 365 369 374 393 398 399 414 430 438 439 440 472 479 492 505 517 525 539 551 552 578 579 594 610 612 629 633 637 643 653 655 657 662 671 686 687 703 726
