512 2511 64
0 1
0 32
0 64
0 128
1 9
1 17
1 33
1 129
2 0
2 3
2 6
2 34
2 258
3 1
3 19
3 35
3 131
3 259
4 0
4 6
4 12
4 20
4 68
5 1
5 4
5 7
5 13
5 21
5 133
6 14
6 22
6 38
6 134
6 262
7 3
7 6
7 23
7 39
7 71
7 263
8 0
8 9
8 40
8 72
8 264
9 1
9 8
9 11
9 25
9 73
9 137
9 265
10 2
10 8
10 14
10 26
10 42
10 74
10 138
11 3
11 10
11 27
11 43
11 267
12 8
12 13
12 14
12 28
12 44
12 140
13 9
13 15
13 45
13 77
13 141
13 269
14 12
14 15
14 46
14 78
14 142
15 7
15 11
16 0
16 18
16 80
16 144
17 16
17 25
17 49
17 81
18 2
18 19
18 22
18 26
18 82
18 146
19 17
19 51
19 83
19 275
20 16
20 21
20 22
20 148
20 276
21 17
21 23
21 85
22 6
22 30
22 54
22 86
22 278
23 19
23 22
23 31
23 279
24 8
24 16
24 26
24 28
24 56
24 88
24 280
25 17
25 24
25 57
25 89
25 281
26 58
26 90
26 154
27 19
27 25
27 26
27 31
27 155
27 283
28 20
28 29
28 30
28 156
29 13
29 21
29 25
29 28
29 31
29 61
29 157
29 285
30 14
30 26
30 31
30 94
31 15
31 23
31 27
31 159
31 287
32 0
32 33
32 288
33 35
33 37
33 41
33 161
34 32
34 35
34 38
34 50
34 162
35 43
35 99
35 163
35 291
36 4
36 32
36 37
36 164
36 292
37 5
37 36
37 39
37 45
37 53
37 101
38 6
38 36
38 46
38 54
38 294
39 35
39 38
39 103
39 167
40 32
40 42
40 44
40 168
41 9
41 40
41 45
41 297
42 34
42 46
42 58
42 170
43 41
43 42
43 47
43 171
44 36
44 40
44 46
44 108
44 300
45 44
45 61
45 109
45 173
45 301
46 44
46 47
46 62
46 110
46 174
46 302
47 15
47 39
47 45
47 175
47 303
48 16
48 32
48 50
48 52
48 56
48 176
48 304
49 17
49 33
49 48
49 177
50 18
50 51
50 54
50 58
50 178
50 306
51 35
51 49
51 55
51 59
52 20
52 36
52 48
52 53
52 180
52 308
53 21
53 49
53 117
53 181
54 52
54 55
54 62
54 118
55 23
55 39
55 53
55 54
55 119
55 311
56 40
56 58
56 60
56 120
56 184
56 312
57 41
57 49
57 56
57 59
57 121
57 185
58 59
58 186
58 314
59 27
59 43
59 57
59 187
60 28
60 44
60 52
60 61
60 62
60 124
60 188
60 316
61 29
61 53
61 57
62 30
62 58
62 60
62 190
63 31
63 47
63 55
63 59
63 61
63 62
63 127
63 191
64 65
64 66
64 68
64 80
64 192
65 1
65 69
65 73
65 97
65 193
66 2
66 67
66 70
66 74
66 82
66 98
66 322
67 3
67 65
67 71
67 75
67 195
68 69
68 70
68 100
68 196
68 324
69 5
69 71
69 101
69 325
70 6
70 198
71 70
71 79
71 87
72 64
72 73
72 74
72 88
72 104
73 9
73 75
73 329
74 75
74 78
74 90
74 106
74 330
75 11
75 79
76 12
76 68
76 72
76 78
76 92
77 69
77 73
77 76
77 79
77 205
78 70
78 74
78 79
78 94
78 110
78 206
78 334
79 15
79 95
79 335
80 64
80 81
80 82
80 84
80 88
81 65
81 80
81 89
81 209
82 90
82 114
82 210
82 338
83 67
83 81
83 82
83 339
84 20
84 68
84 85
84 86
84 340
85 69
85 81
85 93
85 341
86 70
86 82
86 87
86 94
86 214
86 342
87 23
87 83
87 85
87 95
87 119
87 215
87 343
88 89
88 90
88 92
89 73
89 91
90 74
90 82
90 94
90 122
90 346
91 27
91 75
91 83
91 90
91 95
91 123
91 347
92 28
92 84
92 93
92 94
92 124
92 220
92 348
93 29
93 77
93 89
93 125
93 221
93 349
94 95
94 126
94 222
94 350
95 31
95 93
95 127
95 223
96 32
96 64
96 98
96 104
96 352
97 33
97 65
97 96
97 101
97 105
97 113
97 353
98 34
98 226
99 67
99 97
99 98
99 103
99 107
99 115
99 227
99 355
100 36
100 96
100 101
100 102
100 108
101 357
102 38
102 70
102 98
102 100
102 103
102 110
102 118
102 230
103 39
103 71
103 101
103 111
103 119
103 231
103 359
104 40
104 108
104 120
104 360
105 41
105 73
105 104
105 107
105 109
105 121
106 42
106 98
106 104
106 110
106 122
106 234
107 43
107 75
107 106
107 111
107 123
107 235
107 363
108 44
108 76
108 104
108 109
108 110
108 124
108 364
109 77
109 101
109 108
109 237
110 111
110 126
110 238
110 366
111 47
111 79
111 103
111 109
111 127
111 239
111 367
112 48
112 80
112 96
112 113
112 114
112 116
112 240
112 368
113 49
113 81
113 115
113 117
113 369
114 50
114 98
114 115
114 118
114 122
114 242
115 51
115 83
115 119
115 123
115 371
116 52
116 84
116 100
116 117
116 118
116 124
116 372
117 85
117 101
117 119
117 245
117 373
118 86
118 126
118 246
118 374
119 87
119 103
119 118
119 127
119 247
119 375
120 88
120 112
120 122
120 124
120 248
120 376
121 89
121 113
121 120
121 123
121 249
121 377
122 58
122 106
122 114
122 120
122 123
122 126
122 378
123 59
123 121
123 127
123 379
124 108
124 126
124 380
125 61
125 109
125 117
125 121
125 124
125 127
126 62
126 110
126 124
127 95
127 119
127 125
127 126
128 129
128 130
128 136
128 144
128 160
128 192
128 384
129 145
129 161
129 193
130 2
130 138
130 146
130 162
130 194
130 386
131 129
131 130
131 135
131 147
131 163
131 195
132 4
132 128
132 148
132 164
133 129
133 132
133 149
133 165
133 197
133 389
134 6
134 130
134 132
134 142
134 166
134 198
134 390
135 7
135 133
135 134
135 151
135 167
135 199
136 8
136 137
136 140
136 152
136 168
136 392
137 129
137 153
137 201
138 136
138 139
138 154
138 170
138 202
139 11
139 131
139 137
139 171
139 203
140 132
140 136
140 141
140 142
140 156
140 204
140 396
141 133
141 137
141 143
141 173
142 138
142 143
142 206
142 398
143 15
143 135
143 139
143 159
143 175
144 146
144 148
144 152
144 208
145 17
145 144
145 149
145 153
145 177
145 209
145 401
146 147
146 150
146 178
147 19
147 145
147 146
147 179
147 403
148 150
148 180
148 212
148 404
149 21
149 133
149 148
149 157
149 213
150 22
150 134
150 151
150 158
150 406
151 23
151 147
151 149
151 159
151 183
151 215
151 407
152 24
152 156
152 184
153 25
153 137
153 152
153 185
153 217
154 138
154 146
154 152
154 218
154 410
155 139
155 147
155 153
155 154
155 187
155 219
156 148
156 158
156 188
156 220
156 412
157 29
157 141
157 153
157 156
157 189
157 221
157 413
158 30
158 142
158 154
158 156
158 159
158 222
159 151
159 155
159 157
159 158
160 32
160 162
160 164
160 176
161 160
161 163
161 169
161 177
162 166
162 178
162 418
163 162
163 171
164 166
164 172
164 228
165 37
165 161
165 164
165 167
165 181
165 229
165 421
166 38
166 134
166 167
166 174
167 163
167 165
167 183
167 231
167 423
168 160
168 170
168 184
168 232
169 41
169 137
169 168
169 185
169 233
170 162
170 171
170 174
170 186
170 234
171 169
171 170
171 175
171 187
171 235
171 427
172 44
172 140
172 168
172 188
172 236
172 428
173 165
173 169
173 172
173 175
173 189
173 429
174 142
174 172
174 190
174 238
174 430
175 167
175 174
175 431
176 144
176 177
176 240
176 432
177 145
177 179
177 181
177 185
177 241
178 176
178 179
178 186
178 434
179 51
179 147
179 163
179 187
179 243
180 164
180 176
180 181
180 182
180 188
180 244
180 436
181 149
181 180
181 189
181 245
182 54
182 150
182 166
182 178
182 190
182 246
183 55
183 179
183 181
183 182
183 191
183 247
183 439
184 56
184 176
184 185
184 248
185 57
185 169
185 189
185 249
186 154
186 184
186 187
186 250
186 442
187 171
187 185
187 191
187 251
187 443
188 184
188 189
188 190
188 252
188 444
189 61
189 157
189 181
189 188
189 191
189 253
189 445
190 62
190 158
190 186
191 159
191 175
191 183
191 190
191 255
192 194
192 196
192 200
192 208
192 448
193 192
193 197
193 201
194 66
194 198
194 202
194 450
195 193
195 194
195 203
195 211
195 451
196 132
196 197
196 198
196 204
196 212
196 228
197 69
197 199
197 453
198 199
198 214
198 230
199 71
199 195
199 207
199 231
199 455
200 72
200 136
200 192
200 201
200 202
200 216
200 232
201 73
201 203
201 217
201 233
202 74
202 458
203 75
203 195
203 202
203 207
203 219
203 235
203 459
204 76
204 140
204 200
204 205
204 460
205 141
205 197
205 201
205 461
206 78
206 198
206 202
206 204
206 238
207 79
207 143
207 205
207 206
207 223
207 463
208 80
208 212
209 193
209 208
209 211
209 213
209 217
209 465
210 146
210 194
210 208
210 466
211 83
211 147
211 209
211 210
211 215
211 467
212 84
212 213
212 244
212 468
213 85
213 197
213 215
214 150
214 198
214 210
214 212
214 215
214 246
214 470
215 199
215 214
215 471
216 88
216 152
216 208
216 217
216 220
217 89
217 201
218 90
218 202
218 210
218 216
218 219
218 222
218 250
219 91
219 203
219 211
219 217
219 223
219 251
220 204
220 212
221 205
221 213
221 217
221 220
222 206
222 214
222 220
222 478
223 159
223 215
223 221
223 222
223 479
224 96
224 160
224 192
224 226
224 480
225 97
225 161
225 193
225 224
225 233
225 241
226 162
226 194
226 227
226 230
226 234
226 242
227 163
227 195
227 225
227 235
227 243
227 483
228 100
228 164
228 224
228 229
228 244
229 101
229 165
229 197
229 225
229 231
229 237
229 245
229 485
230 166
230 228
230 486
231 103
231 227
231 229
231 230
231 247
232 104
232 224
232 234
233 105
233 232
233 237
234 202
234 235
234 250
235 107
235 233
235 239
235 251
236 108
236 204
236 228
236 232
236 237
236 492
237 173
237 205
237 233
237 493
238 230
238 234
238 236
238 254
239 175
239 207
239 231
239 237
239 238
240 208
240 224
240 241
241 113
241 209
241 243
241 245
241 249
241 497
242 178
242 210
242 240
242 246
242 498
243 115
243 211
243 242
243 247
243 251
243 499
244 116
244 240
244 245
244 246
244 252
244 500
245 213
246 230
246 254
247 215
247 243
247 245
247 246
247 255
247 503
248 216
248 232
248 240
249 217
249 233
249 248
249 251
249 505
250 122
250 242
250 248
250 254
251 123
251 187
251 250
252 124
252 220
252 236
252 248
253 125
253 221
253 237
253 245
253 249
253 252
253 509
254 126
254 190
254 222
254 246
254 250
254 252
255 127
255 223
255 239
255 247
255 251
255 253
255 254
256 0
256 258
256 272
257 1
257 256
257 259
257 265
257 273
257 321
258 256
258 274
258 290
258 386
259 258
259 291
259 323
260 4
260 256
260 262
260 268
260 292
260 388
261 5
261 257
261 260
261 263
261 269
261 277
261 293
261 389
262 258
262 260
262 278
262 294
262 326
263 259
263 262
263 279
264 256
264 265
264 268
264 280
264 296
264 328
265 267
265 297
265 329
265 393
266 10
266 258
266 264
266 267
266 270
266 282
266 298
266 330
267 259
267 271
267 283
267 331
267 395
268 12
268 284
269 261
269 265
269 268
269 271
269 285
269 301
269 397
270 14
270 262
270 268
270 334
271 15
271 263
271 267
271 270
271 303
271 335
271 399
272 16
272 256
272 280
272 304
272 336
272 400
273 17
273 272
273 305
274 18
274 258
274 272
274 275
274 278
274 306
274 338
274 402
275 259
275 273
275 279
275 307
276 260
276 272
276 278
277 21
277 261
277 273
277 276
277 279
277 341
278 22
278 276
278 406
279 278
279 311
279 407
280 284
280 312
280 344
281 265
281 273
281 280
281 283
281 285
281 313
281 409
282 26
282 274
282 280
282 283
282 286
282 346
282 410
283 267
283 275
283 287
283 315
283 411
284 28
284 276
284 285
284 286
284 348
284 412
285 277
285 287
285 317
286 30
286 270
286 278
286 282
286 284
286 287
286 414
287 271
287 279
287 283
287 285
287 351
287 415
288 32
288 256
288 289
288 304
288 352
289 33
289 257
289 291
289 293
289 297
290 34
290 288
290 291
290 294
290 298
290 306
290 354
290 418
291 295
291 299
291 355
291 419
292 288
292 293
292 294
292 300
292 308
293 37
293 295
293 309
293 357
294 310
294 358
295 39
295 263
295 294
295 311
295 423
296 40
296 288
296 297
296 298
296 300
296 360
296 424
297 299
297 301
297 313
297 425
298 42
298 299
298 314
298 362
298 426
299 43
299 267
299 291
299 363
299 427
300 268
300 292
300 301
300 302
300 428
301 293
301 303
302 270
302 294
302 298
302 303
302 318
303 271
303 295
303 299
303 319
304 305
304 306
304 308
304 432
305 49
305 289
305 313
305 369
306 310
306 314
306 370
306 434
307 51
307 291
307 305
307 306
307 435
308 52
308 276
308 309
308 316
308 372
309 53
309 277
309 305
309 308
309 311
309 317
310 54
310 278
310 308
310 438
311 307
311 310
311 319
311 375
311 439
312 56
312 296
312 304
312 376
313 57
313 312
313 317
314 282
314 312
314 378
315 59
315 299
315 307
315 313
315 314
316 284
316 300
316 312
316 380
316 444
317 61
317 285
317 301
317 316
317 381
317 445
318 62
318 286
318 302
318 310
318 314
318 316
318 319
318 446
319 63
319 287
319 315
319 317
319 383
319 447
320 64
320 256
320 321
320 328
320 336
320 448
321 65
321 323
321 325
321 337
321 353
321 449
322 66
322 258
322 320
322 323
322 326
322 338
322 354
323 67
323 339
324 260
324 320
324 325
324 326
324 340
324 356
325 261
325 327
325 333
326 70
326 334
327 71
327 263
327 323
327 326
327 335
328 72
328 330
328 332
328 344
329 321
329 328
329 331
329 345
329 361
329 457
330 322
330 331
331 75
331 323
331 335
331 363
332 76
332 268
332 324
332 328
332 334
332 348
333 77
333 269
333 329
333 332
333 461
334 326
334 330
334 332
334 462
335 333
335 334
335 351
335 463
336 80
336 272
336 338
336 344
336 368
336 464
337 81
337 273
337 336
337 339
337 369
337 465
338 274
338 322
338 346
338 370
339 83
339 275
339 338
339 371
340 276
340 324
340 336
340 348
340 372
340 468
341 325
341 337
341 340
341 469
342 278
342 326
342 338
342 340
342 343
342 350
342 470
343 279
343 327
343 339
343 341
343 342
343 351
343 471
344 88
344 328
344 345
344 346
344 348
345 89
345 281
345 337
345 377
345 473
346 330
346 344
346 350
347 283
347 331
347 339
347 345
347 346
347 379
348 284
348 340
348 350
349 285
349 333
349 341
349 345
349 348
349 351
349 477
350 286
350 334
350 346
350 348
350 351
350 382
350 478
351 95
351 347
351 383
351 479
352 320
352 353
352 354
352 356
352 360
353 289
353 355
353 357
353 369
353 481
354 98
354 355
354 358
354 482
355 291
355 323
355 359
355 363
356 100
356 292
356 358
356 364
357 325
357 356
357 365
357 373
358 102
358 294
358 326
358 366
358 486
359 103
359 295
359 327
359 357
359 358
359 367
360 328
360 361
360 364
360 488
361 105
361 297
361 353
361 363
361 365
361 377
361 489
362 106
362 330
362 354
362 360
362 363
362 366
363 299
363 367
363 379
363 491
364 300
364 332
364 366
364 380
365 109
365 301
365 333
365 364
365 381
366 302
366 334
366 382
366 494
367 303
367 335
367 365
367 366
367 383
367 495
368 304
368 352
368 370
369 368
369 373
369 497
370 114
370 306
370 338
370 354
370 498
371 307
371 355
371 369
371 370
372 356
372 368
373 309
373 341
373 372
373 375
373 501
374 310
374 342
374 358
374 370
374 372
374 382
374 502
375 311
375 343
375 359
375 371
375 374
375 503
376 312
376 344
376 360
376 368
376 378
376 504
377 313
377 345
377 361
377 369
377 376
377 505
378 346
378 362
378 370
378 382
379 315
379 371
379 377
379 378
379 507
380 348
380 372
380 376
380 508
381 125
381 349
381 365
381 373
381 377
381 380
381 383
382 126
382 318
382 374
382 380
382 383
382 510
383 127
383 351
383 375
383 379
383 511
384 256
384 388
384 400
384 416
384 448
385 129
385 257
385 384
385 387
385 393
385 401
385 417
385 449
386 384
386 394
386 402
386 418
387 131
387 259
387 386
387 391
387 395
387 451
388 132
388 389
388 396
388 420
389 385
389 391
389 397
389 405
389 453
390 134
390 262
390 386
390 388
390 398
390 422
391 135
391 263
391 390
391 399
391 423
391 455
392 264
392 384
392 394
392 424
393 137
393 392
393 395
393 409
393 457
394 138
394 266
394 410
394 458
395 139
395 387
395 394
395 399
395 411
395 459
396 268
396 392
396 412
396 428
396 460
397 141
397 393
397 396
397 399
397 461
398 270
398 394
398 396
398 430
399 143
399 398
399 415
399 463
400 144
400 272
400 402
400 408
400 432
401 273
401 400
401 405
401 409
401 433
401 465
402 146
402 403
402 406
402 410
402 466
403 147
403 275
403 387
403 401
403 407
403 435
404 276
404 388
404 400
404 436
404 468
405 149
405 277
405 389
405 404
405 407
405 413
405 469
406 390
406 402
406 404
406 414
406 438
406 470
407 391
407 405
407 406
407 471
408 152
408 280
408 392
408 412
408 440
409 153
409 393
409 401
409 408
409 441
410 394
410 408
410 474
411 155
411 403
411 409
411 410
411 443
411 475
412 404
412 408
412 413
413 285
413 397
413 409
413 445
414 158
414 398
414 410
414 412
414 415
414 446
414 478
415 159
415 407
415 411
415 413
416 160
416 288
416 418
416 424
417 161
417 289
417 416
417 419
417 425
417 481
418 386
419 163
419 387
419 417
419 418
420 164
420 292
420 416
420 421
420 428
420 436
420 484
421 293
421 389
421 417
421 429
422 166
422 294
422 390
422 418
422 420
422 486
423 419
423 421
423 422
423 431
424 168
424 425
424 426
424 428
424 440
424 488
425 169
425 393
425 427
425 429
425 441
426 170
426 394
426 418
427 299
427 395
427 419
427 426
427 431
427 443
428 444
429 301
429 397
429 428
430 302
430 422
430 426
430 428
430 494
431 175
431 303
431 399
431 429
431 430
432 400
432 416
432 434
432 436
432 496
433 177
433 305
433 417
433 432
433 437
433 441
434 178
434 402
434 418
434 432
434 435
434 442
435 179
435 419
435 433
435 439
435 443
436 308
436 438
436 500
437 181
437 309
437 405
437 421
437 433
437 436
437 439
437 501
438 182
438 422
438 434
438 446
438 502
439 311
439 407
439 423
439 435
439 438
439 503
440 184
440 312
440 432
440 442
440 504
441 185
441 313
441 425
441 440
441 443
441 445
442 314
442 410
442 426
442 443
442 506
443 315
443 447
444 316
444 412
444 428
444 436
444 440
445 189
445 429
445 437
445 444
446 190
446 430
446 442
446 444
446 447
447 191
447 415
447 431
447 439
447 445
448 464
449 193
449 321
449 448
449 453
449 457
449 465
449 481
450 322
450 386
450 448
450 451
450 466
451 323
451 449
451 455
451 459
451 467
451 483
452 196
452 324
452 388
452 448
452 484
453 325
453 452
453 461
453 485
454 198
454 326
454 390
454 450
454 452
454 455
454 470
455 327
455 453
455 471
455 487
456 200
456 328
456 392
456 448
456 458
456 472
456 488
457 201
457 456
457 489
458 330
458 450
458 459
458 490
459 331
459 457
460 332
460 452
460 456
460 462
460 492
461 205
461 457
461 460
461 477
462 206
462 398
462 454
462 458
462 478
462 494
463 399
463 455
463 459
463 461
463 462
464 208
464 336
464 400
464 465
464 466
464 468
464 496
465 464
465 467
465 469
465 497
466 338
466 467
467 339
467 403
467 465
468 452
468 470
468 500
469 213
469 453
469 468
469 471
469 477
470 406
470 466
470 468
470 471
470 502
471 215
471 455
471 467
471 470
471 479
471 503
472 216
472 344
472 408
472 464
472 476
472 504
473 217
473 409
473 457
473 465
473 472
473 475
473 477
473 505
474 218
474 346
474 458
474 466
474 472
474 475
474 506
475 219
475 347
475 459
475 467
475 474
476 220
476 348
476 412
476 460
476 468
477 221
477 413
477 469
477 473
477 476
478 470
478 474
478 476
478 479
478 510
479 351
479 415
479 463
479 475
479 477
480 352
480 416
480 448
480 488
480 496
481 225
481 417
481 480
481 485
481 497
482 226
482 418
482 450
482 480
483 227
483 355
483 419
483 481
483 482
483 487
483 491
483 499
484 228
484 356
484 480
484 492
485 229
485 357
485 421
485 484
486 454
486 482
486 484
486 502
487 231
487 359
487 423
487 455
487 485
487 486
487 503
488 232
488 424
488 480
488 489
488 490
488 504
489 233
489 425
489 457
489 481
489 491
490 234
490 362
490 426
490 482
490 491
490 494
491 235
491 427
491 459
491 495
492 364
492 428
492 488
493 365
493 429
493 461
493 485
493 489
493 492
493 495
494 238
494 430
494 486
494 492
495 239
495 431
495 463
495 487
495 494
495 511
496 240
496 368
496 497
497 433
497 501
498 370
498 434
498 466
498 482
498 496
498 499
498 506
499 243
499 371
499 435
499 467
499 483
499 497
500 372
500 436
500 484
500 496
500 501
501 245
501 373
501 469
501 485
502 246
502 438
502 498
502 500
502 510
503 487
503 499
503 501
503 502
504 248
504 496
504 506
504 508
505 249
505 441
505 473
505 489
505 497
505 504
506 250
506 378
506 490
506 504
506 507
506 510
507 251
507 443
507 475
507 491
507 499
507 505
507 511
508 252
508 380
508 444
508 476
508 492
508 500
508 509
509 253
509 381
509 445
509 477
509 493
509 501
509 505
509 511
510 254
510 382
510 446
510 478
510 494
510 508
510 511
511 255
511 383
511 447
511 479
511 495
511 503
511 510
11 14 17 21 40 47 49 54 64 71 90 92 98 101 123 124 130 141 150 152 163 164 186 189 196 201 211 223 233 238 240 247 260 264 274 287 289 300 311 314 323 333 342 345 358 363 368 381 385 391 411 412 418 431 436 441 458 462 464 469 485 488 499 510
