1024 5120 512
0 1
0 8
0 16
0 32
0 128
0 256
1 5
1 9
1 17
1 33
1 65
1 129
1 257
2 0
2 34
2 130
2 514
3 1
3 2
3 7
3 11
3 35
3 259
3 515
4 0
4 6
4 20
4 132
5 4
5 7
5 13
5 37
5 517
6 2
6 70
6 134
6 518
7 6
7 15
7 39
7 135
7 263
7 519
8 10
8 24
8 72
8 136
8 264
8 520
9 8
9 11
10 2
10 11
10 26
10 42
10 74
11 15
11 43
11 139
12 4
12 8
12 14
12 44
12 140
12 268
13 9
13 12
13 15
13 29
13 77
13 141
14 6
14 10
14 78
15 14
15 47
15 143
15 271
15 527
16 24
16 48
16 80
16 272
16 528
17 16
17 21
17 25
17 49
17 81
17 273
17 529
18 2
18 16
18 19
18 22
18 26
18 530
19 3
19 17
19 51
19 147
19 275
20 16
20 21
20 148
20 276
20 532
21 5
21 23
21 29
21 53
21 149
21 533
22 6
22 20
22 23
22 54
22 86
23 7
23 19
23 31
23 55
23 87
23 151
24 25
24 28
24 88
24 152
24 280
24 536
25 9
25 27
25 153
25 281
26 24
26 154
27 11
27 19
27 26
27 91
27 283
28 12
28 20
28 60
29 25
29 28
29 31
29 93
29 157
29 285
30 14
30 22
30 26
30 28
30 62
30 94
30 286
30 542
31 15
31 27
31 30
31 543
32 96
33 32
33 35
33 49
33 97
33 161
33 289
33 545
34 32
34 38
34 50
34 98
34 546
35 34
35 291
35 547
36 4
36 32
36 37
36 44
36 548
37 33
37 39
37 53
37 101
37 293
37 549
38 6
38 36
38 54
38 166
38 294
39 35
39 38
39 55
40 8
40 32
40 42
40 44
40 56
40 168
41 9
41 33
41 40
41 43
41 45
41 297
41 553
42 34
42 106
42 298
42 554
43 35
43 42
43 47
43 59
43 107
43 171
43 299
44 60
44 172
44 556
45 13
45 37
45 44
45 61
45 109
45 301
45 557
46 14
46 38
46 42
46 44
46 110
46 174
46 302
46 558
47 39
47 45
47 46
47 63
47 175
47 559
48 32
48 176
48 304
49 48
49 51
49 113
49 177
50 18
50 48
50 54
50 58
50 114
50 178
50 306
51 35
51 50
51 55
51 115
51 307
52 20
52 36
52 48
52 53
52 54
52 60
52 564
53 49
53 117
53 181
54 310
55 53
55 54
55 63
56 24
56 48
56 58
56 120
56 312
57 25
57 41
57 49
57 56
57 61
57 185
57 313
57 569
58 26
58 42
58 59
58 314
59 27
59 51
59 57
59 123
60 56
60 61
60 62
60 124
60 316
61 29
61 53
61 317
61 573
62 46
62 54
62 58
62 126
63 31
63 59
63 61
63 62
63 127
64 0
64 65
64 66
64 68
64 96
65 67
65 69
65 73
65 97
65 193
65 577
66 2
66 70
66 98
66 194
66 322
67 3
67 66
67 75
67 83
67 99
67 195
68 4
68 76
68 84
68 324
69 5
69 68
69 77
69 85
69 101
69 325
70 68
70 78
70 102
71 7
71 67
71 69
71 70
71 79
71 87
71 199
72 64
72 73
72 74
72 104
73 9
73 75
73 77
73 105
73 585
74 66
74 78
74 90
74 330
75 11
75 74
75 91
75 107
75 203
75 587
76 12
76 72
76 77
76 108
76 204
76 332
76 588
77 79
77 93
77 205
78 76
78 94
78 110
78 334
78 590
79 15
79 75
79 78
79 95
79 111
79 207
80 64
80 88
80 592
81 65
81 80
81 113
82 18
82 66
82 80
82 90
82 114
82 210
82 594
83 19
83 81
83 82
83 115
84 20
84 80
84 85
84 92
84 116
84 212
85 21
85 81
85 213
86 70
86 82
86 84
86 94
86 118
86 342
87 83
87 85
87 86
87 95
87 119
87 599
88 72
88 90
88 216
88 600
89 25
89 73
89 81
89 88
89 93
89 345
90 26
90 602
91 83
91 89
91 90
91 95
91 123
92 28
92 76
92 88
92 348
93 85
93 92
93 125
93 349
93 605
94 90
94 92
94 95
94 126
94 222
94 350
95 31
95 93
95 223
95 607
96 97
96 104
96 112
96 224
96 352
97 99
97 609
98 96
98 226
99 35
99 98
99 611
100 36
100 68
100 96
100 228
100 356
100 612
101 97
101 100
101 109
101 357
102 38
102 98
102 100
102 118
102 230
102 358
103 39
103 71
103 99
103 101
103 102
103 615
104 40
104 105
104 360
104 616
105 41
105 97
105 109
105 233
105 617
106 74
106 98
106 104
107 99
107 105
107 106
107 235
107 619
108 44
108 100
108 104
108 124
108 364
108 620
109 77
109 108
109 365
110 102
110 106
110 108
110 111
110 238
110 622
111 47
111 103
111 107
111 109
111 127
111 367
111 623
112 48
112 80
112 114
112 120
112 240
112 368
113 97
113 112
113 117
113 121
113 241
113 369
113 625
114 98
114 122
114 242
114 370
115 99
115 113
115 114
115 123
115 243
116 52
116 100
116 112
116 118
116 124
116 244
116 372
116 628
117 85
117 101
117 116
117 245
117 373
117 629
118 54
118 114
118 126
118 374
119 55
119 103
119 115
119 117
119 118
119 247
120 88
120 104
120 122
120 376
120 632
121 57
121 89
121 105
121 120
121 125
121 249
122 58
122 90
122 106
122 378
122 634
123 107
123 121
123 122
123 127
123 379
124 92
124 120
124 252
124 380
124 636
125 61
125 109
125 117
125 124
125 381
125 637
126 110
126 122
126 124
126 254
126 382
127 95
127 119
127 125
127 126
127 255
128 129
128 132
128 136
128 192
128 384
128 640
129 131
129 133
129 137
129 161
129 385
130 128
130 131
130 138
130 146
130 162
130 194
130 386
130 642
131 3
131 139
131 147
131 163
131 643
132 133
132 134
132 140
132 148
132 164
132 388
132 644
133 5
133 141
133 197
134 130
134 142
134 150
134 166
134 198
135 131
135 133
135 134
135 199
135 391
136 138
136 168
136 648
137 9
137 136
137 139
137 153
137 201
138 10
138 139
138 154
138 170
138 394
138 650
139 143
139 155
140 136
140 141
140 156
140 172
140 204
140 652
141 137
141 143
141 157
141 173
141 653
142 14
142 138
142 140
142 143
142 398
143 135
143 175
143 207
143 655
144 16
144 128
144 152
144 176
144 656
145 17
145 129
145 144
145 177
145 657
146 18
146 144
146 178
147 145
147 146
147 151
147 155
147 179
147 403
148 144
148 156
148 180
148 212
149 133
149 145
149 148
149 157
149 181
149 405
149 661
150 22
150 146
150 148
150 158
150 182
150 214
151 135
151 149
151 150
151 159
152 136
152 153
152 154
152 184
152 216
152 664
153 145
153 155
153 157
153 185
153 217
153 409
154 146
154 158
154 218
154 410
154 666
155 27
155 154
155 159
155 187
155 411
155 667
156 28
156 152
156 157
156 158
156 188
156 220
156 412
156 668
157 221
157 669
158 30
158 142
158 159
158 190
158 222
158 414
158 670
159 31
159 143
159 157
159 191
159 223
159 671
160 32
160 128
160 164
160 176
160 416
161 160
161 165
161 177
161 225
161 417
162 34
162 160
162 163
162 166
162 418
163 35
163 161
163 167
163 171
163 227
163 419
163 675
164 36
164 165
164 166
164 172
164 180
164 676
165 37
165 133
165 173
165 181
165 229
165 421
166 167
166 174
166 422
166 678
167 39
167 135
167 165
167 175
167 183
167 231
167 679
168 160
168 232
169 41
169 137
169 161
169 168
169 171
169 681
170 42
170 162
170 168
170 171
170 174
170 234
170 426
170 682
171 139
171 235
172 168
172 236
172 684
173 45
173 169
173 172
173 175
173 189
173 685
174 142
174 172
174 175
174 686
175 171
175 431
175 687
176 178
176 184
176 240
176 432
177 176
177 689
178 162
178 242
178 434
179 51
179 163
179 177
179 178
179 183
180 52
180 176
180 182
180 188
180 692
181 177
181 180
181 693
182 54
182 166
182 178
182 183
182 694
183 55
183 151
183 181
183 695
184 56
184 168
184 440
185 169
185 177
185 184
185 187
185 697
186 58
186 154
186 170
186 178
186 184
186 442
186 698
187 59
187 171
187 179
187 186
187 443
187 699
188 60
188 172
188 184
188 190
189 61
189 157
189 181
189 185
189 188
189 701
190 62
190 174
190 182
190 186
190 254
191 63
191 175
191 183
191 187
191 189
191 190
191 255
191 447
191 703
192 64
192 193
192 196
192 200
192 448
192 704
193 129
193 197
193 225
193 449
193 705
194 192
194 198
194 202
194 226
195 131
195 193
195 194
195 227
195 451
195 707
196 68
196 132
196 197
196 198
196 228
196 708
197 69
197 205
197 213
197 229
197 453
198 70
198 199
198 206
198 214
198 454
198 710
199 195
199 197
199 207
199 215
199 711
200 72
200 136
200 201
200 202
200 204
200 216
200 232
200 712
201 73
201 193
201 203
201 217
201 233
202 74
202 138
202 203
202 206
202 458
202 714
203 139
203 195
203 459
203 715
204 196
204 206
204 236
204 460
205 141
205 201
205 204
205 461
206 78
206 142
206 207
206 238
206 462
206 718
207 203
207 205
207 719
208 80
208 144
208 192
208 210
208 240
208 464
209 81
209 145
209 193
209 208
209 211
209 241
209 721
210 146
210 194
210 214
210 218
210 466
210 722
211 83
211 147
211 195
211 210
211 215
211 467
211 723
212 196
212 208
212 724
213 149
213 209
213 212
213 221
213 245
213 469
213 725
214 86
214 212
214 222
214 470
214 726
215 87
215 151
215 213
215 214
215 471
215 727
216 208
216 217
216 220
216 728
217 89
217 209
217 219
217 473
218 90
218 202
218 216
218 219
218 222
218 474
218 730
219 91
219 155
219 203
219 211
219 223
219 475
219 731
220 92
220 204
220 212
220 221
220 252
220 476
220 732
221 93
221 205
221 217
221 223
221 477
222 206
222 220
222 254
222 734
223 207
223 215
223 222
223 255
224 160
224 192
224 225
224 226
224 228
224 232
225 97
225 737
226 162
226 227
226 230
226 234
226 242
226 482
227 99
227 225
227 243
227 483
228 164
228 229
228 484
229 101
229 225
229 231
230 166
230 198
230 228
230 231
230 486
231 103
231 199
231 227
232 104
232 233
232 234
232 488
233 169
233 225
233 235
234 106
234 202
234 235
234 238
234 250
234 490
235 203
235 227
235 239
236 108
236 228
236 232
236 238
236 252
236 748
237 109
237 173
237 205
237 229
237 233
237 236
237 239
237 493
238 174
238 230
238 254
238 750
239 111
239 175
239 207
239 231
239 238
239 255
239 751
240 224
240 244
240 496
240 752
241 177
241 225
241 240
241 243
241 245
242 210
242 240
242 243
242 246
242 250
243 179
243 211
243 251
244 180
244 212
244 228
244 500
244 756
245 181
245 229
245 244
245 253
245 501
246 118
246 182
246 214
246 230
246 244
246 254
246 502
247 183
247 215
247 231
247 243
247 245
247 246
247 255
247 759
248 120
248 184
248 216
248 232
248 240
248 249
249 185
249 217
249 233
249 241
249 251
249 253
249 761
250 122
250 186
250 218
250 248
250 254
251 123
251 187
251 219
251 235
251 250
251 255
251 507
251 763
252 188
252 244
252 248
252 253
253 125
253 189
253 221
253 237
253 255
253 765
254 252
254 766
255 254
255 767
256 257
256 258
256 260
256 272
256 288
256 320
256 384
256 768
257 259
257 261
257 265
257 321
257 769
258 2
258 266
258 274
258 322
258 386
259 258
259 267
259 323
259 387
259 771
260 4
260 262
260 292
260 324
260 388
261 5
261 260
261 263
261 269
261 277
261 325
261 389
261 773
262 6
262 258
262 294
262 326
262 390
262 774
263 259
263 262
263 327
263 391
264 256
264 265
264 266
264 268
264 392
264 776
265 9
265 269
265 281
265 297
265 777
266 10
266 267
266 394
266 778
267 11
267 265
267 271
267 283
267 299
267 331
267 395
268 260
268 269
268 270
268 300
268 780
269 13
269 271
269 285
269 301
269 781
270 14
270 262
270 266
270 334
271 263
271 270
271 287
271 335
271 783
272 274
272 280
272 304
272 784
273 257
273 272
273 337
273 401
273 785
274 18
274 278
274 338
274 402
274 786
275 259
275 273
275 274
275 403
275 787
276 260
276 272
276 277
276 278
276 340
276 404
276 788
277 21
277 273
277 279
277 309
277 341
277 405
277 789
278 22
278 262
278 286
278 310
278 342
279 23
279 263
279 275
279 278
279 287
279 311
279 407
280 264
280 281
280 284
280 344
280 408
280 792
281 273
281 409
282 26
282 266
282 274
282 280
282 283
282 286
282 410
282 794
283 275
283 281
283 287
283 795
284 28
284 268
284 276
284 285
284 316
284 348
284 796
285 277
285 281
285 317
285 413
286 270
286 284
286 350
286 414
286 798
287 31
287 285
287 286
287 351
287 415
287 799
288 32
288 290
288 296
288 304
288 416
288 800
289 257
289 288
289 293
289 305
290 34
290 258
290 291
290 298
290 354
290 418
290 802
291 259
291 289
291 295
291 299
291 307
291 419
291 803
292 36
292 288
292 293
292 294
292 420
292 804
293 261
293 295
293 421
293 805
294 290
294 302
294 422
295 39
295 263
295 294
295 423
295 807
296 40
296 264
296 312
296 424
296 808
297 289
297 296
297 301
297 313
298 266
298 296
298 299
298 314
298 426
299 297
299 303
299 315
299 427
299 811
300 44
300 292
300 296
300 316
300 364
301 293
301 300
301 317
301 365
301 429
302 270
302 298
302 300
302 303
302 430
302 814
303 47
303 271
303 295
303 301
303 367
303 815
304 306
304 368
304 432
305 49
305 273
305 304
305 307
305 309
305 313
305 369
306 274
306 290
306 307
306 370
306 434
307 275
307 311
307 819
308 52
308 276
308 292
308 304
308 309
308 310
308 316
308 820
309 53
309 293
309 311
309 317
309 373
310 294
310 306
310 318
311 55
311 295
311 310
311 375
311 439
311 823
312 280
312 304
312 376
313 281
313 312
313 315
313 317
314 282
314 306
314 312
314 318
314 378
314 442
314 826
315 59
315 283
315 307
315 314
315 379
315 443
316 312
316 317
316 444
316 828
317 319
317 381
317 445
318 62
318 286
318 302
318 316
318 319
318 382
318 446
319 63
319 287
319 303
319 311
319 315
319 447
320 64
320 322
320 336
321 65
321 320
321 323
321 329
321 353
321 449
321 833
322 323
322 330
322 338
322 354
322 450
323 67
323 327
323 331
323 339
323 355
324 320
324 325
324 340
324 452
324 836
325 321
325 327
325 333
325 341
325 357
325 453
326 70
326 322
326 324
326 327
326 342
327 71
327 335
327 455
328 72
328 264
328 320
328 330
328 360
329 73
329 265
329 328
329 457
329 841
330 266
330 331
330 334
330 362
330 458
330 842
331 75
331 329
331 843
332 268
332 324
332 328
332 333
332 334
332 348
332 364
332 460
332 844
333 77
333 269
333 329
333 845
334 326
334 350
334 462
335 79
335 331
335 333
335 334
335 351
336 80
336 272
336 848
337 81
337 321
337 336
337 339
337 369
337 849
338 82
338 336
338 466
339 83
339 275
339 338
339 371
339 467
339 851
340 84
340 336
340 341
340 342
340 468
341 85
341 337
341 349
341 373
341 853
342 338
342 343
342 350
342 374
342 470
342 854
343 87
343 279
343 327
343 339
343 341
343 351
343 375
343 855
344 88
344 328
344 336
344 345
344 346
344 376
344 472
344 856
345 281
345 329
345 337
345 347
345 349
345 377
346 90
346 282
346 330
346 338
346 350
346 474
346 858
347 91
347 283
347 331
347 339
347 346
347 351
347 379
347 859
348 340
348 344
348 860
349 285
349 333
349 348
349 381
349 477
349 861
350 348
350 382
350 478
351 95
351 349
351 350
351 479
351 863
352 288
352 320
352 356
352 360
352 368
352 480
353 97
353 289
353 352
353 355
353 357
353 369
353 481
354 98
354 352
354 355
354 362
354 370
354 482
354 866
355 99
355 291
355 371
355 483
355 867
356 292
356 324
356 364
356 372
356 484
356 868
357 293
357 356
357 359
357 869
358 294
358 326
358 354
358 356
358 359
358 366
358 374
358 486
358 870
359 103
359 295
359 327
359 355
359 367
359 375
360 296
360 361
360 362
360 872
361 105
361 297
361 329
361 353
361 365
361 377
361 489
362 106
362 298
362 363
362 378
362 490
362 874
363 107
363 299
363 331
363 355
363 361
363 367
363 491
364 360
364 876
365 333
365 357
365 364
365 493
365 877
366 110
366 302
366 334
366 362
366 364
366 367
366 382
366 878
367 335
367 365
367 383
367 495
367 879
368 336
368 369
368 496
368 880
369 371
369 377
369 497
370 338
370 368
370 371
370 498
370 882
371 115
371 307
371 499
371 883
372 308
372 340
372 368
372 374
373 357
373 369
373 372
374 310
374 370
374 375
374 382
374 502
374 886
375 119
375 371
375 373
375 383
375 503
375 887
376 360
376 368
376 380
376 504
376 888
377 121
377 313
377 376
377 379
377 889
378 346
378 370
378 376
378 382
378 506
378 890
379 363
379 371
379 378
379 507
379 891
380 316
380 348
380 364
380 372
380 381
380 508
381 365
381 373
381 377
381 383
382 380
382 894
383 127
383 319
383 351
383 379
383 382
384 392
384 400
384 416
384 448
384 896
385 257
385 384
385 387
385 389
385 393
385 449
386 384
386 387
386 402
386 418
386 450
386 898
387 131
387 391
387 395
387 419
387 451
388 384
388 389
388 390
388 396
388 420
388 452
388 900
389 133
389 391
389 397
389 421
389 453
389 901
390 134
390 386
390 398
390 406
390 422
390 454
390 902
391 390
391 399
391 407
391 423
391 455
391 903
392 136
392 393
392 394
392 396
392 408
392 424
393 137
393 265
393 397
393 457
393 905
394 386
394 395
394 906
395 139
395 393
395 399
395 411
395 427
395 459
396 140
396 268
396 397
396 908
397 141
397 269
397 413
397 429
397 461
398 270
398 394
398 396
398 414
399 143
399 271
399 397
399 398
399 415
399 431
400 144
400 272
400 401
400 402
400 464
401 145
401 385
401 405
401 409
401 465
401 913
402 146
402 403
402 406
402 434
403 387
403 401
403 407
403 411
404 148
404 388
404 400
404 405
404 406
404 412
405 389
405 407
405 469
406 150
406 278
406 407
406 438
406 470
407 151
407 439
408 152
408 400
408 410
408 472
408 920
409 393
409 408
409 411
409 921
410 394
410 402
410 414
411 283
411 410
411 415
411 443
411 475
411 923
412 284
412 396
412 408
412 444
412 924
413 157
413 405
413 409
413 412
413 415
413 925
414 406
414 412
414 415
414 446
414 478
415 159
415 407
415 927
416 417
416 418
417 289
417 385
417 421
417 433
418 434
418 482
418 930
419 417
419 418
419 427
419 435
419 483
420 164
420 416
420 428
420 932
421 420
421 429
421 485
422 418
422 420
422 430
423 167
423 419
423 421
423 422
424 168
424 416
424 425
424 440
424 488
425 169
425 297
425 393
425 417
425 427
425 429
425 441
425 937
426 394
426 418
426 424
426 490
426 938
427 171
427 426
427 443
427 491
427 939
428 172
428 300
428 396
428 424
428 429
428 430
428 444
429 173
429 431
429 445
430 174
430 398
430 426
430 431
430 942
431 303
431 423
431 427
432 400
432 416
432 433
432 434
432 436
432 944
433 177
433 305
433 401
433 435
433 497
433 945
434 438
434 498
435 179
435 307
435 403
435 434
435 443
435 499
436 180
436 308
436 404
436 420
436 444
436 500
436 948
437 181
437 309
437 405
437 421
437 433
437 436
437 439
437 445
437 949
438 182
438 310
438 422
438 436
438 446
438 950
439 183
439 423
439 435
439 438
439 447
439 503
439 951
440 312
440 408
440 432
440 441
440 442
440 952
441 185
441 313
441 409
441 433
441 445
442 410
442 426
442 434
442 443
442 446
442 506
443 441
443 447
443 507
443 955
444 188
444 440
444 445
444 446
445 189
445 413
445 447
445 957
446 190
446 430
446 510
447 415
447 431
447 446
447 511
447 959
448 320
448 449
448 452
448 480
449 451
449 453
450 194
450 448
450 451
450 454
450 962
451 323
451 455
451 467
451 483
451 963
452 196
452 453
452 484
452 964
454 326
454 452
454 455
455 199
455 453
455 471
456 200
456 328
456 392
456 448
456 458
456 460
456 968
457 201
457 449
457 456
457 459
457 461
457 473
457 489
458 394
458 450
458 459
458 490
459 331
459 451
459 475
459 491
459 971
460 396
460 452
460 461
460 462
460 476
460 492
460 972
461 333
461 453
461 477
461 973
462 398
462 454
462 458
462 974
463 207
463 335
463 399
463 455
463 459
463 461
463 462
463 495
464 336
464 448
464 472
464 976
465 209
465 337
465 449
465 464
465 467
465 473
466 402
466 450
466 464
466 467
466 470
466 474
467 403
467 475
467 979
468 212
468 404
468 452
468 464
468 469
468 476
468 980
469 341
469 453
469 465
470 454
470 468
470 478
470 502
470 982
471 343
471 407
471 467
471 469
471 470
471 503
472 216
472 456
472 474
472 476
472 984
473 345
473 409
473 472
473 475
473 477
474 410
474 458
474 506
475 347
475 474
475 507
476 348
476 412
476 478
477 413
477 469
477 476
477 479
478 222
478 462
478 474
478 479
478 990
479 223
479 415
479 463
479 471
479 475
479 511
480 224
480 416
480 481
480 488
481 225
481 417
481 449
481 483
482 450
482 480
482 498
483 482
483 499
484 420
484 480
484 485
484 492
484 500
485 229
485 357
485 453
485 481
485 493
485 997
486 422
486 454
486 482
486 484
486 487
486 998
487 231
487 359
487 423
487 455
487 483
487 485
487 495
487 999
488 360
488 456
488 489
488 490
489 233
489 425
489 481
489 493
489 505
490 482
490 491
490 494
490 506
490 1002
491 235
491 483
491 489
491 495
491 507
492 236
492 364
492 428
492 488
492 508
493 429
493 461
493 492
493 509
493 1005
494 238
494 366
494 430
494 462
494 486
494 492
494 495
494 510
495 239
495 431
495 493
495 511
496 432
496 464
496 480
496 498
496 504
496 1008
497 241
497 465
497 481
497 496
497 1009
498 242
498 466
498 499
498 506
498 1010
499 243
499 467
499 497
499 503
500 372
500 468
500 496
500 502
500 508
501 373
501 437
501 469
501 485
501 497
501 500
501 509
502 438
502 486
502 498
502 503
502 510
503 247
503 487
503 501
503 1015
504 248
504 440
504 472
504 488
504 508
504 1016
505 249
505 377
505 441
505 473
505 497
505 504
505 507
506 250
506 504
506 507
507 499
508 252
508 444
508 476
509 253
509 381
509 445
509 477
509 505
509 508
510 254
510 382
510 478
510 506
510 508
510 511
510 1022
511 255
511 383
511 503
511 507
511 509
511 1023
512 0
512 514
512 544
512 640
513 1
513 512
513 517
513 521
513 529
513 545
513 577
513 641
513 769
514 522
514 546
514 578
514 642
514 770
515 513
515 514
515 519
515 531
515 643
515 771
516 4
516 512
516 532
516 548
516 772
517 516
517 533
517 581
517 645
518 514
518 516
518 534
519 517
519 518
519 527
519 535
519 551
519 583
519 647
520 512
520 521
520 536
520 552
520 776
521 9
521 523
521 537
521 585
521 777
522 10
522 520
522 526
522 538
522 650
523 11
523 515
523 522
523 527
523 539
523 587
523 651
523 779
524 12
524 516
524 520
524 588
524 652
525 13
525 517
525 521
525 524
525 527
525 541
525 589
525 781
526 14
526 518
526 524
526 542
526 558
526 590
526 782
527 526
527 655
528 512
528 560
528 656
529 528
529 531
529 537
529 593
529 657
529 785
530 514
530 528
530 531
530 534
530 594
531 19
531 539
531 563
531 595
531 659
532 528
532 534
532 540
532 564
532 660
533 529
533 532
533 535
533 789
534 22
534 535
534 790
535 23
535 531
535 791
536 528
536 600
536 792
537 25
537 536
537 539
537 665
538 26
538 530
538 536
538 539
538 542
538 602
538 666
539 27
540 28
540 524
540 536
540 541
540 542
540 572
540 604
540 796
541 29
541 533
541 537
541 543
541 573
541 797
542 534
542 606
543 527
543 535
543 539
543 542
543 575
543 607
543 671
544 32
544 560
544 672
545 544
545 547
545 609
545 673
545 801
546 544
546 554
546 610
547 515
547 546
547 551
547 675
547 803
548 544
548 550
548 556
548 564
548 612
548 676
548 804
549 517
549 545
549 548
549 677
550 38
550 518
550 546
550 678
550 806
551 39
551 549
551 550
551 559
551 567
551 615
551 679
552 40
552 544
552 556
552 568
552 616
552 808
553 521
553 545
553 552
553 555
553 557
553 569
553 809
554 522
554 552
554 682
554 810
555 43
555 523
555 547
555 554
555 559
555 619
555 683
555 811
556 524
556 557
556 572
557 525
557 549
557 573
557 685
557 813
558 550
558 554
558 556
558 622
559 527
559 557
559 558
559 623
559 815
560 48
560 561
560 562
560 564
560 816
561 49
561 529
561 545
561 565
561 569
561 817
562 50
562 530
562 546
562 818
563 51
563 547
563 561
563 562
563 567
564 565
564 572
564 820
565 53
565 533
565 549
565 573
565 629
565 821
566 54
566 534
566 550
566 562
566 564
566 567
567 55
567 535
567 565
567 631
567 823
568 56
568 536
568 560
568 569
568 572
568 696
569 537
569 573
569 633
569 825
570 58
570 538
570 554
570 562
570 568
570 634
570 698
570 826
571 59
571 539
571 555
571 563
571 569
571 570
571 635
571 699
571 827
572 60
572 573
572 828
573 637
573 701
574 62
574 542
574 558
574 566
574 570
574 572
574 575
574 702
574 830
575 63
575 559
575 567
575 571
575 573
575 831
576 64
576 512
576 578
576 580
576 584
576 592
576 608
576 704
576 832
577 576
577 579
577 581
577 585
577 609
577 833
578 66
578 579
578 582
578 834
579 67
579 515
579 587
579 595
579 611
579 707
579 835
580 68
580 516
580 581
580 582
580 588
580 708
581 69
581 589
581 613
581 709
582 70
582 518
582 710
583 71
583 579
583 581
583 582
583 599
584 72
584 520
584 585
584 600
584 616
584 712
585 713
586 74
586 522
586 578
586 584
586 587
586 602
586 714
587 585
587 603
587 715
587 843
588 584
588 589
588 716
588 844
589 77
589 585
589 845
590 582
590 586
590 588
590 591
590 606
591 79
591 527
591 583
591 587
591 589
592 528
592 594
592 596
592 624
592 720
593 81
593 577
593 592
593 601
593 625
593 721
593 849
594 578
594 595
594 722
594 850
595 83
595 593
595 603
595 723
596 84
596 532
596 580
596 597
596 598
596 604
596 628
596 724
597 85
597 533
597 581
597 593
597 599
597 725
598 86
598 534
598 582
598 594
598 606
598 630
598 726
598 854
599 535
599 595
599 598
599 607
599 631
599 727
600 592
600 601
600 604
600 856
601 89
601 537
601 585
601 633
601 729
601 857
602 594
602 600
602 606
603 91
603 539
603 601
603 602
603 607
603 635
603 731
604 92
604 588
604 605
604 732
605 541
605 589
605 597
605 601
605 607
605 637
605 733
605 861
606 94
606 604
606 607
606 638
606 734
606 862
607 591
607 639
607 735
608 96
608 544
608 610
608 736
609 608
609 611
610 98
610 578
610 618
610 626
610 866
611 547
611 610
611 627
611 739
611 867
612 580
612 608
612 613
612 614
612 620
612 740
613 101
613 549
613 609
613 615
613 629
613 741
613 869
614 102
614 550
614 582
614 610
614 622
614 630
614 742
615 583
615 611
615 614
615 623
615 631
616 608
616 632
617 553
617 585
617 609
617 616
617 745
618 106
618 554
618 586
618 616
618 634
618 874
619 587
619 611
619 617
619 618
619 747
619 875
620 556
620 588
620 616
620 621
620 622
621 109
621 557
621 589
621 613
621 617
621 623
621 749
622 590
622 618
623 591
623 619
623 622
623 639
624 112
624 560
624 608
625 561
625 609
625 624
625 627
625 633
625 753
625 881
626 114
626 562
626 594
626 624
626 754
626 882
627 115
627 563
627 595
627 626
627 631
628 564
628 612
628 624
628 636
628 756
628 884
629 597
629 625
629 628
629 631
629 757
629 885
630 118
630 566
630 626
630 628
630 631
630 638
630 758
631 119
631 887
632 568
632 600
632 624
633 121
633 617
633 632
633 635
633 889
634 602
634 626
634 632
634 635
634 638
635 123
635 619
635 627
635 639
635 891
636 572
636 604
636 620
636 632
636 637
636 764
637 621
637 629
637 633
637 765
637 893
638 126
638 574
638 622
638 636
638 766
638 894
639 127
639 575
639 631
639 637
639 638
640 642
640 648
640 672
640 704
640 896
641 129
641 640
641 643
641 645
641 649
641 657
641 705
641 897
642 650
642 706
642 898
643 642
643 647
643 651
643 659
643 707
644 516
644 640
644 660
644 900
645 133
645 644
645 647
645 661
645 901
646 134
646 518
646 642
646 644
646 662
646 902
647 135
647 646
647 655
647 663
647 711
647 903
648 520
648 649
648 650
648 652
648 680
648 712
648 904
649 137
649 521
649 681
649 713
649 905
650 666
650 682
650 906
651 139
651 649
651 650
651 655
651 667
651 683
651 907
652 644
652 684
652 908
653 525
653 645
653 649
653 652
653 669
653 685
653 909
654 142
654 526
654 646
654 650
654 652
654 655
654 670
654 910
655 653
655 671
655 687
655 719
655 911
656 640
656 660
656 664
656 720
656 912
657 656
657 659
657 661
657 665
658 146
658 530
658 642
658 656
658 659
658 662
658 666
658 690
658 914
659 147
659 667
659 723
659 915
660 148
660 662
660 668
660 692
660 724
661 533
661 660
661 663
661 693
661 725
662 150
662 534
662 670
662 694
663 151
663 535
663 659
663 662
663 695
663 919
664 536
664 648
664 666
664 668
664 920
665 153
665 649
665 664
665 667
665 697
665 729
665 921
666 667
666 670
666 922
667 539
667 699
668 540
668 652
668 700
669 541
669 661
669 665
669 668
669 925
670 542
670 668
670 671
670 702
670 734
671 663
671 667
671 669
671 735
672 160
672 673
672 676
672 688
672 736
672 928
673 161
673 641
673 677
673 681
673 689
673 737
674 162
674 546
674 642
674 672
674 675
674 682
675 643
675 673
675 683
675 691
675 931
676 644
676 677
677 165
677 645
677 685
677 933
678 646
678 674
678 676
678 679
678 742
678 934
679 647
679 675
679 677
679 935
680 168
680 552
680 672
680 681
680 936
681 553
681 745
681 937
682 680
682 698
682 938
683 171
683 681
683 682
683 687
683 747
684 556
684 676
684 680
684 685
684 748
684 940
685 681
685 687
685 701
685 941
686 558
686 654
686 678
686 682
686 684
686 687
686 702
686 750
686 942
687 559
687 679
687 751
688 176
688 560
688 656
688 690
688 696
688 752
688 944
689 561
689 657
689 688
689 691
689 693
689 753
689 945
690 178
690 562
690 674
690 691
690 754
690 946
691 179
691 563
691 659
691 695
691 699
692 564
692 676
692 688
692 694
692 756
692 948
693 565
693 677
693 692
693 695
693 757
693 949
694 566
694 678
694 690
694 758
695 567
695 679
695 694
695 759
695 951
696 184
696 664
696 680
696 700
696 952
697 569
697 681
697 689
697 696
697 701
698 666
698 690
698 696
698 762
698 954
699 683
699 697
699 698
699 703
700 188
700 572
700 684
700 692
700 701
700 702
700 764
700 956
701 669
701 693
701 703
702 190
702 694
702 698
703 575
703 671
703 687
703 695
703 702
703 767
703 959
704 708
704 720
704 736
704 960
705 577
705 704
705 707
705 709
705 961
706 194
706 578
706 704
706 710
706 714
707 706
707 711
707 739
707 963
708 644
709 197
709 645
709 708
709 965
710 646
710 708
710 711
710 742
711 583
711 709
711 719
711 727
711 967
712 704
713 201
713 705
713 712
713 745
713 969
714 650
714 712
714 715
714 730
715 651
715 707
715 713
715 747
716 204
716 652
716 708
716 712
716 718
716 732
716 748
716 972
717 205
717 589
717 653
717 709
717 713
717 716
718 590
718 654
718 710
718 714
718 719
718 734
719 591
719 715
719 717
719 735
719 975
720 208
720 722
720 752
720 976
721 657
721 705
721 720
721 725
721 729
721 977
722 658
722 706
722 754
722 978
723 707
723 721
723 722
724 708
724 720
724 726
724 980
725 709
725 724
725 727
725 733
725 757
726 662
726 710
726 722
726 727
726 734
726 758
726 982
727 663
727 723
727 735
727 983
728 600
728 664
728 712
728 720
728 729
728 760
728 984
729 217
729 713
729 731
729 733
729 761
730 602
730 666
730 722
730 728
730 734
730 986
731 667
731 715
731 723
731 730
731 735
731 763
731 987
732 668
732 724
732 728
732 764
733 221
733 669
733 717
733 732
733 765
733 989
734 732
734 735
734 766
734 990
735 223
735 733
735 991
736 224
736 737
736 738
736 740
736 744
736 992
737 609
737 705
737 739
737 993
738 226
738 610
738 674
738 706
738 994
739 227
739 675
739 738
740 228
740 676
740 708
740 741
740 996
741 229
741 677
741 709
741 737
741 743
741 757
741 997
742 230
742 738
742 740
742 750
742 758
742 998
743 231
743 615
743 679
743 711
743 739
743 742
743 751
743 999
744 232
744 616
744 680
744 712
744 746
744 748
744 760
745 233
745 737
745 744
745 747
745 749
745 761
745 1001
746 234
746 618
746 682
746 714
746 738
746 750
746 1002
747 235
747 739
747 746
747 751
747 763
747 1003
748 620
748 740
748 750
748 1004
749 237
749 685
749 717
749 741
749 748
749 1005
750 622
750 718
750 766
751 623
751 719
751 749
751 750
751 767
751 1007
752 624
752 736
752 754
752 1008
753 241
753 721
753 737
753 752
753 757
753 761
754 242
754 738
754 758
755 243
755 627
755 691
755 723
755 739
755 753
755 754
755 759
755 1011
756 724
756 740
756 752
756 757
756 764
756 1012
757 245
757 1013
758 246
758 756
759 631
759 727
759 743
759 757
759 758
759 767
760 248
760 632
760 696
760 752
760 762
760 1016
761 633
761 697
761 760
761 763
761 765
762 250
762 634
762 730
762 746
762 754
762 763
763 635
763 699
763 755
763 767
763 1019
764 252
764 748
764 760
764 766
765 701
765 749
765 757
765 764
766 702
766 758
766 762
766 767
767 639
767 735
767 765
768 512
768 896
769 768
769 771
769 773
769 785
770 258
770 768
770 771
770 778
770 786
770 834
770 898
771 787
771 803
771 835
771 899
772 260
772 768
772 773
772 774
772 780
772 788
772 836
772 900
773 517
773 789
773 805
774 518
774 770
774 782
774 790
774 806
774 838
775 263
775 519
775 771
775 773
775 774
775 783
775 807
775 839
775 903
776 768
776 780
776 792
776 904
777 769
777 776
777 779
777 781
778 522
778 776
778 810
778 842
778 906
779 267
779 771
779 778
779 795
779 843
779 907
780 524
780 781
780 782
780 796
780 812
780 844
780 908
781 773
781 783
781 797
781 845
782 270
782 778
782 783
782 846
782 910
783 527
783 779
783 799
784 528
784 768
784 785
784 816
784 848
784 912
785 787
785 817
785 913
786 530
786 784
786 787
786 794
786 818
786 850
787 531
787 791
788 532
788 784
788 789
788 790
788 852
789 785
789 797
789 917
790 278
790 786
790 791
790 798
790 822
790 854
790 918
791 279
791 775
791 789
791 823
791 919
792 784
792 793
792 794
792 824
792 920
793 281
793 537
793 777
793 785
793 795
793 797
793 825
793 857
794 538
794 778
794 798
794 826
795 539
795 787
795 794
795 827
795 923
796 788
796 792
796 924
797 285
797 796
797 829
798 542
798 782
798 796
798 830
798 862
799 543
799 791
799 795
799 797
799 798
799 831
799 927
800 544
800 768
800 801
800 802
800 804
801 289
801 769
801 805
801 865
802 546
802 770
802 806
802 818
802 866
803 801
803 802
803 807
803 811
803 931
804 772
804 805
804 806
804 812
804 820
804 868
804 932
805 549
805 869
805 933
806 294
806 807
806 870
807 551
807 805
807 815
807 935
808 776
808 800
808 809
808 824
808 872
808 936
809 297
809 777
809 801
809 811
809 825
810 298
810 802
810 808
810 811
810 814
810 826
810 874
810 938
811 779
811 827
811 939
812 300
812 556
812 808
813 301
813 781
813 805
813 809
813 812
813 829
813 941
814 558
814 782
814 806
814 812
814 878
814 942
815 783
815 811
815 813
815 814
815 831
815 879
815 943
816 304
816 800
816 817
816 818
816 880
816 944
817 305
817 801
817 819
817 825
817 881
818 306
818 826
818 882
818 946
819 563
819 787
819 803
819 818
819 823
819 947
820 788
820 816
820 822
821 309
821 789
821 805
821 817
821 820
821 823
821 949
822 310
822 566
822 806
822 818
822 950
823 807
823 822
824 312
824 568
824 816
824 828
824 888
825 313
825 824
825 827
825 889
825 953
826 824
826 827
827 315
827 819
827 831
828 796
828 812
828 820
828 829
828 830
829 317
829 573
829 821
829 825
830 318
830 814
830 822
830 826
830 831
830 894
830 958
831 319
831 823
831 829
831 959
832 320
832 768
832 836
832 840
832 960
833 769
833 832
833 835
833 837
833 849
833 865
834 322
834 832
834 835
834 842
834 850
834 866
835 323
835 843
835 851
835 963
836 580
836 852
836 964
837 325
837 581
837 773
837 836
837 869
838 326
838 582
838 834
838 836
838 854
838 966
839 327
839 583
839 835
839 837
839 838
839 847
839 967
840 328
840 584
840 776
840 841
840 842
840 844
840 856
840 968
841 585
841 777
841 833
841 845
841 857
841 873
841 969
842 586
842 843
842 846
843 841
843 859
843 875
843 971
844 836
844 845
844 876
845 837
845 847
846 334
846 590
846 838
846 844
846 974
847 335
847 591
847 783
847 843
847 846
847 879
847 975
848 592
848 832
848 850
848 852
848 880
849 785
849 848
849 851
849 853
849 857
849 881
850 338
850 851
850 858
850 978
851 595
851 787
851 859
851 883
851 979
852 340
852 596
852 884
853 597
853 789
853 837
853 852
853 855
853 861
853 981
854 850
854 852
854 862
854 886
854 982
855 599
855 791
855 839
855 851
855 854
855 863
855 887
855 983
856 792
856 848
856 857
856 860
857 345
857 889
858 602
858 794
858 842
858 856
858 890
858 986
859 603
859 795
859 857
859 858
859 987
860 604
860 796
860 844
860 852
860 862
860 892
861 797
861 845
861 857
861 860
861 863
861 893
862 350
862 846
862 858
863 607
863 799
863 847
863 859
863 862
863 895
864 352
864 608
864 800
864 832
864 865
864 866
864 880
865 353
865 609
865 867
865 869
866 870
866 874
867 803
867 835
867 866
867 883
867 995
868 612
868 836
868 864
868 870
868 876
868 884
868 996
869 868
869 877
869 997
870 614
870 838
870 878
870 998
871 359
871 615
871 807
871 839
871 867
871 869
871 870
871 887
872 616
872 840
872 864
872 874
872 876
872 888
872 1000
873 361
873 617
873 809
873 865
873 872
873 889
873 1001
874 842
875 363
875 811
875 867
875 873
875 874
875 1003
876 620
876 812
876 1004
877 621
877 813
877 845
877 873
877 876
877 879
877 893
877 1005
878 622
878 846
878 874
878 876
878 879
878 894
879 623
879 871
879 875
880 624
880 881
881 369
881 865
881 883
881 885
881 1009
882 850
882 866
882 880
882 883
882 886
882 1010
883 627
883 819
883 887
883 891
883 1011
884 372
884 820
884 880
884 886
884 892
885 373
885 821
885 853
885 869
885 884
885 893
885 1013
886 630
886 822
886 870
886 887
886 894
886 1014
887 823
887 885
887 1015
888 632
888 856
888 880
888 889
888 890
888 892
888 1016
889 881
889 1017
890 634
890 826
890 874
890 882
890 1018
891 827
891 859
891 875
891 889
891 890
891 1019
892 380
892 636
892 828
892 876
892 893
893 381
893 829
893 889
893 895
894 862
894 890
894 892
894 1022
895 383
895 639
895 831
895 879
895 887
895 891
895 894
895 1023
896 898
896 960
897 385
897 769
897 896
897 901
897 905
897 913
897 929
898 899
898 902
898 906
898 930
899 387
899 643
899 897
899 903
900 896
900 901
900 916
900 932
901 773
901 917
901 933
902 774
902 900
902 918
903 901
903 902
903 967
904 392
904 896
904 905
904 908
904 920
904 936
904 968
905 777
905 909
905 969
906 904
906 907
906 922
906 938
906 970
907 395
907 899
907 905
907 911
907 923
908 900
908 909
908 940
908 972
909 397
909 781
909 901
909 911
909 973
910 398
910 902
910 906
910 908
910 911
911 399
911 783
911 903
911 927
912 400
912 896
912 913
913 657
913 917
913 921
913 977
914 402
914 786
914 898
914 912
914 915
914 918
914 922
914 946
914 978
915 403
915 787
915 899
915 913
915 919
915 979
916 404
916 660
916 788
916 912
916 924
917 405
917 661
917 916
917 925
917 949
918 406
918 662
918 916
918 919
919 407
919 903
919 917
919 951
920 912
920 924
920 984
921 793
921 905
921 920
921 953
922 410
922 794
922 920
922 926
922 986
923 667
923 915
923 921
923 922
923 927
923 955
924 668
924 908
924 925
924 926
924 988
925 797
925 909
925 921
925 927
925 989
926 414
926 670
926 798
926 910
926 918
926 958
926 990
927 671
927 919
927 926
927 959
927 991
928 416
928 800
928 896
928 944
929 417
929 673
929 801
929 928
929 931
929 933
929 937
930 674
930 802
930 928
930 931
930 946
930 994
931 419
931 899
931 935
931 939
931 995
932 676
932 928
932 933
932 934
932 996
933 421
933 941
933 949
933 997
934 422
934 806
934 902
934 930
934 935
934 950
935 423
935 903
935 933
936 424
936 928
936 940
936 952
937 809
937 905
937 936
937 941
938 930
938 936
938 942
938 1002
939 683
939 907
939 937
939 938
939 1003
940 428
940 812
940 932
940 941
940 942
941 429
941 909
941 943
941 957
942 910
942 934
942 943
942 1006
943 431
943 687
943 911
943 935
943 939
944 912
944 948
944 952
944 1008
945 817
945 913
945 929
945 944
945 947
945 949
945 953
945 1009
946 434
946 944
947 435
947 691
947 915
947 931
947 946
948 820
948 916
948 932
948 949
949 951
949 957
949 1013
950 694
950 918
950 946
950 948
950 951
951 823
951 935
951 947
951 1015
952 824
952 920
952 953
952 1016
953 441
953 697
953 937
953 955
953 1017
954 442
954 826
954 922
954 938
954 946
954 952
954 955
954 958
955 699
955 827
955 939
955 947
955 1019
956 444
956 828
956 924
956 940
956 948
956 952
956 957
956 958
956 1020
957 701
957 829
957 925
957 953
957 959
958 446
958 702
958 942
958 950
958 959
958 1022
959 943
959 951
959 955
959 1023
960 448
960 961
960 964
960 976
960 992
961 449
961 833
961 897
961 963
961 965
961 993
962 706
962 834
962 898
962 960
962 963
962 966
962 978
962 994
963 899
963 971
964 708
964 900
964 972
965 453
965 837
965 901
965 964
965 967
965 973
965 981
965 997
966 454
966 710
966 902
966 964
966 967
966 974
967 455
967 963
968 712
968 960
968 969
968 970
968 972
968 984
969 457
969 961
969 971
969 1001
970 458
970 714
970 842
970 962
970 971
970 974
970 986
970 1002
971 715
971 907
971 987
972 844
972 973
972 988
972 1004
973 717
973 845
973 969
974 718
974 910
974 972
974 975
975 463
975 911
975 967
975 971
975 973
975 1007
976 848
976 912
976 977
976 978
976 980
976 984
977 465
977 849
977 961
977 979
977 985
977 1009
978 466
978 979
978 986
978 1010
979 723
979 963
979 983
980 852
980 916
980 964
980 982
980 1012
981 469
981 725
981 917
981 977
981 980
981 989
981 1013
982 918
982 966
982 978
983 471
983 919
983 967
983 981
983 982
983 991
984 856
984 985
984 986
984 988
985 473
985 729
985 857
985 921
985 969
985 989
986 474
986 987
986 990
986 1018
987 475
987 923
987 979
987 985
988 476
988 732
988 860
988 980
988 989
988 990
989 477
989 861
989 973
990 862
990 974
990 982
990 1022
991 479
991 863
991 975
991 987
991 989
991 990
991 1023
992 480
992 864
992 928
992 993
992 994
992 996
992 1000
993 481
993 865
993 929
993 995
993 1001
993 1009
994 482
994 866
994 1002
995 483
995 739
995 963
995 994
995 999
995 1003
995 1011
996 484
996 964
996 998
997 993
997 996
997 1013
998 934
998 966
998 994
998 999
998 1006
999 871
999 935
999 967
999 997
1000 488
1000 744
1000 936
1000 968
1000 1001
1000 1004
1000 1016
1001 489
1001 937
1002 874
1002 1000
1002 1003
1002 1006
1002 1018
1003 491
1003 971
1003 1001
1003 1019
1004 492
1004 940
1004 996
1004 1020
1005 941
1005 973
1005 997
1005 1001
1005 1004
1005 1007
1006 494
1006 750
1006 878
1006 974
1006 1004
1007 495
1007 879
1007 943
1007 999
1007 1003
1007 1006
1007 1023
1008 880
1008 976
1008 992
1009 753
1009 1008
1009 1011
1010 754
1010 946
1010 994
1010 1008
1010 1014
1011 499
1011 947
1011 979
1011 1010
1011 1019
1012 500
1012 884
1012 948
1012 996
1012 1008
1012 1014
1013 501
1013 1009
1013 1012
1013 1015
1014 502
1014 758
1014 950
1014 982
1014 998
1014 1015
1015 759
1015 983
1015 999
1015 1011
1016 984
1016 1008
1016 1017
1016 1018
1016 1020
1017 505
1017 761
1017 985
1017 1001
1017 1009
1017 1019
1018 506
1018 762
1018 954
1018 1010
1018 1022
1019 507
1019 987
1019 1018
1019 1023
1020 508
1020 764
1020 892
1020 988
1020 1012
1020 1021
1021 509
1021 765
1021 893
1021 957
1021 989
1021 1005
1021 1013
1021 1017
1022 766
1022 1006
1022 1014
1022 1020
1023 767
1023 1015
1023 1021
1023 1022
0 3 5 6 9 10 12 15 17 18 20 23 24 27 29 30 33 34 36 39 40 43 45 46 48 51 53 54 57 58 60 63 65 66 68 71 72 75 77 78 80 83 85 86 89 90 92 95 96 99 101 102 105 106 108 111 113 114 116 119 120 123 125 126 129 130 132 135 136 139 141 142 144 147 149 150 153 154 156 159 160 163 165 166 169 170 172 175 177 178 180 183 184 187 189 190 192 195 197 198 201 202 204 207 209 210 212 215 216 219 221 222 225 226 228 231 232 235 237 238 240 243 245 246 249 250 252 255 257 258 260 263 264 267 269 270 272 275 277 278 281 282 284 287 288 291 293 294 297 298 300 303 305 306 308 311 312 315 317 318 320 323 325 326 329 330 332 335 337 338 340 343 344 347 349 350 353 354 356 359 360 363 365 366 368 371 373 374 377 378 380 383 384 387 389 390 393 394 396 399 401 402 404 407 408 411 413 414 417 418 420 423 424 427 429 430 432 435 437 438 441 442 444 447 449 450 452 455 456 459 461 462 464 467 469 470 473 474 476 479 480 483 485 486 489 490 492 495 497 498 500 503 504 507 509 510 513 514 516 519 520 523 525 526 528 531 533 534 537 538 540 543 544 547 549 550 553 554 556 559 561 562 564 567 568 571 573 574 576 579 581 582 585 586 588 591 593 594 596 599 600 603 605 606 609 610 612 615 616 619 621 622 624 627 629 630 633 634 636 639 640 643 645 646 649 650 652 655 657 658 660 663 664 667 669 670 673 674 676 679 680 683 685 686 688 691 693 694 697 698 700 703 705 706 708 711 712 715 717 718 720 723 725 726 729 730 732 735 736 739 741 742 745 746 748 751 753 754 756 759 760 763 765 766 768 771 773 774 777 778 780 783 785 786 788 791 792 795 797 798 801 802 804 807 808 811 813 814 816 819 821 822 825 826 828 831 833 834 836 839 840 843 845 846 848 851 853 854 857 858 860 863 864 867 869 870 873 874 876 879 881 882 884 887 888 891 893 894 897 898 900 903 904 907 909 910 912 915 917 918 921 922 924 927 928 931 933 934 937 938 940 943 945 946 948 951 952 955 957 958 960 963 965 966 969 970 972 975 977 978 980 983 984 987 989 990 993 994 996 999 1000 1003 1005 1006 1008 1011 1013 1014 1017 1018 1020 1023
