64 192 32
0 1
0 2
0 8
0 16
1 5
1 33
2 3
2 6
2 10
2 18
2 34
3 1
3 7
3 19
3 35
4 0
4 6
4 20
5 4
5 7
6 7
6 38
7 15
7 23
8 12
9 1
9 8
9 13
9 41
10 8
10 42
11 3
11 9
11 10
11 15
11 43
12 4
12 13
12 28
12 44
13 5
13 45
14 6
14 10
14 12
14 15
15 13
15 31
15 47
16 17
16 18
16 24
17 1
17 21
17 25
17 49
18 22
18 50
19 17
19 18
20 16
21 5
21 20
21 53
22 6
22 20
22 23
22 30
23 19
23 21
23 55
24 8
24 25
24 56
25 9
25 29
26 10
26 18
26 24
26 27
26 58
27 11
27 19
27 25
27 59
28 20
28 24
28 29
28 60
29 13
29 21
30 14
30 26
30 28
30 31
31 23
31 27
31 29
31 63
32 0
32 36
32 40
33 32
33 41
34 32
34 35
34 38
34 42
35 33
35 43
36 4
36 37
36 44
36 52
37 5
37 33
37 45
37 53
38 36
38 39
39 7
39 35
39 37
39 55
40 8
40 41
40 42
40 44
40 56
41 45
43 41
43 42
43 47
43 59
44 45
44 60
45 61
46 14
46 38
46 42
46 44
46 62
47 39
47 45
47 46
48 16
48 32
48 50
48 52
48 56
49 33
49 48
50 34
50 54
50 58
51 19
51 35
51 49
51 50
51 59
52 20
52 53
52 54
52 60
53 49
54 22
54 38
54 55
55 51
55 53
55 63
56 58
57 25
57 41
57 49
57 56
57 59
58 42
58 59
58 62
59 63
60 56
60 61
60 62
61 29
61 53
61 57
61 63
62 30
62 54
62 63
63 47
0 3 5 6 9 10 12 15 17 18 20 23 24 27 29 30 33 34 36 39 40 43 45 46 48 51 53 54 57 58 60 63
