256 1074 128
0 2
0 4
0 8
0 32
0 64
1 0
1 3
1 5
1 9
1 17
1 65
2 3
2 10
2 18
2 34
2 66
2 130
3 67
4 5
4 12
4 68
4 132
5 21
5 133
6 2
6 4
6 14
6 38
6 134
7 3
7 5
7 6
7 15
7 39
8 12
8 24
8 72
8 136
9 8
9 13
9 25
9 41
10 8
10 11
10 14
10 26
10 42
10 138
11 3
11 9
11 15
11 43
11 139
12 14
13 5
13 12
13 45
14 12
14 30
14 46
14 78
15 13
15 14
15 31
15 143
16 0
16 17
16 18
16 24
16 80
17 25
17 81
18 2
18 19
18 22
18 50
18 82
19 3
19 17
19 27
19 147
20 4
20 16
20 22
20 28
20 52
21 17
21 20
21 23
21 29
21 53
21 149
22 6
22 54
22 86
22 150
23 7
23 19
23 21
23 22
23 55
23 87
24 25
24 28
24 56
24 88
24 152
25 27
26 18
26 24
26 27
26 30
26 90
26 154
27 11
27 91
28 12
28 60
28 92
28 156
29 13
29 25
29 28
29 31
29 61
30 22
30 28
30 31
30 62
30 94
31 23
31 27
31 95
31 159
32 34
32 40
32 48
33 1
33 32
33 35
33 37
33 41
33 49
33 97
34 38
34 50
34 98
34 162
35 3
35 34
35 43
35 51
35 163
36 4
36 32
36 37
36 52
37 5
38 36
38 54
38 166
39 35
39 37
39 38
39 55
40 8
40 41
40 42
40 168
41 43
41 45
41 57
41 169
42 34
42 43
42 58
42 106
43 171
44 12
44 36
44 40
44 45
44 46
45 37
45 44
46 38
46 42
46 47
46 62
46 110
46 174
47 15
47 39
47 43
47 45
47 46
47 175
48 16
48 49
48 50
48 52
48 112
48 176
49 17
49 51
49 53
49 113
51 19
51 50
51 179
52 36
52 48
52 53
52 54
52 116
53 37
53 55
53 61
53 181
54 50
54 55
54 118
55 39
55 51
55 63
55 183
56 40
56 48
57 25
57 49
57 56
57 121
57 185
58 26
58 50
58 56
58 59
58 122
59 27
59 43
59 51
59 57
59 123
59 187
60 44
60 52
60 56
60 124
60 188
61 45
61 57
61 60
61 63
61 125
62 30
62 54
62 58
62 60
62 126
62 190
63 31
63 47
63 59
63 62
63 191
64 65
64 66
64 68
64 72
64 80
65 67
65 73
65 97
65 193
66 64
66 67
66 74
66 82
67 65
67 71
67 75
67 83
67 195
68 69
68 76
68 196
69 5
69 65
69 71
69 77
69 101
70 6
70 66
70 68
71 7
71 69
71 70
71 79
71 87
72 73
72 74
72 88
73 9
73 89
73 105
73 201
74 10
74 75
74 90
74 202
75 11
75 73
75 74
75 203
76 12
76 68
76 72
76 92
76 108
76 204
77 13
77 73
77 76
77 109
77 205
78 70
78 74
78 76
78 110
79 15
79 75
79 77
79 78
80 64
80 81
80 82
80 84
81 65
81 85
81 113
82 80
82 83
82 90
82 114
82 210
83 19
83 81
83 91
84 20
84 68
84 92
85 21
85 69
85 84
85 117
86 70
86 82
86 84
86 87
86 94
86 214
87 83
87 85
87 95
87 119
87 215
88 80
88 216
89 25
89 81
89 88
89 121
90 88
90 94
91 75
91 89
91 90
91 95
92 88
92 93
92 94
93 29
93 77
93 85
93 89
93 125
93 221
94 78
94 126
94 222
95 79
95 93
95 94
95 127
95 223
96 32
96 64
96 98
96 100
96 104
96 224
97 96
97 113
98 66
98 102
98 106
98 114
98 226
99 35
99 67
99 97
99 98
99 107
99 115
100 36
100 68
100 116
100 228
101 37
101 97
101 100
101 103
101 109
101 229
102 38
102 70
102 100
102 230
103 39
103 71
103 99
103 102
103 119
104 40
104 72
104 105
104 232
105 41
105 97
105 109
105 121
106 74
106 104
106 110
107 43
107 75
107 99
107 105
107 106
107 111
107 123
108 44
108 100
108 104
108 109
108 236
109 45
109 111
109 125
110 102
110 108
110 126
111 47
111 79
111 103
111 110
111 127
112 80
112 96
112 113
112 116
112 240
113 115
113 121
113 241
114 50
114 82
114 112
114 118
114 122
114 242
115 51
115 83
115 114
115 123
116 84
116 100
116 117
116 124
117 53
117 85
117 101
117 113
117 119
117 125
117 245
118 86
118 102
118 116
118 119
118 126
119 55
119 115
120 56
120 88
120 104
120 112
120 121
120 122
120 124
121 249
122 90
122 106
122 126
123 91
123 121
123 122
124 92
124 108
125 109
125 121
125 124
125 253
126 94
126 124
127 63
127 111
127 119
127 123
127 125
127 126
127 255
128 0
128 129
128 136
128 144
128 160
129 1
129 128
129 145
130 128
130 131
130 138
130 146
130 162
131 3
131 129
131 130
131 147
131 163
132 128
132 133
132 134
132 148
132 196
133 129
133 135
133 165
134 130
134 142
134 166
134 198
135 7
135 131
135 134
135 143
135 167
136 137
136 138
136 140
136 200
137 9
137 129
137 169
138 136
138 139
138 142
139 131
139 137
139 171
140 12
140 132
140 142
140 156
141 13
141 133
141 137
141 140
141 143
141 157
141 205
142 14
142 143
142 158
142 174
142 206
143 135
143 139
143 141
143 175
144 16
144 146
144 148
144 152
144 176
145 17
145 144
145 153
145 177
146 18
146 150
147 19
147 145
147 146
147 179
148 20
148 156
149 133
149 145
149 148
149 151
150 134
150 148
150 182
150 214
151 23
151 135
151 147
151 150
152 136
152 154
152 216
153 25
153 137
153 152
153 155
153 157
153 185
154 138
154 146
154 158
155 27
155 139
155 147
155 154
156 152
156 188
156 220
157 29
157 141
157 149
157 156
157 159
158 30
158 150
158 156
158 159
158 222
159 143
159 151
159 155
159 191
159 223
160 32
161 33
161 129
161 160
161 165
161 177
162 160
162 163
162 170
162 178
163 131
163 161
163 167
163 179
164 36
164 132
164 160
164 166
165 37
165 164
165 167
165 173
165 229
166 162
166 174
166 230
167 39
167 166
167 175
167 183
167 231
168 136
168 160
168 169
168 170
168 184
169 137
169 161
169 173
169 185
169 233
170 42
170 138
170 171
170 174
170 186
171 43
171 163
171 169
172 44
172 140
172 164
172 168
172 174
172 188
173 45
173 141
173 165
173 172
173 175
173 189
173 237
174 172
174 190
174 238
175 171
175 174
175 191
175 239
176 160
176 177
176 240
177 49
177 185
178 50
178 146
178 176
178 179
178 186
179 163
179 177
179 243
180 52
180 148
180 164
180 176
180 244
181 53
181 149
181 165
181 177
181 180
181 189
181 245
182 54
182 166
182 178
182 180
182 190
182 246
183 151
183 179
183 181
183 182
184 56
184 152
184 176
184 185
184 188
185 57
185 187
185 189
185 249
186 58
186 154
186 184
186 187
187 155
187 171
187 179
187 191
187 251
188 180
188 189
189 61
189 157
189 253
190 158
190 186
190 188
191 183
191 187
191 189
191 190
191 255
192 64
192 128
192 193
192 200
192 208
192 224
193 129
193 195
193 201
193 225
194 66
194 130
194 192
194 195
194 198
194 210
195 131
195 199
195 203
195 211
195 227
196 132
196 192
196 197
196 204
196 212
196 228
197 69
197 133
197 193
197 199
197 229
198 70
198 196
198 199
198 214
198 230
199 71
199 135
199 207
199 231
200 72
200 202
200 204
200 216
200 232
201 137
201 200
201 217
202 138
202 194
202 234
203 139
203 201
203 202
203 207
203 219
203 235
204 140
204 205
204 236
205 197
205 201
205 237
206 78
206 198
206 202
206 204
206 222
207 79
207 143
207 205
207 206
207 223
208 80
208 144
208 212
209 81
209 145
209 193
209 208
209 211
209 217
210 146
210 208
210 211
210 214
210 218
211 83
211 147
211 215
211 219
212 84
212 148
212 220
213 85
213 149
213 197
213 209
213 212
213 215
214 212
214 222
214 246
215 151
215 199
215 214
215 223
215 247
216 88
216 208
216 217
216 218
216 248
217 89
217 153
217 219
218 90
218 154
218 202
218 222
218 250
219 91
219 155
219 218
219 251
220 92
220 204
220 212
220 216
220 221
221 157
221 205
221 213
221 217
221 253
222 220
222 223
222 254
223 159
223 219
223 221
224 160
224 225
224 226
224 240
225 97
225 161
225 227
225 241
226 162
226 194
226 230
227 99
227 163
227 226
227 235
228 164
228 224
228 230
228 236
229 225
229 228
229 231
230 231
230 246
231 103
231 227
231 229
231 239
231 247
232 168
232 200
232 224
232 233
232 234
233 105
233 201
233 225
233 249
234 106
234 170
234 226
234 238
234 250
235 107
235 171
235 227
235 233
235 234
235 239
235 251
236 172
236 228
236 232
236 252
237 109
237 229
237 233
237 236
237 239
237 253
238 110
238 206
238 230
238 236
238 254
239 111
239 207
239 238
240 208
240 241
241 177
241 209
241 225
241 243
241 249
242 178
242 210
242 226
242 240
242 243
242 250
243 115
243 211
243 227
243 251
244 116
244 212
244 228
244 240
244 245
244 246
244 252
245 213
245 229
245 241
245 247
245 253
246 118
246 242
246 247
246 254
247 119
247 183
247 243
247 255
248 120
248 184
248 232
248 240
248 250
249 217
249 248
249 251
249 253
250 122
250 186
250 251
251 123
251 219
251 255
252 124
252 188
252 220
252 236
252 248
252 253
252 254
253 255
254 126
254 190
254 250
254 255
255 223
255 239
0 3 5 6 9 10 12 15 17 18 20 23 24 27 29 30 33 34 36 39 40 43 45 46 48 51 53 54 57 58 60 63 65 66 68 71 72 75 77 78 80 83 85 86 89 90 92 95 96 99 101 102 105 106 108 111 113 114 116 119 120 123 125 126 129 130 132 135 136 139 141 142 144 147 149 150 153 154 156 159 160 163 165 166 169 170 172 175 177 178 180 183 184 187 189 190 192 195 197 198 201 202 204 207 209 210 212 215 216 219 221 222 225 226 228 231 232 235 237 238 240 243 245 246 249 250 252 255
