512 2328 256
0 4
0 8
0 16
0 64
0 128
1 0
1 3
1 5
1 9
1 17
1 33
1 65
1 257
2 0
2 6
2 18
2 66
2 258
3 2
3 19
3 35
3 67
4 6
4 36
4 68
4 260
5 4
5 13
5 37
5 133
6 7
6 14
6 22
6 70
7 3
7 5
7 71
7 135
8 9
8 12
8 40
8 72
8 136
9 13
9 41
9 73
9 137
9 265
10 2
10 8
10 266
11 3
11 9
11 10
11 75
12 4
12 28
12 76
12 140
12 268
13 12
13 29
13 77
13 269
14 10
14 12
14 15
14 46
14 142
14 270
15 7
15 11
15 13
15 31
15 47
16 18
16 80
16 144
17 16
17 19
17 25
17 49
17 81
18 19
18 22
18 26
18 82
18 146
19 27
19 51
20 4
20 16
20 22
20 52
20 84
20 148
20 276
21 5
21 17
21 20
21 23
21 29
21 53
22 30
22 86
22 150
23 7
23 19
23 22
23 55
23 87
23 151
24 8
24 16
24 25
24 28
24 56
25 9
25 57
25 89
25 153
26 10
26 24
26 30
26 90
26 154
27 11
27 25
27 26
27 31
27 59
27 91
27 155
28 20
28 29
28 60
28 92
28 156
28 284
29 25
29 31
29 61
29 157
30 14
30 28
30 62
31 23
31 30
31 159
32 0
32 36
32 48
33 32
33 41
34 2
34 32
34 35
34 38
34 50
34 98
34 162
35 33
35 39
35 51
35 99
35 291
36 38
37 33
37 36
37 293
38 6
38 36
38 46
38 54
38 102
38 166
38 294
39 7
39 37
39 38
39 103
39 167
40 32
40 41
40 42
40 56
40 168
40 296
41 43
42 10
42 34
42 46
43 11
43 35
43 42
43 47
43 107
43 171
43 299
44 12
44 36
44 40
44 45
44 46
44 108
44 300
45 13
45 37
45 41
45 173
46 62
47 39
47 45
47 46
47 111
48 16
48 50
48 52
48 112
48 176
48 304
49 33
49 48
49 51
49 53
49 57
49 113
50 18
50 178
51 50
51 55
51 59
51 115
51 179
51 307
52 36
52 54
52 116
52 308
53 37
53 52
53 55
53 117
53 181
54 22
54 50
54 55
54 62
54 118
54 310
55 39
55 63
55 311
56 48
56 57
56 60
56 184
57 41
57 313
58 26
58 42
58 50
58 56
58 59
58 62
59 43
59 57
59 123
60 44
60 52
60 61
60 62
60 124
60 188
60 316
61 45
61 53
61 57
61 125
62 63
62 126
62 318
63 31
63 47
63 59
63 61
64 66
64 68
64 96
64 192
64 320
65 64
65 97
66 67
66 74
67 3
67 65
67 71
67 83
67 195
68 69
68 70
68 84
68 196
68 324
69 5
69 65
69 85
70 66
70 68
70 78
70 198
71 69
71 70
71 79
71 87
71 103
71 199
71 327
72 64
72 73
73 65
73 77
74 10
74 72
74 75
74 106
75 67
75 73
75 79
75 107
75 203
75 331
76 68
76 72
76 78
76 92
76 108
76 332
77 69
77 76
77 109
77 205
77 333
78 14
78 74
78 79
78 334
79 15
79 77
79 111
79 207
79 335
80 64
80 82
80 84
80 208
81 17
81 65
81 80
81 83
81 85
81 113
82 66
82 83
82 338
83 19
83 211
84 92
84 116
84 340
85 21
85 84
85 87
85 213
86 70
86 82
86 84
86 87
86 214
86 342
87 83
87 119
87 215
88 24
88 72
88 80
88 90
88 92
88 344
89 73
89 81
89 88
89 91
89 93
89 121
89 345
90 74
90 82
90 88
90 91
90 94
90 122
90 218
91 75
91 83
91 123
92 93
92 94
92 220
93 29
93 77
93 85
93 95
93 221
93 349
94 30
94 78
94 86
94 350
95 31
95 79
95 87
95 91
95 94
95 127
95 223
95 351
96 32
96 100
96 352
97 33
97 96
97 101
98 66
98 96
98 99
98 102
98 114
99 67
99 97
99 355
100 36
100 68
100 228
101 37
101 69
101 100
101 103
101 117
101 229
101 357
102 70
102 100
102 118
103 99
103 102
103 119
104 40
104 72
104 96
104 108
104 232
104 360
105 41
105 73
105 97
105 104
105 107
105 121
105 233
105 361
106 42
106 98
106 104
106 122
107 99
107 106
107 111
107 363
108 100
108 236
109 45
109 101
109 105
109 108
110 46
110 78
110 102
110 106
110 108
110 126
110 238
111 103
111 109
111 110
111 367
112 80
112 96
112 113
112 116
112 120
113 97
113 115
113 117
113 121
114 50
114 82
114 112
114 118
114 242
114 370
115 83
115 99
115 114
115 119
115 123
115 243
116 100
116 117
116 118
116 372
117 85
118 86
118 246
119 55
119 117
119 118
119 375
120 56
120 88
120 104
120 124
121 57
121 89
121 113
121 120
121 123
122 58
122 114
122 120
122 250
122 378
123 107
123 122
124 92
124 108
124 116
124 125
124 380
125 93
125 109
125 117
125 121
125 127
126 94
126 118
126 122
126 124
126 254
126 382
127 63
127 111
127 119
127 123
127 126
127 255
128 132
128 136
129 1
129 128
129 133
129 145
129 161
130 2
130 128
130 386
131 3
131 129
131 130
131 147
131 195
132 4
132 148
132 196
132 388
133 132
133 141
133 389
134 6
134 130
134 132
134 142
134 150
134 166
134 390
135 131
135 133
135 134
135 143
135 151
135 167
135 391
136 137
136 138
136 140
136 152
136 200
137 129
137 139
137 141
137 153
137 393
138 10
138 130
138 139
138 142
139 11
139 131
139 143
139 155
139 171
139 203
140 132
140 142
140 156
140 172
140 396
141 13
141 140
141 143
141 173
142 158
143 15
143 142
143 207
143 399
144 128
144 146
144 148
144 400
145 17
145 144
145 209
145 401
146 130
146 147
146 150
146 154
146 178
146 402
147 19
147 145
147 155
147 179
148 156
148 180
149 21
149 133
149 145
149 148
149 151
149 157
149 181
149 213
150 148
150 158
150 182
151 147
151 150
151 183
151 407
152 24
152 144
152 153
152 154
152 156
152 184
152 408
153 145
153 155
153 157
153 185
153 217
153 409
154 138
154 186
154 218
155 154
155 187
155 219
155 411
156 157
156 158
156 220
156 412
157 141
157 189
157 221
157 413
158 30
158 154
158 222
159 143
159 151
159 155
159 157
159 158
159 415
160 32
160 128
160 164
160 168
160 176
160 224
161 33
161 160
161 163
161 225
161 417
162 130
162 160
162 163
162 178
163 35
163 131
163 171
164 36
164 132
164 166
164 172
164 180
164 420
165 37
165 133
165 161
165 164
165 173
165 229
165 421
166 162
166 167
166 174
167 163
167 165
167 175
167 183
167 423
168 136
168 172
168 184
168 424
169 41
169 137
169 161
169 168
169 171
169 185
169 233
169 425
170 42
170 138
170 162
170 168
170 171
170 174
171 187
171 235
172 44
172 173
172 174
172 428
173 169
173 175
174 46
174 142
174 190
175 47
175 143
175 171
175 174
176 144
176 184
177 49
177 145
177 161
177 176
177 179
177 181
177 241
178 176
178 179
178 182
178 434
179 163
179 183
179 435
180 52
180 176
180 182
180 188
180 436
181 165
181 180
181 183
181 189
182 54
182 166
182 438
183 55
183 182
183 191
184 186
184 188
184 440
185 57
185 177
185 184
185 187
185 249
185 441
186 58
186 170
186 178
186 187
186 190
186 250
186 442
187 59
187 179
187 191
187 251
187 443
188 156
188 172
188 189
188 252
189 61
189 173
189 185
189 191
189 445
190 62
190 158
190 182
190 188
190 191
190 254
190 446
191 63
191 159
191 175
191 255
191 447
192 128
192 196
192 208
192 224
192 448
193 65
193 129
193 192
193 195
193 197
193 201
193 209
193 225
193 449
194 66
194 130
194 192
194 198
194 210
194 226
195 194
195 211
195 451
196 197
196 204
196 212
196 228
197 69
197 133
197 213
198 134
198 196
198 199
198 206
198 214
198 230
199 135
199 195
199 197
199 207
199 215
199 455
200 72
200 192
200 201
200 202
200 204
200 456
201 73
201 137
201 203
201 205
201 217
201 457
202 74
202 138
202 194
202 206
202 218
202 458
203 195
203 202
203 207
203 219
203 235
204 76
204 140
204 206
204 220
204 236
205 141
205 197
205 204
205 237
206 78
206 142
206 222
207 205
207 206
208 144
208 209
208 212
208 216
208 240
208 464
209 81
209 213
209 217
209 465
210 82
210 146
210 208
210 214
210 242
211 147
211 209
211 210
211 219
212 84
212 148
212 214
212 220
212 244
213 212
213 215
213 221
214 150
214 470
215 151
215 211
215 214
215 223
215 247
215 471
216 88
216 152
216 200
216 218
216 248
217 89
217 209
217 216
218 210
218 222
218 250
219 91
219 217
219 218
220 216
220 221
221 205
221 217
221 477
222 94
222 214
222 220
222 254
222 478
223 159
223 207
223 219
223 221
223 222
223 479
224 96
224 228
225 97
225 224
225 233
225 241
226 98
226 162
226 224
226 234
227 99
227 163
227 195
227 225
227 226
227 235
228 164
228 229
228 230
228 236
229 197
229 225
229 231
230 102
230 166
230 226
230 486
231 103
231 167
231 199
231 227
231 230
231 239
232 168
232 200
232 224
232 248
233 201
233 232
233 237
234 106
234 170
234 202
234 232
234 235
234 238
234 250
234 490
235 107
235 233
235 234
235 491
236 172
236 232
236 237
236 252
236 492
237 109
237 173
237 229
237 239
237 253
237 493
238 174
238 206
238 230
238 236
238 239
239 111
239 175
239 207
239 235
240 112
240 176
240 224
240 241
240 242
240 248
241 113
241 209
241 243
241 245
241 249
242 178
242 226
242 243
243 179
243 211
243 227
243 251
244 116
244 180
244 228
244 240
244 246
244 252
245 117
245 181
245 213
245 229
245 244
245 247
245 253
245 501
246 182
246 214
246 230
246 242
246 247
246 502
247 119
247 183
247 231
247 243
247 503
248 120
248 184
248 249
248 250
248 252
248 504
249 121
249 217
249 233
249 251
250 242
250 254
250 506
251 123
251 219
251 235
251 250
251 255
251 507
252 124
252 220
252 253
252 254
252 508
253 125
253 189
253 221
253 249
254 238
254 246
254 255
254 510
255 223
255 239
255 247
255 253
256 0
256 257
256 258
256 260
256 288
256 320
256 384
257 259
257 261
257 385
258 266
258 322
259 3
259 258
259 263
259 275
259 291
259 323
260 261
260 262
260 388
261 5
261 269
261 293
262 6
262 258
262 263
262 270
262 278
262 390
263 7
263 261
263 271
263 295
263 327
263 391
264 8
264 256
264 268
264 280
264 392
265 257
265 264
265 267
265 269
265 281
266 264
266 267
266 282
266 298
266 394
267 11
267 259
267 271
267 299
267 331
268 260
268 269
268 284
268 396
269 271
269 333
270 266
270 268
270 271
270 286
270 334
270 398
271 15
271 267
271 287
271 335
271 399
272 16
272 256
272 273
272 276
272 304
272 336
272 400
273 17
273 257
273 277
273 305
273 337
274 18
274 258
274 272
274 306
275 19
275 273
275 274
275 279
275 283
275 307
275 339
275 403
276 260
277 21
277 261
277 276
277 279
277 285
277 309
277 341
277 405
278 22
278 274
278 276
278 279
278 310
278 342
279 23
279 263
279 278
279 343
280 24
280 272
280 344
281 25
281 273
281 280
281 313
281 409
282 26
282 274
282 280
282 410
283 27
283 267
283 281
283 282
283 347
284 276
284 280
284 348
284 412
285 29
285 269
285 281
285 284
285 287
285 349
286 30
286 278
286 282
286 284
286 318
286 350
286 414
287 31
287 279
287 283
287 286
287 319
288 32
288 289
288 296
288 304
288 416
289 33
289 257
289 293
289 305
289 353
290 34
290 258
290 288
290 294
290 298
290 306
290 418
291 289
291 290
291 419
292 36
292 260
292 288
292 293
292 308
292 356
293 295
293 357
293 421
294 262
294 292
294 310
294 358
295 39
295 291
295 294
295 303
295 311
296 264
296 297
296 300
296 312
297 41
297 265
297 289
297 361
298 42
298 296
298 299
298 314
298 362
299 291
299 297
299 298
299 303
299 427
300 268
300 292
300 302
300 316
300 364
301 45
301 269
301 293
301 297
301 300
301 303
301 317
302 46
302 270
302 294
302 298
302 318
302 366
303 47
303 271
303 302
303 367
304 306
304 308
304 312
304 368
304 432
305 49
305 304
305 309
305 313
305 369
305 433
306 50
306 307
306 310
306 434
307 291
307 305
307 311
307 315
307 435
308 276
308 316
308 372
308 436
309 53
309 293
309 308
309 317
309 373
309 437
310 308
310 374
311 279
311 309
311 310
311 319
311 375
311 439
312 56
312 280
312 313
312 316
313 297
313 315
313 377
313 441
314 58
314 282
314 306
314 312
314 315
314 318
314 378
314 442
315 59
315 283
315 299
315 379
315 443
316 284
316 317
317 61
317 285
317 313
317 445
318 310
318 316
318 319
318 382
319 63
319 303
319 315
319 317
320 324
320 328
320 336
320 352
321 65
321 257
321 320
321 323
321 325
321 337
321 353
321 449
322 66
322 320
322 326
323 67
323 322
323 327
323 331
323 339
323 355
323 451
324 260
324 325
324 332
324 452
325 69
325 261
325 327
325 357
325 453
326 70
326 262
326 324
326 327
326 358
326 454
327 335
328 72
328 264
328 330
328 332
328 360
329 73
329 265
329 321
329 328
329 331
329 345
329 361
330 74
330 266
330 322
330 334
330 346
330 362
331 330
331 335
332 268
332 333
332 364
332 460
333 325
333 329
333 349
333 365
334 326
334 332
334 335
335 333
335 367
335 463
336 80
336 337
336 338
336 340
336 344
336 368
337 81
337 345
337 465
338 274
338 322
338 346
338 370
338 466
339 83
339 337
339 338
339 343
339 347
339 467
340 276
340 324
340 341
340 348
340 372
340 468
341 85
341 325
341 337
341 343
341 373
342 326
342 338
342 340
343 87
343 327
343 342
343 375
343 471
344 328
344 346
344 348
344 376
345 281
345 344
345 347
345 349
346 90
346 282
346 350
346 378
347 91
347 331
347 346
347 351
347 475
348 92
348 332
348 349
348 380
349 341
349 381
349 477
350 334
350 342
350 348
350 351
350 382
351 287
351 335
351 343
351 349
351 479
352 288
352 354
352 356
352 368
352 480
353 97
353 352
353 481
354 98
354 290
354 322
354 355
354 362
354 482
355 291
355 353
355 359
355 371
355 483
356 100
356 324
356 358
356 364
356 372
357 353
357 356
357 359
357 365
357 373
357 485
358 102
358 354
358 486
359 103
359 295
359 327
359 358
359 367
359 375
359 487
360 296
360 352
360 361
360 488
361 353
361 377
362 106
362 360
362 363
362 366
362 490
363 299
363 331
363 355
363 361
364 108
364 360
364 365
364 380
364 492
365 109
365 301
365 361
366 110
366 334
366 358
366 364
367 363
367 365
367 366
367 383
367 495
368 112
368 369
368 372
369 113
369 337
369 353
369 371
369 373
369 377
370 306
370 354
370 368
370 374
370 378
370 498
371 115
371 307
371 339
371 370
371 375
371 379
372 373
373 117
373 381
373 501
374 118
374 342
374 358
374 372
374 375
374 382
374 502
375 373
375 374
375 383
376 120
376 312
376 360
376 368
376 378
376 504
377 121
377 345
377 376
377 379
377 381
378 362
378 379
379 123
379 347
379 363
380 316
380 372
380 376
380 381
380 382
381 125
381 317
381 365
381 383
381 509
382 366
382 378
382 383
383 127
383 319
383 351
383 379
383 511
384 128
384 392
384 400
385 129
385 384
385 387
385 389
385 417
385 449
386 258
386 384
386 387
386 390
386 394
386 450
387 131
387 259
387 395
388 384
388 404
388 420
388 452
389 261
389 388
389 453
390 388
390 391
390 398
390 406
391 263
391 387
391 389
391 407
391 423
391 455
392 136
392 393
392 394
392 408
392 424
393 265
393 385
393 395
393 409
394 138
394 395
394 398
394 426
394 458
395 139
395 267
395 411
395 459
396 388
396 392
396 398
397 141
397 269
397 389
397 393
397 396
397 399
397 429
398 142
398 399
398 430
398 462
399 391
399 395
399 431
400 401
400 404
400 408
400 432
400 464
401 273
401 385
401 403
401 405
401 409
402 274
402 386
402 400
402 403
402 410
402 434
402 466
403 147
403 387
403 411
404 148
404 276
404 405
404 406
404 412
404 436
404 468
405 149
405 389
405 407
406 150
406 278
406 402
406 407
406 438
407 279
407 403
407 415
408 280
408 412
409 408
409 411
409 413
409 473
410 154
410 394
410 408
411 283
411 410
411 415
411 443
411 475
412 396
412 413
412 414
412 444
413 285
413 397
413 405
414 158
414 398
414 406
414 410
414 415
414 446
415 287
415 399
415 413
415 447
415 479
416 160
416 384
416 424
416 432
416 480
417 289
417 416
417 419
417 425
418 162
418 386
418 416
418 419
419 163
419 387
419 483
420 292
420 416
420 422
421 389
421 417
421 420
421 423
421 485
422 166
422 294
422 390
422 418
422 438
423 295
423 419
423 422
423 431
424 296
424 440
424 488
425 297
425 393
425 417
425 424
425 427
425 489
426 170
426 298
426 418
426 424
426 427
426 442
426 490
427 171
427 395
427 419
427 431
427 491
428 300
428 396
428 420
428 424
428 429
428 430
428 444
428 492
429 173
429 301
429 421
429 425
429 431
429 493
430 174
430 302
430 422
430 426
430 431
430 446
430 494
431 175
431 303
431 495
432 176
432 433
432 440
432 496
433 177
433 401
433 417
433 435
433 437
433 441
433 497
434 418
434 432
434 435
434 442
435 403
435 419
435 439
435 443
436 308
436 420
436 432
436 500
437 181
437 405
437 421
437 436
437 439
437 445
438 310
438 434
438 436
438 502
439 183
439 407
439 423
439 435
439 438
439 447
439 503
440 312
440 408
440 442
440 444
441 409
441 425
441 440
441 443
441 445
442 410
442 446
442 506
443 427
443 442
444 188
444 316
444 436
444 446
444 508
445 413
445 429
445 444
445 447
445 509
446 318
446 438
446 447
446 510
447 319
447 431
447 443
447 511
448 320
448 384
448 449
448 450
448 452
448 456
448 480
449 451
449 453
449 457
450 194
450 322
450 454
450 482
451 387
451 450
451 455
451 459
452 196
452 453
452 454
452 460
452 468
452 484
453 197
453 449
453 452
453 455
453 461
453 469
454 198
454 390
454 455
455 327
455 463
455 487
456 328
456 392
456 457
456 458
456 472
456 488
457 329
457 393
457 461
457 489
458 330
458 450
458 459
458 462
458 490
459 203
459 331
459 457
460 204
460 396
460 456
460 462
460 476
461 205
461 333
461 397
461 460
461 477
462 206
462 334
462 454
462 463
462 478
462 494
463 207
463 399
463 459
463 461
463 479
463 495
464 336
464 448
464 472
464 496
465 401
465 449
465 464
465 467
465 469
465 497
466 210
466 450
466 464
466 467
466 470
466 474
467 211
467 403
467 451
467 471
468 212
468 464
468 476
468 500
469 213
469 341
469 405
469 468
470 214
470 342
470 406
470 454
470 468
470 502
471 407
471 455
471 469
471 470
472 216
472 344
472 408
472 473
472 474
472 476
473 217
473 345
473 457
473 465
473 475
473 477
473 505
474 218
474 346
474 410
474 458
474 475
474 478
474 506
475 219
475 459
475 467
475 507
476 220
476 348
476 412
476 478
477 413
477 469
477 476
477 479
478 350
478 414
478 470
478 479
478 510
479 471
479 475
479 511
480 224
480 484
480 488
481 225
481 417
481 449
481 480
481 485
481 497
482 226
482 418
482 480
482 486
482 490
483 227
483 451
483 481
483 482
484 228
484 356
484 420
484 485
484 486
484 492
484 500
485 229
485 453
485 501
486 422
486 454
486 487
487 231
487 423
487 483
487 485
488 232
488 424
488 489
488 490
488 492
488 504
489 233
489 361
489 481
489 491
489 493
489 505
490 491
491 363
491 459
491 483
491 495
492 460
492 493
492 508
493 365
493 461
493 485
493 495
493 509
494 238
494 366
494 486
494 490
494 492
494 495
494 510
495 239
495 487
496 240
496 368
496 480
496 497
496 498
496 500
496 504
497 241
497 369
497 501
497 505
498 242
498 370
498 434
498 466
498 482
498 499
498 502
498 506
499 243
499 371
499 435
499 467
499 483
499 497
499 503
499 507
500 244
500 372
500 502
500 508
501 437
501 469
501 500
501 503
501 509
502 486
502 503
502 510
503 375
503 471
503 487
503 502
503 511
504 440
504 472
504 505
505 249
505 377
505 441
505 507
505 509
506 378
506 490
506 504
506 507
506 510
507 379
507 443
507 491
507 511
508 380
508 476
508 504
508 510
509 253
509 477
509 508
510 382
510 511
511 255
511 495
511 509
511 510
0 3 5 6 9 10 12 15 17 18 20 23 24 27 29 30 33 34 36 39 40 43 45 46 48 51 53 54 57 58 60 63 65 66 68 71 72 75 77 78 80 83 85 86 89 90 92 95 96 99 101 102 105 106 108 111 113 114 116 119 120 123 125 126 129 130 132 135 136 139 141 142 144 147 149 150 153 154 156 159 160 163 165 166 169 170 172 175 177 178 180 183 184 187 189 190 192 195 197 198 201 202 204 207 209 210 212 215 216 219 221 222 225 226 228 231 232 235 237 238 240 243 245 246 249 250 252 255 257 258 260 263 264 267 269 270 272 275 277 278 281 282 284 287 288 291 293 294 297 298 300 303 305 306 308 311 312 315 317 318 320 323 325 326 329 330 332 335 337 338 340 343 344 347 349 350 353 354 356 359 360 363 365 366 368 371 373 374 377 378 380 383 384 387 389 390 393 394 396 399 401 402 404 407 408 411 413 414 417 418 420 423 424 427 429 430 432 435 437 438 441 442 444 447 449 450 452 455 456 459 461 462 464 467 469 470 473 474 476 479 480 483 485 486 489 490 492 495 497 498 500 503 504 507 509 510
