50 114 13
0 11
1 13
1 14
2 15
3 11
3 20
3 44
4 28
4 47
5 28
5 49
6 34
6 38
6 44
7 23
8 26
8 33
9 18
9 39
10 43
11 0
11 28
12 14
12 41
13 1
13 26
14 1
14 12
15 2
15 18
15 24
16 25
16 29
16 44
17 9
17 43
18 15
18 20
18 35
19 35
19 44
20 3
20 18
21 23
22 48
23 7
23 21
24 15
24 20
24 46
25 16
25 30
25 33
25 44
25 48
26 8
26 13
26 28
26 34
26 42
26 49
27 39
27 42
28 4
28 5
28 11
28 26
29 16
30 25
30 39
31 42
32 42
33 8
33 25
33 37
34 6
34 26
34 40
35 18
35 19
36 39
36 44
38 6
39 9
39 27
39 30
39 36
40 34
41 12
41 48
42 26
42 27
42 31
42 32
42 43
43 10
43 17
43 42
44 3
44 6
44 19
44 21
44 36
44 46
45 48
46 27
46 44
48 22
48 23
48 25
48 41
48 45
49 5
49 26
24 22 18 8 6 10 38 5 40 39 27 42 48
