50 164 13
0 6
0 17
0 20
0 31
0 34
0 39
1 3
1 11
1 15
1 27
1 46
2 13
2 19
2 20
3 1
3 23
3 27
3 40
3 48
4 17
4 24
4 47
4 48
5 11
5 17
5 20
5 25
5 41
5 45
6 45
7 35
7 36
7 44
8 20
8 24
8 35
8 41
9 12
9 18
9 22
9 39
10 29
10 31
10 43
11 5
11 14
11 16
11 34
12 9
13 23
13 24
14 11
14 24
15 1
15 20
15 41
16 11
16 20
16 26
16 45
17 0
17 4
17 5
17 9
17 45
18 19
18 43
19 18
19 38
19 48
20 0
20 2
20 5
20 15
20 36
20 48
21 46
22 9
22 30
22 32
22 33
22 41
23 3
23 44
24 14
24 42
24 47
25 5
25 30
26 16
26 41
26 47
27 1
28 30
29 10
29 24
29 27
29 31
30 22
30 25
31 0
31 10
31 29
31 35
31 41
32 22
33 2
33 22
34 0
34 11
35 8
35 23
35 31
35 44
36 3
36 7
36 18
36 20
36 33
37 44
37 48
38 2
38 19
39 0
39 9
39 36
41 5
41 8
41 15
41 22
41 26
41 31
41 43
41 44
41 48
42 22
42 24
43 10
43 18
43 41
44 7
44 23
44 35
44 37
45 5
45 6
45 16
45 35
45 37
45 46
46 1
46 19
46 21
47 4
47 24
47 25
47 26
48 3
48 4
48 20
48 34
48 37
48 41
49 5
4 23 6 22 2 14 15 12 19 36 30 34 38
