100 235 50
0 4
0 34
1 3
1 42
1 47
1 72
2 97
3 63
3 65
3 78
4 0
4 24
5 18
6 58
6 89
7 38
7 63
7 64
8 36
8 52
8 86
9 34
10 38
10 59
10 71
10 87
11 22
11 44
12 18
12 99
13 19
14 81
15 37
16 47
16 97
17 32
17 54
18 5
18 12
18 56
18 59
18 66
19 13
19 90
20 25
20 35
21 30
22 11
22 48
23 63
24 4
24 25
24 67
24 91
25 20
25 24
25 46
25 93
26 65
27 40
27 90
28 53
28 58
29 52
29 81
30 21
30 63
30 83
31 97
32 17
33 67
33 99
34 0
34 9
34 22
34 75
34 77
35 20
35 55
35 68
36 8
36 60
37 15
37 55
38 7
38 10
38 95
39 90
40 8
40 27
40 43
40 50
40 94
41 49
42 1
43 40
43 54
43 72
43 76
43 85
43 87
44 11
44 61
45 55
45 87
46 25
46 57
47 1
47 16
47 80
48 22
48 73
48 78
49 41
49 64
50 40
51 53
51 72
51 89
52 29
52 72
53 28
53 51
53 60
53 61
54 17
54 43
55 37
55 45
55 64
55 83
55 94
56 18
57 46
57 94
58 6
58 28
58 76
59 6
59 10
59 18
60 36
60 53
61 44
61 53
62 51
63 3
63 7
63 23
63 30
63 40
63 66
63 92
64 7
64 49
64 55
64 70
65 3
65 26
65 74
66 18
66 63
66 67
66 84
66 90
67 24
67 33
67 66
67 79
68 35
69 88
69 95
69 97
70 64
71 10
72 1
72 43
72 52
72 87
73 48
73 93
74 65
75 34
75 79
75 82
76 43
76 58
77 34
78 3
78 48
79 67
79 75
80 47
80 86
81 14
81 29
81 55
81 89
82 75
83 30
83 55
84 66
84 98
85 43
86 8
86 80
87 10
87 43
87 45
87 72
88 69
89 6
89 51
89 81
90 19
90 27
90 39
90 66
91 24
91 97
92 63
93 25
93 73
94 40
94 55
94 57
94 70
95 38
96 25
97 16
97 31
97 69
97 91
98 84
99 33
29 31 93 60 76 9 50 23 52 27 65 6 80 5 26 58 73 89 87 55 49 66 94 28 4 22 78 18 42 34 81 11 17 54 99 19 90 41 15 1 79 44 47 10 35 72 30 56 16 46
