100 356 25
0 3
0 9
0 22
0 40
0 65
0 86
0 96
2 24
2 73
2 97
3 0
3 27
3 37
3 75
3 99
4 59
5 6
5 14
5 94
6 3
6 5
6 18
6 20
6 24
6 33
6 61
6 62
6 78
6 91
7 23
7 38
7 44
7 78
7 91
8 24
8 27
8 45
8 58
8 83
9 0
9 39
9 58
9 81
9 98
10 48
10 51
10 69
10 71
11 13
11 49
11 56
11 99
12 26
12 41
12 57
12 87
13 11
13 53
14 5
14 30
14 34
14 39
15 43
15 55
15 68
15 70
15 71
15 83
16 18
16 28
16 35
16 54
16 79
17 35
17 68
18 6
18 10
18 16
18 23
18 30
19 72
20 6
21 39
21 71
21 79
21 86
22 0
22 68
22 84
22 93
23 7
23 18
23 91
24 2
24 6
24 8
24 92
25 55
25 91
25 93
26 32
26 47
26 57
26 67
26 91
28 22
28 64
28 76
29 45
29 61
29 63
29 69
29 79
29 82
29 85
29 88
30 14
30 18
30 36
30 69
31 53
31 64
31 68
32 26
32 38
32 52
33 6
33 37
33 79
34 14
34 54
34 55
35 1
35 16
35 17
35 61
35 94
36 30
36 98
37 3
37 33
37 44
37 64
37 97
38 3
38 32
38 63
39 9
39 14
39 21
40 47
40 89
41 42
41 46
41 74
42 41
42 55
42 93
43 15
43 46
44 7
44 37
45 8
45 70
45 78
45 91
46 41
46 43
47 40
48 10
48 72
48 91
48 98
48 99
49 11
49 94
50 23
50 65
50 67
51 10
51 27
51 32
51 59
51 61
51 70
51 87
51 88
51 96
52 32
53 13
53 31
53 59
53 68
53 92
54 16
54 34
55 15
55 25
55 34
55 42
55 57
55 67
55 83
55 97
56 26
56 97
57 12
57 26
57 55
58 9
58 21
58 78
59 4
59 51
59 53
60 64
61 6
61 35
61 51
62 6
62 65
62 68
63 29
63 38
64 28
64 31
64 37
64 60
64 83
64 85
65 0
65 50
65 62
65 69
65 71
66 6
66 89
67 26
67 50
67 55
67 84
67 94
68 15
68 17
68 22
68 31
68 53
68 54
68 62
68 88
68 94
69 10
69 29
69 30
69 65
70 15
70 45
70 51
71 10
71 15
71 21
71 81
71 85
71 89
71 90
72 19
72 48
72 78
73 2
73 65
73 78
73 82
73 87
73 91
74 41
74 94
75 3
76 28
76 84
77 81
77 83
77 94
78 6
78 7
78 45
78 58
78 73
79 16
79 21
80 87
81 9
81 71
81 77
82 29
82 73
83 8
83 15
83 55
83 64
83 79
83 85
84 22
84 67
84 76
85 29
85 83
85 91
86 0
86 21
87 12
87 51
87 73
87 80
88 29
88 68
89 40
89 71
89 97
90 39
90 71
91 6
91 7
91 23
91 25
91 26
91 45
91 48
91 73
91 85
92 24
93 22
93 25
93 42
94 5
94 27
94 35
94 49
94 67
94 68
94 74
95 96
95 99
96 0
96 66
96 95
97 2
97 23
97 37
97 55
97 56
97 89
98 36
98 48
99 3
99 11
99 95
60 31 85 13 22 50 59 48 26 19 90 45 11 39 67 62 12 61 33 15 76 4 71 34 88
