80 236 16
0 9
0 14
0 42
0 77
1 46
1 55
2 59
3 20
4 42
5 7
5 21
5 33
5 42
5 65
6 22
6 23
6 27
6 65
7 5
7 31
7 47
7 59
7 64
7 77
8 0
8 38
8 54
8 62
8 71
8 73
9 0
9 12
9 16
9 51
9 59
9 69
10 47
11 57
11 63
11 74
12 19
12 69
13 31
13 35
13 41
13 54
13 59
13 71
14 0
14 63
15 0
15 23
15 30
15 35
15 49
15 58
15 72
15 74
15 79
16 46
17 19
17 33
17 49
18 7
18 9
18 22
19 17
20 3
20 7
20 45
20 68
21 5
21 30
22 6
22 18
22 40
22 47
22 56
22 67
23 6
23 67
24 9
24 51
24 56
24 61
24 62
25 61
25 66
25 70
26 12
27 6
28 33
29 51
30 8
30 15
30 51
30 58
31 7
31 13
31 37
31 74
32 10
32 44
32 64
33 5
33 17
33 28
33 55
34 52
34 73
35 39
35 55
35 57
35 60
35 62
36 46
36 61
37 2
37 31
38 8
38 69
39 8
39 35
39 51
40 22
40 78
41 52
41 54
41 64
42 4
42 5
42 57
43 7
43 57
43 70
44 0
44 46
44 53
45 20
46 1
46 5
46 16
46 28
46 36
46 55
46 67
47 7
47 22
47 28
48 51
48 61
49 15
49 17
49 66
49 67
49 69
49 78
50 2
50 9
50 54
51 9
51 30
51 39
51 48
51 65
52 34
52 64
52 76
53 44
53 66
54 7
54 13
54 41
54 60
55 1
55 33
55 35
55 46
56 16
56 45
56 68
57 35
58 6
58 19
58 30
58 77
59 2
59 7
59 9
59 13
60 35
60 54
61 24
61 25
61 48
62 8
62 9
64 32
65 7
65 74
66 25
66 49
67 19
67 37
67 46
67 77
68 20
68 56
69 12
69 49
69 75
70 25
70 41
70 43
70 75
71 8
71 18
71 66
71 73
72 6
72 15
72 30
74 11
74 31
74 60
74 65
75 30
75 69
75 70
76 52
76 64
77 38
77 58
78 40
78 49
79 15
0 1 2 3 4 5 6 7 8 9 10 11 12 13 14 15
