80 934 20
0 5
0 7
0 9
0 14
0 25
0 26
0 32
0 41
0 46
0 48
0 50
0 53
0 54
0 58
0 61
0 64
0 65
0 71
1 2
1 17
1 26
1 31
1 34
1 40
1 48
1 50
1 55
1 59
1 60
1 75
2 1
2 18
2 35
2 47
2 58
2 62
2 71
2 72
2 74
3 21
3 22
3 23
3 39
3 41
3 43
3 52
3 55
3 56
3 59
3 60
3 62
3 68
3 71
3 73
3 79
4 0
4 6
4 17
4 19
4 24
4 29
4 47
4 54
4 59
4 61
4 65
4 73
4 75
5 0
5 2
5 8
5 21
5 22
5 26
5 27
5 31
5 40
5 42
5 44
5 75
5 76
5 79
6 4
6 26
6 29
6 33
6 47
6 49
6 54
6 56
6 57
6 59
6 65
6 70
6 75
6 77
6 79
7 0
7 12
7 17
7 18
7 19
7 23
7 32
7 40
7 43
7 45
7 49
7 55
7 60
7 69
7 73
7 74
7 78
8 0
8 9
8 12
8 19
8 23
8 29
8 30
8 35
8 40
8 42
8 50
8 62
9 2
9 4
9 6
9 12
9 22
9 29
9 43
9 54
9 79
10 1
10 39
10 40
10 45
10 51
10 53
10 70
10 78
11 7
11 10
11 14
11 16
11 20
11 22
11 53
11 59
11 61
12 8
12 9
12 13
12 16
12 22
12 38
12 39
12 46
12 53
12 57
12 59
12 65
12 68
13 0
13 7
13 12
13 19
13 30
13 31
13 54
13 56
13 79
14 19
14 36
14 45
14 52
14 63
14 69
14 72
15 3
15 9
15 21
15 29
15 37
15 46
15 47
15 59
15 64
15 65
15 72
15 73
15 76
16 11
16 19
16 28
16 45
16 54
16 55
16 59
16 62
16 68
16 74
16 76
16 77
16 78
17 1
17 4
17 7
17 12
17 24
17 28
17 50
17 62
17 63
17 71
18 1
18 2
18 7
18 21
18 22
18 23
18 25
18 27
18 28
18 29
18 35
18 44
18 45
18 46
18 51
18 53
18 56
18 67
18 70
18 72
18 76
19 4
19 8
19 13
19 14
19 30
19 41
19 48
19 55
19 62
19 68
20 11
20 18
20 33
20 41
20 43
20 46
20 47
20 51
20 54
20 60
20 72
20 79
21 3
21 10
21 15
21 18
21 20
21 24
21 31
21 43
21 45
21 52
21 54
21 73
22 3
22 11
22 16
22 18
22 25
22 34
22 45
22 57
22 59
22 65
22 74
22 77
22 78
22 79
23 7
23 11
23 18
23 36
23 40
23 42
23 44
23 49
23 53
23 65
23 71
23 72
23 74
24 4
24 21
24 39
24 40
24 41
24 51
24 53
24 66
24 67
24 69
24 71
24 75
24 77
25 0
25 6
25 17
25 18
25 33
25 36
25 41
25 44
25 48
25 56
25 61
25 64
25 76
26 0
26 1
26 5
26 6
26 12
26 13
26 32
26 34
26 37
26 40
26 47
26 48
26 49
26 54
26 66
26 69
26 78
27 18
27 41
27 43
27 44
27 47
27 48
27 58
27 63
27 70
27 76
28 16
28 17
28 35
28 37
28 48
28 49
28 55
28 63
28 67
29 4
29 6
29 9
29 14
29 31
29 33
29 40
29 46
29 49
29 61
29 67
29 70
29 71
29 72
29 79
30 0
30 4
30 19
30 21
30 32
30 38
30 53
30 58
30 75
30 79
31 0
31 5
31 29
31 34
31 37
31 41
31 43
31 50
31 51
31 64
31 66
31 73
32 0
32 26
32 29
32 30
32 37
32 38
32 40
32 44
32 45
32 53
32 55
32 57
32 58
32 63
32 71
32 76
32 78
33 1
33 24
33 25
33 41
33 44
33 49
33 57
33 74
34 7
34 14
34 22
34 26
34 31
34 41
34 45
34 67
34 68
34 74
35 2
35 8
35 18
35 24
35 41
35 44
35 48
35 56
35 59
35 64
35 74
35 76
36 4
36 14
36 20
36 23
36 32
36 37
36 41
36 44
36 50
36 65
37 15
37 25
37 26
37 28
37 31
37 32
37 36
37 43
37 48
37 54
37 79
38 1
38 12
38 32
38 47
38 76
39 10
39 44
39 45
39 46
39 48
39 50
39 64
39 66
39 75
40 1
40 2
40 5
40 10
40 14
40 24
40 26
40 29
40 36
40 43
40 58
40 60
40 63
40 71
41 0
41 3
41 20
41 25
41 27
41 31
41 33
41 34
41 36
41 50
41 52
41 55
41 64
41 68
41 69
41 79
42 5
42 8
42 14
42 23
42 28
42 30
42 34
42 47
42 67
42 69
42 75
42 77
42 78
42 79
43 3
43 9
43 13
43 16
43 20
43 27
43 31
43 37
43 51
43 54
44 1
44 5
44 18
44 27
44 32
44 42
44 49
44 53
44 55
44 66
44 68
44 77
44 79
45 5
45 7
45 10
45 13
45 18
45 22
45 28
45 34
45 54
45 66
45 67
45 71
46 0
46 4
46 14
46 18
46 20
46 29
46 39
46 41
46 61
46 66
46 79
47 4
47 6
47 15
47 26
47 27
47 38
47 42
47 48
47 56
47 77
48 0
48 19
48 25
48 26
48 27
48 29
48 35
48 37
48 39
48 47
48 60
48 74
49 6
49 26
49 27
49 28
49 29
49 33
49 34
49 44
49 61
49 78
50 0
50 1
50 8
50 31
50 40
50 41
50 45
50 54
50 60
50 65
50 71
50 77
51 10
51 18
51 20
51 23
51 24
51 28
51 31
51 36
51 46
51 56
51 67
51 70
51 74
51 77
52 12
52 14
52 21
52 40
52 41
52 68
53 0
53 10
53 14
53 18
53 23
53 30
53 32
53 55
53 67
54 0
54 4
54 6
54 13
54 16
54 26
54 28
54 36
54 37
54 40
54 59
54 60
54 62
54 64
54 67
54 76
54 78
55 1
55 7
55 16
55 28
55 32
55 44
55 51
55 53
55 61
55 63
55 64
55 68
55 76
56 0
56 2
56 5
56 18
56 26
56 30
56 33
56 47
56 49
56 51
56 53
56 77
57 6
57 12
57 22
57 29
57 32
57 34
57 46
57 66
58 7
58 19
58 24
58 26
58 40
58 61
58 69
58 73
59 3
59 6
59 11
59 12
59 15
59 16
59 22
59 35
59 48
59 50
60 7
60 13
60 38
60 40
60 43
60 48
60 49
60 54
60 61
60 66
60 76
61 0
61 4
61 10
61 11
61 12
61 17
61 18
61 23
61 26
61 29
61 36
61 46
61 55
61 62
61 63
61 67
62 3
62 8
62 16
62 19
62 54
62 65
62 69
63 14
63 15
63 27
63 28
63 32
63 50
63 61
63 70
63 73
64 0
64 25
64 27
64 35
64 40
64 41
64 54
64 61
64 71
64 72
64 73
65 0
65 4
65 6
65 12
65 22
65 23
65 25
65 36
65 50
65 51
65 62
65 68
65 69
65 71
66 26
66 31
66 39
66 41
66 44
66 46
66 50
66 57
66 68
66 79
67 10
67 18
67 24
67 28
67 29
67 31
67 41
67 45
67 53
67 61
67 76
67 77
67 79
68 16
68 34
68 39
68 41
68 44
68 52
68 53
68 55
68 65
68 71
68 72
69 0
69 7
69 18
69 19
69 26
69 40
69 58
69 62
69 65
69 75
69 79
70 6
70 10
70 16
70 18
70 27
70 50
70 63
70 72
70 79
71 3
71 24
71 32
71 33
71 38
71 40
71 45
71 65
71 68
72 2
72 15
72 18
72 20
72 23
72 25
72 27
72 53
72 62
72 64
72 68
72 76
73 7
73 19
73 21
73 26
73 31
73 58
73 64
73 65
74 0
74 7
74 16
74 19
74 22
74 33
74 34
74 35
74 44
74 48
74 51
74 54
74 61
75 24
75 30
75 39
75 42
75 51
75 59
75 63
76 0
76 5
76 11
76 15
76 17
76 18
76 35
76 38
76 50
76 54
76 55
76 60
77 6
77 8
77 16
77 22
77 24
77 42
77 47
77 50
77 51
77 52
77 56
77 60
77 65
77 67
78 1
78 7
78 8
78 10
78 19
78 22
78 26
78 31
78 42
78 47
78 58
79 0
79 3
79 5
79 20
79 23
79 28
79 30
79 35
79 37
79 41
79 42
79 44
79 46
79 66
79 70
0 1 2 3 4 5 6 7 8 9 10 11 12 13 14 15 16 17 18 19
