80 514 8
0 7
0 15
0 29
0 39
0 44
0 49
1 2
1 10
1 22
1 60
1 66
2 1
2 14
2 23
2 52
2 69
2 79
3 7
3 33
4 19
4 24
4 57
5 0
5 28
5 63
6 28
6 69
6 72
7 0
7 3
7 10
7 15
7 18
7 28
7 51
7 52
7 68
7 71
7 75
8 19
8 42
8 56
8 64
8 67
8 70
8 78
8 79
9 15
9 26
9 31
9 36
9 37
9 61
9 74
9 76
9 77
10 1
10 3
10 7
10 21
10 25
10 31
10 34
10 39
10 49
10 59
11 31
11 55
11 57
11 58
11 62
11 67
12 15
12 23
12 26
12 35
12 39
12 45
12 49
12 50
12 57
12 58
12 68
12 70
12 77
13 26
13 78
14 2
14 18
14 20
14 30
14 40
14 58
15 0
15 9
15 11
15 31
15 34
15 63
15 67
15 73
15 77
16 13
16 55
16 70
16 74
17 20
17 21
17 35
17 53
17 59
18 6
18 54
18 55
18 76
19 4
19 24
19 39
19 53
19 57
19 67
20 14
20 17
20 25
20 32
20 35
20 40
20 50
20 52
20 62
20 63
21 4
21 22
21 23
21 46
21 61
21 78
22 1
22 43
22 59
23 2
23 13
23 21
23 32
23 35
23 46
23 54
23 68
24 4
24 19
24 27
24 38
24 42
25 10
25 20
25 44
25 54
25 58
25 72
26 0
26 13
26 19
26 30
26 33
26 52
26 53
26 54
26 59
27 24
27 29
27 41
27 60
27 71
27 79
28 6
28 11
29 34
29 39
29 46
29 54
29 70
29 71
29 79
30 14
30 26
30 36
30 47
30 49
30 58
30 65
31 10
31 11
31 15
31 34
31 48
32 10
32 23
32 44
33 26
33 41
33 44
33 57
33 61
33 73
33 76
34 6
34 10
34 15
34 31
34 45
34 57
34 79
35 2
35 7
35 17
35 20
35 32
35 42
35 58
35 62
35 67
35 79
36 0
36 27
36 28
36 35
36 45
36 61
36 75
37 9
37 38
37 47
37 51
37 61
37 71
38 24
38 37
38 43
38 47
38 53
38 56
39 10
39 12
39 19
39 29
39 41
39 62
39 66
40 14
40 20
40 31
40 57
40 65
40 67
41 33
41 70
41 71
41 76
42 8
42 24
42 30
42 43
42 50
42 59
42 70
42 75
42 76
43 38
43 42
43 44
43 47
43 56
43 57
44 0
44 4
44 25
44 30
44 31
44 32
44 43
44 49
44 63
44 74
45 24
45 48
45 66
45 76
46 21
46 29
46 50
46 59
46 66
46 77
46 78
47 7
47 26
47 30
47 37
47 43
48 7
48 29
48 45
48 47
48 76
49 0
49 10
49 12
49 44
49 64
49 69
49 73
49 77
49 78
50 12
50 32
50 42
50 52
50 58
50 71
50 75
51 7
51 37
51 56
51 76
52 7
52 23
52 36
52 44
52 54
52 56
52 65
52 79
53 19
53 23
53 26
53 38
53 48
53 54
53 64
53 66
53 68
53 71
53 79
54 23
54 25
54 26
54 27
54 29
54 30
54 53
54 55
54 60
54 62
54 77
55 11
55 17
55 18
55 54
55 64
55 66
55 74
56 43
56 51
56 76
56 79
57 0
57 4
57 5
57 8
57 12
57 16
57 19
57 34
57 43
57 58
58 3
58 11
58 12
58 24
58 26
58 49
58 59
58 69
58 73
59 7
59 10
59 22
59 26
59 46
59 58
59 66
59 79
60 1
60 12
60 27
60 54
61 21
61 33
61 36
61 37
61 39
62 11
62 35
62 39
62 54
62 73
63 3
63 15
63 20
63 44
63 65
64 8
64 49
64 58
64 66
64 72
65 30
65 51
65 52
65 63
65 75
66 0
66 1
66 12
66 36
66 45
66 53
66 55
66 59
66 62
66 67
66 69
66 72
66 73
67 8
67 15
67 19
67 47
67 70
67 74
68 3
68 23
68 41
68 47
68 53
68 60
69 2
69 39
69 48
69 49
69 58
69 66
70 7
70 12
70 41
70 44
70 67
70 72
70 75
71 21
71 29
71 30
71 37
71 41
71 46
71 50
71 53
72 6
72 16
72 25
72 64
72 70
72 75
72 78
73 29
73 49
73 66
73 74
74 9
74 16
74 21
74 40
74 44
74 67
74 73
75 30
75 37
75 42
75 50
75 72
76 33
76 41
76 42
76 45
76 56
76 60
76 71
77 9
77 12
77 15
77 46
77 54
77 57
78 13
78 21
78 49
79 2
79 8
79 10
79 21
79 34
79 35
79 53
79 65
0 1 2 3 4 5 6 7
