80 236 6
0 22
0 44
1 4
1 35
1 40
1 50
2 17
2 39
3 33
3 42
3 72
4 29
4 45
5 45
5 77
6 23
6 42
7 22
8 5
8 35
8 65
8 68
9 13
9 44
9 62
10 0
10 33
10 41
10 65
10 70
10 74
11 21
12 10
12 36
13 14
13 32
14 13
14 40
14 43
14 73
14 77
15 21
15 54
16 26
16 36
16 42
16 58
17 2
17 38
17 47
17 50
17 59
18 9
18 43
18 57
18 73
19 22
19 74
19 75
20 29
20 33
21 55
21 77
22 0
22 13
22 25
23 6
23 48
24 7
24 74
25 22
25 30
25 39
25 56
26 16
26 28
26 51
26 61
26 68
26 69
26 74
26 78
27 41
27 70
27 71
28 26
29 4
29 20
29 47
29 55
30 25
31 60
32 69
32 78
33 3
33 20
34 1
34 69
34 71
35 8
35 12
35 53
36 7
36 12
36 45
36 48
36 71
37 24
37 42
37 51
37 58
38 15
38 17
38 50
38 61
39 2
39 24
39 64
40 1
40 8
40 51
40 58
41 10
41 31
42 3
42 6
42 51
43 18
43 54
43 65
44 0
44 48
44 57
44 61
44 78
45 4
45 36
46 61
47 29
47 59
48 23
48 36
48 63
49 66
50 1
50 38
51 1
51 11
51 37
51 40
51 74
51 79
52 0
52 66
52 67
53 1
54 15
54 43
54 66
55 21
55 29
55 62
56 25
56 51
57 9
57 34
57 44
57 59
58 16
58 37
58 65
58 67
59 11
59 47
59 57
59 60
61 38
61 68
61 79
62 9
62 69
63 71
64 7
64 66
65 8
65 10
65 29
65 43
65 58
65 66
66 40
66 49
66 52
66 54
66 64
66 65
66 77
67 6
67 8
67 52
68 8
69 13
69 32
69 34
69 76
70 27
70 33
71 20
71 23
71 27
71 34
71 36
71 63
71 65
71 67
71 77
72 3
73 18
73 44
74 19
74 24
74 51
75 77
76 79
77 5
77 14
77 21
77 42
77 66
77 71
77 75
78 26
78 32
78 65
79 51
79 61
0 1 2 3 4 5
