80 934 20
0 8
0 10
0 19
0 23
0 26
0 29
0 39
0 44
0 48
0 52
0 57
0 58
0 61
0 67
1 3
1 6
1 7
1 16
1 35
1 47
1 56
1 59
1 63
2 3
2 10
2 20
2 26
2 31
2 42
2 63
3 1
3 2
3 10
3 11
3 17
3 36
3 37
3 39
3 45
3 59
3 65
3 70
3 73
3 74
4 15
4 17
4 18
4 30
4 36
4 45
4 54
4 59
4 66
4 73
4 77
5 17
5 32
5 44
5 50
5 52
5 57
5 73
5 76
6 0
6 1
6 7
6 14
6 17
6 22
6 36
6 39
6 44
6 47
6 53
6 66
6 67
6 72
7 1
7 3
7 14
7 23
7 31
7 35
7 37
7 53
7 55
7 64
7 65
7 67
7 74
7 78
8 0
8 3
8 14
8 20
8 24
8 26
8 27
8 33
8 37
8 43
8 47
8 58
8 65
8 68
8 70
8 73
8 76
9 2
9 3
9 16
9 18
9 21
9 27
9 37
9 38
9 48
9 50
9 60
9 64
9 77
10 0
10 3
10 22
10 44
10 51
10 53
10 54
10 56
10 59
10 69
10 76
10 79
11 3
11 19
11 24
11 25
11 32
11 43
11 44
11 48
11 49
11 52
11 67
11 70
11 72
11 79
12 16
12 32
12 41
12 47
12 57
12 61
12 62
12 72
12 77
12 79
13 16
13 38
13 45
13 51
13 57
13 63
13 69
13 79
14 0
14 1
14 3
14 6
14 7
14 8
14 22
14 37
14 38
14 42
14 43
14 58
14 70
15 4
15 17
15 44
15 46
15 48
15 49
15 54
15 55
15 68
15 70
15 74
15 77
16 9
16 12
16 17
16 22
16 27
16 28
16 36
16 52
16 61
16 72
16 75
16 79
17 4
17 5
17 6
17 15
17 21
17 27
17 48
17 53
17 54
17 63
17 65
17 69
18 21
18 56
18 59
18 64
18 76
19 1
19 11
19 23
19 26
19 41
19 42
19 63
19 69
20 2
20 8
20 21
20 22
20 23
20 27
20 30
20 31
20 35
20 41
20 62
20 63
20 66
20 70
20 73
20 75
20 77
21 0
21 9
21 13
21 17
21 20
21 26
21 28
21 66
22 16
22 20
22 23
22 27
22 28
22 33
22 36
22 37
22 38
22 41
22 42
22 45
22 72
22 75
22 76
22 77
23 7
23 19
23 20
23 22
23 26
23 28
23 32
23 38
23 41
23 42
23 43
23 45
23 48
23 50
23 52
23 62
23 70
23 75
23 76
24 3
24 8
24 11
24 26
24 33
24 44
24 55
24 59
24 64
24 71
25 9
25 37
25 61
25 62
25 63
25 64
26 0
26 2
26 8
26 19
26 21
26 41
26 42
26 54
26 56
26 58
26 62
26 64
26 65
26 71
26 76
26 78
27 9
27 17
27 20
27 22
27 32
27 44
27 46
27 52
27 53
27 57
27 67
27 71
27 72
28 16
28 22
28 23
28 34
28 36
28 37
28 60
28 69
28 74
28 75
28 78
28 79
29 0
29 7
29 14
29 39
29 41
29 52
29 63
29 66
29 79
30 7
30 20
30 34
30 35
30 43
30 44
30 74
31 1
31 14
31 20
31 34
31 35
31 42
31 44
31 46
31 47
31 67
31 70
31 73
31 77
32 5
32 12
32 15
32 21
32 25
32 40
32 48
32 61
32 68
32 77
33 0
33 8
33 21
33 36
33 50
33 53
33 60
33 67
34 1
34 21
34 28
34 31
34 35
34 49
34 50
34 54
34 73
35 1
35 7
35 12
35 20
35 26
35 30
35 31
35 33
35 34
35 36
35 44
35 53
35 67
35 73
35 74
35 77
35 79
36 11
36 17
36 22
36 28
36 30
36 33
36 39
36 42
36 50
36 70
36 71
36 77
36 78
37 7
37 9
37 14
37 28
37 33
37 44
37 49
37 65
37 68
38 0
38 9
38 23
38 42
38 63
38 64
38 71
39 0
39 7
39 8
39 29
39 30
39 36
39 55
39 58
39 63
39 75
40 11
40 14
40 20
40 46
40 50
40 54
40 57
40 60
40 67
40 73
41 5
41 16
41 19
41 20
41 21
41 22
41 23
41 29
41 31
41 39
41 54
41 58
41 63
41 65
42 19
42 22
42 23
42 24
42 26
42 31
42 36
42 55
42 57
42 60
42 62
42 67
42 68
43 11
43 14
43 20
43 23
43 31
43 46
43 48
43 50
43 62
43 63
43 71
43 76
43 78
44 0
44 5
44 11
44 15
44 24
44 28
44 30
44 35
44 38
44 43
44 53
44 59
44 67
44 79
45 3
45 4
45 8
45 13
45 14
45 21
45 22
45 23
45 24
45 39
45 41
45 46
45 64
45 69
45 70
45 73
45 74
46 1
46 7
46 27
46 31
46 42
46 43
46 60
46 71
47 1
47 8
47 12
47 31
47 50
47 58
47 64
47 72
47 77
47 78
47 79
48 0
48 9
48 11
48 17
48 23
48 27
48 29
48 52
48 59
48 62
48 69
48 71
48 72
48 79
49 11
49 15
49 34
49 35
49 37
49 45
49 51
49 62
49 63
49 70
49 71
49 78
50 5
50 9
50 14
50 23
50 27
50 34
50 36
50 40
50 47
50 51
50 60
50 66
50 68
50 71
50 77
51 13
51 30
51 42
51 47
51 49
51 50
51 55
51 71
51 75
52 0
52 5
52 11
52 16
52 18
52 23
52 30
52 44
52 48
52 56
52 57
52 60
52 77
53 6
53 7
53 10
53 27
53 33
53 35
53 42
53 44
53 46
53 49
53 55
53 69
54 13
54 17
54 34
54 41
54 50
54 52
54 64
54 78
55 1
55 7
55 15
55 16
55 24
55 28
55 41
55 42
55 51
55 53
55 62
55 65
55 75
56 1
56 10
56 26
56 28
56 35
56 55
56 62
56 64
56 74
57 0
57 5
57 11
57 12
57 13
57 27
57 40
57 42
57 50
57 61
57 75
58 0
58 8
58 14
58 26
58 39
58 41
58 47
58 51
58 66
58 67
58 68
58 72
58 75
58 77
59 4
59 10
59 12
59 46
59 53
59 62
59 63
59 65
59 66
59 67
59 68
59 70
59 75
59 78
60 3
60 11
60 28
60 31
60 33
60 40
60 42
60 44
60 46
60 50
60 62
60 75
61 0
61 1
61 12
61 25
61 45
61 57
61 72
61 78
62 14
62 20
62 26
62 35
62 42
62 43
62 56
62 59
62 60
62 76
62 77
63 20
63 25
63 29
63 38
63 39
63 43
63 49
63 53
63 73
64 1
64 9
64 12
64 24
64 26
64 29
64 38
64 44
64 45
64 48
64 49
64 51
64 54
64 56
64 63
64 71
64 72
64 74
64 77
65 0
65 3
65 7
65 77
66 20
66 22
66 29
66 44
66 45
66 50
66 57
66 58
66 59
66 71
66 73
67 5
67 6
67 7
67 11
67 14
67 17
67 21
67 27
67 31
67 33
67 35
67 40
67 42
67 44
67 58
67 59
67 60
67 73
67 76
67 77
68 5
68 8
68 26
68 32
68 37
68 38
68 42
68 50
68 52
68 58
68 59
68 78
69 10
69 13
69 17
69 18
69 28
69 31
69 37
69 45
69 48
69 68
69 70
69 77
70 3
70 5
70 11
70 15
70 20
70 23
70 29
70 31
70 45
70 59
70 60
70 69
70 77
71 26
71 27
71 36
71 38
71 50
71 51
71 56
71 64
71 66
71 72
72 6
72 8
72 16
72 18
72 27
72 28
72 48
72 64
72 78
73 4
73 5
73 31
73 34
73 35
73 40
73 57
73 63
73 64
73 66
73 67
73 68
73 78
74 7
74 10
74 15
74 28
74 30
74 45
74 54
74 56
74 58
74 63
74 64
74 78
75 10
75 13
75 16
75 20
75 24
75 28
75 51
75 55
75 58
75 62
76 5
76 10
76 12
76 15
76 18
76 23
76 53
76 65
76 67
76 77
76 78
77 9
77 10
77 12
77 22
77 35
77 36
77 42
77 47
77 50
77 62
77 67
77 70
77 79
78 24
78 26
78 28
78 43
78 47
78 49
78 54
78 55
78 59
78 61
78 72
78 73
78 79
79 11
79 14
79 16
79 20
79 28
79 44
79 47
79 48
79 51
79 52
79 56
79 77
0 1 2 3 4 5 6 7 8 9 10 11 12 13 14 15 16 17 18 19
