80 934 8
0 18
0 22
0 37
0 41
0 42
0 45
0 77
1 8
1 9
1 12
1 21
1 24
1 25
1 30
1 34
1 37
1 41
1 48
1 73
2 0
2 5
2 15
2 26
2 39
2 45
2 56
2 59
2 62
2 64
2 70
2 75
3 39
3 41
3 45
3 49
3 52
3 58
3 59
3 71
3 78
3 79
4 2
4 7
4 10
4 13
4 46
4 51
4 57
4 65
4 72
4 77
4 79
5 2
5 13
5 14
5 19
5 21
5 23
5 33
5 36
5 37
5 45
5 56
5 73
5 79
6 9
6 13
6 19
6 21
6 23
6 25
6 31
6 33
6 34
6 35
6 40
6 41
6 43
6 55
6 58
6 68
6 74
7 2
7 12
7 16
7 17
7 19
7 22
7 23
7 38
7 42
7 43
7 44
7 46
7 49
7 59
7 75
8 1
8 16
8 27
8 41
8 42
8 46
8 62
8 65
8 66
8 78
9 1
9 6
9 10
9 18
9 26
9 30
9 46
9 50
9 54
9 57
9 64
9 67
9 68
9 69
9 73
9 75
10 8
10 9
10 12
10 14
10 17
10 33
10 40
10 45
10 47
10 48
10 54
10 67
10 68
10 69
10 71
10 74
11 9
11 14
11 18
11 19
11 23
11 27
11 33
11 40
11 57
11 68
11 71
11 72
11 79
12 1
12 7
12 10
12 18
12 23
12 37
12 54
12 68
12 69
13 4
13 6
13 11
13 17
13 21
13 22
13 42
13 50
13 67
13 69
14 5
14 10
14 11
14 27
14 34
14 52
14 75
15 2
15 18
15 24
15 25
15 32
15 35
15 37
15 39
15 42
15 45
15 46
15 52
15 56
15 59
15 63
15 66
15 68
15 75
16 8
16 12
16 22
16 23
16 28
16 35
16 38
16 42
16 50
16 56
16 57
16 62
16 69
16 76
16 79
17 3
17 7
17 10
17 13
17 14
17 15
17 21
17 26
17 32
17 47
17 61
17 68
17 74
17 78
18 0
18 9
18 11
18 12
18 15
18 22
18 25
18 29
18 41
18 47
18 50
18 52
18 56
18 65
18 76
19 7
19 17
19 25
19 27
19 29
19 35
19 39
19 46
19 47
19 52
19 63
20 16
20 62
21 1
21 5
21 23
21 25
21 35
21 42
21 47
21 48
21 53
21 56
21 57
21 75
22 0
22 7
22 10
22 13
22 26
22 27
22 29
22 42
22 47
22 49
22 50
22 52
22 58
22 75
23 5
23 11
23 15
23 16
23 19
23 21
23 36
23 39
23 43
23 46
23 51
23 52
23 71
24 1
24 10
24 15
24 20
24 28
24 53
24 55
24 59
24 69
24 74
24 75
24 78
24 79
25 1
25 19
25 21
25 36
25 41
25 48
25 53
25 60
25 66
25 69
25 71
25 73
25 74
26 1
26 9
26 27
26 32
26 38
26 48
26 51
26 60
26 62
26 72
26 73
27 8
27 11
27 19
27 26
27 37
27 38
27 39
27 40
27 41
27 43
27 50
27 51
27 53
27 75
27 78
28 16
28 25
28 38
28 40
28 42
28 44
28 49
28 56
28 61
28 64
28 70
29 18
29 19
29 20
29 30
29 34
29 35
29 42
29 50
29 64
29 68
29 71
30 0
30 2
30 5
30 9
30 13
30 36
30 43
30 47
30 50
31 3
31 35
31 48
31 56
31 59
31 60
31 67
31 75
32 25
32 26
32 33
32 36
32 41
32 51
32 56
32 58
32 65
32 68
32 70
32 74
33 5
33 6
33 10
33 11
33 27
33 32
33 38
33 39
33 44
33 51
33 63
33 76
34 1
34 14
34 41
34 44
34 45
34 48
34 57
34 58
34 63
34 66
34 68
34 69
34 74
34 78
35 6
35 10
35 15
35 16
35 17
35 19
35 21
35 25
35 29
35 31
35 38
35 43
35 46
35 53
35 59
35 79
36 5
36 23
36 28
36 30
36 46
36 54
36 55
36 57
36 62
36 71
36 73
36 74
36 76
36 79
37 1
37 5
37 14
37 45
37 49
37 55
37 59
37 65
37 71
38 7
38 11
38 16
38 27
38 28
38 29
38 33
38 35
38 66
38 74
39 3
39 15
39 23
39 27
39 32
39 33
39 44
39 49
39 50
39 55
39 74
40 0
40 2
40 6
40 26
40 27
40 28
40 29
40 30
40 45
40 47
40 64
40 65
40 69
40 77
40 79
41 1
41 3
41 6
41 18
41 20
41 25
41 27
41 31
41 32
41 34
41 53
41 54
42 0
42 7
42 8
42 12
42 16
42 22
42 28
42 36
42 49
42 53
42 57
42 77
43 3
43 6
43 7
43 17
43 23
43 27
43 32
43 38
43 55
43 59
43 62
43 64
43 79
44 7
44 28
44 39
44 45
44 51
44 66
44 68
44 76
45 0
45 2
45 5
45 6
45 10
45 15
45 34
45 37
45 43
45 48
45 50
45 53
45 56
45 63
45 76
46 3
46 4
46 9
46 15
46 16
46 19
46 23
46 35
46 36
46 49
46 55
46 62
46 63
46 66
46 74
46 78
47 1
47 10
47 14
47 17
47 18
47 21
47 30
47 50
47 53
47 56
47 69
47 74
47 78
47 79
48 19
48 26
48 31
48 41
48 42
48 45
48 47
48 54
48 58
48 61
49 5
49 7
49 22
49 28
49 36
49 37
49 39
49 42
49 46
49 50
49 68
49 77
49 78
49 79
50 9
50 15
50 16
50 18
50 27
50 29
50 30
50 35
50 37
50 39
50 45
50 49
50 59
50 66
50 78
51 5
51 23
51 27
51 33
51 44
51 73
52 1
52 5
52 14
52 18
52 19
52 22
52 36
52 75
53 6
53 20
53 24
53 25
53 27
53 41
53 42
53 45
53 63
53 67
53 69
54 0
54 2
54 8
54 20
54 27
54 48
54 61
54 63
55 13
55 36
55 37
55 38
55 39
55 43
55 50
55 62
55 72
56 5
56 18
56 21
56 28
56 31
56 32
56 37
56 44
56 45
56 47
56 52
56 76
57 9
57 11
57 16
57 21
57 34
57 35
57 36
57 38
57 61
57 62
57 63
57 65
57 74
58 1
58 6
58 22
58 32
58 34
58 48
58 62
58 66
58 67
58 73
58 75
58 76
59 2
59 3
59 10
59 15
59 28
59 29
59 35
59 37
59 41
59 43
59 60
59 62
59 69
59 71
59 72
60 13
60 26
60 41
60 59
60 62
60 63
60 67
61 10
61 14
61 17
61 25
61 27
61 33
61 48
61 54
61 57
61 60
62 2
62 29
62 46
62 55
62 57
62 59
62 70
62 71
63 1
63 24
63 33
63 34
63 46
63 50
63 54
63 57
63 69
63 74
63 75
64 9
64 28
64 29
64 33
64 40
64 42
64 43
64 69
64 71
65 18
65 32
65 40
65 43
65 51
65 61
65 64
65 66
65 68
65 69
65 72
65 74
65 78
66 8
66 15
66 38
66 44
66 46
66 50
66 58
67 10
67 13
67 39
67 55
67 56
67 60
67 73
68 6
68 10
68 11
68 12
68 17
68 27
68 29
68 32
68 34
68 42
68 49
68 65
68 70
68 77
69 0
69 10
69 11
69 12
69 24
69 25
69 28
69 34
69 47
69 49
69 53
69 54
69 63
69 64
69 65
69 73
69 76
70 12
70 15
70 16
70 24
70 28
70 32
70 66
70 67
70 68
70 71
70 72
71 6
71 10
71 11
71 23
71 29
71 39
71 46
71 47
71 50
71 57
71 59
71 62
71 70
71 79
72 4
72 49
72 55
72 56
72 59
72 65
72 70
72 75
73 1
73 5
73 6
73 9
73 14
73 18
73 25
73 26
73 33
73 36
73 47
73 51
73 63
73 69
73 75
74 3
74 6
74 7
74 10
74 17
74 24
74 25
74 26
74 32
74 38
74 39
74 43
74 47
74 48
74 57
74 63
74 64
74 65
74 78
75 15
75 21
75 22
75 27
75 28
75 29
75 48
75 50
75 52
75 58
75 59
75 63
76 16
76 18
76 33
76 36
76 58
76 79
77 0
77 10
77 20
77 42
78 2
78 3
78 11
78 17
78 24
78 27
78 30
78 45
78 46
78 47
78 52
78 62
78 65
78 74
79 3
79 4
79 21
79 35
79 36
79 40
79 43
79 47
79 53
0 1 2 3 4 5 6 7
