80 514 6
0 28
0 33
0 41
0 72
1 2
1 8
1 14
1 36
1 38
1 54
1 60
1 62
1 73
2 1
2 6
2 18
2 19
2 22
2 51
2 74
3 9
3 13
3 24
3 46
3 72
4 6
4 20
4 21
4 26
4 28
4 42
5 12
5 27
5 61
5 74
6 12
6 13
6 14
6 31
6 51
6 60
6 63
6 74
7 14
7 32
7 40
7 43
7 47
7 57
7 68
8 1
8 33
8 39
8 42
8 56
8 79
9 3
9 16
9 68
9 76
10 5
10 14
10 24
10 54
10 55
10 73
10 76
10 77
11 0
11 1
11 18
11 23
11 26
11 28
11 35
11 39
11 44
11 49
11 52
11 70
12 1
12 3
12 5
12 20
12 29
12 37
12 49
12 69
13 3
13 17
13 29
13 40
13 46
13 60
13 62
13 65
13 67
14 1
14 6
14 7
14 10
14 19
14 22
14 51
14 64
14 72
15 30
15 47
15 55
15 59
15 65
15 77
16 9
16 30
16 41
16 43
16 45
16 46
16 61
16 68
17 13
17 16
17 21
17 31
17 41
17 44
17 51
17 61
17 68
17 71
18 2
18 36
18 40
18 42
18 53
18 55
18 56
18 64
18 67
19 2
19 14
19 23
19 24
19 28
19 29
19 49
19 53
19 72
19 75
19 79
20 4
20 12
20 55
21 4
21 9
21 17
21 25
21 30
21 43
21 50
21 53
21 72
21 76
22 2
22 14
22 37
22 52
22 58
22 67
22 76
22 79
23 19
23 41
23 59
23 65
23 78
24 10
24 19
24 54
24 59
24 62
25 12
25 21
25 37
25 39
25 66
25 67
26 32
26 37
26 54
26 68
26 70
27 5
27 34
27 36
27 44
27 46
27 60
27 62
27 72
28 0
28 10
28 12
28 25
28 26
28 35
28 38
28 51
28 66
28 77
29 48
29 49
29 52
29 57
29 69
29 71
29 77
30 20
30 40
30 52
30 62
31 2
31 17
31 41
31 79
32 7
32 35
33 0
33 8
33 36
33 48
33 69
33 77
34 19
34 27
34 60
35 28
35 32
35 34
35 47
35 49
35 77
36 1
36 15
36 45
36 46
36 57
36 62
36 65
36 69
36 71
37 12
37 22
37 26
37 43
37 60
37 63
37 64
37 67
37 73
38 1
38 5
38 20
38 28
38 57
39 0
39 11
39 43
39 57
39 68
39 71
39 78
40 10
40 13
40 18
40 30
40 41
40 62
41 3
41 17
41 31
41 40
41 46
41 72
42 8
43 16
43 19
43 21
43 26
43 37
43 39
44 22
44 72
45 36
45 66
46 10
46 13
46 16
46 27
46 36
46 41
46 49
46 53
46 55
46 73
47 15
47 54
47 61
47 71
48 26
48 50
48 52
48 59
48 63
48 65
49 6
49 11
49 12
49 19
49 29
49 46
49 63
50 21
50 24
50 28
50 33
50 38
50 48
50 65
50 77
51 4
51 6
51 17
51 25
51 59
51 66
51 71
51 75
51 76
52 2
52 11
52 22
52 30
52 48
52 56
53 18
53 19
53 21
53 45
53 46
53 59
53 65
53 67
53 74
54 1
54 10
54 16
54 24
54 26
54 61
54 64
54 78
54 79
55 10
55 15
55 18
55 20
55 68
56 12
56 18
56 29
56 48
56 52
56 59
57 7
57 21
57 23
57 29
57 36
57 38
57 39
57 59
57 71
57 79
58 12
58 70
59 53
59 56
59 57
60 1
60 6
60 13
60 18
60 22
60 26
60 35
60 37
60 38
60 63
60 73
61 16
61 17
61 18
61 42
61 54
61 64
61 66
61 72
61 79
62 1
62 24
62 27
62 30
62 36
63 3
63 37
63 49
63 64
63 71
64 14
64 18
64 37
64 63
64 65
65 5
65 13
65 15
65 18
65 23
65 25
65 53
65 64
65 76
65 78
66 2
66 25
66 29
66 45
66 51
66 61
67 13
67 26
67 37
67 53
67 76
68 9
68 16
68 39
68 40
68 59
68 78
69 0
69 12
69 26
69 33
69 35
69 59
70 2
70 11
70 22
70 26
71 29
71 36
71 39
71 47
71 51
71 56
71 58
72 3
72 19
72 55
73 1
73 14
73 26
73 37
73 46
73 60
73 61
73 69
73 79
74 2
74 3
74 4
74 78
75 19
75 30
75 41
75 43
75 51
76 1
76 9
76 10
76 21
76 22
76 51
76 65
76 67
76 79
77 2
77 10
77 28
77 29
77 35
77 43
77 50
78 23
78 54
78 65
79 8
79 19
79 42
79 57
79 73
79 76
0 1 2 3 4 5
