80 514 16
0 19
0 27
0 49
0 54
0 56
0 57
1 11
1 13
1 18
1 36
1 49
1 56
1 64
2 3
2 4
2 21
2 24
2 45
2 65
2 72
3 16
3 36
3 58
3 75
4 2
4 9
4 11
4 24
4 29
4 41
4 42
5 4
5 17
5 36
5 47
5 70
5 71
5 73
5 78
6 23
6 28
6 41
6 48
6 77
6 79
7 18
7 23
7 40
7 41
7 43
7 52
8 10
8 21
8 40
8 44
8 45
8 46
8 55
9 15
9 30
9 39
10 8
10 40
10 48
10 57
11 1
11 4
11 10
11 31
11 34
11 40
11 56
11 59
11 65
11 73
11 76
12 18
12 20
12 49
12 56
12 67
13 1
13 32
13 37
13 40
13 77
14 0
14 18
14 25
14 47
14 67
14 71
15 9
15 16
15 27
15 32
15 38
15 39
15 40
15 45
15 48
15 58
15 71
15 75
15 76
15 77
16 3
16 20
16 39
16 43
16 62
16 68
16 79
17 5
17 27
17 28
17 36
17 40
17 42
17 60
17 61
17 66
18 1
18 7
18 14
18 36
18 52
18 58
18 71
19 0
19 26
19 27
19 28
19 41
19 68
19 77
19 79
20 12
20 28
20 39
20 44
20 66
20 68
21 2
21 13
21 29
21 31
21 35
22 44
22 54
22 56
22 78
23 28
23 32
23 57
23 62
23 72
23 77
24 2
24 4
24 6
24 29
24 52
25 17
25 26
25 30
25 32
25 57
25 66
25 72
26 25
26 38
26 44
26 47
27 0
27 15
27 17
27 19
27 35
27 37
28 6
28 17
28 19
28 20
28 23
28 34
28 35
28 59
28 63
29 21
29 54
30 9
30 29
30 37
30 66
31 11
31 21
31 36
31 60
31 73
32 15
32 23
32 33
32 49
32 60
32 70
33 2
33 16
33 32
33 50
33 52
33 56
33 58
33 59
33 62
33 65
33 76
34 11
34 28
34 50
34 64
34 69
35 21
35 47
35 62
35 74
36 1
36 5
36 17
36 31
36 43
36 64
37 13
37 34
37 58
37 68
37 69
37 73
38 15
38 26
38 63
38 79
39 9
39 15
39 24
39 60
39 63
39 69
40 8
40 10
40 13
40 17
40 53
40 59
40 70
40 72
40 77
40 78
41 6
41 19
41 40
41 45
41 51
41 78
42 0
42 5
42 17
42 53
42 72
43 7
43 23
43 27
43 36
43 60
43 65
44 4
44 22
44 45
44 56
44 67
44 70
44 73
44 75
45 8
45 15
45 44
45 52
45 56
45 58
45 64
45 66
46 3
46 8
47 14
47 26
47 35
48 10
48 57
48 69
48 71
49 1
49 12
49 26
49 59
49 63
49 68
49 71
49 72
49 73
50 21
50 33
50 34
50 36
50 48
50 56
50 60
51 15
51 41
51 53
51 55
51 67
51 68
51 71
52 0
52 8
52 33
52 38
52 44
52 63
52 64
52 65
52 71
52 77
52 79
53 29
53 40
53 42
53 57
53 61
53 65
53 71
53 78
54 2
54 22
54 28
54 29
54 33
54 62
54 67
54 76
55 2
55 8
55 20
55 30
55 61
55 63
55 71
56 0
56 1
56 5
56 12
56 25
56 44
56 45
56 50
57 0
57 2
57 24
57 39
57 53
57 67
57 68
57 69
58 34
58 64
59 9
59 33
59 40
59 49
60 32
60 43
60 50
60 62
60 72
61 13
61 17
61 53
61 59
61 69
61 71
61 78
62 4
62 16
62 19
62 23
62 35
62 45
62 48
62 54
62 59
62 75
62 76
63 28
63 38
63 44
63 52
64 1
64 36
64 45
64 65
64 70
64 71
65 2
65 19
65 20
65 33
65 43
65 52
65 53
65 70
66 17
66 20
66 25
66 30
66 55
66 73
67 0
67 12
67 14
67 44
67 57
68 19
68 20
68 37
68 46
68 49
68 51
68 76
69 15
69 29
69 34
69 48
69 57
70 19
70 27
70 40
70 44
70 64
70 65
70 75
71 0
71 2
71 14
71 15
71 18
71 29
71 48
71 52
71 53
71 55
71 61
71 64
71 77
72 2
72 3
72 21
72 23
72 25
72 40
72 42
72 46
72 47
72 60
73 44
73 49
73 50
73 66
74 13
74 35
74 62
74 69
75 3
75 12
75 15
75 23
75 39
75 44
75 46
75 70
75 78
76 4
76 11
76 54
76 56
76 62
77 13
77 15
77 23
77 25
77 30
77 40
77 52
77 58
78 1
78 5
78 9
78 22
78 41
78 75
79 2
79 6
79 16
79 19
79 52
0 1 2 3 4 5 6 7 8 9 10 11 12 13 14 15
