80 242 20
0 33
0 44
0 49
0 56
1 42
1 69
2 22
2 63
3 7
3 11
3 19
3 20
3 51
4 26
4 74
5 12
5 25
5 43
6 21
7 3
7 43
8 24
8 47
9 45
9 69
10 49
10 68
10 69
10 74
10 78
11 3
11 16
11 48
12 5
13 25
13 50
14 7
14 22
14 64
15 20
15 30
15 49
15 52
15 62
16 0
16 25
16 41
16 60
16 63
16 72
17 8
17 35
17 67
17 77
18 61
18 74
18 75
19 3
19 6
19 37
19 39
19 70
19 71
20 3
20 33
20 78
21 10
21 32
22 2
22 34
22 52
23 24
23 49
23 53
24 8
24 23
24 41
25 5
25 13
25 16
26 4
26 36
26 38
26 67
27 4
27 47
27 51
27 73
28 8
28 57
28 79
29 2
29 74
30 32
30 51
30 55
30 76
31 58
31 64
32 21
32 30
32 48
32 75
32 76
33 0
33 20
33 51
33 56
33 70
34 22
34 58
35 17
35 70
35 79
36 26
36 67
38 45
38 76
38 78
39 19
40 43
40 63
41 14
41 24
41 69
41 70
41 79
42 56
42 67
43 5
43 7
43 45
43 49
43 58
43 63
44 0
44 32
45 38
46 32
47 8
47 12
48 0
48 32
48 41
48 64
49 10
49 15
49 23
49 54
49 61
50 13
50 67
51 3
51 30
51 33
52 22
52 53
52 57
52 67
53 20
53 23
53 52
53 57
54 49
55 2
55 15
55 30
55 63
56 0
56 9
56 33
56 42
56 73
57 6
57 28
57 40
57 52
57 53
57 59
57 76
58 30
58 31
58 43
59 30
59 57
59 67
59 73
60 72
60 73
60 77
61 11
61 18
61 49
62 10
62 13
62 15
62 74
63 2
63 16
63 22
63 55
64 12
64 14
64 31
64 48
64 70
65 48
66 6
67 36
67 50
67 59
68 22
68 72
69 1
69 10
69 41
69 62
70 33
70 35
70 41
70 64
71 19
72 16
72 60
72 68
73 60
73 75
74 10
74 29
74 62
74 76
75 18
75 32
75 73
76 22
76 62
77 60
78 20
78 38
79 35
79 42
79 60
0 1 2 3 4 5 6 7 8 9 10 11 12 13 14 15 16 17 18 19
