80 514 20
0 14
0 25
0 42
0 45
0 50
0 52
0 76
0 79
1 7
1 19
1 48
1 51
1 56
1 74
1 78
2 0
2 9
2 11
2 15
2 57
2 70
3 31
3 39
3 49
3 66
3 76
4 6
4 11
4 15
4 25
4 57
5 37
5 72
6 4
6 9
6 33
6 54
6 58
6 60
7 1
7 24
7 29
7 49
7 50
7 57
7 59
7 60
8 6
8 11
8 20
8 22
8 25
8 33
8 34
8 37
8 50
8 71
9 2
9 5
9 27
9 32
9 49
9 57
9 72
10 12
10 49
10 55
10 57
11 2
11 4
11 15
11 19
11 26
11 27
11 34
12 10
12 26
12 28
12 32
12 37
12 61
12 62
13 2
13 14
13 26
13 54
13 56
13 61
14 0
14 13
14 28
14 29
14 36
14 38
14 56
14 63
14 65
14 67
14 76
15 3
15 11
15 24
15 36
15 45
15 48
15 64
16 14
16 23
16 28
16 42
17 23
17 24
17 36
17 46
17 47
17 49
17 72
17 74
18 31
18 51
18 60
19 1
19 11
19 21
19 25
19 26
19 27
19 36
19 43
19 56
19 70
19 74
20 32
20 36
20 45
20 48
20 70
20 77
21 6
21 19
21 44
21 45
21 51
21 52
22 50
22 61
22 72
22 78
23 41
23 72
23 76
24 15
24 17
24 26
24 31
24 38
24 55
24 61
24 69
25 0
25 8
25 16
25 19
25 32
25 46
25 48
25 77
26 13
26 32
26 40
26 56
27 0
27 9
27 10
27 19
27 40
27 44
27 45
27 72
27 73
27 74
28 7
28 14
28 16
28 29
28 39
28 71
28 72
29 7
29 14
29 47
29 62
30 31
31 3
31 18
31 24
31 30
31 33
31 54
32 9
32 12
32 25
32 26
32 37
32 38
32 40
32 47
32 49
32 52
32 60
32 62
32 71
33 25
33 49
33 57
33 60
33 61
33 67
33 78
34 8
34 62
35 10
35 44
35 46
35 48
35 65
35 78
36 15
36 19
36 20
36 22
36 39
36 63
36 75
36 77
37 5
37 32
37 40
37 44
37 49
37 63
37 70
37 75
38 9
38 13
38 14
38 24
38 29
38 68
39 33
39 36
39 58
39 79
40 22
40 69
40 73
40 75
40 79
41 13
41 23
41 35
41 52
41 59
41 60
41 65
42 3
42 10
42 16
42 17
42 28
42 46
42 69
42 75
43 0
43 47
43 74
44 21
44 27
44 56
44 59
44 66
44 70
45 20
45 21
45 27
45 37
45 47
45 55
45 66
45 74
45 76
46 2
46 25
46 35
46 39
46 42
46 76
47 32
47 43
47 64
47 68
47 72
48 1
48 15
48 20
48 28
48 35
48 50
48 54
48 64
48 68
49 7
49 9
49 10
49 17
49 37
49 52
49 71
49 74
50 0
50 2
50 8
50 22
50 44
50 57
50 58
50 66
50 76
51 1
51 18
51 31
51 67
51 73
51 74
52 0
52 2
52 32
52 49
52 50
52 65
52 68
52 77
53 57
53 68
53 75
54 31
54 48
54 61
54 66
55 10
55 24
55 45
55 56
56 1
56 13
56 14
56 43
56 44
56 58
56 66
56 67
56 69
57 1
57 2
57 9
57 53
57 72
58 3
58 34
58 39
58 47
58 56
58 67
59 7
59 24
59 41
59 44
59 69
59 72
60 2
60 6
60 7
60 18
60 26
60 33
60 36
60 41
60 46
60 63
60 65
61 12
61 13
61 22
61 54
62 12
62 25
62 29
62 32
62 34
62 72
63 4
63 14
63 20
63 36
63 58
63 60
63 68
63 69
63 75
64 0
64 20
64 27
64 46
64 47
64 77
65 35
65 41
65 52
65 62
66 3
66 37
66 44
66 54
66 72
66 73
66 75
67 3
67 14
67 31
67 33
67 46
67 56
67 58
67 59
67 73
68 0
68 30
68 47
68 52
68 53
68 63
68 71
69 24
69 40
69 42
69 59
69 70
69 73
70 2
70 20
70 23
70 29
70 44
70 65
70 69
70 74
71 13
71 23
71 28
71 32
71 45
71 49
71 61
71 68
71 72
72 5
72 9
72 15
72 22
72 23
72 27
72 47
72 71
73 30
73 38
73 40
73 51
73 60
73 66
73 67
73 69
74 17
74 19
74 27
74 43
74 45
74 46
74 49
75 17
75 20
75 40
75 42
75 53
75 63
75 77
76 0
76 14
76 23
76 29
76 50
76 79
77 36
77 45
77 52
78 1
78 22
78 25
78 27
78 35
79 0
79 4
79 39
79 70
79 76
0 1 2 3 4 5 6 7 8 9 10 11 12 13 14 15 16 17 18 19
