80 514 8
0 18
0 28
0 32
0 40
0 45
0 53
1 15
1 20
1 21
1 60
1 75
1 78
2 10
2 51
2 61
3 5
3 18
3 53
4 5
4 27
4 42
4 50
4 74
5 3
5 4
5 29
5 42
5 64
5 71
6 9
6 26
6 29
7 53
7 57
8 25
8 28
8 53
8 66
8 67
8 70
9 10
9 11
9 15
9 26
9 39
9 46
9 57
9 59
9 61
9 70
9 75
10 2
10 9
10 17
10 19
10 40
10 43
10 50
10 52
10 62
10 63
10 66
10 76
11 9
11 45
11 47
11 49
11 61
11 68
11 70
12 15
12 35
12 44
12 50
12 79
13 4
13 15
13 28
13 35
13 44
13 55
13 68
13 72
14 0
14 21
14 38
14 46
14 50
14 60
14 67
14 75
14 78
15 1
15 19
15 33
15 42
15 47
15 51
15 55
15 57
16 21
16 69
16 77
17 10
17 11
17 18
17 26
17 28
17 34
17 47
17 48
17 75
18 0
18 3
18 21
18 30
18 37
18 41
18 52
18 56
18 62
18 71
18 76
19 15
19 34
19 36
19 38
19 46
19 70
19 72
20 1
20 21
20 29
20 48
20 65
20 70
20 78
21 1
21 14
21 18
21 20
21 25
21 33
21 64
21 70
21 79
22 28
22 43
23 30
23 35
23 46
23 52
23 54
23 74
24 50
24 76
24 77
25 44
25 64
25 78
26 8
26 17
26 35
26 38
26 39
26 57
26 59
26 61
26 69
27 4
27 32
27 53
28 0
28 13
28 18
28 22
28 47
28 55
28 74
29 5
29 20
29 38
29 47
29 48
30 11
30 14
30 18
30 23
30 24
30 39
30 59
30 65
31 0
31 14
31 17
31 57
31 66
31 68
32 4
32 20
32 68
32 72
33 6
33 15
33 16
33 50
33 57
33 59
33 60
33 75
34 0
34 26
34 50
34 54
34 58
35 13
35 23
35 26
35 61
35 71
36 3
36 48
36 61
36 65
37 18
37 39
37 40
37 42
37 43
38 14
38 39
38 44
38 51
38 55
38 63
39 5
39 9
39 20
39 30
39 37
39 38
39 65
40 10
40 37
40 46
40 70
41 18
41 26
41 43
41 46
41 76
41 79
42 4
42 15
42 29
42 37
42 43
42 49
42 51
42 54
42 55
42 60
42 65
42 67
42 71
43 22
43 37
43 42
43 47
43 60
43 66
43 71
44 2
44 13
44 25
44 30
44 51
44 52
44 62
44 69
44 77
45 0
45 11
45 36
45 57
45 58
46 9
46 14
46 19
46 59
46 61
47 11
47 15
47 43
48 17
48 20
48 29
48 36
48 51
48 69
48 75
49 42
49 47
49 50
49 61
49 64
49 70
50 10
50 33
50 44
50 49
50 67
51 21
51 38
51 41
51 42
51 44
51 57
51 59
51 73
52 10
52 18
52 23
52 29
52 44
52 47
52 53
52 56
52 60
52 62
53 0
53 7
53 27
53 56
53 72
54 22
54 23
54 34
54 62
54 67
55 6
55 13
55 15
55 20
55 59
55 63
55 64
56 10
56 18
56 22
56 30
56 58
56 66
56 70
56 78
57 0
57 7
57 29
57 31
57 40
57 45
57 51
57 63
57 64
57 73
58 13
58 28
58 36
58 48
58 56
58 59
58 60
58 71
59 21
59 26
59 33
59 39
59 46
59 51
59 55
59 58
59 72
60 1
60 14
60 33
60 42
60 43
60 67
60 71
60 78
61 2
61 7
61 11
61 13
61 26
61 35
61 47
61 62
62 10
62 44
62 52
63 10
63 55
63 79
64 5
64 21
64 30
64 37
64 49
64 55
64 57
64 79
65 30
65 36
65 39
65 42
65 62
65 67
65 77
66 10
66 28
66 43
66 46
66 56
66 67
66 76
67 6
67 8
67 14
67 26
67 42
67 54
67 60
68 4
68 11
68 32
68 61
68 70
68 71
68 79
69 16
69 26
69 43
69 44
69 48
69 78
70 3
70 9
70 20
70 21
70 41
70 56
70 68
70 72
70 76
70 77
71 3
71 5
71 8
71 18
71 42
71 43
72 13
72 19
72 53
72 59
72 70
73 30
73 33
73 51
73 66
73 75
74 23
74 28
74 45
74 47
74 61
74 75
75 1
75 14
75 15
75 48
75 58
75 73
75 79
76 0
76 4
76 10
76 18
76 24
76 25
76 41
76 70
76 72
77 3
77 16
77 24
77 27
77 59
77 65
78 1
78 10
78 20
78 24
78 51
78 56
78 60
78 69
79 12
79 21
79 41
79 64
79 68
79 75
0 1 2 3 4 5 6 7
