80 934 8
0 3
0 8
0 14
0 16
0 40
0 42
0 51
0 67
0 69
0 73
0 75
0 77
1 15
1 29
1 43
1 44
1 46
1 60
2 0
2 16
2 35
2 41
2 47
2 53
2 60
3 0
3 5
3 15
3 20
3 23
3 25
3 28
3 73
3 75
4 19
4 32
4 35
4 36
4 42
4 47
4 60
4 64
4 67
4 74
5 7
5 9
5 21
5 24
5 25
5 27
5 29
5 32
5 33
5 34
5 38
5 42
5 46
5 65
5 73
5 74
5 78
6 40
6 55
6 57
6 58
6 59
6 63
6 65
6 66
6 68
6 72
6 77
7 5
7 9
7 17
7 18
7 20
7 23
7 38
7 43
7 47
7 57
7 59
7 64
7 65
7 68
7 77
8 0
8 20
8 22
8 29
8 30
8 37
8 38
8 39
8 45
8 62
8 68
8 71
8 73
8 78
9 0
9 5
9 12
9 18
9 19
9 24
9 25
9 27
9 40
9 43
9 50
9 51
9 53
9 59
9 62
9 69
9 75
9 76
9 78
10 19
10 26
10 28
10 32
10 35
10 53
10 62
11 13
11 16
11 18
11 26
11 36
11 40
11 49
11 57
11 63
11 72
11 73
11 74
11 75
12 18
12 19
12 26
12 28
12 35
12 57
12 61
12 69
12 74
13 11
13 25
13 31
13 35
13 41
13 44
13 59
13 63
13 64
13 71
13 74
14 23
14 34
14 54
14 56
14 72
15 0
15 1
15 3
15 22
15 25
15 31
15 35
15 42
15 43
15 49
15 58
15 59
15 63
15 72
15 79
16 1
16 2
16 4
16 9
16 11
16 14
16 46
16 54
16 56
16 60
16 69
16 76
17 7
17 23
17 26
17 29
17 30
17 33
17 37
17 54
17 58
17 64
17 65
18 7
18 12
18 15
18 21
18 35
18 43
18 59
18 65
18 71
19 10
19 12
19 14
19 15
19 17
19 24
19 27
19 36
19 39
19 43
19 50
19 58
19 65
19 67
19 70
20 3
20 7
20 12
20 22
20 26
20 45
20 50
20 56
20 71
21 30
21 31
21 43
21 46
21 52
21 55
21 73
21 74
22 6
22 8
22 18
22 20
22 40
22 44
22 47
22 56
22 58
22 67
22 69
22 70
22 71
22 75
22 78
23 6
23 7
23 14
23 15
23 57
23 67
23 76
24 9
24 19
24 28
24 30
24 32
24 41
24 44
24 51
24 56
24 61
24 62
24 64
24 71
24 79
25 15
25 38
25 41
25 43
25 47
25 52
25 57
25 66
25 70
25 73
25 76
25 77
26 17
26 20
26 22
26 41
26 46
26 47
26 51
26 54
26 65
26 72
27 2
27 5
27 6
27 9
27 19
27 26
27 30
27 35
27 36
27 52
27 59
27 61
27 67
27 68
27 71
28 10
28 11
28 12
28 24
28 33
28 37
28 41
28 55
28 61
28 72
28 78
28 79
29 8
29 9
29 17
29 32
29 39
29 40
29 47
29 65
29 66
30 8
30 15
30 17
30 21
30 36
30 51
30 58
30 60
30 65
30 69
30 75
31 4
31 7
31 15
31 21
31 22
31 32
31 37
31 46
31 58
31 61
31 70
31 73
32 5
32 10
32 13
32 24
32 29
32 31
32 44
32 59
32 60
32 66
33 17
33 46
33 47
33 52
33 58
33 64
34 5
34 11
34 22
34 35
34 36
34 52
34 70
34 72
34 73
34 77
35 2
35 10
35 12
35 18
35 22
35 27
35 34
35 39
35 42
35 47
35 50
35 52
35 54
35 55
35 56
35 57
35 60
35 62
35 65
35 72
36 7
36 11
36 19
36 27
36 30
36 31
36 38
36 46
36 59
36 61
36 66
36 72
36 78
37 2
37 8
37 17
37 31
37 42
37 51
37 61
37 65
37 67
37 69
37 72
37 73
37 77
38 31
38 35
38 36
38 53
38 68
38 69
39 8
39 19
39 29
39 35
39 41
39 47
39 48
39 51
39 56
39 71
39 72
40 0
40 6
40 9
40 11
40 26
40 29
40 53
40 66
40 67
40 70
40 71
40 75
40 79
41 2
41 13
41 22
41 23
41 25
41 28
41 35
41 39
41 47
41 50
41 64
41 66
41 69
41 70
41 76
42 0
42 4
42 5
42 37
42 57
42 72
43 1
43 7
43 9
43 15
43 19
43 21
43 39
43 50
43 54
43 56
43 57
43 67
43 70
43 74
44 0
44 1
44 13
44 22
44 24
44 32
44 38
44 46
44 48
44 57
44 58
44 61
44 73
45 10
45 20
45 51
45 55
45 56
45 64
45 71
45 74
45 75
46 1
46 5
46 26
46 28
46 36
46 39
46 44
46 54
46 55
46 59
46 67
46 71
46 74
46 77
47 0
47 7
47 10
47 22
47 25
47 28
47 29
47 33
47 35
47 48
47 57
48 3
48 39
48 49
48 51
48 54
48 56
48 60
48 66
48 75
48 79
49 4
49 11
49 12
49 14
49 17
49 29
49 44
49 48
49 55
49 56
49 66
49 72
49 78
50 2
50 9
50 20
50 35
50 46
50 53
50 54
50 64
50 65
50 73
50 75
51 0
51 9
51 20
51 24
51 26
51 29
51 30
51 39
51 45
52 7
52 21
52 27
52 33
52 35
52 41
52 44
52 55
52 56
52 58
52 63
52 66
52 76
53 9
53 10
53 44
53 50
53 74
54 7
54 8
54 13
54 16
54 17
54 35
54 41
54 46
54 48
54 50
54 55
54 62
54 72
55 1
55 6
55 33
55 35
55 45
55 54
55 73
55 78
56 14
56 20
56 22
56 24
56 26
56 35
56 43
56 48
56 49
56 51
56 57
56 67
56 71
57 3
57 7
57 10
57 11
57 12
57 35
57 42
57 43
57 44
57 56
57 74
57 75
58 6
58 15
58 18
58 30
58 33
58 44
58 47
58 66
58 72
58 77
59 2
59 6
59 7
59 13
59 27
59 32
59 41
59 42
59 56
59 65
59 75
60 2
60 4
60 16
60 30
60 32
60 35
60 48
60 52
60 54
60 59
60 61
60 67
60 69
60 70
60 71
60 73
60 74
60 76
60 77
61 24
61 25
61 28
61 29
61 31
61 36
61 37
61 48
61 60
61 68
61 73
61 77
62 5
62 9
62 12
62 24
62 42
62 57
63 11
63 14
63 15
63 31
63 33
63 38
63 65
63 78
64 4
64 11
64 13
64 17
64 24
64 31
64 32
64 33
64 41
64 45
64 50
64 52
64 68
64 76
65 5
65 7
65 8
65 13
65 19
65 27
65 29
65 30
65 35
65 37
65 50
65 51
65 59
65 63
65 68
65 70
65 74
66 11
66 21
66 25
66 29
66 32
66 40
66 41
66 45
66 49
66 50
66 52
66 53
66 58
66 70
67 0
67 19
67 22
67 27
67 40
67 45
67 46
67 49
67 56
67 65
67 69
67 77
68 7
68 8
68 20
68 25
68 38
68 56
68 61
68 64
68 65
68 69
68 73
68 76
68 78
69 0
69 9
69 14
69 30
69 35
69 38
69 41
69 44
69 49
69 64
69 68
69 74
69 75
69 78
70 12
70 19
70 25
70 40
70 41
70 52
70 60
70 61
70 65
70 71
70 75
70 78
71 1
71 3
71 8
71 20
71 22
71 24
71 27
71 29
71 40
71 45
71 46
71 56
71 60
71 61
71 65
71 66
71 69
71 70
71 73
72 1
72 11
72 14
72 15
72 26
72 28
72 30
72 35
72 36
72 37
72 39
72 42
72 44
72 49
72 50
72 58
72 77
73 0
73 3
73 5
73 11
73 21
73 31
73 34
73 44
73 50
73 55
73 60
73 68
73 71
73 74
74 5
74 12
74 15
74 16
74 18
74 31
74 35
74 40
74 43
74 46
74 53
74 60
74 63
74 65
74 76
74 79
75 0
75 3
75 11
75 21
75 22
75 32
75 40
75 43
75 45
75 48
75 50
75 52
75 55
75 57
75 69
75 76
76 1
76 16
76 25
76 35
76 41
76 64
76 68
77 0
77 6
77 7
77 37
77 38
77 44
77 46
77 60
77 67
78 5
78 8
78 22
78 28
78 36
78 40
78 48
78 49
78 53
78 55
78 56
78 68
78 70
79 2
79 18
79 24
79 25
79 28
79 31
79 40
79 68
79 74
0 1 2 3 4 5 6 7
