80 934 6
0 10
0 14
0 27
0 42
0 43
0 45
0 63
0 64
0 68
0 70
0 74
0 76
0 78
1 7
1 10
1 11
1 16
1 19
1 45
1 51
1 57
1 63
1 77
2 0
2 5
2 9
2 11
2 13
2 15
2 32
2 46
2 57
2 58
2 70
3 10
3 15
3 26
3 31
3 39
3 49
3 55
3 58
3 59
3 66
3 67
3 70
3 76
4 5
4 6
4 11
4 15
4 19
4 24
4 25
4 48
4 50
4 63
4 74
4 79
5 2
5 9
5 42
5 45
5 50
5 57
5 72
6 4
6 8
6 9
6 21
6 26
6 33
6 49
6 51
6 54
6 56
6 58
6 60
7 24
7 28
7 29
7 50
7 57
7 59
7 60
7 68
8 2
8 11
8 20
8 22
8 24
8 25
8 28
8 30
8 33
8 34
8 43
8 54
8 57
8 69
8 71
8 78
9 5
9 18
9 21
9 27
9 32
9 38
9 45
9 46
9 49
9 57
9 59
9 72
10 0
10 1
10 12
10 24
10 27
10 35
10 38
10 42
10 49
10 55
10 57
10 59
10 78
11 1
11 2
11 8
11 19
11 26
11 27
11 31
11 34
11 48
11 74
12 5
12 10
12 20
12 25
12 26
12 32
12 37
12 43
12 47
12 48
12 52
12 61
12 62
13 2
13 14
13 26
13 38
13 41
13 49
13 52
13 54
13 59
13 61
13 66
13 71
13 79
14 0
14 13
14 16
14 28
14 29
14 38
14 55
14 63
14 64
14 76
15 4
15 9
15 11
15 35
15 37
15 45
15 48
15 64
15 72
16 1
16 14
16 15
16 19
16 23
16 25
16 28
16 34
16 40
16 41
16 42
16 47
16 54
16 65
17 23
17 35
17 36
17 42
17 44
17 46
17 47
17 57
17 62
17 72
17 74
17 75
18 1
18 23
18 31
18 40
18 43
18 46
18 79
19 7
19 21
19 25
19 26
19 27
19 36
19 39
19 43
19 44
19 45
19 48
19 56
19 57
19 70
20 12
20 21
20 32
20 36
20 39
20 45
20 48
20 54
20 55
20 64
20 70
21 14
21 19
21 20
21 34
21 45
21 49
21 51
21 52
21 62
21 67
21 78
22 8
22 21
22 24
22 28
22 33
22 40
22 50
22 53
22 61
22 72
22 78
23 5
23 16
23 17
23 18
23 41
23 48
23 67
23 70
23 71
23 72
23 75
23 76
24 4
24 8
24 10
24 15
24 17
24 22
24 26
24 31
24 32
24 38
24 53
24 55
24 58
24 61
24 75
25 0
25 8
25 12
25 13
25 19
25 20
25 32
25 33
25 34
25 47
25 48
25 57
25 61
25 62
25 78
26 1
26 11
26 12
26 13
26 19
26 24
26 32
26 40
26 46
26 48
26 51
26 56
26 60
26 67
26 69
26 76
26 77
27 9
27 11
27 19
27 40
27 44
27 61
27 64
27 68
27 72
27 73
27 74
27 78
28 7
28 8
28 12
28 16
28 22
28 29
28 39
28 48
28 49
28 71
28 72
29 7
29 28
29 32
29 33
29 35
29 38
29 47
29 56
29 63
29 68
29 70
29 76
30 32
30 41
30 67
30 68
30 69
31 3
31 7
31 12
31 30
31 33
31 41
31 43
31 51
31 56
31 65
31 67
31 69
31 76
31 77
32 12
32 20
32 21
32 24
32 26
32 29
32 37
32 38
32 40
32 46
32 49
32 52
32 54
32 60
32 62
32 65
32 71
32 77
32 79
33 8
33 22
33 25
33 29
33 31
33 39
33 49
33 57
33 67
33 78
34 0
34 14
34 16
34 51
34 53
34 58
34 62
34 67
34 70
34 76
35 18
35 29
35 39
35 41
35 44
35 46
35 48
35 53
35 59
35 75
35 78
36 11
36 14
36 15
36 17
36 20
36 22
36 31
36 39
36 58
36 64
36 75
36 77
37 5
37 8
37 12
37 15
37 16
37 40
37 44
37 45
37 49
37 50
37 61
37 63
37 66
37 75
38 1
38 9
38 14
38 29
38 32
38 63
38 68
38 71
39 13
39 15
39 20
39 25
39 28
39 35
39 36
39 57
39 58
39 62
39 76
39 79
40 25
40 41
40 69
40 73
40 75
40 79
41 9
41 30
41 35
41 40
41 47
41 50
41 52
41 58
41 60
41 65
42 1
42 3
42 5
42 10
42 16
42 17
42 28
42 46
42 63
42 67
42 75
43 0
43 19
43 31
43 32
43 36
43 40
43 56
43 64
43 68
43 69
44 17
44 19
44 21
44 27
44 50
44 56
44 59
44 64
44 66
44 70
44 71
44 79
45 0
45 1
45 5
45 9
45 11
45 15
45 19
45 20
45 21
45 27
45 37
45 47
45 50
45 51
45 55
45 71
45 74
45 76
45 77
46 9
46 17
46 25
46 26
46 28
46 29
46 32
46 39
46 42
46 54
46 64
46 67
46 76
47 12
47 13
47 17
47 28
47 32
47 38
47 41
47 43
47 45
47 51
47 58
47 62
47 72
48 1
48 2
48 4
48 11
48 12
48 19
48 23
48 25
48 26
48 28
48 35
48 50
48 54
48 58
48 64
48 68
48 76
48 79
49 3
49 6
49 7
49 9
49 13
49 17
49 21
49 28
49 33
49 71
49 74
50 0
50 2
50 4
50 7
50 8
50 27
50 37
50 44
50 45
50 48
50 52
50 58
50 71
51 1
51 18
51 21
51 26
51 28
51 31
51 67
51 74
52 0
52 2
52 12
52 32
52 33
52 49
52 68
52 71
52 77
52 79
53 24
53 34
53 63
53 67
53 75
54 6
54 8
54 16
54 20
54 30
54 31
54 32
54 46
54 48
54 61
55 3
55 10
55 54
55 60
55 62
55 66
55 68
56 1
56 6
56 13
56 14
56 19
56 26
56 29
56 31
56 43
56 55
56 58
56 66
56 67
56 69
56 77
57 1
57 2
57 4
57 5
57 7
57 8
57 9
57 10
57 17
57 19
57 33
57 39
57 50
57 53
57 59
57 61
57 72
58 2
58 6
58 36
58 39
58 41
58 47
58 48
58 59
58 63
58 67
58 69
58 73
59 9
59 10
59 12
59 24
59 31
59 35
59 41
59 44
59 58
59 67
59 69
59 72
60 2
60 6
60 7
60 18
60 30
60 32
60 33
60 36
60 41
60 46
60 49
60 63
60 64
60 73
61 13
61 22
61 24
61 25
61 33
61 37
61 44
61 54
61 56
61 57
61 64
61 71
62 12
62 21
62 29
62 32
62 34
62 39
62 40
62 47
62 55
62 59
62 72
63 0
63 4
63 20
63 29
63 36
63 37
63 38
63 42
63 53
63 58
63 68
63 75
63 79
64 0
64 14
64 20
64 27
64 43
64 44
64 47
64 48
64 60
64 61
64 72
64 77
65 14
65 31
65 32
65 35
65 52
65 60
65 62
65 70
65 73
66 3
66 13
66 16
66 26
66 29
66 37
66 41
66 45
66 50
66 54
66 55
66 56
66 75
67 3
67 10
67 14
67 23
67 26
67 30
67 31
67 33
67 34
67 46
67 53
67 73
68 0
68 7
68 27
68 30
68 47
68 48
68 52
68 53
68 55
68 71
69 13
69 24
69 30
69 40
69 42
69 43
69 48
69 52
69 56
69 58
69 63
69 70
69 73
70 0
70 19
70 23
70 34
70 37
70 42
70 65
70 69
70 74
70 79
71 6
71 8
71 13
71 23
71 28
71 32
71 43
71 44
71 45
71 50
71 61
71 72
72 5
72 10
72 15
72 17
72 23
72 27
72 28
72 47
72 57
72 59
72 62
72 64
72 66
72 74
73 2
73 27
73 30
73 38
73 41
73 51
73 58
73 59
73 60
73 65
73 66
73 67
73 74
74 0
74 1
74 4
74 11
74 19
74 27
74 38
74 43
74 46
74 51
74 70
75 20
75 23
75 24
75 36
75 37
75 42
75 48
75 53
75 77
76 0
76 14
76 23
76 26
76 29
76 35
76 39
76 45
76 48
76 50
76 79
77 17
77 20
77 25
77 32
77 36
77 45
77 58
77 60
77 64
77 75
78 0
78 1
78 10
78 22
78 27
78 33
78 35
78 41
79 0
79 4
79 18
79 20
79 29
79 32
79 39
79 40
79 44
79 48
79 50
79 52
79 63
79 70
0 1 2 3 4 5
