80 934 20
0 8
0 10
0 13
0 33
0 34
0 39
0 51
0 52
0 54
0 58
0 59
0 63
0 64
0 72
0 73
1 5
1 6
1 17
1 27
1 29
1 38
1 43
1 49
1 67
1 75
2 7
2 13
2 16
2 17
2 20
2 50
2 54
2 59
2 66
2 71
2 72
2 73
2 75
3 10
3 14
3 20
3 21
3 23
3 36
3 46
3 48
3 52
3 65
3 66
3 67
3 70
3 73
3 75
3 76
3 78
4 10
4 14
4 17
4 19
4 56
4 66
4 71
5 1
5 3
5 6
5 12
5 14
5 18
5 21
5 24
5 43
5 65
5 67
6 0
6 1
6 5
6 7
6 25
6 27
6 30
6 38
6 44
6 48
6 59
6 65
6 66
6 69
6 73
6 77
7 2
7 6
7 10
7 12
7 13
7 20
7 22
7 28
7 41
7 48
7 50
7 60
7 65
7 71
7 73
8 0
8 9
8 17
8 19
8 21
8 26
8 27
8 37
8 40
8 48
8 49
8 58
8 66
8 69
8 70
8 71
9 13
9 14
9 15
9 17
9 18
9 19
9 21
9 40
9 55
9 60
9 69
9 73
9 76
10 0
10 3
10 4
10 13
10 32
10 36
10 38
10 42
10 58
10 65
10 79
11 10
11 12
11 24
11 28
11 33
11 40
11 45
11 53
12 0
12 5
12 7
12 8
12 11
12 13
12 20
12 25
12 29
12 32
12 39
12 46
12 47
12 59
12 62
12 64
12 68
12 74
13 1
13 2
13 7
13 10
13 18
13 19
13 23
13 26
13 46
13 57
13 63
13 70
13 76
13 77
13 78
14 0
14 3
14 4
14 12
14 26
14 28
14 37
14 38
14 39
14 42
14 58
14 63
14 64
14 68
14 70
15 9
15 13
15 21
15 45
15 46
15 47
15 53
15 55
15 64
15 76
15 79
16 19
16 21
16 22
16 30
16 37
16 42
16 56
16 60
16 74
16 75
17 4
17 27
17 33
17 39
17 41
17 47
17 48
17 51
17 55
17 61
17 71
17 79
18 9
18 13
18 24
18 41
18 52
18 67
19 1
19 4
19 9
19 16
19 24
19 36
19 37
19 39
19 41
19 56
19 60
20 7
20 15
20 40
20 53
20 55
20 57
20 65
20 74
21 8
21 9
21 12
21 15
21 24
21 27
21 29
21 34
21 37
21 46
21 54
21 62
21 70
21 73
22 1
22 7
22 13
22 20
22 23
22 42
22 51
22 61
22 64
22 65
22 66
22 70
22 71
23 3
23 4
23 16
23 20
23 22
23 24
23 32
23 34
23 46
23 49
23 61
23 76
24 1
24 11
24 18
24 19
24 23
24 33
24 43
24 44
24 51
24 55
24 73
24 74
25 6
25 12
25 33
25 41
25 42
25 55
25 62
25 68
25 70
26 13
26 18
26 28
26 29
26 30
26 32
26 39
26 42
26 48
26 51
26 58
26 70
27 1
27 6
27 8
27 17
27 20
27 50
27 57
27 62
27 65
27 76
28 1
28 11
28 14
28 15
28 26
28 29
28 34
28 47
28 50
28 74
29 1
29 21
29 26
29 28
29 30
29 41
29 47
29 54
29 61
29 74
29 77
30 1
30 6
30 16
30 26
30 29
30 36
30 41
30 62
30 66
30 71
30 72
31 6
31 11
31 38
31 47
31 73
32 9
32 10
32 24
32 29
32 33
32 37
32 42
32 50
32 53
32 62
32 66
33 17
33 24
33 31
33 32
33 39
33 43
33 45
33 48
33 51
33 52
33 54
33 56
33 67
33 75
34 0
34 21
34 23
34 28
34 35
34 38
34 40
34 41
34 43
34 47
34 52
34 55
34 58
34 59
34 62
35 6
35 8
35 30
35 34
35 44
35 49
35 58
35 64
35 75
36 2
36 3
36 10
36 12
36 13
36 19
36 35
36 38
36 43
36 55
36 59
36 60
36 61
36 67
36 72
36 73
36 77
37 8
37 21
37 26
37 32
37 40
37 53
37 60
37 64
38 1
38 9
38 10
38 13
38 14
38 34
38 36
38 43
38 60
38 71
38 75
39 0
39 14
39 16
39 17
39 19
39 20
39 26
39 32
39 33
39 41
39 44
39 46
39 49
39 62
39 67
39 68
39 71
39 75
40 8
40 9
40 11
40 34
40 37
40 42
40 49
40 50
40 76
40 77
41 7
41 14
41 18
41 24
41 25
41 29
41 30
41 34
41 42
41 46
41 47
41 48
41 60
41 61
41 68
41 75
41 79
42 0
42 4
42 10
42 32
42 37
42 40
42 41
42 45
42 50
42 53
42 59
42 60
43 24
43 33
43 34
43 36
43 38
43 48
43 51
43 67
43 79
44 6
44 10
44 21
44 25
44 27
44 35
44 67
44 70
45 11
45 47
45 49
45 59
45 62
45 64
45 72
45 73
46 1
46 2
46 10
46 12
46 13
46 15
46 39
46 41
46 49
46 53
46 55
46 56
46 65
46 68
46 74
47 2
47 12
47 13
47 15
47 27
47 28
47 29
47 31
47 34
47 41
47 51
47 53
47 55
47 56
47 57
47 61
47 63
47 66
47 71
48 6
48 8
48 17
48 18
48 26
48 41
48 43
48 52
48 63
48 71
48 72
48 73
48 77
49 0
49 7
49 8
49 11
49 23
49 32
49 35
49 45
49 51
49 54
49 70
50 2
50 6
50 12
50 28
50 38
50 41
50 54
50 63
50 66
50 68
50 71
51 0
51 13
51 17
51 22
51 24
51 43
51 47
51 49
51 65
51 75
52 0
52 4
52 6
52 18
52 20
52 34
52 48
52 58
52 64
52 76
53 9
53 11
53 15
53 19
53 20
53 32
53 42
53 45
53 46
53 66
53 72
53 79
54 0
54 2
54 29
54 33
54 49
54 50
54 52
54 57
54 60
55 15
55 17
55 20
55 34
55 36
55 37
55 45
55 46
55 47
55 59
55 67
56 4
56 7
56 19
56 46
56 47
56 50
56 59
56 68
56 74
56 76
57 2
57 20
57 27
57 47
57 49
57 54
57 63
57 65
57 66
57 79
58 0
58 8
58 10
58 38
58 40
58 41
58 42
58 52
58 54
58 60
58 66
58 75
59 0
59 6
59 12
59 24
59 28
59 31
59 34
59 42
59 45
59 47
59 52
59 55
59 56
59 60
59 63
59 64
59 65
59 70
59 78
60 7
60 9
60 34
60 36
60 37
60 41
60 50
60 54
60 59
60 65
60 67
61 13
61 17
61 22
61 29
61 30
61 36
61 55
61 65
61 71
61 77
62 1
62 25
62 27
62 30
62 32
62 34
62 39
62 78
63 0
63 13
63 14
63 24
63 30
63 47
63 48
63 57
63 59
63 61
63 65
63 74
64 0
64 2
64 12
64 13
64 15
64 22
64 35
64 37
64 45
64 47
64 49
64 52
64 55
64 66
64 73
64 77
65 3
65 5
65 6
65 7
65 10
65 22
65 27
65 32
65 42
65 44
65 46
65 48
65 51
65 59
65 63
65 76
65 78
66 0
66 4
66 12
66 16
66 22
66 24
66 32
66 33
66 57
66 58
66 67
67 1
67 3
67 18
67 33
67 39
67 44
67 52
67 60
67 66
68 14
68 31
68 39
68 48
68 51
68 56
68 63
69 6
69 8
69 9
69 33
69 40
69 42
69 50
69 75
70 8
70 13
70 21
70 22
70 25
70 26
70 44
70 49
70 59
70 64
70 75
70 76
70 77
71 17
71 22
71 28
71 38
71 39
71 40
71 45
71 48
71 61
71 70
72 16
72 30
72 37
72 45
72 48
72 53
72 54
72 73
72 75
72 78
72 79
73 0
73 2
73 3
73 6
73 7
73 28
73 30
73 31
73 36
73 42
73 43
73 48
73 51
73 72
74 1
74 16
74 20
74 24
74 28
74 29
74 39
74 43
74 50
74 56
74 59
74 61
74 63
74 79
75 12
75 15
75 16
75 38
75 39
75 41
75 58
75 62
75 69
75 76
75 79
76 3
76 15
76 27
76 32
76 39
76 40
76 59
76 65
76 69
76 70
76 77
77 6
77 9
77 19
77 29
77 34
77 40
77 46
77 48
77 53
77 61
77 64
77 76
78 3
78 13
78 56
78 62
78 65
78 72
78 79
79 3
79 17
79 41
79 43
79 53
79 72
0 1 2 3 4 5 6 7 8 9 10 11 12 13 14 15 16 17 18 19
