80 934 6
0 10
0 14
0 24
0 29
0 35
0 37
0 45
0 54
0 55
0 58
0 66
0 69
1 0
1 3
1 22
1 41
1 58
1 66
1 70
2 14
2 27
2 30
2 39
2 47
2 55
2 63
2 75
2 78
3 1
3 11
3 13
3 14
3 44
3 46
3 50
3 57
3 58
3 59
3 61
3 64
3 70
4 11
4 12
4 18
4 28
4 30
4 32
4 38
4 44
4 45
4 51
4 53
4 58
4 66
4 71
4 76
5 6
5 10
5 15
5 25
5 27
5 34
5 37
5 47
5 54
5 55
5 56
5 63
5 64
5 67
5 71
5 75
5 78
6 5
6 7
6 18
6 26
6 30
6 44
6 58
6 64
7 6
7 12
7 20
7 21
7 27
7 43
7 44
7 45
7 46
7 50
7 53
7 60
7 63
7 74
7 79
8 5
8 7
8 13
8 37
8 38
8 39
8 42
8 46
8 57
8 59
8 62
8 63
9 12
9 17
9 18
9 19
9 30
9 32
9 39
9 40
9 49
9 50
9 56
9 75
9 77
10 0
10 5
10 14
10 21
10 35
10 37
10 50
10 54
10 56
10 57
10 58
10 63
10 73
10 75
10 77
11 4
11 8
11 13
11 14
11 47
11 50
11 52
11 58
11 62
12 1
12 7
12 9
12 28
12 31
12 39
12 46
12 52
12 55
12 64
12 73
12 75
13 11
13 16
13 21
13 23
13 29
13 36
13 42
13 43
13 51
13 55
14 0
14 2
14 11
14 16
14 18
14 22
14 26
14 50
14 58
14 61
14 70
14 71
14 75
14 76
15 0
15 5
15 19
15 21
15 26
15 31
15 33
15 45
15 47
15 50
15 62
15 66
15 67
15 77
16 8
16 9
16 14
16 31
16 33
16 34
16 42
16 48
16 66
16 72
16 75
16 76
17 9
17 20
17 21
17 37
17 38
17 46
17 50
17 51
17 73
17 76
18 6
18 9
18 13
18 19
18 21
18 23
18 27
18 31
18 40
18 48
18 63
18 66
18 72
19 9
19 18
19 29
19 30
19 39
19 49
19 57
19 64
19 73
19 75
19 76
19 77
20 7
20 43
20 48
21 3
21 10
21 14
21 15
21 18
21 31
21 34
21 36
21 44
21 49
21 50
21 52
21 59
21 67
21 71
21 78
22 30
22 40
22 42
22 53
22 54
22 61
22 66
23 13
23 18
23 22
23 24
23 27
23 29
23 31
23 38
23 47
23 49
23 61
23 68
23 72
24 23
24 34
24 36
24 38
24 39
24 52
24 54
24 59
24 63
24 64
25 5
25 11
25 36
25 38
25 41
25 42
25 53
25 58
25 59
25 69
25 75
26 2
26 6
26 14
26 28
26 29
26 36
26 41
26 46
26 64
26 66
26 67
26 69
26 70
27 0
27 2
27 5
27 7
27 23
27 35
27 36
27 38
27 41
27 42
27 55
27 59
27 62
27 63
27 77
28 2
28 4
28 12
28 26
28 31
28 36
28 66
28 70
28 72
28 74
28 76
29 12
29 13
29 16
29 17
29 19
29 23
29 25
29 26
29 31
29 33
29 44
29 57
29 58
29 63
30 2
30 4
30 6
30 9
30 19
30 27
30 29
30 55
30 69
31 5
31 15
31 19
31 23
31 25
31 28
31 36
31 38
31 41
31 44
31 51
31 55
31 56
31 64
31 66
31 76
32 3
32 5
32 9
32 35
32 46
32 47
32 50
32 55
32 59
32 72
32 76
33 5
33 13
33 15
33 16
33 20
33 21
33 29
33 37
33 43
33 48
33 49
33 52
33 54
33 55
33 56
33 57
33 61
33 77
34 5
34 16
34 21
34 46
34 52
34 54
34 56
34 57
34 58
34 62
34 75
34 77
35 0
35 10
35 28
35 29
35 40
35 41
35 42
35 43
35 50
35 58
35 74
35 79
36 6
36 13
36 21
36 24
36 26
36 27
36 28
36 31
36 39
36 42
36 51
36 69
36 75
37 0
37 5
37 8
37 10
37 17
37 33
37 40
37 42
37 50
37 53
37 55
37 57
37 63
37 70
37 72
37 75
38 8
38 23
38 25
38 27
38 31
38 36
38 39
38 51
38 53
39 12
39 14
39 17
39 19
39 36
39 38
39 52
39 70
39 73
40 0
40 6
40 9
40 18
40 35
40 37
40 48
40 55
40 61
40 72
40 77
40 78
41 1
41 3
41 24
41 27
41 31
41 34
41 35
41 49
41 57
41 58
41 59
41 60
41 72
41 79
42 8
42 16
42 25
42 27
42 36
42 57
42 64
42 69
42 76
43 7
43 13
43 20
43 31
43 33
43 34
43 49
43 50
43 51
43 52
43 66
43 77
43 79
44 0
44 3
44 7
44 11
44 15
44 21
44 26
44 29
44 31
44 55
44 58
44 60
44 61
44 79
45 0
45 2
45 4
45 10
45 19
45 29
45 43
45 56
45 58
45 65
46 3
46 7
46 10
46 12
46 26
46 34
46 56
46 74
46 78
47 3
47 11
47 12
47 23
47 44
47 56
47 61
47 62
47 65
47 68
48 2
48 13
48 14
48 16
48 18
48 33
48 40
48 59
48 73
49 9
49 19
49 23
49 33
49 36
49 41
49 43
49 55
49 60
50 7
50 8
50 10
50 11
50 14
50 15
50 20
50 21
50 31
50 35
50 43
50 73
51 30
51 36
51 42
51 54
51 63
51 66
51 67
51 70
51 74
51 75
52 3
52 12
52 24
52 33
52 34
52 39
52 43
52 48
52 60
52 63
52 64
52 70
53 4
53 7
53 10
53 22
53 24
53 36
53 37
53 42
53 55
53 72
54 0
54 5
54 14
54 24
54 25
54 33
54 42
54 51
54 52
54 62
54 66
54 68
54 70
54 73
55 0
55 2
55 5
55 14
55 27
55 31
55 32
55 33
55 40
55 43
55 44
55 49
55 53
55 54
55 59
55 73
56 10
56 17
56 31
56 33
56 34
56 45
56 47
56 55
56 61
56 67
57 2
57 10
57 12
57 19
57 37
57 41
57 42
57 61
57 65
57 67
57 70
57 79
58 0
58 1
58 6
58 11
58 31
58 34
58 36
58 45
58 63
58 68
58 69
58 75
59 25
59 27
59 46
59 55
59 58
59 71
59 73
59 74
59 77
59 79
60 7
60 14
60 41
60 49
60 63
60 64
60 71
61 3
61 14
61 22
61 23
61 33
61 38
61 40
61 44
61 47
61 50
61 56
62 8
62 11
62 27
62 34
62 47
62 54
62 65
62 66
62 70
62 79
63 18
63 24
63 27
63 29
63 37
63 40
63 47
63 51
63 58
63 71
63 79
64 6
64 17
64 19
64 31
64 32
64 42
64 56
64 60
64 77
65 31
65 43
65 52
65 54
65 57
65 74
66 0
66 1
66 4
66 10
66 15
66 16
66 18
66 26
66 28
66 31
66 43
66 49
66 51
66 53
66 54
66 69
66 70
66 73
66 74
66 79
67 3
67 13
67 20
67 21
67 24
67 27
67 51
67 54
67 56
67 57
67 68
67 78
67 79
68 14
68 27
68 40
68 47
68 67
69 0
69 1
69 30
69 38
69 41
69 58
69 64
69 66
69 72
69 75
69 79
70 3
70 14
70 16
70 26
70 28
70 37
70 39
70 42
70 51
70 53
70 57
70 62
70 71
70 72
70 73
71 10
71 20
71 21
71 29
71 51
71 60
71 63
71 66
71 70
71 72
71 75
71 77
72 1
72 6
72 12
72 16
72 18
72 20
72 23
72 27
72 28
72 32
72 37
72 40
72 41
72 51
72 52
72 71
73 10
73 12
73 17
73 19
73 20
73 30
73 37
73 39
73 42
73 50
73 54
73 55
73 56
73 59
73 68
73 70
74 7
74 28
74 33
74 35
74 46
74 51
74 59
74 65
74 66
74 79
75 2
75 5
75 10
75 25
75 30
75 32
75 34
75 36
75 37
75 38
75 51
75 62
75 69
75 78
76 1
76 4
76 14
76 15
76 16
76 17
76 19
76 28
76 31
76 37
76 42
76 56
76 63
76 68
77 9
77 10
77 15
77 27
77 33
77 35
77 51
77 59
77 60
77 64
77 79
78 2
78 13
78 21
78 55
78 60
78 65
78 67
78 75
79 1
79 26
79 43
79 44
79 59
79 63
79 66
79 67
0 1 2 3 4 5
