80 236 6
0 11
0 20
0 54
0 58
1 6
1 37
1 59
2 12
2 15
3 12
3 58
3 67
4 17
4 58
4 67
4 71
5 9
5 59
6 1
6 13
6 32
7 15
7 19
8 29
8 51
9 5
9 50
9 72
10 0
10 33
10 52
11 0
11 15
11 23
11 68
12 2
12 3
12 39
12 70
13 6
13 32
13 55
14 16
14 25
14 26
15 2
15 7
15 53
15 68
15 71
16 9
16 29
16 47
17 4
17 46
17 74
18 13
18 31
18 36
18 45
18 62
19 51
19 59
20 0
20 6
20 28
20 34
20 35
21 39
21 48
21 58
22 39
23 35
24 15
24 27
24 48
24 57
24 73
25 14
25 30
25 63
26 30
27 24
27 28
27 50
28 20
28 34
28 44
28 65
28 75
29 38
29 41
29 53
30 25
30 40
30 51
30 69
32 6
32 45
32 47
32 75
33 10
33 69
34 30
34 42
34 43
35 20
35 23
35 52
35 68
35 71
36 48
37 1
37 38
37 46
37 55
37 71
38 29
38 37
38 52
39 12
39 21
39 22
39 30
39 50
39 79
40 32
40 50
40 65
41 29
41 50
42 0
42 34
42 55
42 62
42 70
43 34
43 42
43 55
44 28
44 56
45 18
45 32
45 48
45 53
45 68
46 17
46 21
46 55
46 74
47 16
47 32
47 56
47 66
47 68
48 21
48 24
48 36
48 45
48 60
48 77
49 8
49 31
49 39
50 5
50 11
50 39
51 1
51 8
51 19
51 30
51 59
51 61
52 11
53 4
53 15
53 29
53 45
53 57
54 1
54 11
54 60
55 0
55 37
55 46
55 69
56 6
56 44
56 61
58 3
58 21
59 1
60 23
60 54
61 51
61 56
61 60
61 64
62 79
63 12
64 61
65 40
66 47
66 77
67 3
67 4
68 5
68 11
68 15
68 35
68 45
68 47
69 30
69 33
69 55
70 42
71 4
71 35
71 44
71 77
72 5
72 9
73 24
74 7
74 46
74 56
75 28
75 78
76 5
76 23
76 37
76 61
77 66
77 71
79 23
79 39
0 1 2 3 4 5
