80 934 16
0 5
0 7
0 14
0 28
0 30
0 32
0 59
0 64
0 65
0 78
1 0
1 9
1 16
1 25
1 44
1 45
1 50
1 54
1 57
1 70
1 79
2 8
2 14
2 22
2 27
2 45
2 46
2 48
2 57
2 76
3 4
3 19
3 23
3 27
3 39
3 41
3 42
3 60
3 62
3 76
4 6
4 16
4 27
4 29
4 31
4 32
4 33
4 34
4 36
4 38
4 42
4 48
4 53
4 58
4 64
4 66
5 0
5 11
5 16
5 20
5 23
5 52
5 56
5 57
5 59
6 2
6 4
6 12
6 13
6 18
6 19
6 20
6 22
6 26
6 27
6 39
6 40
6 41
6 44
6 77
7 0
7 3
7 9
7 19
7 27
7 29
7 30
7 34
7 35
7 37
7 42
7 43
7 45
7 53
7 71
7 74
7 78
8 2
8 28
8 35
8 47
8 54
8 60
8 63
8 74
9 1
9 7
9 18
9 21
9 24
9 26
9 35
9 42
9 44
9 46
9 47
9 49
9 57
9 59
9 63
9 76
10 11
10 14
10 16
10 19
10 20
10 28
10 29
10 33
10 41
10 42
10 50
10 54
10 55
10 62
10 63
10 65
10 76
10 78
11 3
11 5
11 27
11 33
11 44
11 49
11 50
11 52
11 62
11 63
11 67
12 0
12 6
12 11
12 20
12 27
12 36
12 40
12 47
12 59
12 70
12 73
13 14
13 20
13 26
13 28
13 34
13 43
13 58
13 62
13 79
14 3
14 13
14 15
14 21
14 33
14 45
14 48
14 61
14 68
14 72
14 75
15 2
15 11
15 14
15 16
15 20
15 22
15 23
15 26
15 29
15 30
15 32
15 37
15 39
15 43
15 52
15 56
15 58
15 61
15 70
16 1
16 5
16 10
16 13
16 15
16 20
16 26
16 27
16 28
16 34
16 40
16 54
16 59
16 67
16 68
16 71
17 12
17 14
17 30
17 36
17 40
17 53
17 55
17 56
17 75
17 77
17 78
17 79
18 14
18 24
18 27
18 29
18 30
18 38
18 48
18 49
18 51
18 57
18 70
19 3
19 7
19 23
19 25
19 29
19 40
19 60
19 69
19 70
19 79
20 0
20 5
20 10
20 12
20 13
20 16
20 25
20 29
20 33
20 48
20 51
20 57
20 58
20 64
21 7
21 14
21 27
21 33
21 41
21 45
21 47
21 49
21 52
21 53
21 62
21 68
21 71
21 77
22 7
22 14
22 15
22 26
22 35
22 36
22 38
22 47
22 48
22 51
22 73
23 3
23 5
23 15
23 19
23 28
23 31
23 34
23 39
23 51
23 68
24 9
24 15
24 18
24 34
24 47
24 52
24 58
24 68
24 78
25 1
25 16
25 17
25 23
25 26
25 28
25 29
25 34
25 35
25 54
25 69
25 72
25 75
26 2
26 3
26 6
26 16
26 19
26 22
26 27
26 38
26 39
26 57
26 63
26 68
26 69
26 74
27 2
27 7
27 11
27 18
27 34
27 36
27 39
27 40
27 66
27 67
27 76
28 10
28 13
28 14
28 16
28 17
28 23
28 25
28 29
28 40
28 45
28 46
28 62
29 4
29 7
29 10
29 13
29 18
29 19
29 20
29 25
29 28
29 31
29 32
29 38
29 43
29 45
29 50
29 65
29 66
29 78
29 79
30 0
30 10
30 15
30 17
30 18
30 23
30 33
30 36
30 44
30 54
30 58
30 67
30 69
30 76
30 77
31 4
31 23
31 35
31 43
31 48
31 49
31 53
31 61
31 67
31 71
32 0
32 8
32 10
32 12
32 29
32 34
32 41
32 51
32 52
32 54
32 62
32 64
32 66
32 67
32 70
33 10
33 11
33 30
33 38
33 39
33 42
33 46
33 49
33 56
33 60
33 76
33 77
34 3
34 7
34 24
34 25
34 27
34 30
34 32
34 33
34 37
34 42
34 47
34 57
34 58
34 64
34 71
35 7
35 9
35 18
35 22
35 25
35 29
35 39
35 46
35 48
35 54
35 69
35 72
35 74
35 76
35 77
36 4
36 5
36 17
36 27
36 30
36 35
36 38
36 43
36 48
36 49
36 54
36 56
36 70
36 77
36 79
37 1
37 5
37 7
37 15
37 30
37 34
37 54
38 0
38 12
38 18
38 22
38 29
38 33
38 36
38 63
38 71
39 2
39 6
39 23
39 26
39 27
39 29
39 33
39 44
39 47
39 50
39 52
39 63
39 70
39 77
39 78
40 6
40 9
40 10
40 12
40 14
40 17
40 18
40 27
40 28
40 46
40 47
40 49
40 54
40 76
41 6
41 21
41 32
41 35
41 45
42 4
42 9
42 10
42 15
42 27
42 34
43 7
43 8
43 15
43 44
43 52
43 60
44 6
44 9
44 26
44 39
44 43
44 49
44 56
44 65
44 66
44 67
45 1
45 7
45 14
45 19
45 28
45 60
45 65
45 68
45 77
45 79
46 2
46 9
46 14
46 19
46 28
46 33
46 35
46 40
46 48
46 51
46 61
46 70
46 77
46 78
47 8
47 9
47 13
47 16
47 21
47 39
47 53
47 60
47 68
47 69
47 71
47 72
48 2
48 5
48 14
48 15
48 18
48 19
48 22
48 35
48 36
48 51
48 57
48 63
49 9
49 11
49 18
49 31
49 36
49 38
49 44
49 45
49 51
49 56
49 67
49 79
50 1
50 10
50 11
50 29
50 39
50 48
50 51
50 52
50 54
50 55
50 56
50 67
50 68
51 18
51 20
51 26
51 32
51 35
51 38
51 46
51 50
51 64
51 66
51 72
52 5
52 11
52 21
52 23
52 24
52 32
52 39
52 43
52 44
52 50
52 56
52 60
52 69
53 4
53 7
53 17
53 21
53 29
53 39
53 54
53 63
53 77
53 79
54 1
54 8
54 16
54 30
54 32
54 35
54 36
54 40
54 50
54 52
54 53
54 56
54 68
54 71
54 76
55 17
55 31
55 50
55 62
55 77
56 1
56 5
56 13
56 15
56 19
56 27
56 29
56 33
56 36
56 41
56 44
56 49
56 50
56 54
56 60
56 67
56 70
56 73
56 76
56 78
57 0
57 18
57 20
57 48
57 52
57 62
57 65
57 73
57 79
58 10
58 13
58 15
58 19
58 20
58 30
58 34
58 35
58 36
58 40
58 45
58 47
58 50
58 59
58 61
58 73
58 74
58 78
59 0
59 5
59 9
59 10
59 20
59 41
59 55
59 58
59 72
60 3
60 11
60 33
60 45
60 47
60 48
60 52
60 56
60 65
60 74
61 15
61 31
61 35
61 46
61 52
61 58
61 62
61 68
61 70
62 10
62 21
62 23
62 27
62 28
62 32
62 39
62 53
62 55
62 57
62 61
62 68
63 8
63 9
63 10
63 11
63 16
63 23
63 24
63 25
63 26
63 38
63 39
63 52
63 53
63 54
63 67
63 71
64 0
64 4
64 32
64 67
64 68
64 78
65 0
65 1
65 10
65 12
65 44
65 50
65 53
65 64
65 66
65 67
65 72
65 74
65 78
66 4
66 27
66 29
66 30
66 31
66 63
66 65
67 1
67 11
67 19
67 27
67 30
67 32
67 44
67 49
67 50
67 56
67 61
67 63
67 64
67 65
68 6
68 13
68 21
68 26
68 30
68 45
68 50
68 54
68 62
68 71
68 72
68 77
68 79
69 1
69 4
69 19
69 25
69 26
69 30
69 32
69 47
69 66
70 1
70 15
70 19
70 27
70 28
70 32
70 36
70 46
70 50
70 56
70 61
70 66
71 7
71 21
71 29
71 31
71 34
71 38
71 47
71 54
71 55
71 63
71 73
71 74
71 75
72 14
72 29
72 35
72 47
72 52
72 59
72 65
72 68
73 3
73 12
73 36
73 43
73 54
73 58
73 61
73 75
73 77
73 78
74 6
74 26
74 35
74 45
74 49
74 56
74 65
74 71
74 76
75 1
75 25
75 37
75 42
75 49
75 64
75 71
75 77
76 3
76 10
76 27
76 30
76 32
76 33
76 40
76 50
76 54
76 55
76 56
76 74
77 8
77 17
77 21
77 36
77 45
77 46
77 59
78 0
78 7
78 10
78 17
78 24
78 29
78 39
78 58
78 59
78 65
79 1
79 17
79 19
79 29
79 43
79 49
79 57
79 68
0 1 2 3 4 5 6 7 8 9 10 11 12 13 14 15
