80 236 8
0 14
0 27
0 43
0 52
1 7
1 19
1 56
1 78
2 0
2 13
2 57
3 15
3 42
3 66
4 6
4 11
4 15
4 63
5 37
6 60
7 1
7 29
8 6
8 11
8 25
8 34
9 5
9 27
10 12
10 35
10 42
10 55
11 4
11 8
11 34
12 26
13 2
13 41
13 71
14 0
14 13
14 28
14 38
14 63
15 3
15 4
15 36
16 14
16 23
17 23
17 42
17 46
17 49
17 75
18 31
18 60
19 1
19 26
19 36
19 56
19 70
20 32
20 70
20 75
20 77
21 6
22 40
22 50
22 61
23 16
23 41
24 17
24 31
24 69
25 62
26 13
27 0
27 9
27 73
27 74
28 7
28 12
28 42
28 48
28 71
28 72
29 7
29 70
30 68
30 73
31 18
31 24
31 33
31 51
31 54
32 40
32 47
32 52
32 62
33 8
33 67
33 78
35 10
35 41
35 65
36 14
36 60
36 75
37 8
37 40
37 44
37 45
37 63
37 75
38 68
39 46
39 79
40 27
40 32
40 37
40 69
40 75
40 79
41 13
41 23
41 35
41 65
42 0
42 3
42 10
42 17
42 69
43 56
43 74
44 27
44 37
44 50
44 59
45 37
45 47
45 77
46 17
46 35
46 39
46 42
46 67
47 32
47 58
47 64
48 1
48 28
48 35
48 50
48 68
49 7
49 9
49 74
50 0
50 22
50 44
50 48
50 57
50 58
50 66
50 76
51 1
51 31
51 73
51 74
52 32
52 68
53 75
54 61
55 56
56 1
56 43
56 66
57 2
57 50
58 6
58 50
58 63
58 67
60 6
60 18
60 26
60 33
60 36
60 41
61 22
61 33
61 54
62 25
62 32
63 4
63 58
63 60
63 68
64 47
64 77
65 35
66 3
66 56
67 46
67 58
67 59
67 73
68 38
68 48
68 63
69 24
69 42
69 63
70 19
70 20
70 44
71 13
71 28
72 47
73 27
73 51
73 67
74 27
74 49
75 37
75 40
75 77
76 3
76 50
76 79
77 20
77 75
78 1
78 22
78 33
79 39
0 1 2 3 4 5 6 7
