80 514 20
0 5
0 6
0 20
0 24
0 27
0 28
0 45
0 48
0 66
0 75
0 78
1 18
1 40
1 46
1 50
1 64
1 75
2 8
2 33
2 52
2 60
2 61
3 2
3 7
3 11
3 26
3 27
3 42
3 43
3 61
3 67
4 0
4 66
4 74
5 0
5 35
5 41
5 61
5 67
5 69
5 70
6 0
6 18
6 27
6 31
6 38
6 45
6 52
6 55
6 60
6 62
6 74
7 8
7 29
7 44
7 46
7 52
7 61
8 4
8 29
8 48
8 57
9 3
9 14
9 31
9 66
9 75
9 77
10 0
10 19
10 32
10 42
10 44
10 52
10 55
11 3
11 16
11 20
11 25
11 44
11 46
11 53
12 28
12 47
12 49
12 51
12 71
12 74
13 20
13 31
13 34
13 37
13 39
13 41
13 68
13 71
13 72
14 9
14 26
14 31
14 33
14 41
14 48
14 72
15 3
15 21
15 28
15 30
15 41
15 44
15 51
15 58
15 67
16 29
16 33
16 34
16 37
16 40
16 53
17 19
17 31
17 33
17 35
17 39
17 49
17 50
17 51
17 54
17 61
18 1
18 6
18 49
18 73
18 76
19 10
19 16
19 17
19 23
19 31
19 36
19 49
19 50
19 51
19 55
19 61
19 78
20 4
20 11
20 23
20 24
20 28
20 36
20 37
20 43
20 64
20 75
21 69
22 33
22 44
22 57
22 59
22 60
22 66
22 68
22 69
23 0
23 19
23 20
23 52
23 56
24 2
24 39
24 56
24 68
25 52
25 55
25 63
25 67
25 79
26 25
26 68
27 0
27 3
27 6
27 26
27 36
27 54
27 61
27 62
27 68
27 76
27 78
28 0
28 12
28 15
28 20
28 43
28 69
28 73
29 2
29 7
29 8
29 16
29 38
29 59
29 65
29 70
29 73
29 75
30 12
30 50
30 78
30 79
31 2
31 8
31 9
31 13
31 14
31 17
31 55
31 75
32 10
32 37
32 39
32 47
32 70
32 74
32 76
33 2
33 16
33 18
34 13
34 16
34 21
34 47
34 53
34 55
34 77
34 78
35 44
36 14
36 15
36 20
36 22
36 27
36 30
36 37
36 42
36 56
36 57
36 67
36 68
37 12
37 13
37 16
37 20
37 29
37 32
37 36
37 44
38 0
38 5
38 20
38 41
38 42
38 43
38 57
38 62
38 73
39 24
39 32
39 44
39 52
39 57
39 58
39 67
39 78
40 0
40 1
40 16
40 77
41 1
41 13
41 23
41 26
41 27
41 38
41 55
41 57
41 67
42 3
42 4
42 32
42 36
42 38
42 44
43 19
43 38
43 74
44 11
44 39
44 63
44 65
44 74
45 0
45 6
45 53
45 76
46 7
46 11
46 14
46 39
46 48
46 54
46 67
46 77
47 19
47 32
47 42
47 51
48 0
48 2
48 8
48 14
48 70
49 12
49 17
49 18
49 19
49 50
49 63
49 64
50 1
50 19
50 22
50 30
50 51
50 58
50 74
51 12
51 15
51 17
51 19
51 24
51 34
51 47
51 58
51 62
51 77
51 78
52 2
52 6
52 23
52 25
52 39
52 48
52 65
52 79
53 11
53 34
53 63
53 68
53 78
54 9
54 17
54 27
54 43
54 58
54 69
54 72
54 77
55 2
55 19
55 31
55 39
55 41
55 61
55 66
56 36
57 8
57 9
57 22
57 36
57 38
57 39
57 44
57 63
58 12
58 25
58 39
58 50
58 51
58 54
58 62
59 42
59 60
59 64
60 2
60 9
60 59
60 79
61 7
61 17
61 19
61 41
61 70
62 38
62 51
62 66
63 44
63 53
63 57
64 1
64 2
64 20
64 22
64 30
64 42
64 49
64 55
64 77
65 29
65 44
65 52
65 59
65 72
66 0
66 4
66 9
66 12
66 34
66 55
67 15
67 25
67 36
67 39
67 41
67 46
67 55
67 77
68 13
68 18
68 22
68 27
68 35
68 53
68 74
68 77
69 5
69 21
69 22
69 28
69 71
69 78
70 61
71 12
71 13
71 35
71 69
71 75
71 79
72 5
72 13
72 14
72 54
72 78
73 28
73 29
73 38
73 59
74 4
74 6
74 12
74 25
74 32
74 44
74 68
74 78
75 0
75 1
75 9
75 20
75 31
75 42
75 66
75 71
75 76
75 79
76 18
76 19
76 24
76 45
76 74
77 17
77 19
77 25
77 46
77 51
77 60
77 64
78 0
78 19
78 26
78 27
78 39
78 51
78 69
78 74
79 4
79 25
79 30
79 52
79 71
79 75
0 1 2 3 4 5 6 7 8 9 10 11 12 13 14 15 16 17 18 19
