80 514 6
0 12
0 16
0 37
0 41
0 45
0 52
1 21
1 24
1 28
1 34
1 37
1 46
1 57
1 63
1 64
1 68
1 78
2 11
2 37
2 68
2 70
3 0
3 2
3 12
3 41
3 59
4 59
4 69
4 75
4 77
5 14
5 18
5 66
5 73
6 27
6 36
6 39
6 42
6 48
6 63
6 76
7 8
7 14
7 42
7 45
7 49
7 56
7 64
8 7
8 10
8 17
8 19
8 26
8 29
8 53
8 76
9 10
9 32
9 46
9 51
9 55
9 57
10 9
10 47
10 57
10 63
10 67
11 6
11 18
11 36
11 37
11 51
11 56
11 62
11 65
11 72
12 0
12 23
12 28
12 38
12 43
12 79
13 4
13 21
13 33
13 76
14 25
14 46
14 59
15 2
15 37
15 51
15 74
16 0
16 22
16 24
16 29
16 51
16 55
16 68
16 69
16 77
17 8
17 33
17 62
17 69
17 72
17 73
17 79
18 11
18 26
18 42
18 43
18 48
18 65
18 70
18 73
18 74
18 79
19 2
19 33
19 41
19 46
19 50
19 52
19 53
19 68
20 29
20 32
20 36
20 44
20 57
21 1
21 13
21 34
21 36
21 37
21 41
21 42
21 54
21 55
21 64
21 75
22 16
22 29
22 56
22 59
22 64
22 66
22 76
22 77
23 5
23 12
23 56
23 59
23 70
24 1
24 16
24 59
24 67
24 79
25 0
25 14
25 40
25 49
25 60
26 3
26 8
26 37
26 42
26 59
27 33
27 35
27 39
27 42
27 67
28 1
28 5
28 12
28 32
28 37
28 51
28 61
29 2
29 16
29 22
29 40
29 55
29 58
30 17
30 29
30 40
30 51
30 64
30 67
30 68
31 22
31 32
31 41
31 43
31 47
31 73
32 9
32 20
32 28
32 31
32 33
32 37
32 57
32 60
32 66
33 6
33 13
33 17
33 27
33 58
34 1
34 55
34 69
35 38
35 41
35 76
36 20
36 21
36 30
36 46
36 64
36 74
36 78
37 1
37 2
37 15
37 21
37 24
37 32
37 46
37 48
37 57
37 67
37 70
38 12
38 23
38 35
38 44
38 52
39 25
39 27
39 46
39 50
39 60
39 74
40 0
40 2
40 25
40 29
40 30
40 34
40 39
40 41
40 50
40 51
40 53
40 70
41 19
41 27
41 29
41 35
41 40
41 50
41 78
42 9
42 18
42 26
43 12
43 28
43 31
43 50
43 59
43 64
44 20
44 71
45 0
45 3
45 7
45 21
45 73
46 1
46 5
46 9
46 19
46 36
46 39
46 64
46 66
46 73
47 10
47 29
47 31
47 52
47 71
48 6
48 18
48 31
48 58
49 7
49 20
49 54
49 57
50 33
50 39
50 41
50 43
51 9
51 15
51 16
51 20
51 55
51 66
51 71
51 72
51 76
51 78
52 0
52 21
52 36
52 64
52 74
53 8
53 22
53 40
53 50
54 0
54 21
54 37
54 49
54 56
54 64
54 68
55 9
55 21
56 22
56 38
56 54
56 55
56 57
56 69
56 72
56 73
57 1
57 9
57 10
57 20
57 29
57 37
57 64
57 65
57 69
57 73
57 77
58 1
58 29
58 33
58 51
58 68
58 69
58 75
58 79
59 3
59 14
59 18
59 22
59 23
59 24
59 26
59 43
59 60
59 61
59 67
59 77
60 9
60 32
60 39
60 59
60 65
60 71
61 28
61 59
61 62
61 69
62 9
62 17
62 71
63 20
63 65
63 67
63 76
64 1
64 13
64 21
64 25
64 26
64 36
64 43
64 44
64 46
64 54
64 69
65 11
65 13
65 18
65 57
65 63
65 77
65 78
66 0
66 5
66 12
66 22
66 28
66 46
66 51
66 71
66 73
67 10
67 12
67 30
67 48
67 62
67 68
67 70
67 71
67 73
68 1
68 2
68 9
68 16
68 19
68 54
68 58
68 74
68 76
68 77
69 2
69 4
69 6
69 24
69 34
69 37
69 58
69 67
69 76
69 77
70 2
70 18
70 23
70 40
70 45
70 64
71 16
71 44
71 47
71 51
71 60
71 62
71 64
71 67
71 75
71 78
72 17
72 49
72 51
72 71
72 74
73 5
73 18
73 45
73 46
73 49
73 56
73 57
73 66
74 18
74 39
74 49
74 68
74 72
75 4
75 17
75 21
75 27
75 58
75 62
75 71
76 6
76 13
76 22
76 35
76 63
76 68
76 69
77 22
77 50
77 57
77 59
77 64
77 68
78 1
78 27
78 36
78 41
78 51
78 65
79 18
79 58
0 1 2 3 4 5
