80 236 6
0 19
0 27
0 49
0 54
0 57
0 67
1 78
2 24
2 33
2 54
2 57
2 65
2 72
3 46
3 58
3 75
4 9
4 42
5 73
6 24
7 40
7 52
8 46
9 4
9 15
9 78
10 11
10 40
10 57
11 10
11 31
11 34
12 18
12 20
12 75
13 40
14 0
14 25
14 71
15 9
15 16
15 27
15 40
15 48
15 51
15 69
15 77
16 15
16 33
16 43
16 68
16 79
17 5
17 40
17 42
17 61
17 66
18 7
18 12
18 36
18 52
18 58
19 0
19 27
19 41
19 70
19 77
20 12
20 28
21 31
22 44
22 54
22 78
23 75
23 77
24 2
24 6
24 39
24 52
25 26
25 56
25 57
26 44
26 47
26 49
27 0
27 19
27 35
27 37
28 19
28 20
29 4
29 69
30 37
30 55
31 21
32 13
32 49
32 60
32 70
33 2
33 16
33 50
33 56
33 58
33 59
34 37
34 50
35 27
35 74
36 18
36 43
36 64
37 27
37 30
37 34
37 58
37 73
39 15
40 7
40 8
40 10
40 15
40 17
40 59
40 72
41 19
41 45
41 51
42 0
42 5
43 27
43 36
44 22
44 45
44 56
44 73
44 75
45 41
45 44
45 56
45 62
46 72
47 26
48 15
48 50
48 62
48 69
49 1
49 26
49 32
49 59
49 71
49 72
50 33
50 34
50 48
50 60
50 73
51 68
51 71
52 0
52 8
52 38
52 63
52 65
53 57
53 61
53 71
54 2
55 30
55 71
56 5
56 11
56 12
56 33
56 45
57 0
57 2
57 25
58 3
58 18
58 33
58 37
59 9
59 49
60 32
60 50
60 62
61 17
61 53
61 59
61 78
62 48
62 59
62 60
62 74
63 44
64 71
65 2
65 20
65 52
66 20
66 73
67 0
68 20
69 48
70 19
70 27
70 40
71 0
71 49
71 53
71 55
71 61
71 64
72 2
72 40
72 46
72 47
73 5
73 11
73 31
73 50
74 35
74 62
75 3
75 23
76 11
77 15
77 19
77 30
78 1
78 5
78 22
79 2
0 1 2 3 4 5
