80 181 8
0 43
0 50
0 55
0 62
1 25
1 42
2 0
2 68
2 76
3 2
3 36
3 55
3 63
4 74
5 6
5 69
6 5
7 18
7 44
7 58
9 46
10 5
11 23
12 50
13 8
13 57
14 23
15 18
15 38
15 56
15 71
16 44
17 65
18 7
18 62
19 20
19 41
19 59
20 16
21 33
21 38
22 70
23 11
23 14
23 21
24 56
24 71
24 74
25 1
25 27
25 40
26 52
26 73
26 76
27 25
27 39
27 55
27 75
28 47
29 65
30 38
30 40
30 78
31 26
31 72
31 79
32 13
32 23
32 37
32 55
32 61
32 67
33 20
33 21
33 51
34 45
34 51
34 61
36 3
36 33
36 51
36 66
37 32
37 60
38 15
38 21
38 43
38 61
39 43
40 30
41 22
41 59
41 64
41 65
42 1
42 46
42 74
43 0
43 35
43 38
43 65
44 7
45 34
45 64
45 78
46 9
46 62
46 72
48 1
48 12
49 52
49 60
49 64
50 0
50 12
50 36
51 33
51 34
51 36
51 47
51 69
51 79
52 26
52 50
52 56
52 72
53 0
53 77
54 63
55 3
55 27
55 57
55 79
57 13
57 47
58 0
58 7
59 20
59 60
60 49
60 59
60 70
61 32
61 34
61 38
62 9
62 18
62 46
62 77
63 3
63 54
63 65
64 45
64 49
65 15
65 17
66 36
67 32
68 2
69 5
69 51
70 60
71 15
72 31
72 46
72 52
73 26
74 4
74 42
74 75
75 27
75 50
75 74
76 2
77 35
77 53
77 62
78 45
79 13
79 51
79 55
0 1 2 3 4 5 6 7
