160 1207 7
0 27
0 43
0 55
0 97
0 101
0 104
1 15
1 24
1 31
1 36
1 79
1 82
1 87
1 99
1 113
1 114
1 131
1 146
2 43
2 59
2 90
2 101
2 146
3 48
3 81
3 98
3 137
3 146
4 5
4 12
4 111
4 148
5 0
5 14
5 46
5 52
5 83
5 95
5 96
5 149
6 14
6 18
6 22
6 31
6 33
6 73
6 107
6 136
6 138
6 143
7 10
7 18
7 43
7 48
7 49
7 54
7 93
7 103
7 126
7 127
8 84
8 92
8 100
8 115
8 153
9 30
9 38
9 67
9 81
9 101
9 120
9 121
9 139
9 154
10 7
10 12
10 17
10 78
10 126
10 159
11 1
11 33
11 45
11 70
11 101
11 110
11 118
11 124
12 10
12 11
12 25
12 28
12 35
12 128
12 159
13 34
13 47
13 49
13 64
13 74
13 77
13 115
13 140
14 6
14 27
14 65
14 70
14 99
14 101
14 140
14 143
15 1
15 17
15 21
15 36
15 42
15 56
15 57
15 62
15 65
15 92
16 18
16 24
16 29
16 44
16 51
17 5
17 10
17 11
17 15
17 23
17 47
17 53
17 61
17 119
17 153
18 3
18 16
18 56
18 75
18 101
18 117
18 143
19 35
19 55
19 58
19 62
19 68
19 72
19 95
19 113
19 114
19 140
20 18
20 40
20 68
20 114
20 116
20 132
20 144
20 156
21 15
21 31
21 53
21 61
21 65
21 143
22 19
22 25
22 41
22 47
22 94
22 121
23 17
23 109
23 155
24 1
24 48
24 56
24 61
24 64
24 95
24 101
24 128
24 130
24 143
24 144
25 10
25 12
25 49
25 64
25 69
25 72
25 81
25 96
25 101
26 28
26 30
26 42
26 45
26 71
26 82
26 156
27 0
27 4
27 29
27 41
27 43
27 55
27 80
27 88
27 118
27 126
27 144
28 12
28 48
28 63
28 80
28 84
28 98
28 112
28 116
28 126
28 155
29 16
29 28
29 39
29 42
29 54
29 94
29 97
29 124
29 140
30 17
30 26
30 45
30 50
30 77
30 90
30 113
30 122
31 1
31 2
31 6
31 10
31 21
31 83
31 84
32 118
33 6
33 11
33 61
33 102
33 106
33 119
34 13
34 67
34 72
34 92
34 129
34 130
34 154
35 4
35 12
35 19
35 24
35 74
35 93
35 98
35 114
35 130
36 1
36 15
36 54
36 56
36 60
36 61
36 133
36 138
37 22
37 38
37 43
37 52
37 62
37 87
37 108
37 120
38 2
38 28
38 37
38 58
38 62
38 75
38 91
38 118
38 129
38 134
38 139
39 22
39 29
39 46
39 51
39 59
39 63
39 108
39 118
39 131
39 150
39 151
39 152
39 155
40 56
40 58
40 77
40 94
40 111
40 137
40 158
41 22
41 27
41 52
41 96
41 108
41 124
41 132
41 137
41 140
42 26
42 29
42 39
42 67
42 105
42 119
42 151
42 159
43 0
43 2
43 7
43 37
43 39
43 49
43 64
43 80
43 86
43 158
44 16
44 49
44 65
44 74
44 109
44 147
45 11
45 26
45 30
45 55
45 102
46 95
46 97
46 116
46 119
46 132
46 138
47 25
47 43
47 53
47 108
47 111
47 142
48 3
48 13
48 24
48 28
48 57
48 58
48 68
48 83
48 90
48 98
48 104
48 109
48 141
48 154
48 158
49 7
49 43
49 44
49 50
49 57
49 90
49 95
50 30
50 49
50 51
50 62
50 96
50 98
50 112
50 124
51 8
51 16
51 24
51 39
51 50
51 52
51 53
51 59
51 79
51 116
51 127
52 21
52 37
52 41
52 48
52 51
52 56
52 57
52 84
52 140
52 157
52 158
53 17
53 18
53 21
53 51
53 112
53 115
53 128
53 129
53 137
53 158
54 0
54 7
54 23
54 29
54 36
54 70
54 87
54 105
54 118
54 140
55 19
55 56
55 91
55 100
55 128
55 131
55 136
55 143
56 15
56 18
56 22
56 24
56 27
56 40
56 52
56 63
56 71
56 100
56 107
56 114
57 15
57 48
57 49
57 52
57 60
57 64
57 66
57 94
57 144
58 2
58 13
58 38
58 48
58 67
58 124
58 145
58 155
59 2
59 71
59 75
59 86
59 90
59 111
59 130
59 137
60 35
60 36
60 57
61 17
61 33
61 36
61 67
61 86
61 87
61 131
62 2
62 19
62 37
62 40
62 44
62 50
62 88
62 102
62 105
62 119
63 8
63 28
63 39
63 56
63 104
63 149
64 13
64 43
64 57
64 90
64 122
64 124
64 145
64 149
65 20
65 21
65 74
65 80
65 84
65 86
65 113
66 57
66 96
66 107
66 109
66 123
66 150
67 34
67 42
67 58
67 61
67 100
67 116
68 19
68 56
68 63
68 82
68 86
68 117
68 139
68 158
69 25
69 76
69 81
69 115
69 128
69 146
70 14
70 54
70 112
70 124
70 144
70 158
71 26
71 56
71 59
71 108
71 150
72 19
72 74
72 91
72 122
72 139
73 72
73 81
73 86
73 111
73 126
73 132
73 152
74 13
74 32
74 44
74 65
74 72
74 79
75 18
75 59
75 70
75 78
75 96
75 104
75 122
75 124
76 7
76 44
76 69
76 74
76 86
76 94
76 110
76 116
76 128
76 130
76 145
76 156
77 30
77 40
77 99
77 105
77 121
77 122
78 41
78 108
78 126
78 139
79 1
79 3
79 38
79 51
79 56
79 74
79 107
79 111
79 144
80 27
80 28
80 43
80 46
80 54
80 58
80 65
80 72
80 103
80 106
80 136
81 8
81 25
81 69
81 99
81 112
81 116
81 144
81 150
82 1
82 26
82 91
82 92
82 126
83 26
83 31
83 93
83 101
83 111
83 115
83 119
83 122
83 125
83 144
83 152
84 8
84 28
84 65
84 93
84 134
85 0
85 41
85 99
85 107
85 108
85 142
85 156
86 43
86 61
86 76
86 96
86 97
86 102
86 106
86 117
86 124
86 156
87 1
87 19
87 54
87 96
87 104
87 116
87 147
88 62
88 74
88 101
88 103
88 105
88 113
89 27
89 124
89 147
90 2
90 49
90 54
90 64
90 72
90 100
90 118
91 38
91 54
91 78
91 82
91 86
91 88
91 132
92 1
92 8
92 16
92 82
92 100
92 110
92 119
92 127
92 147
93 7
93 61
93 83
93 84
93 108
93 126
93 159
94 29
94 57
94 85
94 89
94 120
94 125
94 135
94 152
95 5
95 24
95 32
95 49
95 67
95 96
95 110
95 128
96 50
96 66
96 75
96 87
96 95
96 133
96 143
97 25
97 29
97 46
97 86
98 3
98 28
98 145
98 148
99 77
99 85
99 106
99 113
99 115
100 46
100 55
100 56
100 78
100 117
101 0
101 11
101 14
101 18
101 25
101 32
101 46
101 81
101 111
101 138
101 151
101 153
102 16
102 33
102 45
102 62
102 111
102 119
102 130
103 7
103 25
103 80
103 111
103 116
103 122
103 136
103 152
104 0
104 38
104 48
104 63
104 75
104 87
104 113
104 123
104 128
104 134
104 148
105 4
105 42
105 79
105 88
105 107
105 119
105 143
106 33
106 80
106 86
106 99
106 116
106 121
106 149
106 154
107 58
107 82
107 105
107 138
107 154
107 158
108 14
108 37
108 41
108 47
108 85
108 159
109 23
109 31
109 44
109 66
109 70
109 118
110 11
110 76
110 92
110 95
110 128
110 132
110 158
111 4
111 20
111 40
111 47
111 59
111 73
111 79
111 83
111 101
111 102
111 103
111 148
112 23
112 50
112 70
112 79
112 135
112 158
113 1
113 19
113 30
113 32
113 45
113 88
113 94
113 104
113 133
114 1
114 5
114 19
114 20
114 29
114 35
114 64
114 104
114 121
114 142
114 152
115 8
115 13
115 53
115 69
115 72
115 88
115 99
115 101
116 46
116 61
116 67
116 81
116 103
116 106
116 146
116 153
116 157
117 18
117 39
117 68
117 74
117 86
117 97
117 100
117 136
117 155
118 2
118 11
118 38
118 54
118 90
118 96
118 109
118 121
118 133
119 42
119 46
119 50
119 62
119 83
119 92
119 102
119 105
119 125
119 145
120 9
120 59
120 82
120 95
120 126
121 22
121 77
121 103
121 106
121 114
121 118
121 139
121 144
122 42
122 64
122 72
122 73
122 75
122 77
122 83
122 92
122 103
122 117
122 129
123 22
123 66
123 110
123 124
123 133
123 134
123 141
124 29
124 41
124 50
124 58
124 70
124 89
124 114
124 119
124 123
124 130
124 138
125 29
125 94
125 100
125 136
125 141
125 158
126 7
126 10
126 28
126 32
126 73
126 91
126 93
126 132
126 133
127 7
127 51
127 92
127 128
128 12
128 24
128 69
128 95
128 104
128 110
128 127
128 130
128 152
129 21
129 34
129 53
129 71
129 72
129 122
130 34
130 59
130 60
130 76
130 88
130 102
130 124
130 128
130 139
130 140
131 1
131 39
131 55
131 61
131 101
131 115
131 142
131 152
131 153
132 19
132 41
132 42
132 46
132 73
132 91
132 110
132 120
132 126
132 139
133 36
133 42
133 46
133 47
133 48
133 53
133 80
133 96
133 113
134 38
134 61
134 89
134 104
134 136
134 141
135 0
135 94
135 126
135 140
136 50
136 55
136 80
136 120
136 125
136 146
137 3
137 41
137 121
138 6
138 36
138 46
138 93
138 101
138 107
138 124
139 9
139 20
139 44
139 68
139 72
139 75
139 78
139 112
139 121
139 130
140 14
140 19
140 29
140 41
140 52
140 54
140 59
140 68
140 70
140 130
140 150
140 155
141 1
141 48
141 99
141 125
141 134
142 30
142 47
142 70
142 85
142 114
143 14
143 18
143 24
143 55
143 96
143 105
143 111
143 117
143 142
143 147
144 24
144 56
144 57
144 79
144 81
144 91
144 121
144 146
144 147
145 76
145 98
145 149
146 69
146 92
146 116
146 119
146 136
146 144
147 53
147 68
147 87
147 89
147 92
147 135
147 143
147 144
148 1
148 4
148 48
148 56
148 65
148 104
148 155
149 5
149 18
149 62
149 64
149 117
149 145
150 66
150 73
150 81
150 140
151 23
151 39
151 42
151 60
152 39
152 72
152 73
152 94
152 103
152 114
152 128
153 8
153 101
153 120
153 146
154 9
154 34
154 67
154 105
154 106
154 107
155 28
155 38
155 39
155 46
155 50
155 117
155 140
155 142
156 20
156 26
156 56
156 76
156 79
156 85
156 86
156 87
156 135
157 52
157 116
157 134
158 4
158 43
158 48
158 53
158 68
158 107
158 110
158 125
158 132
159 10
159 13
159 42
159 90
159 108
159 124
159 150
0 1 2 3 4 5 6
