160 465 40
0 59
0 63
0 75
0 83
0 84
0 94
0 119
0 148
0 151
1 17
1 42
1 53
1 59
1 77
1 136
2 10
2 29
2 33
2 38
3 101
4 88
4 90
4 109
4 119
5 11
5 42
5 156
6 20
6 32
6 75
7 69
8 70
9 31
10 2
10 127
11 5
11 49
11 50
11 68
12 142
13 118
13 139
14 17
14 113
15 22
15 54
16 39
17 1
17 14
17 36
17 52
17 130
18 66
18 88
18 93
18 100
19 25
19 45
19 142
19 144
20 6
20 62
20 81
21 56
21 71
21 151
21 153
22 15
22 89
22 117
23 103
24 46
25 19
25 57
26 33
26 57
26 75
27 57
27 146
28 103
28 111
29 2
29 68
30 134
31 9
31 133
32 6
32 62
32 86
32 132
33 2
33 26
33 61
33 69
33 114
33 124
33 143
34 35
34 90
34 114
34 124
34 146
35 34
35 64
35 81
35 127
36 17
36 43
36 54
36 112
36 155
37 103
38 2
38 102
38 130
39 16
39 59
39 62
39 134
40 52
40 100
41 50
41 94
42 1
42 5
42 155
43 0
43 36
43 56
43 66
43 102
43 116
43 120
44 46
44 59
44 67
44 101
44 103
44 123
45 19
45 55
45 102
46 24
46 44
46 60
46 122
46 139
46 149
47 158
48 114
49 11
50 11
50 41
50 103
50 145
51 33
51 98
52 17
52 40
52 99
53 1
54 15
54 36
54 82
55 45
56 21
56 43
56 130
57 25
57 26
57 27
57 99
57 101
57 119
57 147
58 69
58 83
58 146
59 0
59 1
59 39
59 44
59 62
59 90
59 114
60 46
60 99
60 130
60 152
61 33
61 110
61 137
62 20
62 32
62 39
62 59
62 85
62 115
63 0
63 97
64 35
64 96
64 150
64 152
65 99
65 149
66 18
66 43
66 106
66 158
67 44
67 130
67 140
68 11
68 29
69 7
69 33
69 58
69 70
69 98
69 108
70 8
70 69
71 21
71 72
71 76
72 71
72 98
72 105
73 92
73 95
73 112
73 126
74 103
75 0
75 6
75 26
75 99
76 71
76 132
77 1
77 123
78 87
79 110
79 122
80 106
80 107
81 20
81 35
82 54
82 111
83 58
83 98
84 0
84 91
84 131
84 158
85 62
85 159
86 32
86 108
86 121
87 78
87 96
87 100
87 115
88 4
88 18
89 22
90 4
90 34
90 59
91 84
91 97
91 117
91 130
92 73
93 18
93 146
94 41
94 95
95 73
95 94
95 128
95 147
96 64
96 87
96 123
96 129
97 63
97 91
98 69
98 72
98 83
99 52
99 57
99 60
99 65
99 75
99 132
99 133
99 151
100 18
100 40
100 87
101 3
101 16
101 44
101 57
101 105
101 131
101 141
102 38
102 43
102 45
102 138
102 148
103 23
103 28
103 37
103 44
103 50
103 74
103 118
104 67
104 115
105 72
105 101
105 127
106 66
106 80
106 132
107 80
107 136
108 69
108 86
109 4
110 61
110 79
111 28
111 82
112 36
112 73
112 116
112 123
113 14
114 33
114 34
114 48
114 59
114 127
115 62
115 87
115 104
115 125
116 43
116 112
116 140
117 22
117 91
117 146
118 13
118 103
119 0
119 4
119 57
119 154
120 43
120 136
121 86
121 136
122 46
122 79
123 44
123 77
123 112
123 139
124 34
124 125
125 115
125 124
126 73
127 10
127 35
127 105
127 114
128 95
129 96
129 157
130 17
130 38
130 56
130 60
130 67
130 91
131 84
131 101
131 157
132 32
132 76
132 99
132 106
132 134
133 31
133 99
134 30
134 39
134 132
135 153
136 1
136 121
136 157
137 61
138 102
138 151
139 13
139 46
139 123
140 67
140 116
141 101
142 12
142 19
143 33
143 136
143 156
144 19
144 155
145 50
146 27
146 34
146 58
146 93
146 117
147 37
147 57
147 95
147 157
148 0
148 102
149 65
149 99
150 64
151 0
151 21
151 99
151 138
152 60
152 64
153 21
153 135
154 119
155 36
155 42
155 144
156 5
156 143
157 129
157 131
157 136
157 147
158 47
158 66
158 84
159 85
0 1 2 3 4 5 6 7 8 9 10 11 12 13 14 15 16 17 18 19 20 21 22 23 24 25 26 27 28 29 30 31 32 33 34 35 36 37 38 39
