160 3802 40
0 6
0 14
0 18
0 24
0 26
0 29
0 43
0 49
0 52
0 57
0 58
0 60
0 63
0 76
0 79
0 80
0 83
0 87
0 99
0 114
0 123
0 125
0 132
0 136
0 139
0 140
0 152
0 153
1 2
1 12
1 27
1 33
1 39
1 50
1 56
1 58
1 63
1 67
1 84
1 85
1 87
1 112
1 114
1 119
1 125
1 126
1 129
1 133
1 135
1 136
1 138
1 139
1 146
1 148
1 150
1 152
1 156
1 157
2 10
2 25
2 28
2 29
2 40
2 55
2 60
2 65
2 68
2 71
2 81
2 89
2 93
2 94
2 104
2 110
2 117
2 129
2 133
2 139
3 12
3 14
3 17
3 35
3 36
3 37
3 38
3 42
3 47
3 51
3 55
3 61
3 62
3 65
3 75
3 90
3 92
3 94
3 97
3 103
3 108
3 112
3 117
3 121
3 122
3 129
3 131
3 133
3 140
3 142
3 145
3 148
4 0
4 13
4 18
4 19
4 28
4 34
4 39
4 41
4 46
4 49
4 58
4 65
4 68
4 70
4 74
4 77
4 81
4 92
4 97
4 108
4 110
4 132
4 136
4 138
4 139
4 142
4 145
4 153
4 154
4 156
5 9
5 22
5 26
5 41
5 43
5 45
5 51
5 57
5 60
5 75
5 79
5 81
5 97
5 107
5 126
5 148
6 0
6 5
6 9
6 10
6 16
6 26
6 35
6 49
6 50
6 52
6 56
6 59
6 60
6 62
6 63
6 70
6 76
6 80
6 101
6 105
6 111
6 114
6 120
6 129
6 134
6 152
7 6
7 10
7 12
7 17
7 28
7 30
7 39
7 44
7 47
7 57
7 63
7 88
7 89
7 91
7 107
7 108
7 111
7 112
7 114
7 121
7 122
7 123
7 126
7 128
7 135
7 141
7 146
8 11
8 18
8 33
8 40
8 42
8 44
8 48
8 49
8 58
8 71
8 76
8 102
8 108
8 112
8 115
8 117
8 123
8 125
8 126
8 129
8 131
8 137
8 147
8 157
9 5
9 10
9 11
9 13
9 22
9 24
9 30
9 41
9 42
9 46
9 54
9 55
9 59
9 62
9 76
9 77
9 79
9 89
9 94
9 127
9 136
9 152
9 155
9 156
9 159
10 2
10 6
10 7
10 23
10 29
10 33
10 37
10 45
10 47
10 56
10 71
10 75
10 87
10 95
10 97
10 104
10 121
10 122
10 128
10 131
10 133
10 140
10 146
10 149
10 151
10 155
11 6
11 8
11 9
11 10
11 17
11 26
11 32
11 39
11 43
11 71
11 76
11 85
11 89
11 91
11 94
11 97
11 110
11 117
11 119
11 125
11 131
11 132
11 135
11 154
11 155
12 3
12 6
12 7
12 19
12 28
12 33
12 42
12 48
12 51
12 55
12 68
12 74
12 79
12 83
12 95
12 99
12 102
12 105
12 108
12 112
12 122
12 126
12 130
12 136
12 137
12 138
12 140
12 146
12 149
12 155
13 4
13 14
13 20
13 39
13 41
13 48
13 52
13 55
13 60
13 62
13 71
13 78
13 81
13 82
13 84
13 85
13 87
13 90
13 97
13 115
13 138
13 152
14 0
14 3
14 10
14 12
14 13
14 23
14 41
14 43
14 44
14 46
14 49
14 53
14 66
14 68
14 70
14 73
14 75
14 90
14 99
14 103
14 106
14 119
14 132
14 135
14 137
14 151
14 154
15 8
15 10
15 16
15 19
15 20
15 21
15 22
15 29
15 44
15 45
15 59
15 65
15 74
15 80
15 81
15 109
15 120
15 130
15 132
15 143
15 156
15 159
16 6
16 13
16 15
16 19
16 25
16 27
16 31
16 32
16 40
16 44
16 48
16 52
16 55
16 91
16 92
16 95
16 109
16 116
16 122
16 124
16 134
16 145
16 154
16 156
17 0
17 6
17 7
17 11
17 31
17 36
17 38
17 40
17 50
17 53
17 59
17 61
17 66
17 71
17 74
17 86
17 95
17 112
17 128
17 136
17 148
17 151
17 152
18 8
18 19
18 23
18 28
18 36
18 62
18 73
18 80
18 81
18 83
18 94
18 96
18 98
18 99
18 103
18 111
18 112
18 116
18 118
18 119
18 121
18 126
18 157
19 1
19 2
19 8
19 12
19 16
19 18
19 20
19 24
19 27
19 33
19 58
19 68
19 74
19 80
19 95
19 101
19 109
19 111
19 117
19 118
19 123
19 132
19 138
19 140
19 149
19 157
20 0
20 1
20 7
20 13
20 21
20 22
20 24
20 27
20 38
20 42
20 44
20 55
20 61
20 65
20 69
20 72
20 85
20 92
20 94
20 95
20 100
20 101
20 106
20 108
20 109
20 113
20 118
20 124
20 129
20 134
20 135
20 158
21 1
21 15
21 17
21 20
21 27
21 31
21 36
21 47
21 51
21 54
21 56
21 60
21 72
21 76
21 93
21 115
21 127
21 130
21 142
21 144
21 149
21 154
21 159
22 2
22 9
22 15
22 20
22 37
22 41
22 49
22 50
22 52
22 53
22 57
22 61
22 66
22 81
22 85
22 90
22 96
22 98
22 101
22 103
22 113
22 135
22 139
22 155
22 156
23 14
23 18
23 30
23 31
23 40
23 43
23 44
23 58
23 65
23 92
23 95
23 104
23 106
23 109
23 121
23 122
23 124
23 127
23 136
23 138
23 141
23 154
23 158
24 2
24 6
24 16
24 19
24 21
24 28
24 29
24 35
24 39
24 40
24 44
24 61
24 73
24 91
24 102
24 106
24 110
24 130
24 135
24 140
25 2
25 5
25 16
25 24
25 27
25 29
25 39
25 40
25 42
25 43
25 47
25 64
25 68
25 88
25 98
25 102
25 105
25 107
25 125
25 126
25 130
25 135
25 136
25 142
25 143
26 0
26 11
26 18
26 19
26 29
26 32
26 44
26 45
26 65
26 76
26 82
26 86
26 90
26 91
26 94
26 95
26 124
26 128
26 132
26 147
26 151
27 1
27 21
27 25
27 28
27 34
27 38
27 45
27 49
27 64
27 70
27 71
27 75
27 81
27 84
27 99
27 101
27 104
27 109
27 115
27 122
27 123
27 125
27 134
27 144
28 2
28 7
28 12
28 13
28 17
28 18
28 27
28 50
28 65
28 70
28 74
28 88
28 90
28 92
28 94
28 95
28 98
28 99
28 106
28 114
28 118
28 127
28 133
28 134
28 135
28 137
28 138
28 144
28 154
29 0
29 10
29 22
29 24
29 25
29 32
29 33
29 68
29 80
29 83
29 85
29 98
29 99
29 100
29 101
29 113
29 118
29 126
29 127
29 132
29 136
29 138
29 155
30 9
30 18
30 40
30 44
30 52
30 53
30 54
30 55
30 57
30 62
30 64
30 82
30 85
30 86
30 100
30 107
30 112
30 122
30 130
30 131
30 133
30 138
30 140
30 144
30 156
30 159
31 17
31 23
31 34
31 48
31 54
31 62
31 63
31 65
31 79
31 82
31 85
31 95
31 98
31 103
31 105
31 107
31 110
31 111
31 117
31 145
31 149
32 6
32 11
32 14
32 16
32 29
32 36
32 41
32 42
32 51
32 60
32 62
32 67
32 71
32 81
32 85
32 86
32 93
32 97
32 108
32 111
32 114
32 126
32 133
32 143
33 1
33 8
33 12
33 19
33 29
33 35
33 37
33 52
33 64
33 66
33 68
33 76
33 79
33 82
33 89
33 90
33 101
33 109
33 110
33 111
33 142
33 143
33 150
33 156
34 4
34 27
34 31
34 35
34 40
34 57
34 58
34 71
34 81
34 92
34 98
34 114
34 115
34 120
34 129
34 142
34 146
34 147
34 148
34 149
35 1
35 3
35 5
35 6
35 13
35 19
35 24
35 33
35 34
35 38
35 53
35 54
35 57
35 59
35 86
35 97
35 100
35 105
35 106
35 108
35 114
35 116
35 122
35 125
35 132
35 146
36 3
36 12
36 17
36 18
36 21
36 24
36 32
36 38
36 43
36 45
36 47
36 65
36 75
36 80
36 81
36 87
36 88
36 90
36 95
36 107
36 113
36 121
36 122
36 129
36 130
36 131
36 135
36 136
37 3
37 10
37 22
37 33
37 35
37 39
37 54
37 62
37 72
37 94
37 103
37 107
37 112
37 126
37 135
37 137
37 138
37 151
37 159
38 17
38 27
38 30
38 35
38 36
38 55
38 61
38 62
38 63
38 68
38 70
38 80
38 84
38 89
38 93
38 95
38 99
38 102
38 114
38 121
38 123
38 124
38 126
38 132
38 133
38 139
38 140
38 142
38 146
38 157
39 0
39 7
39 11
39 13
39 14
39 24
39 25
39 32
39 48
39 49
39 53
39 65
39 76
39 84
39 101
39 108
39 113
39 116
39 117
39 123
39 124
39 129
39 152
39 155
39 158
40 0
40 2
40 8
40 16
40 17
40 18
40 21
40 23
40 24
40 25
40 26
40 30
40 55
40 56
40 72
40 74
40 77
40 80
40 83
40 85
40 94
40 98
40 102
40 112
40 113
40 117
40 121
40 126
40 128
40 129
40 145
40 147
40 158
41 4
41 5
41 9
41 13
41 22
41 51
41 54
41 70
41 80
41 85
41 92
41 98
41 124
41 131
41 132
41 133
41 158
42 3
42 8
42 9
42 12
42 20
42 24
42 32
42 46
42 52
42 53
42 57
42 59
42 63
42 73
42 85
42 90
42 92
42 96
42 98
42 110
42 113
42 124
42 127
42 132
42 134
42 139
42 147
42 149
42 159
43 0
43 11
43 14
43 21
43 23
43 36
43 38
43 46
43 48
43 49
43 50
43 55
43 56
43 62
43 66
43 72
43 78
43 99
43 100
43 105
43 126
43 135
43 138
43 140
43 145
43 151
43 153
43 157
43 158
44 1
44 8
44 12
44 14
44 16
44 23
44 24
44 27
44 32
44 46
44 62
44 70
44 72
44 86
44 91
44 93
44 97
44 100
44 117
44 127
44 129
44 130
44 132
44 133
44 150
45 15
45 20
45 26
45 27
45 36
45 63
45 71
45 76
45 84
45 88
45 89
45 91
45 98
45 124
45 134
45 137
45 146
45 147
45 150
46 4
46 9
46 10
46 22
46 42
46 43
46 47
46 50
46 64
46 66
46 67
46 80
46 85
46 88
46 91
46 95
46 99
46 110
46 115
46 116
46 126
46 134
46 155
47 3
47 21
47 31
47 36
47 41
47 54
47 75
47 78
47 84
47 99
47 108
47 110
47 112
47 130
47 142
47 147
47 155
48 6
48 16
48 31
48 39
48 43
48 54
48 55
48 63
48 66
48 68
48 72
48 76
48 90
48 91
48 93
48 105
48 120
48 121
48 126
48 135
48 138
48 141
48 143
48 148
48 151
48 154
48 155
49 0
49 4
49 6
49 8
49 21
49 22
49 28
49 39
49 43
49 46
49 61
49 62
49 76
49 82
49 83
49 89
49 94
49 101
49 107
49 110
49 117
49 122
49 132
49 148
49 158
50 4
50 5
50 17
50 34
50 43
50 80
50 84
50 86
50 87
50 96
50 99
50 103
50 105
50 115
50 125
50 129
50 150
50 154
51 3
51 7
51 12
51 41
51 48
51 52
51 54
51 86
51 94
51 96
51 101
51 106
51 111
51 114
51 119
51 124
51 125
51 133
51 137
51 146
51 154
51 158
52 0
52 13
52 18
52 22
52 33
52 51
52 57
52 60
52 62
52 73
52 77
52 79
52 98
52 100
52 103
52 105
52 109
52 110
52 111
52 113
52 117
52 125
52 126
52 133
52 134
52 145
52 149
52 156
53 14
53 17
53 30
53 35
53 38
53 39
53 42
53 62
53 63
53 70
53 73
53 75
53 77
53 78
53 79
53 82
53 93
53 107
53 117
53 140
53 145
54 9
54 17
54 21
54 27
54 31
54 35
54 37
54 47
54 48
54 51
54 53
54 56
54 63
54 66
54 71
54 81
54 86
54 89
54 90
54 96
54 99
54 100
54 105
54 106
54 108
54 124
54 130
54 141
54 159
55 2
55 3
55 9
55 12
55 20
55 29
55 38
55 43
55 54
55 56
55 64
55 72
55 75
55 80
55 101
55 104
55 109
55 112
55 140
55 143
56 4
56 6
56 10
56 21
56 36
56 40
56 43
56 51
56 54
56 55
56 67
56 72
56 91
56 99
56 119
56 122
56 123
56 124
56 126
56 132
56 135
56 155
57 0
57 5
57 7
57 11
57 15
57 21
57 22
57 26
57 30
57 34
57 35
57 42
57 51
57 64
57 81
57 83
57 94
57 101
57 104
57 108
57 138
57 139
57 143
57 147
57 149
57 152
58 0
58 4
58 17
58 19
58 23
58 30
58 34
58 48
58 79
58 125
58 126
58 128
58 134
58 135
58 156
59 4
59 9
59 15
59 17
59 35
59 42
59 44
59 47
59 78
59 87
59 103
59 107
59 109
59 120
59 123
59 137
59 143
59 155
60 0
60 5
60 6
60 13
60 19
60 21
60 22
60 29
60 30
60 45
60 47
60 52
60 61
60 64
60 76
60 79
60 101
60 107
60 117
60 119
60 120
60 121
60 139
60 140
61 17
61 22
61 43
61 49
61 50
61 66
61 67
61 74
61 75
61 77
61 83
61 85
61 89
61 94
61 98
61 110
61 124
61 125
61 133
61 135
61 138
61 141
61 144
61 156
62 3
62 9
62 13
62 31
62 37
62 44
62 45
62 48
62 49
62 53
62 63
62 77
62 80
62 81
62 86
62 94
62 111
62 113
62 120
62 121
62 127
62 129
62 138
62 145
62 152
62 157
62 158
63 0
63 1
63 6
63 17
63 29
63 30
63 31
63 38
63 43
63 45
63 47
63 48
63 53
63 62
63 64
63 66
63 68
63 72
63 74
63 76
63 78
63 85
63 88
63 89
63 100
63 103
63 136
63 137
63 142
63 148
63 149
64 17
64 25
64 30
64 37
64 46
64 55
64 63
64 65
64 69
64 70
64 77
64 78
64 81
64 91
64 96
64 99
64 108
64 111
64 116
64 130
64 132
64 133
64 140
64 145
64 149
65 8
65 20
65 22
65 23
65 31
65 36
65 39
65 56
65 60
65 67
65 71
65 76
65 80
65 83
65 91
65 110
65 121
65 125
65 130
65 135
65 140
65 149
65 151
65 158
66 5
66 11
66 21
66 22
66 54
66 61
66 63
66 65
66 77
66 89
66 100
66 108
66 112
66 113
66 117
66 119
66 121
66 123
66 125
66 127
66 132
66 146
66 159
67 7
67 12
67 15
67 27
67 32
67 56
67 61
67 65
67 70
67 73
67 83
67 95
67 96
67 97
67 100
67 113
67 114
67 122
67 128
67 135
67 146
67 147
67 153
68 3
68 4
68 12
68 14
68 19
68 25
68 26
68 29
68 34
68 39
68 48
68 54
68 63
68 69
68 72
68 74
68 77
68 96
68 100
68 121
68 125
68 131
68 135
68 144
68 147
69 15
69 20
69 28
69 42
69 47
69 49
69 64
69 68
69 79
69 81
69 86
69 96
69 128
69 135
69 147
70 0
70 4
70 6
70 11
70 14
70 22
70 27
70 28
70 38
70 47
70 48
70 49
70 53
70 60
70 63
70 67
70 76
70 77
70 79
70 96
70 100
70 101
70 109
70 113
70 114
70 116
70 126
70 138
70 139
70 149
70 155
71 8
71 11
71 13
71 27
71 54
71 65
71 86
71 87
71 90
71 93
71 97
71 102
71 105
71 115
71 131
71 141
71 142
71 144
71 153
72 12
72 20
72 21
72 40
72 44
72 45
72 48
72 58
72 63
72 68
72 73
72 80
72 82
72 83
72 117
72 127
72 134
72 135
72 153
72 156
72 157
73 14
73 15
73 18
73 20
73 24
73 26
73 39
73 42
73 50
73 53
73 67
73 72
73 78
73 79
73 80
73 82
73 83
73 84
73 85
73 121
73 128
73 131
73 135
73 138
73 142
73 143
73 147
73 155
73 156
74 12
74 15
74 19
74 22
74 40
74 60
74 64
74 78
74 81
74 84
74 86
74 89
74 94
74 97
74 99
74 112
74 114
74 118
74 128
74 129
74 130
74 138
74 142
74 147
74 148
74 151
75 5
75 6
75 10
75 14
75 31
75 36
75 37
75 41
75 53
75 55
75 78
75 83
75 85
75 95
75 107
75 109
75 114
75 116
75 121
75 122
75 139
75 143
75 156
75 159
76 11
76 16
76 19
76 26
76 30
76 39
76 45
76 48
76 49
76 53
76 56
76 63
76 65
76 67
76 70
76 73
76 82
76 83
76 93
76 95
76 109
76 111
76 121
76 126
76 138
76 146
76 147
76 151
77 8
77 9
77 17
77 37
77 40
77 49
77 53
77 66
77 68
77 85
77 92
77 100
77 104
77 137
77 139
77 157
77 158
78 4
78 32
78 43
78 47
78 53
78 64
78 73
78 74
78 75
78 79
78 81
78 86
78 87
78 91
78 94
78 97
78 98
78 103
78 109
78 124
78 125
78 127
78 136
78 141
78 144
78 146
79 0
79 4
79 12
79 29
79 31
79 33
79 52
79 53
79 57
79 58
79 60
79 69
79 70
79 73
79 78
79 81
79 91
79 114
79 117
79 125
79 127
79 128
79 138
79 140
79 142
79 148
79 151
80 0
80 15
80 18
80 19
80 36
80 38
80 41
80 46
80 55
80 61
80 72
80 73
80 83
80 89
80 90
80 91
80 92
80 94
80 96
80 113
80 119
80 128
80 129
80 147
80 152
81 1
81 4
81 5
81 13
81 18
81 22
81 27
81 54
81 56
81 57
81 74
81 78
81 82
81 83
81 91
81 108
81 139
81 140
81 146
81 149
81 153
82 8
82 13
82 15
82 25
82 26
82 29
82 30
82 31
82 49
82 50
82 53
82 56
82 65
82 68
82 72
82 73
82 76
82 81
82 116
82 139
82 146
82 154
82 156
83 0
83 37
83 40
83 46
83 49
83 67
83 68
83 75
83 76
83 80
83 81
83 86
83 90
83 103
83 105
83 109
83 110
83 111
83 113
83 115
83 116
83 141
83 153
83 156
84 1
84 11
84 24
84 27
84 29
84 33
84 38
84 47
84 51
84 73
84 74
84 79
84 87
84 103
84 136
84 144
84 151
84 152
85 1
85 3
85 8
85 11
85 30
85 32
85 42
85 46
85 49
85 61
85 63
85 72
85 73
85 75
85 80
85 90
85 101
85 110
85 116
85 128
85 139
85 154
85 155
85 156
85 157
86 0
86 23
86 26
86 30
86 35
86 44
86 51
86 62
86 68
86 69
86 71
86 83
86 88
86 100
86 107
86 112
86 114
86 129
86 134
86 138
86 143
86 150
87 8
87 10
87 13
87 14
87 26
87 50
87 59
87 64
87 71
87 79
87 94
87 106
87 111
87 113
87 116
87 127
87 137
87 145
87 146
87 151
87 153
88 25
88 26
88 28
88 36
88 46
88 60
88 75
88 78
88 86
88 92
88 94
88 95
88 101
88 103
88 107
88 122
88 126
88 127
88 145
88 151
88 158
89 0
89 2
89 8
89 9
89 11
89 30
89 33
89 38
89 45
89 49
89 54
89 61
89 66
89 74
89 80
89 88
89 92
89 99
89 100
89 107
89 114
89 123
89 128
89 129
89 142
89 144
89 145
90 3
90 14
90 22
90 26
90 33
90 42
90 46
90 48
90 51
90 54
90 71
90 82
90 83
90 85
90 89
90 91
90 99
90 108
90 127
90 133
90 146
90 147
90 148
90 154
91 0
91 11
91 16
91 26
91 31
91 35
91 44
91 45
91 48
91 78
91 79
91 80
91 90
91 96
91 111
91 114
91 120
91 122
91 132
91 148
91 152
92 3
92 4
92 7
92 20
92 23
92 28
92 30
92 36
92 41
92 54
92 56
92 60
92 77
92 79
92 80
92 84
92 88
92 93
92 95
92 99
92 111
92 119
92 126
92 132
92 136
92 147
92 154
93 17
93 18
93 21
93 32
93 38
93 44
93 48
93 52
93 53
93 71
93 72
93 78
93 85
93 100
93 102
93 109
93 111
93 114
93 138
93 143
93 156
94 2
94 11
94 18
94 26
94 28
94 40
94 45
94 50
94 51
94 57
94 62
94 74
94 78
94 80
94 87
94 88
94 98
94 102
94 103
94 118
94 122
94 124
94 125
94 134
94 142
94 158
95 5
95 10
95 16
95 17
95 20
95 23
95 26
95 28
95 31
95 36
95 44
95 60
95 75
95 76
95 106
95 112
95 116
95 119
95 121
95 130
95 133
95 140
95 142
95 145
95 147
96 21
96 22
96 37
96 42
96 48
96 51
96 54
96 63
96 64
96 68
96 69
96 70
96 80
96 87
96 91
96 101
96 105
96 107
96 119
96 128
96 138
96 141
96 153
96 155
96 157
96 159
97 3
97 4
97 10
97 11
97 13
97 14
97 45
97 48
97 54
97 67
97 71
97 74
97 78
97 107
97 118
97 123
97 124
97 131
97 147
98 0
98 7
98 17
98 18
98 22
98 25
98 31
98 34
98 40
98 41
98 42
98 45
98 48
98 52
98 78
98 80
98 94
98 125
98 134
98 140
98 151
98 155
99 0
99 14
99 17
99 24
99 27
99 28
99 30
99 31
99 33
99 36
99 38
99 46
99 47
99 50
99 54
99 55
99 56
99 64
99 74
99 89
99 90
99 110
99 112
99 121
99 124
99 128
99 139
99 146
99 158
99 159
100 13
100 19
100 20
100 29
100 30
100 31
100 35
100 37
100 44
100 54
100 57
100 68
100 70
100 72
100 76
100 77
100 89
100 93
100 110
100 115
100 117
100 119
100 123
100 129
100 130
100 150
100 152
101 6
101 22
101 24
101 27
101 29
101 33
101 39
101 51
101 55
101 59
101 60
101 65
101 72
101 85
101 87
101 88
101 105
101 118
101 121
101 127
101 142
101 158
102 24
102 25
102 32
102 33
102 38
102 54
102 56
102 71
102 78
102 84
102 93
102 105
102 106
102 120
102 124
102 139
102 151
103 22
103 26
103 29
103 31
103 37
103 39
103 50
103 52
103 60
103 63
103 78
103 84
103 88
103 104
103 130
103 131
103 138
103 143
103 149
103 150
103 152
104 2
104 3
104 8
104 27
104 33
104 55
104 76
104 77
104 81
104 86
104 109
104 110
104 126
104 133
104 134
104 135
104 138
104 140
104 145
105 12
105 25
105 30
105 31
105 35
105 38
105 43
105 47
105 48
105 50
105 52
105 54
105 69
105 70
105 71
105 83
105 91
105 108
105 111
105 115
105 127
105 129
105 130
105 133
105 137
105 142
105 145
105 148
105 150
105 155
106 20
106 23
106 24
106 28
106 35
106 44
106 54
106 57
106 76
106 87
106 89
106 95
106 102
106 107
106 130
106 147
107 7
107 36
107 46
107 53
107 55
107 59
107 60
107 73
107 75
107 84
107 88
107 89
107 96
107 97
107 106
107 110
107 112
107 126
107 134
107 148
107 157
107 158
108 4
108 7
108 8
108 15
108 20
108 32
108 35
108 47
108 54
108 57
108 64
108 66
108 81
108 82
108 105
108 111
108 117
108 131
108 139
108 144
108 147
108 153
108 157
108 158
108 159
109 12
109 15
109 16
109 19
109 20
109 23
109 27
109 33
109 52
109 55
109 59
109 66
109 70
109 75
109 76
109 83
109 93
109 104
109 114
109 119
109 133
109 135
109 154
109 157
110 2
110 4
110 11
110 31
110 33
110 34
110 46
110 61
110 65
110 71
110 73
110 83
110 96
110 98
110 99
110 100
110 113
110 126
110 134
110 140
110 144
110 154
111 0
111 6
111 7
111 18
111 19
111 33
111 51
111 52
111 54
111 64
111 70
111 72
111 76
111 83
111 86
111 87
111 92
111 93
111 100
111 105
111 108
111 113
111 118
111 120
111 121
111 127
111 128
111 129
111 142
111 148
111 156
112 7
112 8
112 12
112 14
112 18
112 24
112 34
112 40
112 47
112 48
112 55
112 71
112 74
112 95
112 99
112 107
112 109
112 117
112 127
112 145
112 148
113 14
113 22
113 27
113 29
113 35
113 36
113 39
113 40
113 62
113 77
113 87
113 92
113 108
113 110
113 111
113 137
113 144
114 0
114 1
114 4
114 7
114 14
114 15
114 28
114 32
114 34
114 35
114 51
114 58
114 67
114 70
114 71
114 74
114 86
114 89
114 91
114 109
114 124
114 134
114 136
114 137
115 8
115 11
115 29
115 34
115 35
115 46
115 50
115 61
115 71
115 73
115 80
115 83
115 86
115 100
115 120
115 126
115 127
115 132
115 149
115 150
116 6
116 16
116 18
116 21
116 34
116 39
116 51
116 62
116 70
116 77
116 82
116 83
116 95
116 104
116 115
116 130
116 133
116 143
116 147
116 149
116 153
116 154
116 156
117 2
117 3
117 19
117 29
117 32
117 39
117 40
117 45
117 49
117 52
117 60
117 66
117 71
117 91
117 102
117 108
117 121
117 129
117 135
117 145
117 147
117 149
118 5
118 16
118 18
118 19
118 20
118 27
118 28
118 44
118 88
118 89
118 97
118 101
118 111
118 119
118 126
118 142
118 153
119 0
119 1
119 10
119 11
119 14
119 43
119 51
119 56
119 60
119 66
119 68
119 71
119 76
119 79
119 92
119 95
119 100
119 118
119 125
119 129
119 142
119 143
119 148
119 154
119 157
120 6
120 12
120 13
120 15
120 34
120 62
120 68
120 74
120 91
120 112
120 115
120 116
120 127
120 130
120 135
120 142
120 145
120 147
120 155
121 2
121 6
121 10
121 18
121 20
121 23
121 36
121 38
121 44
121 48
121 60
121 61
121 62
121 68
121 75
121 76
121 101
121 117
121 120
121 122
121 123
121 136
121 137
121 144
121 149
121 153
122 3
122 4
122 23
122 30
122 35
122 36
122 39
122 49
122 50
122 54
122 56
122 58
122 67
122 75
122 81
122 88
122 94
122 97
122 121
122 123
122 126
122 129
122 130
122 144
122 145
122 150
122 159
123 0
123 2
123 5
123 7
123 8
123 11
123 19
123 20
123 25
123 27
123 32
123 39
123 41
123 46
123 59
123 66
123 70
123 89
123 97
123 100
123 102
123 112
123 121
123 126
123 135
123 155
124 3
124 16
124 23
124 36
124 37
124 39
124 41
124 48
124 54
124 65
124 78
124 81
124 89
124 99
124 108
124 117
124 121
124 126
124 127
124 138
124 148
124 152
125 11
125 17
125 25
125 27
125 30
125 33
125 39
125 43
125 50
125 51
125 52
125 58
125 61
125 65
125 66
125 68
125 71
125 78
125 79
125 119
125 136
125 145
125 146
125 148
125 155
125 159
126 5
126 7
126 12
126 16
126 18
126 25
126 29
126 32
126 40
126 43
126 48
126 50
126 52
126 56
126 58
126 59
126 70
126 88
126 90
126 92
126 107
126 116
126 119
126 123
126 131
126 139
126 140
126 149
126 152
126 154
126 159
127 23
127 26
127 39
127 62
127 66
127 72
127 78
127 101
127 111
127 120
127 124
127 129
127 131
127 134
127 142
127 148
127 149
128 7
128 10
128 17
128 18
128 19
128 40
128 68
128 69
128 70
128 73
128 74
128 77
128 79
128 80
128 85
128 93
128 99
128 123
128 142
128 144
128 152
128 153
128 154
129 3
129 8
129 11
129 17
129 29
129 34
129 36
129 40
129 44
129 47
129 53
129 62
129 68
129 74
129 86
129 91
129 93
129 98
129 100
129 105
129 111
129 117
129 118
129 119
129 131
129 142
129 146
130 0
130 12
130 15
130 21
130 23
130 25
130 30
130 44
130 47
130 58
130 59
130 72
130 74
130 100
130 103
130 106
130 113
130 120
130 122
130 133
130 141
130 145
130 146
130 148
130 149
130 150
130 153
130 156
130 159
131 3
131 8
131 19
131 36
131 41
131 48
131 51
131 68
131 71
131 103
131 105
131 108
131 112
131 126
131 127
131 135
131 139
131 141
131 156
132 4
132 14
132 22
132 26
132 29
132 35
132 38
132 42
132 44
132 49
132 54
132 56
132 59
132 64
132 81
132 91
132 92
132 115
132 126
132 139
132 141
132 144
132 149
132 155
133 1
133 2
133 3
133 26
133 28
133 30
133 32
133 38
133 41
133 44
133 50
133 61
133 62
133 64
133 73
133 83
133 90
133 95
133 97
133 102
133 103
133 105
133 115
133 116
133 121
133 130
133 137
133 141
133 144
134 0
134 6
134 9
134 20
134 27
134 28
134 42
134 43
134 46
134 54
134 58
134 60
134 72
134 98
134 104
134 107
134 110
134 111
134 112
134 114
134 117
134 123
134 127
134 140
134 147
134 150
134 153
135 7
135 11
135 14
135 20
135 22
135 25
135 32
135 36
135 39
135 43
135 48
135 53
135 56
135 58
135 67
135 68
135 69
135 72
135 73
135 85
135 87
135 104
135 108
135 131
135 132
135 136
135 137
135 141
135 149
136 0
136 1
136 4
136 9
136 12
136 17
136 23
136 24
136 25
136 29
136 38
136 63
136 78
136 84
136 85
136 89
136 92
136 114
136 125
136 132
136 135
136 141
136 143
136 150
136 152
136 157
137 8
137 12
137 14
137 28
137 30
137 37
137 38
137 45
137 48
137 51
137 54
137 59
137 87
137 91
137 105
137 107
137 113
137 114
137 120
137 121
137 129
137 133
137 135
137 139
137 140
137 147
137 148
138 0
138 12
138 13
138 19
138 20
138 23
138 28
138 29
138 30
138 36
138 48
138 70
138 73
138 74
138 76
138 80
138 84
138 86
138 93
138 95
138 96
138 102
138 103
138 112
138 115
138 117
138 124
138 152
139 1
139 2
139 4
139 38
139 42
139 57
139 60
139 67
139 70
139 75
139 85
139 99
139 102
139 108
139 126
139 131
139 132
139 134
139 137
139 153
139 158
140 0
140 3
140 10
140 12
140 28
140 50
140 53
140 55
140 60
140 65
140 79
140 81
140 88
140 95
140 98
140 106
140 125
140 126
140 131
140 134
140 137
140 141
140 142
140 145
140 147
140 153
140 159
141 7
141 23
141 42
141 48
141 57
141 61
141 78
141 83
141 96
141 106
141 117
141 132
141 133
141 135
141 145
142 2
142 3
142 4
142 8
142 21
142 24
142 26
142 33
142 34
142 35
142 38
142 55
142 73
142 74
142 79
142 89
142 90
142 94
142 97
142 101
142 111
142 119
142 127
142 128
142 129
142 149
143 10
143 15
143 27
143 32
143 33
143 40
143 48
143 57
143 73
143 86
143 97
143 103
143 116
143 146
143 159
144 9
144 11
144 21
144 27
144 30
144 51
144 57
144 61
144 68
144 71
144 77
144 82
144 89
144 102
144 106
144 108
144 110
144 113
144 122
144 128
144 132
144 136
144 138
144 145
145 4
145 10
145 31
145 43
145 52
145 62
145 64
145 82
145 87
145 89
145 93
145 95
145 103
145 104
145 105
145 119
145 120
145 122
145 125
145 129
145 130
145 141
145 144
145 147
145 149
146 7
146 12
146 17
146 18
146 34
146 45
146 46
146 51
146 66
146 67
146 76
146 78
146 81
146 96
146 111
146 121
146 125
146 129
146 130
146 143
146 150
147 20
147 24
147 26
147 39
147 40
147 42
147 45
147 57
147 65
147 68
147 69
147 73
147 74
147 76
147 80
147 92
147 97
147 98
147 106
147 108
147 115
147 116
147 120
147 134
147 140
147 145
148 1
148 3
148 33
148 34
148 39
148 45
148 48
148 49
148 63
148 65
148 74
148 79
148 85
148 91
148 94
148 108
148 111
148 112
148 119
148 124
148 125
148 127
148 130
148 146
148 150
148 156
149 2
149 10
149 12
149 19
149 21
149 31
149 34
149 47
149 52
149 53
149 58
149 63
149 65
149 81
149 83
149 103
149 117
149 121
149 126
149 135
149 137
149 143
149 150
149 156
150 1
150 4
150 11
150 33
150 41
150 44
150 45
150 50
150 67
150 81
150 86
150 103
150 105
150 116
150 122
150 130
150 134
150 136
150 138
150 142
150 146
150 149
150 153
151 1
151 10
151 14
151 15
151 20
151 23
151 26
151 37
151 43
151 46
151 63
151 65
151 74
151 76
151 77
151 79
151 84
151 87
151 102
151 122
151 128
151 152
151 154
152 0
152 1
152 6
152 9
152 13
152 17
152 29
152 39
152 48
152 62
152 77
152 84
152 91
152 96
152 100
152 103
152 111
152 124
152 126
152 138
152 151
153 13
153 34
153 49
153 64
153 72
153 81
153 83
153 87
153 89
153 95
153 96
153 107
153 108
153 116
153 118
153 130
153 134
153 138
153 139
153 140
153 145
153 150
154 4
154 14
154 16
154 21
154 31
154 37
154 41
154 44
154 48
154 50
154 57
154 59
154 82
154 86
154 90
154 92
154 109
154 110
154 116
154 119
154 126
154 151
155 10
155 11
155 15
155 17
155 22
155 46
155 56
155 79
155 85
155 96
155 98
155 105
155 117
155 119
155 123
155 129
155 132
156 1
156 4
156 9
156 11
156 15
156 16
156 22
156 24
156 30
156 31
156 32
156 33
156 57
156 58
156 62
156 73
156 75
156 82
156 85
156 103
156 111
156 116
156 125
156 130
156 131
156 148
156 159
157 1
157 14
157 22
157 24
157 38
157 39
157 43
157 72
157 77
157 79
157 85
157 96
157 107
157 108
157 109
157 113
157 119
157 121
157 137
157 141
158 20
158 21
158 41
158 43
158 44
158 51
158 56
158 65
158 77
158 94
158 98
158 99
158 107
158 108
158 136
158 139
158 159
159 14
159 21
159 30
159 34
159 42
159 44
159 54
159 66
159 79
159 86
159 96
159 99
159 119
159 122
159 125
159 130
159 140
159 143
159 156
0 1 2 3 4 5 6 7 8 9 10 11 12 13 14 15 16 17 18 19 20 21 22 23 24 25 26 27 28 29 30 31 32 33 34 35 36 37 38 39
