160 392 24
0 86
0 108
0 140
0 142
0 148
0 152
1 156
2 68
3 79
3 149
4 82
4 156
5 28
5 55
5 143
6 101
6 125
7 106
7 131
8 51
8 136
9 74
10 27
10 59
10 90
10 116
10 154
11 65
12 29
12 69
12 70
13 156
14 17
14 109
15 119
16 65
17 14
17 25
17 110
17 115
17 148
18 74
19 41
20 123
21 152
22 68
22 78
23 35
23 101
23 119
24 0
24 57
24 72
24 114
25 119
26 139
27 10
27 68
27 103
27 119
28 5
28 43
29 3
29 12
30 91
30 103
31 32
31 67
32 31
32 88
33 77
33 102
33 112
34 69
34 121
35 23
35 45
35 147
35 152
36 63
37 40
37 113
38 54
38 120
39 103
39 143
40 37
40 81
41 19
41 66
42 152
42 154
43 28
43 108
43 125
44 88
45 35
45 66
45 93
46 66
46 128
47 76
47 91
47 95
48 55
48 71
48 106
48 145
49 54
50 75
51 82
52 121
52 134
52 148
53 80
53 139
54 38
54 49
54 82
54 83
54 85
55 5
55 48
55 97
55 100
55 106
55 130
56 79
57 121
58 91
58 94
59 8
59 10
59 84
59 108
60 33
60 95
60 137
61 8
61 73
62 73
63 36
63 74
64 159
65 11
65 69
65 98
66 41
66 45
66 46
66 149
67 14
67 31
67 122
68 2
68 22
68 27
68 118
68 128
69 12
69 54
69 65
69 135
69 147
70 72
71 48
72 24
73 41
73 62
73 131
73 151
73 154
74 9
74 18
74 63
74 143
74 147
76 47
76 83
77 33
77 79
77 104
78 6
78 22
78 142
79 3
79 56
79 77
80 53
80 88
80 105
81 40
81 152
82 4
82 54
82 87
82 91
83 76
83 117
84 18
84 104
84 138
85 54
86 0
86 10
86 120
86 130
87 82
87 100
87 124
87 153
88 32
88 44
88 80
89 67
89 132
91 30
91 58
91 89
91 95
91 152
92 16
93 9
93 45
93 106
93 117
93 118
93 146
94 58
95 2
95 47
95 60
95 91
96 139
97 8
98 65
99 106
99 124
100 55
100 87
100 118
100 141
100 158
101 10
101 146
102 33
103 30
103 39
104 14
104 77
104 84
105 80
105 84
105 148
106 7
106 48
106 55
106 93
106 99
107 119
108 0
108 43
108 59
108 113
109 14
110 17
111 102
111 147
112 33
113 37
113 43
113 50
113 108
114 24
114 126
115 52
115 134
116 10
117 83
117 93
118 93
119 15
119 25
119 27
119 107
120 38
120 86
121 34
121 52
121 57
121 129
121 133
121 155
122 10
122 67
122 113
122 129
122 137
123 20
123 111
123 142
124 87
124 92
124 99
125 6
125 43
125 150
126 114
126 140
126 155
127 42
127 76
127 130
128 46
128 68
129 86
129 122
130 55
130 127
131 7
131 70
131 71
131 73
131 144
133 86
133 121
134 52
134 115
135 69
136 8
136 156
137 60
137 67
138 84
139 8
139 147
140 0
140 93
140 159
141 100
142 32
142 78
142 123
142 147
143 5
143 39
143 74
143 157
144 131
145 48
145 146
146 15
146 93
146 101
146 145
147 35
147 74
147 111
147 139
147 142
147 154
148 0
148 17
148 105
148 154
149 3
149 66
149 98
150 125
150 156
151 73
151 143
152 7
152 21
152 81
152 91
153 87
153 104
153 125
154 42
154 66
154 73
154 147
154 148
156 1
156 4
156 13
156 107
156 136
156 150
157 143
159 140
0 1 2 3 4 5 6 7 8 9 10 11 12 13 14 15 16 17 18 19 20 21 22 23
