160 1207 24
0 29
0 34
0 44
0 49
0 54
0 56
0 70
0 72
0 93
0 100
0 143
0 148
0 156
1 23
1 30
1 31
1 65
1 116
2 12
2 23
2 38
2 44
2 62
2 70
2 115
2 157
3 4
3 6
3 14
3 16
3 39
3 44
3 58
3 89
3 91
3 106
3 109
3 123
3 144
3 155
4 3
4 18
4 51
4 79
4 95
4 108
4 116
4 140
4 148
5 54
5 104
5 109
5 118
5 128
5 139
5 153
6 66
6 84
6 105
6 111
7 49
7 84
7 106
7 126
7 140
7 144
8 2
8 14
8 27
8 29
8 51
8 60
8 75
8 91
8 116
8 152
8 155
9 1
9 102
9 103
9 115
9 151
10 14
10 16
10 38
10 44
10 49
10 72
10 77
10 78
10 90
10 95
10 104
10 109
10 111
11 17
11 80
11 83
11 110
11 120
11 133
12 2
12 24
12 41
12 42
12 54
12 55
12 94
12 96
12 116
12 124
12 133
12 140
12 153
12 155
13 15
13 20
13 30
13 62
13 65
13 105
13 112
13 122
13 153
14 0
14 10
14 68
14 79
14 81
14 88
14 92
14 139
14 149
14 150
15 30
15 46
15 89
15 92
16 19
16 22
16 44
16 56
16 77
16 82
16 99
16 108
16 145
16 159
17 7
17 35
17 45
17 83
17 142
18 2
18 11
18 20
18 38
18 68
18 86
18 98
19 60
19 80
19 115
19 116
19 152
20 18
20 47
20 93
20 114
20 145
21 44
21 65
21 114
21 117
21 124
21 127
21 133
21 149
22 14
22 16
22 21
22 25
22 32
22 40
22 69
22 75
22 79
22 124
23 2
23 43
23 81
23 114
23 118
23 120
23 158
24 25
24 62
24 72
24 109
24 112
24 124
24 150
25 17
25 22
25 24
25 33
25 61
25 74
25 113
25 155
26 33
26 53
26 76
26 80
26 103
26 147
26 153
27 22
27 32
27 48
27 80
27 112
27 115
27 117
27 137
28 3
28 23
28 36
28 39
28 40
28 83
28 111
28 114
28 135
29 0
29 9
29 44
29 52
30 1
30 15
30 24
30 58
30 77
30 80
30 95
30 118
30 130
30 132
30 157
31 1
31 2
31 3
31 38
31 63
31 80
31 143
31 145
31 159
32 27
32 39
32 61
32 77
32 78
32 114
32 139
33 26
33 37
33 59
33 119
33 131
34 0
34 48
34 56
34 63
34 67
34 76
34 122
34 151
34 156
35 17
35 62
35 68
35 100
35 145
36 28
36 71
36 158
37 3
37 33
37 39
37 59
37 70
37 111
38 2
38 10
38 18
38 31
38 39
38 63
38 79
38 97
38 104
38 117
38 145
38 150
39 3
39 28
39 32
39 37
39 69
39 79
39 90
39 96
39 113
39 131
39 158
40 28
40 29
40 60
40 62
40 70
40 130
40 140
40 146
41 0
41 100
41 106
42 12
42 122
42 128
42 138
42 152
43 23
43 54
43 69
43 80
43 103
43 126
43 155
44 3
44 10
44 16
44 21
44 29
44 59
44 68
44 76
44 119
44 158
45 0
45 49
45 83
45 100
45 113
46 15
46 77
46 119
47 20
47 54
47 72
47 129
47 149
48 27
48 34
48 49
48 59
48 76
48 126
48 128
48 130
48 136
49 2
49 7
49 10
49 20
49 45
49 48
49 67
49 76
49 85
49 88
49 110
49 132
49 135
50 25
50 30
50 62
50 70
50 83
50 84
50 88
50 104
51 54
51 96
51 110
51 117
51 151
52 55
52 59
52 61
52 72
52 73
52 82
52 84
52 98
52 105
52 153
53 26
53 35
53 57
53 93
53 147
53 154
54 0
54 3
54 43
54 47
54 51
54 68
54 132
54 145
55 12
55 44
55 52
55 98
55 104
55 117
55 120
55 140
55 143
56 0
56 16
56 34
56 73
56 79
56 84
56 92
56 100
56 105
56 110
57 53
57 71
57 75
57 116
57 117
58 84
58 88
58 117
58 152
58 158
59 33
59 44
59 52
59 62
59 99
59 108
59 114
59 115
60 8
60 40
60 44
60 108
60 115
61 3
61 52
61 90
62 13
62 24
62 35
62 40
62 50
62 59
62 73
62 98
62 124
63 18
63 20
63 31
63 38
63 76
63 117
63 152
63 153
64 82
64 89
64 92
64 132
64 133
64 156
65 1
65 76
65 83
65 124
65 125
65 126
66 0
66 6
66 35
66 42
66 83
66 140
66 156
67 34
67 49
67 54
67 70
67 75
67 80
67 103
67 120
67 131
67 150
68 2
68 18
68 35
68 45
68 54
68 89
68 134
69 0
69 16
69 22
69 39
69 43
69 86
69 92
69 94
69 104
69 123
69 128
70 0
70 2
70 30
70 37
70 40
70 50
70 67
70 90
70 144
71 57
71 61
71 64
71 83
71 110
71 113
71 148
72 0
72 9
72 47
72 49
72 74
73 15
73 52
73 54
73 56
73 62
73 75
73 97
73 127
74 72
74 92
74 94
74 99
74 124
74 132
75 15
75 57
75 67
75 122
75 139
76 23
76 26
76 63
76 65
76 88
76 93
76 96
76 98
76 99
76 159
77 10
77 30
77 32
77 46
77 98
77 112
77 129
77 134
78 10
78 12
78 29
78 119
78 135
79 4
79 14
79 22
79 56
79 64
79 73
79 91
79 93
79 107
79 115
79 130
79 153
80 11
80 26
80 27
80 30
80 31
80 43
80 47
80 67
80 109
81 14
81 45
81 83
81 92
81 103
81 116
82 16
82 52
82 64
82 119
82 142
83 11
83 28
83 29
83 45
83 50
83 65
83 81
83 111
83 132
84 6
84 7
84 56
84 58
84 75
84 141
85 49
85 67
85 81
85 93
85 102
86 36
86 66
86 69
86 91
86 98
86 101
87 19
87 94
87 133
88 49
88 50
88 56
88 58
88 96
88 117
88 122
89 15
89 68
89 103
89 132
89 137
89 151
90 10
90 39
90 53
90 61
90 70
90 117
90 138
90 139
91 8
91 79
91 86
91 128
91 130
91 141
91 142
92 2
92 15
92 56
92 64
92 69
92 98
92 131
92 134
92 145
92 150
93 0
93 19
93 20
93 76
93 79
93 85
93 107
93 111
93 123
93 152
94 12
94 20
94 69
94 95
94 111
94 115
94 137
94 145
94 153
94 155
95 4
95 10
95 30
95 72
95 94
96 12
96 51
96 76
96 120
96 144
96 146
96 147
97 38
97 56
97 73
97 98
97 112
97 124
97 145
98 1
98 18
98 55
98 76
98 86
98 92
98 97
99 16
99 59
99 62
99 74
99 135
99 144
99 147
100 0
100 41
100 45
100 56
100 118
100 126
100 144
100 153
100 154
101 50
101 86
101 92
101 115
101 143
102 31
102 58
102 85
102 91
102 108
102 159
103 9
103 43
103 81
103 89
104 5
104 16
104 38
104 50
104 69
104 131
104 132
104 150
104 151
105 6
105 13
105 52
105 53
105 134
106 41
106 81
106 135
106 138
107 93
107 143
107 158
108 16
108 60
108 102
108 136
108 145
108 156
109 3
109 10
109 18
109 24
109 112
109 128
109 139
110 49
110 58
110 62
110 97
110 108
110 122
110 126
111 6
111 20
111 41
111 83
111 134
111 143
112 13
112 27
112 77
112 109
112 128
112 135
112 146
112 154
113 14
113 45
113 46
113 116
113 149
114 23
114 28
114 32
114 120
114 129
114 137
114 156
114 159
115 9
115 19
115 27
115 59
115 73
115 79
115 94
115 101
115 108
115 121
115 150
116 8
116 12
116 57
116 81
116 113
116 150
116 158
117 21
117 27
117 38
117 51
117 57
117 58
117 63
117 88
117 98
117 119
117 127
117 129
117 151
117 154
118 5
118 23
118 100
118 126
118 136
118 137
118 157
118 159
119 33
119 44
119 78
119 82
119 100
119 117
119 121
119 153
120 9
120 11
120 17
120 23
120 43
120 55
120 67
120 96
120 114
120 132
120 152
121 54
121 56
121 119
121 124
121 125
122 13
122 27
122 34
122 42
122 74
122 75
122 110
122 124
122 152
123 69
123 93
123 126
124 12
124 62
124 65
124 74
124 86
124 97
124 127
124 134
124 148
125 64
125 65
125 121
125 147
126 7
126 10
126 20
126 29
126 107
126 110
126 118
126 123
126 128
126 147
126 158
127 21
127 73
127 117
127 131
127 134
127 137
127 145
127 146
127 149
128 42
128 50
128 67
128 69
128 91
128 109
128 112
128 126
129 6
129 25
129 47
129 75
129 114
129 117
129 124
129 133
129 138
130 30
130 40
130 48
130 79
130 94
130 135
130 138
131 9
131 33
131 36
131 39
131 104
131 117
131 127
131 128
131 143
132 39
132 49
132 64
132 74
132 81
132 89
132 104
132 120
132 141
132 157
133 12
133 42
133 87
133 100
133 129
133 152
134 62
134 68
134 92
134 96
134 104
134 105
134 111
134 118
134 121
134 137
134 142
135 49
135 68
135 78
135 99
135 112
135 130
136 3
136 76
136 86
136 94
136 108
136 145
136 156
137 14
137 24
137 27
137 69
137 114
137 134
137 140
137 142
138 42
138 56
138 71
138 83
138 90
138 95
138 99
138 106
138 129
138 130
138 150
138 153
139 1
139 5
139 14
139 32
139 45
139 69
139 75
139 95
139 109
139 125
140 6
140 7
140 13
140 25
140 40
140 50
140 66
140 102
140 157
141 72
141 91
141 118
141 122
141 132
141 139
142 44
142 82
142 91
142 103
142 134
143 0
143 55
143 60
143 101
143 107
143 122
143 141
143 156
144 3
144 36
144 70
144 96
144 99
144 107
144 112
144 137
144 146
144 150
145 20
145 35
145 38
145 39
145 54
145 82
145 97
146 40
146 75
146 79
146 127
146 131
146 144
146 149
147 53
147 70
147 96
147 126
148 0
148 4
148 41
148 44
148 47
148 59
148 79
148 125
148 152
149 14
149 21
149 47
149 48
149 60
149 113
149 120
149 127
149 146
149 152
150 14
150 19
150 24
150 92
150 104
150 114
150 115
150 116
150 119
150 144
150 155
151 9
151 13
151 29
151 117
152 8
152 42
152 70
152 75
152 93
152 120
152 122
152 125
152 133
152 148
152 149
152 155
153 5
153 12
153 13
153 16
153 26
153 63
153 94
153 95
153 100
153 119
153 138
154 53
154 56
154 73
154 96
154 100
154 112
154 117
154 142
155 1
155 3
155 8
155 12
155 25
155 43
155 94
155 125
155 144
155 150
156 0
156 5
156 27
156 68
156 71
156 96
156 108
156 114
156 143
157 2
157 11
157 38
157 132
157 145
157 151
157 155
158 23
158 107
158 110
158 116
158 126
159 37
159 76
159 102
159 114
159 118
159 125
0 1 2 3 4 5 6 7 8 9 10 11 12 13 14 15 16 17 18 19 20 21 22 23
