160 488 24
0 56
0 59
0 102
0 115
0 145
1 46
1 77
2 8
2 64
2 75
2 100
2 108
2 145
3 55
3 97
3 113
4 115
5 53
6 21
6 115
7 29
7 97
7 113
7 149
8 2
8 137
9 44
9 93
10 82
10 132
10 133
11 39
11 94
11 151
12 123
13 152
14 28
14 68
14 71
14 84
14 119
15 24
15 30
15 65
15 91
15 111
15 143
16 73
16 79
16 102
16 143
17 35
17 93
18 34
18 54
18 88
19 12
19 77
20 34
20 72
20 80
20 124
21 121
21 130
22 29
22 38
22 61
22 116
22 126
22 129
23 86
23 135
24 15
24 38
24 61
24 79
24 139
25 44
25 64
25 107
26 65
26 79
26 127
27 42
27 78
27 93
27 125
28 52
28 91
29 7
30 55
30 68
30 113
30 116
31 54
31 89
31 90
31 107
31 135
31 138
31 141
31 152
32 41
32 70
32 79
33 21
33 61
33 115
33 119
34 18
34 20
34 67
34 86
34 136
35 6
35 17
35 68
35 83
35 92
36 42
36 92
36 112
36 151
36 157
37 43
37 47
37 112
38 22
38 24
38 82
38 97
39 93
40 85
40 102
40 113
41 0
41 79
41 80
42 27
42 36
42 40
42 130
42 141
43 37
43 133
44 25
44 115
44 121
45 42
45 55
45 104
46 1
46 58
46 69
46 75
46 78
46 145
46 158
47 48
48 47
48 138
48 158
49 11
49 138
50 47
50 98
50 115
50 145
51 8
51 39
52 28
52 96
52 143
53 5
53 65
54 87
54 99
54 134
55 3
55 30
55 45
55 88
55 109
56 0
56 59
56 79
57 79
58 86
59 0
59 56
59 123
60 66
60 81
61 5
61 22
61 33
61 65
61 128
62 32
62 78
62 121
62 131
62 146
63 57
63 117
63 136
64 2
64 25
64 86
65 15
65 26
65 53
65 61
65 82
66 52
66 60
67 34
67 93
67 117
67 120
68 30
68 35
68 81
69 11
69 46
69 83
70 6
70 73
70 147
71 14
71 127
71 154
72 20
72 81
73 77
73 112
74 49
74 90
74 141
75 2
75 6
75 46
75 153
76 108
76 113
76 140
77 1
77 19
77 25
77 42
77 73
77 103
77 105
77 137
78 13
78 46
78 109
78 150
79 11
79 16
79 24
79 26
80 20
80 41
81 0
81 72
81 109
82 7
82 10
82 38
82 65
82 110
83 35
83 69
83 142
84 77
84 93
84 101
85 133
85 139
86 23
86 26
86 34
86 58
86 64
86 79
86 97
86 111
86 123
87 54
87 100
88 18
88 124
88 150
89 31
89 103
90 3
90 74
91 15
91 148
92 14
92 19
92 36
92 155
93 9
93 27
93 39
93 67
93 84
93 105
94 1
94 11
94 92
94 110
94 125
94 133
95 103
95 149
96 114
97 7
97 38
97 86
97 105
98 26
98 50
98 61
99 25
100 2
100 87
101 84
101 153
102 0
102 16
102 40
102 46
103 77
103 89
103 95
103 98
104 31
104 45
104 111
105 21
105 93
106 107
106 136
106 140
107 25
107 106
107 140
108 2
108 65
108 76
108 123
108 126
109 81
109 89
109 96
110 82
110 94
110 135
111 15
111 86
111 104
111 157
112 37
112 53
112 73
112 117
113 3
113 30
113 40
113 59
113 77
113 147
114 0
114 96
115 4
115 6
115 31
115 33
115 44
115 123
115 128
115 142
115 153
116 30
116 130
116 151
117 63
117 112
117 120
117 159
118 140
119 14
119 33
119 55
119 99
120 67
120 117
121 21
121 44
121 154
122 7
123 59
123 86
123 115
124 20
124 44
124 79
124 88
125 27
125 94
125 144
127 26
128 60
128 61
128 133
130 21
130 42
130 116
131 38
131 58
131 62
131 98
131 144
133 43
133 128
134 44
134 54
134 98
135 31
135 110
135 139
135 159
136 34
136 106
137 8
137 151
137 154
138 31
138 48
139 20
139 24
139 102
139 135
140 55
140 74
140 106
140 107
140 113
140 118
141 42
141 74
142 70
142 83
142 115
143 16
143 52
143 59
144 6
144 125
144 131
145 0
145 2
146 62
146 100
147 70
148 49
148 91
148 154
150 88
151 8
151 11
151 116
151 137
152 31
153 70
154 71
154 121
154 148
155 54
155 92
156 33
157 36
157 111
158 46
159 117
0 1 2 3 4 5 6 7 8 9 10 11 12 13 14 15 16 17 18 19 20 21 22 23
