160 472 12
0 59
0 87
1 32
1 130
1 131
1 135
2 93
2 108
2 143
3 16
3 89
3 100
3 105
4 6
4 23
4 41
4 144
5 17
5 119
6 26
6 28
6 36
6 96
7 22
8 105
8 109
8 138
9 50
9 63
9 67
10 57
10 127
11 18
11 55
11 98
11 109
12 46
12 48
12 149
13 73
13 109
14 73
15 23
15 101
15 114
15 155
16 3
16 86
16 129
17 21
17 31
17 46
17 52
17 116
18 75
18 103
18 132
19 27
19 60
19 114
20 115
21 49
21 70
21 79
22 7
22 95
22 107
23 4
23 15
23 32
23 63
23 83
23 124
23 138
23 142
24 154
24 157
25 69
25 75
26 0
26 6
26 129
26 140
26 141
27 6
27 19
27 127
28 6
28 91
28 110
28 154
29 30
29 85
29 142
30 29
30 58
30 65
30 88
30 101
30 146
31 11
31 17
31 56
31 70
31 117
32 48
33 2
33 65
33 66
33 82
34 62
34 128
35 46
35 95
36 51
36 92
36 99
36 109
36 111
36 122
36 158
37 5
38 54
38 134
38 148
39 42
39 43
39 76
39 108
39 111
39 136
40 64
40 117
41 4
41 59
42 5
42 74
43 42
43 62
43 71
43 85
43 95
44 10
44 56
45 68
45 148
46 12
46 50
46 113
47 130
48 32
48 80
48 99
49 21
49 68
49 88
49 125
50 46
50 53
50 55
50 58
50 75
50 121
51 47
51 83
51 127
51 144
52 17
52 118
54 78
54 113
54 114
55 50
55 133
55 142
56 31
56 44
56 68
56 109
56 138
57 10
58 30
58 50
58 80
58 104
59 0
59 41
59 72
59 82
59 145
60 19
61 122
62 43
62 50
62 85
63 120
63 123
63 151
64 40
64 109
64 146
64 148
65 30
65 33
65 119
65 137
65 158
67 12
67 88
67 121
67 156
68 45
68 49
68 56
68 138
68 148
69 25
69 70
69 96
71 20
71 43
71 62
72 156
73 6
73 13
73 60
73 75
73 82
73 121
74 78
74 82
74 115
74 124
75 18
75 25
75 26
75 50
75 73
75 140
76 143
77 34
77 69
77 93
78 74
78 79
78 131
79 2
79 21
79 78
79 116
79 142
79 143
80 48
80 58
81 95
81 150
82 33
82 59
82 61
82 73
82 74
82 126
82 153
83 151
84 5
84 57
85 29
85 62
85 114
85 151
86 87
87 0
87 47
87 67
87 86
88 30
88 49
89 3
89 92
89 143
90 70
90 100
90 109
91 20
91 28
91 127
92 36
92 74
92 89
93 2
93 97
93 146
94 112
94 155
95 7
95 22
95 35
95 81
95 140
95 146
96 69
96 142
97 93
97 144
98 1
98 36
99 36
100 3
100 79
100 90
100 138
101 6
101 15
101 30
101 114
101 135
102 59
102 63
103 18
105 3
105 77
106 56
107 43
108 2
108 39
108 51
108 116
108 145
109 8
109 36
109 58
109 64
109 90
109 116
109 158
110 137
111 36
111 121
112 9
112 94
112 143
112 146
112 148
112 158
113 31
113 46
113 54
113 57
114 19
114 54
114 80
114 101
115 20
115 74
115 123
116 109
117 40
117 144
118 25
118 40
118 116
118 122
118 140
119 5
119 40
120 63
120 137
121 73
121 107
121 111
121 127
121 128
121 153
122 36
122 59
122 107
123 115
123 149
123 152
125 49
125 145
126 82
126 131
127 10
127 18
127 27
127 51
127 91
127 140
128 121
128 139
129 16
129 136
129 147
130 0
130 47
131 1
131 55
131 126
132 18
132 136
133 55
133 107
134 38
135 1
135 159
136 39
136 129
136 156
137 65
137 120
138 8
138 23
139 93
139 128
140 26
140 75
140 95
140 104
140 127
141 26
142 26
143 2
143 89
143 108
144 4
144 5
144 50
144 97
144 155
145 59
145 108
145 125
146 3
146 26
146 43
146 93
146 95
147 19
147 129
148 38
148 45
148 64
148 68
148 112
149 12
149 93
149 123
150 81
151 52
151 83
152 100
152 123
153 9
153 82
154 24
154 28
154 101
155 79
155 94
155 144
156 67
157 4
157 24
157 49
158 10
158 31
158 36
158 65
158 109
158 112
159 135
0 1 2 3 4 5 6 7 8 9 10 11
