160 1207 40
0 23
0 30
0 46
0 65
0 76
0 88
0 112
0 118
1 9
1 24
1 40
1 58
1 98
1 140
1 149
1 157
2 30
2 143
2 154
3 37
3 68
3 81
4 7
4 63
5 19
5 22
5 39
5 45
5 52
5 56
5 156
6 0
6 20
6 69
6 98
6 102
6 122
6 142
6 154
7 106
7 131
7 136
8 9
8 19
8 20
8 62
8 72
8 83
8 95
8 119
8 128
8 144
9 1
9 31
9 55
9 60
9 62
9 84
9 108
9 120
9 144
10 3
10 43
10 46
10 60
10 61
10 93
10 126
11 17
11 58
11 79
11 80
11 90
11 106
11 116
11 139
11 141
11 148
12 29
12 37
12 50
12 81
12 87
12 91
12 97
12 104
12 106
12 141
12 155
13 43
13 54
13 60
13 64
13 72
13 77
13 138
13 146
13 151
13 154
14 32
14 48
14 60
14 82
14 84
14 110
14 119
14 153
15 21
15 45
15 75
15 88
15 131
15 142
15 153
16 10
16 12
16 22
16 33
16 35
16 38
16 71
16 76
16 92
16 93
16 131
17 23
17 57
17 86
17 97
17 118
17 157
18 37
18 58
18 122
18 136
19 8
19 61
19 77
19 82
19 91
19 113
19 120
19 148
19 149
20 6
20 8
20 41
20 67
20 88
20 122
20 137
20 156
21 15
21 27
21 127
21 147
21 159
22 5
22 34
22 44
22 45
22 60
22 68
22 156
23 0
23 47
23 49
23 64
23 105
24 1
24 22
24 43
24 104
25 7
25 10
25 27
25 28
25 37
25 47
25 55
25 115
25 116
25 152
25 153
26 10
26 12
26 59
26 81
26 95
26 111
26 129
26 130
26 151
27 25
27 34
27 41
27 50
27 55
27 80
27 85
27 134
27 150
27 159
28 38
28 69
28 86
28 95
28 124
28 126
28 143
29 72
29 110
29 114
29 121
29 126
29 128
29 151
30 0
30 2
30 60
30 95
30 105
30 110
30 123
30 146
30 148
31 4
31 9
31 19
31 86
31 91
31 100
31 128
32 14
32 46
32 77
32 86
32 94
32 134
32 147
33 82
33 90
33 112
33 114
33 115
33 153
34 22
34 26
34 46
34 54
34 60
34 69
34 97
34 103
34 104
34 129
35 48
35 72
35 113
35 127
35 143
36 0
36 58
36 59
36 66
36 97
36 101
36 118
36 119
36 125
36 156
37 3
37 12
37 18
37 33
37 46
37 49
37 61
37 67
37 130
38 16
38 21
38 31
38 46
38 47
38 73
38 106
39 5
39 65
39 68
39 82
39 101
39 106
39 123
40 1
40 24
40 55
40 57
40 69
40 82
40 87
40 91
40 93
40 145
40 149
40 153
41 20
41 27
41 47
41 79
41 84
41 129
41 131
42 24
42 54
42 80
42 97
42 125
43 10
43 13
43 48
43 59
43 65
43 151
43 152
43 157
44 63
44 70
44 75
44 98
44 116
44 142
44 148
45 15
45 22
45 101
45 123
45 136
46 10
46 32
46 38
46 65
46 128
46 141
47 25
47 54
47 60
47 65
47 70
47 91
47 98
47 102
47 121
47 127
48 23
48 35
48 43
48 53
48 56
48 66
48 77
48 83
48 87
48 93
48 108
48 134
48 139
49 37
49 54
49 91
49 117
49 138
50 12
50 27
50 71
50 75
50 76
50 80
50 82
50 126
51 53
51 82
51 113
51 117
51 148
52 0
52 55
52 140
52 158
53 48
53 51
53 65
53 75
53 92
53 119
53 144
53 153
54 13
54 14
54 42
54 47
54 49
54 57
54 80
54 106
54 132
54 157
55 27
55 40
55 52
55 148
56 113
56 119
56 153
57 17
57 95
57 98
57 105
57 112
57 115
57 126
57 135
57 155
58 1
58 18
58 22
58 33
58 36
58 60
58 73
58 87
58 118
59 36
59 43
59 91
59 114
59 123
59 148
59 154
60 3
60 9
60 13
60 30
60 34
60 47
60 58
60 80
60 86
60 94
60 127
61 10
61 19
61 20
61 106
61 110
61 133
61 147
61 152
62 9
62 64
62 65
62 105
62 113
62 134
63 4
63 44
63 62
63 131
63 152
64 23
64 62
64 96
64 99
64 110
64 157
65 33
65 43
65 46
65 47
65 71
65 79
65 108
65 109
65 112
65 135
66 36
66 55
66 59
66 95
66 118
67 20
67 80
67 147
67 155
68 3
68 5
68 6
68 39
68 47
68 83
68 97
68 98
68 114
68 123
68 135
69 12
69 34
69 40
69 58
69 72
69 78
69 79
69 89
69 118
70 22
70 44
70 47
70 59
70 118
70 153
71 29
71 50
71 76
71 93
71 119
71 141
72 12
72 13
72 29
72 69
72 82
72 83
72 150
73 6
73 38
73 58
73 82
73 98
73 104
73 149
74 69
74 100
74 113
74 128
74 141
74 142
75 15
75 44
75 50
75 53
75 114
75 119
75 122
75 133
75 151
76 0
76 16
76 50
76 71
76 86
76 102
76 142
76 144
76 146
76 159
77 19
77 79
77 84
77 102
77 133
77 146
77 148
77 158
78 28
78 33
78 62
78 132
78 151
79 65
79 76
79 132
79 146
80 9
80 27
80 33
80 42
80 54
80 60
80 67
80 128
80 130
80 131
80 144
80 147
81 12
81 62
81 68
81 114
81 138
81 140
81 159
82 40
82 50
82 51
82 59
82 60
82 72
82 95
82 110
82 143
83 68
83 70
83 72
83 105
83 119
84 9
84 14
84 33
84 41
84 43
84 50
84 62
84 74
84 77
84 88
84 92
85 27
85 47
85 60
85 94
85 121
85 131
86 5
86 17
86 28
86 31
86 32
86 60
86 97
86 111
86 140
86 145
86 152
86 159
87 12
87 40
87 41
87 48
87 96
87 114
87 115
87 130
87 134
87 135
87 136
88 0
88 3
88 15
88 27
88 84
88 92
88 99
88 138
88 143
89 31
89 41
89 69
89 90
89 109
89 122
89 127
89 159
90 11
90 33
90 89
90 118
90 126
90 136
91 19
91 31
91 40
91 49
91 59
91 110
91 156
91 158
92 16
92 23
92 53
92 80
92 84
92 88
92 104
93 4
93 10
93 16
93 63
93 71
93 105
93 108
93 131
93 151
94 106
94 112
94 136
95 8
95 26
95 30
95 32
95 66
95 72
95 99
95 131
95 139
96 48
96 64
96 94
97 12
97 34
97 36
97 42
97 86
97 88
97 104
97 105
97 114
98 1
98 23
98 44
98 47
98 68
98 111
98 146
99 43
99 45
99 95
99 122
99 127
100 0
100 20
100 31
100 117
100 124
100 144
101 24
101 34
101 36
101 39
101 45
101 54
101 122
101 142
102 47
102 76
102 94
102 114
102 116
102 136
102 139
102 148
103 73
103 123
103 128
103 153
104 12
104 24
104 92
104 107
104 114
104 129
104 132
104 140
105 23
105 30
105 56
105 57
105 62
105 74
105 82
105 83
105 93
105 97
105 106
105 116
105 142
106 7
106 12
106 43
106 61
106 65
106 94
106 105
106 126
106 150
106 152
107 93
107 97
107 134
107 141
108 9
108 38
108 48
108 54
108 65
108 93
108 116
108 132
108 149
109 89
109 138
109 145
110 0
110 13
110 29
110 30
110 61
110 64
110 94
110 139
110 142
110 145
110 148
110 150
111 39
111 127
111 143
111 156
112 0
112 33
112 84
112 119
112 128
112 131
112 147
113 19
113 28
113 35
113 62
113 74
113 84
113 92
113 101
113 124
113 137
114 29
114 33
114 59
114 68
114 75
114 81
114 87
114 102
114 104
114 150
114 156
115 25
115 57
115 135
116 1
116 11
116 38
116 44
116 46
116 75
116 87
116 105
116 108
116 123
116 137
116 147
116 150
117 16
117 49
117 51
117 100
118 0
118 5
118 36
118 48
118 66
118 69
118 70
118 90
118 135
118 145
119 14
119 17
119 36
119 47
119 56
119 71
119 74
119 75
119 83
119 112
120 9
120 19
120 63
120 95
120 103
120 132
121 29
121 45
121 47
121 85
121 125
121 132
122 18
122 64
122 75
122 99
122 101
122 135
122 143
122 158
123 30
123 59
123 68
123 103
123 116
124 46
124 100
124 134
124 135
124 137
124 146
124 148
125 42
125 44
125 47
125 103
125 112
125 121
126 16
126 29
126 50
126 57
126 80
126 119
126 130
126 131
126 132
126 143
127 37
127 47
127 69
127 89
127 99
127 111
127 143
127 150
128 8
128 14
128 31
128 74
128 75
128 103
128 112
129 26
129 68
129 104
129 140
129 158
130 37
130 87
130 133
131 7
131 16
131 41
131 63
131 80
131 95
131 112
131 143
131 157
132 37
132 54
132 78
132 79
132 95
132 104
132 108
132 119
132 120
132 126
132 142
132 156
133 75
133 103
133 107
133 157
133 159
134 27
134 32
134 124
135 57
135 63
135 65
135 87
135 105
135 115
135 118
135 123
135 124
135 157
136 18
136 20
136 74
136 81
136 87
136 90
136 94
136 102
136 155
137 20
137 22
137 72
137 103
137 116
137 124
137 141
137 151
137 158
138 19
138 49
138 81
138 88
138 109
139 2
139 11
139 16
139 48
139 95
139 110
139 153
140 40
140 50
140 52
140 81
140 86
140 90
140 92
140 97
140 100
140 104
140 114
140 116
140 129
140 156
141 11
141 13
141 17
141 46
141 50
141 71
141 107
141 138
141 149
141 150
142 6
142 15
142 26
142 76
142 80
142 101
142 105
142 110
142 131
142 132
142 137
142 140
143 35
143 82
143 90
143 111
143 126
143 127
143 131
143 140
144 9
144 24
144 76
144 100
144 118
144 123
145 40
145 46
145 86
145 109
145 126
146 13
146 30
146 46
146 71
146 73
146 77
146 79
146 98
146 115
146 121
146 124
146 149
147 18
147 21
147 80
147 112
147 116
147 122
147 154
147 158
148 11
148 30
148 44
148 55
148 59
148 77
148 102
148 110
148 145
149 1
149 19
149 73
149 108
149 109
149 112
149 141
149 146
149 153
150 2
150 75
150 106
150 110
150 127
150 141
150 143
151 13
151 26
151 43
151 75
151 93
151 123
151 157
152 2
152 25
152 43
152 61
152 63
152 64
152 101
152 106
153 2
153 14
153 15
153 25
153 26
153 33
153 38
153 40
153 53
153 56
153 70
153 103
153 123
153 149
153 150
154 2
154 59
154 71
154 80
154 81
154 92
154 147
155 12
155 43
155 57
155 152
156 5
156 22
156 36
156 55
156 111
156 114
156 132
156 140
157 1
157 17
157 28
157 43
157 54
157 57
157 64
157 73
157 76
157 131
157 133
158 52
158 75
158 77
158 91
158 129
158 137
158 147
159 21
159 27
159 76
159 81
159 89
0 1 2 3 4 5 6 7 8 9 10 11 12 13 14 15 16 17 18 19 20 21 22 23 24 25 26 27 28 29 30 31 32 33 34 35 36 37 38 39
