160 534 12
0 29
0 56
0 106
0 130
0 136
1 65
1 89
2 35
2 38
2 54
2 64
2 88
3 7
3 18
3 62
3 84
3 107
3 108
3 120
3 150
4 14
5 14
5 21
5 30
5 31
5 37
6 25
7 3
7 67
8 140
9 57
9 104
9 127
9 133
10 16
10 113
10 116
10 132
11 53
11 108
11 119
11 135
12 35
12 40
12 42
12 95
12 158
13 0
13 55
13 106
13 125
13 153
14 4
14 5
14 135
15 117
15 132
15 151
16 17
16 21
16 75
16 100
17 16
17 42
17 49
18 3
18 5
20 127
21 5
21 16
21 26
21 92
21 101
21 153
22 151
23 2
23 85
23 120
23 129
23 130
24 23
24 60
24 75
24 100
25 30
25 91
25 110
25 142
26 21
26 47
26 78
27 33
27 41
27 72
27 89
27 117
28 86
28 107
28 136
29 0
30 5
30 25
30 67
30 83
30 113
30 135
30 158
31 5
31 10
31 51
31 66
31 113
32 39
32 40
32 50
32 68
32 77
32 97
33 27
33 100
34 40
34 122
34 149
35 2
35 12
35 37
35 51
36 60
36 94
36 155
37 35
37 72
37 98
37 103
37 104
37 136
38 2
38 10
38 148
39 29
39 32
39 81
39 118
40 12
40 32
40 34
40 58
40 86
40 136
41 27
41 45
41 107
42 12
42 17
42 87
42 89
43 72
43 103
43 106
43 130
43 158
44 108
45 41
45 75
45 155
46 54
46 136
47 59
47 72
48 128
49 17
49 19
49 59
49 143
50 6
50 32
50 70
50 72
51 3
51 31
51 35
51 109
52 11
52 57
52 68
52 145
53 93
53 123
54 2
54 46
54 66
54 98
55 13
55 111
56 0
56 51
56 116
56 135
57 9
57 52
57 153
58 40
58 96
58 132
58 149
59 49
59 68
59 90
59 159
60 24
60 36
60 76
60 78
60 126
60 141
61 88
61 138
62 4
62 106
63 98
63 156
64 0
64 2
64 78
65 1
65 138
66 54
66 133
67 7
67 30
67 68
67 86
68 67
68 80
69 117
69 145
70 50
70 97
71 93
71 116
71 125
71 133
71 159
72 27
72 37
72 47
72 50
73 103
73 124
73 127
73 153
74 103
74 143
75 16
75 24
75 45
75 136
75 137
76 143
76 158
77 32
78 26
78 60
78 64
78 102
79 111
79 118
80 68
80 113
80 134
80 159
81 5
81 39
81 87
81 153
82 10
82 105
82 149
83 30
83 105
83 147
84 3
85 23
85 78
85 124
86 28
86 40
86 67
86 115
86 158
87 42
87 48
87 81
87 114
88 2
88 111
89 1
89 27
89 42
90 151
91 25
91 99
91 148
91 153
92 21
92 50
92 74
92 151
93 47
93 53
93 71
93 84
93 99
93 105
93 109
93 110
93 132
93 150
94 33
94 101
94 126
95 12
95 131
95 144
96 133
96 139
96 158
97 32
97 70
97 96
97 130
97 147
98 37
98 54
98 70
98 110
99 91
99 93
99 130
100 116
100 118
101 21
101 94
101 108
101 116
101 159
102 78
102 151
103 37
103 43
103 56
103 73
103 74
104 9
104 37
104 145
105 63
106 0
106 13
106 43
106 69
107 3
107 28
107 128
107 148
108 3
108 44
108 101
109 51
109 93
109 114
109 130
109 132
110 25
110 93
110 98
111 55
112 139
113 10
113 31
113 80
114 109
115 86
115 130
116 10
116 56
116 100
116 101
117 15
117 27
117 69
117 126
118 10
118 39
118 79
118 138
118 152
120 3
120 23
120 151
121 0
122 34
122 104
123 53
123 103
123 130
123 149
124 85
124 126
125 13
125 71
125 148
126 60
126 94
126 117
126 124
126 130
126 138
127 20
127 60
127 73
127 130
127 140
128 48
128 107
128 132
128 140
129 67
130 0
130 23
130 43
130 97
130 103
130 109
130 115
130 123
130 126
130 127
130 146
130 153
131 35
131 53
131 95
131 103
131 106
132 15
132 58
132 93
132 109
132 128
132 157
133 71
133 96
133 159
134 80
135 11
135 14
135 30
135 33
135 142
136 0
136 28
136 37
136 40
136 45
136 46
136 75
136 86
137 145
138 61
138 118
138 126
139 96
139 112
139 119
140 8
140 127
140 128
141 60
142 25
142 135
142 151
143 49
143 74
143 76
143 81
144 95
145 29
145 52
145 104
145 137
146 65
146 130
147 7
147 97
148 38
148 91
148 107
149 58
149 82
149 123
150 3
150 93
151 15
151 22
151 90
151 92
151 102
152 118
153 13
153 21
153 57
153 73
153 78
153 81
153 91
153 130
154 159
155 36
156 63
156 69
157 61
157 132
158 3
158 12
158 30
158 43
158 89
158 96
159 59
159 71
159 80
159 133
159 154
0 1 2 3 4 5 6 7 8 9 10 11
