160 1207 12
0 13
0 31
0 44
0 58
0 75
0 80
0 109
0 111
0 122
0 127
1 6
1 14
1 154
2 38
2 70
2 77
2 80
2 92
2 115
3 31
3 39
3 44
3 60
3 103
3 135
3 138
3 141
3 144
3 151
3 152
4 89
4 100
5 6
5 32
5 39
5 76
5 86
5 102
5 116
5 117
5 130
5 145
5 147
6 1
6 24
6 31
6 41
6 44
6 91
6 94
6 101
6 119
6 125
6 145
6 148
6 149
6 155
6 157
6 158
7 35
7 106
7 144
8 21
8 22
8 24
8 49
8 51
8 74
8 79
8 105
8 138
8 152
8 154
9 29
9 45
9 54
9 84
9 122
9 141
10 0
10 40
10 41
10 73
10 115
10 117
11 54
11 72
11 83
11 129
11 136
12 36
12 60
12 80
12 86
12 110
12 130
12 141
12 143
13 0
13 21
13 44
13 107
13 108
13 123
14 1
14 21
14 31
14 38
14 52
14 63
14 85
14 100
14 112
14 123
14 134
14 141
15 24
15 106
15 107
15 109
15 120
16 2
16 10
16 40
16 49
16 109
16 144
17 20
17 42
17 49
17 77
18 5
18 54
18 73
18 75
18 110
18 136
19 52
19 81
19 98
19 114
19 147
19 154
20 17
20 35
20 45
20 77
20 120
20 142
21 13
21 43
21 108
21 122
21 144
22 8
22 29
22 30
22 33
22 60
22 61
22 76
22 116
22 117
22 127
22 128
23 49
23 54
23 99
23 120
23 141
24 6
24 8
24 31
24 62
24 79
24 97
24 105
24 107
24 114
24 115
24 118
25 30
25 45
25 46
25 65
25 68
25 73
25 91
25 117
25 118
25 123
25 141
25 148
25 154
26 18
26 51
26 66
26 98
26 109
26 125
26 140
27 20
27 48
27 77
27 85
27 88
27 137
27 150
28 4
28 42
28 52
28 54
28 105
28 111
28 146
28 152
28 159
29 9
29 33
29 35
29 42
29 72
29 89
29 101
29 104
29 106
29 112
29 130
29 134
29 138
30 22
30 69
30 80
31 0
31 3
31 14
31 24
31 49
31 65
31 67
31 82
31 92
31 102
31 107
31 109
31 122
31 127
31 154
32 38
32 53
32 79
32 98
32 105
32 127
32 148
32 150
32 153
32 158
33 22
33 29
33 47
33 63
33 68
33 73
33 94
33 96
33 111
33 132
33 143
33 144
33 150
34 51
34 65
34 75
34 117
34 138
35 7
35 29
35 30
35 69
35 92
35 108
35 153
35 159
36 0
36 12
36 14
36 34
36 84
36 88
36 94
36 115
36 119
36 133
36 139
36 155
37 65
37 81
37 86
37 102
37 106
37 107
38 3
38 10
38 14
38 31
38 52
38 62
38 64
38 117
38 129
38 131
38 151
39 3
39 62
39 68
39 105
39 110
39 113
39 148
39 157
40 10
40 16
40 26
40 47
40 52
40 64
40 145
40 152
41 10
41 18
41 159
42 17
42 28
42 29
42 31
42 54
42 57
42 74
42 142
42 147
43 78
43 105
43 120
44 19
44 84
44 89
44 120
44 127
44 143
45 9
45 20
45 70
45 81
45 97
45 98
45 117
45 128
45 138
45 152
46 0
46 22
46 25
46 37
46 42
46 80
46 98
46 101
46 110
46 121
46 135
46 156
47 33
47 40
47 66
47 89
47 90
47 100
47 104
47 143
48 64
48 78
48 83
48 85
48 93
48 109
48 111
48 137
48 154
48 159
49 16
49 48
49 82
49 88
49 145
50 59
50 86
50 91
50 140
51 26
51 34
51 86
51 102
51 113
52 14
52 19
52 28
52 40
52 45
52 59
52 67
52 68
52 120
52 141
52 153
52 158
53 3
53 77
53 85
53 114
53 121
53 142
54 9
54 11
54 18
54 23
54 28
54 74
54 98
54 104
55 34
55 77
55 126
55 147
56 4
56 27
56 35
56 48
56 57
56 114
56 130
57 31
57 56
57 61
57 81
57 86
57 151
58 46
58 69
58 84
58 93
58 150
59 35
59 50
59 70
59 111
59 148
60 22
60 23
60 68
60 120
60 138
61 7
61 57
61 101
61 106
61 125
61 128
62 38
62 39
62 93
62 96
62 121
63 14
63 33
63 81
63 109
63 149
64 38
64 40
64 48
64 62
64 68
64 88
64 91
64 92
64 107
64 113
64 151
64 155
65 31
65 34
65 37
65 40
65 74
65 75
65 85
65 122
65 133
65 146
65 152
66 47
66 74
66 136
66 152
66 157
67 31
67 52
67 87
67 98
67 104
67 134
68 25
68 33
68 39
68 52
68 60
68 64
68 84
68 88
68 111
68 134
68 136
69 7
69 30
69 58
69 59
69 139
70 2
70 45
70 59
70 79
70 128
71 36
71 133
72 29
72 85
72 106
72 128
72 145
73 18
73 33
73 117
73 120
73 128
73 134
73 156
73 157
74 25
74 42
74 43
74 54
74 65
74 66
74 88
74 127
74 130
75 0
75 18
75 65
75 84
75 133
75 134
75 150
75 155
76 22
76 89
76 111
76 134
76 142
76 149
76 156
77 2
77 7
77 9
77 20
77 21
77 53
77 55
77 84
77 118
77 140
77 151
78 43
78 48
78 146
79 39
79 70
79 72
79 83
79 98
79 139
79 150
80 0
80 2
80 12
80 46
80 96
80 109
80 120
80 121
80 127
80 153
81 19
81 45
81 63
81 95
81 102
81 134
81 149
82 31
82 49
82 51
82 134
82 139
82 140
83 4
83 9
83 11
83 39
83 79
83 85
83 101
83 104
83 112
83 149
84 13
84 39
84 44
84 68
84 75
84 77
84 85
84 107
84 117
84 128
84 149
84 157
85 14
85 42
85 44
85 48
85 53
85 65
85 72
85 79
85 83
85 84
85 114
85 121
85 123
85 130
85 137
85 147
86 5
86 37
86 51
86 70
86 72
86 98
86 105
86 110
86 118
86 134
86 143
87 16
87 23
87 67
87 106
87 111
87 118
87 123
88 0
88 29
88 36
88 64
88 68
88 74
89 4
89 29
89 46
89 47
89 76
89 77
89 78
89 115
89 147
90 2
90 47
90 68
90 77
90 99
90 101
90 143
91 6
91 25
91 50
91 64
91 100
91 122
91 129
92 3
92 29
92 35
92 64
92 103
92 112
92 114
92 120
93 62
93 111
93 145
94 33
94 41
94 141
94 156
94 157
95 81
95 101
95 124
95 147
96 61
96 65
96 80
96 135
96 149
96 157
97 24
97 30
97 108
97 117
97 135
97 141
98 0
98 2
98 26
98 32
98 67
98 79
98 103
98 128
99 23
99 73
99 125
99 130
99 131
99 140
100 4
100 14
100 25
100 102
100 118
100 133
100 138
101 2
101 6
101 29
101 30
101 46
101 61
101 68
101 83
101 90
101 95
101 111
101 137
101 151
102 16
102 31
102 50
102 51
102 81
102 93
102 100
102 107
102 130
102 133
102 159
103 3
103 51
103 81
103 92
103 98
103 110
103 117
103 124
103 138
104 29
104 47
104 67
104 113
104 115
104 127
104 142
104 156
105 23
105 39
105 43
105 86
105 88
105 107
106 7
106 29
106 61
106 98
106 99
106 124
106 144
107 15
107 24
107 37
107 71
107 102
107 105
107 115
107 144
108 2
108 5
108 21
109 0
109 12
109 16
109 48
109 110
109 149
110 16
110 18
110 23
110 39
110 46
110 86
110 92
110 103
110 109
110 133
111 0
111 22
111 33
111 48
111 76
111 81
111 84
111 101
111 110
111 129
112 3
112 29
112 39
112 89
112 92
112 125
113 39
113 51
113 104
113 144
113 157
114 19
114 20
114 53
114 56
114 80
114 85
114 90
115 2
115 10
115 24
115 36
115 89
115 104
115 107
115 120
115 145
116 5
116 150
117 5
117 10
117 34
117 38
117 70
117 73
117 84
117 97
117 103
117 118
117 135
117 152
118 22
118 24
118 25
118 42
118 86
118 87
118 100
119 36
119 51
119 85
119 90
120 15
120 20
120 43
120 44
120 73
120 92
120 115
121 46
121 53
121 54
121 62
121 73
121 80
121 144
121 152
121 155
122 0
122 9
122 31
122 91
122 152
122 159
123 12
123 13
123 14
123 24
123 25
123 85
123 87
123 116
124 2
124 95
124 99
124 103
124 106
124 119
125 6
125 22
125 47
125 89
125 99
125 127
126 55
127 0
127 22
127 31
127 32
127 44
127 74
127 80
127 107
127 126
128 27
128 61
128 73
128 79
128 98
128 143
129 11
129 38
129 91
129 102
129 133
129 135
129 137
129 138
129 142
130 12
130 27
130 56
130 59
130 139
131 38
131 61
131 99
131 144
131 145
132 60
132 69
132 123
132 156
133 26
133 36
133 54
133 59
133 65
133 71
133 73
133 87
133 100
133 102
133 129
133 153
134 14
134 23
134 29
134 64
134 65
134 67
134 73
134 75
134 76
134 137
134 142
134 146
135 37
135 46
135 96
135 117
135 129
135 153
135 157
136 11
136 18
136 54
136 56
136 60
136 66
136 73
136 137
137 4
137 27
137 48
137 53
137 85
137 129
137 134
137 136
137 144
137 157
138 3
138 8
138 45
138 60
138 73
138 93
138 100
138 103
138 141
138 144
138 147
138 154
139 36
139 44
139 66
139 79
139 82
139 100
139 111
140 26
140 59
140 99
140 126
140 159
141 3
141 9
141 12
141 23
141 25
141 94
141 95
141 97
141 146
141 157
142 53
142 76
142 97
142 104
142 134
142 152
143 20
143 33
143 44
143 47
143 86
143 90
143 117
143 128
143 139
143 142
144 7
144 22
144 53
144 106
144 107
144 113
144 121
144 131
144 137
144 153
144 159
145 72
145 91
145 115
145 120
145 131
146 28
146 141
147 5
147 19
147 42
147 55
147 85
147 89
147 95
147 122
147 152
148 6
148 18
148 25
148 39
148 59
148 67
148 74
148 86
148 135
148 141
148 153
149 6
149 81
149 84
149 95
149 96
149 109
149 150
149 155
150 23
150 27
150 32
150 58
150 79
150 103
150 116
150 142
150 149
151 34
151 38
151 56
151 57
151 64
151 66
151 77
151 101
151 127
152 6
152 28
152 40
152 66
152 79
152 121
152 142
152 147
153 32
153 35
153 42
153 52
153 62
153 80
153 131
153 133
153 135
153 144
153 148
154 1
154 8
154 19
154 25
154 30
154 31
154 43
154 86
154 96
154 114
154 159
155 6
155 21
155 67
155 149
156 46
156 51
156 76
156 94
156 104
156 132
156 151
157 6
157 31
157 39
157 66
157 73
157 84
157 94
157 96
157 113
157 126
157 135
157 137
157 145
157 156
158 6
158 32
158 90
158 145
159 28
159 37
159 41
159 48
159 69
159 102
159 144
0 1 2 3 4 5 6 7 8 9 10 11
