160 537 24
0 47
0 86
0 120
1 2
1 42
1 48
1 50
1 76
1 82
2 1
2 8
2 58
2 63
2 140
3 21
3 112
3 158
4 5
4 85
4 90
4 93
5 4
5 77
5 100
5 123
5 150
6 52
6 74
6 89
7 37
7 122
7 135
8 2
8 43
8 66
8 78
8 139
9 43
10 55
10 82
10 148
11 76
11 111
11 118
11 147
12 20
12 45
12 58
12 63
13 55
13 108
13 146
13 152
14 15
14 106
15 14
15 71
15 91
16 36
16 39
16 76
16 83
16 88
16 125
17 22
17 79
17 84
18 99
19 25
19 26
19 54
19 69
19 87
19 105
19 106
19 121
19 137
19 142
19 148
20 12
20 42
20 51
20 82
20 83
21 3
21 43
21 89
21 97
22 17
23 48
23 69
23 139
23 154
24 99
24 101
25 19
25 116
26 19
26 28
26 45
26 81
26 101
26 109
26 146
27 34
27 146
28 26
28 115
29 0
29 41
29 52
29 136
30 45
30 125
31 41
31 103
31 150
32 11
32 34
32 36
32 141
33 82
33 107
34 27
34 32
34 45
34 109
34 130
35 63
35 137
36 16
36 32
36 42
37 7
37 90
37 114
37 121
37 122
38 7
38 58
38 84
38 102
38 121
39 16
39 51
39 52
39 104
39 127
40 93
41 29
41 31
41 47
41 49
41 87
42 1
42 20
42 36
42 91
42 144
43 8
43 9
43 21
43 122
43 140
43 155
44 157
45 12
45 30
45 34
45 64
45 87
45 125
45 139
47 0
47 41
47 108
47 154
48 1
48 23
48 72
48 102
49 41
49 69
49 73
49 140
50 1
50 80
50 118
50 137
50 156
51 20
51 25
51 39
51 150
52 6
52 82
52 109
52 123
52 137
53 105
54 19
54 68
54 111
55 10
55 13
55 56
56 55
56 84
57 78
57 88
57 95
57 148
57 156
58 2
58 12
58 38
58 99
58 111
58 119
59 95
59 131
60 86
61 124
62 66
62 81
62 93
62 120
62 151
63 2
63 12
63 35
63 93
63 113
63 144
64 17
64 19
64 45
64 110
65 144
65 146
65 150
66 62
67 32
67 74
67 91
67 135
68 54
68 113
69 19
69 23
69 49
69 98
70 92
70 151
71 1
71 15
71 87
71 140
71 154
72 94
72 99
72 135
73 25
73 49
74 67
74 71
74 96
75 84
75 119
75 143
76 1
76 6
76 16
76 30
76 101
77 5
77 94
78 57
78 107
79 17
79 137
80 47
80 50
80 58
81 26
81 102
82 1
82 10
82 20
83 16
83 86
83 143
84 17
84 38
84 56
85 4
85 113
85 155
86 0
86 60
86 118
86 135
86 137
87 19
87 41
87 45
87 113
88 62
88 105
89 21
90 4
90 37
91 15
91 67
91 107
92 108
92 144
92 149
93 4
93 40
93 62
93 63
93 153
94 72
94 77
94 134
95 41
95 57
95 132
96 74
96 133
97 21
97 138
97 147
98 69
98 138
98 144
99 5
99 18
99 24
99 58
99 72
99 102
99 111
99 118
100 5
100 70
100 116
101 9
101 24
101 26
101 126
102 48
102 99
102 132
102 142
103 6
103 31
103 154
104 3
104 39
105 5
105 88
106 14
106 19
106 135
107 33
107 78
107 91
108 13
108 47
108 92
109 26
109 34
109 52
110 64
110 83
110 104
111 58
111 138
111 140
111 145
112 0
113 63
113 85
113 139
113 159
114 37
114 66
114 128
115 28
115 156
115 157
116 25
117 62
117 79
118 50
118 86
118 99
119 49
119 75
120 0
120 62
121 19
121 37
121 38
122 7
122 37
122 43
123 5
123 52
124 4
124 56
124 61
124 140
124 142
124 146
125 16
125 45
126 50
126 101
126 148
127 39
127 106
128 57
128 58
128 114
129 76
129 131
129 134
129 152
130 34
130 46
130 105
130 107
131 59
131 129
132 0
132 95
132 102
132 135
133 96
133 135
134 44
134 94
134 129
135 7
135 60
135 67
135 72
135 86
135 106
135 132
135 133
135 144
135 145
136 29
137 10
137 19
137 35
137 50
137 86
138 61
138 97
138 98
138 111
138 151
139 8
139 23
139 45
139 113
140 2
140 49
140 71
140 111
140 124
140 145
141 32
141 153
142 44
142 124
143 83
143 124
143 153
144 42
144 63
144 92
144 98
144 135
144 159
145 72
145 111
145 135
145 140
145 150
146 13
146 27
146 65
147 8
147 11
147 97
147 154
148 19
148 126
149 92
149 153
150 5
150 51
150 65
150 145
151 62
151 70
151 138
152 13
152 95
153 93
153 141
153 143
153 149
153 159
154 23
154 47
154 71
154 103
154 147
155 43
155 85
156 115
157 44
157 115
157 158
158 3
158 105
158 157
159 30
159 113
159 144
0 1 2 3 4 5 6 7 8 9 10 11 12 13 14 15 16 17 18 19 20 21 22 23
