160 1207 12
0 10
0 43
0 55
0 60
0 80
0 97
0 112
0 114
0 127
0 143
1 0
1 9
1 19
1 27
1 60
1 62
1 72
1 79
1 114
2 34
2 41
2 105
2 159
3 31
3 42
3 69
3 70
3 79
3 82
3 89
3 90
3 135
3 149
4 13
4 43
4 72
4 77
4 90
4 117
5 13
5 31
5 37
5 47
5 85
5 109
6 7
6 8
6 16
6 50
6 58
6 104
6 109
6 135
7 14
7 25
7 32
7 65
7 107
7 137
8 39
8 134
8 137
9 1
9 21
9 24
9 31
9 51
9 52
9 61
9 108
9 113
9 115
9 122
9 124
9 126
10 0
10 4
10 41
10 44
10 95
10 132
10 139
11 21
11 41
11 53
11 54
11 71
11 95
11 125
11 128
11 140
11 155
12 21
12 22
12 67
12 69
12 77
12 93
12 119
12 127
12 136
12 147
13 2
13 5
13 18
13 48
13 66
13 96
13 154
14 3
14 17
14 43
14 58
14 59
14 60
14 73
14 80
14 83
14 88
14 89
14 98
14 102
14 117
14 123
14 135
14 144
15 23
15 44
15 55
15 71
15 85
15 92
15 131
15 149
16 20
16 33
16 41
16 58
16 73
16 75
16 117
16 132
16 150
17 14
17 48
17 49
17 99
17 123
17 132
18 55
18 111
18 119
18 136
18 154
19 1
19 37
19 46
19 71
19 74
19 75
19 102
19 109
19 137
20 16
20 22
20 28
20 34
20 94
20 116
20 145
21 11
21 12
21 69
21 103
21 109
21 110
21 134
21 157
22 15
22 28
22 65
22 85
23 15
23 31
23 38
23 40
23 53
23 61
23 63
23 87
24 9
24 48
24 65
24 77
24 78
24 81
24 94
24 137
24 142
24 151
25 7
25 41
25 76
25 90
25 118
26 20
26 54
26 59
26 60
26 92
26 96
26 138
27 1
27 30
27 53
27 87
27 95
27 102
27 136
27 158
28 35
28 42
28 62
28 68
28 121
28 156
28 159
29 89
29 95
29 109
29 115
29 131
30 27
30 32
30 35
31 5
31 9
31 39
31 73
31 78
31 109
31 127
31 136
31 138
31 150
31 151
32 4
32 7
32 30
32 31
32 59
32 63
32 121
32 136
32 145
32 155
33 16
33 48
33 84
33 85
33 105
33 110
33 136
33 153
34 2
34 20
34 56
34 82
34 103
34 105
34 106
34 135
35 28
35 49
35 73
35 82
35 84
35 115
35 152
36 51
36 57
36 80
36 146
37 19
37 84
37 95
37 102
37 117
37 140
37 150
38 20
38 58
38 59
38 66
38 73
38 104
38 146
38 152
39 2
39 3
39 8
39 46
39 50
39 53
39 58
39 74
39 133
39 141
39 152
39 155
40 23
40 56
40 64
40 65
40 72
40 79
40 159
41 2
41 10
41 11
41 16
41 43
41 78
41 104
41 115
41 123
41 134
42 3
42 28
42 46
42 62
42 81
42 97
42 114
42 115
42 119
43 0
43 14
43 15
43 41
43 66
43 69
43 112
43 117
43 149
44 1
44 10
44 47
44 78
44 90
44 117
45 44
45 58
45 85
45 126
45 134
45 153
46 0
46 19
46 42
46 58
46 60
46 68
46 75
46 93
46 101
46 131
46 135
46 156
46 157
47 10
47 44
47 51
47 60
47 84
47 116
48 98
48 101
48 136
49 16
49 17
49 19
49 42
49 66
49 75
49 85
49 107
49 138
49 139
49 149
50 6
50 39
50 51
50 61
50 73
50 83
50 88
50 99
50 100
50 105
50 113
51 47
51 50
51 72
51 110
51 123
52 8
52 62
52 72
52 130
52 133
52 139
52 146
53 16
53 27
53 66
53 73
53 91
53 104
53 113
53 116
53 139
53 154
54 11
54 78
54 86
54 153
55 15
55 75
55 126
55 132
55 135
56 34
56 40
56 49
56 60
56 86
56 136
56 144
56 148
57 31
57 36
57 61
57 75
57 106
57 111
57 120
57 121
58 0
58 3
58 14
58 16
58 21
58 45
58 83
58 85
58 92
58 133
58 140
58 142
59 7
59 14
59 30
59 32
59 38
59 89
59 96
59 131
59 133
59 137
59 153
59 157
60 14
60 47
60 56
60 67
60 72
60 73
60 75
60 107
60 111
60 117
60 134
60 136
61 23
61 57
61 81
61 93
61 97
62 1
62 20
62 28
62 52
62 56
62 72
62 102
63 10
63 26
63 32
63 78
63 91
63 92
63 94
63 121
63 132
64 40
64 45
64 101
64 119
64 129
64 132
65 7
65 8
65 22
65 24
65 30
65 40
65 43
65 52
65 92
65 141
65 155
65 158
66 13
66 38
66 41
66 49
66 53
66 74
66 108
66 155
67 12
67 114
67 135
68 28
68 46
68 72
68 128
68 131
68 132
68 138
69 21
69 43
69 75
69 121
70 3
70 87
70 128
70 134
70 141
70 144
71 11
71 15
71 19
71 52
71 138
71 157
71 158
72 1
72 40
72 56
72 60
72 68
72 110
72 159
73 12
73 16
73 31
73 35
73 38
73 50
73 60
73 93
73 109
73 159
74 26
74 39
74 75
74 91
74 98
74 100
74 150
75 19
75 44
75 49
75 51
75 55
75 60
75 67
75 69
75 74
75 101
75 109
75 120
76 19
76 78
76 89
76 157
77 24
77 30
77 94
77 96
77 110
77 114
77 149
78 24
78 31
78 32
78 41
78 108
78 124
78 126
78 130
79 1
79 3
79 40
79 92
79 99
79 100
79 110
79 118
79 121
79 141
80 0
80 14
80 87
80 92
80 93
80 134
80 140
81 24
81 42
81 43
81 61
81 129
81 143
81 147
82 34
82 84
82 99
82 118
82 122
82 138
83 14
83 23
83 30
83 50
83 58
83 77
83 99
83 107
83 125
83 130
83 154
84 33
84 37
84 47
84 82
84 114
84 145
85 5
85 12
85 22
85 45
85 58
85 87
85 103
86 18
86 42
86 56
86 95
86 104
86 131
86 152
87 23
87 25
87 39
87 70
87 80
88 36
88 75
88 153
89 29
89 76
89 116
89 145
90 4
90 25
90 44
90 69
90 93
90 155
91 40
91 53
91 65
91 74
91 123
91 125
91 147
92 3
92 26
92 46
92 63
92 65
92 79
92 114
92 143
92 144
92 148
93 12
93 46
93 61
93 90
93 102
93 142
93 146
94 3
94 20
94 24
94 46
94 63
94 77
94 95
94 104
94 111
94 123
94 132
95 8
95 11
95 29
95 79
95 94
95 141
95 146
96 20
96 26
96 40
96 59
96 77
96 79
96 115
96 116
96 133
96 139
97 0
97 42
97 43
97 58
97 61
97 107
97 123
98 0
98 68
98 87
98 90
98 116
99 17
99 35
99 82
99 116
99 120
99 131
100 2
100 50
100 74
100 79
100 121
100 124
100 148
100 149
100 156
101 15
101 20
101 48
101 64
101 77
101 92
102 14
102 27
102 28
102 37
102 42
102 48
102 62
102 120
102 121
102 145
102 150
103 34
103 36
103 66
103 85
103 123
103 135
103 154
104 6
104 38
104 41
104 53
104 94
104 113
104 118
104 144
104 153
104 158
105 2
105 33
105 34
105 40
105 96
105 108
105 120
106 17
106 87
107 7
107 49
107 60
107 63
107 83
107 91
107 97
107 103
107 131
107 134
108 78
108 97
108 105
108 133
108 139
108 145
108 159
109 0
109 5
109 31
109 73
109 144
110 21
110 33
110 51
110 72
110 77
110 115
110 120
110 148
110 159
111 18
111 19
111 57
111 94
111 127
111 137
111 139
111 148
112 0
112 36
112 43
112 54
112 61
112 67
112 116
112 147
112 152
113 1
113 24
113 39
113 50
113 53
113 104
113 111
113 158
114 0
114 57
114 84
114 92
115 9
115 29
115 35
115 41
115 67
115 96
115 110
115 126
116 47
116 53
116 89
116 95
116 98
116 99
116 112
116 118
116 122
116 149
117 1
117 16
117 43
117 44
117 59
117 130
117 143
118 79
118 82
118 104
118 116
118 137
119 12
119 15
119 42
119 50
119 63
119 64
119 70
119 93
120 57
120 75
120 76
120 82
120 102
120 110
120 131
120 132
120 136
120 143
120 148
121 28
121 63
121 69
121 87
121 100
121 123
122 4
122 20
122 58
122 116
122 117
122 129
122 145
123 14
123 17
123 41
123 51
123 94
123 97
123 101
123 119
124 9
124 19
124 78
124 100
124 154
125 83
125 91
125 94
125 137
126 9
126 22
126 45
126 55
126 78
126 142
126 144
127 0
127 3
127 70
127 155
128 11
128 59
128 97
128 112
128 130
128 143
129 25
129 54
129 60
129 64
129 138
129 149
129 150
130 52
130 78
130 137
130 141
130 142
130 143
130 156
131 15
131 44
131 46
131 59
131 81
131 86
131 99
131 107
131 120
131 136
131 146
132 10
132 16
132 51
132 53
132 55
132 63
132 64
132 68
132 94
132 120
132 150
133 52
133 58
133 96
133 108
133 131
134 8
134 41
134 57
134 60
134 70
134 107
134 118
135 3
135 6
135 14
135 29
135 34
135 46
135 55
135 67
135 103
136 12
136 27
136 31
136 33
136 48
136 58
136 98
136 120
137 7
137 8
137 19
137 24
137 59
137 64
137 68
137 69
137 111
137 114
137 125
137 128
137 130
137 132
138 26
138 66
138 68
138 82
138 90
138 129
138 148
138 151
139 10
139 37
139 49
139 53
139 98
139 108
139 109
139 111
139 138
140 11
140 42
140 58
140 80
141 18
141 39
141 62
141 65
141 70
141 79
141 92
141 95
142 48
142 58
142 118
142 126
142 138
142 148
143 0
143 65
143 67
143 81
143 92
143 120
143 128
144 14
144 23
144 59
144 70
144 104
144 109
144 111
144 126
145 20
145 77
145 84
145 102
145 108
145 122
146 75
146 93
146 95
146 110
146 131
146 143
146 153
147 85
147 91
147 112
147 156
148 14
148 28
148 35
148 38
148 53
148 54
148 56
148 92
148 100
148 111
148 115
148 138
148 142
148 152
149 3
149 15
149 43
149 49
149 100
149 119
149 129
150 16
150 37
150 74
150 102
150 129
151 24
151 31
151 65
151 71
151 138
151 159
152 35
152 38
152 39
152 86
152 148
153 12
153 33
153 54
153 59
153 88
153 104
153 146
154 13
154 16
154 53
154 83
154 103
154 104
154 124
155 11
155 32
155 39
155 57
155 66
155 85
155 90
155 118
155 127
155 156
156 1
156 28
156 46
156 92
156 100
156 145
156 147
156 154
157 10
157 13
157 21
157 46
157 71
157 74
157 76
158 10
158 27
158 88
158 104
158 113
158 115
158 124
159 17
159 28
159 40
159 57
159 73
159 108
159 151
159 155
0 1 2 3 4 5 6 7 8 9 10 11
