160 1207 12
0 34
0 52
0 67
0 76
0 80
0 81
0 110
0 115
0 118
0 119
0 122
0 144
0 145
0 154
1 45
1 68
1 74
1 93
2 15
2 42
2 94
2 95
2 133
3 24
3 44
3 53
3 115
3 144
3 146
4 7
4 91
4 93
4 102
5 8
5 10
5 12
5 20
5 25
5 66
5 70
5 72
5 90
5 106
5 111
6 2
6 39
6 42
6 104
6 111
6 114
6 141
6 155
7 9
7 17
7 26
7 32
7 42
7 53
7 60
7 63
7 79
7 83
7 100
7 129
7 148
8 26
8 40
8 58
8 91
8 107
8 153
9 7
9 12
9 19
9 31
9 46
9 49
9 105
9 111
9 119
9 138
9 140
9 155
10 31
10 35
10 100
10 106
10 122
10 137
10 144
10 149
11 42
11 44
11 57
11 117
11 151
12 36
12 45
12 61
12 77
12 105
12 145
13 19
13 21
13 33
13 53
13 54
13 91
13 96
13 101
13 116
13 118
14 34
14 42
14 82
14 114
14 117
14 144
15 2
15 16
15 20
15 33
15 88
15 117
15 127
15 141
15 153
16 2
16 15
16 39
16 94
16 96
16 103
16 117
16 118
17 32
17 47
17 49
17 66
17 108
17 119
18 60
18 92
18 97
18 127
18 131
19 9
19 13
19 41
19 60
19 76
19 87
19 127
19 137
20 5
20 15
20 21
20 34
20 44
20 45
20 57
20 69
20 119
20 143
21 20
21 52
21 85
21 146
21 157
22 0
22 24
22 49
22 70
22 126
22 130
22 135
23 89
23 92
23 102
23 103
23 123
23 152
24 3
24 22
24 28
24 51
24 94
24 100
24 138
24 159
25 53
25 104
25 111
25 128
25 137
25 141
25 149
25 150
25 153
25 159
26 7
26 69
26 77
26 135
27 38
27 41
27 63
27 75
27 76
27 77
27 90
27 114
27 123
27 134
27 137
27 150
27 154
28 24
28 41
28 50
28 57
28 82
28 92
28 107
28 127
28 129
28 142
28 144
28 153
29 70
29 105
30 53
30 55
30 56
30 72
30 101
30 102
30 152
31 9
31 10
31 40
31 49
31 51
31 58
31 72
31 82
31 105
31 115
31 157
32 7
32 17
32 20
32 34
32 48
32 72
32 116
32 125
32 139
33 7
33 13
33 15
33 41
33 46
33 70
33 75
33 111
33 122
33 134
33 138
33 145
33 156
34 0
34 14
34 20
34 32
34 69
34 86
34 89
34 96
34 101
34 148
34 157
35 4
35 10
35 47
35 55
35 68
35 147
35 148
35 158
36 12
36 21
36 46
36 55
36 58
36 73
36 80
36 114
36 121
36 123
36 128
36 134
36 148
37 3
37 13
37 72
37 75
37 89
37 90
37 102
37 136
37 142
37 143
37 150
38 22
38 126
38 134
38 143
38 152
39 69
39 78
39 92
39 104
40 48
40 57
40 79
40 88
40 110
40 121
41 18
41 28
41 33
41 34
41 37
41 71
41 73
41 148
41 149
42 2
42 7
42 41
42 54
42 69
42 145
42 149
43 38
43 41
43 61
43 128
43 145
43 147
43 150
44 11
44 60
44 77
44 82
44 157
45 1
45 5
45 20
45 29
45 30
45 46
45 72
45 151
46 9
46 33
46 36
46 71
46 88
46 112
46 115
46 146
47 17
47 119
47 147
47 151
47 155
48 15
48 30
48 117
48 125
49 9
49 22
49 31
49 63
49 103
49 116
49 123
49 128
49 129
49 138
49 141
49 147
49 152
50 26
50 28
50 52
50 93
50 96
50 112
50 115
50 125
50 144
51 31
51 72
51 73
51 102
51 120
51 135
52 0
52 50
52 53
52 59
52 60
52 62
52 69
52 84
52 119
52 120
52 127
53 3
53 7
53 13
53 25
53 27
53 52
53 82
53 96
53 108
53 123
53 157
54 13
54 30
54 37
54 42
54 80
54 109
54 116
54 129
54 144
55 27
55 30
55 35
55 36
55 42
55 86
55 93
55 107
55 113
55 115
56 20
56 30
56 61
56 64
56 67
56 86
56 99
57 28
57 40
57 142
58 31
58 36
58 72
58 73
58 142
59 19
59 49
59 93
59 98
59 106
59 108
59 146
59 151
60 7
60 19
60 110
60 150
60 157
61 0
61 12
61 43
61 62
61 152
61 153
62 52
63 7
63 27
63 40
63 49
63 65
63 101
63 111
63 133
64 7
64 133
64 142
64 149
65 63
65 111
65 125
65 145
65 153
66 5
66 17
66 77
66 78
66 97
66 105
66 123
66 127
66 137
66 156
67 56
67 68
67 81
68 1
68 31
68 67
68 69
68 70
68 115
68 120
68 126
69 4
69 7
69 26
69 28
69 34
69 39
69 42
69 45
69 68
69 77
69 84
69 117
69 144
70 0
70 5
70 29
70 33
70 53
70 68
70 96
70 118
70 123
70 126
71 9
71 46
71 77
71 84
71 121
71 153
72 2
72 4
72 30
72 32
72 45
72 51
72 58
72 69
73 7
73 20
73 36
73 41
73 51
73 57
73 140
74 1
74 78
74 120
74 145
75 16
75 27
75 33
75 37
75 76
75 89
75 104
75 111
75 113
75 151
76 27
76 38
76 68
77 27
77 55
77 71
77 80
77 82
77 89
77 120
77 121
77 139
78 39
78 74
78 142
79 7
79 15
79 40
79 144
79 158
80 0
80 40
80 54
80 77
80 98
80 152
81 0
81 16
81 67
81 89
81 99
81 109
81 127
82 28
82 38
82 53
82 56
82 69
82 77
82 90
82 114
82 141
82 151
83 7
83 36
83 67
83 87
83 96
83 143
83 156
84 41
84 52
84 69
84 71
84 152
85 0
85 21
85 34
85 75
85 104
85 108
85 120
85 124
85 147
85 149
85 153
86 34
86 55
86 56
86 105
86 120
86 138
86 153
87 83
87 95
87 111
87 133
87 150
87 153
88 15
88 46
88 51
88 69
88 105
88 125
88 151
88 159
89 23
89 37
89 68
89 69
89 75
89 77
89 81
89 92
89 104
89 113
89 130
89 146
89 150
90 9
90 27
90 28
90 37
90 58
90 82
90 84
90 119
91 4
91 13
91 15
91 21
91 26
91 53
91 70
91 111
91 119
91 147
91 155
92 1
92 18
92 28
92 39
92 89
93 4
93 21
93 59
93 81
93 91
93 92
93 124
93 128
93 136
93 138
94 2
94 16
94 24
94 92
94 101
94 116
94 133
94 134
95 4
95 87
95 97
95 132
96 13
96 16
96 34
96 53
96 70
96 83
96 127
96 131
96 158
97 18
97 66
97 95
97 119
97 127
97 140
97 148
97 149
97 158
98 41
98 59
98 80
98 140
99 0
99 1
99 11
99 81
99 94
99 124
99 126
99 132
99 148
99 150
100 10
100 64
100 102
100 112
100 128
100 153
101 13
101 24
101 63
101 94
102 23
102 30
102 35
102 37
102 51
102 58
102 88
102 127
102 143
103 12
103 16
103 23
103 49
103 106
103 110
103 154
104 25
104 39
104 57
104 85
104 109
104 136
104 141
104 156
104 159
105 66
105 119
105 153
106 5
106 19
106 66
106 70
106 73
106 103
106 131
106 146
107 23
107 28
107 94
107 132
107 145
107 149
108 17
108 59
108 81
108 101
108 120
108 142
109 1
109 51
109 54
109 81
109 104
109 114
109 135
109 136
110 0
110 60
110 103
110 112
110 120
110 121
110 130
110 146
111 5
111 6
111 9
111 25
111 59
111 65
111 66
111 75
111 129
112 46
112 50
112 60
112 93
112 100
112 110
113 34
113 55
113 59
113 89
113 135
113 137
113 142
114 20
114 36
114 109
114 130
114 145
115 0
115 3
115 31
115 46
115 55
115 71
115 82
115 97
116 32
116 51
116 54
116 142
116 144
116 150
117 14
117 16
117 48
117 128
117 148
118 0
118 13
118 16
118 48
118 95
118 99
119 0
119 9
119 17
119 20
119 43
119 47
119 52
119 90
119 105
119 135
120 52
120 74
120 77
120 85
120 90
120 108
120 110
120 146
121 40
121 71
121 72
121 110
121 123
121 142
122 0
122 10
122 16
122 33
122 100
122 126
122 129
122 150
123 18
123 36
123 49
123 66
123 114
123 121
123 127
123 134
124 9
124 16
124 93
124 99
124 117
124 123
124 136
125 32
125 48
125 50
125 65
125 88
125 106
126 2
126 38
126 53
126 70
126 80
126 99
126 122
127 15
127 18
127 28
127 52
127 66
127 81
127 93
127 97
127 102
127 121
127 132
127 147
127 154
128 25
128 43
128 56
128 93
128 99
128 100
128 117
128 130
128 134
128 146
128 157
129 7
129 28
129 34
129 49
129 50
129 54
129 111
129 122
129 124
129 137
129 144
130 22
130 89
130 98
130 110
130 128
131 39
131 79
131 96
131 138
131 159
132 42
132 65
132 95
132 99
132 107
132 127
132 153
133 64
133 87
133 94
133 146
133 152
134 27
134 38
134 94
134 101
134 137
134 143
134 145
134 146
134 159
135 51
135 100
135 109
135 113
135 119
135 138
135 150
135 156
136 37
136 104
136 125
136 151
137 9
137 10
137 19
137 25
137 27
137 29
137 66
137 113
137 129
137 134
138 9
138 24
138 33
138 49
138 86
138 93
138 131
138 155
138 157
139 18
139 32
139 34
139 77
139 148
140 9
140 24
140 25
140 38
140 48
140 69
140 97
140 98
141 6
141 11
141 15
141 25
141 29
141 43
141 49
141 71
141 104
141 144
141 145
141 150
142 2
142 37
142 57
142 58
142 78
142 108
142 113
142 141
143 4
143 37
143 38
143 45
143 53
143 83
143 134
143 152
144 0
144 10
144 28
144 54
144 69
144 104
144 116
144 129
144 141
144 143
145 0
145 43
145 74
145 107
145 121
145 134
145 141
146 21
146 46
146 59
146 67
146 89
146 93
146 106
146 110
146 133
146 134
146 147
146 149
147 43
147 47
147 70
147 85
147 91
147 121
147 127
147 146
147 149
148 7
148 35
148 36
148 41
148 97
148 117
148 124
149 10
149 21
149 41
149 42
149 64
149 85
149 97
149 107
149 146
149 147
150 25
150 27
150 37
150 50
150 54
150 60
150 87
150 96
150 99
150 116
150 141
151 11
151 21
151 47
151 58
151 82
151 84
151 126
151 142
151 157
152 0
152 38
152 49
152 61
152 108
152 138
152 143
153 8
153 61
153 65
153 71
153 87
153 100
153 105
153 126
153 132
153 140
154 27
154 94
154 103
154 112
154 127
155 91
155 115
155 149
156 29
156 53
156 66
156 78
156 83
156 104
156 133
156 154
157 34
157 44
157 53
157 138
158 21
158 65
158 97
158 118
159 81
159 86
159 88
159 129
159 131
159 134
159 138
0 1 2 3 4 5 6 7 8 9 10 11
