160 3802 12
0 21
0 31
0 39
0 51
0 54
0 56
0 62
0 65
0 68
0 71
0 75
0 76
0 80
0 93
0 100
0 102
0 103
0 112
0 119
0 127
0 133
0 137
0 142
0 146
1 11
1 16
1 21
1 22
1 23
1 32
1 58
1 77
1 80
1 82
1 83
1 88
1 91
1 94
1 97
1 105
1 107
1 109
1 110
1 116
1 128
1 131
1 139
1 143
1 147
1 154
1 157
2 8
2 19
2 20
2 21
2 35
2 43
2 46
2 52
2 64
2 74
2 75
2 77
2 82
2 100
2 105
2 108
2 109
2 111
2 125
2 130
2 132
2 133
2 135
2 136
2 142
2 143
2 145
3 8
3 20
3 26
3 27
3 28
3 29
3 31
3 37
3 43
3 47
3 48
3 55
3 67
3 68
3 75
3 97
3 107
3 108
3 110
3 113
3 118
3 129
3 131
3 143
3 156
4 10
4 12
4 21
4 24
4 25
4 29
4 36
4 38
4 41
4 42
4 54
4 55
4 68
4 71
4 80
4 90
4 97
4 103
4 110
4 113
4 114
4 115
4 136
4 147
5 7
5 13
5 14
5 41
5 49
5 53
5 55
5 57
5 61
5 80
5 97
5 101
5 113
5 119
5 126
5 132
5 133
5 141
5 155
5 156
5 158
6 20
6 21
6 23
6 29
6 32
6 57
6 62
6 75
6 81
6 87
6 102
6 118
6 130
6 137
6 140
6 144
6 150
6 155
6 159
7 5
7 9
7 12
7 29
7 32
7 44
7 46
7 50
7 52
7 62
7 79
7 82
7 85
7 87
7 88
7 90
7 97
7 103
7 106
7 107
7 109
7 113
7 116
7 122
7 127
7 128
7 149
8 0
8 2
8 3
8 4
8 10
8 28
8 33
8 34
8 51
8 56
8 60
8 62
8 63
8 64
8 66
8 71
8 73
8 77
8 96
8 112
8 115
8 130
8 131
8 137
8 150
8 158
8 159
9 7
9 55
9 60
9 65
9 71
9 75
9 79
9 85
9 91
9 93
9 98
9 99
9 120
9 123
9 124
9 126
9 129
9 131
9 137
9 138
10 4
10 8
10 14
10 28
10 37
10 39
10 42
10 53
10 57
10 62
10 73
10 74
10 78
10 82
10 85
10 92
10 100
10 105
10 106
10 110
10 126
10 132
10 133
10 137
10 140
11 15
11 19
11 20
11 25
11 32
11 39
11 46
11 47
11 51
11 55
11 69
11 77
11 79
11 90
11 104
11 110
11 112
11 114
11 115
11 120
11 127
11 128
11 135
11 154
11 156
12 4
12 7
12 11
12 19
12 30
12 31
12 38
12 39
12 41
12 62
12 66
12 72
12 78
12 82
12 87
12 98
12 100
12 113
12 114
12 119
12 133
12 137
12 142
12 152
12 156
13 5
13 12
13 22
13 23
13 30
13 48
13 62
13 64
13 75
13 78
13 85
13 88
13 93
13 98
13 100
13 101
13 103
13 104
13 107
13 108
13 110
13 112
13 117
13 152
13 155
13 156
13 157
14 5
14 10
14 28
14 31
14 40
14 52
14 58
14 62
14 66
14 68
14 71
14 73
14 78
14 83
14 85
14 92
14 93
14 106
14 119
14 124
14 130
14 132
14 135
14 141
14 143
14 144
14 146
14 151
14 152
15 5
15 23
15 26
15 30
15 35
15 70
15 72
15 80
15 82
15 89
15 91
15 102
15 110
15 111
15 135
15 143
15 146
15 148
15 149
15 155
15 157
16 1
16 24
16 30
16 42
16 67
16 71
16 73
16 79
16 80
16 88
16 90
16 91
16 101
16 102
16 103
16 104
16 114
16 116
16 131
16 132
16 134
16 143
16 144
16 152
17 16
17 24
17 28
17 34
17 35
17 45
17 46
17 51
17 52
17 65
17 68
17 70
17 75
17 78
17 80
17 87
17 93
17 108
17 118
17 137
17 159
18 6
18 16
18 25
18 34
18 42
18 48
18 53
18 54
18 65
18 74
18 76
18 78
18 88
18 102
18 105
18 125
18 126
18 129
18 138
18 147
18 155
18 158
19 11
19 12
19 30
19 38
19 45
19 50
19 52
19 59
19 60
19 61
19 74
19 77
19 84
19 92
19 93
19 107
19 126
19 131
19 139
19 143
19 154
19 158
20 2
20 3
20 6
20 18
20 25
20 32
20 34
20 40
20 63
20 69
20 72
20 77
20 80
20 87
20 90
20 99
20 102
20 103
20 105
20 107
20 116
20 121
20 124
20 125
20 139
20 148
20 150
20 153
21 0
21 1
21 2
21 4
21 24
21 30
21 33
21 40
21 49
21 63
21 64
21 65
21 75
21 76
21 86
21 97
21 107
21 117
21 118
21 121
21 133
21 144
21 151
21 155
22 13
22 24
22 31
22 33
22 35
22 40
22 56
22 61
22 65
22 69
22 73
22 76
22 79
22 85
22 91
22 98
22 104
22 109
22 110
22 114
22 116
22 126
22 141
22 144
22 145
22 158
23 6
23 13
23 15
23 16
23 28
23 31
23 35
23 39
23 42
23 43
23 44
23 49
23 54
23 57
23 59
23 60
23 63
23 74
23 75
23 84
23 86
23 91
23 94
23 98
23 103
23 120
23 121
23 133
23 141
23 145
23 146
23 151
23 155
24 4
24 9
24 15
24 16
24 17
24 21
24 22
24 33
24 38
24 44
24 54
24 61
24 72
24 79
24 100
24 104
24 114
24 115
24 121
24 132
24 136
24 143
25 4
25 11
25 18
25 20
25 41
25 44
25 45
25 54
25 64
25 72
25 73
25 77
25 88
25 101
25 103
25 107
25 119
25 123
25 134
25 136
25 137
25 150
25 155
26 2
26 15
26 28
26 29
26 33
26 40
26 50
26 51
26 56
26 70
26 79
26 82
26 86
26 88
26 93
26 94
26 98
26 102
26 116
26 127
26 128
26 129
26 141
26 153
27 3
27 7
27 18
27 25
27 28
27 32
27 42
27 70
27 78
27 81
27 83
27 84
27 92
27 93
27 95
27 107
27 125
27 137
27 140
27 157
28 3
28 6
28 8
28 10
28 17
28 18
28 23
28 25
28 27
28 30
28 50
28 52
28 57
28 63
28 71
28 72
28 76
28 89
28 90
28 91
28 107
28 108
28 109
28 113
28 118
28 131
28 135
28 138
28 153
28 155
28 156
29 3
29 22
29 25
29 31
29 45
29 48
29 50
29 85
29 93
29 105
29 121
29 123
29 131
29 132
29 139
29 146
30 12
30 16
30 21
30 28
30 34
30 36
30 45
30 48
30 50
30 51
30 56
30 69
30 71
30 78
30 79
30 85
30 89
30 91
30 99
30 110
30 114
30 116
30 117
30 136
30 139
30 140
30 144
30 155
31 0
31 12
31 14
31 22
31 23
31 28
31 30
31 41
31 43
31 54
31 59
31 62
31 69
31 79
31 80
31 89
31 90
31 104
31 105
31 107
31 115
31 119
31 123
31 131
31 134
31 139
31 140
31 141
31 151
31 152
31 154
32 11
32 20
32 41
32 42
32 54
32 62
32 63
32 72
32 74
32 77
32 79
32 82
32 102
32 109
32 113
32 118
32 131
32 139
32 142
32 144
33 0
33 8
33 17
33 38
33 41
33 45
33 60
33 61
33 81
33 82
33 83
33 98
33 114
33 115
33 119
33 135
33 142
33 147
34 6
34 8
34 20
34 37
34 41
34 53
34 63
34 67
34 78
34 79
34 86
34 92
34 99
34 100
34 111
34 117
34 120
34 132
34 138
34 141
34 159
35 2
35 6
35 17
35 22
35 23
35 33
35 43
35 46
35 55
35 59
35 60
35 67
35 79
35 83
35 92
35 93
35 97
35 111
35 118
35 120
35 122
35 135
35 137
35 149
36 4
36 30
36 41
36 42
36 46
36 49
36 53
36 55
36 62
36 63
36 70
36 74
36 81
36 84
36 92
36 98
36 112
36 114
36 119
36 134
36 135
36 140
36 141
36 151
36 153
36 157
37 3
37 10
37 27
37 34
37 38
37 41
37 47
37 48
37 57
37 66
37 88
37 106
37 110
37 112
37 122
37 128
37 137
37 138
37 152
38 4
38 12
38 15
38 19
38 22
38 24
38 33
38 37
38 42
38 53
38 56
38 58
38 60
38 71
38 72
38 73
38 74
38 82
38 84
38 95
38 97
38 98
38 104
38 109
38 113
38 120
38 126
38 127
38 131
38 155
39 10
39 11
39 12
39 23
39 36
39 43
39 45
39 48
39 50
39 51
39 56
39 68
39 70
39 85
39 86
39 93
39 101
39 104
39 107
39 110
39 118
39 120
39 131
40 5
40 14
40 18
40 20
40 21
40 64
40 72
40 87
40 95
40 97
40 100
40 102
40 106
40 107
40 113
40 119
40 123
40 125
40 127
40 136
40 140
40 141
40 147
40 155
40 159
41 0
41 5
41 12
41 23
41 25
41 32
41 33
41 34
41 38
41 46
41 80
41 84
41 86
41 98
41 107
41 118
41 125
41 133
41 142
41 146
42 9
42 10
42 17
42 18
42 23
42 32
42 33
42 36
42 40
42 49
42 54
42 63
42 67
42 89
42 94
42 104
42 105
42 107
42 110
42 111
42 128
42 130
42 132
42 133
42 141
42 142
42 148
42 152
42 158
43 2
43 3
43 31
43 35
43 37
43 50
43 53
43 54
43 58
43 63
43 66
43 72
43 82
43 113
43 119
43 120
43 133
43 135
43 144
43 146
43 147
43 151
44 7
44 9
44 23
44 24
44 25
44 45
44 47
44 50
44 69
44 77
44 79
44 83
44 85
44 87
44 90
44 95
44 102
44 104
44 115
44 121
44 124
44 126
44 128
44 130
44 139
44 142
44 150
45 19
45 25
45 32
45 33
45 39
45 42
45 52
45 53
45 55
45 69
45 70
45 73
45 93
45 104
45 107
45 117
45 118
45 127
45 140
45 151
46 1
46 2
46 11
46 18
46 35
46 41
46 51
46 58
46 59
46 62
46 64
46 70
46 75
46 79
46 85
46 92
46 95
46 102
46 113
46 115
46 121
46 123
46 127
46 143
46 145
46 154
46 158
46 159
47 1
47 3
47 9
47 16
47 24
47 30
47 45
47 50
47 51
47 104
47 105
47 108
47 111
47 135
47 136
47 140
48 3
48 18
48 20
48 29
48 30
48 37
48 38
48 47
48 60
48 64
48 78
48 87
48 105
48 112
48 126
48 128
48 131
48 138
48 155
48 156
48 157
48 158
49 1
49 5
49 11
49 21
49 23
49 26
49 32
49 33
49 36
49 38
49 42
49 47
49 78
49 91
49 94
49 97
49 105
49 114
49 116
49 128
49 134
49 135
49 139
49 141
49 148
49 150
50 7
50 19
50 22
50 28
50 29
50 30
50 31
50 36
50 39
50 44
50 47
50 81
50 83
50 87
50 98
50 99
50 109
50 115
50 131
50 138
50 144
50 145
50 151
50 157
51 11
51 17
51 23
51 26
51 28
51 30
51 39
51 40
51 47
51 49
51 56
51 72
51 73
51 80
51 86
51 91
51 93
51 101
51 105
51 111
51 121
51 136
51 148
51 150
51 157
52 2
52 14
52 17
52 18
52 19
52 40
52 47
52 62
52 79
52 80
52 83
52 85
52 95
52 96
52 106
52 112
52 130
52 136
52 143
52 147
52 157
53 2
53 10
53 34
53 38
53 43
53 45
53 56
53 65
53 86
53 88
53 112
53 121
53 124
53 127
53 134
53 143
53 150
53 151
53 156
53 157
54 0
54 2
54 9
54 24
54 25
54 31
54 32
54 42
54 43
54 49
54 51
54 52
54 63
54 69
54 70
54 71
54 78
54 80
54 87
54 91
54 99
54 103
54 106
54 110
54 113
54 116
54 133
54 134
54 154
54 155
55 4
55 5
55 15
55 17
55 26
55 30
55 35
55 36
55 45
55 50
55 57
55 65
55 72
55 88
55 91
55 103
55 108
55 109
55 120
55 123
55 126
55 130
55 140
55 142
55 156
56 0
56 2
56 20
56 32
56 39
56 53
56 59
56 74
56 79
56 83
56 110
56 112
56 141
56 142
56 144
57 5
57 6
57 10
57 17
57 23
57 37
57 44
57 52
57 55
57 63
57 68
57 72
57 79
57 100
57 101
57 125
57 133
57 136
57 145
57 158
58 1
58 7
58 12
58 16
58 43
58 44
58 60
58 86
58 94
58 113
58 115
58 120
58 127
58 131
58 135
58 141
58 147
59 0
59 9
59 23
59 28
59 43
59 46
59 56
59 61
59 88
59 100
59 110
59 119
59 122
59 125
59 133
59 136
59 150
60 0
60 8
60 9
60 19
60 23
60 26
60 33
60 34
60 35
60 38
60 48
60 52
60 63
60 64
60 66
60 72
60 83
60 89
60 98
60 103
60 104
60 123
60 128
60 131
60 133
60 135
60 136
60 153
60 154
61 5
61 19
61 22
61 24
61 33
61 63
61 65
61 68
61 73
61 81
61 98
61 101
61 121
61 129
61 130
61 137
61 145
61 146
61 155
62 0
62 7
62 8
62 14
62 31
62 36
62 46
62 52
62 64
62 67
62 68
62 78
62 80
62 83
62 86
62 92
62 93
62 97
62 99
62 121
62 142
62 146
62 148
62 157
63 8
63 19
63 21
63 23
63 28
63 32
63 34
63 36
63 37
63 43
63 57
63 60
63 61
63 66
63 67
63 69
63 76
63 77
63 82
63 92
63 96
63 101
63 105
63 106
63 108
63 132
63 134
63 136
63 142
63 145
63 154
63 157
64 2
64 8
64 40
64 46
64 62
64 75
64 78
64 79
64 83
64 86
64 95
64 100
64 105
64 108
64 110
64 111
64 114
64 126
64 127
64 131
64 133
64 139
64 147
64 148
64 155
64 156
64 157
65 0
65 9
65 15
65 17
65 18
65 21
65 22
65 26
65 29
65 47
65 55
65 82
65 89
65 96
65 108
65 119
65 121
65 125
65 134
65 138
65 139
65 141
65 142
65 145
65 148
65 150
66 8
66 12
66 14
66 21
66 29
66 52
66 82
66 89
66 94
66 95
66 101
66 106
66 121
66 123
66 143
66 147
66 152
66 155
67 3
67 7
67 16
67 34
67 35
67 42
67 60
67 61
67 62
67 63
67 73
67 76
67 86
67 89
67 93
67 94
67 95
67 100
67 103
67 107
67 108
67 117
67 120
67 123
67 125
67 127
67 129
67 132
67 139
67 148
68 0
68 5
68 12
68 17
68 19
68 27
68 30
68 34
68 35
68 39
68 62
68 70
68 80
68 81
68 84
68 86
68 88
68 110
68 134
68 149
68 156
69 3
69 11
69 16
69 18
69 20
69 22
69 24
69 30
69 31
69 44
69 45
69 46
69 51
69 54
69 56
69 59
69 60
69 63
69 67
69 72
69 76
69 83
69 88
69 89
69 96
69 102
69 131
69 134
69 142
69 147
70 6
70 15
70 17
70 26
70 27
70 32
70 36
70 39
70 45
70 46
70 54
70 60
70 68
70 71
70 73
70 78
70 80
70 103
70 105
70 109
70 114
70 118
70 120
70 129
70 142
70 146
70 147
70 153
70 155
71 0
71 4
71 8
71 9
71 16
71 36
71 37
71 54
71 69
71 70
71 75
71 86
71 95
71 100
71 102
71 106
71 108
71 109
71 112
71 115
71 118
71 120
71 122
71 127
71 129
71 131
71 139
72 12
72 15
72 21
72 24
72 28
72 38
72 43
72 57
72 58
72 60
72 64
72 69
72 81
72 94
72 98
72 100
72 101
72 111
72 112
72 118
72 119
72 120
72 151
72 153
73 8
73 10
73 14
73 16
73 22
73 38
73 42
73 45
73 67
73 70
73 75
73 77
73 87
73 92
73 93
73 111
73 112
73 119
73 122
73 125
73 127
73 137
73 154
73 157
73 159
74 2
74 18
74 23
74 36
74 38
74 39
74 49
74 56
74 72
74 90
74 93
74 99
74 104
74 115
74 119
74 120
74 122
74 123
74 124
74 125
74 126
74 132
74 140
74 141
74 150
74 151
74 158
75 0
75 8
75 12
75 13
75 17
75 23
75 55
75 73
75 93
75 96
75 102
75 103
75 112
75 116
75 118
75 121
75 122
75 124
75 128
75 132
75 135
75 140
75 143
75 145
75 148
75 151
75 153
76 0
76 18
76 22
76 44
76 55
76 58
76 67
76 77
76 84
76 107
76 108
76 110
76 111
76 113
76 133
76 136
76 146
77 1
77 2
77 8
77 18
77 20
77 25
77 35
77 42
77 44
77 60
77 63
77 66
77 69
77 73
77 82
77 84
77 98
77 101
77 103
77 105
77 113
77 130
77 131
77 145
77 152
78 10
78 17
78 18
78 22
78 27
78 34
78 35
78 45
78 46
78 49
78 70
78 120
78 123
78 131
78 150
78 152
78 157
79 1
79 9
79 22
79 26
79 30
79 31
79 32
79 34
79 35
79 41
79 52
79 56
79 57
79 64
79 65
79 75
79 83
79 87
79 89
79 107
79 119
79 124
79 125
79 133
79 147
79 148
79 154
79 159
80 0
80 4
80 15
80 16
80 17
80 18
80 29
80 31
80 37
80 51
80 52
80 70
80 78
80 86
80 94
80 113
80 120
80 121
80 125
80 128
80 131
80 139
80 142
80 144
80 150
80 151
81 0
81 1
81 6
81 33
81 36
81 50
81 60
81 72
81 82
81 90
81 94
81 102
81 107
81 108
81 109
81 111
81 153
81 157
82 2
82 6
82 7
82 13
82 15
82 23
82 26
82 38
82 43
82 47
82 50
82 58
82 66
82 72
82 81
82 85
82 110
82 118
82 119
82 120
82 125
82 139
82 149
82 150
82 158
83 14
83 17
83 22
83 26
83 27
83 35
83 45
83 50
83 52
83 56
83 60
83 64
83 71
83 79
83 87
83 102
83 120
83 130
83 147
83 149
83 152
83 158
84 8
84 14
84 16
84 17
84 19
84 23
84 26
84 27
84 36
84 38
84 39
84 41
84 45
84 51
84 57
84 62
84 68
84 76
84 77
84 85
84 89
84 93
84 101
84 102
84 104
84 113
84 114
84 125
84 134
84 138
84 155
84 158
85 7
85 13
85 16
85 22
85 29
85 39
85 40
85 44
85 45
85 46
85 48
85 84
85 102
85 106
85 116
85 123
85 133
85 139
85 143
85 146
85 148
85 158
86 6
86 21
86 23
86 26
86 29
86 34
86 37
86 47
86 49
86 53
86 64
86 67
86 71
86 72
86 79
86 80
86 81
86 111
86 119
86 123
86 133
86 138
86 139
86 146
86 151
87 6
87 7
87 12
87 13
87 17
87 20
87 31
87 44
87 50
87 54
87 56
87 71
87 73
87 79
87 83
87 93
87 97
87 104
87 109
87 118
87 120
87 125
87 135
87 143
87 146
87 153
88 7
88 14
88 16
88 18
88 19
88 25
88 26
88 50
88 55
88 58
88 59
88 61
88 69
88 74
88 85
88 106
88 111
88 115
88 123
88 124
88 126
88 129
88 139
88 142
88 145
88 149
88 150
89 15
89 28
89 31
89 42
89 60
89 64
89 65
89 66
89 67
89 69
89 79
89 85
89 92
89 98
89 103
89 104
89 118
89 125
89 127
89 135
89 139
89 141
89 150
89 151
90 3
90 4
90 7
90 10
90 11
90 18
90 20
90 28
90 31
90 32
90 45
90 74
90 81
90 91
90 113
90 114
90 124
90 126
90 128
90 138
90 143
90 144
91 1
91 15
91 16
91 22
91 28
91 30
91 51
91 54
91 61
91 90
91 100
91 101
91 117
91 120
91 121
91 129
91 130
91 139
91 148
91 156
92 10
92 12
92 14
92 27
92 35
92 37
92 62
92 83
92 89
92 94
92 109
92 114
92 118
92 127
92 132
92 135
92 142
92 152
92 155
92 156
93 4
93 6
93 9
93 11
93 12
93 13
93 14
93 17
93 19
93 26
93 27
93 30
93 35
93 39
93 41
93 45
93 48
93 51
93 62
93 67
93 72
93 73
93 74
93 75
93 84
93 96
93 105
93 115
93 117
93 118
93 124
93 133
93 138
94 11
94 16
94 19
94 23
94 26
94 42
94 49
94 58
94 61
94 66
94 72
94 102
94 106
94 110
94 111
94 125
94 133
94 134
94 136
94 152
94 154
95 1
95 4
95 22
95 26
95 27
95 34
95 37
95 44
95 49
95 52
95 55
95 64
95 67
95 73
95 97
95 100
95 104
95 106
95 107
95 115
95 128
95 130
95 145
95 149
95 153
95 155
96 6
96 7
96 8
96 18
96 39
96 52
96 55
96 75
96 89
96 93
96 98
96 104
96 111
96 114
96 120
96 126
96 130
96 132
96 133
96 149
96 153
96 159
97 1
97 3
97 4
97 5
97 7
97 17
97 21
97 35
97 38
97 40
97 49
97 66
97 86
97 87
97 94
97 105
97 109
97 111
97 120
97 127
97 130
97 142
97 156
98 9
98 13
98 15
98 22
98 23
98 30
98 38
98 41
98 50
98 77
98 89
98 96
98 103
98 105
98 115
98 118
98 124
98 125
98 129
98 131
98 134
98 136
98 142
98 144
98 147
99 4
99 9
99 10
99 14
99 25
99 26
99 34
99 38
99 67
99 74
99 94
99 103
99 109
99 111
99 112
99 116
99 119
99 133
99 141
99 150
99 151
99 157
100 0
100 10
100 12
100 13
100 15
100 24
100 34
100 40
100 49
100 54
100 56
100 57
100 58
100 60
100 71
100 87
100 95
100 104
100 112
100 114
100 115
100 117
100 124
100 146
100 153
101 5
101 13
101 16
101 25
101 51
101 52
101 57
101 61
101 63
101 65
101 72
101 77
101 84
101 91
101 115
101 122
101 127
101 137
101 142
101 155
101 157
102 0
102 15
102 24
102 40
102 44
102 46
102 69
102 71
102 75
102 81
102 83
102 84
102 85
102 94
102 124
102 131
102 133
102 139
102 140
102 157
103 0
103 9
103 13
103 17
103 23
103 25
103 47
103 54
103 55
103 60
103 70
103 75
103 77
103 86
103 89
103 95
103 98
103 99
103 104
103 110
103 119
103 141
103 144
103 145
103 147
103 149
104 5
104 13
104 16
104 21
104 29
104 31
104 34
104 39
104 46
104 60
104 61
104 71
104 74
104 84
104 87
104 95
104 100
104 105
104 106
104 109
104 110
104 113
104 114
104 133
104 137
104 145
104 148
104 153
104 158
105 1
105 12
105 18
105 20
105 21
105 24
105 31
105 42
105 45
105 47
105 48
105 49
105 51
105 63
105 64
105 69
105 85
105 93
105 97
105 98
105 111
105 130
105 141
105 143
105 146
105 156
106 7
106 10
106 14
106 21
106 37
106 40
106 51
106 52
106 54
106 61
106 71
106 85
106 95
106 107
106 133
106 136
106 140
106 145
107 0
107 3
107 13
107 19
107 21
107 25
107 27
107 29
107 31
107 39
107 42
107 44
107 45
107 67
107 71
107 79
107 81
107 90
107 92
107 95
107 99
107 101
107 120
107 135
107 140
107 144
107 150
107 151
107 152
107 158
108 13
108 28
108 30
108 47
108 49
108 63
108 67
108 71
108 76
108 79
108 81
108 82
108 85
108 91
108 94
108 109
108 122
108 123
108 126
108 131
108 135
108 145
108 148
108 150
108 152
108 157
109 22
109 28
109 31
109 32
109 38
109 55
109 70
109 71
109 78
109 80
109 81
109 89
109 92
109 96
109 97
109 99
109 104
109 108
109 114
109 116
109 123
109 133
109 135
109 150
109 155
110 1
110 3
110 4
110 11
110 12
110 14
110 20
110 30
110 39
110 42
110 54
110 56
110 59
110 64
110 68
110 69
110 76
110 81
110 82
110 83
110 103
110 119
110 128
110 135
110 141
110 144
111 7
111 35
111 39
111 47
111 51
111 73
111 83
111 86
111 94
111 97
111 98
111 102
111 104
111 105
111 112
111 143
111 157
112 8
112 11
112 13
112 36
112 57
112 72
112 73
112 75
112 80
112 92
112 97
112 99
112 100
112 106
112 114
112 117
112 142
112 145
112 148
112 156
113 0
113 4
113 5
113 7
113 12
113 19
113 24
113 28
113 30
113 35
113 40
113 43
113 46
113 48
113 54
113 58
113 59
113 76
113 77
113 80
113 104
113 112
113 130
113 140
113 144
113 147
114 0
114 10
114 11
114 12
114 16
114 22
114 24
114 30
114 49
114 70
114 80
114 84
114 86
114 88
114 92
114 100
114 104
114 105
114 109
114 112
114 117
114 124
114 129
114 130
114 133
114 136
114 137
114 143
114 145
114 155
114 156
115 0
115 6
115 8
115 11
115 22
115 24
115 31
115 33
115 36
115 44
115 46
115 51
115 58
115 61
115 69
115 70
115 74
115 88
115 93
115 95
115 101
115 114
115 122
115 124
115 130
115 132
115 136
115 146
115 153
116 1
116 13
116 16
116 20
116 21
116 22
116 26
116 30
116 37
116 49
116 54
116 75
116 76
116 99
116 101
116 105
116 109
116 114
116 115
116 130
116 139
116 140
116 146
116 151
116 154
116 158
117 3
117 13
117 21
117 27
117 30
117 48
117 56
117 63
117 90
117 93
117 112
117 120
117 127
117 132
117 148
117 150
117 159
118 6
118 14
118 22
118 28
118 32
118 39
118 66
118 70
118 71
118 72
118 75
118 81
118 87
118 92
118 93
118 98
118 121
118 134
118 140
118 142
118 143
118 158
118 159
119 0
119 12
119 25
119 26
119 31
119 36
119 43
119 55
119 65
119 72
119 73
119 79
119 82
119 99
119 103
119 105
119 110
119 126
119 136
119 144
119 148
119 149
119 151
120 5
120 11
120 23
120 30
120 33
120 35
120 39
120 43
120 46
120 55
120 60
120 67
120 70
120 71
120 74
120 78
120 82
120 83
120 87
120 96
120 97
120 107
120 110
120 117
120 121
120 123
120 125
120 130
120 141
120 145
120 150
120 151
120 152
120 159
121 7
121 10
121 21
121 23
121 54
121 61
121 62
121 65
121 66
121 72
121 75
121 113
121 117
121 118
121 120
121 125
121 127
121 128
121 137
121 140
121 142
121 144
121 145
121 154
121 157
122 0
122 26
122 30
122 35
122 39
122 41
122 47
122 71
122 73
122 74
122 75
122 96
122 101
122 111
122 112
122 115
122 132
122 136
122 138
122 145
122 154
123 12
123 40
123 55
123 59
123 60
123 67
123 74
123 78
123 85
123 86
123 88
123 98
123 109
123 115
123 120
123 127
123 141
123 150
123 153
123 158
124 6
124 10
124 14
124 20
124 21
124 44
124 53
124 74
124 75
124 80
124 90
124 93
124 98
124 100
124 102
124 131
124 149
124 150
124 151
125 2
125 18
125 20
125 40
125 41
125 51
125 53
125 57
125 59
125 64
125 65
125 67
125 79
125 80
125 84
125 87
125 98
125 114
125 115
125 120
125 121
125 140
125 143
125 144
125 149
125 158
126 9
126 18
126 19
126 22
126 24
126 25
126 42
126 44
126 48
126 74
126 76
126 88
126 90
126 138
126 148
126 151
127 0
127 11
127 26
127 36
127 38
127 39
127 45
127 46
127 53
127 64
127 71
127 73
127 117
127 121
127 128
127 135
127 138
127 139
127 143
127 146
127 152
127 153
128 0
128 11
128 26
128 31
128 42
128 44
128 49
128 61
128 75
128 87
128 90
128 95
128 110
128 114
128 115
128 121
128 127
128 132
128 133
128 139
128 140
129 4
129 5
129 22
129 26
129 56
129 61
129 67
129 70
129 71
129 84
129 88
129 91
129 100
129 110
129 117
129 135
129 140
129 150
130 6
130 8
130 14
130 18
130 21
130 27
130 42
130 44
130 51
130 52
130 55
130 61
130 75
130 77
130 91
130 105
130 113
130 114
130 117
130 120
130 126
130 149
131 3
131 7
131 9
131 16
131 19
131 30
131 31
131 38
131 48
131 58
131 60
131 62
131 64
131 69
131 71
131 76
131 77
131 78
131 80
131 90
131 98
131 102
131 108
131 122
131 124
131 139
131 141
131 144
131 149
132 2
132 5
132 10
132 13
132 29
132 34
132 42
132 56
132 60
132 63
132 67
132 74
132 75
132 96
132 117
132 122
132 128
133 0
133 2
133 12
133 21
133 23
133 43
133 54
133 57
133 76
133 79
133 85
133 86
133 88
133 89
133 93
133 96
133 99
133 102
133 106
133 114
133 128
133 129
133 147
133 151
134 4
134 22
134 25
134 31
134 34
134 36
134 44
134 46
134 48
134 49
134 54
134 63
134 65
134 68
134 69
134 84
134 87
134 91
134 98
134 107
134 118
134 145
135 2
135 11
135 15
135 23
135 28
135 31
135 33
135 35
135 36
135 43
135 47
135 52
135 58
135 60
135 69
135 75
135 82
135 87
135 97
135 107
135 108
135 110
135 119
135 127
135 128
135 129
135 139
135 141
135 153
135 156
135 159
136 2
136 4
136 12
136 16
136 25
136 30
136 32
136 34
136 40
136 51
136 57
136 59
136 60
136 63
136 72
136 76
136 84
136 94
136 97
136 98
136 106
136 114
136 115
136 119
136 122
136 140
136 148
136 150
137 2
137 8
137 10
137 19
137 25
137 35
137 37
137 61
137 69
137 73
137 77
137 101
137 104
137 111
137 121
137 141
137 142
137 154
138 0
138 9
138 18
138 28
138 30
138 31
138 34
138 35
138 48
138 49
138 50
138 84
138 86
138 90
138 96
138 102
138 110
138 120
138 122
138 126
138 127
138 140
138 148
138 149
139 2
139 7
139 19
139 20
139 24
139 29
139 31
139 32
139 43
139 49
139 66
139 67
139 71
139 82
139 85
139 86
139 87
139 88
139 89
139 97
139 102
139 116
139 121
139 131
139 132
139 135
140 27
140 31
140 36
140 40
140 45
140 47
140 55
140 57
140 62
140 73
140 74
140 75
140 76
140 83
140 87
140 106
140 107
140 114
140 116
140 121
140 128
140 129
140 138
140 139
140 143
140 154
140 156
141 14
141 22
141 23
141 26
141 34
141 36
141 40
141 42
141 55
141 58
141 65
141 74
141 82
141 89
141 96
141 110
141 120
141 131
141 135
141 142
141 145
141 148
141 152
141 156
141 159
142 12
142 17
142 33
142 41
142 42
142 44
142 47
142 55
142 56
142 63
142 65
142 69
142 70
142 77
142 80
142 83
142 85
142 88
142 92
142 97
142 101
142 106
142 111
142 115
142 118
142 121
142 126
142 150
143 1
143 2
143 5
143 15
143 16
143 20
143 21
143 29
143 44
143 46
143 52
143 53
143 59
143 63
143 66
143 72
143 73
143 77
143 85
143 87
143 90
143 92
143 105
143 114
143 118
143 127
143 140
143 159
144 6
144 13
144 14
144 19
144 30
144 32
144 50
144 52
144 56
144 72
144 80
144 82
144 98
144 107
144 121
144 131
144 159
145 0
145 2
145 22
145 23
145 33
145 43
145 45
145 46
145 50
145 73
145 102
145 103
145 106
145 108
145 112
145 114
145 116
145 120
145 122
145 134
145 148
145 154
145 157
146 0
146 14
146 23
146 29
146 41
146 55
146 61
146 62
146 76
146 87
146 89
146 105
146 106
146 115
146 116
146 127
146 145
146 150
147 4
147 33
147 52
147 58
147 64
147 69
147 70
147 79
147 98
147 103
147 113
147 119
147 120
147 133
148 11
148 33
148 36
148 49
148 51
148 61
148 62
148 64
148 65
148 67
148 72
148 75
148 79
148 82
148 91
148 104
148 107
148 112
148 117
148 126
148 139
148 145
148 149
148 154
149 0
149 7
149 15
149 23
149 24
149 35
149 45
149 64
149 69
149 71
149 83
149 86
149 88
149 95
149 96
149 97
149 103
149 120
149 136
149 148
149 153
149 159
150 20
150 25
150 29
150 49
150 51
150 53
150 59
150 67
150 74
150 78
150 80
150 82
150 88
150 89
150 91
150 95
150 99
150 107
150 108
150 109
150 110
150 121
150 123
150 124
150 129
150 136
150 142
150 157
150 159
151 8
151 11
151 14
151 15
151 21
151 31
151 36
151 38
151 43
151 45
151 50
151 53
151 74
151 75
151 80
151 89
151 100
151 107
151 116
151 118
151 120
151 124
151 125
151 133
151 137
151 140
151 143
151 154
152 11
152 12
152 13
152 14
152 16
152 30
152 37
152 50
152 83
152 92
152 107
152 127
152 141
152 157
152 159
153 2
153 12
153 26
153 38
153 49
153 70
153 72
153 75
153 77
153 87
153 90
153 95
153 96
153 101
153 104
153 117
153 123
153 127
153 135
153 138
153 149
154 1
154 11
154 54
154 60
154 63
154 71
154 72
154 79
154 86
154 113
154 118
154 121
154 122
154 137
154 140
154 145
154 146
154 147
154 151
155 6
155 13
155 15
155 18
155 21
155 25
155 28
155 30
155 38
155 40
155 44
155 48
155 54
155 59
155 61
155 65
155 66
155 70
155 80
155 92
155 101
155 114
155 116
156 3
156 5
156 11
156 12
156 26
156 28
156 33
156 34
156 48
156 55
156 60
156 64
156 68
156 80
156 91
156 92
156 105
156 112
156 114
156 115
156 135
156 138
156 140
156 141
156 157
157 2
157 13
157 27
157 28
157 36
157 45
157 46
157 48
157 51
157 53
157 57
157 58
157 60
157 63
157 66
157 73
157 81
157 99
157 100
157 101
157 108
157 111
157 121
157 145
157 152
158 5
158 8
158 12
158 14
158 19
158 21
158 22
158 23
158 48
158 57
158 69
158 78
158 80
158 82
158 83
158 85
158 104
158 110
158 116
158 123
158 125
158 144
159 32
159 34
159 40
159 46
159 50
159 60
159 89
159 96
159 97
159 105
159 107
159 118
159 120
159 124
159 128
159 135
159 141
159 144
159 149
159 150
159 152
0 1 2 3 4 5 6 7 8 9 10 11
