160 1207 24
0 4
0 6
0 24
0 39
0 55
0 63
0 98
0 107
0 149
1 0
1 37
1 74
1 86
1 129
1 156
2 35
2 52
2 85
3 13
3 50
3 93
3 157
4 0
4 13
4 29
4 66
4 80
4 140
4 146
4 148
4 156
4 159
5 67
5 84
5 150
5 154
5 155
6 0
6 8
6 11
6 29
6 46
6 48
6 71
6 80
6 86
6 89
6 93
6 103
6 113
6 148
7 20
7 33
7 37
7 82
7 83
7 147
8 13
8 40
8 46
8 102
8 140
9 0
9 49
9 58
9 67
9 104
9 123
9 129
9 145
10 13
10 24
10 43
10 67
10 85
10 89
10 92
10 94
10 96
10 134
10 148
11 6
11 15
11 80
11 107
11 116
11 122
11 133
11 158
12 5
12 13
12 17
12 36
12 47
12 56
12 93
12 121
12 139
13 8
13 14
13 37
13 54
13 78
13 85
13 105
13 132
13 135
14 28
14 34
14 39
14 46
14 50
14 70
14 103
14 117
14 143
14 146
15 11
15 20
15 24
15 53
15 65
15 79
15 111
15 112
15 132
15 139
16 26
16 49
16 62
16 92
16 101
16 112
16 141
16 144
17 12
17 39
17 42
17 78
17 115
17 116
17 137
17 151
18 24
18 47
18 100
18 150
18 158
19 25
19 77
19 87
19 98
19 119
19 139
19 151
20 15
20 23
20 30
20 42
20 50
20 53
20 69
20 79
21 33
21 37
21 40
21 52
21 104
21 143
22 19
22 57
22 116
22 125
22 159
23 20
23 60
23 66
23 71
23 77
23 120
23 127
24 18
24 33
24 48
24 52
24 64
24 79
24 82
24 129
24 150
24 152
25 19
25 22
25 32
25 33
25 50
25 70
25 78
25 82
25 114
25 119
25 124
25 134
25 150
26 0
26 16
26 82
26 91
26 145
27 4
27 40
27 59
27 88
27 89
27 107
27 148
27 157
28 8
28 14
28 39
28 58
28 68
28 85
28 108
28 121
28 125
28 146
29 9
29 115
29 118
29 154
30 3
30 5
30 20
30 27
30 35
30 63
30 92
30 111
30 135
30 146
31 133
32 6
32 13
32 25
32 53
32 64
32 72
32 83
32 87
32 95
32 112
33 7
33 21
33 25
33 41
33 62
33 81
33 107
33 154
34 20
34 26
34 32
34 57
34 65
34 68
34 73
34 100
34 104
34 128
34 136
34 145
34 150
34 154
34 155
35 2
35 30
35 46
35 52
35 55
35 66
35 71
35 78
35 84
35 107
36 12
36 103
36 105
37 1
37 13
37 74
37 88
37 118
37 120
37 147
37 152
37 157
38 21
38 43
38 72
38 107
38 128
38 130
38 131
38 136
38 139
39 4
39 5
39 14
39 17
39 28
39 38
39 65
39 74
39 89
39 106
39 139
40 8
40 27
40 43
40 77
40 93
40 117
40 125
40 150
40 159
41 3
41 33
41 60
41 80
41 81
42 14
42 17
42 20
42 39
42 63
42 79
42 111
42 118
43 40
43 46
43 53
43 55
43 57
43 88
43 91
43 131
44 16
44 79
44 92
44 130
45 72
45 106
45 143
46 3
46 6
46 8
46 9
46 14
46 35
46 43
46 95
46 115
46 130
47 12
47 18
47 40
47 42
47 56
47 64
47 67
47 88
47 94
47 98
47 112
47 130
47 141
47 151
47 153
48 6
48 40
48 45
48 86
48 121
48 131
48 139
48 151
49 9
49 68
49 73
49 81
49 83
49 119
49 133
49 144
49 156
50 3
50 14
50 25
50 81
50 116
50 156
51 72
51 95
51 119
51 134
51 142
51 145
51 148
51 150
51 154
52 2
52 21
52 24
52 58
52 96
52 130
52 157
53 20
53 32
53 43
53 56
53 84
53 103
53 133
53 142
54 13
54 58
54 59
54 66
54 123
54 148
54 150
55 0
55 11
55 35
55 43
55 45
55 60
55 74
55 121
55 139
55 158
56 12
56 53
56 54
56 59
56 98
56 110
57 22
57 43
57 56
57 61
57 125
57 143
58 9
58 28
58 71
58 75
58 80
58 84
58 156
59 20
59 27
59 54
59 56
59 106
59 112
59 113
59 115
59 142
59 147
59 157
60 23
60 41
60 89
60 97
60 141
60 148
61 63
61 118
61 138
62 16
62 33
62 88
62 104
62 116
63 0
63 3
63 42
63 83
63 101
63 109
63 121
63 125
63 138
63 150
64 32
64 47
64 84
64 97
64 101
64 120
64 143
65 29
65 34
65 39
65 81
65 104
65 108
65 121
65 134
65 143
66 4
66 21
66 54
66 92
66 111
66 117
66 146
66 156
67 5
67 10
67 43
67 47
67 50
67 53
67 114
67 120
67 125
67 127
67 134
68 28
68 49
68 57
68 111
68 148
68 154
69 107
69 110
69 144
70 4
70 14
70 25
70 131
70 149
71 23
71 35
71 58
71 63
71 74
71 99
71 119
71 128
71 143
72 32
72 38
72 97
72 122
72 127
72 151
73 34
73 47
73 49
73 112
73 137
74 1
74 37
74 55
74 103
74 121
74 154
75 58
75 77
75 98
75 110
75 119
75 147
75 152
76 11
76 25
76 80
76 104
76 123
76 125
76 133
76 148
76 156
77 63
77 111
77 127
77 130
77 139
77 147
78 17
78 25
78 102
78 146
79 0
79 15
79 24
79 42
79 90
79 149
80 11
80 41
80 58
80 60
80 76
80 126
80 136
81 33
81 41
81 49
81 50
81 65
81 73
81 90
81 101
81 109
81 113
81 118
82 7
82 104
82 109
82 134
82 157
83 19
83 21
83 49
83 63
83 128
83 136
83 147
83 148
84 5
84 33
84 36
84 58
84 64
84 77
84 86
84 92
84 119
84 130
85 2
85 13
85 22
85 28
85 57
85 145
85 151
85 159
86 1
86 6
86 20
86 41
86 50
86 56
86 78
86 90
86 104
86 157
87 32
87 88
87 111
87 113
87 126
87 136
88 18
88 27
88 35
88 42
88 47
88 62
88 67
88 87
88 89
88 101
88 116
88 127
88 132
89 6
89 10
89 27
89 31
89 39
89 60
89 88
89 115
89 121
89 139
89 141
90 5
90 53
90 79
90 81
90 86
90 107
90 115
90 124
90 128
91 17
91 43
91 108
91 129
91 139
91 141
91 147
92 10
92 16
92 30
92 61
92 66
92 90
93 3
93 40
93 47
93 48
93 69
93 99
93 104
93 118
93 127
93 151
94 10
94 17
94 31
94 47
94 96
94 98
94 112
94 117
94 136
95 46
95 51
95 71
95 90
95 119
95 144
96 10
96 19
96 90
96 94
96 138
97 0
97 10
97 31
97 57
97 64
97 69
97 72
97 75
97 82
97 89
97 109
97 113
97 130
97 136
97 144
98 0
98 19
98 20
98 47
98 56
98 75
98 94
98 127
99 31
99 71
99 93
99 122
99 153
100 125
100 135
101 64
101 81
101 88
101 106
101 118
101 126
101 147
102 8
102 78
102 103
102 110
102 120
102 123
102 129
103 10
103 14
103 36
103 53
103 74
103 102
103 110
103 119
103 145
104 9
104 21
104 34
104 60
104 66
104 76
104 86
104 95
104 139
105 43
105 71
105 138
105 146
105 149
106 45
106 60
106 101
106 103
106 126
106 149
107 0
107 11
107 27
107 35
107 90
107 127
107 134
107 146
108 24
108 28
108 37
108 61
108 65
108 90
108 91
109 13
109 63
109 81
109 82
109 97
109 102
109 121
110 77
110 102
110 149
110 150
110 158
111 37
111 42
111 68
111 106
111 126
111 132
111 144
111 157
112 15
112 67
112 73
112 94
112 155
113 59
113 63
113 81
113 87
113 89
113 151
113 156
114 25
114 50
114 67
114 72
114 78
114 132
114 149
114 155
115 17
115 29
115 46
115 58
115 59
115 79
115 86
115 90
115 91
115 128
115 133
115 158
116 17
116 22
116 37
116 50
116 62
116 68
116 88
116 111
116 131
117 14
117 40
117 94
117 120
117 122
117 146
118 29
118 42
118 61
118 81
118 93
118 101
118 117
118 155
119 49
119 71
119 75
119 84
119 95
119 103
119 125
119 156
120 23
120 37
120 67
120 117
121 12
121 16
121 28
121 48
121 55
121 63
121 65
121 71
121 74
121 93
121 109
122 11
122 72
122 99
122 117
122 141
122 145
122 151
122 152
123 9
123 31
123 41
123 58
123 76
123 102
123 135
123 139
123 151
123 152
124 2
124 46
124 151
125 3
125 28
125 40
125 57
125 67
125 76
125 115
125 147
125 157
126 48
126 87
126 101
126 106
126 111
126 116
126 120
126 144
127 21
127 23
127 25
127 67
127 72
127 80
127 98
127 141
128 30
128 34
128 38
128 45
128 68
128 70
128 90
128 115
128 134
129 1
129 24
129 73
129 99
129 102
130 38
130 44
130 46
130 52
130 60
130 77
130 85
130 97
130 141
130 145
130 154
131 38
131 43
131 45
131 61
131 157
132 15
132 88
132 111
132 113
132 114
132 119
132 142
132 146
132 153
133 11
133 49
133 53
133 95
134 25
134 51
134 65
134 67
134 73
134 107
135 30
135 53
135 77
135 100
136 24
136 34
136 38
136 83
136 93
136 94
136 121
137 21
137 139
138 28
138 61
138 90
138 96
138 105
138 118
138 151
139 15
139 48
139 55
139 65
139 89
139 91
139 104
140 4
140 8
140 12
140 16
141 16
141 60
141 89
141 91
141 122
141 127
141 130
141 146
142 15
142 19
142 51
142 53
142 132
142 139
142 150
143 45
143 57
143 159
144 16
144 92
144 95
144 97
144 99
144 111
144 126
144 157
145 34
145 51
145 85
145 91
145 103
145 114
145 122
145 130
145 152
145 159
146 4
146 14
146 28
146 46
146 66
146 78
146 105
146 107
146 116
147 7
147 77
147 83
147 91
147 101
147 125
148 6
148 10
148 60
148 68
148 70
148 72
148 76
148 121
149 0
149 15
149 70
149 79
149 105
149 106
149 110
149 114
149 129
149 144
149 150
149 155
150 1
150 18
150 34
150 40
150 51
150 54
150 63
150 64
150 110
150 142
150 149
150 152
150 153
151 5
151 17
151 23
151 48
151 70
151 72
151 122
151 124
152 24
152 37
152 97
152 122
152 123
152 144
152 145
152 150
153 47
153 70
153 99
153 150
154 29
154 34
154 51
154 68
154 74
154 111
154 130
155 34
155 96
155 114
155 149
156 49
156 50
156 58
156 66
156 76
156 113
156 157
157 3
157 8
157 59
157 82
157 90
157 124
157 125
157 131
157 142
157 144
157 146
157 155
158 11
158 18
158 26
158 43
158 53
158 55
158 81
158 98
158 110
158 115
158 120
158 148
158 156
159 40
159 85
159 145
0 1 2 3 4 5 6 7 8 9 10 11 12 13 14 15 16 17 18 19 20 21 22 23
