160 472 7
0 21
0 50
0 71
0 108
0 157
1 121
2 25
2 50
2 85
2 87
2 141
2 156
3 65
3 90
3 107
4 44
4 68
4 120
5 55
6 50
7 59
7 77
7 123
8 78
8 95
8 156
9 50
9 158
10 28
10 76
12 47
12 65
12 131
14 35
14 76
14 102
14 144
15 38
16 0
16 30
16 59
16 73
16 94
16 111
16 130
17 43
17 81
17 108
18 81
19 30
19 51
19 113
19 116
20 34
20 93
20 100
20 128
20 131
21 0
21 107
22 2
22 30
24 89
24 145
25 2
25 42
25 78
25 88
25 94
25 141
26 29
26 49
26 67
27 137
27 151
28 107
28 124
29 5
29 42
29 116
30 16
30 22
30 23
30 56
30 76
30 79
30 115
30 119
30 127
30 131
30 136
30 138
31 72
31 90
32 88
33 92
33 95
33 119
34 125
34 139
35 30
36 51
36 77
36 94
36 97
37 61
37 66
37 84
38 57
38 72
38 108
38 109
39 56
39 119
39 149
40 65
40 73
40 97
41 77
41 94
41 107
41 117
41 140
41 142
42 29
42 61
42 94
42 111
42 120
43 113
44 4
46 22
46 84
46 98
46 132
46 138
46 154
47 12
47 87
47 138
47 143
48 6
48 80
48 115
49 68
49 87
49 138
50 0
50 2
50 6
50 9
50 74
51 19
51 49
51 88
52 54
52 134
53 87
53 130
54 52
54 87
54 96
55 5
55 90
56 39
56 158
57 76
57 86
57 122
58 8
58 23
58 109
58 139
59 7
59 16
59 147
60 59
60 114
60 158
61 37
61 43
61 90
62 65
63 36
64 0
64 91
64 115
65 3
65 12
65 40
65 135
66 102
68 4
68 37
68 49
68 65
68 87
69 47
69 61
69 90
69 108
69 146
70 92
70 111
70 139
70 148
71 75
71 129
72 38
72 82
72 96
72 129
72 153
73 40
73 112
74 50
75 4
75 71
75 78
75 121
75 141
76 30
76 83
76 135
76 155
77 36
77 41
78 8
78 25
78 93
79 30
79 94
79 113
79 137
80 48
80 115
80 144
80 145
80 146
81 18
81 86
82 0
82 72
83 76
83 119
83 148
85 2
86 62
86 147
87 2
87 47
87 49
87 53
87 54
87 68
87 108
88 8
88 25
88 32
88 51
88 98
88 119
88 136
88 152
89 3
89 24
89 64
89 99
89 151
89 158
90 31
90 68
91 30
91 64
91 106
91 124
91 138
91 150
92 33
92 84
92 155
93 20
93 78
93 101
93 146
94 36
94 41
94 42
94 79
94 148
95 30
95 33
95 119
95 126
96 12
96 72
96 80
96 98
96 125
96 132
97 100
97 133
98 46
98 96
98 100
99 88
99 89
100 20
100 153
101 69
101 93
102 66
102 103
103 10
105 52
105 76
105 127
106 7
106 103
107 3
107 21
107 28
108 69
108 130
108 150
109 38
109 58
110 95
110 111
110 143
110 158
111 16
111 42
111 88
111 104
111 110
111 115
112 73
113 15
113 43
113 79
114 130
114 134
114 152
115 6
115 30
115 45
115 48
115 80
115 126
116 19
116 29
117 104
117 135
118 57
118 134
118 141
119 30
119 39
119 83
119 88
119 95
119 151
120 42
121 1
121 20
121 72
121 75
121 141
122 95
123 127
123 142
124 28
124 91
124 151
125 10
125 34
125 96
126 95
126 115
127 68
127 123
127 130
127 152
128 20
128 142
129 98
130 16
130 53
130 108
130 127
131 11
131 20
131 30
131 56
131 67
131 143
132 46
132 96
133 97
134 114
134 139
134 143
135 142
136 30
136 88
136 115
136 151
137 27
137 79
138 30
138 35
138 47
138 91
138 107
138 152
138 154
139 4
139 42
139 58
139 70
139 134
140 13
140 69
141 2
142 41
142 128
142 135
143 47
143 131
143 134
144 14
145 24
145 80
146 69
146 93
147 59
147 104
148 94
149 39
149 66
150 91
150 108
151 4
151 81
151 89
151 119
151 124
152 88
152 103
152 114
152 127
152 138
153 100
155 76
155 92
156 2
156 8
156 29
157 0
157 1
157 38
157 46
157 48
157 159
158 54
158 56
158 60
158 75
158 110
159 53
159 157
0 1 2 3 4 5 6
