160 3802 24
0 6
0 12
0 19
0 29
0 30
0 34
0 47
0 52
0 53
0 54
0 56
0 59
0 62
0 65
0 67
0 70
0 71
0 82
0 96
0 109
0 116
0 117
0 126
0 135
0 138
0 141
0 142
0 149
0 153
0 154
1 9
1 21
1 30
1 34
1 45
1 54
1 60
1 69
1 75
1 84
1 86
1 89
1 95
1 96
1 99
1 110
1 130
1 139
1 140
1 142
1 143
1 148
1 152
1 153
1 156
2 0
2 10
2 14
2 15
2 18
2 46
2 58
2 59
2 66
2 68
2 77
2 78
2 81
2 85
2 89
2 93
2 94
2 97
2 98
2 103
2 110
2 116
2 119
2 122
3 1
3 2
3 21
3 37
3 43
3 56
3 62
3 76
3 79
3 81
3 87
3 93
3 96
3 97
3 99
3 104
3 147
3 152
4 7
4 10
4 16
4 20
4 27
4 35
4 36
4 43
4 55
4 63
4 64
4 67
4 70
4 77
4 79
4 85
4 88
4 105
4 113
4 125
4 132
4 135
4 147
4 150
4 151
5 7
5 11
5 14
5 16
5 20
5 29
5 47
5 48
5 49
5 52
5 60
5 70
5 72
5 77
5 79
5 96
5 104
5 112
5 118
5 120
5 133
5 145
6 0
6 1
6 9
6 12
6 15
6 17
6 47
6 52
6 54
6 66
6 71
6 82
6 105
6 106
6 116
6 118
6 134
6 137
6 153
7 4
7 5
7 28
7 38
7 43
7 46
7 53
7 60
7 65
7 75
7 77
7 80
7 82
7 96
7 100
7 103
7 105
7 107
7 115
7 127
7 135
7 145
7 153
7 157
8 5
8 12
8 14
8 27
8 33
8 36
8 37
8 39
8 49
8 52
8 70
8 82
8 86
8 95
8 98
8 99
8 105
8 114
8 115
8 123
8 128
8 130
8 133
8 137
8 139
8 148
8 152
8 156
9 1
9 15
9 19
9 27
9 28
9 44
9 48
9 53
9 61
9 64
9 92
9 95
9 99
9 110
9 112
9 117
9 120
9 125
9 129
9 140
9 153
10 2
10 36
10 49
10 54
10 59
10 74
10 77
10 78
10 86
10 96
10 106
10 116
10 125
10 130
10 144
10 146
10 154
10 158
11 6
11 22
11 25
11 40
11 52
11 67
11 90
11 91
11 98
11 101
11 116
11 119
11 124
11 126
11 137
11 140
11 151
11 155
11 159
12 0
12 6
12 8
12 21
12 24
12 33
12 50
12 55
12 67
12 72
12 73
12 76
12 84
12 106
12 109
12 111
12 122
12 128
12 129
12 130
12 131
12 133
13 20
13 25
13 43
13 54
13 60
13 67
13 70
13 72
13 84
13 86
13 122
13 126
13 128
13 131
13 140
13 142
14 0
14 2
14 5
14 8
14 16
14 18
14 19
14 29
14 35
14 37
14 45
14 58
14 63
14 69
14 75
14 77
14 93
14 99
14 110
14 114
14 122
14 124
14 130
14 133
14 134
14 136
14 142
14 143
14 148
14 149
14 150
14 159
15 2
15 9
15 26
15 40
15 46
15 47
15 49
15 51
15 55
15 57
15 59
15 60
15 62
15 63
15 65
15 68
15 71
15 75
15 78
15 89
15 97
15 98
15 109
15 136
15 138
15 141
15 148
15 151
15 152
15 153
16 4
16 5
16 7
16 14
16 29
16 31
16 39
16 45
16 56
16 60
16 66
16 77
16 97
16 99
16 101
16 106
16 114
16 130
16 141
16 142
16 144
16 152
16 157
17 23
17 26
17 27
17 40
17 43
17 64
17 68
17 72
17 90
17 107
17 113
17 117
17 125
17 132
17 133
17 135
17 140
17 144
17 151
18 2
18 14
18 19
18 21
18 24
18 26
18 32
18 34
18 48
18 50
18 52
18 56
18 73
18 83
18 91
18 101
18 105
18 109
18 111
18 133
18 144
18 150
18 152
18 154
18 155
19 9
19 13
19 14
19 18
19 35
19 38
19 58
19 60
19 70
19 75
19 82
19 92
19 103
19 109
19 121
19 126
19 130
19 152
19 159
20 13
20 15
20 19
20 26
20 53
20 67
20 69
20 70
20 76
20 82
20 85
20 93
20 95
20 104
20 105
20 109
20 113
20 115
20 125
20 129
20 133
20 138
20 145
20 158
20 159
21 1
21 3
21 4
21 7
21 12
21 18
21 51
21 53
21 55
21 61
21 77
21 102
21 103
21 111
21 112
21 116
21 117
21 122
21 124
21 134
21 143
21 154
21 157
22 20
22 27
22 28
22 31
22 46
22 48
22 51
22 61
22 62
22 79
22 85
22 90
22 92
22 97
22 117
22 119
22 121
22 125
22 133
22 134
22 142
22 147
22 152
22 157
22 158
23 21
23 29
23 30
23 39
23 43
23 81
23 85
23 89
23 93
23 105
23 109
23 121
23 122
23 127
23 148
23 149
23 153
23 158
24 8
24 10
24 12
24 18
24 38
24 41
24 42
24 44
24 45
24 59
24 67
24 79
24 83
24 91
24 109
24 110
24 115
24 117
24 121
24 141
24 151
25 0
25 2
25 11
25 13
25 23
25 26
25 40
25 51
25 53
25 65
25 67
25 71
25 76
25 78
25 79
25 84
25 86
25 94
25 97
25 101
25 114
25 116
25 121
25 125
25 127
25 130
25 136
25 138
25 140
25 144
25 146
25 150
26 1
26 15
26 18
26 20
26 30
26 31
26 32
26 37
26 53
26 64
26 65
26 77
26 82
26 89
26 95
26 96
26 97
26 104
26 129
26 135
26 144
26 149
26 158
27 8
27 9
27 17
27 23
27 43
27 80
27 87
27 93
27 95
27 97
27 99
27 102
27 103
27 106
27 116
27 121
27 126
27 127
27 131
27 147
27 148
27 150
27 154
27 159
28 9
28 14
28 22
28 36
28 49
28 51
28 62
28 78
28 81
28 99
28 112
28 113
28 114
28 134
28 146
28 149
28 151
28 159
29 14
29 15
29 16
29 36
29 44
29 49
29 51
29 53
29 59
29 61
29 67
29 76
29 96
29 100
29 101
29 104
29 111
29 112
29 122
29 124
29 129
29 136
29 151
30 0
30 26
30 27
30 31
30 37
30 40
30 43
30 53
30 64
30 66
30 76
30 80
30 82
30 87
30 90
30 92
30 113
30 115
30 117
30 120
30 127
30 130
30 131
30 132
30 138
30 145
30 147
30 155
31 1
31 14
31 16
31 22
31 24
31 26
31 35
31 44
31 46
31 49
31 61
31 77
31 87
31 102
31 103
31 105
31 106
31 107
31 109
31 123
31 125
31 131
31 137
31 139
31 143
31 151
31 153
32 26
32 35
32 41
32 42
32 44
32 49
32 50
32 58
32 71
32 79
32 91
32 97
32 121
32 131
32 145
32 146
32 158
33 12
33 36
33 42
33 49
33 57
33 62
33 66
33 80
33 84
33 91
33 100
33 104
33 107
33 108
33 112
33 116
33 117
33 122
33 134
33 144
33 150
34 0
34 5
34 29
34 31
34 35
34 41
34 42
34 44
34 56
34 63
34 79
34 92
34 93
34 112
34 121
34 137
34 143
34 145
35 6
35 13
35 15
35 19
35 26
35 38
35 39
35 43
35 47
35 54
35 61
35 62
35 64
35 69
35 71
35 91
35 98
35 100
35 101
35 102
35 107
35 108
35 111
35 123
35 124
35 128
35 135
35 141
35 152
35 157
36 0
36 4
36 8
36 20
36 41
36 55
36 69
36 71
36 81
36 83
36 85
36 98
36 117
36 134
36 135
36 141
36 143
37 3
37 7
37 14
37 30
37 38
37 39
37 57
37 72
37 75
37 76
37 82
37 91
37 99
37 115
37 120
37 121
37 122
37 127
37 133
37 136
37 138
37 147
37 150
37 151
37 155
38 7
38 19
38 37
38 40
38 42
38 45
38 46
38 55
38 57
38 60
38 66
38 78
38 86
38 97
38 102
38 107
38 111
38 112
38 122
38 129
38 135
38 145
38 159
39 16
39 17
39 19
39 23
39 35
39 37
39 51
39 55
39 59
39 60
39 62
39 72
39 76
39 78
39 80
39 84
39 129
39 145
39 149
40 2
40 7
40 15
40 17
40 25
40 30
40 37
40 43
40 57
40 66
40 72
40 75
40 76
40 86
40 95
40 103
40 104
40 107
40 110
40 127
40 132
40 139
40 141
40 142
40 152
40 153
40 158
41 5
41 18
41 24
41 34
41 36
41 45
41 47
41 52
41 57
41 59
41 73
41 77
41 85
41 89
41 90
41 91
41 102
41 104
41 114
41 123
41 126
41 136
41 140
41 144
41 150
41 157
41 158
41 159
42 8
42 24
42 32
42 33
42 38
42 41
42 49
42 57
42 64
42 74
42 76
42 88
42 92
42 93
42 94
42 103
42 106
42 116
42 119
42 124
42 137
42 139
42 140
42 141
42 143
42 147
42 150
43 7
43 13
43 23
43 30
43 33
43 42
43 45
43 49
43 55
43 60
43 62
43 65
43 69
43 78
43 80
43 85
43 92
43 93
43 112
43 122
43 123
43 124
43 129
43 155
44 2
44 24
44 29
44 50
44 60
44 64
44 72
44 73
44 75
44 77
44 82
44 95
44 99
44 101
44 104
44 108
44 109
44 113
44 122
44 123
44 125
44 126
44 133
44 138
44 147
44 148
44 151
44 154
45 14
45 16
45 24
45 43
45 57
45 66
45 77
45 82
45 95
45 97
45 98
45 99
45 100
45 101
45 116
45 139
45 141
45 142
45 145
45 152
45 154
46 0
46 2
46 15
46 29
46 31
46 38
46 47
46 52
46 54
46 66
46 67
46 72
46 74
46 80
46 81
46 107
46 114
46 122
46 132
46 133
46 138
46 140
46 146
46 148
47 0
47 5
47 35
47 41
47 46
47 56
47 58
47 71
47 78
47 82
47 84
47 85
47 105
47 112
47 119
47 121
47 125
47 128
47 137
47 139
47 154
48 5
48 9
48 18
48 29
48 30
48 40
48 51
48 56
48 72
48 73
48 78
48 81
48 85
48 88
48 93
48 95
48 102
48 104
48 123
48 130
48 138
48 141
49 5
49 8
49 14
49 15
49 17
49 29
49 31
49 33
49 38
49 42
49 43
49 60
49 64
49 66
49 72
49 81
49 84
49 95
49 112
49 115
49 122
49 131
49 136
49 143
50 27
50 32
50 44
50 49
50 52
50 53
50 55
50 63
50 64
50 67
50 69
50 75
50 92
50 100
50 111
50 129
50 137
50 140
50 142
50 150
50 152
51 12
51 25
51 29
51 39
51 47
51 48
51 50
51 52
51 69
51 87
51 94
51 98
51 109
51 122
51 127
51 130
51 134
51 141
51 154
52 0
52 5
52 6
52 16
52 18
52 27
52 32
52 36
52 39
52 46
52 47
52 50
52 57
52 58
52 60
52 62
52 68
52 72
52 103
52 112
52 118
52 123
52 134
52 142
52 150
52 154
52 159
53 0
53 20
53 21
53 25
53 29
53 30
53 47
53 68
53 82
53 100
53 110
53 115
53 124
53 128
53 135
53 137
53 141
53 147
53 156
53 157
54 0
54 6
54 8
54 11
54 13
54 21
54 31
54 64
54 73
54 76
54 79
54 89
54 95
54 107
54 110
54 118
54 120
54 125
54 127
54 130
54 140
55 4
55 12
55 15
55 21
55 36
55 39
55 43
55 50
55 74
55 78
55 79
55 83
55 84
55 87
55 88
55 90
55 96
55 105
55 107
55 110
55 112
55 114
55 115
55 132
55 137
55 150
55 152
55 154
55 158
56 0
56 3
56 16
56 18
56 19
56 32
56 34
56 35
56 47
56 62
56 63
56 70
56 79
56 87
56 88
56 95
56 103
56 104
56 115
56 119
56 125
56 141
56 146
56 147
56 157
56 158
57 4
57 15
57 31
57 37
57 38
57 42
57 45
57 71
57 89
57 96
57 100
57 113
57 117
57 126
57 132
57 149
57 156
57 158
58 2
58 9
58 14
58 17
58 31
58 43
58 52
58 59
58 70
58 72
58 73
58 79
58 81
58 86
58 93
58 96
58 103
58 117
58 120
58 145
58 147
59 0
59 10
59 15
59 16
59 24
59 27
59 29
59 30
59 56
59 58
59 75
59 77
59 79
59 80
59 81
59 90
59 93
59 96
59 108
59 112
59 114
59 116
59 119
59 121
59 126
59 133
59 139
59 152
60 1
60 5
60 7
60 13
60 14
60 16
60 17
60 21
60 24
60 38
60 39
60 42
60 46
60 52
60 57
60 59
60 61
60 62
60 69
60 100
60 110
60 111
60 117
60 128
60 131
60 134
60 139
60 153
60 159
61 5
61 9
61 21
61 22
61 29
61 31
61 35
61 42
61 50
61 54
61 60
61 67
61 74
61 75
61 77
61 87
61 88
61 92
61 94
61 104
61 133
61 135
61 150
61 158
62 0
62 3
62 15
62 20
62 26
62 27
62 33
62 39
62 43
62 52
62 56
62 81
62 84
62 85
62 92
62 107
62 110
62 111
62 112
62 114
62 117
62 120
62 127
62 128
62 136
62 144
62 151
62 152
63 4
63 14
63 15
63 23
63 34
63 50
63 56
63 79
63 82
63 86
63 92
63 94
63 104
63 107
63 108
63 112
63 113
63 114
63 120
63 122
63 128
63 140
63 146
63 149
63 154
63 158
64 0
64 4
64 17
64 35
64 44
64 49
64 50
64 54
64 63
64 66
64 74
64 76
64 77
64 85
64 95
64 103
64 118
64 123
64 129
64 133
64 134
64 139
64 142
64 147
64 150
64 155
64 156
65 6
65 20
65 25
65 26
65 28
65 29
65 32
65 35
65 53
65 76
65 81
65 84
65 90
65 109
65 117
65 119
65 120
65 125
65 129
65 130
65 132
65 134
65 139
65 152
65 158
66 2
66 6
66 23
66 33
66 38
66 43
66 45
66 46
66 49
66 51
66 64
66 67
66 73
66 76
66 77
66 84
66 87
66 102
66 113
66 127
66 139
66 147
66 154
67 0
67 4
67 5
67 11
67 13
67 24
67 25
67 29
67 42
67 50
67 61
67 80
67 87
67 91
67 94
67 119
67 124
67 125
67 138
67 139
67 142
67 144
67 155
67 157
68 2
68 11
68 17
68 35
68 52
68 53
68 70
68 78
68 80
68 83
68 90
68 96
68 104
68 107
68 119
68 120
68 131
68 134
68 137
68 144
68 150
68 153
68 158
69 9
69 14
69 20
69 35
69 36
69 42
69 43
69 47
69 50
69 51
69 78
69 82
69 89
69 91
69 95
69 96
69 104
69 113
69 114
69 124
69 125
69 135
69 138
69 143
69 150
69 151
70 0
70 4
70 5
70 9
70 13
70 20
70 22
70 36
70 42
70 56
70 68
70 84
70 89
70 101
70 105
70 113
70 114
70 125
70 131
70 134
70 137
70 146
70 149
70 155
70 156
71 0
71 9
71 15
71 25
71 32
71 35
71 36
71 47
71 52
71 57
71 81
71 82
71 88
71 89
71 101
71 110
71 116
71 130
71 139
71 151
72 1
72 5
72 12
72 13
72 34
72 37
72 40
72 44
72 46
72 49
72 58
72 70
72 74
72 77
72 79
72 91
72 98
72 108
72 110
72 111
72 114
72 116
72 117
72 139
73 18
73 34
73 41
73 44
73 48
73 49
73 58
73 64
73 68
73 78
73 81
73 88
73 90
73 92
73 99
73 100
73 104
73 106
73 134
73 136
73 141
73 145
73 154
73 155
73 156
74 13
74 19
74 25
74 39
74 42
74 46
74 53
74 55
74 61
74 72
74 83
74 88
74 93
74 98
74 99
74 108
74 111
74 138
74 145
74 149
75 0
75 1
75 7
75 30
75 31
75 37
75 50
75 59
75 79
75 82
75 83
75 87
75 94
75 96
75 98
75 102
75 107
75 110
75 116
75 135
75 139
75 142
75 150
75 151
75 156
76 3
76 17
76 19
76 20
76 23
76 25
76 30
76 37
76 40
76 44
76 48
76 50
76 54
76 63
76 64
76 65
76 66
76 83
76 89
76 90
76 100
76 101
76 107
76 108
76 112
76 119
76 120
76 138
76 142
76 148
76 149
76 150
76 155
76 156
77 4
77 10
77 21
77 24
77 26
77 32
77 41
77 44
77 45
77 59
77 61
77 64
77 66
77 72
77 80
77 84
77 92
77 105
77 108
77 109
77 112
77 115
77 122
77 124
78 15
78 38
78 39
78 41
78 48
78 54
78 58
78 69
78 73
78 80
78 87
78 104
78 106
78 111
78 115
78 117
78 124
78 127
78 134
78 144
78 145
79 5
79 9
79 22
79 24
79 25
79 32
79 34
79 38
79 40
79 55
79 56
79 58
79 61
79 75
79 81
79 82
79 139
79 141
79 147
79 150
79 158
80 7
80 18
80 27
80 29
80 31
80 33
80 39
80 46
80 52
80 77
80 78
80 79
80 82
80 95
80 99
80 100
80 102
80 115
80 125
80 127
80 130
80 133
80 147
80 149
80 157
81 3
81 15
81 23
81 26
81 28
81 35
81 36
81 45
81 46
81 48
81 49
81 50
81 58
81 59
81 62
81 90
81 91
81 116
81 125
81 127
81 137
81 140
81 144
81 145
81 149
81 152
81 157
81 159
82 6
82 7
82 19
82 26
82 30
82 34
82 41
82 44
82 60
82 63
82 67
82 71
82 74
82 75
82 94
82 100
82 101
82 103
82 113
82 118
82 119
82 129
82 139
82 141
82 144
82 148
82 156
83 0
83 16
83 19
83 20
83 24
83 36
83 39
83 43
83 45
83 48
83 55
83 57
83 61
83 64
83 68
83 70
83 74
83 75
83 82
83 98
83 115
83 133
83 139
83 151
83 154
84 1
84 12
84 23
84 25
84 33
84 47
84 55
84 62
84 70
84 76
84 77
84 80
84 86
84 90
84 123
84 138
84 145
84 157
84 158
85 4
85 20
85 23
85 25
85 41
85 43
85 47
85 58
85 61
85 82
85 95
85 104
85 105
85 109
85 119
85 120
85 122
85 131
85 133
85 139
85 140
85 147
85 155
86 0
86 10
86 13
86 16
86 17
86 33
86 38
86 42
86 58
86 63
86 84
86 94
86 95
86 114
86 122
86 132
86 149
86 152
86 158
87 3
87 8
87 9
87 16
87 21
87 24
87 27
87 47
87 56
87 61
87 66
87 67
87 75
87 78
87 91
87 97
87 100
87 105
87 118
87 130
87 137
87 142
87 152
88 4
88 31
88 40
88 55
88 56
88 71
88 74
88 93
88 94
88 111
88 117
88 120
88 122
88 125
88 130
88 149
88 151
88 159
89 19
89 26
89 54
89 57
89 61
89 70
89 71
89 76
89 87
89 105
89 107
89 110
89 115
89 121
89 129
89 131
89 134
89 136
89 138
89 145
89 146
89 149
89 152
89 155
90 11
90 17
90 22
90 30
90 41
90 47
90 54
90 59
90 65
90 68
90 70
90 73
90 76
90 81
90 84
90 91
90 95
90 100
90 104
90 114
90 117
90 121
90 141
90 145
90 159
91 0
91 18
91 24
91 28
91 32
91 33
91 35
91 37
91 50
91 60
91 69
91 82
91 87
91 90
91 103
91 108
91 119
91 130
91 134
91 141
91 143
91 148
91 153
91 156
91 159
92 8
92 22
92 26
92 30
92 50
92 52
92 62
92 77
92 120
92 138
92 152
93 2
93 3
93 15
93 18
93 23
93 27
93 34
93 36
93 40
93 42
93 43
93 48
93 58
93 59
93 67
93 70
93 74
93 84
93 88
93 89
93 90
93 96
93 98
93 100
93 102
93 118
93 120
93 131
93 136
93 152
94 9
94 25
94 42
94 48
94 51
94 67
94 75
94 78
94 82
94 99
94 100
94 111
94 131
94 132
94 138
94 143
94 158
95 1
95 7
95 8
95 9
95 20
95 26
95 27
95 35
95 40
95 44
95 46
95 48
95 49
95 54
95 60
95 69
95 80
95 81
95 82
95 85
95 90
95 98
95 102
95 122
95 126
95 130
95 142
95 145
95 150
95 152
96 0
96 1
96 3
96 5
96 10
96 53
96 55
96 56
96 57
96 58
96 59
96 92
96 99
96 105
96 118
96 119
96 121
96 147
96 149
97 2
97 15
97 16
97 17
97 22
97 23
97 25
97 26
97 32
97 38
97 80
97 86
97 88
97 96
97 105
97 117
97 124
97 127
97 128
97 137
97 139
97 145
97 152
97 154
98 2
98 8
98 11
98 12
98 15
98 29
98 35
98 36
98 45
98 50
98 51
98 53
98 56
98 57
98 72
98 74
98 75
98 81
98 83
98 95
98 99
98 107
98 110
98 113
98 117
98 131
98 134
98 141
98 142
98 143
98 153
98 158
99 3
99 6
99 8
99 9
99 16
99 19
99 37
99 73
99 80
99 91
99 94
99 96
99 104
99 107
99 135
99 138
99 142
99 148
99 150
99 152
99 154
99 155
99 158
100 29
100 33
100 35
100 51
100 53
100 57
100 60
100 73
100 76
100 80
100 82
100 90
100 93
100 94
100 111
100 119
100 125
100 133
100 153
100 154
100 159
101 16
101 25
101 26
101 29
101 35
101 44
101 45
101 70
101 76
101 89
101 102
101 108
101 114
101 115
101 116
101 121
101 133
101 139
101 141
102 11
102 21
102 28
102 38
102 39
102 41
102 48
102 58
102 60
102 75
102 80
102 93
102 95
102 100
102 101
102 105
102 113
102 119
102 120
102 124
102 129
102 131
102 136
102 137
102 143
102 145
102 146
102 156
102 159
103 2
103 7
103 13
103 19
103 23
103 27
103 42
103 45
103 56
103 64
103 71
103 82
103 91
103 106
103 107
103 117
103 127
103 147
103 156
104 5
104 12
104 33
104 37
104 41
104 44
104 63
104 68
104 69
104 73
104 78
104 85
104 99
104 109
104 114
104 115
104 126
104 137
104 148
104 150
104 155
105 8
105 23
105 47
105 51
105 55
105 59
105 66
105 70
105 85
105 87
105 89
105 97
105 102
105 115
105 123
105 128
105 131
105 133
105 135
105 141
105 154
106 5
106 10
106 16
106 22
106 27
106 31
106 42
106 58
106 62
106 111
106 114
106 116
106 120
106 121
106 130
106 133
106 145
106 150
106 159
107 0
107 7
107 17
107 28
107 31
107 33
107 37
107 40
107 52
107 55
107 56
107 62
107 63
107 68
107 75
107 76
107 89
107 93
107 99
107 103
107 112
107 115
107 117
107 126
107 127
107 135
107 159
108 11
108 15
108 19
108 23
108 26
108 31
108 33
108 60
108 72
108 74
108 76
108 77
108 80
108 91
108 103
108 114
108 119
108 120
108 123
108 139
108 144
108 147
108 150
108 158
109 0
109 12
109 15
109 18
109 19
109 20
109 31
109 32
109 51
109 59
109 65
109 119
109 123
109 129
109 136
109 140
109 143
109 149
109 152
110 2
110 9
110 14
110 21
110 24
110 37
110 47
110 48
110 53
110 54
110 56
110 60
110 62
110 66
110 71
110 72
110 75
110 89
110 98
110 100
110 118
110 119
110 122
110 123
110 134
110 139
110 144
110 152
110 154
111 12
111 18
111 29
111 33
111 34
111 49
111 50
111 60
111 62
111 69
111 72
111 74
111 78
111 87
111 100
111 106
111 114
111 128
111 135
111 138
111 140
111 149
111 150
111 151
111 152
111 159
112 0
112 2
112 3
112 21
112 28
112 29
112 32
112 33
112 38
112 43
112 49
112 59
112 61
112 62
112 63
112 71
112 73
112 76
112 77
112 86
112 90
112 98
112 105
112 107
112 134
112 145
112 154
112 158
113 17
113 20
113 28
113 30
113 31
113 45
113 50
113 57
113 66
113 69
113 70
113 73
113 79
113 82
113 88
113 98
113 130
113 154
113 157
114 6
114 8
114 11
114 16
114 25
114 28
114 41
114 43
114 46
114 55
114 70
114 72
114 86
114 100
114 101
114 104
114 106
114 109
114 119
114 121
114 130
114 135
114 137
114 147
115 2
115 6
115 20
115 27
115 37
115 53
115 55
115 56
115 74
115 77
115 78
115 80
115 83
115 101
115 104
115 105
115 123
115 130
115 132
115 136
115 144
115 145
115 155
115 156
115 157
115 159
116 0
116 6
116 10
116 21
116 25
116 27
116 31
116 33
116 45
116 59
116 65
116 72
116 73
116 81
116 87
116 96
116 101
116 106
116 114
116 120
116 129
116 135
116 141
116 142
116 156
117 9
117 21
117 24
117 28
117 30
117 36
117 51
117 57
117 58
117 59
117 72
117 78
117 79
117 91
117 107
117 112
117 125
117 139
118 5
118 14
118 64
118 82
118 87
118 110
118 121
118 122
118 130
118 132
118 142
118 146
118 148
119 2
119 11
119 19
119 22
119 32
119 36
119 42
119 46
119 60
119 65
119 68
119 76
119 82
119 85
119 86
119 91
119 96
119 102
119 104
119 108
119 109
119 114
119 120
119 121
119 122
119 135
119 138
119 154
119 157
120 0
120 5
120 24
120 30
120 33
120 37
120 39
120 45
120 54
120 74
120 76
120 85
120 88
120 93
120 102
120 108
120 113
120 115
120 119
120 123
120 129
120 134
120 137
120 143
120 149
120 150
120 151
120 158
121 23
121 24
121 25
121 27
121 32
121 37
121 47
121 88
121 109
121 113
121 114
121 117
121 119
121 124
121 125
121 132
121 133
121 140
121 141
121 151
122 2
122 7
122 12
122 13
122 14
122 21
122 23
122 29
122 32
122 33
122 37
122 43
122 51
122 62
122 63
122 65
122 81
122 85
122 86
122 88
122 95
122 100
122 118
122 127
122 131
122 134
122 135
122 144
122 146
123 14
123 18
123 23
123 35
123 38
123 41
123 43
123 44
123 46
123 52
123 57
123 64
123 69
123 84
123 90
123 108
123 109
123 115
123 116
123 118
123 120
123 124
123 125
123 128
123 152
123 158
123 159
124 21
124 24
124 25
124 29
124 39
124 53
124 57
124 58
124 59
124 77
124 78
124 82
124 89
124 102
124 105
124 121
124 137
124 138
124 140
124 141
124 142
124 151
125 10
125 13
125 17
125 20
125 22
125 25
125 26
125 31
125 44
125 47
125 53
125 56
125 64
125 67
125 69
125 70
125 91
125 100
125 103
125 114
125 123
125 140
125 143
125 151
126 11
126 21
126 27
126 41
126 44
126 49
126 53
126 57
126 58
126 59
126 86
126 95
126 99
126 104
126 107
126 108
126 130
126 132
126 136
126 137
126 142
126 150
126 152
127 6
127 7
127 17
127 23
127 25
127 27
127 30
127 35
127 37
127 40
127 44
127 51
127 53
127 66
127 80
127 87
127 99
127 107
127 122
127 134
127 141
127 144
127 145
127 153
127 154
128 7
128 8
128 12
128 15
128 35
128 47
128 52
128 53
128 60
128 62
128 63
128 93
128 97
128 111
128 117
128 141
128 142
128 143
128 153
129 0
129 9
129 12
129 17
129 26
129 29
129 38
129 43
129 46
129 50
129 51
129 53
129 61
129 64
129 65
129 81
129 89
129 102
129 109
129 116
129 117
129 130
129 137
129 156
130 8
130 10
130 12
130 14
130 16
130 19
130 28
130 30
130 41
130 48
130 51
130 67
130 71
130 80
130 88
130 95
130 106
130 118
130 121
130 125
130 126
130 129
130 134
130 139
130 146
130 147
130 154
130 156
131 12
131 13
131 15
131 16
131 38
131 60
131 65
131 67
131 68
131 73
131 85
131 89
131 93
131 98
131 120
131 122
131 129
131 133
131 140
131 141
131 152
132 2
132 4
132 5
132 17
132 18
132 21
132 30
132 31
132 40
132 41
132 61
132 72
132 84
132 121
132 126
132 153
133 5
133 8
133 12
133 14
133 16
133 18
133 20
133 22
133 23
133 37
133 44
133 46
133 47
133 48
133 60
133 73
133 80
133 100
133 101
133 105
133 119
133 131
133 137
133 155
134 14
134 28
134 33
134 39
134 56
134 58
134 60
134 64
134 65
134 68
134 70
134 78
134 103
134 110
134 112
134 122
134 127
134 147
134 148
134 149
134 152
135 0
135 17
135 26
135 33
135 35
135 37
135 38
135 49
135 50
135 53
135 61
135 69
135 75
135 91
135 97
135 99
135 105
135 107
135 111
135 113
135 114
135 116
135 119
135 122
135 134
135 140
135 142
135 145
136 0
136 13
136 14
136 25
136 27
136 29
136 41
136 48
136 49
136 55
136 62
136 72
136 73
136 79
136 83
136 89
136 102
136 109
136 115
136 126
136 140
136 148
136 151
136 155
136 156
137 6
137 8
137 17
137 31
137 42
137 47
137 50
137 53
137 55
137 57
137 68
137 70
137 72
137 73
137 74
137 81
137 84
137 87
137 97
137 104
137 114
137 120
137 121
137 124
137 126
137 129
137 138
137 148
137 154
137 158
138 6
138 13
138 15
138 20
138 25
138 29
138 30
138 37
138 39
138 46
138 48
138 57
138 67
138 76
138 82
138 84
138 89
138 92
138 94
138 99
138 111
138 118
138 119
138 124
138 137
138 143
138 146
138 151
138 152
138 157
139 1
139 8
139 11
139 12
139 19
139 31
139 33
139 35
139 40
139 42
139 45
139 50
139 57
139 59
139 65
139 66
139 67
139 71
139 72
139 75
139 79
139 83
139 85
139 97
139 101
139 106
139 109
139 110
139 112
139 124
139 130
139 147
139 151
139 155
140 9
140 17
140 20
140 25
140 46
140 50
140 54
140 61
140 85
140 98
140 103
140 108
140 109
140 111
140 124
140 125
140 131
140 135
140 144
141 0
141 15
141 16
141 24
141 35
141 40
141 42
141 48
141 53
141 56
141 73
141 79
141 82
141 83
141 85
141 91
141 94
141 101
141 115
141 116
141 124
141 127
141 131
141 155
142 0
142 1
142 13
142 14
142 22
142 40
142 50
142 52
142 64
142 67
142 70
142 71
142 75
142 76
142 77
142 87
142 92
142 95
142 99
142 115
142 116
142 122
142 124
142 135
142 154
142 158
143 13
143 14
143 20
143 21
143 31
143 34
143 36
143 42
143 61
143 69
143 91
143 94
143 98
143 102
143 109
143 115
143 120
143 125
144 10
144 18
144 25
144 33
144 41
144 47
144 48
144 49
144 67
144 68
144 69
144 78
144 81
144 89
144 107
144 108
144 110
144 122
144 127
144 139
144 145
144 146
144 147
144 153
144 156
144 159
145 7
145 24
145 26
145 38
145 39
145 45
145 68
145 73
145 74
145 77
145 78
145 89
145 90
145 93
145 95
145 97
145 102
145 106
145 112
145 135
145 155
145 158
146 10
146 25
146 28
146 32
146 46
146 56
146 58
146 63
146 69
146 70
146 76
146 82
146 89
146 102
146 113
146 118
146 122
146 129
146 130
146 134
146 136
146 140
147 4
147 22
147 27
147 30
147 32
147 35
147 37
147 41
147 42
147 44
147 58
147 63
147 78
147 79
147 80
147 85
147 103
147 104
147 107
147 108
147 114
147 125
147 130
147 134
147 139
147 142
147 149
147 156
147 159
148 1
148 8
148 12
148 14
148 23
148 27
148 44
148 46
148 59
148 61
148 69
148 76
148 82
148 83
148 91
148 99
148 100
148 104
148 118
148 134
148 136
148 137
148 138
148 150
148 153
149 3
149 6
149 14
149 24
149 28
149 54
149 63
149 66
149 70
149 76
149 80
149 81
149 84
149 85
149 86
149 88
149 109
149 122
149 134
149 140
149 147
150 4
150 5
150 18
150 25
150 27
150 31
150 33
150 35
150 37
150 43
150 50
150 52
150 55
150 61
150 68
150 69
150 75
150 76
150 79
150 83
150 95
150 98
150 99
150 104
150 106
150 108
150 112
150 120
150 148
150 154
150 156
151 4
151 11
151 13
151 24
151 25
151 28
151 37
151 44
151 69
151 71
151 75
151 88
151 111
151 116
151 120
151 125
151 136
151 138
151 139
151 158
152 3
152 4
152 8
152 15
152 16
152 18
152 19
152 22
152 28
152 31
152 35
152 43
152 45
152 48
152 50
152 55
152 59
152 62
152 65
152 78
152 81
152 86
152 87
152 88
152 89
152 91
152 93
152 97
152 99
152 113
152 115
152 120
152 123
152 126
152 131
152 156
152 157
153 1
153 6
153 7
153 9
153 23
153 29
153 31
153 40
153 46
153 60
153 64
153 91
153 99
153 115
153 119
153 120
153 127
153 132
153 140
153 141
153 144
153 146
153 147
153 155
153 156
154 4
154 8
154 18
154 23
154 27
154 34
154 37
154 44
154 52
154 55
154 63
154 72
154 73
154 74
154 83
154 97
154 99
154 100
154 108
154 110
154 112
154 119
154 127
154 137
154 142
154 149
154 150
154 158
154 159
155 0
155 18
155 30
155 36
155 37
155 43
155 59
155 67
155 70
155 84
155 85
155 89
155 100
155 101
155 103
155 104
155 119
155 133
155 136
155 141
155 145
155 153
155 157
156 1
156 8
156 36
156 37
156 53
156 57
156 60
156 64
156 70
156 71
156 72
156 73
156 75
156 91
156 95
156 102
156 103
156 115
156 116
156 119
156 129
156 130
156 136
156 144
156 145
156 147
156 152
156 153
157 2
157 7
157 8
157 16
157 21
157 35
157 41
157 48
157 53
157 56
157 61
157 72
157 81
157 93
157 107
157 113
157 115
157 119
157 127
157 128
157 132
157 149
158 10
158 18
158 22
158 32
158 40
158 41
158 46
158 55
158 56
158 57
158 61
158 63
158 65
158 77
158 84
158 86
158 88
158 94
158 108
158 109
158 122
158 123
158 137
158 142
158 151
158 154
159 11
159 14
159 19
159 20
159 27
159 38
159 41
159 48
159 52
159 81
159 88
159 90
159 99
159 100
159 107
159 111
159 115
159 118
159 123
159 144
159 147
159 154
0 1 2 3 4 5 6 7 8 9 10 11 12 13 14 15 16 17 18 19 20 21 22 23
