160 350 7
0 45
0 79
0 137
1 19
1 49
1 97
2 105
2 107
2 133
2 148
3 70
3 90
4 52
4 149
5 63
6 59
6 147
7 42
9 125
10 0
10 7
10 87
11 56
11 64
12 26
13 26
14 21
14 58
14 91
15 91
15 133
15 149
17 122
17 141
18 83
19 77
19 95
20 40
20 148
21 46
21 103
22 105
22 128
22 152
23 25
23 29
23 53
23 94
23 104
23 112
23 129
24 92
24 129
25 23
25 125
26 13
26 28
26 38
26 93
27 139
27 150
28 97
29 23
29 45
30 122
31 45
31 156
31 157
32 39
32 43
32 129
33 48
33 63
33 123
33 155
34 135
34 148
35 2
35 89
35 148
36 86
37 133
38 26
38 44
38 93
39 32
40 18
40 88
41 127
42 43
42 44
43 78
43 148
44 38
44 42
44 115
44 129
45 0
45 2
45 29
45 31
45 105
45 125
46 58
46 95
47 61
47 141
48 73
48 150
49 1
49 59
50 92
50 104
50 158
51 10
51 142
52 4
53 71
53 139
53 143
54 79
55 139
56 11
56 91
57 153
58 14
58 21
58 46
58 105
59 6
59 49
59 86
59 141
60 143
61 47
61 64
61 121
62 29
62 78
62 127
63 5
63 129
63 145
64 61
64 104
65 144
66 76
67 84
69 17
70 3
70 125
70 139
70 144
71 95
71 153
73 100
73 153
74 108
74 131
74 150
76 66
76 84
76 99
76 129
77 51
77 75
78 29
78 43
78 158
79 0
79 4
79 54
79 146
80 84
80 128
81 86
81 140
82 123
83 30
83 109
84 67
84 76
84 80
84 91
85 101
85 114
86 9
86 36
86 59
86 81
86 109
87 10
87 150
88 40
88 100
88 117
89 35
89 37
90 3
91 14
91 56
91 66
91 156
92 24
93 26
93 38
93 119
94 0
94 38
94 82
94 84
94 99
96 73
97 1
97 28
98 10
98 111
99 76
99 94
99 126
100 73
100 88
101 85
103 21
103 159
104 50
104 64
104 89
104 136
105 2
105 9
105 22
105 45
105 58
105 126
106 38
106 121
107 2
108 66
108 74
108 151
110 159
111 16
111 80
111 154
112 23
113 8
113 148
114 102
114 105
114 117
115 87
115 147
116 54
117 88
117 153
118 147
119 75
120 150
121 106
122 17
122 30
122 128
123 82
124 134
124 139
125 9
125 25
125 45
125 142
125 149
125 159
127 41
127 152
128 152
128 157
129 26
129 44
129 48
129 63
130 13
130 125
131 74
131 136
133 2
134 36
134 124
135 140
136 131
136 146
137 68
138 156
139 16
139 27
139 53
139 55
139 70
139 101
139 109
139 124
140 81
140 108
141 17
141 109
141 157
141 159
142 111
143 12
143 60
143 132
144 65
144 70
144 107
145 97
146 18
146 79
146 136
147 0
147 6
148 2
148 20
148 34
148 35
148 43
148 113
149 112
150 27
150 48
150 74
150 120
151 108
152 128
153 57
153 73
153 117
154 11
154 111
155 33
155 130
156 47
156 91
156 138
157 31
157 72
157 83
157 141
158 78
159 103
159 125
159 141
0 1 2 3 4 5 6
