160 1207 24
0 20
0 21
0 50
0 69
0 71
0 82
0 159
1 15
1 20
1 91
1 92
1 100
1 114
1 121
1 142
1 156
1 157
2 25
2 85
2 95
2 129
2 139
2 156
3 75
3 90
3 101
3 107
3 108
3 112
3 119
4 13
4 44
4 58
4 75
4 96
4 120
4 139
4 151
5 32
5 49
5 55
5 72
5 77
5 82
5 111
6 48
6 50
6 53
6 66
6 87
6 115
6 122
6 151
7 59
7 61
7 86
7 88
7 106
7 123
8 78
8 83
8 88
8 90
8 95
8 99
8 103
8 110
8 119
8 144
8 150
8 156
9 27
9 33
9 50
9 56
9 82
9 100
9 148
10 28
10 76
10 95
10 103
10 125
11 4
11 67
11 73
11 77
11 86
11 93
11 119
11 131
11 139
12 32
12 38
12 65
12 72
12 96
12 109
12 117
12 144
12 151
12 152
13 4
13 20
13 63
13 146
13 156
14 35
14 36
14 76
14 85
14 102
14 138
14 144
14 150
14 159
15 1
15 17
15 38
15 39
15 66
15 69
15 128
16 0
16 30
16 44
16 59
16 73
16 75
16 111
16 130
16 140
17 15
17 38
17 43
17 108
17 120
17 138
18 49
18 81
18 114
19 41
19 44
19 51
19 116
20 0
20 1
20 22
20 48
20 100
20 104
20 110
20 128
20 131
20 143
21 0
21 45
21 55
21 61
21 107
21 112
22 2
22 90
22 92
23 21
23 25
23 30
23 58
23 144
24 86
24 91
24 93
24 112
24 120
24 124
24 145
25 26
25 42
25 44
25 63
25 68
25 72
25 78
25 88
25 89
25 122
26 2
26 29
26 37
26 49
26 51
26 67
26 92
27 0
27 9
27 10
27 16
27 46
27 83
27 88
27 90
27 116
27 151
27 159
28 10
28 107
28 124
28 133
29 5
29 38
29 42
29 78
29 91
29 105
29 116
29 122
29 140
29 145
29 156
30 19
30 22
30 23
30 35
30 56
30 64
30 71
30 76
30 91
30 95
30 115
30 119
30 127
30 131
30 136
31 23
31 72
31 74
32 5
32 72
32 118
32 136
33 9
33 37
33 57
33 92
33 95
33 106
33 110
33 119
33 139
33 155
34 12
34 20
34 82
34 125
34 130
34 134
34 139
34 144
35 8
35 14
35 30
35 41
35 47
35 54
35 74
35 94
35 122
35 127
35 138
36 14
36 51
36 58
36 63
36 70
36 77
36 94
36 101
36 121
36 128
36 141
36 144
37 26
37 33
37 61
37 66
37 68
37 69
37 83
37 102
37 105
37 113
37 137
38 17
38 29
38 57
38 72
38 108
38 109
38 157
39 15
39 28
39 32
39 37
39 56
39 84
39 85
39 102
39 119
39 149
40 65
40 73
40 97
41 35
41 73
41 77
41 94
41 107
41 113
41 153
42 25
42 29
42 61
42 111
42 115
42 118
42 120
42 139
42 154
43 2
43 17
43 32
43 61
43 62
43 113
43 123
43 134
44 4
44 16
44 19
44 25
44 58
44 132
44 145
45 21
45 115
45 122
45 123
46 4
46 22
46 27
46 84
46 123
46 132
46 138
46 157
47 12
47 35
47 69
47 87
47 97
47 135
47 138
47 143
48 58
48 73
48 115
48 157
49 5
49 18
49 26
49 51
49 52
49 60
49 68
49 86
49 87
49 112
49 130
49 138
50 2
50 9
50 52
50 89
51 19
51 26
51 47
51 49
51 81
51 87
51 88
51 92
51 113
51 158
52 49
52 50
52 54
52 73
52 93
52 104
52 105
52 127
52 129
52 134
53 6
53 61
53 65
53 87
53 126
53 127
53 149
54 8
54 35
54 52
54 80
54 84
54 86
54 87
54 96
54 158
54 159
55 25
55 90
55 119
55 123
55 148
56 9
56 30
56 54
56 131
57 23
57 38
57 61
57 64
57 76
57 118
57 122
58 8
58 23
58 36
58 44
58 48
58 98
58 102
58 109
58 113
58 139
58 153
59 7
59 16
59 43
59 60
59 102
59 143
59 147
60 44
60 49
60 56
60 114
60 121
60 132
60 137
61 7
61 21
61 23
61 42
61 57
61 90
61 142
61 144
62 43
62 86
62 110
62 111
62 128
63 13
63 21
63 81
64 0
64 30
64 51
64 89
64 91
64 115
64 147
65 3
65 12
65 40
65 53
65 62
65 68
65 85
65 90
65 135
65 137
65 155
65 159
66 15
66 37
66 102
66 110
66 140
66 149
67 11
67 26
67 86
67 125
67 136
67 155
68 4
68 49
68 90
68 93
68 122
68 127
69 15
69 37
69 45
69 47
69 61
69 90
69 101
69 108
69 122
69 140
69 146
70 9
70 36
70 92
70 111
71 0
71 30
71 75
71 92
71 101
71 146
72 12
72 25
72 31
72 38
72 82
72 121
72 129
72 153
73 9
73 40
73 41
73 52
73 53
73 90
73 112
73 116
74 30
74 35
74 50
74 73
74 85
74 92
74 126
75 3
75 78
75 158
76 10
76 14
76 30
76 61
76 83
76 85
76 105
76 128
76 155
76 159
77 5
77 7
77 11
77 16
77 41
77 69
77 74
77 103
77 135
77 153
78 8
78 29
78 75
78 88
78 93
78 130
79 30
79 83
79 94
79 113
79 119
80 48
80 70
80 96
80 105
80 114
80 117
80 136
80 145
81 17
81 18
81 51
81 63
81 86
81 103
81 120
81 130
81 151
82 0
82 5
82 57
82 72
82 109
82 139
83 8
83 76
83 79
83 99
83 106
83 119
83 148
84 37
84 39
84 46
84 54
84 92
84 94
84 124
84 135
84 146
85 2
85 24
85 74
85 76
85 105
85 106
85 133
86 7
86 11
86 24
86 49
86 54
86 57
86 62
86 67
86 81
86 124
86 142
86 147
87 2
87 6
87 47
87 49
87 51
87 68
87 121
87 137
87 149
88 7
88 25
88 27
88 32
88 78
88 97
88 98
88 111
88 115
88 119
88 136
88 152
89 3
89 24
89 50
89 64
89 94
89 99
89 151
89 158
90 8
90 22
90 31
90 53
90 55
90 61
90 65
90 69
90 93
90 101
90 129
90 131
90 150
91 1
91 24
91 29
91 30
91 106
91 142
91 155
92 1
92 26
92 33
92 51
92 70
92 74
92 84
92 104
92 112
93 11
93 20
93 43
93 57
93 78
93 101
93 123
93 146
94 16
94 25
94 35
94 41
94 42
94 102
94 114
95 2
95 8
95 30
95 72
95 110
95 116
95 119
95 126
95 134
96 23
96 72
96 98
96 110
96 115
96 118
96 125
96 132
96 159
97 36
97 40
97 45
97 62
97 88
97 100
97 133
97 134
97 144
97 145
98 31
98 46
98 58
98 88
98 96
98 100
98 145
99 26
99 83
99 88
99 89
99 120
100 1
100 9
100 20
100 97
100 98
100 153
100 155
101 3
101 36
101 69
101 90
101 93
101 118
101 148
102 14
102 58
102 59
102 94
102 103
102 108
103 10
103 77
103 81
103 99
103 102
103 106
103 111
103 152
103 154
104 15
104 22
104 52
104 108
104 111
104 139
104 140
104 147
105 29
105 37
105 52
105 76
105 85
105 117
105 120
105 127
105 155
106 7
106 17
106 74
106 83
106 91
106 103
106 129
106 137
106 144
107 3
107 41
107 90
107 138
108 0
108 17
108 38
108 66
108 69
108 87
108 102
108 104
108 119
108 130
108 150
108 155
109 12
109 58
109 82
109 90
109 94
109 119
110 33
110 36
110 62
110 66
110 95
110 96
110 140
110 143
110 158
111 16
111 42
111 62
111 63
111 70
111 103
111 104
111 110
111 156
112 49
112 92
112 154
113 2
113 15
113 19
113 41
113 43
113 50
113 58
113 79
114 1
114 18
114 80
114 93
114 94
114 130
114 134
114 145
115 30
115 42
115 45
115 48
115 64
115 80
115 88
115 96
115 111
115 126
115 132
115 136
116 19
116 31
116 43
116 73
116 145
117 41
117 104
117 105
117 129
117 147
118 32
118 42
118 57
118 58
118 81
118 96
118 101
118 158
119 11
119 30
119 33
119 39
119 55
119 79
119 83
119 95
119 108
119 109
119 147
119 151
120 1
120 17
120 24
120 42
120 58
120 81
120 83
120 99
120 105
120 131
121 20
121 36
121 60
121 64
121 75
121 87
121 139
121 147
122 6
122 25
122 35
122 45
122 57
122 68
122 69
122 72
122 95
122 97
122 100
122 106
122 120
123 7
123 45
123 55
123 79
123 150
124 3
124 84
124 91
124 123
124 131
124 151
125 10
125 67
125 96
125 140
125 148
125 159
126 53
126 74
126 96
126 115
127 35
127 53
127 68
127 105
127 123
127 130
127 152
128 15
128 113
128 137
128 142
129 2
129 44
129 71
129 72
129 98
129 106
129 117
129 154
130 16
130 34
130 49
130 53
130 78
130 108
131 12
131 20
131 30
131 56
131 60
131 63
131 67
131 124
131 143
131 145
132 46
132 60
132 95
132 96
132 115
133 97
133 115
133 134
134 52
134 100
134 114
134 118
134 139
134 143
134 149
134 152
135 48
135 65
135 76
135 83
135 91
135 117
135 142
135 156
136 32
136 80
136 88
136 103
136 115
136 151
137 27
137 37
137 65
137 79
137 106
137 128
137 157
138 14
138 30
138 35
138 46
138 91
138 107
138 147
138 154
139 4
139 11
139 33
139 34
139 42
139 58
139 70
139 82
139 134
139 148
140 13
140 16
140 29
140 38
140 41
140 68
140 69
140 104
140 110
140 125
140 128
141 2
141 25
141 36
141 75
141 118
141 121
141 148
142 1
142 41
142 61
142 86
142 91
142 123
142 128
142 135
143 20
143 39
143 45
143 59
143 74
143 92
143 110
143 131
143 134
144 80
144 97
145 24
145 29
145 44
145 80
145 81
145 98
145 114
145 131
145 152
145 156
146 13
146 69
146 80
146 84
146 93
146 151
147 36
147 64
147 104
147 119
148 9
148 33
148 39
148 55
148 70
148 94
148 101
148 139
148 156
149 53
149 66
149 72
149 87
149 134
149 147
149 152
149 154
150 8
150 28
150 90
150 91
150 108
150 123
150 156
151 27
151 71
151 89
151 124
151 146
152 12
152 28
152 36
152 88
152 103
152 114
152 127
152 134
152 138
152 145
152 149
153 41
153 72
153 96
153 100
153 142
154 42
154 46
154 69
154 129
154 133
154 149
154 152
154 156
155 3
155 65
155 67
155 76
155 91
155 92
155 105
155 108
155 148
156 1
156 13
156 29
156 122
156 145
156 148
156 150
157 0
157 1
157 38
157 46
157 61
157 140
158 9
158 51
158 54
158 56
158 60
158 89
158 110
158 118
158 142
159 0
159 53
159 96
159 157
0 1 2 3 4 5 6 7 8 9 10 11 12 13 14 15 16 17 18 19 20 21 22 23
