160 1207 40
0 8
0 20
0 34
0 53
0 59
0 76
0 92
0 103
0 123
0 129
0 133
1 5
1 64
1 111
1 113
1 122
1 124
1 155
2 0
2 61
2 106
2 152
2 157
3 12
3 39
3 45
3 63
3 126
3 132
3 145
3 157
4 20
4 32
4 49
4 69
4 75
4 91
4 93
4 95
5 1
5 17
5 33
5 39
5 55
5 73
5 85
5 86
5 93
5 94
5 97
5 99
5 109
5 114
5 116
5 130
5 142
5 150
6 38
6 41
6 52
6 71
7 40
7 52
7 56
7 87
7 97
7 116
7 129
7 130
7 132
7 145
8 0
8 3
8 4
8 17
8 63
8 70
8 97
8 131
9 7
9 10
9 37
9 43
9 56
9 83
9 88
9 108
9 142
10 9
10 61
10 78
10 107
10 119
10 121
10 133
10 153
10 157
11 9
11 14
11 31
11 76
11 133
12 27
12 28
12 54
12 110
12 131
12 138
13 14
13 16
13 27
13 38
13 54
13 58
13 75
13 79
13 121
13 127
13 129
13 155
14 3
14 7
14 11
14 13
14 20
14 30
14 51
14 56
14 131
14 135
14 149
15 4
15 91
15 110
15 115
15 121
15 126
15 128
15 137
15 138
15 139
15 156
15 159
16 51
16 59
16 66
16 89
16 94
16 106
16 147
16 152
16 156
17 5
17 8
17 19
17 36
17 47
17 67
17 81
17 86
17 99
17 128
17 134
17 147
17 155
17 156
18 15
18 32
18 39
18 65
18 85
18 102
18 105
18 158
19 17
19 110
19 118
20 0
20 4
20 21
20 41
20 42
20 55
20 61
20 90
20 102
20 128
21 20
21 45
21 51
21 87
21 88
21 90
21 107
21 108
21 155
22 60
22 77
22 78
22 99
22 115
22 144
23 43
23 58
23 65
23 100
23 134
23 154
24 44
24 67
24 92
24 104
24 128
24 131
24 153
25 31
25 41
25 46
25 48
25 62
25 77
25 105
25 138
25 150
25 153
26 37
26 93
26 114
26 121
26 134
26 143
26 150
26 155
26 157
27 12
27 13
27 84
27 93
27 151
28 9
28 49
28 76
28 118
28 124
28 135
28 136
28 137
28 142
29 2
29 27
29 51
29 71
29 124
29 129
29 130
29 151
29 157
30 58
30 74
30 81
30 82
30 107
30 112
30 114
30 118
30 155
31 25
31 43
31 80
31 85
31 115
31 127
31 129
31 135
31 151
31 159
32 0
32 2
32 4
32 13
32 16
32 34
32 83
32 98
32 153
33 5
33 45
33 50
33 66
33 71
33 101
33 126
33 131
33 146
33 157
34 42
34 64
34 106
34 111
34 140
34 159
35 63
35 72
35 84
36 15
36 89
36 102
36 111
36 124
36 129
36 142
36 148
36 158
37 22
37 26
37 52
37 81
37 82
37 118
37 131
37 143
37 148
37 149
37 150
38 6
38 13
38 46
38 47
38 90
38 124
38 140
38 141
39 0
39 3
39 4
39 17
39 67
39 96
39 120
39 130
39 150
40 7
40 99
40 140
40 150
41 6
41 25
41 47
41 95
41 120
41 127
41 128
41 144
41 150
41 159
42 23
42 34
42 47
42 72
42 126
42 156
43 3
43 9
43 16
43 23
43 31
43 60
43 65
43 75
43 80
43 115
44 105
44 133
44 153
45 21
45 33
45 51
45 65
45 78
45 103
45 107
45 121
46 70
46 79
46 83
46 94
46 116
46 125
46 158
47 11
47 21
47 38
47 39
47 41
47 42
47 61
47 75
47 82
47 83
47 89
47 97
47 119
47 159
48 50
48 80
48 147
49 28
49 77
49 80
49 86
49 104
49 108
49 113
49 116
49 117
50 24
50 48
50 57
50 67
50 126
51 14
51 16
51 29
51 71
51 118
51 152
52 4
52 6
52 7
52 37
52 103
52 104
52 116
52 128
52 141
52 149
53 39
53 51
53 66
53 67
53 82
53 87
53 90
53 97
53 138
53 144
54 12
54 13
54 53
54 59
54 67
54 135
54 144
54 157
55 20
55 86
55 100
55 123
56 9
56 17
56 63
56 82
56 110
56 119
56 127
57 18
57 50
57 77
57 89
57 91
57 96
57 102
57 109
57 152
58 13
58 30
58 60
58 63
58 92
58 109
58 132
58 151
59 0
59 16
59 54
59 55
59 62
59 77
59 94
59 139
59 141
59 159
60 2
60 43
60 70
60 84
60 94
60 96
60 108
60 110
60 113
60 140
60 154
61 2
61 10
61 36
61 47
61 53
61 125
61 129
61 154
62 18
62 25
62 59
62 104
62 126
62 146
63 3
63 9
63 19
64 1
64 34
64 37
64 102
64 141
65 18
65 23
65 43
65 45
65 81
65 84
65 97
65 137
66 2
66 33
66 37
66 53
66 55
66 67
66 99
66 109
66 147
67 17
67 38
67 50
67 66
67 78
67 85
67 91
67 100
67 149
68 69
68 90
68 134
69 37
69 59
69 92
69 108
69 132
69 157
70 8
70 46
70 60
70 61
70 136
70 151
71 6
71 29
71 51
71 103
71 134
72 48
72 54
72 62
72 94
72 107
72 131
73 5
73 9
73 99
73 108
73 122
73 135
73 156
75 13
75 43
75 60
75 91
75 95
75 146
76 0
76 28
76 78
76 80
76 90
76 108
76 111
76 127
77 22
77 25
77 45
77 49
77 57
77 78
77 99
77 107
78 0
78 10
78 22
78 41
78 45
78 67
78 72
78 73
78 76
78 77
78 133
78 140
78 153
79 13
79 65
79 98
80 43
80 48
80 49
80 52
80 54
80 76
80 83
80 139
80 140
81 30
81 37
81 116
81 130
81 137
81 139
81 157
82 1
82 30
82 37
82 45
82 56
82 60
82 89
82 112
82 116
82 124
82 145
82 158
83 9
83 32
83 46
83 47
83 95
83 114
83 123
83 127
83 131
83 141
84 27
84 29
84 35
84 60
84 129
85 5
85 31
85 67
85 88
85 92
85 96
85 116
85 122
85 130
85 132
85 155
86 45
86 55
86 104
86 110
87 7
87 33
87 53
87 88
87 124
87 128
87 151
88 9
88 21
88 50
88 87
88 102
88 120
89 16
89 58
89 82
89 102
89 130
90 0
90 20
90 38
90 53
90 68
90 75
90 76
90 95
90 97
90 109
90 110
90 148
91 15
91 17
91 26
91 67
91 75
91 127
91 135
91 152
92 0
92 58
92 85
92 86
92 98
92 104
92 105
92 119
92 157
93 4
93 18
93 26
93 54
93 55
93 66
93 133
93 140
94 16
94 40
94 46
94 59
94 60
94 99
94 105
94 109
94 149
94 152
95 19
95 26
95 35
95 41
95 90
95 124
95 143
96 39
96 57
96 60
96 85
96 97
96 122
96 137
96 151
97 5
97 7
97 8
97 15
97 47
97 48
97 65
97 85
97 90
97 96
98 109
98 145
99 22
99 40
99 56
99 66
99 93
99 107
99 130
100 38
100 47
100 55
100 144
100 145
101 52
101 104
102 36
102 57
102 64
102 66
102 88
102 105
102 149
103 0
103 32
103 45
103 52
103 71
103 143
103 147
104 52
104 92
104 101
105 18
105 25
105 44
105 94
105 102
105 115
105 116
106 2
106 16
106 24
106 67
106 84
106 131
106 153
106 159
107 21
107 27
107 30
107 45
107 77
107 82
107 99
107 140
107 150
107 153
108 49
108 60
108 69
108 73
108 76
108 85
108 91
108 143
108 148
109 5
109 16
109 27
109 56
109 57
109 66
109 90
109 94
109 132
109 147
109 148
110 34
110 56
110 60
110 61
110 85
110 86
110 90
110 129
111 6
111 34
111 36
111 39
111 66
111 76
111 114
112 30
112 115
112 127
113 1
113 60
113 62
113 108
113 115
113 155
114 18
114 19
114 26
114 27
114 30
114 83
114 111
114 147
115 15
115 22
115 41
115 42
115 43
115 87
115 105
115 112
115 113
115 136
116 5
116 39
116 46
116 49
116 52
116 82
116 85
116 105
116 128
116 158
117 37
117 49
117 76
117 130
117 146
118 19
118 21
118 28
118 30
118 37
118 73
118 88
118 113
119 2
119 10
119 24
119 92
120 39
120 40
120 41
120 76
120 125
120 151
120 154
121 10
121 15
121 26
121 85
121 157
121 158
122 1
122 73
122 85
122 131
122 135
122 138
122 144
123 0
123 18
123 55
123 83
123 110
123 148
124 1
124 36
124 60
124 66
124 87
124 95
124 126
124 135
124 151
125 12
125 32
125 87
125 120
125 143
126 3
126 33
126 42
126 50
126 62
126 81
126 88
126 124
126 127
126 136
126 145
127 13
127 31
127 41
127 56
127 73
127 83
127 91
127 126
127 128
127 140
128 4
128 11
128 17
128 20
128 24
128 52
128 63
128 65
128 87
128 127
128 153
129 0
129 13
129 15
129 27
129 36
129 64
129 110
129 146
129 150
130 39
130 81
130 89
130 99
130 135
130 153
131 8
131 14
131 24
131 27
131 37
131 72
131 75
131 106
131 153
132 58
132 69
132 85
132 137
133 0
133 10
133 11
133 44
133 93
133 111
134 17
134 26
134 71
134 107
134 132
135 14
135 17
135 28
135 54
135 73
135 91
135 124
135 159
136 15
136 70
136 115
136 126
136 144
137 15
137 59
137 62
137 65
137 93
137 96
137 123
137 152
138 15
138 25
138 60
138 116
138 122
138 130
139 15
139 32
139 81
139 93
139 118
140 23
140 48
140 60
140 78
140 80
140 93
140 107
140 127
141 38
141 52
141 64
141 83
142 1
142 5
142 9
142 28
142 36
142 62
142 117
143 26
143 37
143 56
143 95
143 153
144 22
144 53
144 54
144 85
144 90
144 91
144 100
144 114
144 122
144 136
144 148
144 157
145 82
145 98
145 100
145 126
145 150
146 19
146 33
147 17
147 101
147 103
147 109
147 114
147 143
148 36
148 37
148 71
148 90
148 109
148 123
148 144
149 14
149 31
149 37
149 52
149 67
149 94
149 97
149 102
149 152
150 5
150 25
150 37
150 39
150 40
150 107
150 117
150 145
151 29
151 31
151 37
151 53
151 58
151 96
151 117
151 120
151 124
152 2
152 16
152 57
152 85
152 91
152 92
152 94
152 118
152 137
153 10
153 24
153 25
153 31
153 42
153 44
153 78
153 106
153 107
153 131
153 133
153 141
153 143
154 23
154 60
154 120
154 148
155 21
155 26
155 27
155 30
155 85
155 125
156 15
156 16
156 17
156 73
156 83
156 95
157 16
157 17
157 33
157 47
157 69
157 81
157 92
157 121
157 144
158 5
158 18
158 36
158 46
158 51
158 82
158 108
158 132
158 155
159 3
159 15
159 31
159 34
159 47
159 59
159 106
159 113
159 135
0 1 2 3 4 5 6 7 8 9 10 11 12 13 14 15 16 17 18 19 20 21 22 23 24 25 26 27 28 29 30 31 32 33 34 35 36 37 38 39
