160 1207 7
0 17
0 29
0 37
0 49
0 59
0 70
0 85
0 87
0 102
0 112
0 124
0 129
0 132
0 151
0 158
1 7
1 11
1 53
1 112
2 0
2 13
2 59
2 63
2 79
2 91
3 17
3 28
3 29
3 32
3 49
3 88
3 128
3 139
4 46
4 98
4 107
4 117
4 121
4 158
5 33
5 43
5 72
5 73
5 75
5 83
5 95
5 129
5 136
6 21
6 23
6 38
6 51
6 55
6 69
6 70
6 81
6 142
6 147
7 1
7 15
7 62
7 95
7 110
7 140
8 34
8 36
8 68
8 84
8 92
8 113
8 121
8 123
8 128
8 130
8 140
8 144
9 27
9 74
9 87
9 112
10 5
10 12
10 25
10 27
10 51
10 53
10 60
10 72
10 78
10 82
10 103
10 107
10 122
10 134
10 145
11 1
11 13
11 17
11 48
11 55
11 67
11 80
11 118
11 119
11 128
12 10
12 19
12 78
12 89
12 98
13 2
13 51
13 81
13 86
13 104
13 105
13 114
13 115
13 133
14 11
14 20
14 74
14 80
14 124
14 141
15 7
15 25
15 78
15 96
15 109
15 113
15 148
15 157
16 23
16 30
16 75
16 92
16 133
17 0
17 11
17 45
17 56
17 97
17 135
18 27
18 80
18 122
18 155
18 156
19 16
19 71
19 87
19 117
19 149
19 157
20 24
20 41
20 43
20 54
20 67
20 68
20 71
20 77
20 85
20 144
21 6
21 32
21 62
21 67
21 90
21 133
21 155
22 38
22 83
22 86
22 118
22 126
22 138
22 152
23 16
23 66
23 75
23 84
23 103
23 140
24 17
24 31
24 53
24 55
24 72
24 144
25 10
25 15
25 29
25 75
25 98
25 123
25 130
25 157
26 53
26 60
26 80
26 95
26 116
26 125
27 9
27 18
27 88
27 109
27 111
27 136
27 144
27 156
27 158
28 1
28 3
28 36
28 64
28 67
28 75
28 103
28 105
28 115
28 137
29 0
29 3
29 25
29 60
29 62
29 70
29 78
29 81
29 92
29 97
29 108
29 111
29 115
29 124
29 145
30 16
30 70
30 141
30 148
30 155
31 34
31 66
31 89
31 93
31 101
31 102
31 105
31 145
31 159
32 0
32 9
32 15
32 40
32 52
32 62
32 83
32 88
32 91
32 150
32 152
33 5
33 40
33 44
33 60
33 61
33 81
33 101
33 107
33 123
33 146
34 8
34 48
34 61
34 96
34 110
34 112
34 119
34 149
35 20
35 70
35 72
35 104
35 114
35 118
36 2
36 8
36 15
36 22
36 28
36 38
36 43
36 62
36 80
36 83
36 90
36 93
36 108
36 144
37 46
37 71
37 89
37 119
37 126
37 148
38 6
38 22
38 39
38 54
38 114
38 123
38 132
38 156
39 30
39 38
39 49
39 56
39 102
39 126
40 33
40 50
40 90
40 92
40 96
40 104
40 106
41 0
41 54
41 96
41 124
42 62
42 85
42 91
42 137
42 141
43 5
43 20
43 36
43 77
43 84
43 85
43 111
44 33
44 49
44 67
44 91
44 101
44 152
45 17
45 67
45 75
45 83
45 115
45 117
45 150
46 49
46 72
46 104
46 109
46 141
46 145
47 35
47 61
47 80
47 108
47 118
47 151
48 11
48 56
48 61
48 112
49 39
49 43
49 90
49 92
49 93
49 105
49 115
49 127
49 128
49 155
50 35
50 40
50 59
50 84
50 135
50 150
51 10
51 13
51 52
51 85
51 103
51 117
51 144
52 32
52 35
52 57
52 93
52 145
53 10
53 24
53 30
53 58
53 63
53 82
53 90
53 101
53 128
53 148
53 150
54 1
54 20
54 38
54 81
54 92
54 110
54 139
54 152
55 1
55 6
55 27
55 89
55 95
55 159
56 17
56 39
56 73
56 84
56 108
56 110
56 126
56 156
57 1
57 24
57 52
57 53
57 71
57 98
57 118
57 135
57 155
58 21
58 63
58 88
58 110
58 117
59 0
59 2
59 68
59 76
59 84
60 10
60 26
60 29
60 33
60 74
60 103
60 104
60 112
60 122
61 20
61 33
61 47
61 48
61 103
61 121
61 142
62 7
62 19
62 29
62 63
62 80
62 99
62 100
62 107
62 109
62 110
62 132
62 134
62 149
62 150
62 154
63 53
63 62
63 80
63 107
63 154
64 68
64 148
64 159
65 29
65 67
65 76
65 121
65 124
65 126
65 145
66 23
66 31
66 70
66 80
66 115
66 130
67 7
67 11
67 20
67 21
67 44
67 45
67 65
67 111
67 112
67 122
67 153
68 30
68 59
68 64
68 96
69 9
69 21
69 39
69 89
69 119
69 143
70 0
70 6
70 29
70 66
70 92
70 115
71 19
71 20
71 37
71 46
71 95
71 129
71 150
72 24
72 30
72 35
72 46
72 67
72 79
72 97
73 20
73 56
73 88
73 102
73 110
73 130
73 141
74 14
74 60
74 84
74 95
74 105
74 110
74 124
75 0
75 5
75 16
75 23
75 25
75 28
75 29
75 39
75 68
75 77
75 82
75 88
75 102
75 105
75 109
75 136
76 34
76 59
76 65
76 99
76 112
76 116
77 43
77 75
77 95
77 97
77 111
77 144
78 2
78 10
78 12
78 15
78 21
78 29
78 83
78 97
78 112
78 127
78 134
78 142
78 144
79 72
79 83
79 85
79 126
79 145
79 151
79 152
80 18
80 36
80 47
80 63
80 66
80 69
80 133
80 138
81 6
81 13
81 29
81 33
81 54
81 65
81 76
81 89
81 100
81 134
81 136
81 150
81 158
82 0
82 10
82 12
82 15
82 53
82 75
82 95
82 105
82 157
83 5
83 23
83 32
83 36
83 78
83 79
83 89
83 95
83 126
83 145
84 43
84 50
84 56
84 74
84 76
84 87
84 92
84 95
84 106
84 119
84 132
84 155
85 0
85 18
85 43
85 51
85 79
85 120
85 131
86 7
86 13
86 78
86 112
86 144
87 0
87 9
87 72
87 92
87 100
87 133
87 156
88 11
88 58
88 75
88 146
89 12
89 81
89 82
89 83
89 96
90 2
90 7
90 21
90 36
90 40
90 49
90 115
90 153
91 2
91 4
91 32
91 42
91 43
91 44
91 107
91 113
92 16
92 29
92 40
92 49
92 54
92 66
92 84
92 87
92 101
92 109
92 134
93 36
93 52
93 58
93 61
93 129
93 139
94 3
94 39
94 112
95 7
95 71
95 82
95 83
95 84
95 144
96 2
96 34
96 40
96 41
96 44
96 68
96 89
96 123
97 29
97 46
97 64
97 72
97 77
97 78
97 109
97 114
97 129
98 12
98 25
98 108
98 128
99 71
99 121
99 132
99 141
99 143
99 152
100 48
100 60
100 62
100 87
100 102
100 108
101 31
101 44
101 92
101 117
102 0
102 31
102 39
102 66
102 73
102 75
102 100
102 117
102 135
102 153
103 10
103 28
103 34
103 60
103 61
103 110
103 112
103 132
103 134
103 138
104 40
104 60
104 77
104 87
104 116
104 128
104 156
104 159
105 13
105 28
105 31
105 49
105 72
105 74
105 92
105 100
105 141
105 142
106 40
106 52
106 67
106 83
106 102
106 109
106 124
106 150
107 10
107 33
107 62
107 63
107 91
107 119
107 128
108 26
108 42
108 47
108 56
108 98
108 100
108 116
108 119
108 131
108 143
109 15
109 46
109 62
109 75
109 79
109 92
109 97
109 106
109 118
109 125
109 131
110 6
110 7
110 34
110 42
110 54
110 56
110 58
110 62
110 73
110 103
110 118
110 126
111 29
111 43
111 44
111 65
111 77
111 114
111 153
112 0
112 1
112 9
112 48
112 103
112 117
112 149
112 154
113 3
113 15
113 19
113 41
113 69
113 91
113 108
113 121
113 122
113 152
114 1
114 13
114 35
114 38
114 97
114 111
114 118
114 134
115 28
115 66
115 90
115 132
115 134
115 144
116 3
116 21
116 26
116 63
116 76
116 87
116 104
116 108
116 150
117 51
117 89
117 101
117 102
117 112
117 142
118 22
118 47
118 48
118 57
118 78
118 109
118 110
118 114
118 119
118 132
119 31
119 34
119 68
119 69
119 84
119 98
119 107
119 108
119 118
119 153
119 155
120 113
120 127
121 4
121 29
121 65
121 99
121 112
121 151
121 157
122 36
122 58
122 60
122 113
122 145
123 8
123 25
123 27
123 38
123 79
123 96
123 99
123 100
123 140
123 150
124 0
124 14
124 29
124 41
124 65
124 87
124 106
124 127
124 133
125 109
125 133
125 141
125 144
125 155
126 37
126 39
126 56
126 59
126 65
126 72
126 89
126 101
126 110
126 143
126 150
127 49
127 58
127 105
127 139
128 3
128 11
128 21
128 27
128 49
128 53
128 77
128 98
128 107
128 110
128 134
128 142
128 144
128 153
129 0
129 24
129 69
129 71
129 90
129 93
129 97
129 117
129 138
130 8
130 9
130 25
130 66
130 73
130 116
130 158
131 51
131 85
131 109
131 132
131 138
131 158
132 0
132 38
132 55
132 84
132 93
132 99
132 103
132 115
132 117
132 137
133 16
133 37
133 85
133 87
133 125
133 134
133 154
134 10
134 78
134 103
134 114
134 128
134 133
135 17
135 20
135 50
135 55
135 57
135 62
136 27
136 67
136 75
136 114
136 118
136 132
137 0
137 28
137 35
138 22
138 54
138 80
138 103
138 129
139 3
139 20
139 21
139 54
139 91
139 103
139 120
139 137
139 152
140 8
140 23
140 60
140 121
140 123
140 155
141 14
141 30
141 42
141 46
141 59
141 125
142 6
142 40
142 42
142 61
142 78
142 85
142 105
142 117
142 128
143 69
143 99
143 108
143 125
143 126
143 144
144 8
144 20
144 27
144 36
144 73
144 77
144 78
144 95
144 115
144 125
144 127
144 128
144 137
144 143
145 25
145 46
145 52
145 65
145 79
145 83
145 97
145 122
145 133
145 143
145 149
146 33
146 39
146 51
146 56
146 120
146 152
147 3
147 6
147 19
147 37
147 55
147 58
147 69
147 154
148 30
149 19
149 62
149 93
149 145
149 155
150 29
150 32
150 45
150 53
150 54
150 56
150 71
150 81
150 106
150 126
150 155
151 9
151 41
151 47
151 121
152 32
152 44
152 48
152 52
152 54
152 79
152 113
152 139
152 146
153 71
153 102
153 111
153 128
154 62
154 120
154 147
154 150
155 16
155 18
155 21
155 30
155 43
155 49
155 84
155 87
155 125
155 140
155 149
156 10
156 18
156 27
156 38
156 56
156 76
156 87
156 104
157 25
157 82
157 121
158 0
158 15
158 27
158 155
159 29
159 55
159 61
159 104
159 113
159 119
159 143
0 1 2 3 4 5 6
