160 3802 40
0 8
0 15
0 25
0 35
0 42
0 46
0 60
0 66
0 71
0 74
0 76
0 77
0 78
0 86
0 89
0 90
0 91
0 94
0 122
0 129
0 139
0 141
0 145
0 148
1 4
1 8
1 9
1 15
1 18
1 21
1 38
1 41
1 45
1 51
1 53
1 57
1 60
1 61
1 66
1 76
1 80
1 82
1 84
1 86
1 91
1 92
1 94
1 98
1 100
1 109
1 110
1 134
1 137
1 143
1 150
2 0
2 13
2 19
2 20
2 27
2 54
2 55
2 60
2 80
2 94
2 97
2 102
2 104
2 108
2 110
2 117
2 125
2 130
2 133
2 140
2 148
3 6
3 13
3 28
3 59
3 62
3 65
3 67
3 71
3 73
3 88
3 94
3 96
3 101
3 111
3 113
3 116
3 119
3 123
3 125
3 127
3 145
3 152
3 154
3 157
3 158
4 6
4 8
4 20
4 37
4 38
4 41
4 59
4 60
4 73
4 81
4 89
4 91
4 94
4 106
4 107
4 109
4 112
4 115
4 125
4 141
4 151
4 156
5 3
5 6
5 7
5 11
5 20
5 23
5 27
5 28
5 31
5 47
5 51
5 56
5 73
5 76
5 79
5 86
5 94
5 96
5 107
5 108
5 120
5 144
5 152
5 153
5 157
6 4
6 5
6 10
6 12
6 25
6 28
6 29
6 36
6 40
6 52
6 53
6 61
6 63
6 72
6 114
6 124
6 129
6 131
6 135
6 142
6 147
6 156
7 9
7 10
7 21
7 32
7 33
7 35
7 37
7 42
7 63
7 85
7 95
7 97
7 98
7 102
7 103
7 106
7 124
7 125
7 127
7 134
7 145
7 147
7 149
8 0
8 1
8 10
8 13
8 15
8 25
8 27
8 28
8 31
8 32
8 39
8 40
8 42
8 43
8 50
8 53
8 56
8 65
8 66
8 87
8 91
8 92
8 94
8 111
8 112
8 114
8 115
8 126
8 127
8 140
8 146
8 151
8 157
9 1
9 14
9 22
9 25
9 29
9 34
9 35
9 38
9 49
9 51
9 53
9 61
9 92
9 93
9 95
9 100
9 109
9 121
9 124
9 125
9 130
9 133
9 141
9 147
9 158
9 159
10 6
10 7
10 19
10 22
10 27
10 47
10 70
10 84
10 91
10 98
10 136
10 146
10 158
11 17
11 19
11 53
11 54
11 55
11 58
11 66
11 67
11 72
11 81
11 92
11 97
11 111
11 112
11 120
11 128
11 141
11 143
11 148
11 149
11 151
11 154
12 6
12 17
12 18
12 24
12 33
12 37
12 60
12 69
12 77
12 78
12 89
12 91
12 94
12 100
12 104
12 109
12 113
12 118
12 129
12 130
12 143
12 149
13 2
13 3
13 5
13 18
13 22
13 26
13 50
13 52
13 58
13 75
13 76
13 86
13 87
13 99
13 101
13 107
13 116
13 118
13 131
13 134
13 138
13 148
14 25
14 30
14 32
14 34
14 38
14 40
14 42
14 48
14 69
14 73
14 75
14 82
14 85
14 87
14 89
14 94
14 96
14 98
14 105
14 106
14 109
14 112
14 113
14 114
14 126
14 136
14 139
15 0
15 24
15 59
15 60
15 65
15 69
15 71
15 77
15 79
15 83
15 85
15 91
15 98
15 105
15 111
15 120
15 121
15 129
15 135
15 139
15 141
15 147
15 150
15 159
16 0
16 5
16 21
16 23
16 25
16 27
16 32
16 38
16 44
16 48
16 63
16 82
16 88
16 91
16 105
16 120
16 133
16 134
16 135
16 148
16 150
16 153
17 11
17 12
17 18
17 19
17 25
17 27
17 32
17 42
17 49
17 60
17 61
17 66
17 68
17 69
17 70
17 75
17 89
17 94
17 100
17 102
17 105
17 106
17 136
17 138
17 139
17 143
17 144
17 150
18 12
18 13
18 17
18 28
18 32
18 54
18 55
18 56
18 60
18 73
18 87
18 92
18 98
18 107
18 121
18 123
18 136
18 140
18 147
18 155
19 2
19 6
19 8
19 10
19 13
19 21
19 24
19 27
19 29
19 36
19 45
19 48
19 57
19 80
19 95
19 97
19 98
19 101
19 109
19 117
19 121
19 123
19 132
19 133
19 138
19 150
20 2
20 4
20 5
20 19
20 23
20 33
20 42
20 54
20 60
20 61
20 69
20 74
20 81
20 83
20 88
20 91
20 105
20 119
20 120
20 125
20 131
20 132
20 133
20 139
20 141
20 144
20 146
20 149
20 151
20 154
20 155
20 158
21 7
21 8
21 18
21 30
21 49
21 53
21 55
21 59
21 65
21 66
21 67
21 86
21 93
21 98
21 99
21 103
21 106
21 117
21 122
21 155
22 9
22 13
22 25
22 27
22 36
22 50
22 64
22 65
22 67
22 84
22 90
22 91
22 105
22 113
22 122
22 128
22 129
22 132
22 137
22 138
22 141
22 153
23 1
23 5
23 20
23 24
23 32
23 35
23 36
23 39
23 42
23 49
23 55
23 80
23 91
23 93
23 101
23 104
23 114
23 127
23 129
23 142
23 148
23 158
24 11
24 12
24 15
24 19
24 20
24 23
24 29
24 34
24 36
24 39
24 42
24 44
24 45
24 49
24 72
24 84
24 86
24 87
24 91
24 94
24 95
24 96
24 101
24 104
24 111
24 114
24 118
24 120
24 126
24 139
24 156
25 6
25 8
25 13
25 14
25 16
25 22
25 46
25 55
25 61
25 65
25 72
25 89
25 100
25 103
25 109
25 120
25 130
25 151
26 12
26 60
26 71
26 75
26 79
26 84
26 86
26 89
26 93
26 94
26 101
26 104
26 108
26 110
26 113
26 115
26 123
26 128
26 133
26 136
26 143
26 145
26 146
26 147
26 152
26 153
27 1
27 2
27 5
27 8
27 12
27 16
27 17
27 19
27 25
27 33
27 53
27 55
27 57
27 62
27 66
27 68
27 71
27 78
27 91
27 102
27 125
27 127
27 129
27 130
27 132
27 140
27 150
28 3
28 5
28 8
28 18
28 38
28 48
28 66
28 76
28 77
28 82
28 85
28 87
28 109
28 110
28 126
28 136
28 137
28 142
28 151
29 6
29 7
29 19
29 24
29 30
29 35
29 40
29 51
29 53
29 61
29 78
29 85
29 89
29 90
29 106
29 107
29 110
29 111
29 115
29 123
29 124
29 131
29 132
29 134
29 137
29 144
29 152
29 156
29 159
30 14
30 21
30 24
30 29
30 53
30 58
30 67
30 72
30 85
30 90
30 99
30 108
30 116
30 140
30 143
30 146
30 158
31 5
31 8
31 23
31 26
31 35
31 39
31 46
31 54
31 57
31 59
31 62
31 64
31 66
31 68
31 84
31 92
31 101
31 102
31 105
31 123
31 137
31 146
32 0
32 8
32 12
32 14
32 17
32 18
32 23
32 30
32 33
32 40
32 44
32 47
32 78
32 80
32 96
32 101
32 116
32 145
32 158
32 159
33 12
33 18
33 20
33 29
33 32
33 35
33 39
33 40
33 53
33 60
33 61
33 68
33 78
33 90
33 94
33 96
33 104
33 109
33 115
33 126
33 132
33 156
34 9
34 14
34 49
34 73
34 89
34 97
34 111
34 113
34 116
34 143
35 1
35 6
35 7
35 9
35 30
35 31
35 33
35 48
35 60
35 61
35 63
35 69
35 71
35 74
35 86
35 92
35 97
35 120
35 128
35 130
35 148
35 154
35 155
36 2
36 4
36 5
36 22
36 23
36 24
36 44
36 46
36 52
36 59
36 68
36 75
36 92
36 105
36 109
36 114
36 120
36 139
36 150
36 152
37 4
37 12
37 32
37 41
37 52
37 53
37 61
37 66
37 71
37 75
37 82
37 100
37 104
37 112
37 125
37 126
37 128
37 133
37 136
38 1
38 4
38 9
38 14
38 15
38 43
38 45
38 49
38 51
38 54
38 55
38 67
38 76
38 78
38 85
38 97
38 114
38 121
38 125
38 128
38 130
38 146
38 156
39 18
39 24
39 26
39 31
39 33
39 40
39 44
39 55
39 89
39 92
39 98
39 99
39 121
39 126
39 132
39 147
39 152
39 155
40 19
40 20
40 32
40 33
40 39
40 47
40 69
40 74
40 80
40 83
40 86
40 88
40 101
40 111
40 115
40 123
40 142
41 1
41 2
41 4
41 10
41 43
41 47
41 53
41 64
41 66
41 69
41 78
41 81
41 85
41 103
41 114
41 115
41 116
41 125
41 129
41 132
41 136
41 137
41 139
41 156
42 0
42 7
42 8
42 14
42 17
42 20
42 23
42 24
42 41
42 47
42 49
42 58
42 65
42 74
42 78
42 79
42 84
42 95
42 102
42 113
42 115
42 118
42 120
42 142
42 149
42 151
42 153
43 1
43 8
43 12
43 21
43 22
43 38
43 41
43 52
43 54
43 55
43 60
43 63
43 67
43 69
43 79
43 83
43 101
43 125
43 128
43 131
43 137
43 139
43 148
43 158
43 159
44 9
44 14
44 16
44 23
44 24
44 28
44 39
44 46
44 51
44 59
44 69
44 72
44 73
44 78
44 79
44 81
44 86
44 88
44 96
44 98
44 104
44 107
44 115
44 120
44 126
44 128
44 140
44 146
44 159
45 5
45 16
45 19
45 24
45 29
45 31
45 38
45 52
45 69
45 72
45 75
45 80
45 94
45 96
45 105
45 106
45 113
45 116
45 117
45 122
45 126
45 130
45 134
45 139
45 147
45 148
45 155
45 157
46 0
46 3
46 25
46 30
46 36
46 47
46 52
46 60
46 71
46 79
46 80
46 83
46 91
46 93
46 96
46 100
46 101
46 103
46 111
46 124
46 128
46 129
46 137
46 138
46 151
47 5
47 6
47 10
47 15
47 22
47 27
47 32
47 37
47 40
47 42
47 65
47 85
47 88
47 96
47 101
47 102
47 108
47 118
47 120
47 129
47 136
47 142
47 145
47 147
47 149
47 157
48 0
48 1
48 10
48 14
48 16
48 28
48 35
48 43
48 65
48 74
48 84
48 87
48 88
48 90
48 95
48 107
48 108
48 155
49 3
49 17
49 23
49 24
49 27
49 38
49 42
49 62
49 70
49 72
49 73
49 74
49 75
49 87
49 103
49 104
49 109
49 110
49 117
49 122
49 128
49 134
49 135
49 141
49 145
49 148
49 156
50 8
50 13
50 22
50 51
50 59
50 61
50 66
50 78
50 84
50 87
50 91
50 119
50 132
50 135
50 159
51 5
51 6
51 29
51 33
51 38
51 42
51 44
51 50
51 53
51 62
51 75
51 84
51 90
51 98
51 110
51 112
51 118
51 132
51 147
51 150
52 6
52 13
52 23
52 37
52 43
52 45
52 46
52 60
52 67
52 74
52 89
52 92
52 101
52 103
52 114
52 132
52 151
52 158
53 2
53 8
53 21
53 27
53 30
53 31
53 33
53 37
53 51
53 61
53 76
53 79
53 84
53 89
53 102
53 109
53 118
53 128
53 145
53 147
53 155
54 2
54 11
54 20
54 31
54 38
54 52
54 55
54 61
54 77
54 78
54 83
54 84
54 90
54 111
54 121
54 124
54 125
54 128
54 143
54 146
54 147
54 148
54 154
54 156
54 159
55 2
55 14
55 23
55 25
55 27
55 38
55 39
55 43
55 52
55 54
55 58
55 66
55 77
55 100
55 112
55 113
55 115
55 117
55 132
55 140
55 141
55 145
55 151
55 153
55 155
56 8
56 25
56 30
56 45
56 47
56 70
56 73
56 76
56 85
56 86
56 91
56 94
56 95
56 97
56 104
56 113
56 121
56 125
56 129
56 135
56 136
56 137
56 139
56 143
56 151
56 154
56 157
56 159
57 13
57 19
57 26
57 27
57 50
57 56
57 58
57 59
57 60
57 66
57 68
57 69
57 75
57 89
57 93
57 95
57 109
57 110
57 117
57 123
57 130
57 143
57 144
57 146
57 147
58 6
58 11
58 13
58 20
58 27
58 36
58 55
58 57
58 59
58 60
58 71
58 72
58 73
58 84
58 86
58 87
58 90
58 94
58 103
58 116
58 120
58 125
58 129
58 137
58 147
58 148
59 0
59 3
59 4
59 18
59 21
59 23
59 36
59 41
59 43
59 48
59 57
59 58
59 62
59 64
59 74
59 79
59 81
59 111
59 115
59 123
60 0
60 1
60 4
60 12
60 15
60 20
60 26
60 33
60 37
60 46
60 52
60 53
60 59
60 67
60 76
60 87
60 89
60 123
60 131
60 142
60 153
60 159
61 9
61 25
61 27
61 29
61 35
61 38
61 53
61 54
61 71
61 72
61 73
61 76
61 82
61 85
61 86
61 96
61 110
61 124
61 129
61 137
61 145
62 3
62 27
62 30
62 31
62 51
62 63
62 67
62 72
62 79
62 83
62 100
62 109
62 112
62 121
62 132
62 141
62 144
62 150
62 157
63 1
63 6
63 20
63 22
63 43
63 61
63 66
63 69
63 73
63 82
63 91
63 92
63 95
63 116
63 141
63 158
64 16
64 17
64 24
64 47
64 59
64 65
64 69
64 79
64 100
64 107
64 126
64 133
64 134
64 138
64 144
64 154
65 6
65 8
65 15
65 21
65 22
65 42
65 47
65 58
65 62
65 69
65 70
65 72
65 73
65 74
65 84
65 91
65 108
65 123
65 127
65 129
65 136
65 141
65 153
65 157
65 159
66 0
66 1
66 8
66 11
66 14
66 17
66 27
66 28
66 33
66 35
66 50
66 54
66 55
66 63
66 71
66 72
66 77
66 87
66 89
66 98
66 110
66 118
66 125
66 129
66 132
66 133
66 136
66 143
66 145
66 150
66 155
66 159
67 3
67 6
67 11
67 21
67 22
67 32
67 43
67 55
67 60
67 62
67 81
67 83
67 85
67 90
67 95
67 99
67 100
67 105
67 113
67 121
67 133
67 137
67 144
67 152
68 27
68 30
68 31
68 33
68 36
68 57
68 58
68 69
68 79
68 96
68 97
68 111
68 121
68 122
68 134
68 143
68 145
68 150
68 154
68 158
69 7
69 8
69 12
69 14
69 17
69 35
69 40
69 41
69 43
69 44
69 45
69 49
69 50
69 57
69 65
69 76
69 89
69 91
69 95
69 102
69 103
69 107
69 108
69 115
69 123
69 124
69 137
69 158
70 10
70 17
70 18
70 49
70 56
70 65
70 71
70 73
70 75
70 80
70 81
70 85
70 86
70 88
70 93
70 97
70 102
70 109
70 116
70 120
70 131
70 139
70 146
70 150
70 154
71 0
71 3
71 26
71 27
71 31
71 46
71 58
71 61
71 69
71 70
71 74
71 76
71 79
71 83
71 85
71 90
71 96
71 97
71 98
71 108
71 112
71 117
71 125
71 127
71 128
71 132
71 134
71 136
71 141
71 144
71 146
71 152
72 6
72 11
72 24
72 25
72 40
72 44
72 45
72 46
72 61
72 65
72 76
72 77
72 87
72 95
72 99
72 100
72 105
72 115
72 127
72 141
72 156
73 3
73 5
73 14
73 18
73 34
73 36
73 58
73 63
73 65
73 70
73 72
73 81
73 85
73 95
73 102
73 103
73 110
73 112
73 113
73 120
73 122
73 124
73 128
73 130
73 136
73 144
73 152
73 156
74 0
74 6
74 13
74 16
74 20
74 35
74 40
74 48
74 49
74 52
74 58
74 59
74 73
74 81
74 88
74 91
74 103
74 114
74 127
74 128
74 130
74 132
74 136
74 139
74 140
74 143
74 145
74 157
74 158
75 13
75 17
75 26
75 27
75 31
75 36
75 37
75 49
75 51
75 53
75 60
75 97
75 109
75 110
75 113
75 115
75 116
75 119
75 123
75 124
75 126
76 0
76 1
76 5
76 6
76 13
76 23
76 38
76 53
76 56
76 60
76 71
76 72
76 82
76 90
76 98
76 108
76 113
76 134
76 136
76 147
76 153
77 0
77 12
77 15
77 28
77 37
77 49
77 54
77 55
77 66
77 70
77 85
77 93
77 95
77 96
77 97
77 111
77 117
77 123
77 127
77 130
77 136
77 156
77 157
78 0
78 12
78 25
78 32
78 33
78 37
78 38
78 43
78 44
78 47
78 49
78 50
78 53
78 63
78 73
78 81
78 82
78 86
78 95
78 100
78 105
78 106
78 111
78 113
78 123
78 125
78 129
78 130
78 155
79 5
79 26
79 43
79 44
79 46
79 48
79 53
79 59
79 62
79 68
79 71
79 72
79 80
79 82
79 84
79 88
79 91
79 92
79 100
79 101
79 112
79 114
79 123
79 126
79 127
79 129
79 131
79 135
79 137
79 142
79 156
79 158
80 2
80 18
80 23
80 39
80 45
80 56
80 62
80 74
80 79
80 87
80 88
80 90
80 92
80 97
80 112
80 116
80 129
80 138
80 156
81 4
81 16
81 20
81 35
81 41
81 44
81 51
81 52
81 64
81 67
81 73
81 74
81 76
81 83
81 85
81 86
81 94
81 95
81 97
81 103
81 121
81 122
81 139
81 146
81 153
81 154
82 14
82 16
82 22
82 28
82 36
82 37
82 57
82 61
82 74
82 78
82 79
82 85
82 93
82 98
82 111
82 112
82 119
82 121
82 127
82 142
82 146
82 148
82 149
82 156
82 158
83 5
83 15
83 20
83 35
83 40
83 41
83 43
83 46
83 55
83 62
83 67
83 81
83 84
83 90
83 96
83 116
83 118
83 122
83 126
83 127
83 135
83 141
83 149
83 154
84 1
84 22
84 24
84 42
84 45
84 50
84 51
84 53
84 58
84 67
84 70
84 79
84 83
84 90
84 103
84 111
84 113
84 118
84 129
84 133
84 136
84 148
85 0
85 7
85 11
85 15
85 17
85 28
85 29
85 31
85 38
85 47
85 48
85 61
85 70
85 71
85 73
85 77
85 81
85 90
85 94
85 104
85 118
85 119
85 120
85 122
85 132
85 143
85 153
85 154
85 156
85 158
86 1
86 18
86 21
86 34
86 35
86 40
86 43
86 48
86 56
86 58
86 61
86 64
86 75
86 78
86 81
86 95
86 109
86 114
86 138
86 144
86 146
86 152
86 157
87 8
87 14
87 24
87 27
87 28
87 33
87 49
87 56
87 60
87 66
87 70
87 88
87 90
87 91
87 96
87 102
87 103
87 108
87 111
87 117
87 122
87 133
87 137
87 143
88 16
88 20
88 33
88 36
88 41
88 44
88 48
88 70
88 79
88 80
88 90
88 110
88 114
88 117
88 118
88 133
88 134
88 139
88 151
89 0
89 4
89 8
89 12
89 14
89 18
89 22
89 29
89 39
89 45
89 50
89 52
89 53
89 57
89 60
89 69
89 86
89 90
89 98
89 99
89 106
89 110
89 112
89 113
89 124
89 139
89 143
89 152
89 154
90 0
90 22
90 29
90 33
90 43
90 48
90 58
90 64
90 71
90 76
90 80
90 84
90 87
90 88
90 89
90 92
90 94
90 95
90 104
90 130
90 142
90 152
90 157
91 0
91 7
91 8
91 10
91 12
91 15
91 20
91 24
91 25
91 46
91 56
91 63
91 69
91 74
91 79
91 84
91 87
91 92
91 106
91 117
91 121
91 134
91 137
91 147
92 8
92 11
92 16
92 18
92 31
92 35
92 36
92 39
92 52
92 63
92 79
92 83
92 90
92 96
92 100
92 104
92 116
92 117
92 126
92 129
92 132
92 139
92 140
92 141
92 146
92 148
92 149
93 0
93 9
93 12
93 21
93 23
93 26
93 35
93 46
93 57
93 77
93 83
93 88
93 106
93 111
93 126
93 132
93 135
93 137
93 141
93 152
93 156
93 157
93 158
94 2
94 3
94 5
94 8
94 14
94 17
94 24
94 26
94 33
94 45
94 58
94 62
94 85
94 90
94 97
94 107
94 126
94 128
94 139
94 140
94 141
94 149
94 152
95 24
95 42
95 48
95 56
95 57
95 67
95 69
95 72
95 73
95 78
95 81
95 86
95 90
95 91
95 97
95 99
95 105
95 131
95 135
95 139
95 141
95 144
95 146
95 155
95 159
96 0
96 3
96 5
96 24
96 32
96 44
96 45
96 46
96 61
96 68
96 71
96 75
96 77
96 83
96 87
96 89
96 92
96 94
96 109
96 110
96 111
96 112
96 116
96 124
96 136
96 138
96 139
96 148
96 152
96 158
97 7
97 18
97 19
97 25
97 31
97 35
97 38
97 75
97 76
97 77
97 80
97 81
97 82
97 84
97 86
97 93
97 95
97 101
97 102
97 112
97 118
97 122
97 123
97 127
97 136
97 142
97 147
97 148
98 1
98 7
98 14
98 15
98 17
98 18
98 19
98 39
98 42
98 44
98 51
98 66
98 71
98 76
98 80
98 82
98 99
98 109
98 111
98 115
98 121
98 122
98 128
98 134
98 144
98 145
98 156
99 16
99 21
99 26
99 30
99 67
99 72
99 75
99 80
99 89
99 98
99 102
99 105
99 118
99 124
99 127
99 132
99 141
99 142
99 146
99 151
99 157
100 9
100 12
100 18
100 20
100 21
100 25
100 37
100 40
100 42
100 44
100 46
100 49
100 51
100 62
100 67
100 77
100 78
100 79
100 80
100 90
100 103
100 114
100 127
100 128
100 146
100 151
100 154
100 158
101 3
101 10
101 15
101 19
101 20
101 23
101 24
101 26
101 31
101 32
101 41
101 46
101 47
101 52
101 58
101 65
101 75
101 79
101 86
101 97
101 107
101 108
101 111
101 120
101 122
101 126
101 129
101 130
101 137
101 138
101 142
101 149
102 0
102 7
102 10
102 21
102 24
102 27
102 31
102 42
102 47
102 53
102 55
102 69
102 70
102 73
102 84
102 87
102 90
102 95
102 105
102 113
102 130
102 135
102 145
102 151
102 154
102 159
103 7
103 12
103 25
103 37
103 41
103 43
103 46
103 52
103 58
103 73
103 74
103 81
103 84
103 100
103 108
103 110
103 115
103 122
103 128
103 129
103 132
103 134
103 146
104 12
104 23
104 24
104 26
104 33
104 37
104 38
104 43
104 56
104 67
104 70
104 77
104 90
104 92
104 101
104 120
104 144
105 5
105 10
105 14
105 15
105 16
105 17
105 22
105 31
105 36
105 46
105 67
105 72
105 77
105 84
105 95
105 99
105 102
105 124
105 128
105 132
105 143
105 149
105 157
106 7
106 17
106 35
106 45
106 70
106 78
106 81
106 89
106 91
106 93
106 99
106 115
106 122
106 126
106 136
106 139
106 147
106 156
107 4
107 5
107 13
107 29
107 44
107 48
107 61
107 64
107 72
107 94
107 105
107 121
107 123
107 127
107 133
107 138
107 141
107 148
107 156
108 7
108 12
108 26
108 27
108 30
108 48
108 55
108 69
108 71
108 75
108 76
108 82
108 87
108 101
108 110
108 113
108 114
108 121
108 123
108 127
108 131
108 133
108 135
108 159
109 1
109 9
109 15
109 19
109 28
109 36
109 49
109 57
109 64
109 70
109 75
109 86
109 95
109 96
109 98
109 101
109 111
109 125
109 140
109 147
109 152
110 17
110 22
110 26
110 28
110 29
110 49
110 51
110 57
110 74
110 89
110 96
110 103
110 116
110 121
110 124
110 129
110 131
110 135
110 148
111 3
111 8
111 11
111 15
111 24
111 29
111 36
111 40
111 54
111 58
111 59
111 78
111 82
111 83
111 84
111 87
111 90
111 93
111 96
111 98
111 100
111 101
111 109
111 112
111 136
111 138
111 144
111 153
111 155
111 159
112 4
112 14
112 37
112 55
112 60
112 64
112 71
112 72
112 73
112 79
112 80
112 82
112 89
112 96
112 111
112 120
112 128
112 131
112 132
112 137
112 138
112 144
112 145
112 146
112 153
112 158
113 16
113 34
113 45
113 55
113 73
113 76
113 78
113 108
113 114
113 120
113 130
113 135
113 148
113 154
114 8
114 14
114 23
114 24
114 26
114 30
114 36
114 38
114 52
114 53
114 64
114 72
114 74
114 79
114 88
114 100
114 106
114 113
114 115
114 119
114 122
114 125
114 131
114 135
114 136
114 149
115 4
115 6
115 24
115 25
115 26
115 29
115 31
115 40
115 42
115 55
115 57
115 59
115 62
115 69
115 72
115 75
115 81
115 85
115 87
115 103
115 106
115 108
115 114
115 126
115 144
115 149
115 154
116 3
116 30
116 31
116 32
116 41
116 45
116 52
116 58
116 63
116 70
116 80
116 92
116 96
116 110
116 127
116 128
116 129
116 131
116 146
116 147
116 148
116 152
117 0
117 2
117 13
117 21
117 30
117 38
117 49
117 55
117 57
117 63
117 71
117 77
117 87
117 88
117 91
117 92
117 93
117 94
117 130
117 131
117 149
117 150
117 151
117 157
117 159
118 5
118 12
118 13
118 14
118 43
118 44
118 47
118 49
118 53
118 62
118 63
118 71
118 73
118 81
118 84
118 85
118 88
118 115
118 133
118 142
118 145
118 150
118 155
118 158
119 20
119 50
119 62
119 75
119 82
119 83
119 111
119 115
119 126
119 127
119 130
119 139
119 141
119 144
120 16
120 22
120 35
120 36
120 42
120 44
120 45
120 47
120 58
120 59
120 61
120 70
120 73
120 82
120 85
120 101
120 113
120 117
120 119
120 127
120 138
120 147
121 3
121 8
121 9
121 12
121 19
121 46
121 54
121 62
121 67
121 68
121 79
121 82
121 87
121 92
121 104
121 107
121 108
121 110
121 122
121 133
121 140
121 144
121 148
121 158
122 0
122 15
122 21
122 24
122 31
122 34
122 40
122 45
122 49
122 55
122 68
122 73
122 83
122 85
122 87
122 90
122 97
122 98
122 103
122 106
122 114
122 121
122 123
122 124
122 149
123 18
123 19
123 26
123 27
123 31
123 57
123 59
123 65
123 75
123 78
123 79
123 88
123 89
123 98
123 107
123 108
123 110
123 118
123 122
123 125
123 126
123 128
123 138
123 139
123 148
123 151
123 155
124 3
124 6
124 7
124 9
124 12
124 13
124 15
124 18
124 29
124 54
124 58
124 60
124 61
124 69
124 73
124 74
124 75
124 86
124 96
124 105
124 114
124 119
124 128
124 131
124 150
124 153
125 3
125 4
125 9
125 20
125 27
125 28
125 37
125 38
125 43
125 52
125 54
125 55
125 58
125 62
125 71
125 77
125 78
125 109
125 114
125 115
125 123
125 134
125 137
125 142
125 144
125 151
125 158
125 159
126 8
126 33
126 37
126 39
126 45
126 50
126 63
126 64
126 79
126 81
126 92
126 93
126 101
126 106
126 109
126 114
126 117
126 123
126 124
126 138
126 150
126 151
127 0
127 3
127 6
127 7
127 23
127 27
127 54
127 64
127 65
127 72
127 74
127 77
127 79
127 83
127 99
127 106
127 110
127 112
127 120
127 129
127 134
127 137
127 143
127 146
127 158
128 11
128 14
128 15
128 19
128 22
128 26
128 35
128 48
128 50
128 51
128 73
128 74
128 80
128 98
128 103
128 109
128 112
128 116
128 124
128 132
128 133
128 137
129 0
129 6
129 8
129 11
129 15
129 22
129 23
129 27
129 30
129 41
129 44
129 46
129 48
129 49
129 54
129 55
129 56
129 58
129 66
129 72
129 78
129 80
129 84
129 92
129 101
129 110
129 116
129 126
129 127
129 130
129 131
129 136
129 142
129 144
129 154
129 156
130 2
130 5
130 8
130 9
130 12
130 19
130 27
130 28
130 31
130 35
130 38
130 40
130 43
130 45
130 52
130 57
130 75
130 77
130 86
130 90
130 100
130 101
130 102
130 113
130 119
130 122
130 129
130 140
130 141
130 144
130 147
130 149
130 150
130 153
130 155
130 156
131 29
131 40
131 47
131 60
131 62
131 70
131 93
131 95
131 108
131 110
131 114
131 116
131 126
131 129
131 134
131 136
131 141
131 142
131 147
131 151
132 4
132 20
132 22
132 27
132 33
132 36
132 41
132 48
132 50
132 52
132 54
132 55
132 62
132 66
132 68
132 71
132 81
132 99
132 105
132 109
132 117
132 128
132 133
132 139
132 143
132 154
132 155
132 158
132 159
133 2
133 9
133 11
133 16
133 20
133 21
133 26
133 33
133 37
133 56
133 64
133 81
133 84
133 88
133 118
133 124
133 128
133 129
133 132
133 136
133 143
133 151
133 152
133 157
134 1
134 13
134 23
134 29
134 64
134 91
134 92
134 99
134 103
134 114
134 127
134 136
134 145
135 8
135 12
135 15
135 16
135 17
135 27
135 49
135 50
135 56
135 79
135 95
135 100
135 102
135 103
135 108
135 110
135 113
135 114
135 117
135 121
135 139
135 145
135 147
136 4
136 8
136 14
136 17
136 18
136 25
136 26
136 37
136 41
136 47
136 50
136 66
136 72
136 73
136 74
136 76
136 77
136 84
136 93
136 96
136 106
136 111
136 129
136 133
136 142
136 146
136 154
137 8
137 22
137 28
137 29
137 41
137 56
137 58
137 61
137 67
137 79
137 91
137 93
137 125
137 127
137 139
137 147
137 158
138 0
138 13
138 17
138 19
138 22
138 55
138 58
138 64
138 75
138 89
138 96
138 99
138 101
138 104
138 107
138 111
138 112
138 119
138 120
138 123
138 141
138 156
138 158
139 0
139 14
139 15
139 17
139 24
139 36
139 38
139 41
139 43
139 45
139 50
139 56
139 61
139 70
139 74
139 75
139 81
139 84
139 91
139 116
139 119
139 120
139 123
139 135
139 137
139 149
139 150
139 154
139 157
140 2
140 18
140 22
140 27
140 29
140 40
140 44
140 55
140 58
140 74
140 85
140 87
140 94
140 106
140 109
140 114
140 121
140 123
140 141
140 144
140 152
140 155
140 156
141 4
141 9
141 12
141 15
141 22
141 37
141 55
141 62
141 63
141 65
141 66
141 71
141 72
141 83
141 87
141 93
141 94
141 96
141 99
141 107
141 138
141 146
141 151
141 152
141 155
142 6
142 22
142 23
142 28
142 33
142 42
142 51
142 79
142 82
142 90
142 92
142 97
142 99
142 100
142 101
142 114
142 118
142 119
142 125
142 129
142 157
143 1
143 11
143 12
143 17
143 19
143 30
143 37
143 50
143 52
143 56
143 57
143 66
143 68
143 74
143 85
143 87
143 89
143 105
143 127
143 132
143 133
143 141
143 148
144 0
144 5
144 16
144 17
144 18
144 39
144 54
144 57
144 60
144 71
144 73
144 86
144 98
144 104
144 111
144 112
144 115
144 121
144 125
144 128
144 129
144 130
144 142
144 147
144 149
144 151
144 155
145 8
145 32
145 47
145 53
145 55
145 66
145 74
145 76
145 85
145 96
145 102
145 112
145 118
145 121
145 123
145 131
145 134
145 135
145 142
145 155
145 157
145 159
146 0
146 4
146 7
146 8
146 10
146 14
146 20
146 21
146 57
146 60
146 81
146 82
146 85
146 86
146 89
146 95
146 97
146 99
146 100
146 105
146 110
146 111
146 116
146 127
146 136
146 141
146 148
146 155
147 7
147 15
147 16
147 18
147 39
147 45
147 47
147 48
147 51
147 53
147 58
147 62
147 69
147 76
147 91
147 94
147 97
147 120
147 130
147 131
147 135
147 144
147 150
147 159
148 0
148 2
148 11
148 13
148 16
148 40
148 43
148 49
148 50
148 54
148 57
148 60
148 75
148 82
148 92
148 95
148 96
148 97
148 107
148 110
148 115
148 121
148 143
148 146
148 150
148 157
148 158
149 11
149 12
149 18
149 21
149 30
149 42
149 47
149 48
149 65
149 68
149 82
149 83
149 92
149 100
149 101
149 105
149 115
149 121
149 130
149 131
149 134
149 137
149 139
149 159
150 1
150 15
150 17
150 20
150 26
150 36
150 49
150 62
150 66
150 69
150 70
150 85
150 110
150 117
150 118
150 121
150 126
150 130
150 139
150 140
150 147
150 148
150 156
151 7
151 8
151 11
151 20
151 28
151 39
151 42
151 46
151 58
151 84
151 88
151 99
151 102
151 117
151 123
151 125
151 131
151 133
151 141
151 149
151 155
151 158
152 1
152 3
152 15
152 27
152 32
152 36
152 39
152 53
152 54
152 65
152 70
152 71
152 73
152 78
152 86
152 89
152 90
152 93
152 94
152 109
152 116
152 118
152 133
152 140
152 142
152 159
153 16
153 22
153 26
153 42
153 53
153 55
153 76
153 81
153 87
153 88
153 98
153 100
153 111
153 112
153 147
153 155
153 159
154 2
154 11
154 15
154 56
154 58
154 64
154 68
154 81
154 83
154 85
154 93
154 100
154 103
154 115
154 116
154 125
154 129
154 132
154 136
154 139
154 142
154 146
154 149
154 155
154 159
155 5
155 16
155 18
155 20
155 21
155 39
155 48
155 53
155 55
155 60
155 66
155 78
155 95
155 111
155 118
155 127
155 130
155 131
155 132
155 145
155 151
155 153
155 154
155 159
156 3
156 4
156 6
156 17
156 21
156 24
156 25
156 29
156 33
156 38
156 42
156 49
156 54
156 57
156 72
156 77
156 80
156 82
156 85
156 93
156 129
156 130
156 138
156 146
157 8
157 18
157 37
157 47
157 50
157 53
157 62
157 65
157 66
157 67
157 74
157 77
157 86
157 88
157 93
157 94
157 96
157 99
157 105
157 117
157 118
157 130
157 133
157 139
157 142
157 145
157 148
158 0
158 9
158 20
158 23
158 30
158 32
158 43
158 52
158 62
158 69
158 74
158 79
158 85
158 100
158 101
158 121
158 125
158 127
158 133
158 137
158 138
158 151
159 15
159 26
159 28
159 29
159 32
159 33
159 43
159 44
159 54
159 56
159 60
159 63
159 64
159 65
159 74
159 95
159 102
159 108
159 111
159 115
159 125
159 132
159 134
159 142
159 145
159 147
159 149
159 153
159 154
0 1 2 3 4 5 6 7 8 9 10 11 12 13 14 15 16 17 18 19 20 21 22 23 24 25 26 27 28 29 30 31 32 33 34 35 36 37 38 39
