80 249 6
0 9
0 12
0 13
0 26
0 31
0 43
0 62
0 71
0 74
1 38
2 48
3 42
3 47
3 60
4 12
4 31
5 11
6 59
7 29
7 35
7 38
7 40
7 43
7 46
8 41
8 45
8 46
9 5
9 17
10 12
10 16
10 25
11 5
11 65
12 0
12 4
12 26
12 46
12 65
12 72
13 0
13 73
14 30
14 35
14 67
14 71
15 1
15 18
15 61
15 67
16 26
17 9
18 33
18 35
18 49
19 9
19 52
19 62
20 49
20 66
20 75
21 24
21 37
23 39
23 70
24 0
24 21
24 30
24 59
25 10
25 52
25 63
25 71
26 12
26 16
26 41
26 48
27 34
27 37
27 76
28 74
28 78
29 5
29 7
29 42
29 56
30 20
30 24
30 40
30 58
30 61
31 0
31 4
32 71
33 18
33 36
33 54
33 56
34 5
34 27
34 39
35 7
35 18
35 20
35 52
35 64
35 79
36 11
36 63
37 18
37 21
37 26
37 27
37 40
37 64
37 71
38 1
38 7
39 23
39 28
39 58
40 7
40 30
40 37
40 73
41 66
42 3
42 15
42 45
42 69
43 0
43 7
44 46
45 8
45 25
45 39
45 42
45 46
45 63
46 7
46 8
46 12
46 30
46 44
46 56
46 60
46 64
46 66
47 3
47 6
47 11
47 22
47 49
47 62
48 2
48 26
49 18
49 20
49 47
50 65
50 74
51 1
51 26
51 60
52 19
52 25
52 35
53 13
54 20
54 24
54 33
54 70
55 54
56 33
56 46
56 77
57 10
57 71
58 30
58 39
58 51
58 59
58 60
59 6
59 24
59 36
59 58
59 73
60 51
60 58
61 15
61 30
61 62
61 79
62 0
62 19
62 47
62 72
63 25
63 36
63 45
64 35
64 46
65 4
65 11
65 12
65 50
66 41
66 46
67 14
67 15
67 72
68 2
68 24
68 73
69 42
69 64
69 65
70 53
71 14
71 25
71 32
71 37
71 57
71 74
72 12
72 15
72 44
72 62
72 67
73 13
73 40
73 59
73 68
73 79
74 0
74 28
74 30
74 71
74 79
75 73
76 4
76 23
76 27
76 70
77 39
77 56
77 68
78 28
0 1 2 3 4 5
