80 536 16
0 10
0 22
0 25
0 43
0 44
0 52
0 63
0 68
1 4
1 34
1 40
1 51
1 53
1 71
2 14
2 17
2 39
3 17
3 24
3 31
3 33
3 42
3 64
3 72
4 1
4 12
4 29
4 41
4 45
4 47
4 62
4 77
5 30
5 33
5 45
5 75
5 77
6 7
6 23
6 28
6 38
6 40
6 42
7 1
7 5
7 6
7 22
7 24
7 40
7 45
7 64
8 5
8 35
8 40
8 41
8 65
8 68
8 72
8 73
9 8
9 13
9 33
9 44
9 62
9 69
10 30
10 33
10 41
10 65
10 70
10 74
10 78
11 16
11 32
11 40
11 44
11 51
11 59
12 10
12 15
12 18
12 30
12 35
12 36
12 37
12 47
12 55
12 68
13 9
13 14
13 27
13 32
13 34
13 69
14 2
14 28
14 43
14 63
14 73
14 77
15 12
15 21
15 42
15 54
16 11
16 24
16 26
16 36
16 42
16 58
16 69
17 2
17 3
17 30
17 33
17 38
17 50
17 59
17 72
18 9
18 12
18 43
18 57
18 70
18 73
19 22
19 24
19 40
19 60
20 29
20 45
20 62
20 67
21 11
21 12
21 15
21 55
21 69
21 73
21 77
22 0
22 2
22 7
22 13
22 60
22 77
23 48
23 62
23 64
23 71
23 75
24 3
24 7
24 16
24 19
24 37
24 39
24 52
24 74
25 0
25 10
25 19
25 22
25 30
25 56
25 65
26 39
26 40
26 51
26 54
26 68
26 69
26 74
27 13
27 29
27 41
27 62
27 67
27 71
28 5
28 14
28 24
28 26
28 66
28 71
29 4
29 20
29 27
29 30
29 47
29 55
29 65
30 2
30 5
30 10
30 12
30 17
30 25
30 29
30 47
30 79
31 3
31 41
31 48
31 58
32 11
32 13
32 36
32 41
32 69
32 78
33 0
33 3
33 5
33 9
33 10
33 20
33 54
33 70
34 1
34 19
34 47
34 51
34 57
34 69
34 71
35 1
35 2
35 8
35 30
35 53
35 66
35 74
35 75
36 7
36 12
36 16
36 17
36 30
36 38
36 45
36 48
36 71
37 12
37 24
37 48
37 51
37 58
38 6
38 15
38 17
38 29
38 40
38 50
38 61
38 62
38 70
38 74
39 2
39 24
39 25
39 26
39 29
39 35
39 40
39 51
39 64
39 66
40 1
40 6
40 7
40 8
40 11
40 14
40 19
40 26
40 39
40 48
40 53
40 58
40 66
40 68
41 4
41 8
41 10
41 27
41 31
41 53
42 3
42 16
42 17
42 37
42 44
42 49
42 51
42 70
42 77
43 14
43 18
43 54
43 69
43 72
44 0
44 42
44 48
44 57
44 61
44 73
44 78
45 4
45 5
45 7
45 10
45 28
45 36
45 59
46 4
46 31
46 49
46 59
46 61
47 17
47 25
47 30
47 34
47 41
47 73
47 76
48 23
48 31
48 36
48 37
48 40
48 44
48 51
49 42
49 66
50 1
50 33
50 38
50 43
50 53
51 1
51 26
51 39
51 40
51 42
51 48
51 56
52 0
52 8
52 24
52 40
52 42
52 67
52 74
53 1
53 24
53 35
53 40
53 41
53 50
53 56
54 15
54 32
54 33
54 43
54 60
54 64
54 66
55 12
55 21
55 29
55 62
55 65
56 53
56 59
56 78
57 9
57 18
57 34
57 44
58 16
58 53
58 63
58 65
58 67
59 11
59 17
59 46
59 47
59 57
59 60
59 70
60 19
60 31
60 37
60 54
60 59
61 2
61 26
61 44
61 51
61 69
61 70
61 71
62 8
62 9
62 27
62 38
62 51
62 55
62 69
63 0
63 2
63 9
63 14
63 48
63 58
63 71
63 79
64 3
64 7
64 23
64 39
64 54
64 66
64 72
65 8
65 29
65 38
65 43
65 55
65 58
65 66
65 71
65 73
65 78
66 28
66 39
66 40
66 49
66 52
66 54
66 64
66 65
66 77
67 6
67 8
67 11
67 20
67 27
67 32
67 71
67 79
68 2
68 12
68 26
68 40
68 61
68 72
69 9
69 13
69 16
69 21
69 32
69 34
69 63
69 76
70 10
70 18
70 27
70 38
70 42
70 51
70 59
70 61
71 20
71 27
71 28
71 34
71 35
71 37
71 61
71 77
72 3
72 17
72 43
72 64
72 73
73 8
73 10
73 14
73 47
73 65
73 72
73 77
74 10
74 13
74 19
74 26
74 38
74 51
74 52
75 5
75 19
75 23
75 31
75 77
76 21
76 47
76 79
77 4
77 5
77 14
77 21
77 42
77 66
77 71
77 73
77 75
77 79
78 5
78 10
78 26
78 44
78 53
78 56
78 65
79 30
79 51
79 59
79 61
79 63
79 67
79 76
0 1 2 3 4 5 6 7 8 9 10 11 12 13 14 15
