80 256 16
0 34
0 40
0 48
0 67
0 78
1 19
1 43
1 74
2 53
2 62
3 20
3 42
4 6
4 46
4 61
5 26
6 4
6 45
6 62
7 68
7 77
8 17
8 38
8 39
9 18
9 22
9 62
9 77
10 52
10 53
10 71
11 33
11 71
12 27
13 34
13 39
13 50
13 59
13 64
14 13
14 23
14 63
15 34
15 60
15 61
16 23
16 25
17 8
17 22
17 76
18 9
18 43
18 49
19 1
19 55
20 3
20 29
20 50
21 33
22 9
22 17
22 38
22 45
22 50
22 53
22 74
23 14
23 16
23 73
24 7
24 28
24 48
24 71
26 5
26 28
26 71
27 12
27 35
27 65
27 66
27 77
28 26
28 52
29 20
29 49
29 68
29 72
30 3
30 24
31 22
31 44
31 49
31 53
31 62
32 23
32 33
32 67
33 21
33 32
33 42
33 78
34 13
34 61
34 66
34 68
34 71
35 27
36 18
36 22
37 45
37 65
38 8
38 22
38 27
39 8
39 13
39 60
39 65
39 69
40 0
40 57
40 71
41 42
41 56
41 63
41 74
42 3
42 22
42 41
42 50
43 1
43 18
43 44
43 47
43 50
44 25
44 42
44 43
45 6
45 32
45 37
45 53
45 75
46 49
46 58
47 40
47 43
47 51
47 60
48 0
48 24
48 57
49 0
49 7
49 18
49 29
49 37
49 46
49 53
49 77
50 13
50 20
51 47
51 66
51 73
52 10
52 25
52 28
52 65
53 2
53 10
53 22
53 29
53 31
53 45
53 49
53 66
53 79
54 31
55 10
55 19
55 61
56 41
56 58
57 40
57 48
57 74
58 2
58 46
58 68
59 13
60 39
61 4
61 15
61 34
61 55
62 2
62 5
62 6
62 31
62 49
62 59
63 14
63 40
63 41
63 69
64 13
64 67
65 2
65 37
65 52
66 7
66 27
66 53
67 32
67 64
68 7
68 29
68 34
68 58
69 39
69 63
70 12
70 24
71 11
71 19
71 24
71 26
71 34
71 40
71 74
72 29
72 65
73 23
73 27
73 51
74 22
74 41
74 71
75 5
75 45
76 16
76 17
76 77
76 79
77 7
77 9
77 27
77 49
77 62
77 70
78 0
78 33
79 53
79 74
79 76
0 1 2 3 4 5 6 7 8 9 10 11 12 13 14 15
