80 536 6
0 11
0 28
0 33
0 41
0 69
0 72
1 2
1 8
1 11
1 14
1 38
1 60
1 62
1 73
1 76
2 1
2 6
2 31
2 70
2 74
2 77
3 9
3 12
3 13
3 24
3 41
3 46
3 63
3 72
4 6
4 20
4 21
4 51
4 74
5 10
5 12
5 27
5 61
5 65
5 74
6 2
6 12
6 13
6 14
6 49
6 51
6 63
6 74
7 14
7 40
7 43
7 47
8 33
8 42
8 56
8 79
9 3
9 16
9 68
9 76
10 5
10 24
10 40
10 55
10 73
10 76
11 1
11 18
11 23
11 28
11 35
11 39
11 49
11 52
11 70
12 1
12 3
12 5
12 6
12 20
12 25
12 29
12 37
12 56
12 58
12 69
13 3
13 6
13 17
13 29
13 40
13 46
13 60
13 65
13 67
14 1
14 7
14 10
14 19
14 22
14 64
14 73
15 30
15 36
15 47
15 55
15 65
15 77
16 9
16 17
16 30
16 41
16 43
16 45
16 46
16 54
16 61
17 13
17 16
17 21
17 44
17 51
17 61
17 68
17 71
18 2
18 36
18 40
18 42
18 53
18 60
18 61
18 67
19 2
19 24
19 28
19 29
19 43
19 49
19 53
19 75
20 30
20 38
20 55
21 4
21 9
21 17
21 25
21 30
21 43
21 50
21 57
21 72
21 76
22 2
22 14
22 44
22 52
22 67
22 70
22 79
23 11
23 19
23 41
23 57
23 59
23 78
24 3
24 10
24 50
24 54
24 62
25 12
25 28
25 37
25 39
25 65
25 67
26 4
26 11
26 28
26 32
26 48
26 54
26 60
26 69
26 70
26 73
27 5
27 36
27 44
27 62
27 72
28 0
28 4
28 10
28 11
28 12
28 25
28 26
28 50
28 51
28 77
29 12
29 19
29 48
29 49
29 52
29 56
29 57
29 66
29 71
29 77
30 15
30 21
30 52
30 62
30 75
31 2
31 6
31 17
31 41
31 79
32 7
32 26
32 35
33 0
33 8
33 48
33 50
33 69
34 19
34 27
34 60
35 11
35 28
35 34
35 47
35 49
35 60
35 77
36 1
36 15
36 18
36 27
36 33
36 45
36 46
36 57
36 62
36 65
36 69
37 12
37 22
37 25
37 26
37 60
37 63
37 64
37 67
38 1
38 5
38 28
38 50
38 57
38 60
39 0
39 8
39 11
39 25
39 43
39 68
39 71
40 7
40 10
40 13
40 30
40 41
40 68
41 16
41 17
41 23
41 31
41 40
41 46
41 72
41 75
42 4
42 61
42 79
43 7
43 16
43 19
43 26
43 37
43 39
43 75
43 77
44 11
44 72
45 16
45 36
45 53
45 66
46 3
46 10
46 13
46 16
46 27
46 36
46 41
46 53
46 55
46 73
47 7
47 15
47 35
47 61
47 71
48 33
48 50
49 6
49 11
49 12
49 19
49 29
49 46
50 21
50 28
50 38
50 65
50 77
51 2
51 4
51 6
51 14
51 17
51 25
51 59
51 75
51 76
52 2
52 11
52 22
52 48
52 56
53 18
53 21
53 45
53 46
53 59
53 65
53 67
53 74
54 1
54 10
54 16
54 24
54 26
54 47
54 64
54 78
54 79
55 10
55 15
55 18
55 20
55 46
55 68
55 72
56 12
56 18
56 29
56 48
56 52
57 7
57 21
57 23
57 29
57 36
57 38
57 39
57 59
57 71
57 79
58 22
58 71
59 15
59 24
59 48
59 51
59 53
59 56
59 69
60 1
60 6
60 18
60 22
60 26
60 27
60 35
60 37
60 38
60 63
60 73
61 5
61 17
61 18
61 42
61 47
61 54
61 64
61 66
61 72
61 73
61 79
62 1
62 13
62 24
62 36
62 40
63 3
63 6
63 48
63 49
63 60
63 64
63 71
64 14
64 18
64 37
64 54
64 61
64 63
64 65
65 13
65 18
65 23
65 25
65 36
65 48
65 53
65 64
65 76
65 78
66 2
66 25
66 28
66 29
66 51
66 61
67 13
67 18
67 25
67 26
67 37
67 76
68 7
68 9
68 16
68 17
68 26
68 39
68 55
68 59
68 78
69 0
69 12
69 26
69 29
69 35
69 36
69 73
70 2
70 26
70 58
71 17
71 29
71 36
71 39
71 47
71 51
71 56
71 57
72 0
72 3
72 14
72 19
72 21
72 41
72 55
73 10
73 14
73 26
73 37
73 46
73 60
73 61
73 69
73 79
74 2
74 3
74 4
74 6
74 53
74 78
75 19
75 41
75 43
75 51
76 1
76 10
76 21
76 22
76 51
76 67
76 79
77 2
77 10
77 15
77 28
77 33
77 35
77 50
78 23
78 39
78 54
78 68
78 74
79 8
79 19
79 22
79 31
79 57
79 61
79 73
0 1 2 3 4 5
