80 950 8
0 2
0 18
0 22
0 37
0 40
0 41
0 42
0 45
0 54
0 77
1 9
1 21
1 24
1 25
1 26
1 30
1 47
1 63
1 73
2 4
2 5
2 7
2 15
2 26
2 30
2 39
2 40
2 45
2 56
2 59
2 62
2 78
3 17
3 31
3 39
3 41
3 45
3 46
3 49
3 52
3 58
3 59
3 74
3 78
4 2
4 7
4 10
4 13
4 51
4 57
4 65
4 79
5 2
5 14
5 19
5 21
5 23
5 33
5 36
5 45
5 51
5 73
5 79
6 9
6 19
6 21
6 25
6 31
6 33
6 35
6 40
6 41
6 43
6 45
6 55
6 58
6 71
6 73
6 74
7 2
7 4
7 12
7 16
7 17
7 19
7 22
7 38
7 42
7 43
7 44
7 49
7 74
7 75
8 1
8 10
8 16
8 27
8 42
8 46
8 54
8 62
8 65
8 66
8 78
9 1
9 6
9 10
9 11
9 18
9 30
9 54
9 57
9 64
9 67
9 68
9 69
9 73
9 75
10 4
10 8
10 9
10 12
10 22
10 24
10 40
10 47
10 48
10 54
10 61
10 67
10 68
10 71
10 77
11 9
11 13
11 14
11 18
11 19
11 23
11 27
11 38
11 40
11 57
11 69
11 71
11 79
12 1
12 7
12 10
12 16
12 23
12 37
12 42
12 54
12 69
12 70
13 4
13 5
13 6
13 17
13 22
13 30
13 42
13 50
13 60
13 69
14 10
14 11
14 17
14 27
14 47
14 52
14 61
15 2
15 17
15 18
15 23
15 25
15 32
15 39
15 42
15 50
15 52
15 59
15 63
15 66
15 68
15 70
15 75
16 8
16 20
16 23
16 28
16 38
16 42
16 46
16 50
16 56
16 57
16 69
16 70
16 76
17 3
17 7
17 10
17 13
17 14
17 15
17 21
17 26
17 32
17 35
17 47
17 61
17 68
17 74
17 78
18 0
18 12
18 15
18 22
18 25
18 47
18 50
18 52
18 56
18 73
18 76
19 7
19 11
19 17
19 23
19 25
19 29
19 35
19 46
19 48
19 52
19 63
20 16
20 24
20 29
20 41
20 53
20 54
20 62
20 77
21 1
21 5
21 6
21 13
21 23
21 35
21 42
21 47
21 53
21 56
21 57
22 0
22 10
22 13
22 16
22 18
22 47
22 49
22 50
22 75
23 5
23 6
23 7
23 12
23 15
23 16
23 19
23 36
23 39
23 43
23 46
23 51
23 52
24 1
24 10
24 15
24 20
24 28
24 53
24 55
24 59
24 63
24 74
24 75
24 78
25 6
25 15
25 18
25 19
25 21
25 28
25 35
25 36
25 41
25 48
25 53
25 60
25 61
25 66
25 69
25 71
25 73
25 74
26 1
26 2
26 9
26 17
26 22
26 27
26 32
26 38
26 40
26 48
26 51
26 60
26 72
26 73
26 74
27 8
27 11
27 14
27 19
27 22
27 37
27 40
27 41
27 43
27 50
27 53
27 61
27 75
28 24
28 36
28 38
28 40
28 44
28 49
28 59
28 64
28 70
28 75
29 18
29 19
29 20
29 22
29 30
29 34
29 38
29 50
29 62
29 68
29 71
29 75
30 0
30 1
30 5
30 9
30 13
30 29
30 40
30 43
30 47
30 50
30 78
31 3
31 6
31 35
31 41
31 48
31 59
31 60
31 67
31 75
32 25
32 26
32 36
32 39
32 41
32 43
32 51
32 56
32 58
32 65
32 68
32 70
32 74
33 5
33 6
33 10
33 11
33 27
33 32
33 38
33 44
33 51
33 61
33 64
33 73
33 76
34 1
34 6
34 14
34 41
34 44
34 45
34 48
34 58
34 63
34 68
34 69
34 74
34 78
35 6
35 10
35 15
35 16
35 17
35 19
35 21
35 29
35 38
35 43
35 46
35 50
35 53
35 57
35 59
36 23
36 25
36 28
36 30
36 42
36 46
36 49
36 54
36 62
36 71
36 73
36 74
36 76
36 79
37 1
37 5
37 12
37 14
37 15
37 27
37 45
37 49
37 50
37 56
38 7
38 11
38 26
38 27
38 28
38 29
38 33
38 43
38 66
38 74
39 2
39 3
39 19
39 23
39 27
39 33
39 44
39 50
39 55
39 74
40 0
40 2
40 6
40 10
40 11
40 26
40 28
40 29
40 30
40 45
40 47
40 64
40 65
40 69
40 77
41 0
41 1
41 3
41 8
41 18
41 25
41 27
41 31
41 32
41 34
41 54
41 59
41 60
42 0
42 7
42 12
42 13
42 21
42 22
42 28
42 29
42 49
42 57
42 64
42 68
42 77
43 3
43 17
43 23
43 27
43 38
43 55
43 59
43 64
43 65
43 74
43 79
44 7
44 28
44 33
44 34
44 39
44 56
44 66
44 68
45 2
45 3
45 5
45 6
45 10
45 15
45 34
45 37
45 40
45 43
45 44
45 48
45 53
45 56
45 76
45 78
46 4
46 7
46 8
46 9
46 15
46 19
46 23
46 35
46 55
46 63
46 66
46 71
46 78
47 1
47 17
47 18
47 19
47 21
47 30
47 40
47 50
47 53
47 71
47 73
47 78
47 79
48 1
48 21
48 25
48 26
48 41
48 42
48 47
48 58
48 61
48 74
49 5
49 7
49 22
49 36
49 39
49 42
49 46
49 50
49 68
49 69
49 77
49 78
50 9
50 13
50 15
50 16
50 22
50 27
50 29
50 37
50 39
50 45
50 47
50 49
50 55
50 63
50 66
50 78
51 4
51 5
51 26
51 27
51 33
51 44
51 65
51 73
52 1
52 3
52 5
52 14
52 18
52 19
52 22
52 23
52 36
52 56
52 75
52 78
53 6
53 20
53 21
53 24
53 25
53 27
53 35
53 41
53 42
53 45
53 69
53 79
54 0
54 2
54 8
54 10
54 27
54 36
54 41
54 48
54 63
54 69
55 6
55 13
55 36
55 37
55 38
55 39
55 43
55 46
55 72
56 5
56 15
56 16
56 18
56 21
56 28
56 31
56 37
56 44
56 47
56 67
56 76
57 4
57 9
57 11
57 34
57 36
57 38
57 42
57 62
57 63
57 65
57 71
58 1
58 3
58 6
58 22
58 48
58 62
58 66
58 73
58 75
58 76
59 7
59 10
59 15
59 24
59 28
59 29
59 31
59 37
59 41
59 50
59 60
59 62
59 69
59 72
59 75
60 13
60 31
60 59
60 61
60 63
60 67
61 10
61 14
61 17
61 25
61 27
61 28
61 33
61 48
61 54
61 57
61 60
61 65
62 2
62 16
62 26
62 29
62 36
62 43
62 46
62 55
62 57
62 59
62 60
62 70
62 71
62 78
63 1
63 19
63 24
63 33
63 45
63 46
63 53
63 60
63 73
63 75
64 2
64 9
64 29
64 40
64 42
64 69
64 71
64 74
65 4
65 8
65 18
65 37
65 40
65 43
65 57
65 64
65 68
66 8
66 15
66 25
66 34
66 38
66 44
66 46
66 50
66 58
66 65
66 70
67 9
67 10
67 13
67 39
67 53
67 55
67 56
67 58
67 60
67 70
68 6
68 9
68 11
68 12
68 17
68 27
68 29
68 32
68 34
68 42
68 44
68 49
68 65
68 70
68 77
69 0
69 9
69 10
69 12
69 13
69 16
69 24
69 25
69 28
69 34
69 40
69 47
69 49
69 54
69 59
69 63
69 65
69 73
69 76
70 2
70 15
70 24
70 28
70 32
70 62
70 67
70 68
71 3
71 6
71 10
71 11
71 23
71 29
71 36
71 37
71 39
71 47
71 50
71 57
71 59
71 62
71 70
71 79
72 4
72 11
72 26
72 49
72 55
72 56
72 65
72 70
72 75
73 1
73 5
73 14
73 18
73 25
73 26
73 33
73 58
73 67
74 3
74 6
74 7
74 10
74 17
74 26
74 32
74 34
74 36
74 38
74 39
74 43
74 46
74 47
74 57
74 63
74 65
74 78
75 2
75 7
75 14
75 15
75 21
75 22
75 24
75 27
75 28
75 48
75 50
75 52
75 59
75 63
75 73
76 18
76 33
76 36
76 44
76 45
76 56
76 58
76 69
76 79
77 0
77 4
77 20
77 40
77 42
77 49
77 68
78 2
78 3
78 8
78 11
78 17
78 24
78 27
78 30
78 34
78 45
78 46
78 50
78 62
78 65
78 74
79 3
79 4
79 5
79 16
79 21
79 24
79 35
79 36
79 40
79 47
79 49
79 53
79 76
0 1 2 3 4 5 6 7
