80 194 6
0 11
0 12
0 28
0 44
0 56
0 72
1 18
1 42
1 57
2 35
3 8
3 43
3 52
3 54
3 61
3 75
4 28
5 59
5 69
6 42
6 50
6 75
7 79
8 3
8 16
8 19
8 44
8 60
9 4
9 6
9 19
9 63
10 32
10 71
11 19
11 30
11 67
12 0
12 21
12 54
13 34
13 53
14 44
15 26
15 64
16 8
16 21
16 45
16 61
16 69
17 5
18 1
18 45
18 73
19 6
19 8
19 9
19 63
20 54
20 59
21 12
22 3
23 77
24 64
25 37
25 47
26 15
27 29
27 47
27 61
28 0
28 4
28 29
29 28
29 35
29 51
30 11
32 10
33 0
33 55
33 69
34 13
35 2
35 29
36 58
36 74
37 25
38 25
38 75
39 54
40 39
40 76
42 6
42 57
42 67
43 3
43 65
44 8
44 14
44 62
45 16
45 18
45 25
45 54
45 68
45 74
45 79
46 31
47 25
47 27
47 79
48 72
50 2
50 6
50 54
50 56
51 29
51 44
52 3
52 75
53 13
53 19
54 12
54 20
54 26
54 45
54 50
54 64
55 33
55 78
56 0
56 11
56 14
56 35
56 41
57 1
57 28
57 42
58 36
59 5
59 20
61 3
61 16
61 27
61 67
61 69
62 44
63 9
63 19
63 33
64 24
64 49
64 54
65 43
66 11
66 75
67 11
67 42
67 61
67 78
68 10
68 23
68 45
68 74
69 5
69 33
69 61
70 17
70 46
70 75
71 76
72 0
72 48
73 18
74 33
74 36
74 68
74 79
75 3
75 6
75 38
75 52
75 70
76 40
76 67
76 71
77 23
77 71
78 1
78 67
79 7
79 45
79 47
79 74
0 1 2 3 4 5
