80 236 16
0 23
0 40
0 47
0 72
0 73
1 12
1 23
1 66
1 74
1 79
2 40
2 65
3 30
3 49
4 18
5 52
6 73
7 47
7 54
7 74
8 74
9 10
10 9
10 42
10 60
10 65
11 37
11 51
11 59
12 1
12 45
12 47
12 60
12 65
12 78
13 11
13 20
14 23
14 74
14 76
14 77
15 20
16 23
16 51
16 78
16 79
17 47
18 4
18 19
18 61
18 73
19 18
19 21
19 47
19 53
20 13
20 15
20 47
20 73
21 19
21 74
22 36
23 0
23 1
23 14
23 16
23 25
23 52
23 63
24 76
25 23
25 57
26 36
26 68
27 45
27 51
28 40
28 54
29 52
30 3
30 43
30 69
31 37
32 34
32 65
33 44
33 78
34 32
34 46
34 76
35 63
35 68
35 71
36 22
36 26
36 49
36 76
37 11
37 31
37 41
38 46
39 43
39 53
39 64
40 0
40 2
40 28
41 37
41 47
41 50
41 64
42 10
42 55
42 63
43 30
43 39
44 33
44 51
45 12
45 27
46 34
46 38
46 71
46 74
47 0
47 7
47 12
47 17
47 19
47 20
47 41
48 55
48 68
48 72
49 3
49 36
50 41
50 54
51 11
51 16
51 27
51 44
52 5
52 23
52 29
52 55
52 59
53 19
53 39
53 59
53 64
53 70
53 78
54 7
54 28
54 50
55 42
55 48
55 52
55 56
56 55
57 25
57 63
58 63
59 11
59 52
59 53
60 10
60 12
60 68
61 18
61 70
61 79
62 75
63 23
63 35
63 42
63 57
63 58
64 39
64 41
64 53
65 2
65 10
65 12
65 32
65 66
65 77
66 1
66 65
67 75
67 78
68 26
68 31
68 35
68 48
68 60
69 30
69 77
69 79
70 53
70 61
71 35
71 46
72 0
72 48
73 0
73 6
73 18
73 20
74 1
74 7
74 8
74 14
74 21
74 46
75 62
75 63
75 67
76 14
76 24
76 34
76 36
77 14
77 25
77 65
77 69
78 12
78 16
78 33
78 53
78 67
79 1
79 16
79 61
79 69
0 1 2 3 4 5 6 7 8 9 10 11 12 13 14 15
