80 536 6
0 1
0 13
0 14
0 48
0 56
0 60
0 61
0 71
0 73
0 77
1 22
1 63
1 64
1 65
1 70
1 79
2 16
2 53
2 55
2 68
2 77
3 2
3 5
3 8
3 17
3 24
3 29
3 42
3 44
3 52
3 75
3 78
4 33
4 38
4 58
4 59
4 62
5 3
5 6
5 14
5 16
5 47
5 49
5 59
5 69
6 5
6 10
6 18
6 40
6 43
6 76
7 9
7 11
7 56
7 77
8 3
8 4
8 10
8 29
8 32
8 61
8 68
9 7
9 29
9 41
10 2
10 6
10 23
10 26
10 39
10 49
10 58
11 1
11 4
11 7
11 24
11 29
11 55
11 75
12 6
12 17
12 46
12 60
12 61
13 0
13 23
13 24
13 38
13 49
13 50
13 51
13 67
13 69
13 73
13 78
14 0
14 2
14 10
14 21
14 22
14 29
14 31
14 55
14 71
14 79
15 14
15 16
15 32
15 49
16 2
16 15
16 22
16 28
16 32
16 39
16 49
16 55
16 63
16 72
16 74
17 3
17 12
17 27
17 64
17 75
17 77
18 6
18 31
18 42
18 45
18 70
19 24
19 30
19 38
19 76
19 79
20 30
20 41
20 42
20 49
20 79
21 14
21 30
21 35
21 49
21 78
22 1
22 14
22 52
22 58
22 60
22 64
22 77
23 10
23 13
23 26
23 54
23 60
23 65
23 74
24 11
24 13
24 20
24 28
24 64
24 72
25 39
25 40
25 77
25 78
26 0
26 10
26 13
26 23
26 36
26 54
26 59
27 20
27 71
27 74
28 7
28 16
28 24
28 51
28 54
28 60
29 3
29 8
29 9
29 11
29 47
29 55
29 56
29 64
29 68
29 70
30 2
30 20
30 21
30 23
30 65
30 68
30 71
31 9
31 14
31 18
31 34
31 41
31 72
31 75
32 4
32 8
32 15
32 16
32 44
32 54
32 61
32 69
33 4
33 32
33 42
33 47
33 49
33 51
33 55
33 67
33 69
33 75
34 26
34 31
34 67
34 73
35 7
35 17
35 41
35 52
35 54
35 60
35 64
35 75
36 26
36 53
36 58
36 73
37 1
37 39
37 53
37 54
37 69
37 77
38 4
38 13
38 19
38 30
38 49
38 61
38 77
39 10
39 20
39 25
39 37
39 54
39 62
39 63
39 64
39 79
40 6
40 19
40 25
40 45
40 56
40 75
41 9
41 32
41 35
41 57
41 79
42 3
42 18
42 33
42 36
42 79
43 6
43 10
43 58
43 60
43 73
44 3
44 14
44 32
44 36
44 37
44 56
44 59
44 60
44 65
44 66
44 67
45 3
45 8
45 18
45 29
45 40
45 65
45 69
46 21
46 69
47 5
47 29
47 68
48 6
48 53
48 71
48 78
49 2
49 5
49 15
49 16
49 20
49 21
49 33
49 38
49 39
49 51
50 13
50 20
50 67
50 76
50 78
51 13
51 24
51 28
51 33
52 2
52 35
52 41
52 51
52 59
52 68
52 79
53 2
53 37
53 48
53 58
53 79
54 23
54 28
54 37
54 39
54 43
54 59
54 60
54 79
55 2
55 11
55 14
55 16
55 28
55 29
55 32
55 33
55 35
55 59
55 62
55 63
55 74
56 0
56 7
56 21
56 24
56 29
56 40
56 44
57 29
57 41
57 67
57 73
58 4
58 10
58 22
58 36
58 50
58 53
58 64
59 4
59 26
59 44
59 52
59 55
60 0
60 19
60 23
60 28
60 35
60 43
60 54
60 63
61 0
61 8
61 12
61 32
61 38
61 54
61 63
61 74
61 75
62 4
62 31
62 33
62 49
63 1
63 12
63 16
63 29
63 39
63 55
64 1
64 17
64 22
64 39
64 57
64 58
64 68
64 69
64 71
64 75
65 11
65 23
65 30
65 44
65 45
65 49
65 70
65 74
65 75
66 14
66 17
66 42
66 48
66 49
66 57
66 68
66 75
67 5
67 23
67 33
67 58
67 68
67 71
68 2
68 29
68 30
68 39
68 47
68 52
68 64
68 66
69 5
69 13
69 27
69 37
69 46
69 64
69 74
70 1
70 15
70 18
70 29
70 49
70 65
70 71
70 74
71 7
71 14
71 27
71 29
71 30
71 31
71 33
71 48
71 67
71 70
72 9
72 16
72 74
73 0
73 13
73 43
73 57
74 0
74 8
74 16
74 17
74 27
74 55
74 60
74 61
74 65
74 69
74 70
74 72
74 79
75 4
75 11
75 30
75 40
75 61
75 64
76 6
76 19
76 45
76 50
77 0
77 2
77 17
77 25
77 37
77 38
78 3
78 10
78 38
78 48
78 49
78 50
78 51
79 1
79 14
79 19
79 20
79 24
79 39
79 41
79 42
79 52
79 53
79 54
0 1 2 3 4 5
