80 536 8
0 5
0 7
0 15
0 29
0 36
0 39
0 44
0 49
0 57
1 2
1 22
1 66
2 1
2 14
2 23
2 35
2 52
3 10
3 68
4 19
4 21
4 24
4 44
4 57
5 28
5 57
5 63
6 18
6 28
6 69
6 72
7 0
7 3
7 10
7 35
7 47
7 48
7 51
7 52
7 68
7 70
7 71
7 75
8 19
8 42
8 57
8 64
8 70
8 78
8 79
9 26
9 31
9 36
9 74
9 77
10 1
10 3
10 7
10 21
10 25
10 31
10 34
10 39
10 59
11 15
11 55
11 57
11 58
11 67
12 15
12 26
12 35
12 39
12 49
12 50
12 57
12 58
12 60
12 68
12 70
13 16
13 23
13 26
13 78
14 2
14 18
14 20
14 30
14 40
15 0
15 7
15 9
15 11
15 12
15 31
15 34
15 63
15 67
15 77
16 13
16 57
16 70
16 72
16 74
17 20
17 35
17 53
17 55
17 59
18 6
18 7
18 54
18 55
18 76
19 4
19 8
19 24
19 26
19 39
19 57
20 14
20 17
20 32
20 35
20 40
20 50
20 52
20 62
20 63
21 4
21 17
21 22
21 23
21 71
21 74
22 1
22 43
23 12
23 21
23 32
23 35
23 46
23 53
23 54
23 68
24 4
24 19
24 38
24 45
24 58
25 10
25 20
25 44
25 54
25 58
25 72
26 0
26 9
26 12
26 13
26 19
26 30
26 47
26 52
26 53
26 58
26 59
27 24
27 41
27 54
27 71
27 79
28 5
28 6
28 7
28 11
28 36
29 27
29 34
29 46
29 48
29 54
29 71
29 73
29 79
30 14
30 26
30 36
30 44
30 49
30 54
30 58
30 75
31 9
31 10
31 11
31 15
31 34
31 40
32 10
32 35
32 44
32 50
33 3
33 26
33 44
33 57
33 76
34 6
34 10
34 15
34 31
34 45
35 2
35 7
35 12
35 20
35 32
35 36
35 42
35 62
35 67
35 79
36 0
36 9
36 27
36 28
36 30
36 35
36 45
36 52
36 61
36 66
37 9
37 38
37 47
37 61
37 71
37 75
38 24
38 37
38 43
38 47
38 53
39 0
39 12
39 29
39 41
39 61
39 62
40 20
40 31
40 57
40 65
40 67
40 74
41 33
41 39
41 70
41 71
41 76
42 24
42 30
42 43
42 50
42 59
42 70
43 22
43 38
43 42
43 44
43 47
43 56
43 57
44 0
44 4
44 25
44 30
44 31
44 32
44 33
44 43
44 52
44 63
44 70
44 74
45 12
45 66
45 76
46 21
46 23
46 29
46 59
46 71
46 77
46 78
47 7
47 26
47 30
47 38
47 48
47 67
47 68
48 7
48 31
48 45
48 47
48 53
48 69
48 76
49 10
49 12
49 30
49 44
49 58
49 64
49 73
49 77
49 78
50 12
50 20
50 32
50 42
50 46
50 58
50 71
50 75
51 7
51 37
52 2
52 7
52 20
52 23
52 26
52 36
52 44
52 50
52 79
53 17
53 19
53 23
53 26
53 48
53 54
53 64
53 71
53 79
54 18
54 23
54 26
54 29
54 30
54 52
54 53
54 55
54 60
54 62
54 77
55 11
55 16
55 17
55 18
55 54
55 64
55 74
56 8
56 38
56 43
56 51
56 52
56 76
56 79
57 0
57 4
57 8
57 11
57 16
57 19
57 34
57 43
57 58
57 77
58 3
58 11
58 14
58 25
58 30
58 35
58 49
58 50
58 57
58 69
58 73
59 7
59 10
59 22
59 26
59 42
59 46
59 58
59 66
60 1
60 12
60 27
60 54
60 68
61 9
61 21
61 33
61 36
62 11
62 20
62 35
62 54
62 66
62 73
63 3
63 5
63 44
63 65
64 8
64 53
64 55
64 58
64 66
64 72
65 30
65 40
65 51
65 52
65 63
65 75
65 79
66 0
66 1
66 12
66 36
66 39
66 45
66 46
66 53
66 55
66 59
66 64
66 67
66 69
66 72
66 73
67 8
67 15
67 19
67 47
67 66
67 70
67 74
68 3
68 7
68 12
68 41
68 53
69 2
69 39
69 49
69 66
70 8
70 12
70 16
70 29
70 41
70 42
70 44
70 72
70 75
71 21
71 27
71 29
71 30
71 41
71 50
71 53
71 76
72 16
72 64
72 70
72 75
72 78
73 15
73 29
73 33
73 49
73 58
73 62
73 66
73 74
74 9
74 16
74 21
74 40
74 44
74 55
75 7
75 36
75 42
75 70
75 72
76 9
76 18
76 41
76 42
76 45
76 51
76 56
76 60
76 71
77 12
77 15
77 46
77 49
77 57
78 8
78 13
78 21
78 46
78 49
78 72
79 2
79 8
79 10
79 21
79 27
79 29
79 34
79 35
79 53
79 59
79 65
0 1 2 3 4 5 6 7
