80 249 8
0 2
0 14
0 27
0 43
0 50
0 52
1 7
1 19
1 48
1 56
2 13
3 15
3 42
3 66
3 76
4 6
5 9
6 4
6 58
6 60
7 1
7 28
7 29
7 49
8 6
8 11
8 25
8 33
8 34
8 37
9 5
9 27
10 12
10 35
10 42
11 4
11 8
12 28
13 2
13 14
13 26
13 41
13 71
14 0
14 13
14 28
14 36
14 38
14 63
15 3
15 4
15 36
16 14
16 23
17 24
17 42
17 49
17 75
18 31
19 26
19 36
19 56
20 70
20 77
21 6
22 40
22 50
22 61
23 17
23 41
24 17
24 31
25 8
25 62
26 12
26 13
26 19
27 0
27 9
27 40
27 74
28 7
28 12
28 14
28 42
28 48
28 72
29 7
29 70
30 73
31 18
31 33
31 51
32 20
32 40
32 47
32 52
32 62
33 31
33 60
33 67
33 78
34 8
34 11
35 46
35 48
35 65
36 15
36 19
36 60
36 75
37 5
37 8
37 40
37 44
37 45
37 75
38 68
39 46
39 79
40 27
40 32
40 37
40 75
41 13
41 23
41 35
41 60
41 65
42 0
42 3
42 10
42 17
42 28
42 46
42 69
43 56
44 27
44 37
44 50
44 59
44 70
45 47
45 77
46 17
46 35
46 42
46 67
47 32
47 58
47 64
47 72
48 1
48 28
48 50
49 7
49 9
49 17
49 74
50 0
50 22
50 66
50 76
51 1
51 31
51 73
51 74
52 0
52 68
53 75
54 31
54 61
55 10
55 56
56 1
56 19
56 43
56 66
57 2
57 50
58 6
58 47
58 50
59 44
59 67
60 6
60 18
60 26
60 33
60 36
60 41
60 63
61 22
61 33
62 25
63 4
63 14
63 37
63 58
63 60
64 47
64 77
65 35
65 41
66 56
67 33
67 46
67 58
67 59
68 30
68 38
68 48
68 52
68 63
69 24
69 40
69 42
69 63
70 19
70 20
70 29
70 44
71 13
71 28
72 47
73 27
73 30
73 51
73 67
74 27
74 43
74 49
74 51
75 17
75 20
75 37
75 40
75 53
75 77
76 3
76 50
76 79
77 45
77 64
78 1
78 22
78 33
79 39
79 40
0 1 2 3 4 5 6 7
