80 187 6
0 9
0 14
0 58
1 58
2 13
2 35
2 41
2 53
2 59
3 69
4 40
4 52
4 74
5 6
5 23
5 45
6 4
7 23
8 73
9 71
9 73
10 70
10 74
11 8
11 58
11 66
11 75
12 6
12 42
12 54
12 56
13 2
13 22
13 23
13 28
14 0
14 78
15 14
15 20
15 22
15 77
16 27
16 70
17 13
17 43
18 58
18 67
19 30
19 44
20 15
21 73
22 15
22 29
23 5
23 7
24 69
25 28
25 48
26 46
27 7
27 16
27 40
27 49
28 13
28 25
28 61
29 14
29 22
29 38
29 43
29 46
29 69
30 19
31 47
31 62
32 28
32 60
33 32
33 69
34 73
35 2
36 26
37 44
38 47
38 74
39 41
40 4
40 27
40 30
40 47
40 54
40 64
41 2
41 13
41 39
41 40
42 12
42 51
43 16
43 66
44 34
44 37
44 71
45 5
46 26
46 29
46 68
46 71
47 4
47 31
47 38
47 40
48 25
48 60
49 27
50 65
51 42
51 71
51 77
51 79
52 4
52 53
52 78
53 33
53 52
54 12
54 40
55 1
55 75
56 12
56 79
57 68
58 0
58 6
58 11
58 41
59 2
60 32
60 48
61 28
63 5
63 24
64 40
64 67
65 27
65 38
65 50
66 11
66 43
67 2
67 8
67 18
67 64
68 79
69 3
69 24
69 29
69 33
69 73
70 10
70 16
70 28
70 34
71 9
71 46
71 47
71 51
72 19
73 8
73 9
73 21
73 34
74 4
74 10
74 75
75 55
75 74
75 79
76 50
76 74
77 15
77 60
78 14
79 51
79 56
79 68
79 75
0 1 2 3 4 5
