80 270 16
0 2
0 22
0 42
1 9
1 12
1 73
2 30
2 54
2 62
2 78
3 41
3 78
4 46
4 65
4 72
4 77
5 13
5 36
5 45
6 33
6 53
6 58
7 12
7 16
7 17
7 23
7 74
8 10
8 65
9 1
9 50
9 75
10 4
10 33
10 35
10 47
10 48
10 69
10 77
11 13
11 23
11 38
12 7
12 16
12 68
12 70
13 5
13 11
13 21
13 55
13 67
14 5
14 47
15 25
15 35
15 46
15 63
15 66
15 68
16 7
16 12
16 22
16 38
16 50
17 7
17 21
17 43
18 15
18 22
18 25
18 47
18 73
18 76
19 35
20 24
21 6
21 17
21 57
21 79
22 0
22 10
22 16
22 42
23 5
23 7
23 11
23 19
23 46
23 52
24 20
24 63
24 75
25 15
25 18
25 32
25 41
25 48
25 71
25 73
25 74
26 17
26 62
26 73
27 26
27 50
27 53
27 54
28 36
28 44
28 59
28 75
29 34
29 40
30 2
30 36
30 78
31 3
31 35
31 41
31 67
32 25
32 41
32 43
32 68
32 70
33 6
34 29
34 45
34 68
34 74
35 15
35 19
35 43
36 5
36 25
36 28
36 30
36 32
36 54
36 55
37 49
37 50
37 71
38 11
38 16
38 66
39 19
39 44
39 71
40 29
40 65
41 3
41 6
41 25
41 31
41 32
41 54
42 0
42 15
42 22
42 77
43 32
43 35
44 28
45 5
45 34
45 78
46 3
46 4
46 15
46 63
47 10
47 14
47 18
47 22
47 53
47 69
48 10
48 25
49 37
49 69
50 9
50 16
50 27
50 37
50 75
51 73
52 18
52 23
53 6
53 27
53 47
53 67
53 69
54 2
54 20
54 27
54 36
54 41
55 13
55 24
55 36
56 16
56 72
57 16
57 21
57 34
57 65
58 6
59 71
60 31
61 10
62 2
62 20
62 26
62 70
63 15
63 24
63 46
63 54
64 29
65 4
65 8
65 40
65 57
65 64
66 15
66 38
67 10
67 13
67 31
67 53
67 58
68 12
68 15
68 32
68 70
69 10
69 47
69 49
69 53
70 12
70 32
70 62
70 71
71 25
71 37
71 39
71 59
71 70
72 56
73 1
73 18
73 25
73 26
74 7
74 25
74 34
75 9
75 24
75 28
75 50
77 4
77 10
78 2
78 3
78 30
78 45
79 21
79 40
0 1 2 3 4 5 6 7 8 9 10 11 12 13 14 15
