80 950 16
0 3
0 10
0 16
0 20
0 31
0 33
0 39
0 44
0 48
0 56
0 66
1 10
1 11
1 19
1 22
1 24
1 36
1 69
1 73
1 75
1 76
2 7
2 22
2 29
2 38
2 45
2 50
2 53
2 56
2 60
2 61
2 76
3 7
3 10
3 11
3 16
3 20
3 28
3 31
3 36
3 37
3 39
3 42
3 51
3 71
3 72
3 77
4 26
4 27
4 40
4 49
4 56
4 62
4 74
4 77
5 12
5 14
5 25
5 40
5 51
5 55
5 67
5 79
6 19
6 23
6 36
6 48
6 59
6 61
6 66
6 68
6 69
7 2
7 3
7 8
7 10
7 15
7 17
7 23
7 24
7 33
7 34
7 43
7 50
7 65
7 71
8 7
8 10
8 12
8 22
8 28
8 29
8 43
8 47
8 51
8 62
8 64
8 68
8 69
8 78
8 79
9 26
9 38
9 45
9 56
9 69
10 0
10 1
10 3
10 7
10 22
10 29
10 35
10 37
10 47
10 49
10 60
10 62
10 63
10 69
10 71
11 1
11 3
11 16
11 22
11 26
11 30
11 39
11 48
11 51
11 55
11 66
11 70
11 74
11 75
11 78
12 5
12 8
12 17
12 19
12 26
12 28
12 42
12 54
12 55
12 68
12 69
12 77
13 4
13 21
13 25
13 37
13 50
13 52
13 62
13 76
14 7
14 16
14 21
14 22
14 33
14 49
14 53
14 54
14 61
14 64
14 67
15 7
15 20
15 28
15 30
15 37
15 38
15 47
15 49
15 59
15 62
15 72
15 73
16 0
16 3
16 11
16 14
16 18
16 19
16 25
16 29
16 38
16 41
16 47
16 63
16 68
16 69
16 72
17 8
17 11
17 25
17 35
17 65
17 67
17 72
18 16
18 19
18 20
18 24
18 37
18 49
18 51
18 57
18 61
18 74
18 75
18 76
19 0
19 3
19 5
19 6
19 12
19 34
19 37
19 39
19 53
19 69
19 70
19 71
19 76
20 3
20 15
20 18
20 25
20 27
20 33
20 41
20 42
20 50
20 53
20 55
20 56
20 69
20 78
21 6
21 10
21 13
21 14
21 30
21 32
21 38
21 53
21 54
21 55
21 72
21 73
22 1
22 2
22 8
22 14
22 28
22 44
22 52
22 54
22 60
22 63
22 68
22 76
22 78
23 6
23 7
23 12
23 24
23 26
23 43
23 49
23 50
23 53
23 61
23 72
23 76
24 1
24 7
24 8
24 14
24 36
24 38
24 41
24 42
24 46
24 61
24 67
25 5
25 13
25 16
25 17
25 20
25 28
25 37
25 38
25 50
25 59
25 71
25 73
25 76
25 77
26 4
26 9
26 12
26 19
26 23
26 36
26 38
26 41
26 52
26 65
26 70
26 71
26 73
27 1
27 4
27 20
27 33
27 51
27 58
27 69
27 71
27 75
27 78
28 1
28 8
28 12
28 15
28 20
28 45
28 53
28 57
28 61
28 75
28 79
29 2
29 5
29 8
29 10
29 16
29 60
29 62
29 69
29 71
29 74
29 75
30 1
30 11
30 15
30 32
30 53
30 57
30 59
30 62
30 76
31 0
31 11
31 30
31 36
31 46
31 58
31 64
31 74
31 75
31 77
32 21
32 22
32 30
32 36
32 44
32 46
32 48
32 57
32 64
32 70
32 74
32 75
32 76
32 78
33 0
33 14
33 20
33 27
33 30
33 37
33 38
33 42
33 49
33 51
33 56
33 65
33 70
33 77
34 7
34 19
34 22
34 23
34 29
34 39
34 46
34 55
34 56
34 58
35 10
35 44
35 57
35 70
35 79
36 1
36 3
36 6
36 15
36 24
36 26
36 31
36 42
36 44
36 46
36 50
36 54
36 60
36 61
36 67
36 70
36 78
37 3
37 10
37 15
37 18
37 24
37 25
37 38
37 53
37 69
37 77
38 9
38 16
38 17
38 22
38 25
38 26
38 36
38 63
38 75
38 76
38 78
39 0
39 11
39 19
39 24
39 37
39 50
39 60
39 68
39 72
40 3
40 4
40 5
40 16
40 20
40 22
40 43
40 49
40 57
41 14
41 16
41 18
41 22
41 26
41 42
41 52
41 63
41 69
41 79
42 1
42 3
42 12
42 20
42 24
42 28
42 33
42 36
42 41
42 43
42 53
42 55
42 56
42 58
42 62
42 67
42 68
43 5
43 7
43 8
43 22
43 23
43 32
43 42
43 44
43 45
43 49
43 63
43 72
43 74
44 15
44 21
44 32
44 35
44 36
44 43
44 45
44 47
44 66
44 69
44 77
45 2
45 4
45 9
45 15
45 27
45 28
45 38
45 43
45 44
45 51
45 59
45 61
45 71
45 76
46 24
46 32
46 34
46 36
46 42
46 57
46 62
47 8
47 10
47 12
47 27
47 42
47 44
47 55
47 58
47 63
47 65
48 0
48 1
48 4
48 5
48 6
48 11
48 28
48 41
48 50
48 59
48 64
48 65
48 79
49 0
49 4
49 10
49 13
49 14
49 18
49 23
49 33
49 40
49 58
49 61
49 71
49 72
50 2
50 13
50 20
50 25
50 36
50 39
50 40
50 48
50 59
50 61
50 75
51 3
51 5
51 8
51 18
51 30
51 33
51 41
51 45
51 53
51 55
51 61
51 67
51 68
52 4
52 15
52 22
52 26
52 41
52 53
52 57
52 74
53 2
53 11
53 14
53 19
53 20
53 21
53 23
53 28
53 30
53 42
53 51
53 52
53 57
53 58
54 14
54 21
54 22
54 48
54 49
54 55
54 59
54 60
54 64
54 65
54 71
55 1
55 2
55 5
55 7
55 11
55 12
55 15
55 20
55 21
55 30
55 34
55 42
55 47
55 54
55 57
55 63
56 0
56 19
56 33
56 34
56 42
56 64
56 66
56 73
56 79
57 6
57 8
57 18
57 22
57 28
57 30
57 40
57 46
57 62
57 65
57 76
57 77
57 79
58 27
58 30
58 31
58 34
58 40
58 42
58 43
58 46
58 49
58 53
59 3
59 6
59 14
59 15
59 22
59 30
59 45
59 48
59 51
59 56
59 57
59 67
59 68
59 73
60 0
60 14
60 16
60 22
60 29
60 35
60 39
60 47
60 62
60 64
60 72
60 73
60 77
61 2
61 6
61 11
61 18
61 23
61 24
61 28
61 29
61 32
61 36
61 50
61 51
61 58
61 78
62 13
62 30
62 33
62 42
62 49
62 57
62 64
62 69
62 76
63 2
63 10
63 21
63 22
63 23
63 29
63 38
63 40
63 41
63 43
63 47
63 55
63 57
63 70
64 8
64 12
64 14
64 44
64 45
64 48
64 60
64 62
64 65
64 66
64 68
64 70
65 2
65 7
65 10
65 12
65 17
65 33
65 47
65 54
65 57
65 66
65 73
66 0
66 2
66 15
66 40
66 43
66 44
66 49
66 56
66 64
67 5
67 14
67 24
67 26
67 42
67 45
67 50
67 51
67 52
67 56
67 69
67 75
68 8
68 9
68 10
68 22
68 39
68 42
68 51
68 59
68 64
68 69
68 72
69 1
69 6
69 9
69 10
69 13
69 19
69 20
69 27
69 28
69 29
69 41
69 48
69 62
70 19
70 26
70 33
70 36
70 38
70 41
70 53
70 63
70 64
70 65
70 68
71 3
71 5
71 7
71 10
71 19
71 23
71 25
71 26
71 27
71 29
71 45
71 49
71 59
71 77
71 78
72 3
72 15
72 16
72 21
72 39
72 42
72 43
72 44
72 53
72 54
72 56
72 60
72 64
72 68
72 69
72 79
73 0
73 1
73 6
73 21
73 26
73 27
73 42
73 56
73 59
73 60
73 65
73 72
73 74
73 75
74 4
74 10
74 11
74 12
74 14
74 18
74 29
74 31
74 32
74 38
74 43
74 47
74 51
74 62
74 69
74 73
74 75
75 1
75 17
75 18
75 27
75 28
75 38
75 46
75 50
75 66
75 68
75 74
75 76
75 78
76 1
76 2
76 13
76 14
76 18
76 19
76 22
76 23
76 27
76 38
76 45
76 52
76 54
76 62
76 74
76 77
77 3
77 4
77 9
77 12
77 17
77 18
77 25
77 31
77 33
77 37
77 57
77 60
77 68
77 76
78 8
78 10
78 11
78 22
78 27
78 33
78 71
78 79
79 4
79 8
79 19
79 26
79 30
79 41
79 42
79 48
79 49
79 56
79 57
79 60
79 72
79 74
79 75
79 78
0 1 2 3 4 5 6 7 8 9 10 11 12 13 14 15
