80 237 8
0 11
0 28
0 33
0 39
0 69
0 72
1 54
1 73
1 76
2 19
2 22
2 31
2 52
2 74
2 77
3 24
3 41
3 63
4 26
4 74
5 27
5 74
6 12
6 13
6 14
7 43
8 39
9 21
10 28
10 40
10 54
10 77
11 0
11 26
11 39
12 6
12 20
12 28
12 49
12 58
13 6
13 17
13 65
14 6
14 19
14 22
14 51
14 72
15 65
16 45
16 46
17 13
17 31
17 44
18 36
18 42
18 53
18 64
19 2
19 14
19 23
19 24
19 34
19 72
19 75
19 79
20 12
21 9
21 25
21 53
21 72
22 2
22 14
22 37
22 60
22 70
23 19
23 41
23 65
24 3
24 19
24 50
25 21
25 28
25 37
25 67
26 4
26 11
26 28
26 32
26 70
27 5
27 46
27 62
28 0
28 10
28 12
28 25
28 26
28 38
29 49
29 56
30 21
30 62
30 75
31 2
31 17
31 41
31 79
32 26
33 0
33 36
33 77
34 19
35 47
35 69
36 18
36 33
36 45
36 46
36 62
37 22
37 25
37 63
37 64
37 73
38 28
39 0
39 8
39 11
39 43
39 57
39 71
40 10
41 3
41 23
41 31
42 18
42 79
43 7
43 39
44 17
45 16
45 36
46 16
46 27
46 36
47 35
47 54
47 61
47 71
48 50
48 56
49 12
49 29
50 24
50 48
51 14
51 66
52 2
52 56
53 18
53 21
53 59
54 1
54 10
54 47
54 61
54 78
55 68
55 72
56 29
56 48
56 52
56 59
56 71
57 39
58 12
58 71
59 53
59 56
59 68
60 22
61 47
61 54
61 64
61 66
62 27
62 30
62 36
63 3
63 37
64 18
64 37
64 61
65 13
65 15
65 23
65 76
65 78
66 25
66 51
66 61
67 25
68 55
68 59
69 0
69 35
70 22
70 26
71 39
71 47
71 56
71 57
71 58
72 0
72 14
72 19
72 21
72 55
73 1
73 37
74 2
74 4
74 5
75 19
75 30
76 1
76 65
77 2
77 10
77 33
78 54
78 65
79 19
79 31
79 42
0 1 2 3 4 5 6 7
