80 950 8
0 2
0 10
0 13
0 20
0 21
0 22
0 30
0 38
0 41
0 46
0 54
0 62
0 68
0 69
0 75
0 77
1 28
1 47
1 51
1 59
1 69
1 79
2 7
2 10
2 13
2 14
2 18
2 20
2 24
2 25
2 26
2 63
2 66
2 67
2 69
2 72
2 75
3 19
3 32
3 57
3 59
3 62
3 65
3 73
3 77
4 5
4 9
4 11
4 17
4 27
4 36
4 48
4 51
4 58
4 63
5 4
5 17
5 18
5 30
5 37
5 49
5 50
5 54
5 66
5 67
5 71
6 1
6 17
6 18
6 36
6 49
6 50
6 56
6 62
6 67
6 71
6 76
7 2
7 12
7 26
7 27
7 31
7 34
7 41
7 56
7 61
7 64
7 67
7 73
8 12
8 23
8 24
8 31
8 40
8 49
8 66
8 68
8 69
8 79
9 4
9 33
9 42
9 50
9 56
9 67
9 68
9 73
10 0
10 2
10 4
10 16
10 18
10 27
10 36
10 45
10 47
10 56
10 70
10 74
11 4
11 10
11 30
11 32
11 44
11 52
11 56
11 73
12 8
12 24
12 25
12 36
12 59
13 0
13 21
13 23
13 36
13 46
13 47
13 55
13 69
14 2
14 16
14 20
14 21
14 37
14 44
14 61
14 63
14 69
14 71
14 73
14 77
15 8
15 23
15 30
15 33
15 38
15 40
15 47
15 57
15 64
15 71
15 72
15 73
16 0
16 14
16 20
16 23
16 26
16 43
16 51
16 56
16 71
16 77
17 4
17 5
17 6
17 15
17 16
17 24
17 28
17 48
17 51
17 54
17 56
17 63
17 66
17 76
18 2
18 6
18 10
18 16
18 22
18 25
18 38
18 39
18 42
18 46
18 47
18 49
18 50
18 52
18 58
18 66
18 79
19 24
19 26
19 31
19 36
19 40
19 45
19 47
19 48
19 53
19 59
19 63
19 79
20 2
20 5
20 14
20 17
20 27
20 29
20 36
20 38
20 40
20 41
20 42
20 47
20 49
20 56
20 77
21 0
21 2
21 14
21 19
21 25
21 32
21 40
21 43
21 44
21 62
21 68
21 78
22 0
22 1
22 17
22 18
22 19
22 29
22 30
22 51
22 54
22 55
22 65
22 69
22 70
23 8
23 15
23 16
23 52
23 53
23 55
23 66
23 68
23 70
23 71
23 73
24 1
24 8
24 12
24 23
24 29
24 31
24 37
24 43
24 44
24 46
24 55
24 70
25 6
25 12
25 18
25 21
25 30
25 38
25 40
25 48
25 54
25 55
25 57
25 62
25 66
25 69
26 2
26 7
26 16
26 19
26 29
26 36
26 41
26 44
26 47
26 53
26 54
26 59
26 60
26 65
26 69
26 71
27 4
27 7
27 10
27 34
27 39
27 48
27 57
27 67
27 69
27 70
27 71
28 1
28 37
28 50
28 64
28 67
28 70
29 11
29 20
29 22
29 26
29 28
29 32
29 44
29 47
29 53
29 67
29 77
30 0
30 1
30 2
30 5
30 11
30 25
30 31
30 32
30 43
30 50
30 53
30 58
30 66
30 67
30 69
30 76
30 77
30 79
31 8
31 24
31 30
31 43
31 47
31 49
31 51
31 58
31 65
31 70
31 76
31 79
32 1
32 4
32 11
32 14
32 16
32 21
32 29
32 30
32 43
32 46
32 54
32 61
32 67
32 75
32 78
32 79
33 4
33 5
33 9
33 15
33 40
33 43
33 45
33 50
33 54
33 75
33 78
34 7
34 24
34 27
34 47
34 52
34 54
34 55
34 61
34 70
35 2
35 11
35 18
35 37
35 45
35 48
35 50
35 52
35 55
35 69
35 73
36 4
36 6
36 10
36 13
36 17
36 19
36 20
36 26
36 34
36 39
36 40
36 41
36 64
37 5
37 15
37 19
37 20
37 24
37 28
37 45
37 50
37 58
37 66
38 11
38 15
38 18
38 20
38 25
38 41
38 50
38 68
38 72
39 16
39 23
39 25
39 27
39 44
39 46
39 59
39 63
39 73
39 74
39 75
40 4
40 8
40 15
40 19
40 20
40 21
40 23
40 28
40 33
40 36
40 43
40 62
40 75
40 79
41 0
41 7
41 18
41 20
41 23
41 25
41 32
41 38
41 50
41 56
41 74
42 9
42 17
42 20
42 22
42 35
42 38
42 46
42 52
42 55
42 59
42 72
42 73
42 74
43 0
43 16
43 21
43 24
43 29
43 33
43 40
43 53
43 69
43 71
44 11
44 14
44 26
44 29
44 46
44 61
44 62
44 66
44 67
44 75
44 76
45 1
45 2
45 5
45 10
45 19
45 33
45 42
45 44
45 49
45 65
45 68
45 70
46 0
46 20
46 24
46 30
46 39
46 42
46 44
46 47
46 48
46 50
46 53
46 59
46 62
46 64
46 75
47 0
47 1
47 10
47 13
47 15
47 19
47 20
47 31
47 46
47 52
47 60
47 62
47 78
48 5
48 17
48 19
48 27
48 40
48 46
48 72
49 5
49 6
49 8
49 18
49 20
49 35
49 48
49 52
49 53
49 69
50 5
50 9
50 11
50 14
50 18
50 28
50 30
50 33
50 35
50 38
50 40
50 41
50 43
50 46
50 51
50 61
50 68
50 74
51 1
51 16
51 20
51 22
51 30
51 31
51 46
51 56
51 57
51 72
51 77
52 14
52 17
52 27
52 29
52 30
52 33
52 34
52 35
52 42
52 43
52 47
52 49
52 56
52 67
53 18
53 19
53 23
53 29
53 30
53 43
53 57
53 74
54 0
54 5
54 17
54 22
54 25
54 26
54 30
54 32
54 33
54 34
54 38
54 41
54 69
54 76
55 0
55 22
55 23
55 24
55 25
55 34
55 35
55 40
55 42
55 46
55 49
55 50
55 69
55 72
56 9
56 16
56 20
56 41
56 51
56 52
56 62
56 68
56 72
56 73
57 3
57 12
57 15
57 24
57 25
57 27
57 28
57 37
57 55
57 63
57 65
57 73
57 74
57 79
58 4
58 18
58 20
58 30
58 44
58 47
58 59
58 68
58 72
58 73
58 74
58 76
59 1
59 3
59 12
59 19
59 26
59 27
59 29
59 39
59 42
59 46
59 58
59 75
59 78
60 7
60 26
60 31
60 47
60 72
60 73
60 74
61 7
61 8
61 12
61 27
61 34
61 44
61 64
61 71
61 77
62 0
62 6
62 15
62 21
62 22
62 23
62 25
62 30
62 40
62 44
62 47
62 54
62 57
62 58
62 66
62 76
63 2
63 4
63 17
63 19
63 23
63 39
63 46
63 64
63 68
63 71
63 72
63 75
64 3
64 6
64 7
64 15
64 24
64 28
64 36
64 46
64 53
64 61
64 63
64 65
64 67
64 72
64 79
65 3
65 5
65 14
65 22
65 26
65 31
65 38
65 45
65 57
65 64
65 72
66 2
66 23
66 28
66 30
66 44
66 49
66 51
66 52
66 72
67 2
67 5
67 6
67 9
67 16
67 19
67 28
67 30
67 44
67 52
67 63
67 64
67 70
67 76
68 0
68 5
68 8
68 19
68 23
68 38
68 44
68 45
68 50
68 58
68 63
69 1
69 2
69 8
69 13
69 14
69 15
69 22
69 25
69 26
69 27
69 35
69 43
69 49
69 55
69 60
69 77
70 9
70 23
70 27
70 28
70 31
70 34
70 64
70 65
70 71
70 73
70 75
70 76
71 5
71 6
71 14
71 15
71 16
71 23
71 27
71 45
71 50
71 57
71 58
71 61
71 63
71 70
71 73
72 2
72 6
72 15
72 22
72 38
72 40
72 42
72 48
72 51
72 56
72 58
72 60
72 68
72 69
72 70
72 79
73 2
73 3
73 7
73 9
73 11
73 13
73 14
73 15
73 23
73 30
73 39
73 42
73 70
73 71
74 10
74 22
74 40
74 41
74 42
74 45
74 50
74 57
74 58
74 60
74 67
74 68
74 78
75 0
75 2
75 3
75 29
75 33
75 39
75 40
75 44
75 46
75 63
75 70
75 72
76 4
76 6
76 10
76 17
76 30
76 42
76 54
76 58
76 62
76 67
76 69
77 0
77 3
77 9
77 11
77 29
77 51
77 56
77 57
77 61
77 64
77 75
77 79
78 26
78 33
78 39
78 48
78 57
78 58
78 59
78 61
78 71
78 79
79 1
79 7
79 19
79 30
79 40
79 41
79 44
79 46
79 54
79 57
79 64
79 77
79 78
0 1 2 3 4 5 6 7
