80 536 20
0 8
0 9
0 11
0 22
0 24
0 34
0 41
0 43
0 45
0 65
0 68
1 9
1 29
1 38
1 39
1 49
2 14
2 35
2 46
2 53
2 67
2 72
3 12
3 18
3 22
3 24
3 32
3 60
3 65
4 1
4 9
4 20
4 66
4 72
4 74
4 75
5 9
5 21
5 27
5 40
5 65
5 68
5 71
6 17
6 27
6 49
6 53
6 73
7 8
7 12
7 17
7 42
7 72
7 74
8 7
8 20
8 38
8 41
8 44
8 61
8 76
9 0
9 1
9 5
9 16
9 21
9 22
9 35
9 47
9 52
9 70
10 34
11 0
11 21
11 22
11 25
11 29
11 30
11 64
11 77
12 3
12 7
12 24
12 27
12 32
12 36
12 37
12 39
12 53
12 54
12 69
13 23
13 29
13 31
13 36
13 46
13 58
13 62
13 68
14 2
14 5
14 9
14 28
14 45
14 56
14 74
14 79
15 6
15 17
15 35
15 41
15 52
15 61
15 74
16 9
16 31
16 76
16 79
17 6
17 7
17 15
17 25
17 30
17 52
18 3
18 26
18 34
18 40
18 41
18 64
19 0
19 12
19 24
19 37
19 48
19 62
19 79
20 4
20 8
20 42
20 66
20 74
21 5
21 9
21 11
21 32
21 36
21 58
21 61
21 77
22 9
22 11
22 27
22 40
22 42
22 56
22 64
22 67
23 2
23 13
23 20
23 29
23 41
23 54
23 62
23 67
23 68
23 73
24 0
24 3
24 12
24 19
24 42
24 77
25 17
25 21
25 36
25 42
25 51
25 71
25 72
26 18
26 27
26 47
26 76
27 6
27 22
27 26
27 28
27 38
27 67
28 7
28 14
28 16
28 19
28 26
28 27
28 31
28 33
28 63
29 1
29 31
29 32
29 50
29 53
29 78
30 4
30 11
30 17
30 43
31 2
31 13
31 16
31 28
31 29
32 2
32 3
32 9
32 12
32 21
32 29
32 34
32 37
32 69
33 13
33 21
33 28
33 37
33 47
33 69
33 70
34 0
34 10
34 16
34 32
34 41
34 51
34 62
35 2
35 15
35 42
35 62
35 64
35 66
35 69
35 71
36 6
36 12
36 13
36 19
36 44
36 52
36 57
36 78
37 7
37 13
37 19
37 53
37 73
37 74
38 8
38 27
38 57
38 67
39 1
39 8
39 12
39 29
39 50
39 60
39 62
39 74
39 75
40 14
40 48
40 58
40 61
40 76
41 0
41 8
41 15
41 18
41 23
41 34
41 44
41 57
41 66
41 67
41 70
42 7
42 20
42 22
42 25
42 48
42 49
43 53
43 71
43 74
43 76
44 19
44 22
44 25
44 37
44 41
44 42
44 52
44 55
45 0
45 60
45 67
45 69
45 78
46 0
46 2
46 4
46 13
46 23
46 27
46 32
46 36
46 52
46 79
47 9
47 11
47 26
47 33
47 37
47 62
47 75
47 76
48 40
48 42
48 54
48 65
48 75
49 1
49 6
49 9
49 27
49 42
50 18
50 28
50 29
50 39
50 47
50 49
51 4
51 25
51 34
51 40
51 41
51 49
51 73
51 76
52 9
52 15
52 17
52 18
52 23
52 36
52 44
52 46
52 49
52 53
52 70
53 2
53 6
53 8
53 12
53 40
53 43
53 52
53 54
53 55
53 63
53 70
54 26
54 43
54 48
54 53
54 57
54 58
54 64
54 65
54 68
55 35
55 44
55 53
55 67
56 14
56 22
56 75
57 28
57 38
57 41
57 51
58 13
58 40
58 54
58 66
58 68
58 73
59 51
59 74
60 3
60 39
60 54
60 74
60 78
61 8
61 12
61 15
61 21
61 34
61 64
62 13
62 34
62 39
62 47
62 57
62 59
62 72
62 75
63 23
63 28
63 53
64 3
64 11
64 18
64 22
64 30
64 38
64 54
64 61
65 0
65 1
65 5
65 48
65 54
65 71
66 0
66 4
66 7
66 20
66 30
66 41
66 42
66 52
66 69
66 76
67 2
67 22
67 23
67 38
67 41
67 45
67 49
67 52
67 55
68 0
68 1
68 5
68 13
68 23
68 29
68 57
68 58
68 69
68 73
68 76
69 12
69 32
69 35
69 66
69 68
69 75
70 9
70 29
70 33
70 41
70 52
70 53
70 79
71 25
71 35
71 77
72 1
72 2
72 4
72 22
72 25
72 62
73 6
73 23
73 24
73 37
73 58
73 77
73 78
73 79
74 4
74 8
74 14
74 16
74 39
74 43
75 4
75 6
75 39
75 47
75 56
75 62
75 78
76 8
76 26
76 40
76 43
76 47
76 51
76 66
76 68
76 77
77 8
77 11
77 24
77 47
77 59
77 71
77 73
78 60
78 73
78 75
79 10
79 16
79 19
79 73
0 1 2 3 4 5 6 7 8 9 10 11 12 13 14 15 16 17 18 19
