80 210 20
0 14
0 19
0 42
0 49
0 54
0 67
0 71
1 49
2 24
2 33
2 72
3 46
4 9
5 17
5 42
5 78
6 24
7 40
8 40
8 46
9 4
9 15
10 57
11 10
11 31
11 34
11 56
11 73
11 76
12 18
12 56
12 75
13 32
13 40
14 0
15 9
15 27
15 39
15 48
15 51
15 69
15 77
16 15
16 33
16 43
16 68
17 5
17 42
17 61
18 7
18 12
18 36
18 52
18 58
19 0
19 28
19 41
19 77
21 31
22 44
23 75
23 77
24 6
24 39
25 26
25 56
25 57
26 25
27 15
27 35
27 43
28 19
29 69
30 77
31 11
31 21
32 13
32 49
33 2
33 16
33 50
33 56
33 58
33 59
34 11
34 37
34 50
35 27
35 74
36 18
36 43
36 64
37 27
37 34
37 58
37 73
39 15
39 24
40 7
40 8
40 13
40 59
40 70
40 72
41 19
41 45
41 51
42 0
42 17
43 16
43 27
43 36
44 22
44 26
44 45
44 73
44 75
45 41
45 44
45 62
46 3
46 8
46 72
47 26
47 72
48 15
48 69
49 0
49 1
49 32
49 59
50 33
50 34
50 48
50 60
50 73
51 15
51 41
51 68
51 71
52 24
52 38
52 63
52 65
53 57
53 71
54 2
56 11
56 25
56 33
56 44
57 10
57 25
57 53
58 18
58 33
58 37
59 9
59 33
59 49
59 62
60 50
61 17
61 71
61 78
62 45
62 59
62 74
64 36
65 20
65 52
66 17
66 73
67 0
68 16
68 51
69 15
69 29
69 48
70 32
70 40
71 0
71 49
71 51
71 55
71 61
71 64
72 2
72 40
72 46
72 47
73 11
73 37
73 44
73 66
74 35
74 62
75 3
75 12
75 23
75 44
76 11
77 15
77 19
77 23
77 30
78 5
78 22
78 61
79 2
0 1 2 3 4 5 6 7 8 9 10 11 12 13 14 15 16 17 18 19
