80 536 16
0 6
0 8
0 9
0 13
0 23
0 24
0 26
0 31
0 42
0 44
0 71
0 74
0 76
1 6
1 15
1 23
1 51
2 21
2 26
2 47
2 48
2 64
2 68
3 42
3 47
3 48
3 55
3 60
4 23
4 24
4 29
5 9
5 11
5 26
5 29
5 32
5 50
6 7
6 14
6 19
6 41
6 42
6 55
6 59
7 29
7 35
7 38
7 43
7 46
7 60
7 78
8 0
8 39
8 41
8 45
8 46
8 71
9 0
9 5
9 13
9 19
9 47
10 12
10 16
10 25
10 37
10 57
11 5
11 36
11 43
11 47
11 65
11 68
12 0
12 4
12 10
12 26
12 46
12 52
12 65
12 68
13 26
13 34
13 53
13 57
13 73
13 74
13 75
14 18
14 30
14 35
14 56
14 67
14 78
15 1
15 18
15 42
15 44
15 57
15 59
15 62
15 67
15 72
15 76
16 10
16 15
16 26
16 52
16 58
17 9
17 19
17 31
17 44
17 64
18 2
18 15
18 33
18 35
18 37
18 49
18 51
19 6
19 7
19 9
19 17
19 52
19 62
19 64
20 14
20 28
20 49
20 54
21 2
21 8
21 23
21 31
21 37
21 40
21 54
21 67
22 47
22 79
23 0
23 1
23 21
23 63
23 70
23 74
23 76
24 0
24 1
24 21
24 30
24 33
24 46
24 59
24 61
24 68
25 10
25 45
25 48
25 63
25 64
26 0
26 2
26 5
26 13
26 16
26 37
26 39
26 41
26 48
26 57
26 69
27 18
27 34
27 37
27 46
27 59
27 68
27 76
28 10
28 20
28 37
28 39
28 43
29 4
29 5
29 7
29 36
29 37
29 42
29 78
30 14
30 20
30 24
30 40
30 46
30 61
30 68
31 4
31 17
31 53
31 54
31 79
32 5
32 61
33 36
33 41
33 54
33 56
33 59
33 68
34 5
34 9
34 11
34 27
34 39
35 7
35 14
35 18
35 20
35 27
35 52
35 64
36 11
36 33
36 45
36 49
36 57
36 59
36 62
36 63
37 18
37 26
37 27
37 28
37 29
37 40
37 45
37 52
37 64
37 66
37 71
37 73
38 1
38 7
38 25
38 46
39 23
39 26
39 28
39 34
39 45
39 58
39 61
39 74
39 77
40 7
40 21
40 30
40 37
40 44
41 6
41 21
41 26
41 50
41 66
41 67
41 73
42 0
42 3
42 15
42 29
42 49
42 60
42 67
42 69
42 77
43 0
43 7
43 11
43 28
43 77
44 0
44 15
44 40
44 72
45 8
45 39
45 40
45 42
45 53
45 63
46 1
46 7
46 8
46 24
46 27
46 30
46 38
46 44
46 45
46 56
46 58
46 60
46 64
46 66
46 74
46 78
47 2
47 6
47 9
47 11
47 49
47 51
47 74
47 78
48 2
48 3
48 25
48 52
49 18
49 20
49 31
49 42
49 47
49 58
49 72
50 5
50 17
50 41
50 51
51 1
51 18
51 26
51 64
52 1
52 11
52 12
52 16
52 19
52 25
52 35
52 48
53 12
53 13
53 37
53 59
53 66
54 20
54 21
54 24
54 33
54 50
54 66
54 70
54 74
55 3
55 6
55 8
55 54
55 74
56 9
56 29
56 46
56 63
56 65
56 77
57 10
57 13
57 15
57 26
57 37
58 16
58 30
58 39
58 46
58 49
58 51
58 59
58 60
58 72
59 6
59 15
59 24
59 27
59 33
59 36
59 53
59 58
59 65
59 67
60 3
60 7
60 25
60 42
60 46
60 51
60 58
60 65
60 72
60 73
61 15
61 24
61 30
61 39
61 63
61 79
62 0
62 36
62 47
62 61
62 70
62 72
63 45
63 56
63 70
64 2
64 17
64 69
64 79
65 4
65 11
65 12
65 50
65 59
65 61
65 69
66 20
66 29
66 37
66 46
66 53
66 54
66 71
67 14
67 15
67 17
67 21
67 41
67 42
67 48
67 59
67 72
68 2
68 11
68 12
68 24
68 27
68 31
68 33
68 59
68 73
68 75
68 77
69 31
69 34
69 42
69 64
69 65
70 42
70 50
70 53
70 54
70 62
70 63
70 76
71 0
71 8
71 9
71 14
71 25
71 32
71 57
71 66
71 73
71 74
72 0
72 7
72 12
72 15
72 36
72 44
72 49
72 60
72 62
72 67
72 78
73 7
73 37
73 40
73 41
73 59
73 60
73 71
73 75
73 79
74 0
74 1
74 13
74 23
74 27
74 28
74 30
74 39
74 47
74 50
74 54
74 55
74 71
74 79
75 13
75 20
75 22
75 37
75 68
75 73
76 0
76 4
76 27
77 27
77 39
77 42
77 43
77 56
78 7
78 14
78 28
78 29
78 47
78 72
79 22
79 31
79 35
79 73
0 1 2 3 4 5 6 7 8 9 10 11 12 13 14 15
