80 536 6
0 2
0 4
0 9
0 20
0 25
0 34
0 37
0 43
0 50
0 54
0 57
0 62
1 21
1 23
1 25
1 34
1 48
1 65
1 66
1 72
1 76
1 77
2 3
2 17
2 18
2 30
2 68
2 76
3 2
3 26
3 36
3 42
3 72
3 79
4 0
4 3
4 5
4 15
4 61
4 77
5 4
5 6
5 10
5 14
5 36
5 64
6 14
6 27
6 34
6 57
6 60
7 20
7 44
7 51
7 67
8 15
8 28
8 58
8 59
9 0
9 32
9 46
9 66
10 35
11 10
11 23
11 54
11 75
12 48
12 50
12 75
13 8
13 20
13 32
13 50
13 51
13 57
13 64
13 79
14 5
14 6
14 71
14 75
15 4
15 20
15 22
15 38
15 41
15 42
15 48
15 56
15 58
15 71
15 76
16 20
16 35
16 51
16 55
16 56
16 65
16 69
16 75
17 2
17 65
17 70
18 0
18 7
18 15
18 20
18 25
18 35
18 42
18 51
18 57
18 59
18 62
19 32
19 41
19 53
19 59
20 7
20 13
20 15
20 18
20 19
20 33
20 59
20 60
21 1
21 23
21 31
21 33
21 54
21 59
22 33
22 62
22 69
22 70
23 11
23 14
23 50
23 59
23 71
24 12
24 61
24 71
24 74
24 77
25 0
25 1
25 27
25 35
25 36
25 40
25 46
25 54
25 55
26 28
26 31
26 40
26 44
26 55
26 57
26 73
26 74
27 6
27 29
27 37
27 39
27 46
27 55
27 65
27 66
28 6
28 31
28 47
29 22
29 27
29 37
29 62
30 2
30 17
30 38
30 40
30 61
31 26
31 28
31 60
31 72
31 73
32 9
32 13
32 19
32 23
32 34
32 37
32 57
32 61
32 73
33 19
33 20
33 21
33 22
33 26
33 36
33 67
33 77
34 0
34 1
34 6
34 19
34 32
34 45
34 48
34 51
34 61
34 68
35 10
35 16
35 18
35 25
35 26
35 60
35 61
35 76
35 77
36 1
36 5
36 30
36 44
36 45
36 46
36 48
36 51
36 66
36 74
37 0
37 29
37 41
37 52
37 60
37 62
38 15
38 21
38 52
38 53
38 61
38 73
38 75
38 78
39 1
39 27
39 43
40 25
40 30
40 37
40 60
40 73
41 15
41 22
41 25
41 59
41 64
41 74
41 75
41 76
42 1
42 3
42 18
42 46
43 27
43 35
43 38
43 39
43 65
44 7
44 16
44 45
45 28
45 34
45 36
45 44
45 53
45 64
45 78
46 25
46 27
46 32
46 36
46 39
46 42
46 53
46 61
46 62
46 72
47 13
47 28
47 48
47 51
47 55
47 56
47 57
47 67
48 1
48 15
48 47
48 50
49 50
49 60
49 64
50 0
50 12
50 13
50 23
50 36
50 48
50 49
50 52
51 7
51 13
51 16
51 18
51 33
51 34
51 36
51 79
52 26
52 37
52 38
52 49
52 56
52 72
53 0
53 19
53 21
53 38
53 45
53 46
53 68
53 75
53 77
54 0
54 11
54 16
54 21
54 25
54 44
54 45
54 63
54 64
54 65
54 70
55 0
55 3
55 12
55 16
55 25
55 26
55 27
55 32
55 57
55 79
56 1
56 10
56 15
56 16
56 24
56 25
56 47
56 50
56 52
56 58
56 59
56 71
56 79
57 0
57 1
57 6
57 7
57 18
57 26
57 55
57 64
57 67
57 70
58 0
58 7
58 8
58 66
59 3
59 8
59 18
59 19
59 20
59 21
59 23
59 41
59 47
59 53
59 56
59 60
59 61
59 78
60 6
60 20
60 31
60 35
60 40
60 49
60 50
60 59
60 68
60 70
60 75
60 78
61 4
61 24
61 30
61 34
61 38
61 46
61 59
62 0
62 9
62 29
62 32
62 37
62 46
62 69
62 74
62 77
63 1
63 3
63 24
63 51
63 54
63 65
63 76
64 41
64 49
64 54
64 57
64 71
65 1
65 15
65 16
65 27
65 29
65 39
65 41
65 43
66 1
66 9
66 27
66 71
67 7
67 32
67 33
67 47
67 57
68 2
68 34
68 53
68 57
68 60
68 79
69 5
69 16
69 35
69 51
69 62
69 73
70 17
70 22
70 54
70 72
71 14
71 15
71 56
71 64
71 66
72 1
72 3
72 21
72 31
72 52
72 70
73 26
73 31
73 32
73 38
73 54
73 69
74 4
74 41
74 42
74 56
74 57
74 75
75 10
75 11
75 12
75 14
75 16
75 27
75 36
75 38
75 41
75 50
75 52
75 53
75 56
75 60
76 1
76 2
76 15
76 26
76 30
76 41
77 1
77 4
77 24
77 53
77 62
78 8
78 30
78 38
78 45
78 59
78 60
79 3
79 13
79 31
79 50
79 55
79 68
0 1 2 3 4 5
