80 536 6
0 3
0 12
0 16
0 37
0 40
0 41
0 45
0 52
0 54
1 21
1 28
1 37
1 46
1 57
1 58
1 63
2 3
2 29
2 37
2 40
2 68
2 69
2 70
3 2
3 12
3 26
3 41
3 45
3 59
4 59
4 69
4 75
5 23
5 28
5 46
5 66
5 73
6 27
6 33
6 36
6 39
6 42
6 48
6 69
6 76
7 14
7 42
7 45
7 56
7 64
8 7
8 10
8 26
8 53
8 76
9 10
9 32
9 46
9 51
9 57
9 62
10 8
10 9
10 57
10 63
10 67
11 2
11 6
11 36
11 37
11 56
11 62
11 65
12 0
12 3
12 23
12 28
12 38
12 43
12 66
12 79
13 4
13 21
13 64
13 65
13 76
14 5
14 7
14 25
14 46
14 59
15 2
15 37
15 51
16 0
16 22
16 24
16 29
16 51
16 68
16 71
16 77
17 8
17 30
17 33
17 62
17 72
17 73
17 75
17 79
18 5
18 11
18 26
18 42
18 43
18 48
18 59
18 65
18 73
19 2
19 8
19 33
19 41
19 46
19 50
19 52
19 53
19 68
20 29
20 32
20 49
20 51
21 1
21 13
21 34
21 37
21 41
21 42
21 52
21 54
21 55
21 75
22 16
22 31
22 53
22 56
22 59
22 64
22 66
22 76
23 5
23 12
23 38
23 56
23 59
24 1
24 16
24 37
24 59
24 79
25 0
25 14
25 39
25 49
25 60
25 64
26 8
26 18
26 37
26 59
26 64
27 6
27 33
27 39
27 41
27 42
27 67
27 78
28 1
28 5
28 12
28 37
28 43
28 51
29 2
29 8
29 22
29 30
29 40
29 41
29 57
29 58
30 17
30 36
30 51
30 64
31 32
31 41
31 48
31 73
32 9
32 20
32 28
32 37
32 57
32 60
32 66
33 13
33 17
33 27
33 32
33 50
33 58
34 1
34 21
34 40
34 69
35 27
35 38
35 76
36 20
36 21
36 30
36 46
36 52
36 64
36 74
36 78
37 1
37 2
37 11
37 15
37 28
37 32
37 48
37 54
37 57
37 70
38 23
38 44
38 52
38 56
39 6
39 27
39 46
39 50
39 60
39 74
40 0
40 2
40 25
40 29
40 30
40 34
40 39
40 41
40 50
40 51
41 0
41 3
41 19
41 27
41 29
41 35
41 40
41 50
41 78
42 6
42 7
42 9
42 18
42 21
42 26
42 27
43 18
43 28
43 31
43 50
43 59
44 20
44 38
44 64
44 71
45 0
45 3
45 7
45 21
45 70
45 73
46 1
46 5
46 9
46 19
46 37
46 39
46 66
46 73
47 10
47 29
47 31
47 71
48 18
48 31
48 37
48 67
49 7
49 20
49 25
49 54
49 57
49 72
49 73
49 74
50 19
50 33
50 39
50 40
50 41
50 43
50 53
50 77
51 11
51 16
51 20
51 28
51 30
51 40
51 55
51 58
51 66
51 72
51 76
51 78
52 19
52 21
52 47
52 74
53 19
53 40
53 50
54 0
54 21
54 49
54 56
54 64
55 9
55 16
55 29
55 34
56 7
56 11
56 22
56 23
56 38
56 54
56 55
57 9
57 10
57 20
57 29
57 49
57 56
57 64
57 65
57 69
58 1
58 29
58 33
58 48
58 51
58 68
58 69
58 75
58 79
59 3
59 14
59 18
59 23
59 24
59 26
59 43
59 60
59 61
59 67
60 9
60 25
60 32
60 39
60 59
60 65
60 71
61 28
61 62
61 69
62 9
62 11
62 17
62 67
63 1
63 6
63 10
63 20
63 65
63 67
63 76
64 1
64 7
64 13
64 21
64 22
64 25
64 36
64 43
64 44
64 46
64 52
64 70
64 77
65 11
65 57
65 60
65 77
65 78
66 0
66 5
66 12
66 28
66 46
66 71
66 73
67 10
67 12
67 24
67 27
67 30
67 37
67 59
67 62
67 63
67 68
67 69
67 70
67 71
67 73
68 1
68 2
68 9
68 16
68 30
68 54
68 58
68 74
68 76
68 77
69 2
69 6
69 16
69 17
69 24
69 34
69 37
69 56
69 57
69 58
69 61
69 64
69 67
69 76
69 77
70 2
70 18
70 23
70 40
70 45
70 67
71 16
71 44
71 47
71 51
71 60
71 62
71 64
71 66
71 67
71 72
71 75
71 78
72 11
72 49
72 51
72 56
72 71
72 74
73 5
73 17
73 18
73 45
73 46
73 49
73 56
73 57
73 66
74 15
74 18
74 36
74 39
74 52
74 68
75 4
75 17
75 21
75 27
75 58
75 62
75 71
76 6
76 13
76 22
76 51
76 63
76 69
77 4
77 16
77 22
77 57
77 59
77 65
77 69
78 1
78 27
78 51
78 65
78 71
79 12
79 18
79 58
0 1 2 3 4 5
