160 353 7
0 59
0 63
0 83
0 84
0 126
0 148
0 151
1 46
1 51
1 59
1 158
2 10
3 142
4 90
4 109
4 119
4 125
5 11
6 20
6 66
6 115
7 69
8 25
9 31
10 127
11 121
11 132
13 118
13 139
13 144
14 113
15 22
16 101
16 135
17 1
17 14
17 36
17 52
17 57
17 130
18 30
18 66
18 93
18 100
19 113
20 34
20 62
20 81
21 56
21 71
21 151
21 153
21 158
22 89
24 10
24 46
25 19
25 57
26 16
26 33
26 75
26 115
27 78
27 146
28 103
28 155
29 2
31 133
32 6
32 62
32 86
33 2
33 61
33 114
33 124
33 143
34 5
34 35
34 114
34 120
35 64
35 86
35 127
36 53
36 54
38 2
38 130
39 16
39 59
39 62
40 43
40 52
41 94
42 1
42 5
42 127
42 155
43 0
43 36
43 116
44 46
44 59
45 19
45 102
46 24
46 149
47 158
49 10
49 11
49 124
50 11
50 31
50 41
51 33
52 99
53 1
53 2
54 15
54 36
54 82
55 45
56 43
57 26
57 27
57 99
57 119
57 147
58 69
58 146
59 0
59 44
59 62
60 46
60 93
60 99
60 130
60 152
61 0
61 34
61 110
61 122
62 20
62 85
62 115
63 1
63 97
64 150
64 152
65 99
65 149
66 6
66 43
67 44
67 104
67 130
68 11
68 29
69 33
69 70
69 98
70 8
70 74
72 71
73 95
73 112
73 122
74 62
74 70
74 90
74 103
75 0
75 6
75 99
76 71
76 132
77 1
77 122
77 123
79 110
79 122
80 106
80 107
80 118
81 35
82 111
82 139
83 58
84 91
84 101
84 131
85 159
86 108
86 121
87 78
88 4
88 18
89 22
90 4
90 34
90 59
91 130
91 139
92 42
92 73
93 146
93 157
94 0
94 95
95 27
95 72
95 103
95 128
95 147
96 64
96 87
96 123
97 63
97 91
98 51
98 72
98 83
98 103
98 137
99 75
99 132
100 40
100 87
101 3
101 44
101 57
101 84
101 105
101 131
101 141
102 38
102 43
102 121
103 23
103 37
103 44
103 50
103 74
104 115
105 72
106 66
106 80
106 132
107 136
108 24
108 59
108 69
109 135
111 28
112 36
112 116
112 123
113 143
114 48
114 59
115 56
115 87
115 125
116 43
116 112
116 140
117 22
117 91
118 103
119 0
119 57
120 43
120 136
121 136
122 46
122 61
123 44
123 96
123 112
123 139
124 34
124 122
124 125
125 115
125 124
126 8
126 70
126 73
126 115
127 105
127 114
127 156
129 96
130 38
130 56
130 60
130 110
131 157
132 32
132 134
133 99
134 30
134 39
135 18
135 123
135 147
135 153
136 1
136 143
137 61
137 116
138 23
138 73
138 102
139 46
140 67
141 144
142 12
142 19
143 97
143 113
143 156
144 19
144 155
145 50
145 114
145 143
146 34
146 58
146 93
146 117
147 37
147 57
147 157
148 102
149 99
151 99
151 138
153 111
153 135
154 119
155 36
155 93
156 5
157 93
157 129
157 131
157 136
157 159
158 1
158 66
158 84
159 85
159 121
0 1 2 3 4 5 6
