160 812 24
0 29
0 41
0 45
0 49
0 66
0 69
0 70
0 100
0 143
0 156
1 65
2 12
2 23
2 31
2 38
2 44
2 49
2 92
2 157
3 6
3 14
3 16
3 37
3 54
3 91
3 106
3 123
3 136
3 144
4 3
4 18
4 51
4 116
4 140
4 148
5 54
5 104
5 109
5 118
5 128
5 153
5 156
6 111
7 17
7 84
7 106
7 126
7 140
7 144
8 2
8 14
8 75
8 116
8 152
9 1
9 29
9 72
9 103
9 120
9 131
10 14
10 49
10 72
10 77
10 95
10 109
10 111
10 126
11 17
11 83
11 110
11 157
12 41
12 42
12 55
12 78
12 140
12 153
12 155
13 20
13 30
13 105
13 122
13 140
14 0
14 81
14 150
15 13
15 75
15 89
16 10
16 19
16 69
16 77
16 104
16 145
16 153
16 159
17 35
17 45
18 2
18 11
18 20
18 38
18 68
18 86
18 98
19 80
19 87
19 116
19 150
19 152
20 47
20 93
20 94
20 114
20 126
21 149
22 14
22 16
22 21
22 25
22 27
22 69
22 75
22 124
23 1
23 28
23 43
23 81
23 114
23 118
23 120
23 158
24 12
24 25
24 30
24 72
24 109
24 112
24 150
25 17
25 33
25 140
25 155
26 80
26 103
26 147
26 153
27 8
27 32
27 112
27 115
27 117
28 3
28 36
28 39
28 40
28 83
29 8
29 40
29 52
29 78
29 83
30 1
30 15
30 50
30 95
30 132
31 1
31 3
31 63
31 80
31 159
32 22
32 61
32 78
32 114
32 139
33 26
33 37
33 59
34 0
34 48
34 63
34 67
34 76
34 122
34 151
34 156
35 62
35 100
35 145
36 86
36 131
36 144
36 158
37 39
37 59
37 111
38 10
38 31
38 39
38 79
38 150
39 3
39 32
39 79
39 90
39 96
39 113
39 145
39 158
40 22
40 60
40 140
40 146
41 100
42 122
42 138
43 120
44 0
44 3
44 10
44 16
44 21
44 29
44 59
44 68
44 76
44 148
44 158
45 68
45 81
45 83
45 100
45 113
45 139
46 15
46 77
47 54
47 72
47 129
48 27
48 59
48 128
48 130
48 136
49 7
49 20
49 45
49 48
49 72
50 25
50 83
50 101
50 140
51 8
51 96
51 110
51 151
52 59
52 84
52 98
52 105
53 26
53 35
53 90
53 93
53 105
53 147
53 154
54 0
54 12
54 43
54 51
54 67
54 68
54 132
54 145
55 44
55 52
55 117
55 143
56 0
56 16
56 34
56 79
56 84
56 92
56 97
56 100
56 138
56 154
57 53
57 75
58 3
58 30
58 88
58 102
58 152
58 158
59 99
59 114
59 148
60 8
60 19
60 44
60 108
60 115
61 3
61 25
61 52
62 2
62 13
62 24
62 40
62 50
62 59
62 73
62 124
63 18
63 20
63 38
63 117
64 82
64 92
64 133
65 13
65 21
65 76
65 124
65 125
65 126
66 6
66 35
66 42
66 86
66 156
67 49
67 80
67 85
67 120
68 2
68 14
68 35
68 89
68 134
68 135
68 156
69 39
69 43
69 86
69 104
69 137
69 139
70 2
70 30
70 37
70 40
70 50
70 67
70 90
70 147
71 36
71 57
71 61
71 64
71 83
71 110
71 113
71 148
71 156
72 0
72 52
72 95
72 141
73 15
73 52
73 54
73 56
73 79
73 97
73 127
74 25
74 72
74 94
74 122
75 67
75 73
75 84
75 122
75 139
75 146
76 23
76 26
76 48
76 49
76 63
76 88
76 136
76 159
77 30
77 32
77 98
77 112
77 129
77 134
78 10
78 135
79 4
79 14
79 22
79 64
79 91
79 93
79 115
79 130
80 11
80 27
80 30
80 43
80 47
81 92
81 106
82 16
82 52
82 119
83 17
83 65
83 66
83 81
83 111
83 132
84 6
84 50
84 58
85 49
85 81
86 91
86 124
86 136
87 133
88 14
88 49
88 50
88 56
88 96
88 122
89 3
89 64
89 132
89 137
89 151
90 10
90 61
90 117
90 138
91 8
91 102
91 130
91 141
92 14
92 15
92 69
92 74
92 98
92 131
92 134
93 0
93 19
93 76
93 85
93 107
93 111
93 123
94 12
94 69
94 87
94 95
94 111
94 130
94 137
95 4
95 138
96 12
96 76
96 134
96 146
96 154
97 38
97 98
97 110
97 112
97 124
98 1
98 55
98 62
98 76
98 86
99 16
99 62
99 74
99 76
99 144
99 147
100 119
100 153
100 154
101 86
101 92
101 115
102 9
102 31
102 85
102 140
103 43
103 67
103 81
103 89
104 10
104 38
104 50
104 55
104 131
104 150
104 151
105 6
105 56
106 41
107 79
107 158
108 4
108 16
108 59
108 102
108 136
109 3
109 18
109 80
109 112
109 128
110 49
110 56
110 58
110 62
110 108
110 122
110 126
110 158
111 20
111 28
111 41
111 143
112 13
112 128
112 144
113 14
113 25
113 46
113 116
113 149
114 21
114 28
114 137
114 159
115 2
115 9
115 19
115 59
115 73
115 94
115 108
115 150
116 1
116 12
116 57
116 81
117 21
117 38
117 51
117 57
117 58
117 88
117 98
117 129
117 131
117 154
118 30
118 100
118 134
118 136
118 157
119 33
119 44
119 46
119 78
119 117
119 150
120 11
120 17
120 55
120 96
120 114
120 149
120 152
121 54
121 56
121 115
121 119
121 124
121 125
121 134
122 27
122 124
122 152
123 69
124 12
124 21
124 24
124 74
124 127
124 148
125 64
125 147
125 152
125 155
125 159
126 29
126 43
126 48
126 100
126 107
126 118
126 123
126 147
127 21
127 117
127 131
127 134
127 137
127 149
128 42
128 50
128 67
128 69
128 91
128 126
129 6
129 25
129 75
129 114
129 124
129 133
129 138
130 30
130 40
130 138
131 33
131 39
131 67
131 128
132 39
132 49
132 64
132 74
132 81
132 104
132 120
132 157
133 11
133 12
133 21
133 42
133 100
133 152
134 62
134 104
134 105
134 111
134 124
134 137
135 28
135 49
135 99
135 106
135 112
135 130
136 94
136 156
137 14
137 24
137 27
137 118
137 140
137 144
138 71
138 83
138 99
138 106
138 153
139 1
139 5
139 14
139 90
139 95
139 109
139 125
140 6
140 55
140 66
140 157
141 84
141 118
141 122
141 132
141 139
142 17
142 44
142 82
142 91
142 103
142 134
142 137
142 154
143 31
143 60
143 101
143 107
143 122
143 131
143 141
143 156
144 70
144 96
144 100
144 107
144 146
144 155
145 20
145 31
145 38
145 82
145 92
145 94
145 97
145 108
145 127
145 136
146 79
146 112
146 127
146 131
147 96
148 0
148 41
148 47
148 79
148 125
148 152
149 14
149 47
149 48
149 60
149 146
149 152
150 67
150 92
150 114
150 116
150 138
150 144
151 9
151 13
151 29
151 117
152 42
152 63
152 70
152 75
152 93
152 155
153 13
153 52
153 63
153 79
153 94
153 95
153 119
154 73
154 112
155 1
155 3
155 8
155 43
155 94
155 150
155 157
156 27
156 64
156 96
156 108
156 114
157 30
157 38
157 145
157 151
158 116
158 126
159 37
159 102
159 118
0 1 2 3 4 5 6 7 8 9 10 11 12 13 14 15 16 17 18 19 20 21 22 23
