160 419 24
0 10
0 14
0 102
0 134
0 148
0 157
1 70
1 72
1 93
1 99
1 129
1 152
1 154
2 82
2 129
3 82
3 140
4 52
4 79
4 141
5 7
5 82
6 63
6 130
7 5
8 15
8 54
8 142
9 56
9 75
10 0
10 73
10 79
10 98
11 144
12 40
13 95
14 0
14 36
14 43
14 45
14 54
14 112
15 8
15 42
15 74
15 136
15 152
16 26
17 136
17 145
18 7
18 134
19 35
19 102
19 136
19 154
20 70
20 89
21 39
21 60
22 8
22 49
22 140
23 41
23 62
23 120
23 152
24 25
24 30
24 130
25 24
25 131
25 156
25 158
26 16
26 139
26 140
26 155
27 42
27 75
28 150
29 36
29 40
29 82
29 92
29 107
29 113
30 24
31 45
31 52
31 153
32 74
32 135
32 147
33 111
34 38
34 39
34 51
34 81
35 19
36 14
36 29
36 118
37 57
37 91
38 34
38 53
38 74
38 131
38 152
40 12
40 29
40 64
40 118
40 132
41 23
41 96
41 113
42 15
42 27
43 14
44 122
45 31
45 37
45 67
45 100
45 110
46 136
47 94
47 159
48 97
49 3
49 22
50 155
50 158
51 34
51 54
51 85
52 4
52 31
52 71
52 103
52 137
54 8
54 14
54 51
54 115
54 130
54 149
55 117
56 9
57 37
57 77
58 71
58 152
58 155
59 85
59 155
60 21
60 54
60 103
61 82
62 23
62 92
63 6
63 86
63 96
63 102
64 40
64 108
64 124
65 5
65 149
66 2
66 68
67 45
67 147
68 74
68 128
69 104
70 1
70 20
70 151
71 43
71 52
71 58
71 130
71 132
71 138
71 159
72 1
72 40
72 76
73 10
73 117
74 15
74 32
74 38
74 68
74 155
75 27
75 88
75 96
75 132
76 72
77 57
77 102
78 123
79 4
79 10
79 56
79 83
79 85
79 143
80 91
82 2
82 3
82 5
82 61
82 85
82 106
83 100
83 114
83 154
84 63
84 65
85 51
85 59
85 79
85 82
85 134
86 87
86 109
87 86
87 110
87 119
87 128
88 75
89 20
90 14
90 28
90 136
91 37
91 80
91 92
92 10
92 29
92 62
92 67
92 91
92 122
93 1
93 102
93 103
94 47
94 136
95 13
95 99
95 134
96 52
96 75
97 48
97 100
97 158
98 10
98 55
98 136
98 139
99 1
99 113
100 45
100 83
100 97
101 115
101 122
102 0
102 19
102 63
102 77
102 111
102 146
103 52
103 60
103 93
103 139
104 69
104 128
104 131
105 112
106 113
106 121
107 29
108 64
108 151
109 86
109 124
110 45
110 87
111 33
111 102
111 141
111 144
112 14
112 105
112 157
113 29
113 41
113 81
113 99
113 106
113 131
113 148
114 83
114 140
115 101
115 126
115 150
116 104
116 133
117 55
118 40
119 87
120 23
121 106
122 28
122 44
122 92
122 101
122 136
123 78
123 131
124 64
124 109
125 135
126 115
126 143
127 156
128 68
128 87
128 104
128 153
129 1
130 6
130 24
130 54
131 25
131 38
131 104
131 113
131 123
132 40
132 71
132 75
132 111
133 107
133 154
134 0
134 18
134 21
134 85
134 95
135 32
136 15
136 17
136 19
136 90
136 94
136 98
136 125
136 144
137 52
137 121
138 71
139 26
139 98
139 103
140 3
140 22
140 26
140 114
141 4
141 60
141 111
142 8
143 79
144 11
144 111
144 136
145 17
146 102
147 67
148 0
148 113
149 54
149 65
150 28
150 115
151 43
151 70
151 108
152 15
152 38
152 58
153 31
153 128
154 1
155 26
155 58
155 59
155 74
156 25
156 127
157 0
157 112
158 25
158 97
159 47
159 71
0 1 2 3 4 5 6 7 8 9 10 11 12 13 14 15 16 17 18 19 20 21 22 23
