160 2544 7
0 10
0 14
0 20
0 23
0 35
0 38
0 40
0 47
0 49
0 59
0 78
0 119
0 123
0 124
0 127
0 128
0 130
0 146
0 156
1 2
1 12
1 16
1 25
1 62
1 83
1 85
1 91
1 100
1 103
1 110
1 114
1 130
1 136
1 138
1 139
1 141
1 142
1 143
1 153
2 3
2 5
2 20
2 30
2 35
2 40
2 42
2 43
2 46
2 50
2 81
2 86
2 100
2 124
2 125
2 139
2 154
2 156
3 16
3 35
3 37
3 58
3 81
3 89
3 107
3 110
3 137
3 141
3 148
3 159
4 11
4 12
4 21
4 22
4 42
4 44
4 46
4 53
4 54
4 74
4 84
4 87
4 115
4 159
5 14
5 17
5 22
5 33
5 34
5 46
5 56
5 58
5 63
5 77
5 88
5 105
5 126
5 134
5 135
5 136
5 157
6 4
6 8
6 14
6 16
6 17
6 24
6 32
6 33
6 39
6 43
6 85
6 91
6 94
6 106
6 107
6 119
6 120
6 121
6 146
6 150
6 153
6 156
6 158
7 5
7 20
7 24
7 32
7 53
7 54
7 70
7 77
7 100
7 101
7 126
7 138
7 139
7 153
8 5
8 10
8 22
8 23
8 30
8 44
8 48
8 58
8 62
8 79
8 99
8 109
8 112
8 119
8 134
8 144
9 0
9 6
9 19
9 20
9 43
9 52
9 54
9 55
9 58
9 61
9 63
9 78
9 82
9 98
9 99
9 102
9 103
9 108
9 111
9 127
9 131
9 137
9 140
9 141
9 142
9 148
10 2
10 14
10 16
10 33
10 38
10 77
10 86
10 87
10 88
10 100
10 107
10 116
10 119
10 125
10 127
10 128
10 155
11 6
11 31
11 69
11 87
11 91
11 132
12 3
12 5
12 8
12 18
12 35
12 50
12 51
12 60
12 66
12 67
12 68
12 69
12 99
12 105
12 108
12 140
12 147
12 149
12 151
13 0
13 2
13 9
13 27
13 58
13 81
13 105
13 114
13 116
13 122
13 142
14 15
14 16
14 20
14 35
14 37
14 38
14 48
14 51
14 56
14 60
14 84
14 85
14 97
14 110
14 113
14 114
14 124
14 128
14 129
14 142
14 143
14 145
15 10
15 19
15 22
15 33
15 34
15 48
15 61
15 68
15 72
15 75
15 88
15 100
15 115
15 152
15 157
16 0
16 25
16 29
16 31
16 40
16 45
16 47
16 51
16 66
16 68
16 74
16 86
16 94
16 99
16 100
16 114
16 126
16 133
16 135
16 141
17 2
17 4
17 21
17 25
17 27
17 29
17 50
17 52
17 79
17 84
17 89
17 92
17 112
17 118
17 127
18 22
18 23
18 31
18 36
18 46
18 91
18 95
18 118
18 122
18 128
18 130
18 140
18 143
18 144
19 5
19 11
19 28
19 49
19 75
19 94
19 106
19 114
19 116
19 129
19 155
20 1
20 33
20 36
20 51
20 59
20 63
20 66
20 69
20 71
20 73
20 77
20 81
20 82
20 98
20 111
20 114
20 121
20 124
20 132
20 137
20 138
20 141
21 8
21 23
21 36
21 61
21 73
21 93
21 119
21 124
21 125
21 131
22 16
22 23
22 29
22 43
22 55
22 57
22 60
22 65
22 113
22 117
22 123
22 150
23 15
23 16
23 33
23 51
23 55
23 67
23 80
23 82
23 89
23 97
23 100
23 118
23 122
23 141
23 153
24 1
24 2
24 17
24 28
24 83
24 84
24 93
24 100
24 102
24 116
24 135
24 150
24 153
24 159
25 2
25 11
25 24
25 26
25 33
25 36
25 51
25 71
25 75
25 90
25 92
25 95
25 97
25 105
25 110
25 117
25 119
25 140
25 145
25 147
26 5
26 13
26 16
26 21
26 31
26 44
26 57
26 61
26 86
26 91
26 98
26 100
26 105
26 112
26 116
26 118
26 148
27 6
27 7
27 14
27 29
27 33
27 52
27 53
27 67
27 69
27 78
27 81
27 100
27 102
27 109
27 132
28 6
28 9
28 13
28 45
28 47
28 91
28 93
28 94
28 97
28 99
28 101
28 110
28 116
28 118
29 1
29 3
29 9
29 13
29 39
29 46
29 50
29 55
29 68
29 76
29 85
29 93
29 94
29 108
29 149
29 150
30 0
30 3
30 4
30 16
30 18
30 21
30 32
30 33
30 35
30 42
30 52
30 58
30 62
30 63
30 66
30 67
30 95
30 99
30 125
30 126
30 136
30 144
30 147
30 156
31 2
31 4
31 5
31 14
31 15
31 33
31 41
31 54
31 59
31 73
31 82
31 92
31 101
31 102
31 106
31 108
31 118
31 123
31 125
31 156
32 0
32 5
32 8
32 10
32 26
32 28
32 35
32 42
32 43
32 50
32 58
32 62
32 64
32 95
32 96
32 105
32 114
32 132
32 135
32 136
33 4
33 11
33 13
33 17
33 21
33 28
33 32
33 35
33 37
33 45
33 63
33 68
33 69
33 73
33 82
33 83
33 98
33 109
33 120
33 122
33 127
33 132
33 149
34 3
34 4
34 6
34 8
34 32
34 37
34 103
34 104
34 106
34 110
34 118
34 120
34 127
34 136
35 8
35 9
35 11
35 20
35 38
35 41
35 55
35 63
35 69
35 97
35 102
35 117
35 121
35 125
35 144
35 152
36 13
36 43
36 73
36 74
36 117
36 122
36 125
36 130
37 10
37 23
37 26
37 27
37 36
37 41
37 49
37 70
37 88
37 97
37 110
37 113
37 119
37 134
37 136
37 149
38 5
38 13
38 22
38 54
38 59
38 64
38 74
38 75
38 76
38 80
38 82
38 88
38 96
38 98
38 103
38 105
38 108
38 133
38 138
39 57
39 64
39 65
39 68
39 79
39 92
39 101
39 129
39 130
39 134
39 137
39 152
40 4
40 10
40 13
40 15
40 33
40 43
40 60
40 65
40 78
40 94
40 115
40 126
40 136
40 144
41 0
41 5
41 29
41 44
41 48
41 54
41 97
41 104
41 105
41 122
41 130
41 149
41 153
41 155
42 10
42 12
42 13
42 18
42 23
42 26
42 29
42 33
42 70
42 73
42 88
42 91
42 94
42 109
42 135
42 142
42 154
42 159
43 25
43 50
43 51
43 54
43 80
43 86
43 89
43 95
43 99
43 114
43 129
43 141
43 142
43 143
43 144
43 145
43 149
44 0
44 6
44 22
44 33
44 55
44 56
44 66
44 98
44 112
44 128
44 129
44 151
45 6
45 21
45 27
45 60
45 64
45 70
45 110
45 144
45 147
46 11
46 16
46 49
46 69
46 76
46 97
46 111
46 119
46 131
46 145
46 150
46 156
47 18
47 33
47 48
47 61
47 66
47 74
47 75
47 94
47 100
47 119
47 121
47 124
47 148
48 9
48 13
48 25
48 28
48 34
48 38
48 42
48 46
48 52
48 78
48 90
48 117
48 125
48 154
48 158
49 38
49 59
49 67
49 68
49 74
49 76
49 77
49 101
49 106
49 112
49 116
49 119
49 120
49 132
49 138
49 145
50 4
50 16
50 22
50 24
50 35
50 36
50 61
50 81
50 96
50 123
50 131
50 147
50 154
50 156
50 159
51 2
51 5
51 21
51 22
51 36
51 40
51 45
51 50
51 56
51 79
51 86
51 98
51 101
51 104
51 111
51 115
51 122
51 129
51 131
51 132
51 134
51 151
51 153
51 156
51 159
52 0
52 16
52 20
52 29
52 39
52 40
52 41
52 49
52 64
52 76
52 79
52 83
52 90
52 100
52 116
52 118
52 126
52 127
52 134
52 136
52 137
52 143
52 144
52 150
53 6
53 9
53 18
53 28
53 37
53 45
53 50
53 67
53 102
53 107
53 113
53 119
53 128
53 130
53 132
53 139
53 145
53 155
54 6
54 18
54 19
54 37
54 40
54 98
54 100
54 114
54 115
54 129
54 144
55 27
55 30
55 34
55 36
55 50
55 61
55 78
55 81
55 92
55 100
55 136
55 137
55 146
56 15
56 24
56 25
56 75
56 77
56 89
56 92
56 99
56 129
57 1
57 6
57 16
57 28
57 31
57 64
57 80
57 86
57 117
57 139
57 144
58 11
58 21
58 44
58 48
58 56
58 67
58 80
58 88
58 102
58 103
58 121
58 147
58 151
58 155
58 159
59 7
59 11
59 13
59 33
59 42
59 44
59 58
59 81
59 83
59 85
59 91
59 154
60 4
60 20
60 23
60 34
60 68
60 73
60 80
60 81
60 93
60 96
60 122
60 130
60 132
60 133
60 153
61 30
61 39
61 45
61 46
61 48
61 56
61 65
61 69
61 73
61 103
61 119
61 122
61 134
61 154
62 0
62 2
62 3
62 19
62 22
62 49
62 58
62 68
62 69
62 80
62 119
62 122
62 123
62 127
62 149
62 158
63 4
63 41
63 42
63 45
63 51
63 58
63 65
63 86
63 101
63 103
63 111
63 113
63 136
63 142
63 159
64 8
64 10
64 14
64 22
64 31
64 54
64 55
64 56
64 58
64 69
64 72
64 85
64 90
64 125
64 139
64 147
64 149
64 151
64 155
65 5
65 6
65 19
65 21
65 33
65 36
65 54
65 68
65 90
65 103
65 121
65 124
65 128
65 137
65 146
65 147
66 3
66 14
66 19
66 56
66 61
66 93
66 114
66 117
66 137
66 138
67 15
67 48
67 55
67 87
67 109
67 115
67 126
67 135
67 150
67 158
68 8
68 9
68 19
68 28
68 36
68 38
68 57
68 72
68 91
68 93
68 114
68 134
68 159
69 0
69 1
69 7
69 37
69 49
69 76
69 82
69 110
69 112
69 119
70 0
70 19
70 24
70 40
70 71
70 72
70 82
70 87
70 96
70 106
70 110
70 111
70 117
70 122
70 125
70 135
70 140
71 2
71 8
71 26
71 41
71 55
71 57
71 60
71 64
71 99
71 128
71 134
71 141
71 146
71 159
72 12
72 17
72 53
72 69
72 77
72 127
72 137
72 138
72 144
72 150
73 11
73 16
73 25
73 51
73 52
73 55
73 66
73 103
73 126
73 136
73 142
73 146
74 10
74 11
74 25
74 31
74 39
74 41
74 60
74 85
74 93
74 98
74 99
74 102
74 106
74 122
74 128
74 130
74 141
74 148
74 156
75 16
75 20
75 24
75 31
75 40
75 48
75 58
75 66
75 74
75 76
75 80
75 85
75 92
75 99
75 105
75 124
75 133
75 157
76 0
76 1
76 9
76 13
76 15
76 18
76 31
76 35
76 39
76 42
76 53
76 71
76 73
76 77
76 78
76 84
76 87
76 91
76 92
76 95
76 99
76 104
76 118
76 123
76 130
76 132
77 2
77 29
77 30
77 40
77 47
77 57
77 78
77 99
77 106
77 111
77 126
77 138
77 144
77 153
78 7
78 11
78 20
78 51
78 58
78 69
78 72
78 81
78 82
78 103
78 104
78 112
78 116
78 119
78 123
78 142
78 150
78 156
78 159
79 1
79 4
79 6
79 16
79 31
79 49
79 54
79 72
79 80
79 82
79 107
79 115
79 116
79 136
79 139
79 155
80 0
80 9
80 15
80 29
80 32
80 33
80 35
80 37
80 53
80 54
80 59
80 67
80 71
80 82
80 85
80 95
80 104
80 107
80 110
80 117
80 146
81 6
81 15
81 29
81 41
81 71
81 90
81 106
81 111
81 112
81 113
81 133
81 135
82 2
82 7
82 12
82 16
82 51
82 53
82 55
82 62
82 63
82 83
82 90
82 102
82 103
82 105
82 106
82 136
82 137
83 0
83 3
83 6
83 10
83 15
83 26
83 51
83 56
83 75
83 87
83 90
83 116
83 143
83 146
83 150
84 19
84 22
84 34
84 43
84 62
84 63
84 66
84 79
84 91
84 94
84 102
84 121
84 143
84 154
84 157
85 10
85 20
85 33
85 104
85 111
85 115
85 124
85 159
86 29
86 35
86 39
86 40
86 62
86 73
86 75
86 93
86 96
86 112
86 114
86 121
86 123
86 133
86 138
86 139
86 141
86 145
86 147
87 7
87 8
87 17
87 21
87 30
87 40
87 44
87 61
87 71
87 79
87 88
87 106
87 107
87 108
87 116
87 126
87 134
87 150
87 154
87 155
87 156
88 0
88 1
88 4
88 7
88 11
88 23
88 24
88 25
88 27
88 49
88 63
88 65
88 75
88 86
88 105
88 109
88 112
88 118
89 15
89 44
89 48
89 58
89 59
89 60
89 65
89 71
89 93
89 97
89 98
89 100
89 101
89 126
89 149
89 153
89 155
90 4
90 14
90 35
90 55
90 73
90 88
90 89
90 93
90 94
90 98
90 100
90 101
90 104
90 107
90 115
90 123
90 127
90 128
90 129
90 131
90 136
90 140
91 25
91 36
91 37
91 44
91 71
91 87
91 98
91 105
91 125
91 145
91 150
91 151
91 159
92 15
92 32
92 38
92 53
92 57
92 62
92 72
92 88
92 96
92 125
92 127
92 130
92 149
92 156
93 13
93 14
93 41
93 46
93 53
93 59
93 63
93 73
93 83
93 100
93 106
93 123
93 131
93 132
93 140
93 156
93 157
94 26
94 35
94 36
94 55
94 61
94 77
94 101
94 113
94 116
94 122
94 126
94 136
94 157
94 158
95 15
95 41
95 42
95 53
95 60
95 72
95 75
95 79
95 83
95 121
95 125
95 131
95 149
95 157
96 5
96 28
96 40
96 46
96 49
96 57
96 58
96 79
96 94
96 98
96 107
96 115
96 128
96 135
96 144
96 148
96 154
96 159
97 24
97 31
97 32
97 50
97 53
97 56
97 57
97 58
97 62
97 67
97 74
97 103
97 107
97 114
97 127
97 140
97 148
97 158
98 5
98 6
98 19
98 23
98 31
98 32
98 35
98 58
98 60
98 68
98 69
98 77
98 110
98 123
98 129
98 134
99 7
99 26
99 35
99 38
99 41
99 42
99 55
99 68
99 73
99 85
99 86
99 90
99 104
99 145
99 149
99 151
100 4
100 6
100 17
100 25
100 30
100 81
100 82
100 98
100 99
100 103
100 105
100 109
100 110
100 112
100 126
100 131
100 136
100 145
100 151
100 152
100 159
101 14
101 19
101 21
101 46
101 48
101 56
101 68
101 69
101 79
101 84
101 95
101 104
101 105
101 134
101 139
101 157
102 15
102 20
102 34
102 36
102 41
102 46
102 50
102 59
102 67
102 70
102 108
102 110
102 112
102 116
102 145
102 146
102 147
103 0
103 5
103 23
103 36
103 46
103 48
103 60
103 66
103 88
103 96
103 102
103 105
103 108
103 137
103 147
103 154
103 159
104 10
104 13
104 24
104 26
104 33
104 43
104 55
104 63
104 82
104 92
104 98
104 115
104 116
104 120
104 139
104 145
104 158
105 1
105 2
105 4
105 10
105 14
105 22
105 34
105 36
105 43
105 49
105 54
105 61
105 78
105 95
105 104
105 141
106 25
106 33
106 42
106 84
106 86
106 102
106 104
106 122
106 148
106 155
107 0
107 12
107 19
107 23
107 29
107 45
107 46
107 64
107 83
107 93
107 101
107 119
107 139
107 144
108 4
108 15
108 24
108 27
108 37
108 39
108 53
108 55
108 68
108 76
108 79
108 96
108 100
108 106
108 110
108 135
108 143
108 149
109 6
109 9
109 29
109 35
109 39
109 49
109 61
109 84
109 86
109 114
109 140
109 144
109 157
110 13
110 26
110 36
110 38
110 39
110 46
110 50
110 61
110 66
110 78
110 79
110 81
110 89
110 91
110 109
110 114
110 130
110 134
110 137
110 144
110 148
110 152
110 157
110 158
111 14
111 32
111 33
111 40
111 43
111 53
111 64
111 80
111 83
111 86
111 95
111 96
111 98
111 118
111 124
111 125
111 129
111 133
111 134
111 137
111 140
112 30
112 34
112 50
112 52
112 53
112 72
112 80
112 83
112 90
112 91
112 103
112 129
112 138
112 154
112 157
112 159
113 9
113 17
113 19
113 30
113 41
113 60
113 79
113 83
113 93
113 103
113 108
113 110
113 114
113 116
113 118
113 128
113 134
113 137
113 146
113 155
113 159
114 22
114 29
114 36
114 37
114 38
114 42
114 48
114 50
114 73
114 102
114 103
114 111
114 121
114 143
114 153
115 1
115 7
115 37
115 42
115 47
115 53
115 66
115 73
115 89
115 105
115 106
115 110
115 116
115 122
115 128
115 134
115 140
115 153
115 158
116 20
116 22
116 36
116 38
116 39
116 69
116 96
116 110
116 111
116 114
116 123
116 124
116 135
117 8
117 12
117 17
117 27
117 28
117 31
117 32
117 45
117 50
117 64
117 73
117 94
117 95
117 113
117 115
117 124
118 7
118 8
118 13
118 16
118 29
118 45
118 54
118 64
118 65
118 74
118 79
118 84
118 90
118 93
118 132
118 133
118 136
118 139
118 149
118 153
118 156
119 4
119 16
119 19
119 20
119 28
119 39
119 43
119 48
119 54
119 64
119 73
119 79
119 92
119 93
119 104
119 105
119 110
119 115
119 117
119 124
119 145
119 149
119 151
120 0
120 8
120 10
120 14
120 31
120 44
120 53
120 54
120 55
120 64
120 66
120 72
120 82
120 115
120 144
121 7
121 17
121 19
121 33
121 36
121 46
121 50
121 61
121 74
121 79
121 97
121 98
121 102
121 105
121 135
122 10
122 19
122 37
122 44
122 82
122 83
122 110
122 111
122 112
122 132
123 4
123 8
123 39
123 72
123 94
123 119
123 137
123 138
123 156
124 10
124 19
124 22
124 30
124 32
124 39
124 42
124 45
124 48
124 57
124 72
124 78
124 87
124 90
124 100
124 104
124 112
124 126
124 132
124 140
124 145
124 148
124 151
125 9
125 22
125 41
125 84
125 89
125 116
125 122
125 126
125 129
125 130
125 132
126 1
126 25
126 50
126 60
126 74
126 81
126 84
126 88
126 99
126 107
126 135
126 145
126 153
126 159
127 1
127 8
127 24
127 26
127 27
127 37
127 43
127 46
127 71
127 74
127 78
127 83
127 91
127 144
127 154
128 8
128 15
128 24
128 33
128 40
128 92
128 93
128 95
128 97
128 98
128 114
128 123
128 129
128 136
128 141
128 153
129 5
129 10
129 41
129 46
129 47
129 63
129 69
129 73
129 86
129 102
129 103
129 127
129 138
129 141
130 14
130 15
130 25
130 27
130 35
130 47
130 48
130 52
130 63
130 64
130 69
130 70
130 102
130 108
130 123
130 124
130 136
130 138
130 143
130 149
130 156
131 10
131 15
131 16
131 29
131 44
131 52
131 54
131 75
131 83
131 96
131 115
131 128
131 145
131 148
132 2
132 13
132 16
132 29
132 34
132 40
132 44
132 56
132 64
132 71
132 95
132 99
132 115
132 119
132 137
132 144
132 157
132 158
133 0
133 9
133 14
133 22
133 33
133 40
133 52
133 63
133 84
133 88
133 96
133 104
133 112
133 128
133 132
133 141
133 146
133 148
134 11
134 18
134 27
134 62
134 85
134 122
134 136
134 139
134 140
134 155
135 14
135 20
135 27
135 36
135 46
135 52
135 57
135 62
135 88
135 93
135 100
135 109
135 111
135 128
135 145
135 149
135 153
136 8
136 23
136 41
136 44
136 57
136 88
136 107
136 113
136 120
136 139
136 140
136 150
136 151
137 4
137 12
137 22
137 24
137 30
137 43
137 57
137 62
137 73
137 74
137 79
137 83
137 98
137 122
137 126
137 129
137 141
137 142
137 144
137 145
137 146
137 149
138 3
138 12
138 15
138 36
138 70
138 85
138 88
138 95
138 102
138 115
138 119
138 122
138 137
138 143
138 145
138 146
138 149
138 150
139 3
139 20
139 23
139 35
139 49
139 51
139 63
139 70
139 94
139 99
139 100
139 102
139 103
139 105
139 115
139 121
139 130
139 143
139 157
140 0
140 8
140 21
140 22
140 24
140 29
140 31
140 42
140 46
140 49
140 63
140 64
140 66
140 73
140 75
140 86
140 88
140 103
140 126
140 130
140 131
140 147
140 159
141 5
141 6
141 21
141 22
141 49
141 53
141 54
141 55
141 70
141 72
141 78
141 85
141 96
141 102
141 115
141 122
141 127
141 140
141 147
141 154
141 158
142 4
142 25
142 32
142 36
142 37
142 59
142 70
142 79
142 120
142 127
142 129
143 34
143 38
143 44
143 67
143 99
143 113
143 118
143 150
144 12
144 13
144 14
144 17
144 38
144 56
144 59
144 71
144 79
144 81
144 85
144 90
144 105
144 114
144 129
144 136
144 140
144 141
144 151
145 0
145 37
145 40
145 57
145 67
145 73
145 101
145 116
146 10
146 11
146 12
146 23
146 32
146 39
146 50
146 59
146 79
146 86
146 100
146 110
146 114
146 115
146 118
146 122
146 129
146 141
146 147
147 8
147 13
147 14
147 19
147 28
147 33
147 35
147 37
147 49
147 56
147 59
147 112
147 133
147 139
147 145
148 18
148 23
148 28
148 30
148 33
148 75
148 76
148 77
148 94
148 105
148 113
148 137
148 151
148 159
149 0
149 25
149 82
149 86
149 104
149 129
149 133
149 153
149 157
149 158
150 10
150 19
150 26
150 55
150 56
150 58
150 76
150 84
150 89
150 133
150 139
150 151
151 3
151 5
151 13
151 33
151 35
151 49
151 50
151 66
151 67
151 88
151 93
151 115
151 142
151 143
151 147
151 149
152 3
152 4
152 26
152 27
152 65
152 90
152 91
152 93
152 96
152 101
152 102
152 118
152 144
152 151
153 2
153 16
153 20
153 27
153 34
153 40
153 42
153 48
153 59
153 65
153 70
153 72
153 87
153 91
153 95
153 97
153 110
153 122
153 125
153 129
153 139
153 157
154 15
154 29
154 36
154 40
154 56
154 60
154 64
154 72
154 77
154 82
154 97
154 108
154 121
154 130
154 156
155 1
155 14
155 17
155 21
155 30
155 31
155 32
155 34
155 45
155 46
155 55
155 62
155 88
155 99
155 101
155 110
155 112
155 120
155 126
155 147
156 12
156 13
156 27
156 32
156 36
156 39
156 47
156 53
156 59
156 66
156 68
156 82
156 100
156 117
156 134
156 137
156 143
156 148
157 0
157 4
157 14
157 21
157 22
157 32
157 33
157 40
157 65
157 66
157 78
157 130
157 134
157 141
157 158
158 22
158 34
158 42
158 43
158 46
158 53
158 73
158 77
158 80
158 84
158 102
158 126
158 127
158 130
158 140
158 143
159 30
159 31
159 75
159 84
159 87
159 98
159 104
159 107
159 109
159 132
159 133
0 1 2 3 4 5 6
