160 2544 12
0 17
0 35
0 47
0 51
0 70
0 81
0 85
0 95
0 104
0 108
0 121
1 2
1 4
1 5
1 12
1 17
1 21
1 40
1 48
1 51
1 56
1 66
1 76
1 82
1 107
1 111
1 133
1 142
1 155
2 8
2 23
2 33
2 35
2 36
2 52
2 55
2 58
2 62
2 63
2 70
2 72
2 89
2 100
2 110
2 113
2 114
2 117
2 123
2 130
2 158
3 1
3 2
3 5
3 7
3 13
3 17
3 22
3 50
3 56
3 59
3 104
3 105
3 112
3 126
3 130
3 141
3 143
3 149
4 0
4 3
4 11
4 12
4 21
4 28
4 31
4 45
4 49
4 72
4 85
4 86
4 92
4 93
4 108
4 122
4 124
4 134
5 4
5 10
5 36
5 47
5 57
5 75
5 77
5 90
5 99
5 100
5 101
5 105
5 123
5 150
5 153
5 156
5 158
6 5
6 10
6 20
6 22
6 41
6 46
6 52
6 57
6 74
6 76
6 85
6 86
6 133
6 134
6 144
6 150
7 15
7 20
7 21
7 37
7 52
7 55
7 66
7 74
7 81
7 86
7 89
7 111
7 115
7 117
7 134
7 135
8 3
8 11
8 12
8 35
8 38
8 39
8 41
8 43
8 55
8 56
8 57
8 69
8 71
8 78
8 84
8 106
8 112
8 114
8 119
8 137
8 156
9 15
9 20
9 24
9 35
9 46
9 51
9 54
9 60
9 66
9 67
9 89
9 95
9 97
9 101
9 106
9 131
9 132
9 141
9 159
10 9
10 17
10 23
10 29
10 36
10 37
10 43
10 44
10 55
10 62
10 82
10 111
10 128
10 132
10 137
10 139
10 153
11 6
11 14
11 16
11 33
11 36
11 40
11 59
11 72
11 96
11 103
11 108
11 111
11 118
11 124
11 132
11 133
11 141
11 145
11 147
11 150
12 5
12 19
12 32
12 35
12 45
12 89
12 124
12 142
12 149
13 23
13 73
13 89
13 93
13 104
13 108
13 121
13 128
13 152
13 153
14 9
14 15
14 30
14 31
14 34
14 36
14 37
14 40
14 45
14 50
14 59
14 70
14 79
14 86
14 89
14 106
14 107
14 114
14 127
14 131
14 151
15 5
15 16
15 35
15 71
15 74
15 80
15 91
15 108
15 112
15 120
15 156
16 4
16 36
16 51
16 80
16 86
16 104
16 115
16 120
16 121
16 125
16 131
16 154
17 6
17 22
17 32
17 39
17 53
17 64
17 65
17 70
17 75
17 84
17 98
17 100
17 108
17 127
17 129
17 140
17 142
17 154
17 157
18 9
18 37
18 41
18 50
18 52
18 61
18 93
18 98
18 103
18 106
18 116
18 117
18 122
18 138
18 140
18 141
18 142
18 144
18 152
19 7
19 9
19 10
19 16
19 25
19 26
19 31
19 38
19 42
19 73
19 87
19 101
19 104
19 105
19 136
19 143
19 148
19 154
20 4
20 12
20 23
20 27
20 34
20 35
20 42
20 47
20 48
20 52
20 55
20 57
20 61
20 73
20 82
20 93
20 98
20 100
20 109
20 110
20 118
20 125
21 3
21 5
21 17
21 26
21 45
21 48
21 54
21 65
21 69
21 72
21 73
21 97
21 109
21 118
21 142
21 145
21 150
22 8
22 26
22 37
22 57
22 59
22 102
22 111
22 128
22 133
22 141
22 143
22 147
22 153
22 156
23 4
23 16
23 27
23 42
23 45
23 53
23 63
23 69
23 102
23 110
23 122
23 139
23 140
23 154
24 2
24 14
24 22
24 31
24 48
24 64
24 65
24 67
24 68
24 72
24 79
24 92
24 101
24 106
24 116
24 118
24 120
24 149
25 2
25 20
25 44
25 51
25 65
25 83
25 93
25 96
25 104
25 126
25 139
25 143
26 2
26 11
26 14
26 18
26 23
26 34
26 45
26 53
26 73
26 81
26 102
26 106
26 109
26 119
26 144
26 145
26 154
26 157
27 1
27 11
27 22
27 29
27 34
27 37
27 46
27 57
27 67
27 77
27 104
28 6
28 8
28 9
28 12
28 26
28 27
28 29
28 30
28 49
28 52
28 53
28 67
28 70
28 80
28 83
28 85
28 115
28 138
29 0
29 9
29 20
29 31
29 32
29 41
29 47
29 50
29 61
29 73
29 75
29 79
29 107
29 112
29 118
29 136
29 139
29 141
29 147
29 152
30 6
30 33
30 36
30 37
30 40
30 48
30 54
30 68
30 76
30 83
30 88
30 89
30 97
30 110
30 112
30 119
30 131
30 159
31 1
31 8
31 62
31 80
31 103
31 109
31 110
31 115
31 126
31 133
31 135
31 153
32 3
32 9
32 11
32 16
32 19
32 22
32 37
32 39
32 46
32 67
32 69
32 78
32 92
32 111
32 125
32 138
32 142
33 1
33 32
33 57
33 58
33 60
33 82
33 85
33 107
33 136
34 32
34 35
34 39
34 45
34 50
34 53
34 61
34 69
34 83
34 87
34 98
34 110
34 138
35 13
35 23
35 46
35 64
35 68
35 84
35 109
35 117
35 129
35 137
36 4
36 15
36 29
36 32
36 38
36 63
36 65
36 82
36 86
36 88
36 126
37 28
37 31
37 47
37 55
37 66
37 89
37 101
37 114
37 119
37 141
37 143
38 7
38 16
38 17
38 24
38 28
38 35
38 60
38 73
38 74
38 77
38 104
38 108
38 121
38 132
38 137
38 148
38 159
39 16
39 23
39 52
39 75
39 80
39 127
39 153
39 154
39 157
40 61
40 66
40 69
40 76
40 82
40 91
40 93
40 99
40 112
40 116
40 128
40 140
40 153
41 21
41 31
41 35
41 47
41 56
41 57
41 58
41 81
41 89
41 95
41 143
41 150
41 151
41 154
42 1
42 12
42 13
42 18
42 21
42 24
42 36
42 37
42 38
42 45
42 65
42 73
42 76
42 91
42 111
42 135
42 138
43 9
43 21
43 41
43 47
43 50
43 81
43 84
43 91
43 121
43 140
43 141
43 154
43 159
44 11
44 15
44 30
44 36
44 38
44 55
44 56
44 60
44 107
44 118
44 122
44 133
44 134
44 145
45 13
45 17
45 22
45 28
45 30
45 44
45 48
45 64
45 66
45 87
45 90
45 91
45 99
45 101
45 112
45 119
45 121
45 124
45 142
46 0
46 8
46 14
46 21
46 26
46 41
46 45
46 48
46 58
46 64
46 75
46 81
46 82
46 84
46 87
46 88
46 101
46 117
46 118
46 129
46 130
47 9
47 11
47 14
47 23
47 27
47 34
47 39
47 45
47 50
47 60
47 80
47 96
47 108
47 124
47 135
47 152
47 157
47 159
48 8
48 19
48 23
48 28
48 35
48 37
48 54
48 81
48 83
48 102
48 124
48 133
48 145
48 156
49 10
49 11
49 40
49 41
49 51
49 57
49 69
49 70
49 73
49 80
49 99
49 100
49 104
49 115
49 119
49 139
49 146
49 157
50 1
50 19
50 48
50 63
50 73
50 75
50 81
50 88
50 99
50 104
50 113
50 118
50 134
50 143
50 147
50 151
50 155
50 156
51 11
51 17
51 19
51 20
51 21
51 29
51 31
51 38
51 39
51 61
51 64
51 103
51 127
51 128
51 139
52 16
52 17
52 29
52 50
52 62
52 66
52 82
52 92
52 94
52 108
52 109
52 123
52 153
53 36
53 43
53 47
53 48
53 58
53 66
53 72
53 74
53 77
53 80
53 87
53 91
53 98
53 99
53 108
53 110
53 115
53 120
53 127
53 131
53 132
53 159
54 4
54 19
54 20
54 23
54 50
54 52
54 58
54 59
54 66
54 67
54 68
54 69
54 91
54 111
54 119
54 120
54 131
54 134
54 135
55 13
55 18
55 48
55 82
55 88
55 112
55 119
55 125
55 127
55 138
55 149
55 152
56 0
56 5
56 21
56 22
56 35
56 36
56 48
56 55
56 58
56 84
56 85
56 106
56 110
56 151
57 3
57 39
57 46
57 74
57 78
57 95
57 96
57 104
57 125
57 140
57 148
57 156
58 10
58 12
58 28
58 34
58 38
58 43
58 47
58 55
58 68
58 72
58 80
58 85
58 99
58 107
58 125
58 150
58 151
59 4
59 20
59 30
59 35
59 38
59 52
59 58
59 65
59 88
59 89
59 118
59 137
59 156
60 6
60 13
60 29
60 30
60 35
60 52
60 77
60 85
60 86
60 89
60 93
60 97
60 102
60 113
60 120
60 123
60 129
61 5
61 6
61 8
61 13
61 14
61 31
61 52
61 56
61 62
61 67
61 73
61 78
61 84
61 94
61 101
61 124
61 131
61 132
61 137
61 138
61 152
61 156
61 158
62 12
62 22
62 23
62 29
62 38
62 45
62 57
62 58
62 69
62 95
62 103
62 104
62 105
62 113
62 117
62 120
62 159
63 11
63 12
63 33
63 34
63 35
63 39
63 48
63 52
63 55
63 58
63 61
63 62
63 66
63 73
63 89
63 113
63 117
63 127
63 136
63 148
64 19
64 30
64 42
64 43
64 54
64 58
64 92
64 105
64 106
64 110
64 133
64 143
64 152
65 13
65 14
65 20
65 30
65 45
65 57
65 58
65 66
65 67
65 73
65 114
65 124
65 137
65 142
65 144
65 146
65 149
66 4
66 5
66 8
66 13
66 33
66 51
66 59
66 60
66 62
66 71
66 74
66 78
66 82
66 83
66 85
66 96
66 98
66 136
66 150
66 155
67 3
67 42
67 45
67 48
67 59
67 71
67 74
67 96
67 107
67 109
67 119
67 126
67 141
67 145
67 150
67 154
67 159
68 4
68 8
68 16
68 18
68 23
68 34
68 60
68 66
68 136
68 139
68 145
68 157
69 0
69 2
69 4
69 19
69 22
69 25
69 42
69 47
69 76
69 98
69 101
69 115
69 119
69 123
69 127
69 130
69 137
69 151
70 1
70 5
70 50
70 60
70 68
70 72
70 77
70 80
70 87
70 91
70 100
70 108
70 144
70 154
71 1
71 11
71 14
71 22
71 23
71 26
71 50
71 60
71 77
71 78
71 83
71 87
71 96
71 151
71 153
71 154
72 23
72 34
72 36
72 42
72 48
72 49
72 61
72 74
72 84
72 112
72 123
72 127
72 133
72 145
72 159
73 10
73 18
73 24
73 25
73 33
73 75
73 83
73 84
73 90
73 106
73 119
73 131
73 143
73 146
73 149
73 152
74 33
74 35
74 43
74 47
74 51
74 71
74 79
74 88
74 105
74 125
74 130
74 135
74 136
74 146
75 19
75 24
75 44
75 58
75 61
75 67
75 76
75 89
75 92
75 94
75 95
75 103
75 104
75 113
75 118
75 119
75 135
75 140
75 143
76 2
76 11
76 13
76 16
76 27
76 33
76 66
76 77
76 92
76 104
76 114
76 129
76 131
76 149
76 155
77 9
77 11
77 21
77 52
77 56
77 67
77 82
77 95
77 99
77 101
77 103
77 108
77 114
77 115
77 117
77 142
77 145
77 150
78 1
78 2
78 14
78 15
78 16
78 23
78 29
78 41
78 59
78 67
78 86
78 93
78 97
78 110
78 124
78 147
78 154
78 158
79 1
79 2
79 5
79 17
79 22
79 26
79 56
79 99
79 109
79 111
79 113
79 117
79 123
79 135
79 154
79 157
80 5
80 11
80 21
80 41
80 50
80 65
80 93
80 124
80 135
80 139
80 144
80 149
80 151
81 9
81 17
81 27
81 42
81 56
81 62
81 71
81 79
81 91
81 95
81 102
81 104
81 110
81 112
81 120
81 121
81 140
81 144
82 11
82 56
82 73
82 76
82 87
82 105
82 110
82 114
82 117
82 121
82 127
83 3
83 6
83 16
83 20
83 29
83 56
83 90
83 106
83 113
83 117
83 132
83 141
83 143
83 149
84 11
84 15
84 21
84 31
84 34
84 38
84 54
84 75
84 110
84 121
84 128
84 150
84 157
85 14
85 30
85 42
85 43
85 44
85 50
85 51
85 54
85 76
85 78
85 83
85 89
85 94
85 102
85 107
85 110
85 114
85 115
85 139
85 155
86 0
86 1
86 17
86 23
86 46
86 52
86 72
86 83
86 95
86 96
86 98
86 101
86 115
86 117
86 118
86 128
86 130
86 132
86 145
86 147
86 154
86 156
87 41
87 58
87 59
87 68
87 69
87 79
87 135
87 139
87 145
87 151
87 155
88 3
88 13
88 16
88 20
88 24
88 38
88 42
88 57
88 62
88 105
88 107
88 112
88 117
88 126
88 128
88 129
88 135
88 139
88 143
88 145
88 149
89 6
89 8
89 21
89 29
89 36
89 48
89 49
89 54
89 61
89 77
89 92
89 97
89 103
89 104
89 120
89 123
89 125
90 4
90 6
90 9
90 13
90 37
90 38
90 46
90 57
90 65
90 86
90 92
90 95
90 116
90 131
90 132
90 135
90 145
90 148
91 1
91 13
91 67
91 79
91 82
91 89
91 96
91 98
91 102
91 103
91 107
91 114
91 132
91 151
92 0
92 5
92 8
92 14
92 16
92 19
92 22
92 25
92 27
92 29
92 40
92 54
92 57
92 60
92 65
92 70
92 82
92 88
92 95
92 96
92 98
92 108
92 119
92 124
92 126
92 127
92 133
92 144
92 145
93 10
93 30
93 32
93 36
93 38
93 57
93 59
93 62
93 63
93 65
93 87
93 100
93 107
93 127
93 136
93 139
93 153
94 6
94 10
94 42
94 46
94 65
94 67
94 72
94 77
94 123
94 124
94 130
94 135
94 143
94 153
95 13
95 15
95 22
95 24
95 59
95 69
95 83
95 89
95 100
95 105
95 117
95 128
95 132
95 134
95 141
95 152
95 158
96 2
96 18
96 28
96 30
96 48
96 56
96 61
96 74
96 98
96 109
96 129
96 137
96 143
96 145
97 4
97 17
97 29
97 36
97 67
97 88
97 92
97 103
97 133
97 138
97 147
98 7
98 11
98 19
98 37
98 48
98 78
98 81
98 88
98 113
98 114
98 119
98 121
98 137
98 144
98 147
98 158
99 1
99 2
99 18
99 24
99 29
99 33
99 43
99 62
99 72
99 76
99 82
99 93
99 96
99 104
99 113
99 115
99 118
99 123
99 126
99 135
99 137
100 8
100 27
100 33
100 43
100 50
100 57
100 71
100 78
100 82
100 84
100 85
100 91
100 96
100 97
100 107
100 119
100 126
100 128
100 133
101 11
101 18
101 26
101 47
101 64
101 76
101 100
101 107
101 119
101 126
101 158
101 159
102 11
102 19
102 29
102 31
102 38
102 57
102 72
102 78
102 83
102 92
102 99
102 118
102 135
102 139
102 142
103 5
103 6
103 10
103 19
103 24
103 25
103 37
103 44
103 45
103 55
103 58
103 59
103 70
103 72
103 83
103 113
103 117
103 130
103 154
103 155
104 4
104 11
104 30
104 32
104 33
104 39
104 43
104 51
104 55
104 59
104 63
104 70
104 72
104 77
104 101
104 102
104 110
104 131
105 0
105 20
105 36
105 42
105 48
105 53
105 66
105 67
105 81
105 86
105 102
105 119
105 120
105 121
105 127
105 137
105 140
105 156
106 19
106 22
106 27
106 36
106 39
106 77
106 92
106 101
106 122
106 127
106 135
107 8
107 10
107 41
107 55
107 60
107 63
107 64
107 78
107 84
107 104
107 118
107 134
107 136
107 141
108 12
108 33
108 41
108 43
108 58
108 64
108 69
108 72
108 84
108 100
108 105
108 119
108 147
108 154
109 2
109 22
109 34
109 37
109 46
109 51
109 59
109 64
109 78
109 88
109 103
109 113
109 119
109 131
109 133
109 139
109 144
109 156
109 159
110 4
110 6
110 12
110 40
110 47
110 49
110 58
110 83
110 87
110 94
110 126
110 128
110 130
110 135
110 146
110 148
111 6
111 20
111 26
111 52
111 58
111 66
111 96
111 99
111 121
111 135
111 140
112 0
112 6
112 16
112 18
112 47
112 52
112 61
112 65
112 73
112 93
112 106
112 114
112 115
112 119
112 123
112 139
112 154
112 157
113 24
113 25
113 33
113 41
113 46
113 49
113 52
113 64
113 68
113 80
113 85
113 87
113 93
113 95
113 97
113 114
113 127
113 138
113 139
113 159
114 1
114 3
114 10
114 58
114 66
114 72
114 74
114 81
114 90
114 102
114 104
114 124
114 130
114 131
114 145
114 149
115 0
115 11
115 23
115 35
115 38
115 42
115 43
115 63
115 65
115 71
115 72
115 73
115 90
115 98
115 102
115 111
115 118
115 124
115 157
116 13
116 14
116 25
116 28
116 31
116 34
116 37
116 46
116 49
116 72
116 78
116 81
116 84
116 99
116 100
116 124
116 133
116 145
117 11
117 21
117 28
117 29
117 41
117 51
117 61
117 66
117 69
117 78
117 87
117 118
117 144
117 146
117 150
117 151
117 152
118 0
118 16
118 25
118 27
118 38
118 43
118 55
118 69
118 70
118 77
118 103
118 104
118 126
118 131
118 136
118 150
119 20
119 22
119 44
119 58
119 70
119 71
119 72
119 83
119 104
119 114
119 121
119 127
119 135
119 146
120 0
120 38
120 73
120 87
120 102
120 115
120 124
120 139
121 3
121 18
121 19
121 21
121 26
121 37
121 41
121 47
121 51
121 57
121 62
121 73
121 90
121 93
121 118
121 145
121 149
121 152
121 157
122 7
122 37
122 39
122 43
122 46
122 50
122 57
122 65
122 87
122 92
122 96
122 113
122 133
122 134
122 137
122 140
122 143
122 150
122 152
122 157
123 0
123 6
123 8
123 17
123 18
123 22
123 38
123 48
123 49
123 51
123 55
123 61
123 70
123 74
123 78
123 93
123 115
123 124
123 130
123 143
124 0
124 5
124 18
124 28
124 49
124 56
124 60
124 62
124 87
124 108
124 109
124 122
124 125
124 137
124 143
124 146
125 13
125 14
125 30
125 41
125 45
125 46
125 65
125 82
125 83
125 94
125 97
125 108
125 112
125 117
125 118
125 126
125 150
125 151
126 14
126 16
126 18
126 37
126 41
126 50
126 62
126 72
126 77
126 81
126 86
126 97
126 117
126 121
126 123
126 128
126 131
126 137
127 3
127 4
127 10
127 11
127 19
127 20
127 45
127 61
127 81
127 121
127 124
127 137
127 139
127 151
127 156
128 4
128 6
128 17
128 21
128 50
128 53
128 57
128 58
128 63
128 66
128 70
128 81
128 99
128 114
128 115
128 125
128 138
129 4
129 7
129 27
129 49
129 64
129 72
129 74
129 92
129 97
129 100
129 104
129 105
129 113
129 114
129 118
129 134
129 136
129 146
129 147
129 152
130 8
130 18
130 34
130 40
130 42
130 43
130 70
130 72
130 80
130 83
130 87
130 104
130 105
130 107
130 120
130 121
130 126
130 138
130 143
130 152
130 158
131 4
131 13
131 31
131 40
131 52
131 59
131 66
131 77
131 88
131 89
131 94
131 129
131 143
131 152
131 155
132 0
132 23
132 57
132 58
132 75
132 102
132 111
132 128
132 131
132 133
132 148
133 4
133 5
133 9
133 19
133 32
133 60
133 84
133 85
133 96
133 114
133 135
133 152
134 27
134 32
134 40
134 46
134 49
134 56
134 59
134 68
134 84
134 94
134 96
134 103
134 120
134 124
134 147
135 24
135 34
135 57
135 60
135 63
135 67
135 70
135 71
135 72
135 86
135 108
135 114
135 123
135 127
135 131
135 132
135 142
135 144
135 145
135 153
135 157
135 158
136 0
136 2
136 15
136 22
136 30
136 37
136 38
136 60
136 90
136 91
136 101
136 104
136 109
136 119
136 151
136 157
137 19
137 50
137 52
137 70
137 79
137 86
137 90
137 153
138 13
138 26
138 27
138 37
138 44
138 66
138 91
138 92
138 93
138 94
138 98
138 109
138 111
138 114
138 120
138 121
138 126
138 131
138 143
138 147
138 151
138 152
138 156
139 5
139 8
139 13
139 21
139 27
139 31
139 45
139 48
139 62
139 63
139 67
139 71
139 96
139 100
139 110
139 124
139 138
139 146
139 157
140 2
140 49
140 60
140 70
140 71
140 86
140 91
140 100
140 124
140 130
140 151
141 4
141 15
141 32
141 54
141 58
141 68
141 86
141 119
141 125
141 145
141 153
142 19
142 44
142 47
142 51
142 54
142 61
142 66
142 70
142 95
142 123
142 124
142 127
142 137
142 144
142 151
142 157
143 4
143 7
143 10
143 42
143 44
143 46
143 56
143 115
143 121
143 128
143 135
143 140
144 14
144 15
144 16
144 38
144 42
144 51
144 60
144 63
144 67
144 71
144 93
144 120
144 132
144 149
145 9
145 32
145 39
145 42
145 43
145 46
145 54
145 65
145 73
145 74
145 89
145 93
145 105
145 107
145 108
145 111
145 117
145 129
145 140
145 149
146 6
146 7
146 13
146 23
146 26
146 27
146 32
146 45
146 50
146 79
146 104
146 107
146 125
146 143
146 144
147 2
147 8
147 17
147 35
147 45
147 46
147 72
147 81
147 84
147 85
147 96
147 135
147 139
147 141
147 154
148 0
148 6
148 10
148 47
148 49
148 71
148 80
148 84
148 88
148 91
148 94
148 106
148 126
148 141
149 7
149 8
149 36
149 68
149 69
149 72
149 81
149 92
149 98
149 99
149 109
149 118
149 150
150 8
150 19
150 20
150 22
150 23
150 26
150 29
150 31
150 48
150 49
150 51
150 57
150 65
150 78
150 81
150 94
150 100
150 104
150 120
150 127
150 142
150 145
150 152
151 4
151 12
151 20
151 25
151 54
151 55
151 60
151 62
151 70
151 78
151 103
151 116
151 139
152 2
152 4
152 39
152 58
152 74
152 78
152 81
152 90
152 101
152 114
153 7
153 12
153 14
153 29
153 37
153 61
153 97
153 106
153 113
153 126
153 128
153 143
153 148
153 149
153 155
153 159
154 5
154 14
154 15
154 18
154 24
154 28
154 37
154 47
154 66
154 96
154 130
154 158
155 21
155 23
155 40
155 43
155 49
155 80
155 83
155 100
155 102
155 109
155 110
155 114
155 118
155 142
155 156
155 159
156 14
156 16
156 28
156 37
156 58
156 60
156 71
156 78
156 99
156 115
156 139
157 7
157 23
157 33
157 44
157 76
157 81
157 82
157 91
157 95
157 109
157 126
157 144
157 158
158 3
158 9
158 41
158 43
158 54
158 57
158 66
158 81
158 105
158 112
158 118
158 140
159 4
159 58
159 64
159 68
159 74
159 79
159 86
159 90
159 94
159 119
159 120
159 124
159 144
159 145
159 154
0 1 2 3 4 5 6 7 8 9 10 11
