160 1062 24
0 16
0 20
0 21
0 27
0 64
0 69
0 108
0 157
0 159
1 91
1 92
1 114
1 156
1 157
2 85
2 95
2 113
2 129
2 139
2 141
3 89
3 101
3 108
3 112
3 119
3 124
4 11
4 46
4 58
4 96
4 120
4 151
5 29
5 32
5 49
5 55
5 72
5 77
6 48
6 50
6 53
6 66
6 87
6 115
6 122
6 151
7 61
7 77
7 106
7 123
8 54
8 58
8 78
8 83
8 88
8 90
8 95
8 99
8 103
8 119
8 156
9 33
9 50
9 56
9 70
9 73
9 100
9 148
9 158
10 27
10 28
10 76
10 95
10 103
11 67
11 73
11 77
11 86
11 93
11 119
11 139
12 32
12 34
12 38
12 72
12 96
12 131
12 151
12 152
13 4
13 63
13 140
14 85
14 102
14 138
14 150
14 159
15 1
15 39
15 69
15 104
16 0
16 44
16 59
16 75
16 77
16 140
17 15
17 43
17 106
17 108
17 138
18 81
19 30
19 41
19 44
19 113
19 116
20 0
20 1
20 13
20 22
20 34
20 48
20 100
20 104
20 110
20 121
20 131
20 143
21 0
21 45
21 55
21 61
21 112
22 2
22 20
22 30
22 46
22 92
22 104
23 21
23 25
23 30
23 58
23 61
23 144
24 85
24 89
24 112
24 124
25 2
25 42
25 44
25 55
25 68
25 72
25 78
25 89
25 94
25 122
26 2
26 25
26 29
26 37
26 49
26 51
26 67
26 92
26 99
27 9
27 16
27 83
27 88
27 90
27 116
27 151
27 159
28 10
28 150
28 152
29 5
29 26
29 38
29 42
29 91
29 105
29 116
29 122
29 140
29 145
29 156
30 16
30 35
30 56
30 64
30 71
30 74
30 76
30 91
30 95
30 115
30 119
30 131
30 138
31 23
31 74
31 90
31 98
32 5
32 12
32 43
32 118
33 9
33 37
33 57
33 95
33 106
33 110
33 119
33 139
33 155
34 20
34 125
34 134
34 144
35 8
35 14
35 30
35 41
35 47
35 54
35 74
35 127
36 14
36 51
36 58
36 63
36 70
36 77
36 94
36 101
36 110
36 121
36 128
36 141
36 147
36 152
37 26
37 33
37 39
37 61
37 66
37 68
37 69
37 83
37 84
37 102
37 113
38 15
38 17
38 57
38 109
38 140
39 15
39 28
39 32
39 56
39 84
39 85
39 102
39 148
39 149
40 65
40 73
40 97
41 35
41 77
41 94
41 107
41 117
41 153
42 29
42 111
43 2
43 17
43 59
43 61
43 62
43 113
43 123
43 134
44 4
44 16
44 19
44 25
44 58
44 60
44 129
44 132
45 69
45 97
45 115
45 122
45 123
45 143
46 22
46 27
46 84
46 132
46 138
46 157
47 12
47 35
47 69
47 97
47 143
48 58
48 73
48 80
48 135
49 5
49 18
49 68
49 130
49 138
50 0
50 2
50 6
50 74
50 113
51 19
51 47
51 49
51 64
51 87
51 88
51 113
51 158
52 49
52 50
52 54
52 93
52 104
52 127
52 129
52 134
53 73
53 87
53 90
53 126
53 127
53 130
53 149
54 8
54 56
54 80
54 84
54 96
54 159
55 90
55 119
55 123
55 148
56 9
56 39
56 54
56 131
56 158
57 23
57 33
57 38
57 61
57 86
57 93
57 122
58 4
58 44
58 48
58 109
58 113
58 118
58 139
58 153
59 7
59 43
59 60
59 143
60 44
60 49
60 56
60 59
60 114
60 131
60 132
60 137
60 158
61 42
61 43
61 53
61 69
61 76
61 142
62 43
62 86
62 111
63 21
63 25
63 81
64 57
64 89
64 115
65 3
65 12
65 53
65 62
65 68
65 85
65 90
65 137
65 155
65 159
66 15
66 102
66 108
66 110
66 140
67 26
67 125
67 131
67 136
67 155
68 4
68 25
68 49
68 122
68 127
68 140
69 37
69 47
69 61
69 77
69 90
69 108
69 122
69 154
70 36
70 80
70 92
70 111
70 139
70 148
71 0
71 30
71 75
71 92
71 101
71 129
71 146
71 151
72 31
72 32
72 38
72 95
72 96
72 121
72 122
72 129
72 153
73 9
73 11
73 16
73 40
73 41
73 52
73 90
73 112
73 116
74 30
74 50
74 73
74 77
74 106
74 126
75 3
75 4
75 16
75 78
75 121
75 158
76 10
76 14
76 30
76 57
76 61
76 128
76 135
76 155
76 159
77 5
77 16
77 103
77 135
77 153
78 8
78 29
78 88
78 93
78 130
79 30
79 83
79 94
79 113
79 119
80 48
80 117
80 136
80 144
80 145
80 146
81 17
81 18
81 51
81 63
81 86
81 120
81 130
82 0
82 5
82 9
82 34
82 57
82 72
82 139
83 76
83 99
83 119
83 120
83 135
84 37
84 92
84 94
84 135
85 65
85 74
85 76
85 105
85 106
85 133
86 7
86 11
86 24
86 49
86 54
86 67
86 124
86 142
87 2
87 47
87 49
87 51
87 54
87 68
87 108
87 121
87 137
87 149
88 7
88 25
88 32
88 78
88 98
88 111
88 115
88 119
88 152
89 3
89 24
89 50
89 94
89 99
89 158
90 3
90 8
90 22
90 61
90 68
90 73
90 93
90 107
90 129
91 1
91 24
91 29
91 64
91 124
91 135
91 138
91 142
91 150
91 155
92 33
92 51
92 74
92 104
92 112
92 143
92 155
93 11
93 20
93 24
93 43
93 52
93 57
93 68
93 90
93 101
93 114
93 123
93 146
94 16
94 35
94 42
94 79
94 102
94 114
94 148
95 10
95 72
95 110
95 116
95 122
95 126
96 4
96 12
96 23
96 80
96 98
96 110
96 115
96 126
96 159
97 36
97 40
97 45
97 47
97 62
97 88
97 100
97 122
97 133
97 134
97 145
98 46
98 58
98 88
98 129
99 8
99 88
99 120
100 1
100 97
100 98
100 153
100 155
101 69
101 90
101 93
101 148
102 58
102 59
102 66
102 94
102 103
102 108
103 8
103 10
103 81
103 99
103 106
103 111
103 136
103 152
103 154
104 22
104 52
104 108
104 117
104 147
105 37
105 52
105 76
105 80
105 117
105 120
105 155
106 7
106 17
106 33
106 83
106 91
106 129
106 137
107 3
107 21
107 28
107 41
107 138
108 3
108 38
108 66
108 69
108 87
108 102
108 119
108 130
108 155
109 12
109 58
109 82
109 90
109 94
109 119
110 8
110 20
110 33
110 36
110 62
110 66
110 95
110 111
110 143
110 158
111 5
111 16
111 42
111 63
111 70
111 88
111 104
111 115
111 156
112 24
112 49
112 92
112 154
113 15
113 41
113 50
114 1
114 18
114 60
114 80
114 94
114 130
114 152
115 42
115 45
115 48
115 80
115 111
115 133
115 136
116 19
116 27
116 29
116 31
116 43
116 73
116 145
117 12
117 41
117 80
117 104
117 129
117 135
117 147
118 32
118 42
118 57
118 81
118 96
118 101
118 134
118 141
118 158
119 8
119 11
119 30
119 39
119 55
119 83
119 88
119 95
119 108
119 109
119 151
120 1
120 4
120 17
120 24
120 42
120 58
120 81
120 83
120 105
120 122
120 131
121 1
121 20
121 36
121 60
121 64
121 72
121 75
121 87
121 139
121 147
122 35
122 95
122 97
122 100
122 106
122 120
122 156
123 46
123 79
123 124
123 127
123 142
123 150
124 3
124 24
124 28
124 84
124 131
124 151
125 10
125 96
125 140
125 148
125 159
126 95
126 115
127 30
127 105
127 123
128 15
128 20
128 62
128 76
128 113
128 137
128 142
129 52
129 71
129 72
129 98
129 106
129 154
130 16
130 34
130 53
130 78
130 108
130 127
131 11
131 30
131 63
131 90
131 120
131 124
131 145
132 44
132 95
132 96
132 115
133 28
134 34
134 95
134 100
134 114
134 118
134 133
134 143
134 149
134 152
135 47
135 65
135 84
135 91
135 142
135 156
136 30
136 32
136 67
136 80
136 88
136 151
137 27
137 37
137 79
137 157
138 17
138 35
138 46
138 47
138 49
138 91
138 152
138 154
139 4
139 11
139 34
139 42
139 58
139 82
139 104
139 121
139 134
139 148
140 16
140 38
140 41
140 69
140 104
140 110
140 128
141 2
141 25
141 75
141 118
141 121
141 148
142 1
142 41
142 61
142 91
142 123
142 135
142 158
143 20
143 39
143 45
143 74
143 92
143 110
143 131
144 8
144 12
144 14
144 23
144 36
144 61
144 97
144 106
145 24
145 29
145 44
145 80
145 81
145 97
145 98
145 114
145 131
145 152
145 156
146 13
146 69
146 80
146 84
147 59
147 64
147 86
147 119
147 138
147 149
148 9
148 33
148 39
148 70
148 83
148 94
148 139
148 141
149 66
149 72
149 87
149 152
149 154
150 8
150 14
150 28
150 90
150 108
150 123
150 156
151 4
151 6
151 12
151 71
151 81
151 89
151 124
151 146
152 103
152 114
152 127
152 138
152 145
152 149
152 154
153 58
153 96
153 142
154 42
154 46
154 69
154 103
154 112
154 129
154 133
154 138
154 152
154 156
155 3
155 33
155 76
155 91
155 92
155 100
155 105
155 108
155 148
156 1
156 2
156 13
156 29
156 111
156 122
156 135
156 145
156 148
156 150
156 154
157 0
157 38
157 46
157 48
157 61
157 140
157 159
158 51
158 54
158 60
158 75
158 110
158 142
159 53
159 54
159 65
159 157
0 1 2 3 4 5 6 7 8 9 10 11 12 13 14 15 16 17 18 19 20 21 22 23
