160 812 7
0 10
0 25
0 39
0 41
0 81
0 99
0 113
0 135
0 136
1 6
1 106
2 1
2 92
2 135
3 14
3 23
3 35
3 37
3 88
3 124
3 139
3 148
3 152
4 64
4 83
4 116
4 152
5 31
5 41
5 75
5 80
5 105
5 146
6 9
6 14
6 17
6 37
6 68
6 74
6 86
6 106
6 121
7 0
7 44
7 81
7 86
7 95
7 158
8 45
8 73
8 74
9 33
9 51
9 113
9 132
10 22
10 44
10 73
10 98
10 107
10 147
11 12
11 22
11 66
11 87
11 105
11 134
11 140
12 25
12 45
12 144
13 30
13 55
13 109
13 126
14 5
14 57
14 58
14 61
14 81
14 89
14 114
14 152
14 154
15 84
16 0
16 15
16 21
16 60
16 76
16 83
16 144
16 148
17 15
17 97
17 112
17 154
18 12
18 55
18 121
18 131
19 7
19 12
19 13
19 45
19 48
19 77
19 79
19 82
19 94
19 101
19 127
19 142
19 157
20 16
20 21
20 37
20 80
20 85
20 135
22 14
22 68
22 69
22 75
22 91
22 105
22 116
23 14
23 25
23 32
23 53
23 68
23 71
23 73
23 80
23 103
23 112
24 9
24 20
24 25
24 27
24 37
24 91
24 97
25 1
25 66
25 88
25 157
26 61
26 106
26 108
26 128
26 149
27 28
27 63
27 139
28 2
28 96
28 117
28 129
28 147
29 2
29 9
29 10
29 16
29 82
29 84
29 101
29 142
30 7
30 11
30 39
30 58
30 72
30 79
30 121
30 134
31 35
31 43
31 58
31 81
31 87
32 39
32 65
32 76
32 85
32 102
32 110
32 115
32 153
33 69
33 71
33 87
33 103
33 134
33 138
33 153
33 156
34 20
34 39
34 48
34 85
35 16
35 21
35 40
35 74
35 99
36 30
36 59
36 61
36 152
37 7
37 29
37 75
37 106
37 145
37 151
37 156
38 0
38 14
38 30
38 33
38 87
38 122
39 64
39 136
40 4
40 11
40 74
40 99
40 149
41 30
41 50
41 112
42 4
42 35
42 50
42 55
42 59
42 73
42 121
42 122
43 0
43 22
43 55
43 65
43 83
43 135
44 22
44 25
44 34
44 86
44 90
44 123
45 9
45 38
45 39
45 55
45 139
45 156
46 95
46 115
46 119
46 129
46 156
47 10
47 24
47 98
47 103
47 128
47 147
48 54
48 64
48 117
49 59
49 79
49 113
49 152
50 32
50 38
50 106
51 0
51 3
51 23
51 43
51 85
52 15
52 35
52 38
52 58
52 128
52 141
53 22
53 25
53 77
53 79
53 84
53 128
53 136
53 148
54 114
54 128
54 152
54 155
55 3
55 30
55 100
56 34
56 60
56 85
56 105
56 116
57 19
57 53
57 95
57 148
58 46
58 67
58 134
58 154
59 1
59 16
59 25
59 56
59 87
59 132
60 39
60 76
60 111
60 112
61 17
61 59
62 21
62 30
62 33
62 56
62 79
62 92
63 15
63 142
63 153
64 30
64 58
64 73
65 103
65 105
65 139
65 146
66 45
66 47
66 75
66 99
66 150
67 71
67 83
67 107
67 133
68 47
68 91
68 136
68 145
69 43
69 58
69 80
69 124
69 125
69 147
70 12
70 27
70 83
70 96
71 3
71 4
71 59
71 98
71 128
72 38
72 40
72 54
72 58
72 74
72 107
72 150
73 77
73 119
74 11
74 15
74 47
74 84
74 85
74 98
74 131
74 132
74 137
75 1
75 83
75 84
75 98
75 156
76 14
76 24
76 66
76 77
77 5
77 45
77 141
77 145
78 4
78 16
78 66
78 85
78 126
78 148
79 7
79 41
79 74
80 7
80 17
80 22
80 78
80 79
80 81
80 133
81 27
81 30
81 46
81 75
81 84
81 104
81 112
81 120
81 142
81 155
82 20
82 27
82 44
82 47
82 57
82 80
82 106
82 142
82 156
83 33
83 65
83 99
84 7
84 12
84 76
84 77
84 85
84 94
84 102
84 155
85 8
85 54
85 86
85 107
85 151
86 100
87 39
87 93
87 94
87 145
88 13
88 15
88 22
88 69
88 89
89 19
89 36
89 104
89 150
90 19
90 70
91 62
91 78
91 79
91 114
91 138
92 6
92 14
92 38
92 53
92 117
92 124
92 133
92 140
93 18
93 156
94 83
94 114
94 129
95 67
95 85
95 157
96 2
96 34
96 38
96 92
96 100
96 111
97 25
97 45
97 53
97 84
97 132
98 25
98 55
98 73
98 79
98 85
98 149
99 149
99 155
100 40
100 53
100 54
100 64
101 81
101 97
101 114
101 145
102 1
102 66
102 98
102 129
102 140
102 156
103 10
103 34
103 46
103 80
103 104
103 117
103 146
104 76
104 84
104 120
104 144
105 19
105 70
105 101
105 122
105 130
106 17
106 19
106 122
106 152
107 1
107 14
107 22
107 30
107 136
108 4
108 15
108 16
108 34
108 45
108 88
108 148
109 4
109 45
109 62
109 100
109 129
109 142
110 45
110 112
110 123
110 154
111 86
111 159
112 37
112 91
113 4
113 58
113 89
113 139
113 144
114 30
114 89
114 99
115 0
115 52
115 57
115 71
115 83
115 95
115 142
115 150
116 5
116 67
116 89
116 91
116 105
116 122
116 130
117 136
117 145
118 3
118 10
118 39
118 57
118 81
118 123
118 133
119 32
119 45
119 106
119 149
120 24
120 46
120 102
120 117
120 146
120 147
121 87
121 97
121 111
121 113
122 15
122 16
122 43
122 108
123 25
123 30
123 56
123 100
123 125
123 141
123 150
124 51
124 78
124 111
124 138
125 59
125 73
125 94
125 118
125 127
125 139
126 39
126 60
126 73
126 81
126 100
126 147
127 10
127 16
127 117
127 123
127 128
128 0
128 9
128 10
128 50
128 70
128 72
128 139
128 140
128 145
129 36
129 43
129 45
129 54
129 71
129 101
129 153
129 155
130 1
130 34
130 66
130 99
131 26
131 56
131 58
131 125
132 3
132 28
132 43
132 94
132 106
132 109
133 5
133 15
133 69
133 106
133 138
133 156
134 47
134 71
134 128
134 140
134 152
134 154
135 24
135 29
135 64
135 77
135 152
136 28
136 50
136 57
136 58
136 77
136 104
136 134
137 13
137 103
137 117
137 129
138 15
138 20
138 68
138 93
138 100
139 37
139 94
139 108
139 149
140 1
140 5
140 8
140 28
140 29
140 38
140 44
140 59
140 93
140 98
140 107
140 108
141 23
141 49
141 54
141 88
141 119
141 150
142 45
142 92
142 134
143 45
143 101
143 102
143 112
143 157
144 18
144 37
144 40
144 53
144 75
144 77
144 127
144 141
145 31
145 88
145 124
145 129
146 47
146 127
146 133
146 141
147 20
147 62
147 109
148 20
148 26
148 92
149 13
149 38
149 42
149 49
149 57
149 73
149 110
149 132
150 14
150 18
150 29
150 78
150 117
150 124
151 46
151 154
152 20
152 76
152 120
153 110
154 38
154 100
154 105
154 157
155 101
155 136
155 150
156 117
157 56
157 87
157 126
157 144
158 18
158 29
158 33
158 43
158 51
158 63
158 77
158 106
159 30
159 31
159 44
159 104
0 1 2 3 4 5 6
