160 812 7
0 21
0 77
0 93
0 130
0 151
1 14
1 67
1 99
1 106
1 159
2 71
3 26
3 76
3 88
3 113
3 141
4 13
4 95
4 110
4 138
5 18
5 29
5 60
5 80
5 118
5 137
6 19
6 27
6 40
6 54
6 62
6 101
6 110
6 120
6 130
6 146
6 158
7 31
7 35
7 69
7 100
7 155
8 39
8 50
8 83
8 85
8 109
8 113
8 121
8 151
9 82
9 91
9 107
9 116
9 138
9 153
10 26
10 50
10 96
10 97
10 108
10 139
10 149
10 158
11 44
11 58
11 112
11 113
11 136
12 43
12 54
12 69
12 73
12 156
12 159
13 14
13 22
13 30
13 65
13 82
13 87
14 36
14 121
15 2
15 33
15 39
15 105
15 143
15 156
16 0
16 38
16 68
16 82
16 83
16 136
16 150
17 4
17 13
17 112
17 116
18 8
18 27
18 38
18 50
18 114
18 135
19 89
19 102
19 110
19 125
20 15
20 29
20 30
20 110
20 124
22 40
22 54
22 64
23 60
23 62
23 89
23 144
23 150
24 62
24 72
24 73
24 74
24 103
24 112
24 125
24 139
24 143
25 22
25 69
25 100
25 125
26 22
26 69
26 79
26 120
26 132
26 149
27 42
27 67
27 86
27 87
27 91
27 117
27 124
27 136
27 144
28 47
28 127
28 142
29 28
29 34
29 103
30 21
30 57
30 68
30 83
30 84
30 117
30 128
31 58
31 63
31 88
31 122
32 16
32 35
32 98
32 135
32 136
32 142
32 143
33 26
33 35
33 62
33 93
33 142
34 2
34 39
34 62
34 80
34 86
34 89
34 99
34 102
34 117
34 155
35 16
35 88
35 146
35 149
35 159
36 5
36 8
36 64
36 87
36 114
36 132
36 137
37 17
37 29
37 76
37 103
37 124
38 17
38 28
38 49
38 71
38 105
38 149
39 2
39 26
39 55
39 61
39 103
39 105
39 136
39 139
39 145
39 152
40 14
40 42
40 46
40 56
40 94
40 116
40 131
41 48
41 69
41 85
41 133
41 156
42 145
43 4
43 38
43 41
43 80
43 106
43 118
43 119
43 155
44 10
44 80
44 119
44 122
44 139
45 9
45 16
45 59
45 63
45 67
45 74
45 117
45 122
45 153
46 21
46 85
46 104
46 112
47 35
47 39
47 41
47 141
48 60
48 65
48 82
48 85
48 89
48 157
49 8
49 24
49 68
49 103
49 150
49 154
50 45
50 157
51 38
51 61
51 67
51 90
51 135
51 141
51 155
52 6
52 14
52 41
52 95
53 85
53 121
54 0
54 13
54 23
54 30
54 120
54 137
55 73
55 108
55 125
55 143
55 150
56 5
56 54
56 115
56 135
57 14
57 34
57 154
58 13
58 26
58 40
58 41
58 99
58 119
59 21
59 93
59 142
60 97
60 136
60 151
61 5
61 40
61 43
61 117
61 139
61 145
61 155
62 7
62 155
63 30
63 57
63 101
63 111
63 119
63 154
64 2
64 3
64 5
64 38
64 72
64 136
64 148
65 12
65 42
65 46
65 47
65 51
65 55
65 59
65 90
65 115
66 68
66 117
67 30
67 42
67 93
67 136
67 140
68 46
68 87
68 132
69 10
69 20
69 156
70 30
70 50
70 55
71 25
71 78
71 99
71 107
71 130
71 142
71 144
71 157
72 77
72 87
72 113
73 50
73 76
73 157
74 6
74 11
74 18
74 27
74 38
74 108
75 6
75 13
75 17
75 38
75 53
75 108
76 2
76 48
76 81
76 83
76 158
77 14
77 39
77 43
77 44
77 89
77 123
77 147
77 152
78 25
78 63
78 85
78 104
78 117
78 123
79 4
79 15
79 23
79 30
79 117
79 128
80 52
80 77
80 91
80 134
81 55
81 85
81 100
81 116
81 142
81 157
82 2
82 43
82 52
82 54
82 100
82 104
82 118
82 121
82 138
83 10
83 42
83 44
83 113
84 0
84 1
84 150
85 27
85 39
85 65
85 84
85 106
86 14
86 32
86 33
86 44
86 49
86 67
86 73
86 77
86 139
87 10
87 51
87 59
88 42
88 44
88 52
88 110
88 128
88 132
88 148
88 156
89 1
90 108
90 112
90 136
91 72
91 87
91 89
92 38
92 107
92 110
92 141
93 2
93 6
93 11
93 32
93 76
93 89
93 124
94 9
94 30
94 136
95 29
95 61
95 81
95 118
95 144
96 36
96 38
97 18
97 28
97 54
97 61
97 78
97 84
97 85
98 113
99 4
99 30
99 35
99 98
100 26
100 35
100 42
100 92
100 112
101 27
101 33
101 102
101 106
101 139
102 36
102 66
102 103
102 106
102 115
102 116
102 122
103 5
103 12
103 13
103 16
103 38
103 123
103 141
104 43
104 58
104 70
104 74
104 81
104 85
104 146
105 5
105 12
105 21
105 100
105 149
106 14
106 46
106 89
106 95
106 109
107 12
107 29
107 51
107 70
107 82
107 97
108 33
108 44
108 73
108 102
109 13
109 96
109 135
109 158
110 15
110 46
110 56
110 83
110 126
110 137
110 147
111 10
111 26
111 43
111 53
111 137
111 153
112 48
112 66
112 76
112 101
113 55
113 114
113 124
113 129
114 27
114 32
114 67
114 105
114 121
114 131
115 30
115 104
115 117
115 137
116 5
116 10
116 26
116 27
116 34
116 53
116 70
116 147
117 12
117 38
117 56
118 7
118 35
118 38
119 7
119 64
119 109
119 129
119 152
120 80
120 153
121 13
121 40
121 102
121 115
121 132
121 159
122 8
122 90
122 150
123 74
123 76
124 125
124 147
124 158
125 8
125 9
125 11
125 39
125 100
125 102
125 110
125 153
126 4
126 24
126 109
126 139
126 141
127 8
127 17
127 30
127 58
127 88
127 116
127 140
128 15
128 21
128 82
129 7
129 12
129 30
129 42
129 49
129 53
129 73
129 75
129 115
130 37
130 47
130 74
130 144
130 157
131 1
131 48
131 61
131 73
131 122
131 125
131 143
132 0
132 19
132 37
132 110
132 152
133 2
133 48
133 61
133 67
133 145
133 156
134 11
134 14
134 91
134 128
134 149
135 41
135 54
135 112
135 120
136 34
136 76
137 38
137 62
137 69
137 99
137 105
137 123
137 155
138 22
138 65
138 77
138 118
139 42
139 49
139 63
141 13
141 15
141 19
141 67
141 134
141 151
142 25
142 35
142 92
142 93
142 100
142 108
142 146
142 150
143 92
143 93
143 158
144 21
144 29
144 81
144 106
145 37
145 44
145 94
145 97
145 126
146 9
146 10
146 89
146 111
146 133
147 35
147 71
147 96
147 155
148 13
148 29
148 35
148 36
148 49
148 79
148 131
148 144
149 25
149 27
149 119
150 0
150 8
150 41
150 47
150 75
150 125
150 134
150 152
151 18
151 43
151 111
151 131
152 2
152 14
152 52
152 84
153 11
153 40
153 73
153 81
153 83
153 105
153 155
153 156
154 20
154 70
154 85
154 110
154 127
154 151
155 5
155 73
155 95
155 103
155 125
156 77
156 129
156 137
156 143
156 150
157 52
157 110
157 112
158 18
158 36
158 102
158 116
159 36
159 41
159 51
159 56
159 90
159 146
0 1 2 3 4 5 6
