160 812 12
0 10
0 46
0 58
0 60
0 98
0 109
0 112
0 143
1 0
1 9
1 27
1 79
2 34
2 41
2 100
2 105
2 159
3 14
3 58
3 70
3 82
3 89
3 90
3 127
4 10
4 72
4 77
4 117
4 122
5 13
5 37
5 47
6 8
6 16
6 50
6 58
6 104
6 109
6 135
7 6
7 14
7 32
7 59
8 39
8 95
8 137
9 21
9 24
9 31
9 51
9 52
9 122
9 126
10 41
10 47
10 63
10 132
10 157
10 158
11 41
11 95
11 125
11 128
12 21
12 67
12 69
12 73
12 77
12 119
12 127
12 153
13 2
13 4
13 48
13 66
13 154
13 157
14 73
14 80
14 83
14 89
14 98
14 123
14 144
14 148
15 71
16 20
16 53
16 58
16 75
16 154
17 14
17 48
17 106
17 132
17 159
18 13
18 55
18 111
18 119
19 1
19 37
19 46
19 71
19 74
19 75
19 109
19 111
20 22
20 26
20 28
20 34
20 94
20 96
20 116
20 122
21 11
22 12
22 15
22 65
22 85
22 126
23 15
23 40
23 53
23 63
23 83
23 87
24 48
24 65
24 77
24 78
24 81
24 94
24 113
24 142
24 151
25 7
25 41
25 90
25 118
26 74
26 92
27 53
27 87
27 95
27 102
27 136
28 22
28 42
28 62
28 68
28 156
28 159
29 89
29 95
29 135
30 27
30 35
30 59
30 65
31 3
31 5
31 23
31 32
31 109
31 138
32 4
32 30
32 59
32 63
32 145
33 16
33 48
33 85
33 105
33 110
33 136
33 153
34 103
34 106
34 135
35 28
35 49
35 73
35 82
35 84
35 115
36 51
36 57
36 88
36 103
36 112
36 146
37 84
37 95
37 117
37 140
38 20
38 23
38 58
38 146
39 2
39 3
39 31
39 46
39 50
39 53
39 58
39 113
39 133
39 141
40 64
40 65
40 72
40 159
41 16
41 78
42 3
42 49
42 97
42 114
42 115
43 0
43 4
43 14
43 15
43 41
43 65
43 66
43 81
43 97
43 112
43 117
43 149
44 1
44 10
44 15
44 45
44 47
44 90
44 117
45 58
45 134
46 42
46 60
46 68
46 75
46 94
47 116
48 102
49 16
49 17
49 19
49 56
49 75
49 85
49 138
49 149
50 88
50 99
50 100
50 119
51 47
51 50
51 72
51 75
51 110
51 123
51 132
52 8
52 62
52 72
52 130
52 146
53 11
53 91
53 113
53 116
53 139
53 148
53 154
54 11
54 26
54 129
54 148
55 0
55 15
55 75
56 34
56 40
56 60
56 62
56 136
56 144
57 31
57 61
57 106
57 114
57 120
57 121
58 14
58 21
58 46
58 85
58 133
58 142
59 14
59 26
59 38
59 131
59 137
59 157
60 1
60 14
60 26
60 47
60 72
60 75
60 107
60 111
60 129
60 136
61 9
61 23
61 50
61 97
61 112
62 1
62 20
62 42
62 102
63 26
63 92
63 94
63 107
63 119
63 121
64 45
64 119
64 137
65 7
65 8
65 52
65 91
65 92
65 143
65 155
65 158
66 38
66 41
66 49
66 53
66 74
66 108
66 138
67 60
67 75
67 112
67 115
67 135
68 72
68 131
68 137
69 3
69 21
69 43
69 90
69 121
70 87
70 119
70 128
71 11
71 52
71 151
71 157
71 158
72 1
72 56
72 62
72 110
72 159
73 16
73 31
73 38
73 50
73 53
73 60
73 93
73 159
74 39
74 75
74 91
74 100
74 150
75 44
75 57
75 69
76 19
76 25
76 78
76 120
77 30
77 94
77 110
77 114
78 31
78 32
78 44
78 54
78 63
78 126
79 3
79 40
79 95
79 96
79 100
79 110
79 121
80 0
80 36
80 87
80 92
80 93
80 134
80 140
81 42
81 61
81 131
81 147
82 34
82 84
82 118
82 122
82 138
83 30
83 50
83 58
83 77
83 125
83 130
83 154
84 33
84 47
84 145
85 5
85 12
85 15
85 45
85 87
85 147
86 18
86 42
86 54
86 56
86 95
87 25
87 39
87 98
88 14
88 75
88 158
89 59
89 76
89 145
90 4
90 98
90 155
91 40
91 63
91 107
91 123
91 125
92 3
92 15
92 46
92 58
92 79
92 143
92 144
92 156
93 12
93 46
93 61
93 90
93 146
94 3
94 95
94 104
94 125
95 10
95 141
96 13
96 26
96 40
96 59
96 77
96 115
96 116
97 0
97 58
98 48
98 68
98 74
98 116
99 17
99 35
99 79
99 82
99 83
99 116
100 121
100 124
100 149
100 156
101 15
101 20
101 46
101 48
101 64
101 75
101 77
101 92
101 123
102 14
102 19
102 28
102 37
102 42
102 93
102 121
102 145
103 21
103 66
103 85
103 107
103 154
104 38
104 41
104 53
104 86
104 113
104 153
105 34
105 40
105 50
105 96
105 108
106 87
107 7
107 49
107 83
107 97
107 131
108 9
108 78
108 97
108 159
109 5
109 21
109 29
109 73
109 75
109 139
110 21
110 115
110 146
110 148
111 57
111 94
111 127
111 144
112 54
112 128
112 147
112 152
113 1
113 9
113 50
113 111
113 158
114 0
114 1
114 67
114 84
114 92
114 137
115 9
115 29
115 41
115 126
116 89
116 95
116 112
116 118
116 149
117 1
117 14
117 16
117 59
117 60
117 143
118 79
118 104
118 137
118 155
119 15
119 42
119 93
119 123
119 149
120 75
120 82
120 99
120 102
120 105
120 110
120 132
120 143
120 148
121 28
121 32
121 87
121 123
122 58
122 116
122 117
123 17
123 41
123 94
123 97
123 103
124 9
124 19
124 78
124 154
125 137
126 45
126 55
126 142
127 0
127 31
127 70
127 155
128 59
128 68
128 97
129 25
129 64
129 81
129 122
129 138
129 149
129 150
130 78
130 117
130 128
130 142
130 143
131 15
131 29
131 44
131 46
131 86
131 99
131 120
131 133
131 146
132 16
132 53
132 55
132 63
132 64
132 68
132 94
132 150
133 52
133 59
133 96
133 108
134 8
134 21
134 41
134 57
134 60
134 70
134 107
134 118
135 3
135 14
135 46
135 55
135 103
136 12
136 18
136 31
136 32
136 48
136 58
136 98
136 120
136 131
137 7
137 19
137 24
137 69
137 111
137 128
137 130
137 132
138 26
138 68
138 71
138 90
138 142
138 148
138 151
139 10
139 37
139 49
139 52
139 96
139 98
139 108
139 111
139 138
140 11
140 42
140 58
141 18
141 62
141 65
141 70
141 79
141 92
141 130
142 48
142 93
142 118
143 67
143 81
143 128
143 146
144 23
144 59
144 70
144 104
144 109
144 126
145 20
145 77
145 108
145 122
146 75
146 95
147 12
147 91
147 156
148 28
148 35
148 38
148 56
148 92
148 100
148 111
148 115
148 142
148 152
149 3
149 15
149 77
150 16
150 31
150 37
150 102
151 31
151 65
152 35
152 38
152 39
152 86
153 45
153 54
153 59
153 88
153 146
154 18
154 104
155 11
155 32
155 39
155 57
155 66
155 85
155 156
155 159
156 1
156 46
156 130
156 145
156 154
157 21
157 46
157 74
157 76
158 27
158 104
158 115
158 124
159 57
159 110
159 151
0 1 2 3 4 5 6 7 8 9 10 11
