160 812 24
0 4
0 9
0 26
0 39
0 79
0 97
0 98
1 0
1 37
1 74
1 129
2 85
3 50
3 93
3 125
3 157
4 13
4 27
4 70
4 140
4 148
4 156
4 159
5 39
5 90
5 155
6 0
6 8
6 29
6 32
6 46
6 71
6 80
6 103
6 113
6 148
7 20
7 33
7 37
7 82
7 83
8 13
8 28
8 140
9 46
9 58
9 67
9 104
9 123
9 129
9 145
10 85
10 92
10 94
10 97
10 103
10 148
11 6
11 55
11 76
11 107
11 158
12 5
12 13
12 17
12 56
12 121
12 139
12 140
13 3
13 10
13 14
13 54
13 78
13 109
13 135
14 28
14 39
14 42
14 143
14 146
15 11
15 20
15 53
15 65
15 112
15 139
15 142
16 92
17 39
17 94
17 115
17 137
18 88
18 100
19 22
19 77
19 83
19 87
19 98
19 119
20 23
20 30
20 42
20 50
20 53
20 79
20 86
21 37
21 38
21 40
21 52
21 104
21 127
21 143
22 25
23 120
23 127
23 151
24 0
24 10
24 15
24 18
24 52
24 64
24 82
24 108
24 129
24 150
24 152
25 19
25 32
25 33
25 50
25 70
25 76
25 82
25 114
25 119
25 134
25 150
26 16
27 30
27 40
27 107
27 148
27 157
28 39
28 58
28 108
28 121
28 125
29 4
29 9
29 115
29 118
29 154
30 3
30 5
30 35
30 128
30 146
31 89
31 94
31 123
32 13
32 72
32 95
33 21
33 24
33 62
33 81
34 14
34 20
34 26
34 32
34 57
34 68
34 100
34 104
34 128
34 136
34 145
34 155
35 2
35 52
35 55
35 66
35 71
35 78
35 84
35 107
36 12
36 105
37 13
37 74
37 108
37 111
37 116
37 118
37 120
37 147
37 157
38 43
38 107
38 139
39 4
39 38
39 74
39 89
39 106
39 139
40 8
40 48
40 77
40 93
40 159
41 3
41 33
41 60
41 80
42 17
42 39
42 63
42 111
43 10
43 40
43 67
43 131
44 16
44 79
44 92
45 55
45 72
45 128
45 131
45 143
46 3
46 8
46 14
46 35
46 43
46 95
46 115
46 124
46 130
47 12
47 18
47 40
47 42
47 64
47 67
47 88
47 112
47 151
47 153
48 6
48 24
48 45
48 86
48 126
49 9
49 16
49 133
50 14
50 67
50 114
50 156
51 72
51 119
51 142
52 2
52 58
52 96
52 130
53 32
53 43
53 67
53 84
53 90
53 103
53 133
53 135
53 142
54 58
54 59
54 148
55 0
55 43
55 74
55 139
55 158
56 47
56 53
56 54
56 59
56 86
56 98
57 22
57 43
57 56
57 85
57 97
57 143
58 84
58 115
59 20
59 27
59 106
59 112
59 115
59 147
60 23
60 55
60 80
60 89
60 97
60 148
61 57
61 118
62 16
62 88
63 0
63 3
63 30
63 61
63 83
63 109
63 125
63 150
64 32
64 97
64 101
64 120
64 150
65 29
65 34
65 39
65 104
65 134
65 139
66 4
66 21
66 23
66 54
66 92
66 146
66 156
67 5
67 10
67 88
67 112
67 114
67 127
68 28
68 49
68 57
68 116
68 128
68 148
69 20
69 93
69 107
69 110
69 144
70 14
70 131
70 148
70 151
70 153
71 23
71 58
71 63
71 95
71 99
71 119
71 143
72 38
72 114
72 148
72 151
73 34
73 47
73 49
73 112
73 129
73 137
74 71
75 58
75 97
75 98
75 110
75 119
75 147
75 152
76 104
76 123
76 125
76 148
76 156
77 23
77 63
77 75
77 139
78 17
78 25
78 86
78 146
79 15
79 24
79 42
79 149
80 4
80 11
80 58
80 76
80 126
81 41
81 49
81 50
81 65
81 73
81 109
81 158
82 26
82 97
82 109
82 134
83 21
83 32
83 49
83 128
83 147
83 148
84 5
84 33
84 36
84 64
84 77
84 86
84 92
84 119
85 13
85 22
85 28
85 130
85 151
85 159
86 1
86 6
86 41
86 50
86 104
86 157
87 32
87 88
87 126
87 136
88 27
88 35
88 37
88 42
88 43
88 89
88 116
88 127
89 6
89 10
89 27
89 97
89 115
90 79
90 81
90 86
90 92
90 108
90 124
90 138
91 17
91 26
91 43
91 108
91 115
91 129
91 139
92 30
92 61
93 6
93 12
93 47
93 48
93 99
93 104
93 121
94 47
94 96
94 98
94 112
95 51
95 90
95 104
95 144
96 10
96 19
96 90
97 31
97 69
97 72
97 109
97 113
98 20
98 47
99 31
99 122
99 153
101 16
101 63
101 81
101 88
101 106
101 118
101 147
102 8
102 78
102 103
102 109
102 120
102 123
103 14
103 36
103 74
103 106
103 145
104 60
104 62
104 66
104 82
104 139
105 13
105 43
105 71
105 149
106 45
106 60
106 149
107 0
107 33
107 90
107 134
108 61
108 65
110 56
110 77
110 102
110 103
110 158
111 15
111 30
111 66
111 68
111 77
111 87
111 106
111 116
111 132
111 154
111 157
112 16
112 32
113 59
113 63
113 81
113 87
113 89
113 151
114 78
114 145
115 79
115 86
115 90
115 125
115 128
115 133
115 158
116 11
116 17
116 22
116 50
116 62
116 126
116 131
117 14
117 40
117 66
117 94
117 120
117 146
118 42
118 81
118 93
118 117
119 49
119 95
119 103
119 125
119 156
120 67
120 158
121 16
121 48
121 55
121 63
121 65
121 71
121 74
121 89
121 109
121 136
121 148
122 11
122 72
122 117
122 145
122 152
123 41
123 54
123 58
123 135
123 139
124 2
124 25
124 151
125 22
125 40
125 57
125 67
125 100
125 147
125 157
126 101
126 106
126 111
126 120
127 25
127 72
127 77
127 80
127 93
127 98
127 107
127 141
128 38
128 70
128 71
128 90
129 99
129 102
130 38
130 44
130 47
130 60
130 77
130 84
130 97
130 145
130 154
131 38
131 48
131 61
131 157
132 13
132 15
132 88
132 113
132 114
132 119
132 153
133 11
133 31
133 76
133 95
134 10
134 51
134 67
134 73
134 128
135 30
135 77
135 100
136 24
136 38
136 80
136 83
136 93
136 94
136 97
137 21
137 139
138 28
138 61
138 63
138 96
138 105
138 118
139 19
139 48
139 89
139 142
140 16
141 16
141 47
141 60
141 89
141 91
141 122
141 130
142 19
142 59
142 132
142 150
143 64
143 65
143 159
144 16
144 49
144 92
144 97
144 99
144 111
144 126
144 152
144 157
145 26
145 51
145 85
145 91
145 152
146 4
146 28
146 46
146 105
146 107
146 116
146 132
146 141
146 157
147 7
147 77
147 91
148 51
149 0
149 15
149 70
149 110
149 114
149 129
149 144
149 155
150 1
150 5
150 18
150 34
150 40
150 51
150 54
150 110
150 149
150 152
151 5
151 17
151 19
151 48
151 93
151 122
151 123
151 138
152 37
152 97
152 123
153 150
154 5
154 33
154 34
154 51
154 68
154 74
155 96
155 112
155 114
155 118
156 1
156 49
156 58
156 113
156 157
156 158
157 8
157 52
157 59
157 82
157 90
157 124
157 142
157 155
158 18
158 26
158 43
158 53
158 98
158 148
159 22
159 145
0 1 2 3 4 5 6 7 8 9 10 11 12 13 14 15 16 17 18 19 20 21 22 23
