160 2544 7
0 8
0 13
0 26
0 44
0 59
0 61
0 68
0 76
0 78
0 87
0 115
0 143
1 19
1 20
1 26
1 30
1 32
1 45
1 57
1 60
1 69
1 87
1 107
1 122
1 134
1 135
1 152
1 153
1 157
2 9
2 18
2 35
2 42
2 46
2 56
2 58
2 68
2 69
2 70
2 88
2 93
2 116
2 123
2 127
2 133
2 143
2 144
2 154
2 155
3 16
3 25
3 28
3 35
3 40
3 46
3 53
3 57
3 72
3 95
3 96
3 100
3 108
3 127
3 133
3 138
3 140
4 6
4 10
4 20
4 24
4 31
4 38
4 40
4 70
4 77
4 84
4 93
4 110
4 127
4 132
4 142
4 156
5 37
5 52
5 54
5 74
5 84
5 90
5 108
5 119
5 129
5 130
5 134
5 140
6 0
6 2
6 12
6 14
6 26
6 27
6 28
6 33
6 34
6 47
6 50
6 51
6 58
6 73
6 75
6 80
6 89
6 128
6 141
6 150
7 8
7 12
7 22
7 24
7 25
7 33
7 36
7 38
7 39
7 41
7 49
7 57
7 60
7 61
7 66
7 69
7 75
7 114
7 127
7 149
8 10
8 14
8 18
8 21
8 33
8 37
8 38
8 57
8 58
8 74
8 79
8 105
8 116
8 117
8 127
8 148
9 19
9 45
9 56
9 63
9 88
9 96
9 112
9 115
9 118
9 125
9 127
9 145
9 151
9 153
9 158
10 3
10 9
10 19
10 27
10 38
10 44
10 60
10 67
10 77
10 82
10 86
10 92
10 94
10 103
10 110
10 135
10 144
11 0
11 3
11 4
11 9
11 12
11 24
11 31
11 33
11 34
11 54
11 55
11 61
11 83
11 94
11 96
11 104
11 112
11 137
11 146
11 153
11 155
12 3
12 23
12 25
12 48
12 50
12 52
12 64
12 67
12 69
12 81
12 89
12 93
12 97
12 122
12 131
12 133
12 146
12 157
13 11
13 50
13 55
13 72
13 74
13 81
13 95
13 109
13 140
13 145
13 151
14 7
14 13
14 29
14 31
14 51
14 52
14 66
14 73
14 74
14 81
14 93
14 99
14 114
14 121
14 127
14 137
14 138
14 141
14 154
14 156
15 4
15 5
15 17
15 30
15 32
15 43
15 53
15 79
15 85
15 98
15 99
15 101
15 129
15 137
15 155
16 13
16 37
16 49
16 67
16 78
16 85
16 86
16 89
16 102
16 109
16 140
16 143
16 152
16 158
17 5
17 6
17 12
17 21
17 31
17 38
17 46
17 57
17 70
17 71
17 74
17 91
17 109
17 116
17 129
17 136
18 11
18 19
18 30
18 32
18 38
18 50
18 65
18 81
18 93
18 127
18 132
18 140
18 145
18 151
19 13
19 14
19 31
19 33
19 35
19 48
19 58
19 60
19 71
19 84
19 86
19 97
19 113
19 145
19 150
20 26
20 37
20 44
20 72
20 84
20 90
20 99
20 101
20 106
20 137
20 144
20 149
20 154
20 155
21 3
21 23
21 33
21 42
21 49
21 56
21 70
21 81
21 85
21 86
21 90
21 91
21 94
21 119
21 140
22 13
22 15
22 18
22 29
22 40
22 44
22 64
22 71
22 73
22 80
22 90
22 93
22 96
22 107
22 124
22 125
22 141
22 158
23 4
23 15
23 16
23 19
23 34
23 38
23 63
23 77
23 84
23 89
23 106
23 115
23 118
23 124
23 138
23 147
24 21
24 29
24 38
24 71
24 81
24 95
24 119
24 120
24 145
24 157
24 158
25 0
25 14
25 20
25 44
25 56
25 69
25 75
25 76
25 78
25 88
25 92
25 129
25 144
25 156
26 5
26 8
26 13
26 48
26 63
26 73
26 75
26 85
26 93
26 95
26 96
26 112
26 126
26 128
26 131
26 143
26 146
26 149
27 2
27 9
27 15
27 19
27 24
27 31
27 34
27 43
27 51
27 56
27 78
27 80
27 83
27 112
27 125
27 127
27 148
27 150
28 19
28 35
28 43
28 53
28 54
28 59
28 64
28 74
28 91
28 126
28 149
29 7
29 8
29 16
29 20
29 33
29 35
29 36
29 45
29 46
29 49
29 55
29 56
29 85
29 142
30 3
30 29
30 36
30 39
30 49
30 51
30 56
30 69
30 83
30 84
30 88
30 113
30 122
30 128
30 134
30 136
30 137
30 141
30 146
30 156
31 6
31 13
31 36
31 46
31 50
31 63
31 66
31 84
31 93
31 100
31 108
31 110
31 117
31 129
31 131
31 143
31 146
31 157
32 4
32 5
32 6
32 23
32 48
32 50
32 65
32 71
32 81
32 88
32 92
32 108
32 109
32 123
32 135
32 139
32 144
32 149
32 155
32 156
32 157
33 2
33 13
33 49
33 65
33 82
33 99
33 116
33 117
33 127
33 159
34 2
34 13
34 18
34 37
34 48
34 55
34 62
34 70
34 77
34 87
34 104
34 114
34 128
34 144
34 148
34 158
35 15
35 27
35 38
35 49
35 63
35 101
35 114
35 116
35 119
35 134
35 144
35 145
36 1
36 6
36 20
36 35
36 49
36 68
36 75
36 87
36 88
36 91
36 109
36 120
36 123
36 125
36 132
36 148
37 1
37 11
37 32
37 36
37 39
37 50
37 83
37 93
37 128
37 130
37 143
37 145
38 5
38 22
38 45
38 47
38 58
38 62
38 66
38 75
38 79
38 96
38 100
38 115
38 144
38 150
39 1
39 9
39 34
39 38
39 40
39 42
39 52
39 56
39 62
39 64
39 68
39 74
39 83
39 104
39 106
39 108
39 111
39 120
39 124
39 135
40 10
40 15
40 34
40 38
40 41
40 50
40 55
40 66
40 81
40 82
40 119
40 126
40 131
40 145
40 154
41 4
41 16
41 59
41 79
41 81
41 98
41 105
41 122
41 131
41 139
41 146
42 5
42 6
42 22
42 24
42 32
42 33
42 53
42 58
42 74
42 110
42 113
42 117
42 129
42 156
43 25
43 26
43 29
43 38
43 39
43 42
43 49
43 55
43 57
43 62
43 66
43 71
43 82
43 85
43 96
43 105
43 111
43 125
43 137
43 144
43 146
43 149
44 3
44 21
44 23
44 45
44 56
44 73
44 78
44 80
44 94
44 121
44 129
44 138
44 141
44 147
44 153
44 155
45 27
45 35
45 50
45 60
45 66
45 80
45 84
45 99
45 102
45 115
45 155
46 0
46 12
46 30
46 34
46 35
46 50
46 56
46 69
46 85
46 89
46 113
46 120
46 127
46 153
47 0
47 4
47 32
47 35
47 37
47 41
47 70
47 76
47 93
47 112
47 114
47 130
47 137
47 140
47 141
47 151
47 152
48 33
48 38
48 61
48 64
48 76
48 80
48 84
48 98
48 101
48 131
48 149
49 10
49 34
49 42
49 68
49 83
49 100
49 103
49 125
49 129
49 133
49 139
49 140
49 152
50 9
50 17
50 53
50 58
50 74
50 75
50 78
50 84
50 87
50 90
50 120
50 138
50 144
50 153
51 5
51 13
51 16
51 21
51 23
51 25
51 32
51 36
51 37
51 38
51 47
51 93
51 102
51 108
51 120
51 123
51 124
51 127
51 133
51 144
51 153
52 1
52 3
52 4
52 8
52 11
52 17
52 20
52 31
52 35
52 50
52 53
52 56
52 58
52 60
52 65
52 66
52 69
52 73
52 85
52 97
52 110
52 118
52 120
52 121
52 139
52 140
52 143
52 144
52 151
53 13
53 25
53 34
53 51
53 55
53 56
53 65
53 72
53 118
53 122
53 124
53 134
53 136
53 141
53 150
54 8
54 23
54 26
54 27
54 35
54 38
54 44
54 93
54 98
54 121
54 139
55 9
55 18
55 20
55 23
55 48
55 50
55 62
55 65
55 66
55 67
55 77
55 86
55 99
55 102
55 112
55 113
55 130
55 134
55 142
56 4
56 8
56 31
56 32
56 34
56 68
56 72
56 88
56 106
56 112
56 113
56 120
57 10
57 16
57 24
57 28
57 49
57 51
57 56
57 78
57 81
57 90
57 97
57 109
57 114
57 139
58 7
58 15
58 23
58 30
58 36
58 43
58 57
58 63
58 65
58 77
58 94
58 99
58 146
59 1
59 3
59 22
59 30
59 43
59 51
59 67
59 70
59 87
59 88
59 89
59 95
59 103
59 111
59 120
59 136
59 139
59 141
59 145
60 25
60 43
60 46
60 49
60 59
60 75
60 84
60 93
60 98
60 100
60 109
60 116
60 139
60 141
60 147
60 148
60 159
61 17
61 19
61 27
61 38
61 54
61 59
61 75
61 82
61 83
61 98
61 105
61 111
61 119
61 122
61 124
61 128
61 136
61 157
62 13
62 23
62 41
62 45
62 50
62 58
62 61
62 71
62 85
62 86
62 97
62 120
62 124
62 141
62 156
62 158
63 6
63 38
63 42
63 71
63 73
63 83
63 101
63 102
63 106
63 111
63 116
63 117
63 151
64 4
64 17
64 23
64 36
64 40
64 49
64 63
64 66
64 69
64 87
64 93
64 99
64 109
64 129
64 140
64 146
64 148
64 151
64 152
64 156
64 158
65 30
65 36
65 40
65 45
65 108
65 118
65 127
65 135
65 136
65 158
66 11
66 33
66 35
66 51
66 56
66 58
66 60
66 85
66 86
66 87
66 89
66 119
66 128
66 133
66 143
66 152
67 7
67 9
67 11
67 20
67 31
67 33
67 47
67 51
67 57
67 79
67 87
67 103
67 107
67 133
68 6
68 7
68 13
68 25
68 38
68 45
68 47
68 55
68 64
68 73
68 80
68 86
68 119
68 125
68 130
68 138
68 142
68 148
68 155
69 0
69 5
69 67
69 70
69 71
69 75
69 77
69 84
69 99
69 138
69 146
69 158
70 30
70 31
70 43
70 45
70 67
70 74
70 86
70 90
70 98
70 147
70 148
70 151
71 10
71 18
71 20
71 45
71 77
71 81
71 134
71 152
72 0
72 24
72 28
72 31
72 48
72 58
72 59
72 60
72 73
72 79
72 88
72 99
72 105
72 118
72 122
72 124
72 136
72 153
73 13
73 23
73 37
73 46
73 60
73 77
73 82
73 102
73 104
73 106
73 108
73 113
73 134
73 140
73 154
74 40
74 41
74 58
74 63
74 71
74 76
74 78
74 82
74 90
74 95
74 101
74 103
74 106
74 114
74 115
74 118
74 122
74 124
74 128
74 130
74 134
74 137
74 149
75 3
75 18
75 20
75 21
75 72
75 73
75 79
75 93
75 127
75 128
75 132
75 133
75 142
75 155
76 16
76 39
76 46
76 49
76 57
76 59
76 60
76 72
76 75
76 85
76 86
76 91
76 101
76 111
76 116
76 117
76 144
76 148
76 150
77 3
77 14
77 35
77 37
77 42
77 54
77 56
77 82
77 83
77 86
77 108
77 130
77 132
77 151
77 154
78 6
78 14
78 26
78 41
78 54
78 61
78 77
78 107
78 108
78 131
78 135
78 136
78 147
78 148
78 158
79 2
79 5
79 21
79 28
79 37
79 53
79 56
79 65
79 74
79 78
79 81
79 85
79 89
79 94
79 100
79 101
79 112
79 113
79 119
79 120
79 123
79 126
79 142
79 143
79 158
80 5
80 7
80 11
80 16
80 23
80 24
80 28
80 34
80 58
80 59
80 63
80 69
80 70
80 83
80 110
80 114
81 5
81 8
81 17
81 28
81 36
81 49
81 63
81 95
81 110
81 112
81 118
81 119
81 127
81 133
82 9
82 12
82 24
82 29
82 37
82 42
82 47
82 59
82 66
82 86
82 115
82 117
82 121
82 132
82 138
82 142
82 148
83 9
83 20
83 22
83 23
83 31
83 44
83 46
83 51
83 53
83 58
83 66
83 96
83 112
83 122
83 139
83 151
84 12
84 15
84 22
84 35
84 41
84 57
84 72
84 79
84 85
84 86
84 101
84 103
84 111
84 120
84 122
84 135
84 152
84 159
85 0
85 44
85 63
85 68
85 92
85 101
85 108
85 128
85 130
85 138
85 147
85 151
85 154
86 65
86 78
86 83
86 110
86 114
86 116
86 122
87 26
87 30
87 47
87 51
87 55
87 58
87 62
87 79
87 86
87 96
87 98
87 104
87 114
87 136
87 159
88 4
88 22
88 40
88 47
88 49
88 55
88 67
88 74
88 94
88 113
88 114
88 116
88 129
88 133
88 144
88 147
88 152
89 3
89 8
89 13
89 18
89 21
89 22
89 30
89 44
89 56
89 72
89 74
89 77
89 86
89 92
89 97
89 108
89 114
89 125
89 136
89 143
89 144
89 150
90 6
90 23
90 38
90 41
90 45
90 48
90 61
90 69
90 71
90 79
90 83
90 93
90 100
90 109
90 123
90 128
90 144
91 0
91 16
91 20
91 29
91 32
91 46
91 65
91 71
91 73
91 82
91 87
91 101
91 118
91 136
91 144
91 150
91 152
92 6
92 15
92 21
92 36
92 43
92 48
92 54
92 55
92 58
92 60
92 65
92 71
92 72
92 74
92 93
92 99
92 100
92 151
92 153
92 154
93 9
93 25
93 36
93 38
93 41
93 62
93 63
93 68
93 77
93 80
93 97
93 112
93 124
93 138
93 139
93 144
93 147
93 157
93 158
94 12
94 14
94 19
94 42
94 43
94 52
94 60
94 62
94 77
94 103
94 111
94 142
94 149
94 155
95 6
95 7
95 22
95 35
95 37
95 43
95 55
95 76
95 89
95 94
95 103
95 106
95 110
95 125
95 136
95 142
95 154
95 157
96 2
96 6
96 8
96 13
96 29
96 37
96 40
96 42
96 45
96 61
96 69
96 78
96 95
96 109
96 131
96 140
96 141
96 142
96 152
96 158
97 0
97 11
97 14
97 18
97 30
97 32
97 33
97 40
97 51
97 55
97 116
97 123
97 147
98 1
98 11
98 24
98 35
98 36
98 38
98 47
98 50
98 55
98 64
98 76
98 91
98 116
98 125
98 141
98 148
99 5
99 7
99 12
99 17
99 36
99 38
99 48
99 49
99 56
99 61
99 101
99 116
99 118
99 120
99 128
99 130
99 144
99 150
99 154
99 159
100 0
100 24
100 41
100 42
100 43
100 65
100 71
100 81
100 84
100 99
100 102
100 123
100 130
100 138
100 140
100 154
100 157
100 158
101 6
101 11
101 22
101 28
101 30
101 36
101 43
101 61
101 77
101 81
101 90
101 114
101 115
101 135
101 141
101 149
101 150
101 156
102 20
102 22
102 28
102 33
102 37
102 41
102 43
102 46
102 50
102 59
102 69
102 89
102 90
102 95
102 99
102 132
102 133
102 138
102 149
103 11
103 18
103 40
103 61
103 69
103 86
103 93
103 111
103 130
103 146
103 157
103 158
104 1
104 7
104 15
104 16
104 58
104 60
104 70
104 80
104 83
104 97
104 102
104 113
104 121
104 123
104 138
104 140
104 142
105 3
105 30
105 39
105 53
105 57
105 65
105 67
105 70
105 77
105 81
105 95
105 101
105 113
105 155
106 5
106 10
106 14
106 21
106 22
106 44
106 109
106 111
106 112
106 130
106 135
106 148
107 3
107 28
107 30
107 31
107 37
107 43
107 49
107 51
107 55
107 56
107 105
107 122
107 127
107 128
107 136
107 149
107 156
108 0
108 2
108 9
108 27
108 42
108 48
108 56
108 61
108 72
108 80
108 81
108 82
108 116
108 127
108 144
108 145
108 146
108 147
108 158
109 8
109 11
109 26
109 41
109 45
109 56
109 58
109 77
109 79
109 102
109 104
109 116
109 129
109 142
109 156
110 2
110 5
110 26
110 28
110 32
110 34
110 36
110 62
110 63
110 66
110 70
110 82
110 88
110 99
110 107
110 112
110 123
110 127
110 131
110 137
110 149
110 154
111 1
111 11
111 13
111 14
111 24
111 30
111 36
111 42
111 45
111 47
111 93
111 99
111 102
111 104
111 115
111 122
111 131
111 143
111 146
111 155
111 159
112 6
112 15
112 28
112 39
112 42
112 48
112 54
112 64
112 69
112 94
112 111
112 118
112 123
112 131
112 135
112 143
112 148
112 158
113 7
113 11
113 12
113 27
113 31
113 39
113 40
113 45
113 50
113 54
113 57
113 64
113 69
113 77
113 89
113 99
113 100
113 125
113 131
113 154
114 1
114 15
114 19
114 24
114 28
114 33
114 45
114 54
114 65
114 85
114 103
114 117
114 128
114 129
115 6
115 20
115 26
115 29
115 35
115 44
115 47
115 48
115 60
115 65
115 70
115 92
115 123
115 132
115 154
115 156
115 158
116 19
116 31
116 39
116 68
116 79
116 82
116 105
116 112
116 118
116 122
116 133
116 139
116 146
116 149
116 153
117 4
117 14
117 34
117 40
117 46
117 56
117 58
117 71
117 94
117 103
117 109
117 142
117 151
117 157
118 2
118 3
118 11
118 25
118 40
118 42
118 51
118 66
118 92
118 98
118 114
118 122
118 137
118 138
118 139
118 157
119 19
119 32
119 37
119 53
119 60
119 65
119 84
119 117
119 120
119 140
120 2
120 16
120 34
120 35
120 37
120 38
120 41
120 43
120 63
120 66
120 80
120 101
120 106
120 116
120 142
120 143
120 158
121 0
121 12
121 27
121 50
121 55
121 60
121 63
121 67
121 73
121 79
121 90
121 102
121 107
121 111
121 113
121 122
121 127
121 128
121 133
121 136
121 138
121 152
121 153
122 6
122 28
122 36
122 37
122 50
122 59
122 76
122 82
122 103
122 104
122 106
122 114
122 129
122 133
122 153
123 13
123 23
123 44
123 57
123 63
123 86
123 98
123 118
123 129
123 131
123 145
123 154
123 156
124 2
124 11
124 55
124 69
124 77
124 80
124 95
124 101
124 108
124 116
124 119
124 123
124 127
125 0
125 4
125 6
125 11
125 13
125 15
125 32
125 39
125 50
125 71
125 74
125 96
125 102
125 108
125 111
125 128
125 129
125 132
125 142
125 143
126 21
126 31
126 71
126 82
126 83
126 84
126 86
126 92
126 103
126 115
126 116
126 120
126 121
126 125
126 130
126 131
127 10
127 12
127 30
127 37
127 48
127 49
127 55
127 69
127 70
127 91
127 99
127 100
127 102
127 104
127 105
127 113
127 114
127 115
127 118
127 132
127 137
127 141
127 156
128 12
128 14
128 51
128 57
128 82
128 83
128 91
128 95
128 109
128 119
128 126
128 133
128 155
128 156
128 157
129 7
129 16
129 19
129 21
129 26
129 27
129 33
129 37
129 43
129 51
129 69
129 86
129 126
129 130
129 139
129 147
129 159
130 0
130 1
130 32
130 56
130 81
130 105
130 149
130 154
130 158
130 159
131 1
131 4
131 39
131 46
131 50
131 55
131 63
131 107
131 141
131 144
131 147
131 151
132 15
132 17
132 22
132 24
132 27
132 38
132 41
132 47
132 51
132 63
132 95
132 98
132 104
132 108
132 120
132 136
132 146
132 147
132 158
133 1
133 5
133 11
133 32
133 39
133 52
133 54
133 55
133 57
133 60
133 62
133 65
133 69
133 100
133 107
133 112
133 119
133 120
133 142
133 146
134 0
134 15
134 38
134 41
134 42
134 51
134 57
134 62
134 94
134 99
134 101
134 123
134 131
134 139
134 145
135 7
135 9
135 22
135 42
135 51
135 73
135 88
135 108
135 113
135 140
135 155
135 159
136 15
136 36
136 39
136 41
136 57
136 70
136 76
136 80
136 83
136 92
136 129
136 130
136 131
136 141
136 143
136 145
136 150
136 159
137 13
137 50
137 63
137 65
137 69
137 83
137 87
137 93
137 120
138 8
138 21
138 49
138 56
138 79
138 94
138 101
138 116
138 120
138 123
138 125
138 142
138 152
139 11
139 18
139 19
139 33
139 70
139 71
139 73
139 80
139 101
139 102
139 105
139 110
139 128
139 153
140 19
140 26
140 54
140 57
140 60
140 75
140 95
140 102
140 111
140 118
140 127
140 130
140 145
141 26
141 33
141 58
141 74
141 104
141 108
141 149
142 0
142 5
142 10
142 11
142 23
142 25
142 26
142 30
142 48
142 59
142 67
142 71
142 77
142 85
142 86
142 97
142 106
142 112
142 119
142 127
142 144
143 9
143 34
143 46
143 58
143 64
143 65
143 68
143 76
143 86
143 108
143 115
143 122
143 132
143 139
144 4
144 5
144 14
144 61
144 69
144 72
144 77
144 84
144 97
144 103
144 117
144 125
144 127
144 138
144 141
144 143
144 153
145 10
145 11
145 14
145 31
145 91
145 103
145 104
145 118
145 125
145 126
145 130
145 154
146 3
146 8
146 10
146 16
146 21
146 34
146 61
146 65
146 70
146 75
146 93
146 95
146 107
146 112
146 115
146 123
146 126
147 1
147 4
147 11
147 18
147 19
147 36
147 37
147 61
147 74
147 109
147 127
147 144
147 146
147 152
148 3
148 4
148 7
148 9
148 23
148 38
148 45
148 57
148 65
148 71
148 73
148 87
148 95
148 104
148 114
148 155
149 4
149 8
149 12
149 14
149 15
149 22
149 25
149 33
149 38
149 41
149 86
149 87
149 93
149 115
149 123
149 124
149 146
149 150
149 153
150 5
150 10
150 29
150 40
150 59
150 62
150 69
150 77
150 78
150 80
150 81
150 82
150 86
150 104
150 148
150 159
151 21
151 25
151 26
151 28
151 53
151 71
151 74
151 89
151 94
151 108
151 125
151 141
151 153
152 4
152 15
152 30
152 31
152 61
152 72
152 77
152 92
152 100
152 113
152 123
152 124
152 132
152 135
152 145
153 16
153 27
153 37
153 45
153 55
153 75
153 78
153 81
153 82
153 86
153 97
153 98
153 109
153 152
153 158
154 12
154 18
154 22
154 24
154 28
154 41
154 49
154 53
154 59
154 62
154 79
154 97
154 98
154 101
154 104
154 114
154 119
154 136
154 137
155 0
155 8
155 16
155 19
155 33
155 55
155 61
155 63
155 79
155 90
155 95
155 96
155 116
155 144
155 158
156 15
156 16
156 29
156 36
156 45
156 53
156 59
156 66
156 67
156 71
156 72
156 110
156 136
156 158
157 2
157 4
157 6
157 46
157 49
157 52
157 56
157 59
157 63
157 65
157 81
157 84
157 99
157 134
157 138
158 6
158 10
158 15
158 20
158 28
158 31
158 36
158 80
158 85
158 92
158 109
158 117
158 118
158 119
158 129
158 136
158 137
158 142
159 4
159 11
159 14
159 21
159 22
159 24
159 26
159 42
159 44
159 45
159 46
159 53
159 66
159 89
159 93
159 122
159 123
159 148
0 1 2 3 4 5 6
