160 812 40
0 26
0 59
0 78
0 87
1 30
1 32
1 45
1 107
1 130
1 135
2 88
2 143
3 10
3 12
3 16
3 46
3 52
3 108
3 148
4 11
4 20
4 23
4 64
4 132
5 37
5 42
5 84
5 99
5 119
5 144
5 150
6 4
6 32
6 36
6 42
6 47
6 73
6 80
6 90
6 92
6 101
7 22
7 68
8 14
8 54
8 96
8 105
8 109
8 117
8 138
9 112
9 118
9 127
9 153
10 44
10 67
10 127
10 142
10 145
11 31
11 55
11 67
11 104
12 46
12 48
12 67
12 69
12 93
12 99
12 149
13 11
13 62
13 68
13 89
13 109
14 73
14 81
14 114
14 121
14 127
15 23
15 40
15 53
16 49
17 5
17 15
17 52
18 11
18 75
18 97
18 127
19 27
19 31
19 114
19 147
19 150
20 36
20 75
20 83
20 115
20 144
21 8
21 17
21 49
21 70
21 75
21 92
21 126
22 59
22 64
22 84
22 95
22 125
23 32
23 51
23 55
24 157
24 158
25 0
25 69
25 129
25 142
26 6
26 78
26 85
26 93
26 129
26 140
26 141
26 142
26 143
26 146
27 6
27 15
27 31
27 125
27 127
28 6
28 64
28 110
28 154
29 14
29 46
29 49
29 150
30 29
30 46
30 58
30 65
30 69
30 101
30 122
30 137
31 17
31 66
31 70
31 72
31 113
31 158
32 48
32 56
32 81
32 130
33 2
33 7
33 29
33 67
33 116
34 62
34 77
35 95
35 134
36 29
36 31
36 51
36 65
36 68
36 75
36 81
36 92
36 98
36 99
36 109
36 111
36 122
36 158
37 34
37 122
38 24
38 54
38 63
38 100
38 115
38 120
38 132
38 134
38 144
39 42
39 52
39 64
39 111
39 133
39 136
40 50
40 64
40 117
40 118
40 119
41 4
41 7
41 98
41 136
41 146
42 110
43 39
43 42
43 49
43 95
43 146
44 0
44 21
44 23
44 54
44 56
44 123
44 129
45 29
45 44
45 62
45 66
45 68
45 102
45 148
46 17
46 35
46 50
46 56
46 91
46 102
46 120
47 32
47 38
47 114
47 140
47 152
48 33
48 61
48 99
49 7
49 133
50 9
50 18
50 55
50 75
50 84
50 120
50 131
50 144
51 47
51 108
51 123
51 127
52 14
52 69
52 73
52 85
52 94
52 97
52 118
52 144
53 13
53 50
53 79
53 119
54 5
54 78
54 114
55 53
55 67
55 131
55 142
56 2
56 4
56 31
56 66
56 68
56 108
56 109
56 138
57 10
57 113
57 114
57 139
58 15
58 23
58 42
58 50
58 63
58 80
58 104
59 1
59 41
59 61
59 72
59 82
59 139
60 19
60 73
60 116
61 0
61 83
61 122
62 39
62 41
62 43
62 50
62 61
62 85
62 87
62 133
63 9
63 23
63 35
63 73
63 93
63 117
63 123
64 68
64 109
64 148
65 18
65 33
65 137
65 158
66 33
66 55
66 58
66 82
66 85
66 133
67 9
67 51
67 88
67 156
68 38
68 49
68 73
68 93
68 143
69 46
69 70
69 77
69 96
69 146
70 2
70 67
70 90
70 136
71 20
71 43
71 62
71 90
71 126
71 139
71 151
72 56
72 60
72 88
72 99
72 153
72 156
73 13
73 82
73 91
73 121
74 39
74 42
74 92
74 95
74 106
74 115
74 118
74 124
75 25
75 26
75 61
75 73
75 76
75 79
75 140
76 39
76 57
76 60
76 122
76 143
77 4
77 54
77 56
78 44
78 50
78 61
78 74
78 107
78 131
79 2
79 21
79 72
79 78
79 81
79 116
79 121
79 143
80 48
80 104
80 108
81 12
81 41
81 57
81 95
81 101
82 9
82 33
82 40
82 43
82 61
82 74
82 86
82 116
82 126
82 142
82 153
83 23
83 30
83 46
83 51
83 58
83 77
83 80
83 128
83 139
84 20
84 57
84 100
84 101
84 135
85 21
85 29
85 43
85 92
85 114
85 151
85 158
86 10
86 16
86 62
86 87
86 142
87 36
87 47
87 67
87 149
88 30
88 36
88 49
88 110
88 129
89 3
89 12
89 136
90 74
90 100
90 109
91 20
91 28
91 127
92 54
92 71
92 72
92 89
92 100
92 118
92 152
92 153
93 2
93 36
93 77
93 90
93 146
93 149
94 43
94 62
94 138
95 7
95 146
95 155
95 157
96 6
96 11
96 29
96 40
96 95
96 140
97 32
97 51
97 93
97 104
98 1
98 11
98 15
98 48
98 91
98 118
99 33
99 92
99 101
100 3
100 60
100 79
101 15
101 20
101 90
101 114
101 154
102 59
102 63
102 121
102 127
102 139
103 18
103 49
103 84
103 86
103 122
104 113
104 138
104 140
105 3
105 39
105 72
105 77
105 107
106 22
106 56
106 111
106 122
107 22
107 28
107 43
107 51
107 67
107 121
107 146
108 2
108 39
108 48
108 78
108 82
108 89
108 124
108 145
108 147
109 11
109 16
109 26
109 58
109 79
109 96
109 129
109 158
110 32
110 107
110 131
110 149
111 13
111 59
111 61
111 93
111 102
111 159
112 27
112 39
112 94
112 111
112 146
112 148
112 158
113 19
113 46
113 54
113 69
113 73
113 105
114 15
114 80
114 122
114 127
115 9
115 44
115 70
115 123
116 2
116 17
116 39
116 88
116 108
116 109
116 118
116 124
117 14
117 31
117 56
117 119
118 23
118 25
118 122
118 140
118 145
119 35
119 37
119 65
119 154
120 2
120 59
120 63
120 138
121 12
121 50
121 67
121 111
121 127
121 128
121 152
122 59
122 72
122 104
122 107
122 116
122 153
123 79
123 149
123 152
124 23
125 49
125 108
125 143
126 31
126 79
127 2
127 65
127 99
127 105
127 140
128 34
128 99
128 139
129 16
129 21
129 136
130 0
130 5
130 47
130 85
130 149
130 158
131 1
131 4
131 48
131 96
131 112
131 126
131 147
132 18
132 158
133 55
133 107
134 57
134 101
134 131
135 7
135 42
135 51
135 65
135 88
135 101
135 106
135 108
136 57
136 78
136 130
136 132
136 141
137 43
137 47
137 83
137 110
137 120
138 23
138 44
138 50
138 68
138 79
138 100
138 102
138 116
138 157
139 73
139 93
139 110
139 118
139 143
139 153
140 13
140 18
140 19
140 95
141 104
141 108
141 151
142 23
142 29
142 48
142 79
142 96
142 120
143 0
143 89
143 108
143 112
143 122
144 4
144 10
144 35
144 43
144 51
144 76
144 97
144 117
145 9
145 13
145 14
145 37
145 59
145 125
145 140
145 154
146 3
146 12
146 30
146 64
146 149
147 18
147 61
147 85
147 97
147 129
148 38
148 68
148 71
148 78
149 32
149 48
149 74
149 115
150 53
150 76
150 81
151 21
151 52
151 63
151 83
151 125
152 31
152 71
152 96
152 100
152 147
152 153
153 46
153 116
153 121
154 24
154 41
154 59
154 92
154 115
155 2
155 15
155 33
155 75
155 79
155 94
155 144
155 158
156 101
156 109
156 123
156 136
157 4
157 49
157 63
157 84
158 10
158 28
158 100
158 142
159 42
159 87
159 89
159 99
159 122
159 135
159 148
0 1 2 3 4 5 6 7 8 9 10 11 12 13 14 15 16 17 18 19 20 21 22 23 24 25 26 27 28 29 30 31 32 33 34 35 36 37 38 39
