160 344 7
0 21
0 64
0 82
0 108
1 157
2 22
2 25
2 87
2 141
3 65
4 44
4 68
5 55
6 50
6 115
7 59
7 77
7 106
8 88
8 156
9 158
10 28
10 76
11 131
12 96
14 76
14 102
15 38
15 113
16 0
16 30
16 73
16 94
17 81
17 108
18 81
19 30
19 51
19 113
19 116
20 34
20 100
20 121
21 0
22 30
23 58
24 145
25 42
25 78
25 88
25 94
25 141
26 29
27 151
28 124
29 5
29 26
29 42
29 156
30 23
30 35
30 76
30 91
30 95
30 119
30 138
31 72
31 90
33 95
34 125
34 139
35 14
35 138
36 51
36 94
36 97
37 68
38 57
38 72
38 109
38 157
40 97
41 77
41 94
41 117
41 140
42 94
42 120
42 139
43 17
44 4
46 22
46 84
46 132
46 138
47 12
47 143
48 6
49 26
49 51
49 68
49 138
50 0
50 2
50 6
50 9
52 105
52 134
53 159
54 52
54 96
54 158
55 90
56 30
56 39
56 158
57 76
58 8
58 109
58 139
59 16
59 147
60 59
60 114
60 158
61 37
61 42
61 43
62 65
62 86
63 36
64 89
64 115
65 12
65 40
65 68
65 135
66 37
66 102
67 26
68 87
68 90
69 47
69 61
69 90
69 101
69 140
71 0
72 82
72 96
72 121
73 40
73 112
74 50
75 4
75 71
75 78
75 121
75 141
75 158
76 83
76 135
76 155
77 36
78 8
78 75
78 93
79 30
79 94
79 113
79 137
80 48
80 96
80 144
80 145
80 146
83 119
83 148
84 37
84 46
85 2
86 57
86 81
87 47
87 49
87 53
87 54
88 32
88 51
88 111
88 119
88 136
89 3
89 24
89 64
89 99
89 151
89 158
90 3
90 61
91 64
91 106
91 124
91 138
92 33
92 70
92 84
93 20
93 78
93 101
93 146
94 148
95 8
95 126
96 54
96 98
96 125
96 132
97 40
98 46
98 88
98 129
99 88
99 89
100 97
100 98
102 103
103 10
103 106
103 152
104 147
105 76
105 127
107 3
107 21
107 28
107 41
108 38
108 69
108 87
110 95
110 111
111 16
111 42
111 70
111 104
111 110
111 115
113 43
114 152
115 30
115 45
115 48
115 80
115 126
116 29
117 104
118 57
118 141
119 33
119 39
119 95
120 4
121 1
121 75
121 141
122 57
122 95
123 7
123 142
124 151
125 10
127 30
127 68
127 105
127 123
127 130
127 152
128 20
128 142
129 71
129 72
130 16
130 53
130 108
130 114
131 12
131 20
131 30
131 56
131 67
133 97
134 114
134 118
134 143
135 117
136 30
136 88
136 115
136 151
137 27
138 46
138 47
138 107
138 152
138 154
139 4
139 70
139 134
140 13
140 69
142 41
142 135
143 110
143 131
144 14
145 80
146 69
147 86
148 70
149 39
149 66
150 91
150 108
151 4
151 27
151 81
151 119
152 88
152 127
153 72
153 100
154 46
155 92
156 2
156 8
157 0
157 38
157 46
157 48
157 159
158 54
158 56
158 110
0 1 2 3 4 5 6
