160 812 7
0 27
0 54
0 85
0 97
0 135
1 11
1 15
1 36
1 79
1 87
1 131
2 43
2 59
2 62
2 90
2 101
2 118
3 79
3 98
3 146
4 5
4 12
4 105
4 158
5 0
5 52
5 83
5 96
5 114
5 149
6 18
6 22
6 107
6 136
6 138
6 143
7 10
7 18
7 43
7 48
7 54
7 76
7 127
8 81
8 92
8 100
8 115
8 153
9 30
9 38
9 121
9 154
10 12
10 25
10 31
10 126
11 12
11 17
11 45
11 118
11 124
12 25
12 128
13 34
13 47
13 48
13 49
13 74
13 77
13 159
14 5
14 6
14 65
14 70
14 101
14 108
15 42
15 56
15 57
15 65
15 92
16 29
16 51
16 92
17 5
17 10
17 15
17 61
18 3
18 16
18 101
19 22
19 35
19 58
19 87
19 95
19 132
20 18
20 40
20 65
20 68
20 114
20 116
20 156
21 15
21 31
21 53
21 61
21 65
22 25
22 37
22 47
22 56
22 94
22 121
23 17
23 109
23 112
23 155
24 1
24 16
24 35
24 143
24 144
25 47
25 69
25 72
25 96
25 97
25 101
26 28
26 30
26 42
26 45
26 71
26 82
26 83
27 4
27 14
27 29
27 41
27 43
27 80
27 88
28 12
28 38
28 48
28 98
28 112
28 116
28 126
28 155
29 28
29 54
29 94
29 97
29 140
30 17
30 45
30 50
30 77
30 142
31 1
31 2
31 6
31 84
31 109
32 74
32 113
33 6
33 11
33 106
34 72
34 130
34 154
35 4
35 12
35 98
35 130
36 15
36 56
36 60
36 61
36 133
36 138
37 52
37 87
37 108
37 120
38 2
38 37
38 58
38 62
38 75
38 91
38 129
38 134
38 155
39 22
39 29
39 42
39 43
39 46
39 51
39 59
39 108
39 118
39 150
40 58
40 94
40 111
40 137
40 158
41 22
41 85
41 96
41 108
41 140
42 29
42 67
42 105
42 151
43 0
43 37
43 49
44 16
44 62
44 109
44 147
45 55
46 5
46 80
46 95
46 100
46 101
46 116
46 119
46 132
46 133
46 138
47 17
47 43
47 108
47 111
47 142
48 3
48 24
48 68
48 98
48 104
48 109
48 148
49 7
49 25
49 44
50 49
50 96
50 119
50 155
51 8
51 24
51 50
51 53
51 59
51 116
52 21
52 41
52 48
52 51
52 56
52 158
53 17
53 18
53 47
53 112
53 115
53 133
53 137
53 147
53 158
54 23
54 36
54 70
54 80
54 87
54 105
54 118
55 0
55 19
55 27
55 91
55 131
55 143
56 18
56 24
56 27
56 40
56 55
56 63
56 71
56 79
56 100
56 148
56 156
57 48
57 49
57 52
57 64
58 2
58 13
58 48
58 67
58 80
58 145
58 155
59 75
59 90
59 120
59 130
59 137
60 35
60 57
61 24
61 33
61 86
61 131
62 15
62 19
62 37
62 40
62 50
62 102
63 8
63 28
63 39
63 104
64 13
64 24
64 25
64 43
64 90
64 124
64 149
65 44
65 80
65 84
65 86
65 148
66 57
66 107
66 150
67 9
67 34
67 61
67 95
67 116
68 19
68 56
68 63
68 117
68 139
68 140
68 147
68 158
69 115
70 11
70 75
70 109
70 112
70 140
70 144
70 158
71 59
71 108
71 150
72 19
72 73
72 80
72 90
72 115
72 122
72 139
73 6
73 86
73 122
73 150
73 152
74 35
74 44
74 65
74 72
74 79
74 88
75 18
75 78
75 139
76 44
76 69
76 74
76 86
76 94
76 110
76 116
76 128
76 145
76 156
77 40
77 99
77 121
77 122
78 10
78 41
79 38
79 51
79 107
79 112
80 28
80 43
80 103
80 136
81 3
81 9
81 25
81 69
81 73
81 99
81 150
82 1
82 68
82 107
82 120
83 31
83 48
83 93
83 101
83 115
83 122
83 125
83 144
83 152
84 8
84 28
84 52
84 93
85 94
85 107
85 108
85 156
86 43
86 59
86 68
86 96
86 97
86 117
86 124
86 156
87 61
87 104
87 116
87 156
88 62
88 101
88 115
89 27
89 134
90 30
90 48
90 49
90 54
90 100
90 159
91 54
91 72
91 78
91 82
91 86
91 88
91 132
91 144
92 1
92 34
92 82
92 100
92 110
92 147
93 7
93 35
93 61
93 108
93 138
94 57
94 89
94 125
94 135
94 152
95 5
95 24
95 32
95 49
95 120
96 66
96 75
96 87
96 95
96 133
97 46
98 50
98 145
98 148
99 1
99 14
99 85
100 55
100 67
100 78
101 0
101 9
101 11
101 24
101 32
101 81
101 111
101 138
102 16
102 33
102 45
102 86
102 111
102 119
103 7
103 25
103 88
103 111
103 116
103 121
103 136
103 152
104 0
104 38
104 75
104 114
104 134
104 148
105 62
105 77
105 79
105 88
105 143
106 80
106 86
106 99
106 121
106 154
107 56
107 58
107 105
108 78
109 66
109 118
110 11
110 95
110 123
110 132
111 4
111 20
111 59
111 73
111 79
111 83
111 143
111 148
112 50
112 81
112 158
113 1
113 19
113 30
113 45
113 65
113 88
113 94
113 99
113 104
114 1
114 19
114 29
114 35
114 56
114 64
114 124
115 13
115 99
115 101
115 131
116 61
116 81
116 106
116 146
116 153
116 157
117 18
117 39
117 74
117 97
117 100
117 122
117 136
117 155
118 27
118 32
118 38
118 90
118 96
118 133
119 17
119 33
119 42
119 62
119 83
119 92
119 105
119 145
120 9
120 94
120 126
120 136
120 153
121 114
121 118
121 137
121 144
122 30
122 42
122 64
122 75
122 92
122 103
123 22
123 66
123 104
123 124
123 133
123 134
124 29
124 41
124 50
124 58
124 70
124 75
124 89
124 119
124 138
125 29
125 100
125 119
125 136
125 141
126 7
126 27
126 32
126 73
126 78
126 82
126 91
126 93
126 132
127 51
127 92
128 24
128 53
128 55
128 69
128 95
128 104
128 110
128 127
128 130
128 152
129 21
129 34
129 53
129 71
129 72
129 122
130 24
130 60
130 76
130 88
130 102
130 124
130 139
131 39
131 101
131 152
131 153
132 20
132 41
132 42
132 73
132 120
132 158
133 42
133 47
133 48
133 80
133 113
133 126
134 61
134 84
134 141
135 112
135 126
135 140
135 156
136 50
136 55
136 134
136 146
137 3
137 41
138 107
139 9
139 20
139 38
139 44
139 78
139 112
139 121
139 132
140 13
140 14
140 19
140 52
140 54
140 59
140 130
140 150
141 1
141 48
141 99
141 123
142 70
142 85
142 114
142 131
142 143
143 14
143 18
143 21
143 96
143 117
144 20
144 27
144 56
144 57
144 79
144 81
144 146
144 147
145 64
146 1
146 2
146 69
146 92
146 119
147 87
147 89
147 135
147 143
148 1
148 4
148 155
149 18
149 62
149 63
149 106
149 117
149 145
150 159
151 23
151 39
151 60
151 101
152 39
152 72
152 114
153 17
153 101
153 146
154 48
154 67
154 105
154 107
155 39
155 46
155 140
155 142
156 26
156 79
157 52
157 134
158 43
158 48
158 107
158 110
158 125
159 10
159 12
159 42
159 93
159 108
159 124
0 1 2 3 4 5 6
