160 812 12
0 10
0 47
0 87
0 102
0 148
0 157
0 158
1 55
1 60
1 72
1 130
1 154
2 45
2 58
2 66
2 82
2 129
3 11
3 49
3 79
3 82
3 140
4 79
4 122
5 9
5 65
6 1
6 10
6 24
6 34
6 63
6 72
6 98
6 130
6 140
6 150
7 5
7 18
7 29
7 53
7 54
7 73
7 103
8 14
8 49
8 105
8 127
8 130
8 142
9 0
9 56
9 70
10 3
10 21
10 73
10 74
10 80
10 87
10 92
10 124
10 149
11 38
12 19
12 40
12 102
13 15
13 80
13 95
13 101
13 106
14 0
14 15
14 36
14 54
14 90
14 112
15 8
15 11
15 42
15 60
15 143
15 151
15 152
16 76
16 93
17 22
17 110
17 122
17 145
18 139
19 18
19 35
19 52
19 102
19 136
19 154
20 75
20 89
20 96
20 132
21 19
21 39
21 58
21 115
21 134
22 8
22 33
22 46
22 49
22 95
22 97
22 138
22 140
22 158
23 19
23 40
23 62
23 69
23 89
23 99
24 18
24 25
24 26
24 29
24 70
24 91
24 130
24 146
25 28
25 101
25 123
25 131
25 132
25 140
25 153
25 156
25 158
26 16
26 43
26 88
26 139
26 140
27 83
27 89
27 140
27 148
28 84
28 90
28 99
28 150
28 151
29 22
29 36
29 92
29 95
29 97
29 107
30 1
30 24
30 112
30 146
31 45
31 52
31 92
32 4
32 38
32 93
32 143
32 147
33 82
33 112
34 36
34 38
34 39
34 42
34 44
34 97
34 141
34 153
34 156
35 38
35 73
35 86
35 116
35 147
35 155
36 6
36 47
36 55
36 56
36 61
36 78
36 105
36 140
37 45
37 72
38 3
38 43
38 107
38 111
38 131
38 135
39 37
39 50
39 92
39 108
39 156
40 29
40 44
40 53
40 118
40 154
41 23
41 36
41 113
42 27
42 32
42 74
42 102
42 104
43 14
43 123
43 151
44 61
44 76
44 103
44 104
44 122
44 125
44 128
45 14
45 24
45 67
45 86
45 106
45 139
46 13
46 39
46 119
46 130
46 136
47 124
50 0
50 22
50 70
50 151
51 34
51 54
51 66
51 79
51 151
52 4
52 23
52 59
52 96
52 103
52 137
53 38
53 63
53 115
53 118
53 145
54 8
54 29
54 53
54 56
54 59
54 60
54 72
54 115
55 33
55 42
55 51
55 67
55 95
55 104
55 117
55 130
55 150
55 153
56 7
56 52
56 87
56 115
56 136
57 37
57 77
57 90
58 18
58 56
58 68
58 70
58 96
58 119
58 152
58 155
59 53
59 57
59 73
59 129
59 155
60 19
60 21
60 103
61 22
61 27
62 54
62 67
62 92
62 158
63 82
63 86
63 96
63 102
63 118
63 148
64 40
64 56
64 93
64 95
64 123
65 31
65 46
65 84
65 92
65 103
65 145
65 147
66 10
66 52
66 54
66 68
66 135
66 137
67 41
67 70
67 88
67 92
67 131
67 143
67 157
68 74
68 128
68 142
68 146
69 71
69 104
69 155
70 1
70 3
70 20
70 46
70 49
70 85
70 139
70 149
71 43
71 52
71 58
71 63
71 78
71 130
71 138
72 40
72 95
72 109
72 154
72 156
73 17
73 60
73 70
73 96
73 105
73 125
73 133
73 148
74 15
74 32
74 38
74 55
74 122
74 155
75 9
75 27
75 52
75 55
76 72
77 27
77 31
77 102
77 129
78 23
78 123
79 10
79 21
79 56
79 64
79 83
79 84
80 15
80 41
80 52
80 136
81 34
81 119
82 5
82 14
82 29
82 37
82 60
82 61
82 85
82 106
82 107
82 132
82 159
83 6
83 93
83 100
83 114
83 145
83 154
84 63
84 77
84 117
84 125
84 144
84 150
85 51
85 59
85 79
85 88
85 134
86 40
86 82
86 87
86 89
86 109
87 4
87 6
87 20
87 66
87 67
87 90
87 106
87 111
88 25
88 42
88 75
88 114
89 68
89 69
89 120
89 149
90 10
90 62
90 67
90 88
90 132
90 141
90 159
91 37
91 80
91 86
91 92
91 129
92 109
92 122
93 1
93 41
93 70
93 102
93 127
93 159
94 27
94 31
94 47
94 72
94 102
94 139
95 31
95 133
96 6
96 11
96 41
96 75
96 111
96 124
97 48
97 96
97 102
98 10
98 55
98 84
98 130
99 1
99 4
99 74
99 95
99 103
99 109
99 124
99 138
99 152
100 45
100 81
100 97
101 35
101 97
101 105
101 115
101 134
102 111
102 146
103 92
103 93
103 139
104 24
104 41
104 129
104 146
105 87
105 90
106 121
106 127
107 23
107 92
107 133
108 15
108 58
108 59
108 64
108 137
108 151
109 0
109 23
109 148
110 19
110 37
110 45
110 62
110 87
110 141
111 33
111 75
111 115
111 128
111 132
111 135
111 141
111 144
112 19
112 21
112 22
112 47
112 63
112 79
112 85
112 105
113 29
113 59
113 81
113 99
113 106
113 111
113 120
113 140
114 131
114 140
115 1
115 26
115 98
115 103
115 126
115 145
115 150
116 7
116 40
116 104
116 126
117 22
117 73
117 157
118 36
119 13
119 82
119 87
119 135
119 143
120 23
120 29
120 56
120 93
120 110
120 115
121 9
121 35
121 58
121 123
121 141
122 28
122 32
122 48
122 62
122 101
122 120
122 136
122 141
123 27
123 59
123 88
124 49
124 55
124 64
124 69
124 77
124 95
124 109
124 157
125 16
125 17
125 34
125 39
125 93
125 135
125 136
126 17
126 85
127 49
127 92
127 96
127 130
127 156
128 17
128 45
128 66
128 87
128 104
128 153
129 1
129 17
129 44
129 70
129 84
129 134
129 151
130 14
130 30
130 54
130 77
130 96
130 150
131 13
131 37
131 104
131 113
131 123
132 2
132 19
132 40
132 71
132 75
133 7
133 16
133 63
133 78
133 94
133 116
133 154
134 0
134 18
134 26
134 59
134 91
134 95
134 105
134 110
135 1
135 23
135 32
135 41
135 57
135 142
136 15
136 17
136 45
136 59
136 90
136 94
136 98
136 101
136 114
136 144
137 15
137 31
137 103
137 105
137 106
137 121
137 122
137 129
138 9
138 59
138 144
139 12
139 23
139 27
139 57
139 98
139 109
139 143
140 82
141 4
141 50
141 60
141 78
141 88
141 120
141 123
141 138
142 23
142 39
142 41
142 128
143 9
143 12
143 23
143 28
143 44
143 56
143 68
143 79
143 126
144 1
144 11
144 39
144 71
144 88
145 60
145 91
146 11
146 18
146 23
146 35
146 50
146 64
146 84
146 96
146 130
146 143
147 1
147 20
147 56
147 67
147 77
147 89
147 101
148 32
148 75
148 83
148 107
148 113
149 4
149 33
149 40
149 54
149 65
150 64
150 126
150 157
151 1
151 7
151 17
151 69
151 70
151 115
151 135
152 1
152 23
152 32
152 38
152 49
152 111
152 159
153 31
153 47
154 17
154 29
154 42
154 65
154 96
154 113
154 128
155 26
155 50
155 137
156 43
157 25
157 63
157 99
157 110
157 112
157 145
158 1
158 50
158 97
159 2
159 19
159 47
159 61
159 71
159 122
0 1 2 3 4 5 6 7 8 9 10 11
