160 2544 12
0 3
0 8
0 12
0 17
0 25
0 32
0 41
0 57
0 59
0 71
0 95
0 130
0 147
0 149
0 153
0 154
0 155
1 13
1 23
1 27
1 32
1 37
1 66
1 77
1 92
1 94
1 107
1 111
1 122
1 128
1 132
1 148
1 156
1 157
1 159
2 0
2 4
2 5
2 8
2 13
2 17
2 19
2 59
2 67
2 90
2 91
2 95
2 110
2 121
2 124
2 133
2 142
2 154
3 9
3 10
3 22
3 26
3 27
3 30
3 54
3 59
3 60
3 69
3 74
3 84
3 87
3 88
3 99
3 102
3 105
3 112
3 118
3 131
3 132
4 12
4 13
4 15
4 25
4 26
4 47
4 66
4 69
4 92
4 130
4 150
4 157
5 0
5 9
5 21
5 24
5 47
5 54
5 56
5 57
5 59
5 60
5 84
5 90
5 106
5 109
5 116
5 136
5 137
5 147
5 150
5 157
5 158
6 1
6 4
6 18
6 21
6 33
6 36
6 117
6 118
6 123
6 140
6 148
7 9
7 16
7 18
7 28
7 29
7 30
7 32
7 40
7 48
7 63
7 68
7 71
7 72
7 83
7 94
7 117
7 118
7 146
7 147
7 148
7 150
7 156
8 16
8 18
8 23
8 40
8 44
8 49
8 53
8 78
8 80
8 84
8 85
8 93
8 111
8 119
8 138
8 142
8 150
8 153
9 23
9 39
9 40
9 46
9 47
9 56
9 70
9 72
9 79
9 90
9 95
9 96
9 105
9 121
9 122
9 133
9 136
9 138
9 140
9 145
9 157
10 0
10 9
10 28
10 64
10 84
10 104
10 117
10 126
10 130
10 132
10 145
10 146
10 153
11 1
11 5
11 6
11 28
11 30
11 34
11 56
11 75
11 103
11 134
12 8
12 10
12 21
12 22
12 35
12 53
12 63
12 78
12 79
12 84
12 87
12 93
12 100
12 114
12 119
12 123
12 137
12 147
12 151
13 15
13 24
13 97
13 118
13 122
13 137
13 140
13 147
14 11
14 20
14 51
14 54
14 67
14 76
14 87
14 91
14 92
14 96
14 100
14 108
14 118
14 125
14 133
14 142
15 2
15 5
15 11
15 12
15 23
15 29
15 37
15 44
15 47
15 72
15 73
15 91
15 122
15 128
15 133
15 141
15 146
15 152
15 158
15 159
16 5
16 17
16 30
16 59
16 77
16 99
16 116
16 127
16 132
16 138
16 143
16 155
17 6
17 11
17 24
17 26
17 43
17 46
17 54
17 79
17 81
17 86
17 87
17 102
17 115
17 134
17 142
17 145
17 147
17 151
18 0
18 13
18 22
18 29
18 36
18 39
18 46
18 56
18 77
18 85
18 112
18 131
18 137
18 150
19 28
19 36
19 45
19 53
19 71
19 74
19 75
19 76
19 86
19 90
19 113
19 117
19 123
19 128
19 134
20 22
20 30
20 53
20 57
20 66
20 132
20 148
20 150
21 3
21 20
21 27
21 42
21 46
21 56
21 63
21 65
21 70
21 72
21 87
21 97
21 103
21 109
21 113
21 119
21 135
21 140
21 144
21 150
21 156
22 1
22 6
22 14
22 16
22 23
22 28
22 69
22 75
22 78
22 81
22 99
22 100
22 103
22 104
22 123
22 125
22 132
23 0
23 4
23 13
23 17
23 36
23 37
23 44
23 72
23 85
23 96
23 99
23 149
24 16
24 22
24 26
24 39
24 43
24 51
24 53
24 58
24 75
24 76
24 90
24 106
24 115
24 124
24 130
24 140
25 2
25 3
25 5
25 7
25 16
25 17
25 24
25 36
25 43
25 51
25 54
25 59
25 77
25 95
25 102
25 108
25 115
25 120
25 128
25 130
25 157
26 1
26 31
26 40
26 46
26 48
26 50
26 55
26 57
26 64
26 66
26 75
26 82
26 88
26 91
26 95
26 103
26 115
26 118
26 128
26 133
27 14
27 20
27 23
27 32
27 63
27 71
27 84
27 87
27 90
27 101
27 112
27 115
27 129
27 134
27 155
28 4
28 24
28 26
28 33
28 34
28 48
28 59
28 62
28 71
28 94
28 133
28 134
29 3
29 16
29 31
29 34
29 35
29 45
29 46
29 52
29 53
29 54
29 59
29 95
29 105
29 108
29 114
29 115
29 118
29 128
29 137
29 145
29 157
30 2
30 8
30 22
30 27
30 52
30 66
30 75
30 81
30 83
30 86
30 87
30 100
30 116
30 123
30 126
30 132
30 152
30 158
31 5
31 12
31 17
31 18
31 22
31 23
31 54
31 60
31 61
31 64
31 67
31 76
31 89
31 90
31 98
31 130
31 135
32 15
32 25
32 45
32 49
32 89
32 108
32 114
32 116
32 137
32 150
32 157
33 8
33 12
33 16
33 30
33 41
33 64
33 70
33 72
33 75
33 78
33 84
33 85
33 113
33 115
33 122
33 142
33 153
33 158
34 13
34 20
34 24
34 30
34 42
34 67
34 68
34 91
34 108
34 125
34 133
34 136
34 142
34 143
34 145
34 153
35 19
35 26
35 30
35 33
35 50
35 57
35 65
35 78
35 96
35 117
35 145
35 147
36 2
36 8
36 11
36 39
36 50
36 53
36 55
36 60
36 66
36 82
36 101
36 107
36 110
36 114
36 130
36 152
37 30
37 33
37 55
37 57
37 70
37 81
37 93
37 101
37 119
37 126
38 17
38 37
38 59
38 72
38 78
38 82
38 102
38 109
38 127
38 132
38 147
38 154
39 26
39 29
39 42
39 59
39 75
39 78
39 100
39 118
39 124
39 125
39 130
39 132
39 143
39 144
39 147
40 31
40 42
40 51
40 55
40 58
40 67
40 72
40 90
40 102
40 116
40 124
40 136
40 146
40 152
41 14
41 44
41 47
41 91
41 98
41 101
41 104
41 112
41 127
41 136
41 140
41 152
41 159
42 3
42 4
42 10
42 11
42 46
42 49
42 70
42 73
42 101
42 102
42 122
43 3
43 16
43 18
43 32
43 42
43 47
43 54
43 55
43 63
43 77
43 83
43 89
43 90
43 102
43 110
43 122
43 131
43 132
43 151
44 6
44 14
44 34
44 64
44 72
44 98
44 120
44 124
44 125
44 132
44 140
44 153
44 154
44 159
45 6
45 21
45 26
45 39
45 42
45 47
45 64
45 96
45 100
45 105
45 109
45 111
45 123
45 133
45 141
45 145
46 11
46 27
46 34
46 51
46 71
46 74
46 99
46 101
46 137
46 149
46 154
46 156
47 6
47 17
47 26
47 30
47 34
47 46
47 58
47 79
47 84
47 89
47 101
47 102
47 133
47 146
47 155
48 0
48 3
48 16
48 41
48 45
48 57
48 61
48 63
48 77
48 84
48 88
48 89
48 90
48 92
48 96
48 99
48 107
48 112
48 114
48 146
48 155
49 9
49 24
49 25
49 31
49 33
49 35
49 40
49 43
49 44
49 48
49 67
49 73
49 83
49 92
49 103
49 107
49 114
49 121
49 135
49 145
49 146
49 154
50 13
50 34
50 43
50 48
50 49
50 73
50 85
50 93
50 94
50 95
50 98
50 113
50 114
50 156
51 5
51 19
51 20
51 32
51 33
51 36
51 44
51 66
51 67
51 69
51 126
51 129
51 139
51 141
51 143
51 149
51 152
52 4
52 25
52 31
52 77
52 89
52 116
52 117
52 125
52 126
52 142
52 144
52 147
52 148
52 153
52 154
52 158
53 6
53 21
53 31
53 38
53 50
53 60
53 61
53 83
53 85
53 98
53 104
53 120
53 128
53 139
54 11
54 12
54 20
54 28
54 39
54 47
54 48
54 55
54 63
54 65
54 66
54 97
54 115
54 117
54 126
54 129
54 135
54 137
55 1
55 9
55 19
55 35
55 51
55 83
55 99
55 119
55 126
55 133
55 136
55 159
56 0
56 1
56 13
56 20
56 26
56 29
56 38
56 45
56 49
56 52
56 60
56 74
56 79
56 113
56 115
56 127
56 131
56 150
56 156
56 159
57 34
57 40
57 96
57 102
57 116
57 121
57 132
57 137
57 146
58 5
58 15
58 17
58 41
58 42
58 48
58 91
58 93
58 119
58 121
58 142
58 149
59 8
59 42
59 47
59 77
59 95
59 102
59 119
59 155
60 11
60 16
60 29
60 33
60 42
60 43
60 46
60 48
60 49
60 62
60 82
60 93
60 107
60 135
60 136
60 138
60 141
61 17
61 22
61 24
61 57
61 99
61 107
61 118
61 132
61 137
61 139
61 144
62 19
62 26
62 31
62 41
62 119
62 130
62 140
63 2
63 3
63 25
63 28
63 45
63 46
63 51
63 60
63 61
63 65
63 66
63 75
63 86
63 97
63 103
63 105
63 119
63 123
63 131
63 135
63 143
63 156
64 0
64 2
64 15
64 29
64 49
64 51
64 62
64 85
64 89
64 94
64 96
64 98
64 101
64 113
64 128
64 129
64 130
64 135
65 3
65 11
65 36
65 58
65 59
65 77
65 84
65 91
65 104
65 118
65 120
65 126
65 140
65 155
66 5
66 7
66 10
66 15
66 41
66 43
66 46
66 60
66 70
66 71
66 79
66 132
66 139
66 145
67 9
67 29
67 32
67 35
67 47
67 50
67 63
67 78
67 83
67 92
67 96
67 98
67 104
67 117
67 126
67 131
67 138
67 140
67 142
67 143
67 154
67 156
68 5
68 23
68 25
68 39
68 44
68 52
68 55
68 59
68 64
68 87
68 119
68 138
68 154
68 155
69 14
69 19
69 27
69 31
69 39
69 55
69 67
69 107
69 121
69 124
69 139
69 140
70 3
70 8
70 16
70 17
70 19
70 22
70 23
70 36
70 38
70 55
70 57
70 58
70 68
70 77
70 92
70 94
70 98
70 99
70 123
70 129
70 136
70 141
70 145
70 154
71 13
71 22
71 30
71 41
71 49
71 51
71 55
71 67
71 69
71 73
71 82
71 97
71 99
71 105
71 107
71 124
71 127
71 128
71 132
71 135
71 137
71 138
71 143
71 149
72 8
72 50
72 56
72 58
72 59
72 60
72 152
72 158
73 0
73 1
73 22
73 36
73 37
73 47
73 51
73 57
73 60
73 67
73 68
73 84
73 93
73 97
73 102
73 107
74 1
74 15
74 18
74 28
74 37
74 43
74 49
74 73
74 80
74 81
74 86
74 97
74 106
74 135
75 0
75 14
75 28
75 31
75 36
75 41
75 58
75 65
75 67
75 79
75 84
75 89
75 95
75 104
75 109
75 116
75 119
75 126
75 131
76 22
76 26
76 28
76 34
76 36
76 48
76 49
76 55
76 74
76 80
76 108
76 109
76 117
76 153
76 159
77 26
77 27
77 45
77 64
77 78
77 83
77 93
77 101
77 104
77 115
77 122
77 130
77 156
78 23
78 40
78 42
78 45
78 50
78 59
78 62
78 84
78 85
78 86
78 90
78 92
78 96
78 97
78 102
78 105
78 110
78 112
78 117
78 119
78 131
78 140
78 142
78 144
78 146
78 154
78 157
79 0
79 5
79 6
79 8
79 22
79 24
79 39
79 71
79 85
79 94
79 96
79 110
79 113
79 126
79 147
79 150
80 7
80 40
80 48
80 52
80 57
80 60
80 66
80 67
80 68
80 82
80 102
80 103
80 111
80 121
80 122
80 123
81 1
81 4
81 6
81 35
81 54
81 55
81 56
81 65
81 67
81 70
81 79
81 111
81 132
81 137
81 151
82 7
82 16
82 23
82 35
82 42
82 43
82 49
82 54
82 58
82 68
82 75
82 84
82 95
82 96
82 99
82 102
82 106
82 112
82 120
82 127
82 137
82 146
82 149
82 152
82 153
82 156
83 26
83 51
83 68
83 71
83 96
83 98
83 109
83 111
83 122
83 125
83 139
83 140
83 145
83 147
83 155
84 0
84 1
84 25
84 40
84 49
84 63
84 64
84 77
84 80
84 85
84 127
85 2
85 4
85 13
85 21
85 31
85 39
85 42
85 46
85 49
85 52
85 110
85 111
85 112
85 119
85 125
85 139
85 158
86 35
86 41
86 47
86 58
86 67
86 75
86 84
86 97
86 113
86 114
86 131
86 142
86 152
86 153
87 11
87 34
87 37
87 39
87 47
87 59
87 64
87 86
87 113
87 120
87 129
87 151
87 159
88 4
88 11
88 30
88 38
88 72
88 75
88 79
88 90
88 95
88 99
88 103
88 105
88 120
88 122
88 141
88 152
88 154
88 155
88 157
88 159
89 4
89 8
89 10
89 37
89 38
89 50
89 60
89 63
89 82
89 84
89 91
89 94
89 95
89 125
89 135
89 139
90 1
90 4
90 10
90 13
90 25
90 34
90 51
90 53
90 56
90 59
90 60
90 62
90 72
90 82
90 89
90 94
90 96
90 97
90 100
90 143
90 145
90 151
90 155
90 159
91 3
91 8
91 18
91 21
91 47
91 56
91 63
91 72
91 79
91 80
91 82
91 99
91 101
91 104
91 105
91 111
91 112
91 115
91 121
91 141
91 149
91 157
92 11
92 13
92 34
92 71
92 86
92 93
92 97
92 103
92 106
92 109
92 115
92 125
92 126
92 149
92 152
93 3
93 11
93 16
93 22
93 23
93 26
93 43
93 48
93 49
93 56
93 75
93 76
93 91
93 101
93 107
93 112
93 113
93 130
93 142
93 147
93 150
93 159
94 16
94 20
94 24
94 37
94 42
94 63
94 73
94 74
94 84
94 86
94 87
94 100
94 103
94 104
94 120
94 145
94 155
95 8
95 23
95 28
95 43
95 44
95 54
95 77
95 85
95 91
95 92
95 98
95 106
95 122
95 125
95 130
95 142
95 145
96 0
96 6
96 7
96 10
96 13
96 16
96 25
96 51
96 75
96 84
96 87
96 88
96 91
96 98
96 119
96 121
96 146
96 150
97 8
97 26
97 28
97 33
97 38
97 45
97 65
97 81
97 96
97 134
97 135
97 144
97 152
97 157
98 7
98 24
98 25
98 27
98 29
98 34
98 38
98 43
98 46
98 49
98 76
98 80
98 92
98 100
98 106
98 114
98 124
98 137
98 144
98 149
98 155
99 65
99 67
99 69
99 77
99 84
99 102
99 107
99 114
99 122
99 131
99 138
99 150
100 1
100 4
100 9
100 54
100 55
100 63
100 70
100 75
100 95
100 118
100 130
100 152
101 4
101 11
101 26
101 28
101 38
101 69
101 83
101 90
101 111
101 121
101 132
101 146
101 151
101 157
102 6
102 10
102 26
102 77
102 91
102 117
102 118
102 125
102 128
102 129
102 135
102 136
102 140
102 154
103 3
103 17
103 27
103 29
103 36
103 40
103 69
103 70
103 109
103 113
103 125
103 128
103 132
103 137
103 138
104 3
104 6
104 8
104 17
104 20
104 44
104 48
104 57
104 68
104 72
104 87
104 98
104 100
104 108
104 118
104 127
104 132
104 145
105 5
105 46
105 55
105 56
105 59
105 87
105 93
105 144
105 150
105 152
105 159
106 9
106 19
106 23
106 28
106 37
106 39
106 41
106 56
106 58
106 90
106 107
106 122
106 138
106 140
106 142
106 150
107 0
107 3
107 13
107 33
107 55
107 65
107 81
107 85
107 86
107 90
107 95
107 96
107 98
107 109
107 120
107 124
107 126
107 130
108 7
108 8
108 11
108 20
108 21
108 70
108 73
108 98
108 126
108 138
108 140
108 144
108 147
108 156
108 158
109 7
109 9
109 10
109 15
109 22
109 27
109 35
109 40
109 60
109 78
109 97
109 113
109 137
109 139
109 144
109 147
110 0
110 13
110 15
110 30
110 40
110 51
110 62
110 69
110 101
110 109
110 116
110 122
110 125
110 133
110 141
110 145
110 157
111 7
111 11
111 12
111 37
111 42
111 65
111 97
111 104
111 113
111 116
111 120
111 134
111 149
112 8
112 12
112 21
112 22
112 28
112 37
112 39
112 46
112 49
112 74
112 90
112 116
112 132
112 133
112 134
112 145
112 151
113 0
113 29
113 35
113 59
113 73
113 102
113 106
113 115
113 124
113 134
113 138
113 146
114 10
114 16
114 23
114 37
114 57
114 59
114 69
114 75
114 83
114 88
114 95
114 103
114 106
114 111
114 122
114 125
114 129
114 130
114 138
114 144
114 153
115 14
115 18
115 22
115 38
115 43
115 48
115 60
115 62
115 74
115 104
115 112
115 124
115 133
115 149
115 154
116 4
116 23
116 36
116 60
116 76
116 79
116 81
116 90
116 91
116 98
116 105
116 106
116 107
116 109
116 120
116 123
116 128
116 129
116 144
116 149
116 155
117 4
117 8
117 14
117 23
117 24
117 33
117 37
117 49
117 64
117 68
117 73
117 80
117 105
117 124
117 136
117 138
117 141
117 142
118 28
118 33
118 35
118 36
118 41
118 57
118 64
118 86
118 89
118 116
118 121
118 133
118 138
118 145
118 148
118 152
119 13
119 15
119 28
119 40
119 74
119 79
119 86
119 87
119 106
119 123
119 131
119 134
119 151
119 159
120 4
120 13
120 16
120 34
120 57
120 61
120 67
120 121
120 125
120 142
120 153
121 5
121 17
121 18
121 22
121 24
121 27
121 29
121 31
121 38
121 46
121 62
121 74
121 82
121 86
121 97
121 105
121 111
121 114
121 116
121 152
122 12
122 16
122 26
122 36
122 47
122 70
122 78
122 81
122 93
122 107
122 159
123 4
123 23
123 29
123 36
123 38
123 55
123 56
123 57
123 64
123 72
123 74
123 78
123 100
123 101
123 102
123 107
123 117
123 131
123 135
123 136
123 143
123 147
123 149
123 153
124 5
124 6
124 9
124 13
124 19
124 26
124 51
124 57
124 65
124 82
124 90
124 96
124 119
124 126
124 127
124 134
124 135
124 138
124 145
125 8
125 24
125 35
125 64
125 67
125 81
125 106
125 111
125 112
125 113
125 116
125 117
125 133
125 155
126 1
126 27
126 29
126 36
126 64
126 71
126 73
126 74
126 84
126 95
126 116
127 2
127 24
127 39
127 51
127 73
127 92
127 93
127 94
127 99
127 110
127 117
127 136
127 157
128 2
128 37
128 41
128 42
128 47
128 59
128 101
128 105
128 108
128 132
128 154
129 0
129 12
129 15
129 55
129 77
129 97
129 100
129 101
129 107
129 110
129 118
129 141
129 148
129 149
129 154
129 155
130 2
130 3
130 8
130 12
130 17
130 20
130 21
130 35
130 37
130 57
130 63
130 74
130 85
130 94
130 106
130 115
130 121
130 145
130 151
131 4
131 12
131 14
131 15
131 16
131 22
131 31
131 33
131 38
131 50
131 60
131 68
131 90
131 98
131 102
131 108
131 118
131 125
131 138
131 140
131 147
132 2
132 7
132 11
132 14
132 18
132 35
132 36
132 46
132 58
132 72
132 73
132 83
132 87
132 94
132 99
132 113
132 117
132 122
132 131
132 136
132 147
132 153
132 154
132 158
133 21
133 41
133 63
133 67
133 87
133 116
133 130
133 135
133 143
133 144
133 149
134 3
134 10
134 23
134 35
134 43
134 72
134 88
134 90
134 101
134 108
134 110
134 120
134 129
134 145
134 149
134 150
134 155
135 32
135 37
135 41
135 51
135 70
135 98
135 103
135 110
135 113
135 114
135 116
135 119
135 127
135 128
135 129
135 130
135 145
135 151
135 152
135 154
135 157
136 2
136 7
136 14
136 29
136 47
136 56
136 74
136 80
136 96
136 101
136 109
136 110
136 115
136 120
136 121
136 130
136 134
136 140
136 150
137 1
137 6
137 16
137 19
137 20
137 42
137 47
137 56
137 64
137 78
137 102
137 108
137 118
137 140
137 143
137 152
138 24
138 30
138 43
138 45
138 46
138 62
138 92
138 97
138 107
138 116
138 135
138 136
138 142
138 150
138 157
139 12
139 34
139 47
139 56
139 78
139 82
139 98
139 113
139 133
139 135
139 150
140 1
140 14
140 18
140 42
140 46
140 47
140 49
140 51
140 70
140 72
140 81
140 85
140 90
140 110
140 127
140 143
140 153
140 154
140 158
141 18
141 24
141 28
141 62
141 74
141 75
141 83
141 84
141 89
141 94
141 103
141 104
141 107
141 121
141 122
141 123
141 124
141 131
141 142
142 4
142 5
142 12
142 30
142 50
142 59
142 71
142 83
142 101
142 102
142 107
142 122
142 150
142 159
143 8
143 10
143 13
143 27
143 38
143 58
143 61
143 69
143 70
143 74
143 77
143 80
143 93
143 152
144 5
144 7
144 15
144 22
144 31
144 34
144 47
144 48
144 71
144 74
144 87
144 100
144 101
144 130
144 141
144 150
144 158
145 0
145 1
145 3
145 20
145 32
145 57
145 59
145 65
145 72
145 93
145 97
145 109
145 122
145 133
145 152
146 17
146 28
146 70
146 71
146 81
146 97
146 100
146 106
146 107
146 109
146 122
146 139
146 153
147 3
147 8
147 25
147 34
147 36
147 37
147 68
147 73
147 88
147 122
147 143
147 152
148 4
148 8
148 15
148 17
148 21
148 37
148 38
148 40
148 41
148 42
148 43
148 44
148 48
148 54
148 59
148 64
148 82
148 85
148 106
148 107
148 109
148 127
148 153
149 29
149 33
149 63
149 83
149 104
149 142
149 145
149 147
149 155
150 3
150 6
150 24
150 31
150 41
150 46
150 75
150 81
150 87
150 98
150 120
150 129
150 131
150 146
150 156
151 37
151 40
151 41
151 56
151 65
151 66
151 82
151 89
151 94
151 99
151 116
151 117
151 132
151 156
151 157
152 8
152 14
152 19
152 28
152 31
152 33
152 34
152 42
152 46
152 70
152 77
152 83
152 108
152 126
152 142
152 148
152 159
153 20
153 35
153 41
153 50
153 63
153 65
153 72
153 88
153 89
153 103
153 124
153 133
153 154
153 157
154 19
154 41
154 80
154 83
154 84
154 97
154 116
154 133
154 151
155 25
155 54
155 56
155 85
155 92
155 103
155 105
155 108
155 112
155 121
155 138
155 143
156 19
156 40
156 43
156 51
156 61
156 105
156 114
156 116
156 119
156 127
156 130
156 131
156 146
156 153
156 157
157 13
157 15
157 19
157 21
157 23
157 50
157 52
157 58
157 61
157 65
157 67
157 82
157 93
157 102
157 111
157 118
157 119
157 122
157 129
157 131
158 2
158 7
158 24
158 29
158 50
158 58
158 66
158 68
158 77
158 81
158 92
158 104
158 128
158 136
158 141
158 142
158 146
158 148
158 149
158 159
159 0
159 4
159 28
159 42
159 45
159 53
159 65
159 69
159 89
159 91
159 118
159 143
159 147
159 148
0 1 2 3 4 5 6 7 8 9 10 11
