160 812 7
0 29
0 65
0 79
0 81
0 103
0 117
0 120
0 159
1 29
1 77
1 115
2 14
2 41
2 44
2 116
2 128
2 150
3 52
3 98
4 2
4 12
4 75
4 79
4 113
4 134
5 87
5 90
5 131
6 8
6 10
6 19
6 37
6 100
6 118
6 125
6 129
7 0
7 39
7 64
7 72
7 96
7 107
7 126
7 150
8 30
8 59
8 101
8 121
8 130
9 13
9 36
9 109
9 138
9 143
9 150
9 154
10 42
10 50
10 63
10 89
10 118
10 121
10 139
11 6
11 55
11 82
11 99
11 131
11 150
12 67
12 73
12 114
12 137
12 147
13 26
13 41
13 139
14 118
14 127
14 142
14 148
15 2
15 55
15 97
15 99
15 159
16 70
16 134
16 139
16 145
17 156
18 3
18 49
18 52
18 83
18 98
18 104
18 123
18 133
19 11
19 16
19 113
19 130
19 145
19 147
19 148
20 86
20 98
20 135
21 12
21 41
21 47
21 58
21 103
21 111
21 143
21 158
23 8
23 28
23 52
23 55
23 85
23 90
23 114
23 128
23 145
23 153
23 154
24 12
24 20
24 27
24 33
24 70
24 77
24 107
24 133
24 139
24 141
25 5
25 45
25 52
25 141
25 142
26 80
26 100
26 115
26 117
26 121
26 144
26 149
27 20
27 64
27 109
27 137
27 155
27 159
28 154
29 48
29 86
29 108
29 139
30 73
30 113
31 32
31 92
31 127
31 146
32 26
32 40
32 61
32 84
32 104
32 109
33 8
33 55
33 73
33 82
33 93
33 101
33 135
33 148
34 19
34 46
34 61
34 68
34 83
34 96
34 109
34 112
34 123
34 132
35 10
35 22
35 30
35 51
35 64
35 125
36 126
36 154
37 0
37 57
37 74
37 79
37 140
37 148
37 154
38 16
38 137
39 16
39 56
39 64
40 29
40 79
40 115
41 104
41 136
41 158
42 13
42 59
43 41
43 47
43 49
43 71
43 76
43 85
43 103
43 135
43 153
44 3
44 67
44 127
44 131
45 10
45 111
46 54
46 100
46 103
46 136
47 16
47 100
48 3
48 72
48 154
49 13
49 15
49 110
50 11
50 18
50 43
50 62
50 94
50 121
50 148
51 18
52 16
52 72
52 79
52 93
52 146
52 154
52 155
53 34
53 60
53 64
53 68
53 73
53 105
53 125
54 16
54 22
54 28
54 84
54 130
54 143
54 154
55 25
55 26
55 68
55 74
55 84
55 147
55 148
56 36
56 68
56 94
56 99
56 152
56 154
57 40
57 100
57 122
58 33
58 67
58 78
58 83
59 9
59 30
59 34
59 76
59 154
60 30
60 48
60 93
60 144
61 18
61 35
61 46
61 67
61 102
61 112
61 138
61 146
62 9
62 40
62 45
62 63
62 72
62 97
62 114
62 145
63 19
63 85
63 128
63 136
64 6
64 99
64 105
64 114
64 126
65 11
65 63
65 74
65 85
65 97
66 23
66 110
66 152
67 0
67 26
67 80
67 97
67 124
67 136
68 6
68 10
68 47
68 108
68 117
68 136
68 137
69 28
69 73
69 120
69 149
70 17
70 23
70 57
70 62
70 102
70 110
70 121
71 6
71 27
71 94
71 106
72 47
72 60
72 142
73 59
73 95
73 138
73 142
73 156
74 3
74 56
74 150
75 1
75 61
75 70
75 106
75 131
76 49
76 96
76 103
76 111
77 15
77 56
77 84
77 104
77 132
78 27
78 41
78 70
78 84
78 102
79 34
79 42
79 91
79 126
80 22
80 53
80 102
80 130
80 144
81 56
81 124
81 133
81 151
82 28
82 77
82 90
82 110
82 115
83 1
83 12
83 17
83 30
83 48
83 86
83 94
83 101
83 105
83 123
83 144
84 53
84 62
84 122
84 125
84 130
84 155
84 159
85 0
85 21
85 151
86 40
86 44
86 90
86 112
87 46
87 49
87 101
87 106
87 115
88 22
88 41
88 58
88 61
88 89
88 103
88 123
88 124
89 16
89 30
89 51
89 58
89 84
89 87
89 116
89 125
90 27
90 42
90 54
90 63
90 120
91 25
91 86
91 148
91 159
92 117
92 153
93 19
93 83
94 10
94 117
95 4
95 13
95 25
95 104
95 114
96 16
96 68
97 35
97 69
97 129
98 10
98 16
98 40
98 55
98 86
98 122
98 142
99 21
99 60
99 63
99 90
99 113
99 151
100 0
100 9
100 60
100 71
100 112
100 126
100 155
101 1
101 17
101 39
101 76
101 140
102 7
102 23
102 86
102 136
103 36
103 77
103 81
103 145
103 159
104 13
104 38
104 62
104 83
104 111
105 52
105 87
105 104
105 150
106 4
106 9
106 15
106 62
106 78
106 105
106 144
107 31
107 77
107 87
107 132
107 151
108 97
108 104
109 1
109 47
109 117
109 155
110 1
110 36
110 48
110 61
110 69
110 83
110 91
110 136
111 41
111 70
111 140
112 10
112 12
112 50
113 45
113 55
113 56
113 77
113 91
113 107
113 123
114 22
114 55
114 96
114 158
115 5
115 107
115 118
115 120
115 121
115 155
116 24
116 30
116 41
116 57
116 67
116 76
116 79
116 118
117 56
117 95
117 142
118 12
118 64
119 29
119 37
119 44
119 79
119 121
119 155
120 9
120 18
120 25
120 54
120 107
120 144
120 156
121 29
121 30
121 59
121 82
121 98
121 129
121 131
121 143
122 31
122 129
123 20
123 21
123 22
123 41
123 98
123 119
123 133
123 136
123 146
124 1
124 4
124 13
124 26
124 93
124 118
125 47
125 63
125 64
125 86
125 105
125 138
126 4
126 20
126 22
126 31
126 59
126 68
126 80
126 99
126 117
126 125
127 0
127 22
127 92
127 140
128 0
128 72
128 81
128 96
128 145
129 71
130 1
131 38
131 76
131 88
131 144
131 152
132 14
132 22
132 26
132 72
132 114
132 121
133 72
133 150
134 53
134 61
134 97
134 100
134 147
134 150
135 1
135 7
135 25
135 49
135 64
135 76
135 90
135 108
135 111
135 134
136 7
136 37
136 69
136 87
136 88
136 142
137 51
137 85
137 88
137 135
138 36
138 60
138 117
138 123
139 45
139 60
139 112
140 19
141 45
141 54
141 57
141 68
141 98
142 7
142 24
142 51
142 120
142 123
142 128
143 16
143 29
143 52
143 77
143 110
143 145
144 1
144 9
144 31
144 39
144 40
144 76
144 130
144 145
145 4
145 120
145 153
146 4
146 34
146 47
146 153
146 154
147 50
147 60
147 92
147 94
147 102
147 144
148 23
148 66
148 76
148 78
148 94
148 101
149 15
149 47
149 83
149 84
150 15
150 47
150 53
150 88
150 102
150 151
151 86
151 109
151 152
152 35
152 36
152 59
152 78
152 119
152 157
153 7
153 14
153 15
153 24
153 33
153 47
153 85
153 113
154 40
154 41
154 50
154 106
154 130
154 156
155 3
155 47
155 74
155 105
155 158
156 55
156 77
156 78
156 92
156 95
156 111
156 143
156 153
157 12
157 15
157 32
157 37
157 64
157 95
157 121
157 153
158 31
158 65
158 129
158 150
159 32
159 54
159 58
159 59
159 133
159 136
159 146
159 150
0 1 2 3 4 5 6
