160 337 7
0 34
0 54
0 70
0 72
1 9
1 23
1 65
2 31
2 70
3 4
3 109
4 140
5 104
5 118
5 139
5 153
5 156
6 3
7 84
8 75
9 29
9 102
9 103
10 38
10 90
12 2
12 24
12 41
12 124
12 133
13 105
13 151
14 3
14 10
14 22
14 139
14 149
14 150
15 46
15 73
16 44
16 56
16 69
16 108
16 153
17 7
17 11
18 38
19 87
19 116
19 150
20 47
20 49
20 111
21 22
22 69
22 79
23 158
24 62
25 17
25 22
25 113
25 140
26 80
26 103
27 115
28 83
28 114
29 0
29 44
30 24
30 95
31 63
31 80
31 143
32 22
32 139
33 131
34 0
34 56
34 151
35 53
35 62
35 100
36 71
37 33
38 31
38 150
38 157
39 37
39 69
39 113
39 131
40 146
41 106
41 111
42 12
43 120
44 10
44 76
44 142
45 17
47 72
48 59
49 0
49 48
49 110
50 101
51 117
52 29
52 73
54 73
54 132
55 98
55 104
56 79
56 105
57 75
58 3
58 84
58 152
59 37
59 44
59 99
59 115
60 40
60 149
61 3
61 71
62 110
62 124
62 134
63 76
64 82
64 132
64 156
65 124
68 14
68 35
68 45
69 0
69 22
69 43
69 94
69 128
70 40
70 90
71 36
71 57
71 64
71 83
71 148
73 97
73 154
74 72
74 122
75 22
75 129
75 139
75 146
76 26
76 34
76 88
76 136
77 46
77 98
77 112
78 10
79 4
79 56
79 115
79 130
79 146
80 19
80 30
81 116
81 132
82 16
83 17
83 81
84 6
86 18
86 66
86 69
87 133
89 103
89 132
90 61
90 138
91 130
92 14
92 69
92 98
92 150
93 0
93 19
93 85
94 111
94 145
96 39
96 51
96 120
96 156
97 98
98 55
98 86
99 62
100 41
100 153
101 143
102 58
102 108
102 140
103 67
104 5
104 38
104 50
105 53
106 138
107 143
108 4
108 110
108 156
110 51
110 97
111 10
112 109
112 128
112 135
114 150
115 9
115 60
116 1
116 4
117 27
117 55
117 151
118 159
119 33
119 100
120 43
120 67
120 114
120 132
121 54
121 56
121 115
122 34
123 3
124 74
124 129
125 139
126 100
126 107
126 123
126 128
126 147
127 131
128 42
128 131
129 25
129 47
130 79
130 135
131 36
131 67
131 128
132 54
132 83
132 89
132 104
133 21
133 64
133 152
134 68
134 77
134 118
134 121
135 49
135 112
136 86
136 118
136 145
137 14
137 27
137 89
137 114
138 90
138 95
138 153
139 45
139 109
140 6
140 13
141 143
142 44
142 134
143 131
144 7
144 70
145 82
146 112
147 26
147 53
147 70
148 0
148 4
148 44
148 47
148 59
148 71
148 124
148 125
149 21
149 120
150 38
150 67
150 114
150 116
150 155
151 104
152 42
153 63
153 79
154 56
155 3
155 8
155 94
156 27
156 34
156 68
157 2
157 11
157 132
158 44
159 37
159 102
0 1 2 3 4 5 6
