160 2544 7
0 7
0 14
0 24
0 26
0 32
0 34
0 37
0 50
0 52
0 62
0 86
0 105
0 117
0 121
0 123
0 130
0 136
0 152
0 155
1 6
1 7
1 11
1 26
1 39
1 57
1 65
1 79
1 81
1 85
1 89
1 111
1 130
1 132
1 135
1 141
1 145
1 146
1 154
1 159
2 6
2 10
2 31
2 38
2 42
2 45
2 47
2 54
2 61
2 64
2 89
2 108
2 110
2 118
2 120
2 146
2 152
2 158
3 7
3 36
3 42
3 46
3 61
3 69
3 78
3 80
3 84
3 108
3 117
3 128
3 137
3 146
3 152
3 153
4 0
4 17
4 18
4 31
4 48
4 51
4 71
4 83
4 84
4 117
4 151
5 1
5 2
5 3
5 4
5 14
5 18
5 23
5 31
5 36
5 44
5 68
5 80
5 81
5 88
5 90
5 105
5 110
5 113
5 117
5 123
5 134
5 135
5 143
5 156
5 158
6 5
6 8
6 36
6 37
6 41
6 42
6 107
6 109
6 118
6 134
6 137
6 151
6 153
6 154
7 4
7 10
7 13
7 14
7 21
7 27
7 29
7 31
7 57
7 62
7 67
7 81
7 83
7 109
7 115
7 121
7 122
7 126
7 134
7 137
7 147
7 155
7 157
8 3
8 27
8 31
8 33
8 40
8 61
8 93
8 95
8 98
8 116
8 136
8 140
8 157
9 5
9 11
9 45
9 59
9 86
9 90
9 93
9 100
9 104
9 122
9 128
9 132
9 133
9 145
9 151
9 152
9 157
10 19
10 20
10 28
10 29
10 31
10 36
10 38
10 44
10 49
10 61
10 73
10 94
10 105
10 113
10 116
10 118
10 128
10 132
10 154
11 42
11 45
11 52
11 71
11 94
11 142
12 30
12 35
12 40
12 67
12 68
12 88
12 91
12 95
12 96
12 97
12 107
12 111
12 122
12 130
12 138
12 152
13 0
13 1
13 29
13 36
13 39
13 54
13 91
13 114
13 122
13 126
13 133
13 137
13 139
14 4
14 11
14 23
14 26
14 34
14 48
14 51
14 64
14 65
14 71
14 73
14 74
14 96
14 107
14 122
14 131
14 135
14 143
14 152
14 153
14 155
15 8
15 55
15 59
15 64
15 94
15 98
15 105
15 107
15 111
15 115
15 119
15 121
15 124
15 150
16 2
16 10
16 21
16 24
16 46
16 52
16 70
16 76
16 95
16 99
16 100
16 110
16 115
16 141
16 143
16 148
17 8
17 10
17 11
17 14
17 16
17 22
17 26
17 32
17 34
17 42
17 55
17 70
17 72
17 82
17 95
17 106
17 112
17 114
17 141
17 142
17 150
18 3
18 12
18 27
18 31
18 38
18 47
18 65
18 76
18 82
18 83
18 87
18 92
18 96
18 125
18 126
18 128
18 132
18 141
18 146
18 153
19 26
19 43
19 45
19 49
19 69
19 83
19 89
19 96
19 98
19 116
19 126
19 129
19 150
19 159
20 2
20 15
20 28
20 35
20 39
20 44
20 52
20 55
20 65
20 84
20 85
20 94
20 101
20 104
20 114
20 127
20 132
20 134
20 135
20 142
20 155
21 1
21 3
21 5
21 15
21 17
21 30
21 60
21 64
21 67
21 87
21 92
21 97
21 101
21 153
21 158
22 0
22 16
22 20
22 23
22 39
22 43
22 45
22 63
22 78
22 99
22 112
22 131
22 150
22 157
22 159
23 2
23 10
23 16
23 30
23 39
23 42
23 54
23 59
23 74
23 95
23 114
23 130
23 148
23 154
24 8
24 23
24 42
24 44
24 53
24 67
24 70
24 85
24 100
24 127
24 131
24 135
24 136
24 138
24 148
24 158
25 6
25 22
25 32
25 37
25 44
25 82
25 84
25 89
25 93
25 110
25 111
25 113
25 124
25 134
25 135
25 142
25 158
26 5
26 15
26 21
26 24
26 31
26 35
26 47
26 49
26 53
26 69
26 73
26 78
26 86
26 89
26 108
26 118
26 121
26 135
26 138
26 150
26 152
26 154
26 156
27 33
27 41
27 45
27 72
27 103
27 112
27 129
27 139
27 153
28 5
28 16
28 31
28 41
28 42
28 46
28 52
28 66
28 94
28 104
28 107
28 110
28 113
28 126
28 157
29 0
29 6
29 12
29 27
29 32
29 36
29 48
29 91
29 95
29 100
29 101
29 104
29 112
29 114
29 150
30 0
30 5
30 16
30 18
30 20
30 25
30 28
30 37
30 39
30 51
30 56
30 59
30 61
30 79
30 83
30 86
30 90
30 98
30 111
30 121
30 124
30 135
30 140
30 147
31 9
31 29
31 51
31 57
31 76
31 90
31 91
31 97
31 103
31 109
31 113
31 120
31 146
31 150
31 152
31 153
32 2
32 34
32 39
32 40
32 60
32 63
32 70
32 79
32 82
32 96
32 97
32 133
32 137
32 159
33 55
33 78
33 83
33 88
33 97
33 99
33 101
33 127
33 136
33 148
33 150
34 1
34 12
34 16
34 22
34 40
34 60
34 71
34 119
34 122
34 128
34 130
34 139
34 149
34 153
35 1
35 2
35 11
35 22
35 25
35 36
35 51
35 55
35 65
35 71
35 79
35 117
35 121
35 131
35 144
35 148
36 9
36 24
36 25
36 33
36 51
36 79
36 85
36 110
36 127
37 5
37 14
37 24
37 35
37 60
37 72
37 78
37 79
37 98
37 102
37 110
37 120
37 128
37 132
37 136
37 154
38 6
38 7
38 9
38 25
38 35
38 64
38 67
38 101
38 117
38 120
38 126
38 129
38 134
38 135
38 142
38 148
38 155
39 18
39 24
39 29
39 35
39 41
39 43
39 51
39 58
39 59
39 88
39 96
39 113
39 132
39 142
39 150
40 0
40 2
40 46
40 56
40 57
40 114
40 119
40 136
40 137
40 147
40 158
41 4
41 8
41 13
41 26
41 31
41 59
41 60
41 84
41 91
41 107
41 108
41 141
41 145
42 12
42 14
42 27
42 34
42 61
42 72
42 80
42 99
42 119
42 121
42 123
42 137
42 143
42 144
42 153
43 5
43 16
43 23
43 72
43 73
43 95
43 101
43 103
43 119
43 141
43 147
43 158
44 6
44 19
44 26
44 34
44 36
44 37
44 53
44 55
44 61
44 65
44 75
44 98
44 108
44 113
44 115
44 124
44 139
44 144
44 147
44 156
45 6
45 38
45 40
45 41
45 58
45 70
45 75
45 81
45 82
45 95
45 112
45 113
45 136
45 138
46 1
46 10
46 12
46 36
46 48
46 88
46 106
46 108
46 113
46 122
46 126
46 135
46 139
46 142
46 152
47 0
47 17
47 25
47 33
47 37
47 63
47 64
47 77
47 88
47 89
47 101
47 111
47 115
47 122
47 140
47 148
48 35
48 39
48 56
48 62
48 65
48 68
48 70
48 87
48 96
48 123
48 128
49 5
49 6
49 16
49 17
49 21
49 32
49 34
49 44
49 54
49 68
49 83
49 84
49 94
49 113
49 114
49 120
49 124
49 128
49 149
49 155
50 6
50 10
50 26
50 27
50 32
50 49
50 52
50 56
50 57
50 63
50 64
50 67
50 81
50 111
50 118
50 129
51 3
51 29
51 50
51 63
51 76
51 93
51 112
51 113
51 115
51 121
51 139
52 1
52 24
52 53
52 57
52 65
52 67
52 68
52 79
52 88
52 89
52 91
52 92
52 95
52 97
52 98
52 104
52 105
52 106
52 108
52 113
52 119
52 123
52 132
52 134
52 141
52 145
52 149
53 1
53 8
53 11
53 13
53 16
53 21
53 43
53 74
53 93
53 105
53 106
53 107
53 121
53 123
54 4
54 11
54 40
54 46
54 67
54 68
54 84
54 89
54 98
54 108
54 109
54 111
54 125
54 134
55 6
55 13
55 21
55 29
55 41
55 49
55 54
55 62
55 72
55 79
55 81
55 103
55 132
55 146
56 0
56 13
56 35
56 51
56 93
56 102
56 112
56 130
56 135
56 136
56 140
57 9
57 13
57 18
57 20
57 29
57 30
57 38
57 88
57 91
57 98
57 105
57 112
57 118
57 152
58 8
58 19
58 22
58 30
58 37
58 40
58 41
58 47
58 51
58 57
58 74
58 78
58 87
58 118
58 119
58 150
59 19
59 26
59 47
59 49
59 54
59 58
59 61
59 67
59 109
59 113
59 117
59 129
59 139
59 147
59 150
60 3
60 17
60 18
60 24
60 36
60 64
60 72
60 76
60 84
60 126
60 129
60 132
60 141
60 147
61 9
61 17
61 29
61 37
61 47
61 64
61 88
61 103
61 109
61 122
61 125
61 132
61 138
61 142
61 147
61 157
62 3
62 4
62 19
62 22
62 27
62 31
62 89
62 95
62 106
62 115
62 120
62 129
62 145
63 10
63 13
63 15
63 21
63 66
63 70
63 80
63 81
63 105
63 109
63 116
63 130
63 152
63 156
64 0
64 19
64 28
64 32
64 33
64 48
64 69
64 70
64 89
64 106
64 110
64 117
64 129
64 131
64 135
65 13
65 19
65 21
65 27
65 29
65 30
65 43
65 70
65 86
65 93
65 101
65 110
65 116
65 124
65 138
65 146
66 19
66 31
66 34
66 54
66 57
66 67
66 85
66 87
66 101
66 112
66 123
66 152
67 11
67 16
67 22
67 30
67 43
67 47
67 68
67 76
67 86
67 94
67 128
67 134
67 149
68 1
68 23
68 30
68 32
68 34
68 36
68 59
68 62
68 79
68 80
68 99
68 111
68 117
68 120
68 124
69 13
69 41
69 47
69 51
69 56
69 65
69 76
69 77
69 91
69 98
69 101
69 116
69 117
69 141
69 156
70 2
70 11
70 15
70 49
70 50
70 81
70 91
70 93
70 97
70 102
70 105
70 115
70 118
70 132
70 133
70 153
71 24
71 67
71 80
71 125
71 133
71 140
71 146
71 150
71 159
72 13
72 18
72 20
72 26
72 34
72 47
72 50
72 59
72 75
72 102
72 105
72 111
72 127
72 134
73 2
73 39
73 41
73 56
73 71
73 113
73 127
73 135
73 153
74 7
74 10
74 13
74 42
74 50
74 62
74 71
74 86
74 105
74 108
74 118
74 120
74 121
74 126
74 138
74 149
74 150
74 153
74 155
74 158
75 2
75 6
75 16
75 24
75 26
75 28
75 54
75 56
75 78
75 79
75 84
75 94
75 99
75 102
75 106
75 111
75 127
75 137
75 143
75 152
75 153
76 4
76 30
76 38
76 43
76 46
76 54
76 81
76 89
76 105
76 111
76 114
76 131
76 140
76 143
76 147
76 158
77 22
77 32
77 34
77 45
77 88
77 89
77 101
77 105
77 111
77 117
77 131
77 150
77 159
78 18
78 19
78 41
78 55
78 60
78 64
78 67
78 79
78 83
78 86
78 87
78 98
78 102
78 136
78 137
78 140
78 151
78 153
78 158
79 0
79 72
79 92
79 111
79 115
79 130
79 140
80 7
80 11
80 14
80 15
80 32
80 38
80 47
80 65
80 86
80 89
80 92
80 94
80 96
80 100
80 112
80 122
80 123
80 132
80 135
80 154
80 159
81 8
81 18
81 22
81 29
81 32
81 37
81 39
81 42
81 73
81 77
81 87
81 93
81 94
81 120
81 130
81 139
81 143
81 153
81 157
82 10
82 11
82 14
82 48
82 49
82 54
82 64
82 94
82 105
82 126
82 131
83 5
83 10
83 27
83 45
83 47
83 58
83 61
83 69
83 75
83 79
83 96
83 111
83 114
83 122
83 129
83 134
83 147
84 0
84 7
84 10
84 27
84 36
84 37
84 38
84 62
84 72
84 78
84 79
84 92
84 101
84 104
84 112
84 123
84 144
84 152
84 158
85 0
85 16
85 18
85 21
85 23
85 35
85 40
85 54
85 58
85 60
85 65
85 72
85 78
85 105
85 121
85 123
85 151
86 12
86 28
86 36
86 39
86 40
86 41
86 48
86 49
86 51
86 58
86 64
86 68
86 79
86 82
86 89
86 99
86 100
86 115
86 117
86 118
86 123
86 131
86 136
86 150
86 158
87 17
87 19
87 23
87 27
87 41
87 42
87 44
87 53
87 71
87 77
87 79
87 83
87 114
87 115
87 118
87 125
87 130
87 131
87 134
87 144
87 149
88 0
88 1
88 2
88 3
88 15
88 19
88 30
88 55
88 63
88 65
88 72
88 75
88 97
88 102
88 111
88 116
89 0
89 20
89 27
89 37
89 42
89 58
89 83
89 84
89 85
89 88
89 130
89 132
89 136
89 137
89 140
90 4
90 24
90 27
90 59
90 62
90 71
90 72
90 73
90 79
90 84
90 88
90 92
90 99
90 118
90 125
90 132
90 142
90 148
90 151
90 153
90 157
91 2
91 25
91 27
91 37
91 45
91 54
91 61
91 83
91 88
91 92
91 98
91 106
91 120
91 132
91 139
91 145
91 148
91 153
92 19
92 26
92 42
92 50
92 72
92 74
92 75
92 81
92 102
92 109
92 124
92 135
92 151
92 154
93 4
93 18
93 19
93 22
93 28
93 37
93 41
93 46
93 47
93 48
93 57
93 68
93 69
93 71
93 82
93 83
93 84
93 85
93 97
93 99
93 109
93 110
93 116
93 132
93 142
93 150
94 0
94 7
94 33
94 36
94 42
94 101
94 129
94 142
94 146
95 5
95 27
95 28
95 40
95 46
95 72
95 85
95 89
95 92
95 96
95 107
95 124
95 131
95 137
95 139
95 144
95 155
95 159
96 0
96 5
96 7
96 45
96 50
96 52
96 58
96 64
96 67
96 72
96 73
96 75
96 93
96 100
96 115
96 139
96 140
96 143
96 149
96 154
96 157
97 5
97 6
97 24
97 36
97 42
97 50
97 79
97 89
97 91
97 96
97 101
97 111
97 120
97 133
97 139
97 140
97 147
97 152
97 159
98 20
98 29
98 32
98 55
98 59
98 63
98 70
98 73
98 84
98 95
98 96
98 100
98 109
98 114
98 127
98 132
98 156
99 6
99 39
99 41
99 58
99 60
99 61
99 84
99 91
99 95
99 112
99 125
99 132
100 17
100 31
100 32
100 33
100 45
100 61
100 63
100 67
100 69
100 85
100 104
100 116
100 147
100 155
100 157
101 6
101 7
101 10
101 35
101 36
101 40
101 71
101 79
101 113
101 116
101 123
101 126
101 129
101 144
101 146
101 158
102 4
102 7
102 15
102 55
102 60
102 64
102 79
102 83
102 84
102 86
102 113
102 123
102 124
102 130
102 132
102 141
102 154
102 155
103 0
103 19
103 28
103 37
103 48
103 56
103 73
103 74
103 78
103 83
103 93
103 123
103 130
103 131
103 139
104 10
104 11
104 15
104 37
104 50
104 55
104 71
104 81
104 83
104 94
104 97
104 110
104 139
104 141
104 145
104 156
105 31
105 39
105 40
105 61
105 83
105 93
105 97
105 100
105 103
105 113
105 151
106 0
106 11
106 13
106 35
106 37
106 43
106 47
106 56
106 69
106 99
106 131
106 135
106 138
106 154
106 159
107 3
107 4
107 16
107 19
107 25
107 33
107 40
107 52
107 63
107 68
107 71
107 99
107 112
107 133
107 139
107 148
108 9
108 11
108 21
108 30
108 45
108 60
108 89
108 101
108 135
108 152
108 153
108 157
109 13
109 15
109 20
109 26
109 28
109 33
109 36
109 48
109 51
109 71
109 75
109 89
109 90
109 103
109 112
109 125
109 128
109 131
109 134
109 144
109 146
110 8
110 19
110 30
110 35
110 39
110 46
110 50
110 57
110 67
110 69
110 92
110 98
110 107
110 117
110 125
110 128
110 136
110 152
111 5
111 8
111 20
111 24
111 43
111 48
111 55
111 58
111 73
111 94
111 150
111 153
112 2
112 14
112 16
112 42
112 49
112 89
112 92
112 110
112 111
112 113
112 121
112 135
112 136
112 143
112 144
112 147
112 156
113 4
113 19
113 30
113 34
113 37
113 57
113 60
113 65
113 71
113 80
113 100
113 106
113 108
113 116
113 119
113 121
113 130
113 135
113 137
113 146
113 155
114 15
114 34
114 35
114 45
114 46
114 74
114 84
114 93
114 97
114 100
114 104
114 109
114 132
114 156
115 1
115 9
115 13
115 26
115 31
115 34
115 38
115 46
115 73
115 85
115 104
115 111
115 118
115 129
115 130
115 159
116 38
116 54
116 56
116 60
116 71
116 80
116 119
116 137
116 143
116 154
117 12
117 13
117 15
117 18
117 22
117 27
117 42
117 91
117 96
117 99
117 101
117 105
117 126
117 130
117 137
117 148
117 158
118 7
118 8
118 18
118 22
118 31
118 35
118 39
118 43
118 46
118 49
118 76
118 79
118 100
118 102
118 108
118 125
118 133
118 138
118 148
118 155
119 1
119 4
119 7
119 11
119 12
119 22
119 35
119 44
119 45
119 48
119 57
119 60
119 63
119 75
119 139
119 140
119 141
119 146
119 151
120 3
120 7
120 14
120 23
120 56
120 73
120 75
120 82
120 84
120 99
120 108
120 140
120 147
120 149
120 150
120 151
120 158
121 16
121 22
121 25
121 27
121 44
121 67
121 73
121 82
121 87
121 94
121 108
121 109
121 110
121 119
121 141
121 149
121 154
122 3
122 18
122 24
122 25
122 42
122 84
122 86
122 104
122 107
122 128
122 135
122 146
123 6
123 10
123 18
123 19
123 22
123 44
123 82
123 98
123 105
123 119
123 127
123 134
123 146
124 10
124 17
124 19
124 27
124 41
124 53
124 63
124 66
124 67
124 73
124 80
124 85
124 114
125 13
125 14
125 22
125 35
125 37
125 53
125 57
125 69
125 97
125 120
125 148
125 150
125 152
125 153
126 14
126 26
126 27
126 31
126 32
126 64
126 72
126 79
126 94
126 104
126 118
126 124
126 131
126 133
126 134
126 138
126 139
126 142
126 143
126 144
126 147
126 157
127 9
127 21
127 32
127 34
127 38
127 42
127 48
127 60
127 65
127 85
127 118
127 120
127 122
127 125
127 140
127 141
127 157
128 16
128 32
128 36
128 102
128 103
128 107
128 134
128 135
128 145
129 1
129 6
129 23
129 25
129 66
129 67
129 74
129 79
129 88
129 103
129 124
129 133
129 135
129 136
129 140
129 144
130 5
130 8
130 15
130 43
130 58
130 73
130 77
130 95
130 97
130 99
130 100
130 105
130 108
130 109
130 112
130 123
130 126
130 127
130 153
130 156
131 2
131 4
131 8
131 37
131 44
131 53
131 56
131 60
131 74
131 78
131 81
131 111
131 128
131 135
131 144
131 159
132 14
132 15
132 21
132 26
132 43
132 50
132 58
132 66
132 68
132 71
132 78
132 92
132 109
132 118
132 119
132 128
132 130
132 157
132 159
133 5
133 8
133 20
133 28
133 41
133 42
133 46
133 50
133 51
133 52
133 56
133 61
133 66
133 67
133 77
133 86
133 87
133 96
133 98
133 101
133 109
133 128
133 141
133 149
133 150
133 151
133 157
133 159
134 34
134 46
134 49
134 51
134 56
134 58
134 59
134 80
134 88
134 96
134 97
134 113
134 117
134 132
134 133
134 149
135 3
135 11
135 12
135 13
135 28
135 31
135 33
135 43
135 54
135 104
135 121
135 123
135 136
135 140
135 142
135 149
136 22
136 23
136 28
136 36
136 46
136 54
136 72
136 75
136 130
136 134
136 143
136 150
136 152
137 8
137 51
137 65
137 66
137 79
137 96
137 115
137 127
137 129
137 143
137 145
137 147
137 149
137 157
137 158
137 159
138 5
138 8
138 13
138 20
138 25
138 30
138 32
138 44
138 56
138 63
138 71
138 104
138 108
138 130
138 132
138 140
138 141
138 158
139 0
139 4
139 5
139 22
139 31
139 37
139 41
139 88
139 94
139 100
139 112
139 114
139 125
139 142
139 143
139 144
139 145
139 146
139 153
140 4
140 40
140 42
140 44
140 60
140 61
140 73
140 82
140 85
140 95
140 118
140 128
140 153
141 4
141 8
141 48
141 64
141 96
141 97
141 106
141 113
141 116
141 120
141 124
141 149
141 157
142 4
142 7
142 8
142 12
142 23
142 51
142 68
142 73
142 110
142 112
142 118
142 123
142 124
142 141
142 156
142 157
143 0
143 11
143 17
143 30
143 45
143 49
143 56
143 64
143 70
143 74
143 83
143 108
143 123
143 138
143 140
143 157
144 19
144 43
144 50
144 57
144 100
144 103
144 110
144 152
145 7
145 12
145 29
145 36
145 50
145 53
145 58
145 69
145 79
145 96
145 108
145 112
145 113
145 117
146 12
146 16
146 21
146 41
146 46
146 54
146 57
146 62
146 86
146 105
146 112
146 130
146 137
146 141
146 149
147 0
147 15
147 25
147 33
147 49
147 54
147 65
147 104
147 107
147 128
147 143
148 2
148 6
148 15
148 26
148 64
148 74
148 76
148 77
148 78
148 96
148 104
148 109
148 119
148 122
148 128
148 154
149 43
149 58
149 66
149 71
149 82
149 94
149 98
149 101
149 106
149 116
149 117
149 123
149 127
149 140
149 142
149 144
150 3
150 13
150 16
150 23
150 45
150 54
150 56
150 61
150 80
150 81
150 85
150 89
150 90
150 96
150 112
150 123
150 126
150 134
150 155
151 14
151 15
151 22
151 33
151 36
151 37
151 45
151 46
151 57
151 63
151 74
151 102
151 108
151 118
151 128
151 132
151 135
151 142
151 155
152 4
152 13
152 18
152 20
152 22
152 25
152 39
152 41
152 52
152 56
152 62
152 105
152 118
152 121
153 13
153 25
153 30
153 32
153 41
153 46
153 50
153 53
153 57
153 66
153 76
153 88
153 95
153 117
153 122
153 133
153 156
153 157
153 158
154 0
154 9
154 30
154 47
154 49
154 56
154 58
154 64
154 68
154 69
154 91
154 113
154 120
154 127
154 137
154 149
154 159
155 24
155 32
155 36
155 40
155 45
155 54
155 61
155 145
155 147
155 153
155 159
156 12
156 52
156 57
156 62
156 73
156 79
156 92
156 120
156 121
156 131
156 134
156 141
156 144
156 150
156 155
156 159
157 3
157 24
157 29
157 38
157 46
157 48
157 52
157 58
157 62
157 64
157 66
157 68
157 83
157 86
157 87
157 116
157 130
157 134
157 149
158 3
158 12
158 20
158 30
158 34
158 41
158 55
158 63
158 89
158 96
158 102
158 129
158 130
158 139
158 146
158 159
159 6
159 15
159 16
159 20
159 21
159 51
159 59
159 60
159 62
159 79
159 89
159 101
159 110
159 135
159 138
159 145
0 1 2 3 4 5 6
