160 559 40
0 12
0 36
0 108
0 146
0 147
1 120
1 139
1 152
2 67
3 63
3 78
3 82
3 109
3 146
3 153
4 28
4 94
4 152
5 17
5 36
5 81
5 98
5 117
6 52
6 80
6 97
6 104
6 140
7 29
7 38
8 16
8 143
9 72
9 108
10 105
10 107
10 116
10 124
10 140
11 14
11 61
11 85
11 86
11 105
11 109
12 0
12 7
12 136
13 19
13 63
13 114
13 123
14 102
14 154
15 28
15 52
15 57
15 135
16 8
16 133
16 145
16 149
16 150
16 155
17 5
17 20
17 120
18 34
18 68
18 82
18 99
18 106
18 114
18 127
18 141
19 13
19 43
19 49
19 155
20 17
20 107
21 58
21 61
21 65
21 111
22 30
22 68
22 84
22 93
22 104
22 105
22 108
22 145
22 148
23 46
23 52
23 77
23 85
23 119
23 126
23 146
24 36
24 96
24 99
25 35
25 50
25 83
25 96
25 140
26 52
26 124
26 130
27 75
27 85
27 87
28 4
28 139
29 7
30 22
31 36
31 89
31 114
32 37
32 53
32 100
33 111
34 39
34 63
35 50
35 91
36 0
36 5
36 24
36 31
36 49
36 57
36 111
36 118
36 149
37 52
38 108
38 153
39 34
39 38
39 46
39 123
40 50
40 114
40 135
41 42
41 109
41 117
42 41
42 44
42 144
43 19
43 76
43 77
43 143
44 42
44 88
44 117
45 66
45 128
45 131
46 23
46 39
46 90
46 109
47 70
48 78
48 121
49 19
49 36
49 105
49 151
50 25
50 35
50 138
51 101
52 6
52 15
52 23
52 37
52 65
52 120
52 135
53 56
53 57
53 105
54 67
54 93
54 118
54 154
55 46
55 142
56 53
56 68
56 81
56 83
56 107
56 120
57 36
57 53
57 98
57 125
58 21
58 90
58 92
59 67
59 103
60 78
60 79
60 145
61 11
61 21
61 95
61 150
62 71
62 77
62 103
62 128
63 34
63 122
63 138
64 71
64 85
65 21
65 52
65 158
66 45
66 119
66 151
67 2
67 54
67 59
67 98
67 152
68 18
68 22
68 56
69 71
69 154
70 47
70 79
70 109
70 142
71 62
71 64
71 69
72 9
72 113
72 122
72 152
73 82
73 129
74 19
75 27
75 80
76 43
76 116
76 153
77 23
77 43
77 62
77 104
77 151
78 3
78 48
78 60
78 112
78 115
78 119
78 153
79 60
79 70
79 126
80 6
80 75
81 5
81 56
82 3
82 18
82 105
82 117
83 25
83 56
83 113
84 22
85 11
85 23
85 35
85 64
85 103
85 150
86 11
86 118
86 155
87 27
87 144
88 44
88 95
88 112
88 114
88 118
89 31
89 66
90 46
90 56
90 58
90 102
91 35
92 58
92 108
92 147
93 52
93 54
93 100
93 137
93 148
94 4
94 95
94 128
95 61
95 88
95 94
95 107
95 154
96 100
96 153
97 6
97 43
98 5
98 67
98 154
99 24
99 89
99 121
99 123
99 125
99 144
99 146
99 154
100 32
100 93
100 96
101 51
101 103
101 147
102 14
102 90
103 59
103 61
103 62
103 85
103 124
104 6
104 22
104 113
104 141
105 10
105 11
105 22
105 49
105 53
105 156
106 18
106 126
107 10
107 20
107 56
107 95
107 120
107 143
107 146
108 0
108 9
108 22
108 38
108 92
108 132
108 158
109 3
109 11
109 41
109 46
109 70
109 156
110 154
111 26
111 33
111 44
111 63
111 145
111 153
112 78
112 88
112 116
112 124
113 72
113 83
113 104
113 135
114 13
114 31
114 40
114 88
115 40
115 78
115 143
116 10
116 76
116 112
117 5
117 41
118 36
118 54
118 88
119 17
119 66
119 78
119 144
120 1
120 17
120 52
120 56
120 107
120 126
120 153
121 48
121 147
121 148
123 13
123 39
123 45
124 10
124 26
124 72
124 103
124 112
124 127
124 143
124 146
124 147
124 153
125 57
125 99
126 79
126 106
126 120
127 18
127 124
128 45
128 62
128 94
128 142
128 148
129 73
129 138
129 152
130 26
130 140
131 45
131 150
131 151
132 9
132 123
133 16
133 50
134 159
135 15
135 40
135 52
135 113
136 12
136 93
137 93
138 63
138 129
138 157
139 28
139 36
139 43
140 6
140 10
140 25
140 130
141 18
141 104
142 55
142 128
142 151
143 43
143 107
143 115
143 124
144 30
144 42
144 87
144 99
144 152
145 16
145 22
145 111
145 157
145 159
146 0
146 3
146 23
146 99
146 107
146 148
147 0
147 92
147 121
147 124
148 22
148 121
148 128
148 146
150 16
150 61
150 85
150 86
150 131
151 49
151 66
151 77
151 131
151 142
152 1
152 4
152 67
152 72
153 38
153 76
153 78
153 96
153 111
153 120
153 124
154 14
154 54
154 69
154 95
154 98
154 110
155 16
155 19
155 38
155 86
156 105
156 109
156 113
157 145
158 5
158 65
158 108
159 134
0 1 2 3 4 5 6 7 8 9 10 11 12 13 14 15 16 17 18 19 20 21 22 23 24 25 26 27 28 29 30 31 32 33 34 35 36 37 38 39
