160 2544 24
0 13
0 20
0 39
0 47
0 60
0 61
0 65
0 84
0 92
0 104
0 138
0 156
1 4
1 5
1 7
1 9
1 11
1 32
1 36
1 42
1 50
1 56
1 79
1 85
1 104
1 111
1 127
1 128
1 136
1 144
1 150
1 156
2 7
2 10
2 13
2 15
2 23
2 27
2 32
2 54
2 55
2 69
2 83
2 96
2 105
2 130
2 149
2 153
2 154
3 1
3 9
3 15
3 17
3 21
3 28
3 35
3 46
3 48
3 55
3 77
3 82
3 84
3 98
3 118
3 120
3 130
3 132
3 151
3 153
4 23
4 34
4 40
4 48
4 53
4 73
4 82
4 84
4 96
4 106
4 122
4 124
4 131
5 3
5 7
5 39
5 70
5 75
5 96
5 112
5 115
5 128
5 136
5 139
5 140
5 155
5 157
6 23
6 31
6 48
6 66
6 70
6 77
6 80
6 95
6 96
6 103
6 110
6 125
6 130
6 138
6 139
7 3
7 43
7 45
7 60
7 77
7 82
7 85
7 99
7 100
7 107
7 112
7 115
7 121
7 126
7 132
7 136
7 147
7 148
7 150
8 3
8 22
8 28
8 78
8 84
8 97
8 101
8 106
8 117
8 124
8 146
8 148
8 154
9 20
9 24
9 36
9 42
9 65
9 71
9 72
9 75
9 97
9 118
9 128
9 153
9 155
10 29
10 33
10 35
10 46
10 47
10 49
10 52
10 73
10 76
10 82
10 86
10 108
10 119
10 125
10 130
10 142
10 149
10 152
10 159
11 0
11 5
11 9
11 29
11 36
11 39
11 41
11 46
11 51
11 53
11 86
11 96
11 97
11 99
11 102
11 120
11 122
11 123
11 151
11 154
12 6
12 16
12 32
12 44
12 95
12 110
12 116
12 139
12 146
12 150
12 156
13 3
13 29
13 34
13 51
13 56
13 57
13 60
13 83
13 94
13 100
13 110
13 124
13 129
13 131
13 141
14 5
14 6
14 8
14 41
14 60
14 72
14 79
14 82
14 104
14 117
14 141
14 143
14 148
14 155
14 157
15 16
15 26
15 37
15 39
15 54
15 62
15 63
15 71
15 93
15 100
15 108
15 115
15 117
15 135
15 155
16 5
16 6
16 7
16 14
16 17
16 29
16 40
16 50
16 55
16 59
16 66
16 84
16 91
16 107
16 109
16 130
17 7
17 21
17 37
17 80
17 89
17 101
17 117
17 129
17 138
17 146
17 150
18 0
18 3
18 9
18 10
18 14
18 19
18 25
18 27
18 31
18 44
18 50
18 61
18 65
18 76
18 98
18 120
18 123
18 126
18 128
18 147
18 157
18 158
19 1
19 7
19 8
19 9
19 21
19 24
19 33
19 39
19 45
19 55
19 70
19 88
19 100
19 109
19 118
19 121
19 127
19 133
19 148
19 149
19 159
20 18
20 24
20 25
20 30
20 61
20 62
20 63
20 65
20 67
20 107
20 113
20 142
20 150
20 159
21 4
21 7
21 14
21 18
21 47
21 54
21 56
21 61
21 77
21 85
21 88
21 91
21 92
21 98
21 101
21 110
21 126
21 129
21 131
21 133
21 134
21 156
22 7
22 35
22 40
22 51
22 57
22 68
22 71
22 109
22 131
22 139
22 147
22 156
22 157
23 7
23 10
23 16
23 29
23 32
23 59
23 69
23 77
23 98
23 101
23 109
23 117
23 128
23 140
23 142
24 4
24 29
24 47
24 69
24 71
24 90
24 94
24 95
24 128
24 129
24 134
24 147
24 148
25 0
25 24
25 29
25 60
25 72
25 94
25 98
25 108
25 118
25 125
25 135
25 142
25 145
25 156
26 1
26 12
26 19
26 32
26 34
26 36
26 39
26 56
26 73
26 78
26 82
26 94
26 95
26 96
26 99
26 102
26 103
26 112
26 119
26 134
26 135
26 144
26 156
26 158
27 1
27 5
27 24
27 34
27 52
27 53
27 72
27 75
27 85
27 94
27 99
27 102
27 123
27 130
27 132
27 154
28 12
28 14
28 25
28 33
28 44
28 45
28 52
28 57
28 71
28 75
28 83
28 103
28 138
28 140
29 3
29 12
29 47
29 49
29 52
29 69
29 70
29 72
29 80
29 81
29 88
29 92
29 103
29 106
29 113
29 118
29 121
30 8
30 12
30 18
30 31
30 34
30 38
30 49
30 84
30 102
30 111
30 114
30 121
30 126
30 128
30 137
30 144
30 147
30 149
30 152
31 7
31 10
31 14
31 16
31 36
31 38
31 59
31 67
31 75
31 80
31 82
31 89
31 97
31 100
31 105
31 114
31 116
31 134
31 138
31 147
31 151
31 152
31 156
32 5
32 18
32 30
32 41
32 48
32 49
32 62
32 72
32 75
32 77
32 81
32 83
32 84
32 85
32 109
32 130
32 149
32 157
33 12
33 16
33 17
33 21
33 23
33 58
33 59
33 62
33 84
33 88
33 95
33 120
33 129
33 132
33 139
33 143
33 145
33 155
34 1
34 10
34 18
34 21
34 47
34 58
34 64
34 65
34 74
34 93
34 109
34 136
34 138
34 145
34 151
35 12
35 31
35 33
35 58
35 62
35 70
35 77
35 89
35 91
35 103
35 104
35 109
35 130
35 140
35 152
35 155
36 8
36 17
36 34
36 44
36 72
36 112
36 119
36 139
36 150
37 3
37 21
37 35
37 60
37 66
37 69
37 73
37 93
37 95
37 118
37 132
37 156
38 5
38 18
38 25
38 27
38 34
38 43
38 50
38 60
38 75
38 76
38 102
38 115
38 124
38 136
38 139
38 147
38 152
38 155
39 1
39 6
39 16
39 24
39 41
39 47
39 52
39 54
39 60
39 67
39 69
39 76
39 77
39 92
39 95
39 99
39 110
39 122
39 126
39 130
40 29
40 50
40 51
40 52
40 55
40 61
40 69
40 93
40 96
40 119
40 145
40 158
41 2
41 30
41 42
41 60
41 69
41 91
41 98
41 100
41 142
41 151
41 157
42 7
42 25
42 28
42 60
42 76
42 94
42 98
42 100
42 110
42 117
42 124
42 130
42 141
42 154
43 14
43 21
43 60
43 65
43 77
43 85
43 87
43 91
43 92
43 96
43 101
43 106
43 135
43 154
44 5
44 9
44 19
44 32
44 41
44 43
44 56
44 66
44 80
44 81
44 85
44 87
44 90
44 93
44 98
44 99
44 117
44 126
44 134
44 146
44 152
45 9
45 11
45 26
45 36
45 37
45 47
45 68
45 80
45 85
45 94
45 105
45 117
45 124
45 133
45 136
45 151
46 24
46 37
46 45
46 76
46 77
46 100
46 114
46 137
46 141
46 147
46 153
46 158
47 4
47 5
47 23
47 42
47 43
47 48
47 55
47 64
47 75
47 79
47 88
47 90
47 100
47 112
47 144
47 153
48 11
48 20
48 23
48 26
48 27
48 31
48 37
48 46
48 54
48 67
48 79
48 80
48 88
48 92
48 94
48 96
48 99
48 103
48 118
48 121
48 126
48 127
48 141
48 143
48 149
48 151
49 14
49 21
49 31
49 33
49 39
49 64
49 87
49 94
49 97
49 128
49 132
49 138
49 144
49 145
49 150
50 8
50 22
50 45
50 48
50 53
50 82
50 94
50 97
50 104
50 113
50 124
50 132
50 145
50 151
50 152
51 16
51 31
51 37
51 46
51 48
51 49
51 56
51 61
51 72
51 75
51 77
51 94
51 97
51 103
51 106
51 107
51 112
51 116
51 127
51 135
51 136
51 138
51 159
52 11
52 21
52 23
52 44
52 81
52 85
52 101
52 102
52 118
52 122
53 3
53 41
53 46
53 61
53 69
53 88
53 95
53 100
53 107
53 111
53 112
53 120
53 123
53 144
53 153
54 10
54 16
54 32
54 34
54 37
54 38
54 49
54 53
54 55
54 57
54 69
54 91
54 93
54 124
54 128
54 144
54 151
55 39
55 49
55 65
55 66
55 74
55 94
55 114
55 122
55 124
55 128
55 141
56 0
56 4
56 12
56 38
56 74
56 101
56 107
56 123
57 3
57 17
57 21
57 31
57 37
57 47
57 53
57 61
57 66
57 80
57 95
57 96
57 125
57 129
57 143
57 149
57 157
57 158
58 22
58 24
58 48
58 56
58 57
58 63
58 68
58 73
58 77
58 91
58 115
58 129
58 133
58 137
58 142
58 145
58 156
59 0
59 1
59 15
59 17
59 30
59 32
59 41
59 44
59 55
59 65
59 75
59 76
59 79
59 82
59 91
59 96
59 97
59 104
59 126
59 136
59 145
59 148
59 150
59 155
60 1
60 15
60 17
60 40
60 44
60 59
60 61
60 91
60 96
60 97
60 99
60 123
60 126
60 135
60 157
61 2
61 4
61 11
61 13
61 28
61 54
61 73
61 80
61 89
61 93
61 114
61 130
61 133
61 137
61 148
61 150
61 157
62 9
62 14
62 24
62 34
62 46
62 48
62 60
62 109
62 119
62 122
62 138
62 144
62 148
62 152
62 157
62 158
63 3
63 16
63 36
63 43
63 50
63 60
63 83
63 97
63 103
63 105
63 106
63 109
63 123
63 144
63 150
64 10
64 14
64 20
64 32
64 38
64 42
64 45
64 52
64 55
64 63
64 67
64 71
64 97
64 112
64 117
64 118
64 121
64 126
64 137
64 138
64 147
64 153
65 30
65 37
65 40
65 42
65 50
65 51
65 58
65 61
65 91
65 95
65 114
65 117
65 126
65 151
66 2
66 4
66 7
66 11
66 15
66 33
66 67
66 87
66 105
66 111
66 121
66 123
66 127
66 138
66 139
66 143
66 150
67 2
67 19
67 29
67 32
67 49
67 54
67 59
67 62
67 80
67 84
67 88
67 96
67 128
67 136
67 143
67 145
68 7
68 27
68 34
68 54
68 57
68 60
68 76
68 86
68 88
68 135
68 137
68 140
68 145
68 148
69 4
69 5
69 13
69 15
69 22
69 25
69 48
69 49
69 55
69 112
69 143
70 9
70 26
70 30
70 32
70 39
70 56
70 57
70 60
70 61
70 68
70 69
70 79
70 94
70 100
70 113
70 139
70 155
71 4
71 17
71 30
71 33
71 46
71 57
71 69
71 82
71 103
71 124
71 135
71 155
71 156
72 2
72 20
72 23
72 53
72 65
72 75
72 88
72 97
72 103
72 107
72 112
72 121
72 145
72 147
72 151
73 6
73 12
73 25
73 27
73 39
73 43
73 48
73 60
73 62
73 81
73 100
73 108
73 110
73 122
73 140
73 152
73 155
74 0
74 8
74 10
74 30
74 38
74 39
74 41
74 54
74 65
74 75
74 76
74 82
74 91
74 96
74 103
74 108
74 113
74 133
74 136
74 143
74 152
74 156
75 3
75 25
75 35
75 37
75 55
75 57
75 62
75 64
75 77
75 81
75 103
75 107
75 115
75 117
75 121
75 131
75 133
75 139
75 152
76 2
76 6
76 19
76 26
76 27
76 33
76 45
76 49
76 55
76 57
76 78
76 81
76 86
76 88
76 92
76 121
76 150
76 153
77 8
77 20
77 24
77 26
77 45
77 49
77 89
77 100
77 128
77 142
77 144
77 147
77 155
78 11
78 14
78 18
78 31
78 34
78 35
78 43
78 47
78 66
78 92
78 93
78 105
78 106
78 117
78 131
78 148
78 149
78 158
79 16
79 20
79 21
79 30
79 33
79 35
79 36
79 37
79 38
79 44
79 49
79 53
79 65
79 98
79 100
79 104
79 106
79 111
79 113
79 117
79 119
79 131
79 135
79 154
79 155
80 1
80 23
80 41
80 55
80 65
80 75
80 77
80 111
80 129
80 137
80 140
80 141
80 153
80 159
81 1
81 11
81 26
81 38
81 39
81 48
81 50
81 54
81 90
81 114
81 130
81 132
81 158
82 0
82 15
82 28
82 33
82 36
82 62
82 75
82 80
82 89
82 105
82 108
82 131
82 142
82 151
83 7
83 15
83 34
83 35
83 37
83 58
83 62
83 64
83 69
83 95
83 98
83 104
83 107
83 120
83 122
83 125
83 130
83 137
83 153
83 159
84 12
84 17
84 29
84 31
84 37
84 39
84 40
84 41
84 55
84 80
84 81
84 89
84 91
84 95
84 98
84 111
84 117
84 119
84 124
84 126
84 127
85 6
85 14
85 25
85 26
85 31
85 34
85 42
85 46
85 50
85 53
85 59
85 67
85 76
85 81
85 106
85 109
85 110
85 116
86 2
86 19
86 21
86 37
86 39
86 40
86 55
86 57
86 79
86 85
86 105
86 110
86 111
86 114
86 118
86 136
86 137
86 143
86 144
86 148
86 149
86 153
87 3
87 11
87 12
87 35
87 55
87 56
87 70
87 85
87 89
87 90
87 93
87 99
87 110
87 126
87 134
87 135
87 140
87 144
87 145
87 150
88 5
88 45
88 50
88 61
88 64
88 74
88 75
88 81
88 84
88 90
88 91
88 121
88 144
88 148
88 158
89 16
89 20
89 29
89 32
89 33
89 53
89 56
89 64
89 83
89 95
89 128
89 149
89 150
89 157
89 159
90 1
90 8
90 17
90 20
90 25
90 28
90 29
90 33
90 38
90 40
90 41
90 48
90 66
90 86
90 96
90 111
90 124
91 9
91 28
91 29
91 57
91 67
91 108
91 117
91 121
91 132
91 137
91 139
92 17
92 32
92 56
92 58
92 59
92 66
92 68
92 69
92 70
92 73
92 89
92 104
92 106
92 107
92 113
92 121
92 125
92 140
92 142
92 156
92 159
93 8
93 9
93 11
93 12
93 18
93 22
93 27
93 31
93 33
93 46
93 58
93 83
93 89
93 116
93 138
93 142
93 147
93 153
94 0
94 1
94 4
94 6
94 39
94 46
94 67
94 86
94 103
94 122
94 134
94 139
94 144
94 154
94 158
95 8
95 23
95 29
95 48
95 54
95 61
95 64
95 70
95 98
95 101
95 105
95 124
95 133
95 141
96 1
96 3
96 20
96 23
96 28
96 104
96 115
96 136
97 5
97 26
97 34
97 35
97 43
97 44
97 57
97 68
97 69
97 73
97 77
97 80
97 81
97 101
97 109
97 127
97 152
97 154
98 5
98 13
98 19
98 45
98 47
98 76
98 88
98 100
98 108
98 116
98 126
98 127
98 133
98 141
98 144
98 153
98 158
99 9
99 15
99 34
99 41
99 47
99 53
99 59
99 67
99 69
99 76
99 80
99 97
99 113
99 117
99 123
99 131
99 136
99 143
99 149
100 22
100 26
100 29
100 54
100 58
100 68
100 94
100 96
100 104
100 129
100 142
100 159
101 22
101 24
101 40
101 58
101 59
101 67
101 79
101 81
101 99
101 100
101 108
101 154
101 158
102 12
102 13
102 45
102 51
102 73
102 76
102 78
102 105
102 111
102 114
102 144
102 158
102 159
103 12
103 13
103 19
103 42
103 44
103 45
103 58
103 84
103 93
103 104
103 115
103 141
103 146
104 5
104 7
104 9
104 17
104 28
104 70
104 78
104 106
104 107
104 116
105 21
105 57
105 59
105 67
105 98
105 101
105 114
105 149
105 150
105 152
105 159
106 25
106 37
106 42
106 46
106 49
106 65
106 70
106 77
106 80
106 81
106 96
106 119
106 125
106 132
106 158
106 159
107 19
107 29
107 48
107 57
107 58
107 59
107 60
107 68
107 79
107 87
107 102
107 106
107 110
107 120
107 137
107 144
107 149
108 3
108 13
108 27
108 30
108 42
108 46
108 57
108 61
108 64
108 67
108 103
108 115
108 124
108 129
108 133
108 134
108 144
108 152
109 9
109 12
109 18
109 38
109 48
109 49
109 54
109 74
109 82
109 108
109 117
109 120
109 128
109 136
109 144
109 151
109 157
109 158
110 9
110 20
110 44
110 61
110 64
110 68
110 74
110 94
110 97
110 102
110 115
110 116
110 125
110 132
110 140
110 157
111 12
111 16
111 23
111 31
111 37
111 38
111 47
111 69
111 72
111 91
111 92
111 105
111 110
111 115
111 118
111 120
111 124
111 133
111 134
111 140
111 148
111 151
111 152
112 4
112 11
112 15
112 18
112 39
112 56
112 63
112 96
112 109
112 116
112 123
112 143
112 153
113 1
113 14
113 22
113 23
113 33
113 37
113 58
113 67
113 68
113 80
113 82
113 105
113 108
113 135
113 153
113 159
114 13
114 35
114 36
114 40
114 49
114 54
114 62
114 72
114 77
114 103
114 107
114 112
114 124
114 153
115 11
115 25
115 31
115 33
115 34
115 35
115 48
115 49
115 65
115 79
115 81
115 104
115 107
115 122
115 124
115 137
115 149
116 60
116 62
116 63
116 74
116 78
116 82
116 87
116 101
116 102
116 105
116 117
116 129
116 141
116 145
116 150
117 26
117 34
117 55
117 56
117 60
117 63
117 67
117 80
117 95
117 106
117 110
117 119
117 131
117 143
117 157
118 5
118 6
118 13
118 16
118 26
118 35
118 39
118 40
118 41
118 63
118 67
118 75
118 76
118 78
118 83
118 88
118 112
118 126
118 128
118 130
118 144
118 147
119 4
119 14
119 16
119 19
119 23
119 34
119 47
119 53
119 63
119 67
119 86
119 92
119 108
119 114
119 118
119 157
120 36
120 37
120 44
120 47
120 48
120 51
120 62
120 72
120 75
120 76
120 96
120 99
120 100
120 108
120 114
120 118
120 148
121 41
121 44
121 49
121 56
121 80
121 84
121 100
121 108
121 110
121 129
121 131
121 145
121 156
121 158
122 21
122 23
122 28
122 36
122 42
122 44
122 45
122 61
122 63
122 64
122 65
122 91
122 93
122 113
122 117
122 124
122 126
122 133
122 139
122 143
122 148
122 149
122 153
123 4
123 6
123 14
123 17
123 22
123 45
123 58
123 61
123 69
123 108
123 111
123 116
123 130
123 133
123 139
124 9
124 16
124 28
124 31
124 36
124 39
124 48
124 53
124 60
124 64
124 69
124 77
124 79
124 98
124 109
124 119
124 120
124 128
124 149
125 0
125 5
125 11
125 31
125 49
125 59
125 67
125 71
125 79
125 80
125 85
125 96
125 97
125 109
125 127
126 0
126 28
126 31
126 35
126 55
126 88
126 97
126 106
126 120
126 124
126 136
126 139
126 140
127 8
127 9
127 10
127 18
127 27
127 35
127 45
127 49
127 63
127 69
127 74
127 94
127 102
127 110
127 119
127 120
127 133
127 134
128 8
128 19
128 22
128 25
128 33
128 71
128 85
128 86
128 95
128 102
128 112
128 140
128 147
128 158
129 26
129 27
129 49
129 72
129 83
129 92
129 144
129 148
130 20
130 21
130 23
130 24
130 28
130 34
130 36
130 40
130 41
130 47
130 53
130 64
130 68
130 82
130 134
130 139
130 149
131 0
131 14
131 25
131 35
131 53
131 58
131 86
131 93
131 112
131 140
131 145
132 0
132 11
132 21
132 22
132 28
132 31
132 41
132 56
132 67
132 85
132 87
132 94
132 134
132 138
132 140
132 150
133 16
133 41
133 53
133 54
133 59
133 68
133 81
133 82
133 91
133 102
133 109
133 145
133 151
133 159
134 4
134 34
134 58
134 97
134 114
134 133
134 135
134 147
134 151
134 157
135 5
135 9
135 10
135 29
135 30
135 35
135 39
135 63
135 106
135 107
135 119
135 120
135 123
135 128
135 132
135 133
135 138
135 141
135 145
135 152
136 4
136 11
136 14
136 18
136 25
136 26
136 49
136 52
136 85
136 91
136 97
136 105
136 111
136 123
136 139
136 142
136 143
136 147
136 148
137 6
137 10
137 13
137 24
137 28
137 39
137 52
137 53
137 55
137 56
137 66
137 76
137 94
137 101
137 110
137 143
138 1
138 13
138 15
138 16
138 20
138 23
138 36
138 38
138 39
138 46
138 52
138 53
138 79
138 89
138 92
138 118
138 128
138 134
138 153
139 0
139 7
139 21
139 24
139 40
139 49
139 52
139 54
139 79
139 89
139 97
139 101
139 108
139 120
139 141
139 144
139 147
139 150
139 152
140 19
140 31
140 32
140 47
140 75
140 76
140 93
140 98
140 105
140 120
140 123
140 125
140 134
140 147
141 15
141 19
141 25
141 27
141 28
141 30
141 33
141 39
141 41
141 44
141 51
141 56
141 67
141 71
141 83
141 133
141 140
141 149
141 155
142 0
142 16
142 42
142 69
142 75
142 85
142 86
142 91
142 99
142 114
142 118
142 147
143 3
143 6
143 12
143 19
143 22
143 25
143 28
143 32
143 45
143 55
143 71
143 75
143 76
143 92
143 97
143 103
143 115
143 125
143 135
143 140
143 142
143 146
143 155
144 12
144 19
144 20
144 25
144 34
144 44
144 52
144 58
144 60
144 68
144 84
144 120
144 142
144 147
144 159
145 4
145 23
145 35
145 39
145 42
145 46
145 54
145 104
145 111
145 118
145 127
145 138
146 5
146 23
146 31
146 45
146 52
146 54
146 61
146 90
146 92
146 98
146 102
146 104
146 105
146 129
146 132
146 153
147 0
147 9
147 23
147 26
147 41
147 62
147 78
147 85
147 106
147 154
147 159
148 17
148 20
148 22
148 26
148 42
148 63
148 69
148 79
148 84
148 93
148 104
148 130
148 140
148 147
148 154
149 3
149 41
149 51
149 65
149 70
149 90
149 92
149 101
149 111
149 114
149 140
149 144
149 150
149 157
149 158
150 47
150 60
150 65
150 101
150 129
150 143
151 10
151 14
151 15
151 27
151 29
151 36
151 40
151 55
151 57
151 92
151 122
151 123
151 125
151 127
151 146
151 147
151 155
152 0
152 13
152 26
152 28
152 37
152 81
152 90
152 94
152 116
152 128
152 146
153 1
153 14
153 29
153 55
153 101
153 103
153 115
153 116
153 124
153 141
153 148
153 156
154 1
154 3
154 12
154 33
154 40
154 51
154 89
154 103
154 122
154 129
155 0
155 1
155 21
155 24
155 32
155 44
155 58
155 62
155 76
155 80
155 82
155 83
155 85
155 87
155 98
155 99
155 110
155 113
155 121
155 122
155 127
155 128
155 144
155 150
156 13
156 42
156 43
156 47
156 53
156 62
156 72
156 81
156 90
156 93
156 102
156 108
156 112
156 117
156 126
156 129
156 157
157 4
157 17
157 31
157 58
157 63
157 82
157 99
157 113
157 136
157 147
158 2
158 9
158 36
158 39
158 43
158 44
158 54
158 58
158 61
158 86
158 87
158 112
158 115
158 119
158 139
158 143
158 144
159 4
159 13
159 18
159 23
159 30
159 37
159 39
159 44
159 71
159 76
159 79
159 95
159 135
0 1 2 3 4 5 6 7 8 9 10 11 12 13 14 15 16 17 18 19 20 21 22 23
