160 812 24
0 43
0 59
0 61
0 63
0 83
0 84
0 89
0 119
0 124
0 148
1 0
1 46
1 97
1 151
1 158
2 10
2 26
2 29
2 53
2 126
3 17
3 63
3 70
3 113
4 11
4 109
4 119
4 134
4 156
5 11
5 42
5 58
5 117
5 156
5 158
6 8
6 20
6 21
6 32
6 34
6 42
6 66
6 117
7 9
7 69
7 72
7 77
7 80
7 132
7 145
8 55
8 65
8 70
8 106
8 126
9 1
9 13
9 21
9 31
9 121
10 30
10 38
10 49
10 112
11 18
11 20
11 49
11 50
11 101
11 106
11 137
11 157
12 8
12 42
12 99
12 130
13 118
13 122
13 139
13 150
14 10
14 17
14 108
14 148
15 22
15 73
16 59
16 123
16 135
17 1
17 36
17 75
17 84
17 104
17 130
18 29
18 30
18 66
18 75
18 117
18 135
18 142
18 153
18 155
19 32
19 45
19 113
19 123
19 131
19 134
19 144
20 9
20 34
20 62
20 76
21 142
21 151
21 153
22 52
22 57
22 89
22 105
22 117
23 68
23 74
23 103
23 115
23 120
23 138
23 156
24 10
24 95
24 108
24 117
25 8
25 17
25 19
25 63
25 77
26 16
26 21
26 57
26 73
26 134
26 135
27 52
27 55
27 57
27 109
27 146
27 155
28 80
28 103
28 111
28 155
29 8
29 148
30 95
30 102
30 134
31 19
31 25
31 50
32 62
32 98
32 132
33 2
33 26
33 51
33 116
33 129
33 141
33 143
33 150
34 5
34 35
34 61
34 100
34 104
34 114
34 120
34 124
34 129
34 146
35 32
35 64
35 111
35 115
35 126
35 127
36 15
36 43
36 48
36 52
36 53
36 60
36 90
36 97
36 155
37 13
37 20
37 103
37 147
38 2
38 6
38 22
38 37
38 63
38 74
38 102
38 130
38 136
39 16
39 28
39 37
39 57
39 58
39 59
40 4
40 43
40 100
41 16
41 39
41 87
41 102
42 1
42 15
42 121
42 127
43 56
43 64
43 66
43 70
43 102
43 109
43 116
43 120
43 152
44 48
44 59
44 83
44 124
45 23
45 26
45 28
45 82
45 90
45 102
46 24
46 44
46 60
47 43
47 115
47 147
48 2
48 16
48 96
48 114
48 132
48 156
49 67
50 9
50 15
50 41
50 47
50 84
50 94
50 103
51 1
51 98
51 125
51 130
51 148
52 17
52 40
52 62
52 76
52 99
53 0
53 1
53 14
53 15
53 72
53 79
53 145
54 7
54 15
54 36
54 49
54 113
54 135
55 18
55 40
55 41
55 45
55 57
55 95
55 152
56 10
56 21
56 76
57 17
57 25
57 65
57 70
57 84
57 114
57 119
58 22
58 69
58 70
58 96
58 119
58 146
59 1
59 19
59 62
59 69
59 158
60 0
60 41
60 94
60 130
61 5
61 8
61 33
61 104
61 112
61 159
62 17
62 39
62 41
62 60
62 74
62 115
62 127
63 1
63 39
63 82
63 97
63 126
64 77
64 82
64 96
64 145
64 150
64 152
65 43
65 48
65 99
65 107
66 21
66 34
66 73
66 108
66 158
67 44
67 97
67 130
68 11
68 29
68 53
68 75
68 80
68 110
68 136
68 154
69 6
69 33
69 93
69 98
69 113
69 132
70 69
70 121
71 21
71 72
71 98
71 132
72 90
72 98
72 105
72 134
73 62
73 122
73 126
73 138
73 139
73 142
73 145
74 28
74 64
74 70
74 90
74 103
74 147
75 0
75 6
75 26
75 39
75 99
75 121
76 71
77 0
77 1
77 61
77 123
77 138
78 5
78 11
78 27
79 36
79 49
79 57
79 106
79 134
79 139
80 61
80 88
80 118
80 122
81 2
81 20
81 35
81 133
81 136
82 54
82 55
82 94
82 111
82 113
82 138
82 139
82 154
83 58
83 80
83 99
84 88
84 91
84 117
84 131
84 158
85 53
85 62
85 80
85 98
85 127
85 138
85 145
85 159
86 13
86 32
86 35
86 60
86 109
86 128
87 14
87 31
87 32
87 63
87 78
87 82
87 115
88 4
88 18
88 41
88 109
89 15
89 16
89 30
89 59
89 152
90 4
90 34
90 38
90 59
90 105
90 142
91 47
91 85
91 90
91 96
91 97
91 117
92 5
92 36
92 42
92 47
92 73
93 13
93 18
93 60
93 77
93 104
93 119
93 155
94 0
94 8
94 19
94 41
95 27
95 64
95 72
95 73
95 94
95 98
95 103
95 122
95 147
96 31
96 38
96 66
96 87
96 151
97 60
97 143
98 10
98 12
98 17
98 20
98 83
98 103
99 17
99 26
99 41
99 54
99 57
99 60
99 64
99 82
99 94
99 151
100 18
100 25
100 47
100 52
100 61
100 87
100 97
100 152
101 3
101 16
101 44
101 57
101 84
101 131
101 138
102 16
102 34
102 101
102 121
102 138
102 141
102 147
102 148
103 44
103 48
103 111
104 45
104 57
104 67
104 115
104 116
105 63
105 73
105 77
105 101
105 127
106 29
106 36
106 66
106 80
106 131
106 148
107 80
108 59
108 69
108 86
108 121
108 149
109 45
109 58
109 64
109 135
110 61
110 79
110 130
111 0
111 144
112 3
112 36
112 73
112 92
112 123
112 151
113 14
113 25
113 103
114 33
114 36
114 59
114 87
114 127
114 132
114 141
114 145
115 6
115 26
115 56
115 105
115 125
115 126
116 20
116 32
116 72
116 112
116 140
117 156
118 20
118 68
118 77
118 103
118 135
119 84
119 98
119 123
119 154
120 49
120 136
121 11
121 17
121 35
121 86
121 100
121 136
121 153
122 36
122 46
122 61
122 77
122 79
122 124
122 157
123 44
123 96
123 135
124 33
124 49
124 83
124 90
125 4
125 47
125 87
125 124
125 130
126 0
126 32
126 65
126 70
126 109
126 113
126 137
127 10
127 156
128 29
128 54
128 71
128 95
128 155
129 6
129 71
129 96
129 100
129 115
129 126
130 49
130 56
130 91
130 107
130 137
130 139
130 156
131 44
131 118
131 157
132 11
132 76
132 99
132 106
132 112
132 134
133 31
133 46
133 99
133 104
134 39
134 112
135 33
135 147
136 1
136 53
136 105
136 107
136 143
137 3
137 47
137 61
137 77
137 95
137 98
137 116
137 128
137 152
138 40
138 98
138 135
138 147
138 151
139 46
139 64
139 91
139 123
139 156
140 9
140 18
140 67
141 2
141 48
141 101
141 144
142 3
142 12
142 19
142 25
142 58
143 19
143 85
143 113
143 118
143 145
143 156
144 12
144 13
144 102
145 50
145 56
146 7
146 11
146 20
146 63
146 93
146 117
146 131
147 30
147 57
147 91
147 131
147 157
148 15
148 38
148 77
149 46
149 65
149 75
149 99
149 119
150 38
150 50
150 121
150 142
151 0
151 57
151 73
151 89
151 105
151 107
151 145
152 60
152 80
152 106
153 102
153 109
153 111
153 135
154 6
154 79
155 8
155 42
155 144
156 43
156 96
156 128
156 137
157 30
157 70
157 79
157 87
157 93
157 129
157 136
157 159
158 21
158 47
158 74
158 139
158 142
159 34
159 84
159 87
159 117
159 121
159 129
0 1 2 3 4 5 6 7 8 9 10 11 12 13 14 15 16 17 18 19 20 21 22 23
