160 2544 24
0 12
0 27
0 36
0 42
0 69
0 75
0 85
0 90
0 102
0 108
0 125
0 147
0 153
0 155
0 157
1 6
1 8
1 30
1 32
1 40
1 58
1 62
1 99
1 124
1 139
1 145
1 148
1 151
1 152
2 3
2 5
2 42
2 43
2 49
2 53
2 54
2 58
2 60
2 61
2 67
2 76
2 101
2 111
2 120
2 121
2 123
2 124
2 129
2 132
3 9
3 20
3 24
3 39
3 63
3 73
3 78
3 82
3 88
3 107
3 109
3 112
3 127
3 140
3 146
3 148
3 151
4 23
4 28
4 36
4 63
4 64
4 71
4 72
4 104
4 105
4 107
4 114
4 124
4 144
4 153
5 0
5 13
5 49
5 90
5 105
5 106
5 117
5 142
5 143
5 155
6 12
6 15
6 21
6 34
6 52
6 87
6 89
6 97
6 103
6 104
6 107
6 111
6 119
6 122
6 124
6 125
6 140
6 148
6 158
7 8
7 47
7 48
7 51
7 70
7 71
7 91
7 92
7 97
7 126
7 127
7 128
7 132
7 139
7 144
7 148
7 157
8 12
8 16
8 40
8 45
8 114
8 117
8 136
8 139
8 142
8 143
8 152
8 159
9 1
9 2
9 10
9 16
9 37
9 43
9 48
9 51
9 73
9 80
9 86
9 96
9 112
9 126
9 136
9 145
9 146
10 21
10 31
10 42
10 45
10 51
10 56
10 68
10 77
10 82
10 93
10 105
10 107
10 116
10 121
10 129
11 7
11 12
11 13
11 16
11 21
11 23
11 26
11 29
11 30
11 44
11 65
11 75
11 109
11 126
11 136
11 137
11 153
12 2
12 3
12 7
12 36
12 54
12 58
12 103
12 107
12 110
12 129
12 138
13 7
13 19
13 63
13 83
13 86
13 101
13 103
13 110
13 114
13 122
13 123
13 124
13 144
13 145
13 159
14 11
14 18
14 28
14 68
14 78
14 79
14 89
14 110
14 154
15 17
15 28
15 31
15 33
15 39
15 52
15 83
15 100
15 107
15 135
15 142
15 148
15 159
16 2
16 10
16 15
16 25
16 33
16 39
16 56
16 80
16 94
16 120
16 123
16 124
16 130
16 133
16 135
16 151
16 152
16 158
17 5
17 27
17 33
17 63
17 69
17 95
17 115
17 118
17 119
17 120
17 152
18 13
18 37
18 46
18 65
18 68
18 76
18 81
18 85
18 89
18 99
18 102
18 106
18 127
18 129
18 141
19 9
19 28
19 32
19 41
19 43
19 49
19 68
19 93
19 96
19 98
19 116
19 123
19 127
19 140
19 150
19 153
19 156
20 17
20 24
20 28
20 29
20 40
20 50
20 67
20 71
20 81
20 93
20 94
20 100
20 138
20 143
20 145
20 149
20 151
20 153
21 0
21 15
21 17
21 18
21 27
21 33
21 39
21 45
21 49
21 88
21 102
21 111
21 126
21 127
21 149
22 1
22 24
22 28
22 40
22 56
22 64
22 73
22 76
22 84
22 86
22 93
22 104
22 106
22 108
22 114
22 128
22 132
22 145
22 148
22 151
23 21
23 27
23 33
23 44
23 48
23 74
23 86
23 114
23 119
23 122
23 124
23 125
23 126
23 155
23 157
24 6
24 29
24 39
24 42
24 43
24 66
24 72
24 99
24 100
24 147
24 156
25 14
25 36
25 38
25 44
25 48
25 50
25 83
25 88
25 94
25 99
25 103
25 124
25 130
25 139
25 149
25 151
26 15
26 23
26 27
26 31
26 40
26 52
26 71
26 80
26 82
26 92
26 103
26 104
26 110
26 118
26 124
26 133
26 152
27 20
27 35
27 45
27 51
27 57
27 66
27 75
27 76
27 87
27 93
27 104
27 117
27 140
27 142
28 1
28 8
28 10
28 12
28 25
28 31
28 44
28 46
28 71
28 82
28 93
28 99
28 101
28 104
28 120
28 146
28 147
29 3
29 7
29 15
29 26
29 36
29 38
29 41
29 43
29 45
29 61
29 73
29 85
29 91
29 120
29 156
30 4
30 7
30 9
30 20
30 22
30 32
30 69
30 75
30 92
30 98
30 101
30 102
30 104
30 109
30 116
30 142
30 150
30 151
31 1
31 8
31 37
31 42
31 47
31 66
31 70
31 71
31 85
31 114
31 129
31 142
32 7
32 9
32 11
32 18
32 24
32 35
32 37
32 41
32 42
32 53
32 55
32 57
32 58
32 60
32 66
32 67
32 79
32 85
32 90
32 95
32 96
32 104
32 112
32 122
32 124
32 127
32 130
33 14
33 24
33 37
33 49
33 58
33 59
33 61
33 62
33 71
33 95
33 111
33 149
33 159
34 4
34 18
34 39
34 43
34 44
34 48
34 54
34 63
34 83
34 84
34 119
34 131
34 144
34 149
34 152
35 0
35 25
35 28
35 47
35 49
35 57
35 69
35 85
35 87
35 91
35 106
35 118
35 125
35 145
35 150
36 5
36 24
36 31
36 33
36 49
36 54
36 57
36 69
36 83
36 111
36 117
36 119
36 121
36 132
36 139
36 140
36 142
37 15
37 35
37 61
37 62
37 67
37 73
37 91
37 140
37 146
37 152
37 154
37 158
38 1
38 7
38 35
38 40
38 68
38 71
38 98
38 99
38 142
38 155
39 5
39 10
39 29
39 35
39 38
39 40
39 46
39 65
39 80
39 93
39 104
39 107
39 118
39 119
39 131
39 141
39 144
40 4
40 17
40 25
40 50
40 55
40 56
40 66
40 75
40 78
40 83
40 84
40 87
40 91
40 112
40 114
40 121
40 123
40 127
40 140
40 141
40 156
41 14
41 15
41 16
41 18
41 20
41 23
41 35
41 40
41 45
41 50
41 57
41 72
41 87
41 88
41 117
41 127
41 136
41 137
41 159
42 7
42 18
42 28
42 41
42 46
42 88
42 90
42 107
42 125
42 141
42 144
42 157
43 5
43 26
43 55
43 76
43 77
43 87
43 123
43 133
43 139
43 143
43 153
44 21
44 24
44 35
44 42
44 50
44 53
44 62
44 79
44 81
44 88
44 97
44 98
44 105
44 119
44 126
44 152
44 158
44 159
45 5
45 7
45 46
45 50
45 66
45 73
45 81
45 90
45 108
45 128
45 152
46 16
46 23
46 47
46 55
46 58
46 62
46 64
46 68
46 78
46 90
46 99
46 109
46 110
46 117
46 121
46 147
47 20
47 60
47 78
47 88
47 93
47 107
47 111
47 121
47 135
47 152
47 159
48 0
48 24
48 72
48 73
48 79
48 88
48 96
48 107
48 124
48 125
48 143
48 145
48 147
49 38
49 40
49 52
49 54
49 57
49 62
49 67
49 84
49 90
49 117
49 122
49 132
49 143
49 156
50 35
50 37
50 51
50 59
50 69
50 70
50 80
50 82
50 83
50 123
50 136
50 139
50 140
50 145
50 150
50 154
51 18
51 20
51 26
51 32
51 39
51 40
51 42
51 52
51 70
51 91
51 95
51 96
51 134
51 136
51 141
51 156
52 7
52 18
52 23
52 33
52 35
52 37
52 57
52 62
52 63
52 78
52 84
52 88
52 89
52 91
52 92
52 93
52 94
52 98
52 101
52 120
52 133
52 138
52 142
52 146
52 149
52 158
53 8
53 13
53 23
53 28
53 31
53 33
53 48
53 51
53 56
53 57
53 68
53 72
53 78
53 94
53 99
53 103
53 105
53 125
53 132
53 135
53 144
53 146
53 148
53 149
54 14
54 17
54 32
54 37
54 39
54 40
54 48
54 50
54 67
54 69
54 82
54 97
54 118
54 129
54 154
54 159
55 36
55 38
55 39
55 47
55 51
55 64
55 71
55 105
55 124
55 137
55 140
55 152
56 13
56 18
56 27
56 31
56 35
56 39
56 43
56 49
56 55
56 64
56 65
56 83
56 85
56 94
56 109
56 123
56 124
56 136
57 9
57 15
57 26
57 51
57 98
57 101
57 108
57 112
57 118
57 125
58 5
58 6
58 19
58 21
58 23
58 26
58 56
58 57
58 69
58 91
58 92
58 125
58 142
58 145
59 5
59 36
59 71
59 87
59 94
59 115
59 128
59 131
59 133
59 152
60 7
60 8
60 18
60 30
60 39
60 48
60 50
60 59
60 76
60 78
60 86
60 88
60 91
60 95
60 139
60 145
60 159
61 11
61 12
61 21
61 22
61 25
61 30
61 32
61 35
61 75
61 81
61 83
61 91
61 112
61 126
61 127
61 132
61 141
61 150
62 13
62 19
62 64
62 71
62 79
62 96
62 105
62 106
62 113
62 125
62 127
62 128
63 29
63 30
63 32
63 41
63 42
63 44
63 54
63 56
63 69
63 75
63 76
63 81
63 96
63 101
63 110
63 114
63 118
63 122
63 131
63 138
64 0
64 3
64 5
64 27
64 31
64 36
64 43
64 54
64 59
64 63
64 65
64 71
64 74
64 85
64 92
64 97
64 99
64 128
64 139
64 143
64 148
64 151
64 157
64 158
65 21
65 35
65 44
65 48
65 52
65 58
65 61
65 90
65 93
65 110
65 111
65 133
65 137
65 138
65 139
66 2
66 15
66 18
66 30
66 36
66 37
66 48
66 54
66 65
66 86
66 99
66 113
66 120
66 130
66 156
67 1
67 6
67 31
67 56
67 57
67 58
67 59
67 80
67 89
67 90
67 92
67 112
67 119
67 121
67 126
67 127
67 138
67 139
67 152
68 4
68 20
68 22
68 24
68 41
68 56
68 66
68 70
68 77
68 98
68 106
68 115
68 126
68 136
68 138
68 139
68 144
68 155
69 11
69 14
69 20
69 33
69 38
69 43
69 64
69 71
69 76
69 81
69 89
69 90
69 105
69 126
70 9
70 18
70 24
70 32
70 40
70 45
70 46
70 47
70 58
70 64
70 79
70 100
70 108
70 109
70 113
70 118
70 122
71 14
71 18
71 32
71 54
71 56
71 68
71 96
71 108
71 118
71 126
71 128
72 9
72 28
72 32
72 42
72 43
72 50
72 66
72 111
72 126
72 132
72 152
73 4
73 10
73 35
73 52
73 67
73 82
73 93
73 97
73 107
73 112
73 114
73 129
73 152
74 7
74 19
74 48
74 52
74 85
74 91
74 95
74 100
74 110
74 111
74 112
74 121
74 137
74 147
74 148
74 152
74 158
75 4
75 13
75 15
75 33
75 36
75 51
75 70
75 84
75 89
75 94
75 101
75 103
75 106
75 115
75 123
75 126
75 127
75 129
75 157
76 9
76 10
76 15
76 38
76 44
76 48
76 55
76 67
76 99
76 106
76 118
76 121
76 122
76 125
76 127
76 134
76 137
76 144
76 154
76 156
77 3
77 23
77 32
77 38
77 47
77 55
77 62
77 84
77 93
77 100
77 104
77 105
77 123
77 150
77 151
77 158
78 26
78 48
78 58
78 59
78 62
78 89
78 90
78 98
78 119
78 143
78 153
79 2
79 23
79 26
79 38
79 54
79 59
79 60
79 74
79 86
79 91
79 108
79 120
79 123
79 126
79 132
79 133
79 137
79 148
79 155
80 4
80 6
80 10
80 18
80 34
80 36
80 41
80 48
80 49
80 52
80 54
80 75
80 91
80 108
80 133
80 136
80 139
80 152
81 5
81 34
81 48
81 55
81 56
81 65
81 82
81 87
81 93
81 97
81 100
81 109
81 114
81 119
81 121
82 5
82 18
82 21
82 24
82 38
82 51
82 61
82 87
82 90
82 124
82 144
82 155
82 158
83 3
83 31
83 43
83 49
83 51
83 52
83 57
83 63
83 71
83 79
83 80
83 86
83 88
83 93
83 103
83 128
83 135
83 142
84 2
84 17
84 21
84 28
84 36
84 38
84 39
84 79
84 81
84 100
84 104
84 121
84 123
85 4
85 5
85 8
85 11
85 20
85 21
85 23
85 27
85 97
85 103
85 113
85 139
85 140
85 148
85 150
85 156
86 2
86 11
86 16
86 27
86 36
86 50
86 63
86 71
86 75
86 91
86 103
86 113
86 117
86 122
86 131
86 133
86 142
86 144
86 150
86 153
86 155
86 158
87 0
87 1
87 19
87 39
87 44
87 51
87 62
87 78
87 79
87 84
87 90
87 98
87 102
87 135
87 140
87 142
87 144
88 0
88 16
88 55
88 70
88 118
88 120
88 122
88 126
88 127
88 152
88 156
89 29
89 31
89 49
89 51
89 53
89 55
89 61
89 62
89 66
89 68
89 71
89 83
89 106
89 124
89 153
90 3
90 8
90 13
90 27
90 39
90 56
90 58
90 73
90 92
90 100
90 102
90 103
90 106
90 111
90 113
90 118
90 147
90 153
90 155
90 157
91 3
91 6
91 11
91 31
91 36
91 43
91 47
91 64
91 68
91 73
91 82
91 92
91 94
91 110
91 111
91 143
91 155
92 3
92 8
92 25
92 46
92 60
92 74
92 99
92 101
92 108
92 111
92 126
92 138
92 147
93 5
93 13
93 41
93 43
93 54
93 56
93 62
93 79
93 100
93 101
93 102
93 104
93 115
93 123
93 126
93 136
93 148
93 155
94 4
94 21
94 32
94 47
94 63
94 66
94 77
94 81
94 95
94 101
94 119
94 127
94 148
94 155
95 30
95 57
95 61
95 83
95 85
95 88
95 129
95 130
95 152
95 154
96 20
96 24
96 25
96 28
96 49
96 56
96 65
96 100
96 113
96 122
96 135
96 153
97 22
97 25
97 43
97 46
97 58
97 67
97 72
97 83
97 96
97 104
97 121
97 130
97 142
97 143
97 150
97 152
97 157
98 5
98 35
98 37
98 41
98 49
98 60
98 67
98 77
98 79
98 83
98 85
98 101
98 102
98 111
98 114
98 119
98 130
98 148
99 5
99 12
99 29
99 32
99 42
99 47
99 59
99 60
99 63
99 72
99 88
99 89
99 105
99 108
99 109
99 121
99 128
99 129
99 131
99 144
99 146
99 154
99 157
100 14
100 18
100 32
100 41
100 43
100 82
100 103
100 115
100 126
100 132
101 12
101 20
101 24
101 38
101 40
101 47
101 51
101 59
101 69
101 72
101 78
101 90
101 95
101 97
101 103
101 120
101 125
101 137
101 147
101 152
102 14
102 36
102 42
102 44
102 48
102 70
102 92
102 106
102 109
102 117
102 125
102 133
102 149
102 155
103 2
103 21
103 39
103 44
103 46
103 51
103 57
103 59
103 60
103 61
103 62
103 98
103 102
103 122
103 124
103 134
104 1
104 21
104 23
104 29
104 44
104 55
104 61
104 73
104 80
104 81
104 82
104 91
104 109
104 112
104 132
104 141
104 158
105 0
105 6
105 11
105 13
105 18
105 22
105 39
105 42
105 46
105 49
105 79
105 82
105 107
105 133
105 134
105 146
105 156
106 6
106 20
106 25
106 46
106 49
106 50
106 66
106 92
106 99
106 109
106 123
106 140
107 2
107 19
107 20
107 37
107 56
107 59
107 78
107 95
107 96
107 100
107 101
107 113
107 115
107 120
107 126
107 142
107 143
107 151
108 9
108 18
108 31
108 34
108 38
108 41
108 50
108 83
108 112
108 113
108 132
108 148
109 4
109 31
109 32
109 41
109 45
109 53
109 69
109 72
109 88
109 91
109 93
109 96
109 103
109 116
109 120
109 121
109 130
109 157
110 9
110 29
110 30
110 36
110 51
110 56
110 64
110 70
110 93
110 102
110 103
110 113
110 121
110 126
110 132
110 141
110 147
110 149
111 5
111 12
111 17
111 26
111 39
111 42
111 44
111 54
111 63
111 69
111 76
111 87
111 88
111 105
111 107
111 139
111 147
111 153
111 158
111 159
112 12
112 14
112 25
112 28
112 31
112 41
112 45
112 46
112 64
112 78
112 86
112 88
112 90
112 92
112 98
112 99
112 102
112 116
112 124
112 127
112 130
112 135
112 144
112 152
112 154
113 14
113 22
113 26
113 31
113 47
113 53
113 56
113 61
113 63
113 72
113 80
113 83
113 93
113 104
113 114
113 115
113 131
113 132
113 135
113 137
113 153
113 158
114 2
114 9
114 18
114 24
114 38
114 43
114 46
114 57
114 68
114 87
114 88
114 90
114 93
114 96
114 102
114 116
114 119
114 128
114 156
114 159
115 6
115 23
115 24
115 27
115 40
115 47
115 53
115 64
115 74
115 78
115 91
115 92
115 105
115 106
115 133
115 139
115 144
115 151
116 0
116 17
116 21
116 41
116 42
116 43
116 44
116 51
116 63
116 72
116 76
116 78
116 81
116 85
116 87
116 99
116 104
116 115
116 149
116 151
116 158
116 159
117 0
117 16
117 22
117 24
117 44
117 63
117 68
117 82
117 97
117 103
117 112
117 114
117 124
117 129
117 136
118 0
118 5
118 6
118 30
118 34
118 36
118 37
118 58
118 67
118 81
118 86
118 113
118 123
118 124
118 132
118 144
118 156
118 158
119 16
119 33
119 60
119 66
119 76
119 82
119 102
119 126
119 144
119 151
120 1
120 9
120 12
120 21
120 34
120 49
120 56
120 57
120 76
120 90
120 94
120 99
120 123
120 135
120 146
121 9
121 14
121 16
121 17
121 19
121 23
121 27
121 48
121 60
121 64
121 98
121 102
121 103
121 115
121 117
121 129
122 9
122 11
122 15
122 24
122 27
122 44
122 72
122 93
122 97
122 99
122 104
122 109
122 140
122 141
122 143
122 148
123 26
123 38
123 39
123 45
123 46
123 49
123 58
123 63
123 64
123 71
123 98
123 99
123 119
123 128
123 132
123 136
123 138
123 143
123 150
124 0
124 3
124 10
124 15
124 35
124 39
124 43
124 51
124 72
124 97
124 116
124 122
124 125
124 127
124 129
124 141
124 146
124 147
125 7
125 11
125 24
125 64
125 68
125 78
125 82
125 99
125 131
125 150
125 158
126 3
126 8
126 32
126 46
126 51
126 82
126 85
126 91
126 99
126 104
126 106
126 117
126 120
126 123
126 130
126 145
126 146
126 149
127 4
127 12
127 14
127 30
127 38
127 46
127 47
127 60
127 74
127 83
127 86
127 87
127 100
127 114
127 115
127 117
127 136
127 146
128 1
128 6
128 9
128 25
128 29
128 32
128 38
128 49
128 58
128 75
128 93
128 94
128 101
128 106
128 112
128 119
128 126
128 142
128 145
128 152
129 8
129 16
129 21
129 25
129 26
129 30
129 37
129 51
129 67
129 71
129 82
129 109
129 112
129 116
129 138
129 140
130 3
130 8
130 14
130 26
130 64
130 71
130 72
130 84
130 106
130 107
130 116
130 122
130 131
130 140
130 158
130 159
131 5
131 6
131 21
131 25
131 28
131 35
131 36
131 38
131 43
131 45
131 46
131 49
131 53
131 57
131 88
131 106
131 107
131 110
131 128
131 132
131 137
131 140
131 142
131 150
132 1
132 9
132 40
132 67
132 86
132 112
132 126
133 20
133 32
133 50
133 55
133 56
133 58
133 62
133 66
133 67
133 83
133 97
133 122
133 134
133 136
133 140
133 148
134 2
134 29
134 34
134 45
134 66
134 67
134 70
134 77
134 85
134 109
134 120
134 138
134 139
134 143
134 144
134 159
135 22
135 38
135 40
135 42
135 49
135 51
135 52
135 60
135 62
135 98
135 104
135 106
135 109
135 117
135 128
135 138
135 141
135 145
135 147
135 150
135 159
136 4
136 12
136 23
136 39
136 70
136 74
136 85
136 88
136 104
136 109
136 113
136 114
136 122
136 124
136 128
136 143
137 1
137 9
137 12
137 21
137 27
137 37
137 42
137 49
137 56
137 62
137 64
137 81
137 82
137 93
137 119
137 121
137 125
137 126
137 134
137 135
137 145
138 0
138 18
138 21
138 50
138 51
138 57
138 73
138 88
138 143
138 144
138 149
138 153
138 154
138 157
139 5
139 28
139 40
139 58
139 71
139 78
139 129
139 131
139 154
140 10
140 12
140 22
140 25
140 26
140 31
140 39
140 58
140 60
140 72
140 79
140 98
140 108
140 115
140 120
141 0
141 25
141 36
141 43
141 64
141 65
141 69
141 76
141 77
141 78
141 81
141 95
141 105
141 106
141 114
141 126
141 132
141 144
141 156
142 0
142 17
142 29
142 37
142 40
142 55
142 70
142 84
142 95
142 99
142 113
142 118
142 124
142 132
142 141
142 150
142 151
143 0
143 30
143 34
143 35
143 55
143 59
143 67
143 108
143 112
143 115
143 118
143 124
143 131
143 135
143 142
143 144
143 155
144 5
144 9
144 10
144 17
144 25
144 30
144 33
144 43
144 51
144 55
144 65
144 66
144 73
144 74
144 77
144 95
144 103
144 106
144 110
144 130
144 151
145 16
145 37
145 63
145 70
145 76
145 79
145 87
145 97
145 111
145 139
145 144
145 146
146 0
146 1
146 14
146 19
146 23
146 25
146 39
146 62
146 69
146 87
146 92
146 93
146 107
146 110
146 115
146 125
146 128
146 142
146 147
146 151
147 2
147 12
147 29
147 35
147 40
147 42
147 44
147 65
147 68
147 69
147 80
147 121
147 125
147 137
147 151
148 61
148 95
148 112
148 120
148 121
148 127
148 128
148 129
148 139
148 144
148 146
148 153
149 12
149 13
149 14
149 16
149 23
149 24
149 29
149 36
149 40
149 48
149 49
149 69
149 70
149 83
149 120
149 147
149 150
150 0
150 14
150 16
150 17
150 24
150 28
150 43
150 58
150 96
150 100
150 105
150 115
150 118
150 139
150 155
151 9
151 12
151 13
151 21
151 33
151 35
151 37
151 49
151 53
151 63
151 66
151 72
151 81
151 85
151 105
151 110
151 131
151 143
151 156
152 4
152 7
152 23
152 32
152 46
152 58
152 64
152 86
152 98
152 107
152 127
152 129
152 141
152 144
152 151
152 153
153 3
153 18
153 29
153 38
153 53
153 61
153 63
153 76
153 83
153 99
153 102
153 120
153 121
153 124
153 126
154 1
154 5
154 9
154 18
154 28
154 42
154 56
154 60
154 67
154 69
154 91
154 98
154 110
154 136
155 8
155 16
155 19
155 26
155 29
155 32
155 42
155 44
155 45
155 66
155 69
155 72
155 73
155 129
155 157
156 2
156 6
156 14
156 43
156 53
156 69
156 74
156 87
156 102
156 103
156 109
156 113
156 124
156 140
157 2
157 18
157 25
157 33
157 41
157 47
157 53
157 57
157 69
157 93
157 133
157 142
157 144
157 145
158 3
158 5
158 8
158 33
158 47
158 53
158 65
158 96
158 107
158 108
158 143
159 11
159 16
159 21
159 23
159 37
159 52
159 74
159 78
159 84
159 86
159 102
159 106
159 145
0 1 2 3 4 5 6 7 8 9 10 11 12 13 14 15 16 17 18 19 20 21 22 23
