160 812 12
0 42
0 83
0 106
0 108
0 140
0 142
0 143
1 45
1 63
1 92
2 32
2 95
2 130
2 137
2 145
2 146
2 153
3 79
3 97
3 113
3 119
3 149
4 24
4 73
4 106
4 109
4 144
4 151
4 156
5 28
5 31
5 55
5 63
5 90
5 102
5 136
5 143
6 10
6 54
6 73
6 78
6 132
6 157
7 89
7 103
7 106
7 123
7 131
7 139
8 51
8 61
8 72
8 136
8 139
9 8
9 30
9 53
9 62
9 93
9 146
9 148
9 150
10 59
10 90
10 101
10 113
10 116
11 15
11 42
11 135
12 29
12 69
12 71
12 77
13 156
13 157
14 17
14 67
14 93
14 109
14 137
15 76
15 142
16 7
16 89
16 149
17 4
17 25
17 44
17 115
17 117
17 147
18 53
18 55
18 63
18 74
18 77
18 128
18 145
18 154
19 38
19 41
19 90
19 101
20 51
20 80
20 123
20 138
21 5
21 134
21 137
21 143
21 152
23 2
23 101
23 115
23 119
24 0
24 50
24 57
24 82
24 103
24 112
24 129
24 159
25 32
25 60
25 86
25 93
25 119
26 3
26 27
26 67
26 79
26 130
26 136
27 10
27 68
27 71
27 124
27 145
27 146
27 158
28 4
28 17
28 27
28 43
28 92
28 104
28 107
29 3
29 63
29 80
29 85
29 130
30 2
30 16
30 68
30 83
30 90
30 91
31 8
31 32
31 124
31 138
32 82
32 88
32 142
33 60
33 77
33 95
33 102
33 105
33 112
34 52
34 69
34 88
34 92
34 119
34 121
35 2
35 23
35 45
35 98
35 147
35 152
36 2
36 5
36 63
36 79
36 98
36 107
36 133
37 29
37 40
37 96
37 136
38 46
38 109
39 9
39 103
39 112
39 137
39 143
40 81
40 98
40 129
41 8
41 40
41 134
41 157
42 4
42 49
42 154
43 5
43 14
43 32
43 94
43 157
44 40
44 133
45 64
45 66
45 103
45 112
46 11
46 30
46 49
46 66
46 112
46 116
46 127
46 128
46 140
47 91
47 92
47 114
47 157
48 10
48 106
48 108
48 109
49 22
49 44
49 51
50 5
50 16
50 35
50 75
50 113
51 62
51 97
52 61
52 121
52 148
53 19
53 27
53 28
53 92
53 106
53 107
54 2
54 38
54 49
54 65
54 69
54 72
54 82
54 83
54 85
54 88
55 48
55 97
55 100
55 130
56 79
56 158
57 62
57 82
57 121
57 157
58 34
58 36
58 43
58 104
58 116
58 142
59 8
59 108
59 114
60 27
60 31
60 100
60 104
61 73
61 98
61 155
61 156
62 73
63 96
63 148
64 0
64 27
64 96
65 11
65 16
65 18
65 104
65 144
66 33
66 37
66 41
66 53
66 110
66 141
66 149
66 154
66 155
67 6
67 19
67 31
67 76
67 89
67 137
67 150
68 2
68 22
68 28
68 89
68 128
68 153
68 159
69 17
69 31
69 65
69 131
69 135
69 147
70 12
70 88
70 93
70 96
70 110
70 140
71 48
71 65
71 70
71 125
71 131
71 149
72 24
72 57
72 68
72 70
72 125
73 1
73 3
73 41
73 105
73 126
73 134
73 149
73 153
74 4
74 9
74 30
74 63
74 109
74 117
75 2
75 21
75 53
75 74
75 78
75 85
75 136
75 148
76 23
76 38
76 47
76 83
77 67
77 96
77 101
77 104
77 111
77 112
77 145
78 22
78 137
78 142
78 143
79 77
79 107
79 122
80 18
80 53
80 55
81 32
81 39
81 86
81 113
81 155
82 4
82 27
82 38
82 47
82 51
82 87
82 91
83 50
83 101
83 117
83 128
83 151
84 18
84 59
84 82
84 89
84 105
84 115
84 138
85 6
85 53
85 100
85 130
86 0
86 10
86 90
86 95
86 120
86 129
86 133
87 3
87 23
87 49
87 100
87 124
87 153
88 13
88 16
88 18
88 44
88 80
88 105
88 106
88 123
89 43
89 50
89 66
89 91
89 132
90 12
90 105
91 38
91 58
91 64
91 95
92 16
92 23
92 91
92 124
92 133
93 15
93 45
93 49
93 61
93 86
93 106
93 118
93 123
93 140
93 146
94 45
94 49
94 58
94 59
94 153
94 159
95 47
95 55
95 60
95 106
96 59
96 80
96 94
96 116
96 131
96 139
97 8
97 76
97 94
98 15
98 63
98 65
98 118
99 22
99 32
99 41
99 49
99 70
99 107
99 142
100 75
100 118
101 4
101 6
101 62
101 146
102 12
102 42
102 58
102 83
102 111
103 27
103 30
104 1
104 3
104 14
104 30
104 83
104 84
104 133
104 153
105 14
105 62
105 66
105 80
105 86
105 93
105 95
105 101
105 141
105 144
105 148
106 55
106 99
106 105
106 124
106 138
107 17
107 81
107 119
108 32
108 43
108 113
108 154
109 126
110 16
110 17
110 102
111 74
111 140
111 150
112 67
112 82
112 84
113 15
113 37
113 43
113 76
113 107
114 9
114 24
114 126
114 157
115 52
115 65
115 98
115 109
115 142
116 28
116 31
116 47
116 63
117 0
117 2
117 58
117 66
117 93
117 110
117 158
118 0
118 59
118 68
118 114
118 121
118 150
119 15
119 27
119 68
120 38
120 82
120 106
120 126
120 148
120 155
121 128
121 129
121 131
121 132
121 155
122 10
122 47
122 67
122 88
122 113
122 129
123 100
123 111
123 129
123 136
123 156
124 26
124 99
124 127
124 142
125 6
125 23
125 26
125 43
125 150
126 35
126 53
126 79
126 118
126 119
126 140
126 155
127 14
127 22
127 33
127 42
127 68
127 76
127 92
127 130
127 158
128 55
128 89
128 90
128 91
128 104
129 9
129 31
129 83
129 144
129 154
130 9
130 32
130 86
131 12
131 17
131 55
131 70
131 73
131 87
131 102
131 119
131 142
132 25
132 35
132 44
132 113
133 13
133 28
133 31
133 48
133 99
133 121
133 138
133 151
134 49
134 50
134 52
134 115
134 122
135 123
135 137
135 158
136 17
136 23
136 69
136 78
136 94
136 118
136 120
136 156
137 60
137 122
138 4
138 15
138 56
138 63
139 26
139 43
139 53
139 101
139 142
140 11
140 45
140 61
140 82
140 95
140 159
141 21
141 79
141 86
141 100
142 37
142 120
142 123
142 147
143 50
143 74
143 81
143 82
143 89
143 151
143 157
144 42
144 131
144 154
145 29
145 48
145 69
145 132
145 146
146 6
146 15
146 19
146 49
146 100
146 127
147 6
147 16
147 44
147 71
147 74
147 91
147 93
147 111
147 137
147 139
148 0
148 17
148 19
148 33
148 43
148 66
148 79
148 135
148 142
148 154
149 32
149 62
149 98
150 18
150 47
150 55
150 155
151 15
151 49
151 73
151 78
151 87
151 97
151 130
151 132
152 0
152 7
152 42
152 81
152 91
152 112
153 121
153 125
153 128
153 135
153 157
154 10
154 72
154 73
154 75
154 147
155 8
155 95
155 127
155 141
155 159
156 1
156 29
156 63
156 66
156 81
156 90
156 95
156 107
156 124
156 144
156 146
156 150
156 151
157 3
157 101
158 100
158 116
159 20
159 64
159 107
159 108
159 121
0 1 2 3 4 5 6 7 8 9 10 11
