160 446 12
0 59
0 130
1 98
1 130
2 33
2 79
2 93
3 16
3 89
3 105
3 146
4 23
4 41
4 144
5 119
6 4
6 26
6 27
6 28
6 36
6 73
7 95
8 105
8 109
9 50
9 63
9 67
9 112
10 44
10 127
10 158
11 18
11 55
11 98
11 109
12 48
12 67
12 149
13 73
13 109
14 73
15 101
15 155
16 86
16 129
17 5
17 21
17 31
17 46
17 52
17 116
18 11
18 75
18 103
18 127
19 27
19 114
19 147
20 91
20 115
21 49
21 70
21 79
22 7
22 95
22 107
23 4
23 15
23 32
23 63
23 138
23 142
24 154
24 157
25 69
25 118
26 0
26 6
26 75
26 140
26 141
26 142
26 146
27 19
28 6
28 91
29 85
29 142
30 29
30 58
30 65
30 101
30 146
31 11
31 56
31 70
31 113
31 117
31 158
32 1
32 48
33 65
33 66
34 62
34 77
35 46
35 95
36 92
36 98
36 158
37 5
38 54
38 134
38 148
39 43
39 76
39 108
39 136
40 64
40 117
40 118
41 4
42 5
42 39
42 74
43 39
43 42
43 71
43 85
43 107
44 10
45 148
46 12
46 113
47 51
47 87
47 130
48 32
48 99
49 21
49 157
50 46
50 53
50 62
50 121
50 144
51 36
51 47
51 83
51 108
51 127
51 144
54 38
54 78
54 113
54 114
55 11
55 50
55 131
55 133
55 142
56 31
56 44
56 68
56 138
57 10
57 84
57 113
58 30
58 50
58 104
58 109
59 0
59 41
59 72
59 82
59 102
59 145
60 19
60 73
61 122
62 34
62 43
62 71
63 9
63 23
63 102
63 123
63 151
64 40
64 109
65 30
65 33
65 119
65 137
65 158
67 9
67 12
67 87
67 156
68 45
68 49
68 56
68 138
68 148
69 70
69 77
69 96
70 21
70 69
70 90
71 20
71 62
72 156
73 13
73 60
73 75
73 82
73 121
74 42
74 78
74 82
74 92
74 115
74 124
75 18
75 25
75 50
75 73
75 140
76 143
77 105
78 54
78 74
78 79
78 131
79 78
79 100
79 142
80 48
80 58
80 114
81 95
81 150
82 33
82 59
82 61
82 73
82 153
83 23
83 151
84 5
85 29
85 43
85 62
85 114
85 151
86 87
87 0
88 30
88 49
88 67
89 3
89 92
90 70
90 100
90 109
91 127
92 89
93 77
93 97
93 149
94 112
94 155
95 22
95 35
95 43
95 140
95 146
96 6
97 144
98 11
98 36
99 36
100 3
100 79
100 90
100 152
101 6
101 15
101 135
101 154
102 59
102 63
104 140
105 8
105 77
106 56
107 43
107 121
107 122
107 133
108 2
108 39
108 51
108 116
108 143
109 8
109 36
109 56
109 58
109 64
109 90
109 158
110 28
111 36
111 39
112 9
112 143
112 146
112 148
112 158
113 46
113 54
113 57
114 15
114 19
114 80
114 101
115 20
115 74
115 123
116 17
116 79
116 108
116 109
117 40
118 25
118 40
118 52
118 116
118 122
118 140
119 40
119 65
120 63
120 137
121 50
121 67
121 107
121 111
121 127
121 153
122 36
122 59
122 107
122 118
123 63
123 115
123 149
123 152
124 23
125 49
125 145
126 82
126 131
127 10
127 18
127 27
127 51
127 121
128 34
128 121
129 26
129 136
130 0
131 1
131 55
131 126
132 18
132 136
133 107
135 1
135 159
136 39
136 156
137 110
137 120
138 8
138 23
138 68
138 100
139 93
139 128
140 75
140 127
141 26
142 23
142 26
142 79
142 96
143 2
143 79
143 89
143 108
144 5
144 50
144 51
144 97
144 117
144 155
145 108
145 125
146 3
146 30
146 43
146 64
146 93
146 95
146 112
147 19
147 129
148 38
148 64
148 68
148 112
149 93
150 81
151 52
151 63
151 85
153 9
153 82
153 121
154 24
154 28
154 101
155 15
155 79
155 144
157 4
157 49
158 31
158 36
158 65
158 109
0 1 2 3 4 5 6 7 8 9 10 11
