160 812 40
0 8
0 32
0 39
0 53
0 78
0 90
0 92
0 129
0 133
1 64
1 124
2 0
2 61
2 106
2 119
2 152
2 157
3 8
3 43
3 63
3 132
3 145
3 157
4 15
4 39
4 75
4 91
4 95
4 128
5 1
5 17
5 39
5 55
5 93
5 94
5 97
5 99
5 109
5 114
5 116
5 130
5 150
5 158
6 71
7 14
7 52
7 56
7 87
7 97
7 116
7 129
8 4
8 63
8 97
8 131
9 7
9 11
9 28
9 43
9 63
9 73
9 88
10 9
10 78
10 107
10 119
10 153
11 14
11 31
11 47
11 76
12 3
12 27
12 28
12 125
12 138
13 14
13 27
13 32
13 121
13 127
13 129
14 3
14 20
14 30
14 131
14 149
15 18
15 121
15 139
16 13
16 43
16 51
16 66
16 109
16 147
16 157
17 8
17 36
17 39
17 47
17 67
17 81
17 128
17 134
17 147
17 155
17 156
18 39
18 57
18 85
18 93
18 102
18 105
18 158
19 17
19 63
19 110
19 114
20 0
20 4
20 128
21 20
21 45
21 47
21 88
21 90
21 108
21 118
21 155
22 60
22 77
22 78
22 99
22 115
22 144
23 42
23 58
23 65
23 100
23 154
24 44
24 119
24 128
25 41
25 46
25 48
25 62
25 77
25 150
25 153
26 37
26 114
26 121
26 134
26 143
27 29
27 93
27 107
27 109
27 131
28 118
28 136
29 2
29 51
29 71
29 130
29 157
30 74
30 81
30 82
30 107
30 112
30 155
31 25
31 80
31 85
31 115
31 127
31 129
31 135
31 151
32 2
32 4
32 16
32 18
32 34
32 83
32 103
32 125
32 139
32 153
33 5
33 45
33 50
33 71
33 101
33 131
34 0
34 106
34 140
34 159
35 63
35 72
36 15
36 61
36 89
36 102
36 142
36 148
36 158
37 9
37 22
37 81
37 118
37 151
38 6
38 13
38 90
38 124
38 140
39 3
39 53
39 67
39 111
39 116
39 120
39 130
39 150
40 7
40 94
40 99
40 150
41 6
41 20
41 47
41 95
41 128
41 159
42 20
42 34
42 47
42 72
42 153
43 23
43 31
44 153
45 3
45 77
45 86
45 107
45 121
46 38
46 79
46 94
47 38
47 39
47 75
47 82
47 83
47 100
47 119
47 157
47 159
48 50
48 72
48 80
48 147
49 4
49 28
49 77
49 104
49 116
50 24
50 57
50 67
50 126
51 14
51 21
51 45
51 53
51 71
52 4
52 6
52 37
52 80
52 101
52 104
52 149
53 54
53 67
53 82
53 90
53 138
53 151
54 12
54 13
54 59
54 67
54 144
55 20
55 86
55 123
56 9
56 14
56 17
56 110
56 127
57 89
57 96
57 109
57 152
58 13
58 30
58 60
58 89
58 109
59 0
59 16
59 55
59 62
59 69
59 94
59 159
60 2
60 43
60 70
60 75
60 82
60 84
60 108
60 124
60 138
60 140
61 10
61 20
61 47
61 53
61 70
61 125
61 129
61 154
62 18
62 104
62 113
62 137
62 142
63 56
63 58
63 128
64 34
64 37
64 102
64 141
65 18
65 43
65 45
65 84
65 128
66 2
66 33
66 37
66 53
66 55
66 93
66 99
66 109
66 111
66 147
67 24
67 38
67 66
67 106
67 149
68 69
68 90
68 134
69 4
69 37
69 92
69 132
69 157
70 8
70 46
70 136
71 103
71 134
72 54
72 62
73 5
73 99
73 118
73 135
75 13
75 43
75 91
75 95
76 0
76 28
76 90
76 117
76 120
77 57
77 59
77 78
77 99
78 41
78 45
78 67
78 72
78 73
78 76
78 133
78 153
79 13
79 65
79 98
80 43
80 49
80 54
80 76
80 83
80 139
80 140
81 65
81 126
81 137
81 139
82 1
82 37
82 45
82 56
82 89
82 112
82 116
82 158
83 9
83 46
83 95
83 114
83 127
83 131
83 156
84 27
84 29
84 35
84 129
85 5
85 67
85 97
85 121
85 130
85 144
85 155
86 5
86 17
86 49
86 92
86 104
86 110
87 21
87 33
87 53
87 128
87 151
88 50
88 85
88 87
88 118
89 16
89 47
89 130
90 20
90 75
90 95
90 97
90 144
91 15
91 17
91 26
91 57
91 67
91 127
91 152
92 24
92 58
92 85
92 98
93 4
93 26
93 54
93 55
93 133
93 140
94 16
94 60
94 72
94 109
94 149
95 19
95 26
95 35
95 124
95 143
95 156
96 39
96 60
96 85
96 122
96 137
97 15
97 47
97 48
97 53
97 65
97 96
97 149
98 32
99 17
99 56
99 93
99 94
99 107
99 130
100 38
100 55
100 67
101 104
102 20
102 57
102 66
102 88
102 89
102 149
103 0
103 45
103 52
103 147
104 24
104 92
105 25
105 44
105 92
105 94
105 102
106 16
106 24
106 84
106 159
107 21
107 72
107 77
107 82
107 134
107 150
108 9
108 49
108 69
108 73
108 76
108 85
108 91
108 113
108 143
109 56
109 90
109 98
109 132
110 12
110 15
110 34
110 60
110 61
110 85
110 90
110 123
111 1
111 6
111 34
111 36
111 76
111 133
112 115
112 127
113 1
113 49
113 60
113 115
113 118
113 155
114 18
114 27
114 30
114 111
114 147
115 15
115 41
115 42
115 43
115 87
115 105
116 46
116 52
116 81
116 85
116 105
116 128
117 37
117 49
117 130
117 146
117 151
118 19
118 30
118 51
118 139
118 152
119 56
119 92
120 40
120 41
120 88
120 151
121 10
121 157
121 158
122 1
122 73
122 85
122 131
122 144
123 0
123 18
123 83
123 148
124 28
124 29
124 36
124 66
124 82
124 87
124 126
124 151
125 46
125 87
125 120
126 3
126 15
126 33
126 42
126 62
126 88
126 136
126 145
127 41
127 73
127 76
127 126
127 128
128 11
128 15
128 52
129 15
129 27
129 29
129 36
129 64
129 110
129 146
129 150
130 7
130 81
130 138
131 12
131 24
131 37
131 72
131 75
131 106
131 153
132 7
132 58
132 85
132 137
133 10
133 11
133 44
133 153
134 23
134 132
135 14
135 17
135 28
135 54
135 91
135 122
135 124
135 130
135 159
136 15
136 115
136 144
137 15
137 28
137 59
137 65
137 93
137 123
138 15
138 25
138 116
138 122
139 59
139 93
140 23
140 40
140 48
140 78
140 107
140 127
141 38
141 52
141 59
141 83
141 153
142 1
142 5
142 9
142 28
142 117
143 37
143 56
143 103
143 125
144 41
144 53
144 91
144 100
144 114
144 148
144 157
145 7
145 82
145 98
145 100
146 19
146 33
146 62
146 75
147 101
147 109
147 143
148 37
148 71
148 90
148 108
148 109
149 31
149 37
149 152
150 26
150 37
150 41
150 117
150 145
151 27
151 29
151 58
151 70
151 96
152 16
152 51
152 85
152 92
152 94
152 137
153 24
153 31
153 106
153 107
153 128
153 130
153 143
154 60
154 120
154 148
155 1
155 13
155 26
155 27
155 125
155 158
156 15
156 16
156 42
156 73
157 10
157 17
157 26
157 33
157 54
157 81
157 92
158 46
158 51
158 108
158 116
158 132
159 3
159 15
159 31
159 113
0 1 2 3 4 5 6 7 8 9 10 11 12 13 14 15 16 17 18 19 20 21 22 23 24 25 26 27 28 29 30 31 32 33 34 35 36 37 38 39
