160 812 40
0 23
0 36
0 52
0 65
0 100
0 110
0 112
1 24
1 40
1 98
2 30
2 154
3 37
3 60
3 68
3 81
3 88
4 93
5 22
5 45
5 52
5 56
5 118
6 0
6 68
6 102
6 122
6 154
7 4
7 25
7 106
7 136
8 9
8 72
8 83
8 95
8 119
8 128
8 144
9 1
9 31
9 55
9 62
9 80
9 144
10 3
10 26
10 46
10 60
10 61
10 93
10 126
11 17
11 106
11 139
11 141
12 16
12 26
12 37
12 69
12 72
12 87
12 106
12 141
12 155
13 60
13 72
13 77
13 110
13 138
13 151
13 154
14 54
14 82
14 84
14 119
14 128
15 131
15 142
15 153
16 10
16 33
16 35
16 76
16 93
16 117
17 86
18 58
19 5
19 8
19 31
19 61
19 82
19 138
19 148
20 6
20 8
20 61
20 88
20 100
20 122
20 137
20 156
21 15
21 147
21 159
22 16
22 34
22 44
22 45
22 68
22 70
23 17
23 47
23 48
23 49
23 64
23 105
24 22
24 40
24 43
24 101
25 10
25 152
25 153
26 34
26 95
26 111
26 130
26 142
26 151
27 21
27 25
27 34
27 41
27 50
27 55
27 80
27 85
27 88
27 150
27 159
28 25
28 38
28 86
28 95
29 12
29 71
29 72
29 126
29 128
29 151
30 0
30 60
30 95
30 123
30 146
30 148
31 4
31 91
31 100
31 128
32 14
32 46
32 95
32 147
33 37
33 58
33 80
33 114
34 46
34 69
34 97
34 129
35 72
35 127
35 143
36 58
36 59
36 66
36 118
36 125
36 156
37 18
37 25
37 46
37 49
37 61
37 67
37 130
38 16
38 21
38 31
38 47
38 73
38 108
38 116
38 153
39 5
39 65
39 68
39 82
39 106
39 123
40 57
40 93
40 149
40 153
41 20
41 47
41 79
41 89
41 129
41 131
42 24
42 125
43 10
43 13
43 48
43 59
43 151
43 157
44 125
45 15
45 101
45 123
45 136
46 0
46 38
46 124
46 128
46 145
46 146
47 25
47 54
47 60
47 65
47 68
47 70
47 98
47 102
47 121
48 14
48 35
48 56
48 83
48 87
48 93
48 118
50 12
50 76
50 84
50 141
51 82
51 113
51 148
52 140
53 48
53 51
53 119
53 144
53 153
54 13
54 34
54 42
54 49
54 101
54 106
54 108
54 132
54 157
55 25
55 40
55 52
55 66
55 148
56 113
56 119
57 17
57 54
57 98
57 115
57 135
57 155
58 1
58 11
58 22
58 60
58 69
58 73
59 26
59 70
59 82
59 114
60 9
60 14
60 22
60 34
60 80
60 82
60 94
60 127
61 110
61 147
62 8
62 63
62 64
62 65
62 113
63 4
63 44
63 131
64 13
64 96
64 157
65 33
65 43
65 46
65 53
65 79
65 109
65 135
66 48
66 59
66 118
67 20
67 80
67 147
68 5
68 81
68 97
68 123
68 129
69 6
69 28
69 40
69 72
69 89
69 118
69 127
70 44
70 83
70 118
71 16
71 50
71 65
71 93
71 146
71 154
72 82
72 95
72 150
73 6
73 82
73 98
73 104
73 146
73 157
74 69
74 84
74 105
74 113
74 128
74 142
75 15
75 44
75 50
75 53
75 116
75 128
75 133
75 151
75 158
76 0
76 71
76 86
76 157
76 159
77 19
77 32
77 48
77 79
77 84
77 102
77 133
77 148
77 158
78 28
78 33
78 62
78 69
78 132
79 11
79 69
79 76
79 132
79 146
80 11
80 42
80 50
80 54
80 144
80 154
81 12
81 26
81 62
81 138
81 159
82 33
82 40
82 50
82 95
83 68
83 72
83 119
84 9
84 33
84 41
84 43
84 62
84 112
84 113
85 47
85 60
85 121
85 131
86 5
86 31
86 32
86 60
86 111
86 145
86 152
86 159
87 40
87 41
87 58
87 96
87 114
87 116
87 134
87 135
88 0
88 15
88 84
88 92
88 99
88 138
89 31
89 109
89 122
89 127
90 11
90 33
90 89
90 118
90 126
90 140
91 12
91 19
91 40
91 47
91 49
91 59
91 110
92 16
92 23
92 53
92 80
92 84
92 113
93 63
93 107
93 131
94 32
94 85
94 96
94 106
94 110
94 112
94 136
95 57
95 66
95 139
96 48
97 12
97 17
97 36
97 42
97 86
97 88
97 104
97 107
98 6
98 23
98 44
98 68
98 146
99 43
99 45
99 64
99 95
99 122
99 127
100 74
100 140
101 34
101 36
101 39
101 122
102 76
102 94
102 114
102 116
103 34
103 73
103 128
103 153
104 12
104 24
104 34
104 92
104 129
104 132
105 30
105 56
105 57
105 62
105 82
105 83
105 93
105 97
105 106
105 116
105 135
106 38
106 43
106 61
106 65
106 126
106 150
107 104
107 133
108 9
108 48
108 65
108 93
108 116
108 132
109 145
110 14
110 29
110 30
110 64
110 82
110 142
110 148
111 39
111 98
112 33
112 57
112 65
112 119
112 125
112 131
112 149
113 19
113 28
113 35
113 101
113 124
114 29
114 68
114 75
114 81
114 97
114 104
114 150
115 25
115 33
115 87
115 146
116 1
116 11
116 25
116 44
116 46
116 140
116 147
116 150
117 49
117 51
117 100
118 0
118 17
118 58
118 135
118 144
118 145
119 17
119 36
119 47
119 71
119 74
119 75
120 9
120 19
120 63
120 95
120 103
120 132
121 29
121 45
121 132
122 18
122 64
122 75
122 143
122 158
123 59
123 103
123 116
123 144
123 151
123 153
124 28
124 100
124 135
124 146
124 148
125 47
125 103
125 121
126 16
126 28
126 50
126 57
126 80
126 119
126 130
126 143
127 21
127 37
127 47
127 111
127 143
127 150
128 80
128 112
129 26
129 158
130 80
130 87
131 7
131 16
131 80
131 95
131 126
131 157
132 37
132 95
132 119
132 126
132 142
132 156
133 61
133 103
133 130
134 27
134 32
134 48
134 62
134 107
134 124
135 63
135 68
135 115
135 122
135 123
135 157
136 18
136 20
136 74
136 81
136 87
136 90
136 102
136 155
137 22
137 72
137 103
137 113
137 116
137 124
137 142
137 158
138 49
138 109
139 2
139 16
139 48
139 102
139 110
139 153
140 1
140 40
140 50
140 81
140 86
140 92
140 97
140 104
140 114
140 129
140 143
140 156
141 13
141 17
141 46
141 71
141 74
141 107
141 137
141 138
141 149
142 6
142 44
142 76
142 80
142 101
142 105
142 131
142 140
143 2
143 28
143 82
143 88
143 90
143 111
143 131
143 150
144 24
144 76
144 100
145 40
145 110
145 126
146 13
146 76
146 77
146 121
147 18
147 80
147 112
147 122
147 154
147 158
148 11
148 44
148 59
148 102
148 145
149 1
149 19
149 73
149 108
149 109
149 146
150 2
150 75
150 110
150 141
151 78
151 93
151 137
151 157
152 2
152 43
152 61
152 63
152 64
152 101
152 106
152 155
153 2
153 14
153 26
153 33
153 56
153 70
153 149
153 150
154 59
154 81
154 92
155 43
155 67
156 5
156 22
156 55
156 91
156 111
156 114
157 1
157 17
157 28
157 57
157 133
158 52
158 91
159 89
159 133
0 1 2 3 4 5 6 7 8 9 10 11 12 13 14 15 16 17 18 19 20 21 22 23 24 25 26 27 28 29 30 31 32 33 34 35 36 37 38 39
