160 520 24
0 47
0 86
0 112
0 120
0 132
1 2
1 48
1 50
1 71
1 76
2 58
2 63
2 140
3 21
3 104
3 112
3 158
4 5
4 85
4 93
5 4
5 77
5 99
5 100
5 123
5 150
6 52
6 74
6 76
6 89
7 38
7 122
7 135
8 2
8 43
8 66
8 78
8 139
8 147
9 43
9 101
10 55
10 82
10 137
10 148
11 76
11 111
11 118
12 20
12 45
12 58
12 63
13 55
13 108
13 146
13 152
14 106
15 14
15 71
15 91
16 36
16 39
16 76
16 83
16 88
16 125
17 22
17 64
17 84
18 99
19 25
19 26
19 64
19 69
19 87
19 105
19 106
19 121
19 137
19 142
19 148
20 82
20 83
21 43
21 89
21 97
22 17
23 69
23 139
24 99
24 101
25 19
25 51
25 73
25 116
26 19
26 28
26 101
26 109
26 146
27 34
27 146
29 0
29 41
29 52
29 136
30 45
30 76
30 125
30 159
31 41
31 103
31 150
32 11
32 36
32 67
33 82
33 107
34 27
34 32
34 109
34 130
36 32
36 42
37 7
37 114
37 121
37 122
38 7
38 58
38 102
38 121
39 51
39 104
39 127
40 93
41 31
41 47
41 95
42 1
42 20
42 36
42 91
43 8
43 9
43 21
43 122
43 140
44 134
44 142
45 12
45 26
45 34
45 64
45 87
45 139
46 130
47 0
47 41
47 80
47 108
48 1
48 23
48 72
48 102
49 41
49 69
49 119
49 140
50 80
50 126
50 156
51 20
51 25
51 39
51 150
52 6
52 29
52 39
52 82
52 109
52 123
52 137
54 19
54 111
55 10
55 56
56 55
56 84
56 124
57 78
57 88
57 95
57 128
57 148
57 156
58 38
58 80
58 99
58 119
58 128
59 95
59 131
60 86
61 124
61 138
62 66
62 81
62 88
62 117
62 120
62 151
63 2
63 12
63 35
63 93
63 113
63 144
64 17
64 45
64 110
65 144
65 146
65 150
66 62
66 114
67 32
67 91
67 135
68 54
68 113
69 19
69 23
69 49
69 98
70 92
70 100
70 151
71 74
71 87
71 140
71 154
72 94
72 99
72 135
72 145
73 49
74 67
74 71
74 96
75 84
75 119
75 143
76 1
76 6
76 11
76 129
77 5
77 94
78 8
78 57
78 107
79 17
79 117
79 137
80 47
80 50
81 26
81 62
81 102
82 1
82 10
82 20
82 52
83 20
83 110
83 143
84 17
84 38
84 75
85 4
85 113
85 155
86 0
86 60
86 83
86 135
86 137
87 19
87 41
87 71
87 113
88 16
88 57
88 62
88 105
89 6
90 4
90 37
91 15
91 42
91 67
91 107
92 70
92 108
92 144
92 149
93 4
93 40
93 62
93 63
93 153
94 72
94 77
94 134
95 41
95 57
95 59
95 132
95 152
96 74
96 133
97 138
97 147
98 69
98 138
98 144
99 5
99 18
99 58
99 72
99 102
99 111
99 118
100 5
100 70
100 116
101 9
101 24
101 26
101 76
101 126
102 38
102 48
102 81
102 99
102 142
103 6
103 31
103 154
104 3
104 39
104 110
105 5
105 19
105 53
105 88
105 130
105 158
106 14
106 127
106 135
107 33
107 130
108 13
108 47
108 92
109 26
109 52
110 64
110 83
111 11
111 54
111 58
111 99
111 138
111 145
112 0
112 3
113 63
113 68
113 87
114 37
114 128
115 28
115 156
115 157
116 25
116 100
117 62
117 79
118 50
118 86
118 99
119 49
119 58
119 75
120 0
120 62
121 19
121 37
121 38
122 7
123 5
123 52
124 4
124 56
124 140
124 142
125 16
125 45
126 101
126 148
127 39
127 106
128 57
128 58
129 76
129 131
129 134
129 152
130 34
130 46
130 105
130 107
131 59
132 0
132 102
133 96
133 135
134 44
134 129
135 7
135 60
135 86
135 106
135 132
135 133
135 144
135 145
136 29
137 19
137 35
137 50
137 52
137 79
138 61
138 97
138 111
138 151
139 8
139 45
139 113
140 2
140 43
140 49
140 71
140 111
140 124
140 145
141 32
141 153
142 19
142 44
142 102
142 124
143 83
143 124
143 153
144 42
144 63
144 65
144 92
144 135
144 159
145 111
145 140
145 150
146 13
146 27
146 124
147 8
147 11
147 154
148 10
148 19
148 57
148 126
149 92
149 153
150 51
150 65
150 145
151 62
151 138
152 13
152 95
152 129
153 93
153 141
153 143
153 149
153 159
154 23
154 47
154 71
154 103
155 43
155 85
156 50
156 57
156 115
157 44
157 115
157 158
158 3
158 105
158 157
159 30
159 113
0 1 2 3 4 5 6 7 8 9 10 11 12 13 14 15 16 17 18 19 20 21 22 23
