160 2544 40
0 2
0 10
0 12
0 15
0 31
0 32
0 35
0 39
0 54
0 65
0 90
0 108
0 116
0 117
0 120
0 121
0 127
0 138
0 150
0 155
1 0
1 4
1 7
1 20
1 34
1 50
1 55
1 71
1 82
1 83
1 95
1 96
1 107
1 108
1 118
1 135
1 142
1 143
1 148
1 153
1 157
1 158
2 35
2 47
2 66
2 75
2 82
2 83
2 91
2 98
2 120
2 126
2 143
2 152
3 9
3 19
3 34
3 43
3 56
3 74
3 76
3 77
3 101
3 124
3 127
3 148
3 149
4 16
4 21
4 49
4 55
4 58
4 74
4 90
4 130
4 135
4 136
4 142
4 143
5 2
5 15
5 20
5 28
5 69
5 101
5 108
5 111
5 118
5 126
5 127
5 136
5 142
5 147
5 154
6 0
6 18
6 22
6 50
6 52
6 58
6 65
6 68
6 80
6 82
6 103
6 108
6 109
6 120
6 133
6 134
6 139
6 140
7 52
7 55
7 69
7 77
7 78
7 84
7 87
7 92
7 100
7 101
7 106
7 107
7 108
7 115
7 118
7 134
7 140
7 148
8 14
8 20
8 54
8 61
8 76
8 81
8 84
8 85
8 89
8 112
8 115
8 135
8 146
8 148
8 153
9 11
9 27
9 35
9 40
9 46
9 67
9 100
9 115
9 130
9 131
9 141
9 149
10 4
10 14
10 15
10 18
10 20
10 42
10 55
10 65
10 74
10 85
10 87
10 91
10 92
10 103
10 113
10 115
10 128
10 138
10 141
10 146
10 154
11 0
11 16
11 19
11 23
11 38
11 56
11 62
11 67
11 68
11 74
11 96
11 99
11 105
11 118
11 121
11 125
11 142
11 153
12 6
12 7
12 40
12 63
12 75
12 76
12 97
12 105
12 112
12 117
12 121
12 123
12 135
12 145
12 148
12 158
13 14
13 31
13 55
13 66
13 67
13 68
13 71
13 135
13 145
13 150
14 31
14 35
14 39
14 57
14 87
14 92
14 100
14 115
14 124
14 130
14 131
14 133
14 142
14 143
14 154
14 158
15 14
15 38
15 49
15 57
15 61
15 64
15 66
15 67
15 77
15 90
15 98
15 111
15 112
15 119
15 121
15 139
15 142
15 152
16 0
16 1
16 5
16 18
16 20
16 49
16 67
16 74
16 90
16 98
16 113
16 119
16 135
16 139
16 141
16 149
17 0
17 3
17 12
17 30
17 35
17 37
17 44
17 64
17 66
17 67
17 69
17 71
17 86
17 103
17 107
17 109
17 135
17 140
17 156
17 158
18 1
18 11
18 26
18 38
18 54
18 57
18 61
18 68
18 78
18 85
18 90
18 114
18 116
18 128
18 130
18 136
18 148
18 151
18 154
19 7
19 13
19 17
19 20
19 21
19 25
19 33
19 48
19 50
19 58
19 60
19 85
19 87
19 103
19 116
19 117
19 133
19 143
19 145
19 152
19 158
20 27
20 37
20 47
20 53
20 62
20 64
20 73
20 80
20 81
20 92
20 108
20 120
20 127
20 133
20 140
20 154
21 8
21 9
21 11
21 22
21 43
21 48
21 68
21 90
21 101
21 112
21 123
21 140
21 141
21 143
22 1
22 9
22 12
22 18
22 43
22 52
22 59
22 81
22 86
22 89
22 94
22 99
22 122
22 128
23 20
23 47
23 60
23 78
23 81
23 87
23 96
23 98
23 127
23 133
23 151
24 27
24 32
24 48
24 67
24 78
24 113
24 120
24 135
24 140
24 145
25 8
25 15
25 22
25 27
25 56
25 66
25 84
25 85
25 88
25 91
25 99
25 113
25 120
25 130
25 138
25 153
25 157
26 9
26 19
26 31
26 46
26 60
26 72
26 75
26 92
26 95
26 96
26 105
26 119
26 137
26 138
26 154
26 156
27 7
27 38
27 57
27 67
27 71
27 76
27 81
27 86
27 101
27 104
27 151
27 155
27 157
28 1
28 34
28 56
28 60
28 68
28 74
28 81
28 94
28 112
28 114
28 143
28 147
28 149
28 152
28 155
29 23
29 31
29 34
29 39
29 46
29 67
29 73
29 75
29 84
29 90
29 97
29 119
29 123
29 126
29 140
30 9
30 27
30 50
30 55
30 68
30 72
30 73
30 74
30 79
30 101
30 116
30 118
30 119
30 123
30 138
30 139
30 150
30 151
30 152
31 3
31 7
31 42
31 43
31 48
31 63
31 65
31 66
31 79
31 92
31 108
31 117
31 137
31 144
31 145
31 148
31 156
32 4
32 6
32 11
32 16
32 38
32 49
32 56
32 65
32 72
32 73
32 77
32 78
32 79
32 82
32 93
32 94
32 104
32 113
32 133
32 134
32 137
33 2
33 6
33 7
33 17
33 25
33 36
33 45
33 70
33 81
33 96
33 97
33 98
33 102
33 103
33 111
33 136
33 144
33 152
34 12
34 15
34 17
34 22
34 32
34 33
34 37
34 41
34 63
34 73
34 99
34 107
34 112
34 119
34 125
34 146
34 159
35 7
35 13
35 20
35 33
35 58
35 77
35 80
35 85
35 93
35 99
35 134
35 142
35 151
35 155
35 156
36 0
36 1
36 8
36 48
36 60
36 63
36 91
36 92
36 145
37 0
37 5
37 14
37 21
37 24
37 36
37 38
37 40
37 43
37 67
37 74
37 82
37 91
37 100
37 125
37 126
37 137
37 157
38 16
38 39
38 63
38 81
38 90
38 97
38 104
38 107
38 112
38 113
38 115
38 117
38 121
38 129
38 132
38 137
38 138
39 2
39 8
39 41
39 47
39 58
39 62
39 63
39 66
39 84
39 97
39 103
39 159
40 1
40 13
40 15
40 16
40 17
40 22
40 30
40 34
40 39
40 45
40 46
40 48
40 54
40 57
40 74
40 76
40 89
40 100
40 112
40 113
40 136
40 138
40 157
40 158
41 11
41 12
41 14
41 30
41 31
41 58
41 79
41 86
41 90
41 104
41 132
41 146
41 147
41 151
42 16
42 45
42 47
42 52
42 55
42 56
42 66
42 102
42 110
42 123
42 133
42 137
42 140
42 145
42 149
42 155
42 156
43 2
43 6
43 8
43 11
43 27
43 35
43 45
43 51
43 73
43 91
43 107
43 112
43 114
43 115
43 116
43 117
43 128
43 129
43 143
44 10
44 26
44 29
44 31
44 59
44 67
44 81
44 89
44 129
44 138
44 149
44 151
45 7
45 11
45 31
45 36
45 48
45 63
45 69
45 90
45 99
45 107
45 112
45 150
45 151
46 5
46 17
46 38
46 62
46 77
46 80
46 96
46 130
46 135
46 142
46 144
46 147
46 154
46 155
47 4
47 15
47 21
47 24
47 38
47 57
47 62
47 64
47 86
47 95
47 115
47 125
47 159
48 1
48 18
48 23
48 30
48 34
48 37
48 38
48 39
48 41
48 53
48 62
48 71
48 77
48 86
48 98
48 107
48 118
48 121
48 148
48 156
49 9
49 11
49 34
49 37
49 39
49 48
49 58
49 66
49 68
49 73
49 81
49 94
49 115
49 140
49 144
49 147
50 9
50 33
50 40
50 42
50 48
50 89
50 96
50 109
50 126
50 127
50 130
50 133
50 159
51 3
51 12
51 13
51 31
51 32
51 39
51 68
51 73
51 75
51 80
51 89
51 101
51 117
51 119
51 124
51 128
51 130
51 142
51 148
51 153
51 158
51 159
52 34
52 37
52 59
52 64
52 65
52 80
52 89
52 96
52 107
52 108
52 116
52 149
52 154
52 157
53 4
53 10
53 15
53 17
53 19
53 26
53 29
53 36
53 43
53 47
53 55
53 62
53 64
53 76
53 114
53 120
53 145
54 22
54 49
54 63
54 92
54 94
54 107
54 116
54 123
54 133
55 25
55 32
55 40
55 43
55 65
55 75
55 81
55 82
55 97
55 110
55 115
55 129
55 136
55 156
56 0
56 6
56 29
56 33
56 36
56 46
56 52
56 68
56 130
56 133
56 137
57 13
57 16
57 37
57 44
57 45
57 48
57 51
57 56
57 63
57 65
57 69
57 83
57 93
57 108
57 142
58 5
58 11
58 16
58 32
58 42
58 46
58 65
58 67
58 78
58 94
58 98
58 125
58 138
58 147
59 18
59 23
59 43
59 54
59 58
59 63
59 69
59 73
59 87
59 105
59 112
59 125
59 137
59 139
59 152
59 157
60 2
60 3
60 11
60 16
60 24
60 25
60 32
60 39
60 41
60 45
60 48
60 50
60 59
60 90
60 102
60 125
60 134
60 138
60 149
60 158
61 17
61 25
61 32
61 33
61 35
61 36
61 59
61 60
61 72
61 74
61 76
61 81
61 88
61 93
61 119
61 120
61 135
62 10
62 12
62 21
62 23
62 30
62 41
62 45
62 60
62 72
62 79
62 81
62 83
62 88
62 89
62 103
62 133
62 142
62 158
63 15
63 21
63 22
63 27
63 42
63 60
63 65
63 89
63 104
63 108
63 116
63 128
63 138
63 143
63 147
64 5
64 21
64 24
64 28
64 34
64 40
64 42
64 55
64 56
64 61
64 91
64 103
64 104
64 110
64 115
64 119
64 120
64 152
65 3
65 13
65 29
65 50
65 68
65 85
65 92
65 93
65 106
65 107
65 135
65 136
66 8
66 14
66 20
66 35
66 36
66 37
66 41
66 81
66 96
66 98
66 101
66 104
66 108
66 152
67 1
67 40
67 51
67 61
67 78
67 82
67 93
67 94
67 120
67 155
67 158
68 5
68 8
68 9
68 12
68 19
68 57
68 61
68 81
68 87
68 103
68 123
68 126
68 135
68 139
68 152
68 156
69 13
69 15
69 46
69 64
69 67
69 70
69 76
69 83
69 101
69 104
69 128
69 157
69 159
70 4
70 7
70 13
70 15
70 27
70 34
70 39
70 41
70 44
70 58
70 73
70 80
70 85
70 98
70 112
70 121
70 123
70 126
70 135
70 157
71 3
71 21
71 22
71 29
71 81
71 121
71 133
71 138
71 147
72 7
72 16
72 29
72 31
72 38
72 58
72 86
72 89
72 96
72 137
72 138
72 141
72 150
73 6
73 8
73 14
73 16
73 19
73 21
73 35
73 40
73 48
73 61
73 75
73 138
73 153
73 158
74 0
74 39
74 41
74 46
74 65
74 69
74 94
74 106
74 119
74 120
74 132
74 135
74 140
74 141
75 11
75 21
75 24
75 28
75 34
75 37
75 76
75 88
75 94
75 99
75 101
75 105
75 109
75 111
75 116
75 136
75 139
75 141
75 148
75 158
76 9
76 14
76 15
76 16
76 22
76 23
76 33
76 35
76 41
76 50
76 58
76 60
76 62
76 71
76 94
76 108
76 109
76 110
76 113
76 121
76 139
76 140
76 144
76 149
77 0
77 17
77 18
77 19
77 20
77 38
77 40
77 44
77 50
77 55
77 63
77 81
77 83
77 84
77 90
77 94
77 112
77 120
77 121
77 123
77 126
77 148
77 151
78 6
78 12
78 40
78 60
78 63
78 88
78 94
78 97
78 105
78 112
78 113
78 117
78 120
78 137
78 140
78 141
78 154
78 155
78 158
79 29
79 33
79 34
79 37
79 67
79 69
79 75
79 106
79 128
79 131
79 144
79 146
79 158
80 3
80 19
80 37
80 48
80 56
80 58
80 64
80 71
80 74
80 75
80 76
80 77
80 84
80 96
80 103
80 105
80 111
80 118
80 133
80 138
80 152
80 159
81 7
81 16
81 17
81 18
81 26
81 35
81 93
81 105
81 107
81 118
81 124
81 130
81 131
81 145
81 151
82 0
82 5
82 9
82 14
82 18
82 34
82 36
82 40
82 41
82 63
82 71
82 117
82 119
82 135
82 137
83 19
83 27
83 34
83 54
83 55
83 60
83 92
83 96
83 141
84 19
84 23
84 32
84 36
84 41
84 42
84 43
84 47
84 53
84 76
84 78
84 86
84 88
84 90
84 91
84 95
84 98
84 135
84 152
84 156
85 13
85 26
85 28
85 42
85 47
85 50
85 81
85 83
85 89
85 97
85 98
85 107
85 111
85 138
85 148
85 149
86 11
86 16
86 19
86 20
86 32
86 43
86 45
86 55
86 79
86 99
86 101
86 107
86 113
86 116
86 119
86 126
86 128
86 130
86 139
86 141
87 0
87 5
87 9
87 17
87 37
87 50
87 57
87 58
87 74
87 83
87 96
87 98
87 110
87 112
87 117
87 126
87 130
87 138
87 147
87 153
88 1
88 5
88 16
88 18
88 19
88 36
88 58
88 86
88 99
88 107
88 108
88 116
88 147
88 148
88 150
88 154
88 156
89 6
89 30
89 31
89 45
89 60
89 64
89 67
89 69
89 70
89 79
89 83
89 88
89 95
89 101
89 106
89 118
89 128
89 137
89 139
89 150
89 153
89 158
90 12
90 28
90 36
90 44
90 46
90 53
90 68
90 69
90 71
90 85
90 88
90 92
90 95
90 105
90 119
90 122
90 126
90 127
90 129
90 144
90 156
91 3
91 21
91 40
91 47
91 52
91 53
91 58
91 99
91 112
91 124
91 126
91 133
91 140
91 150
91 154
92 5
92 22
92 27
92 28
92 33
92 41
92 53
92 61
92 63
92 77
92 88
92 89
92 99
92 111
92 112
92 113
92 119
92 122
92 144
92 151
92 152
93 5
93 7
93 20
93 22
93 34
93 53
93 77
93 86
93 90
93 101
93 115
93 124
93 137
93 138
93 142
93 150
94 4
94 5
94 10
94 13
94 15
94 16
94 19
94 24
94 26
94 27
94 55
94 57
94 71
94 73
94 85
94 88
94 89
94 102
94 106
94 120
94 123
94 138
94 140
94 145
95 22
95 31
95 40
95 45
95 50
95 61
95 65
95 74
95 79
95 85
95 94
95 101
95 119
95 125
95 133
95 152
95 157
96 0
96 22
96 28
96 39
96 47
96 59
96 60
96 64
96 71
96 84
96 95
96 128
96 137
96 139
97 13
97 28
97 32
97 37
97 68
97 72
97 73
97 75
97 101
97 102
97 110
97 116
97 121
97 134
97 140
97 141
97 158
98 0
98 28
98 31
98 44
98 53
98 102
98 114
98 128
98 130
98 146
99 17
99 24
99 29
99 31
99 32
99 33
99 38
99 46
99 47
99 49
99 53
99 64
99 79
99 122
99 141
100 15
100 28
100 43
100 44
100 48
100 50
100 77
100 90
100 98
100 119
100 121
100 128
100 132
100 133
100 134
100 137
100 155
101 0
101 1
101 2
101 4
101 9
101 25
101 28
101 31
101 35
101 42
101 72
101 96
101 98
101 109
101 130
101 138
101 147
101 157
101 158
102 0
102 6
102 16
102 21
102 26
102 55
102 76
102 117
102 126
102 128
102 141
103 1
103 18
103 30
103 40
103 67
103 71
103 91
103 99
103 108
103 115
103 122
103 136
104 0
104 1
104 5
104 15
104 19
104 22
104 25
104 73
104 79
104 89
104 103
104 132
104 135
104 136
105 5
105 24
105 35
105 58
105 62
105 84
105 118
105 120
105 136
105 147
105 148
105 152
106 5
106 12
106 14
106 15
106 18
106 19
106 26
106 32
106 53
106 56
106 68
106 83
106 98
106 99
106 112
106 114
106 116
106 129
106 138
106 143
107 8
107 11
107 28
107 47
107 67
107 73
107 77
107 83
107 93
107 94
107 106
107 117
107 152
107 153
108 8
108 14
108 16
108 34
108 42
108 62
108 78
108 79
108 92
108 109
108 110
108 132
108 136
108 146
109 9
109 10
109 24
109 26
109 33
109 35
109 36
109 45
109 55
109 66
109 69
109 79
109 90
109 93
109 104
109 107
109 111
109 113
109 118
109 139
109 145
109 146
109 151
110 10
110 13
110 28
110 40
110 67
110 74
110 78
110 91
110 94
110 98
110 117
110 146
110 148
110 151
110 153
110 158
111 0
111 11
111 37
111 45
111 49
111 58
111 64
111 73
111 110
111 112
111 126
111 129
111 143
111 149
111 156
111 157
112 4
112 11
112 23
112 36
112 49
112 63
112 85
112 110
112 115
112 117
112 130
112 133
113 15
113 21
113 33
113 39
113 47
113 57
113 71
113 82
113 87
113 111
113 118
113 120
113 124
113 139
113 150
113 158
114 5
114 32
114 35
114 45
114 65
114 75
114 81
114 96
114 117
114 124
114 136
114 138
114 143
114 150
114 153
114 155
115 2
115 15
115 29
115 40
115 58
115 63
115 67
115 71
115 74
115 86
115 106
115 118
115 131
115 147
115 154
116 13
116 16
116 39
116 60
116 83
116 84
116 91
116 108
116 115
116 122
116 129
116 148
117 2
117 13
117 25
117 29
117 57
117 58
117 62
117 72
117 104
117 111
117 116
117 122
117 138
117 141
117 150
117 152
117 155
118 26
118 36
118 41
118 55
118 58
118 63
118 71
118 88
118 95
118 107
118 126
118 137
118 138
118 139
118 140
118 153
119 2
119 36
119 45
119 49
119 55
119 67
119 71
119 79
119 88
119 110
119 113
119 114
119 118
119 122
119 126
119 129
119 147
119 149
119 153
119 158
120 3
120 9
120 32
120 38
120 44
120 45
120 100
120 117
120 123
120 133
121 2
121 5
121 9
121 19
121 22
121 25
121 29
121 41
121 42
121 53
121 63
121 64
121 66
121 105
121 113
121 120
121 146
121 147
121 149
121 152
122 5
122 6
122 13
122 18
122 20
122 28
122 34
122 54
122 65
122 78
122 97
122 101
122 106
122 112
122 143
122 144
122 145
122 150
122 151
122 154
122 155
123 5
123 10
123 15
123 19
123 27
123 52
123 55
123 72
123 83
123 103
123 105
123 121
123 125
123 134
123 143
123 158
124 47
124 49
124 53
124 55
124 57
124 72
124 74
124 85
124 102
124 105
124 106
124 108
124 117
124 133
124 156
125 30
125 40
125 42
125 43
125 50
125 57
125 73
125 80
125 82
125 88
125 118
125 146
125 148
125 154
126 11
126 19
126 20
126 45
126 72
126 81
126 88
126 94
126 98
126 113
126 120
126 141
126 144
126 145
127 6
127 49
127 83
127 86
127 88
127 92
127 107
127 110
127 119
127 120
127 121
127 125
127 126
127 130
127 136
128 4
128 5
128 31
128 56
128 61
128 64
128 72
128 75
128 78
128 85
128 88
128 105
128 115
128 159
129 4
129 25
129 28
129 36
129 71
129 80
129 83
129 94
129 100
129 118
129 137
129 145
129 146
130 17
130 28
130 33
130 35
130 38
130 43
130 48
130 57
130 62
130 72
130 78
130 85
130 96
130 126
130 132
130 147
130 149
130 158
131 11
131 13
131 43
131 44
131 53
131 61
131 67
131 98
131 102
131 107
131 134
131 135
131 145
131 158
132 0
132 16
132 19
132 24
132 27
132 52
132 62
132 94
132 95
132 102
132 116
132 117
132 120
132 125
132 134
132 140
133 7
133 9
133 29
133 40
133 60
133 66
133 75
133 82
133 86
133 88
133 101
133 125
133 141
133 142
133 148
133 153
134 9
134 18
134 25
134 41
134 44
134 58
134 66
134 71
134 84
134 109
134 121
134 130
134 151
134 157
135 0
135 5
135 37
135 48
135 59
135 66
135 81
135 91
135 97
135 111
135 119
135 130
135 143
135 147
135 152
136 11
136 24
136 31
136 35
136 36
136 37
136 51
136 54
136 56
136 79
136 87
136 91
136 92
136 93
136 100
136 109
136 112
136 117
136 123
136 132
136 147
136 148
136 151
136 156
137 0
137 6
137 8
137 9
137 13
137 30
137 33
137 49
137 50
137 52
137 58
137 73
137 84
137 88
137 94
137 98
137 103
137 127
137 138
137 145
137 146
137 152
138 8
138 17
138 36
138 37
138 39
138 49
138 56
138 64
138 66
138 69
138 75
138 104
138 110
138 115
138 128
138 133
138 148
138 154
138 155
138 159
139 8
139 79
139 85
139 92
139 102
139 114
139 126
139 129
139 146
139 147
140 5
140 11
140 15
140 18
140 19
140 22
140 23
140 35
140 40
140 63
140 86
140 92
140 104
140 106
140 120
140 142
140 153
141 4
141 18
141 30
141 36
141 50
141 54
141 60
141 64
141 68
141 103
141 105
141 110
141 115
141 153
142 13
142 19
142 20
142 28
142 29
142 44
142 72
142 80
142 83
142 88
142 95
142 96
142 105
142 111
142 119
142 121
142 129
143 40
143 55
143 56
143 68
143 73
143 74
143 79
143 84
143 94
143 103
143 120
143 151
143 154
144 18
144 35
144 37
144 38
144 39
144 78
144 84
144 86
144 109
144 120
144 130
144 134
144 140
144 145
144 147
145 14
145 30
145 44
145 45
145 64
145 69
145 79
145 83
145 98
145 108
145 116
145 140
145 155
146 2
146 13
146 22
146 29
146 30
146 39
146 40
146 57
146 68
146 93
146 94
146 118
146 128
146 144
146 157
147 0
147 9
147 11
147 13
147 18
147 24
147 33
147 48
147 56
147 97
147 98
147 106
147 114
147 124
147 158
148 4
148 15
148 16
148 30
148 43
148 47
148 54
148 57
148 64
148 83
148 111
148 120
148 123
148 124
148 131
148 139
148 146
148 159
149 6
149 26
149 46
149 55
149 73
149 89
149 98
149 102
149 107
149 108
149 154
149 155
150 11
150 12
150 26
150 32
150 47
150 49
150 70
150 77
150 79
150 92
150 95
150 103
150 136
150 139
150 144
150 155
150 156
151 0
151 19
151 28
151 48
151 54
151 61
151 68
151 73
151 91
151 106
151 114
151 125
151 137
151 145
151 149
152 9
152 23
152 24
152 25
152 39
152 42
152 52
152 65
152 67
152 73
152 83
152 90
152 106
152 118
152 130
152 132
152 145
152 148
153 14
153 22
153 32
153 59
153 60
153 64
153 77
153 85
153 90
153 91
153 95
153 105
153 117
153 121
153 128
153 142
153 147
154 7
154 11
154 31
154 40
154 56
154 64
154 66
154 79
154 80
154 119
154 139
154 159
155 1
155 22
155 32
155 41
155 56
155 58
155 61
155 71
155 84
155 106
155 110
155 126
155 132
155 147
156 3
156 12
156 21
156 23
156 27
156 29
156 38
156 41
156 50
156 56
156 58
156 75
156 101
156 112
156 119
156 123
156 128
156 145
156 153
157 43
157 73
157 79
157 97
157 115
157 118
157 135
157 137
157 158
158 6
158 7
158 22
158 39
158 41
158 45
158 47
158 61
158 88
158 100
158 108
158 115
158 133
158 140
158 142
158 143
158 159
159 1
159 4
159 11
159 36
159 44
159 54
159 68
159 74
159 85
159 92
159 116
159 129
0 1 2 3 4 5 6 7 8 9 10 11 12 13 14 15 16 17 18 19 20 21 22 23 24 25 26 27 28 29 30 31 32 33 34 35 36 37 38 39
