160 635 24
0 12
0 32
0 88
0 95
1 33
1 43
1 111
1 145
1 158
2 8
2 27
2 32
2 92
2 121
3 33
3 100
3 125
3 132
4 48
4 81
5 39
5 75
5 97
6 33
6 34
6 74
7 20
7 32
7 58
7 67
7 77
7 94
7 98
8 2
9 24
9 59
9 65
10 73
11 25
11 34
11 62
11 79
11 95
11 104
11 109
12 0
12 38
12 57
12 103
12 115
13 24
13 35
13 53
13 124
14 64
14 84
14 121
14 149
15 23
15 89
15 149
15 155
16 32
16 75
16 135
17 31
17 45
17 49
17 109
17 140
17 148
18 93
18 102
18 125
19 127
20 7
21 29
21 142
21 147
21 157
22 47
22 96
22 119
22 126
23 15
23 61
23 123
24 9
24 13
24 59
24 70
24 76
24 109
24 110
25 11
25 85
25 95
25 132
25 142
26 127
27 2
27 36
27 47
27 63
27 92
27 110
28 54
28 67
28 106
28 152
29 21
29 54
29 70
29 90
30 38
30 40
30 85
30 105
30 115
31 17
31 41
31 61
31 136
32 0
32 2
32 7
32 16
32 50
32 62
32 73
32 90
32 109
32 117
32 125
32 129
32 149
33 1
33 3
33 6
33 41
33 159
34 6
34 11
34 50
34 52
34 93
34 123
35 13
35 107
35 120
35 127
35 149
36 27
36 148
37 88
38 12
38 30
38 79
39 5
39 95
39 99
39 139
39 150
40 30
40 42
40 48
40 83
40 101
41 31
41 33
41 139
42 40
42 46
42 130
43 1
43 91
43 145
44 65
44 114
45 17
45 82
45 105
45 128
46 42
46 53
46 65
46 154
47 22
47 27
47 73
47 75
47 93
48 4
48 40
48 80
48 91
49 17
49 155
50 32
50 34
50 74
50 79
50 81
50 87
50 101
50 106
50 113
50 116
51 58
51 59
51 90
51 93
51 129
52 34
52 64
52 80
53 13
53 46
53 57
53 88
53 94
54 29
54 80
54 115
54 136
55 101
55 108
55 131
56 83
56 135
57 12
57 53
57 117
58 7
58 51
58 78
59 9
59 24
59 51
59 61
59 105
60 86
60 94
60 111
60 128
60 139
61 23
61 31
61 59
61 72
61 77
62 11
62 32
62 79
62 83
63 27
63 70
63 105
63 140
63 146
63 148
64 14
64 52
64 80
64 149
65 9
65 44
65 46
65 82
66 138
66 158
67 7
67 28
67 79
67 96
68 69
69 68
69 103
69 149
70 24
70 29
70 63
70 128
71 129
72 61
72 82
72 90
72 109
73 10
73 32
73 47
73 78
73 83
73 155
74 6
74 50
74 132
74 150
75 5
75 16
75 47
75 88
75 123
75 134
76 24
76 127
77 7
77 61
78 58
78 73
78 105
78 114
78 143
78 148
78 152
78 159
79 11
79 38
79 50
79 62
79 67
79 92
79 115
80 48
80 52
80 54
80 64
80 154
81 4
81 50
81 83
81 129
81 156
82 45
82 65
82 72
82 102
82 122
82 148
82 150
82 158
83 40
83 56
83 62
83 73
83 81
83 93
83 102
83 106
84 14
84 99
84 114
84 120
85 25
85 30
85 153
86 60
86 121
86 151
87 50
87 94
87 99
87 119
87 158
88 0
88 37
88 53
88 75
88 98
88 104
88 155
89 15
89 120
89 155
90 29
90 32
90 72
91 43
91 48
92 2
92 27
92 79
93 18
93 34
93 51
93 83
93 94
93 151
94 7
94 53
94 60
94 87
94 93
94 141
94 145
95 0
95 11
95 25
95 39
96 22
96 67
97 5
97 125
97 134
98 7
98 88
98 112
99 39
99 84
99 87
99 129
99 131
100 3
100 122
100 155
100 158
101 40
101 50
101 55
101 108
101 110
101 141
102 18
102 82
102 83
102 118
103 12
103 69
103 124
104 11
104 88
105 30
105 45
105 59
105 63
105 78
105 133
105 134
106 28
106 50
106 83
107 35
107 154
108 55
108 101
108 144
108 159
109 11
109 17
109 24
109 32
109 72
109 126
110 24
110 27
110 101
110 112
111 1
111 60
112 98
112 110
112 137
113 50
113 149
114 44
114 78
114 84
114 138
114 144
114 157
114 159
115 12
115 30
115 54
115 79
116 50
117 32
117 57
117 135
117 157
118 102
118 123
118 125
119 22
119 87
119 142
120 35
120 84
120 89
120 155
121 2
121 14
121 86
121 122
121 138
122 82
122 100
122 121
122 131
122 147
123 23
123 34
123 75
123 118
123 130
123 136
124 13
124 103
124 130
124 146
125 3
125 18
125 32
125 97
125 118
126 22
126 109
126 131
127 19
127 26
127 35
127 76
128 45
128 60
128 70
129 32
129 51
129 71
129 99
129 147
129 149
130 42
130 123
130 124
131 55
131 99
131 122
131 126
132 3
132 25
132 74
132 152
133 105
134 75
134 97
134 105
135 16
135 56
135 117
135 155
136 31
136 54
136 123
136 145
137 112
138 66
138 114
138 121
139 39
139 41
139 60
140 17
140 63
141 94
141 101
142 21
142 25
142 119
143 78
144 108
144 114
145 1
145 43
145 94
145 114
145 136
145 156
146 63
146 124
147 21
147 122
147 129
147 150
147 158
148 17
148 36
148 63
148 78
148 82
149 14
149 15
149 32
149 35
149 64
149 69
149 113
149 129
149 152
150 39
150 74
150 82
150 147
151 86
151 93
152 28
152 78
152 132
152 149
153 85
154 46
154 80
154 107
155 15
155 49
155 73
155 88
155 89
155 100
155 120
155 135
156 81
156 145
157 21
157 114
157 117
158 1
158 66
158 82
158 87
158 100
158 147
159 33
159 78
159 108
159 114
0 1 2 3 4 5 6 7 8 9 10 11 12 13 14 15 16 17 18 19 20 21 22 23
