160 2544 24
0 12
0 18
0 23
0 35
0 53
0 58
0 59
0 75
0 90
0 100
0 116
0 143
1 0
1 8
1 13
1 16
1 17
1 29
1 39
1 51
1 55
1 57
1 65
1 86
1 107
1 130
1 134
1 144
2 9
2 10
2 27
2 34
2 61
2 62
2 65
2 81
2 86
2 87
2 90
2 91
2 99
2 107
2 133
2 144
2 159
3 8
3 12
3 14
3 19
3 24
3 44
3 57
3 68
3 71
3 74
3 91
3 103
3 112
3 129
3 145
3 153
3 157
4 36
4 40
4 41
4 47
4 50
4 61
4 66
4 105
4 111
4 116
4 121
4 122
4 153
4 158
4 159
5 9
5 11
5 31
5 34
5 38
5 77
5 95
5 121
5 133
5 151
6 31
6 32
6 44
6 51
6 58
6 62
6 83
6 84
6 101
6 109
6 120
6 124
6 135
6 156
6 158
7 5
7 18
7 19
7 20
7 23
7 53
7 54
7 58
7 68
7 100
7 104
7 112
7 119
7 121
7 125
7 127
7 128
7 131
7 134
7 138
7 150
7 155
7 157
7 158
8 13
8 24
8 33
8 50
8 59
8 72
8 73
8 86
8 93
8 96
8 97
8 100
8 116
8 134
8 135
9 10
9 19
9 23
9 41
9 58
9 62
9 72
9 78
9 91
9 119
9 129
10 13
10 15
10 41
10 45
10 55
10 61
10 64
10 67
10 77
10 94
10 96
10 103
10 108
10 111
10 115
10 122
10 135
10 146
10 147
11 10
11 14
11 18
11 32
11 34
11 38
11 39
11 55
11 63
11 76
11 101
11 117
11 129
11 130
11 133
11 155
11 159
12 4
12 18
12 56
12 57
12 58
12 64
12 76
12 96
12 122
12 143
12 145
13 16
13 21
13 35
13 37
13 38
13 39
13 41
13 43
13 45
13 57
13 64
13 73
13 100
13 124
13 129
13 145
13 154
14 5
14 13
14 47
14 64
14 68
14 72
14 78
14 87
14 91
14 134
14 135
14 136
14 142
14 147
14 157
15 31
15 42
15 44
15 50
15 64
15 74
15 83
15 95
15 104
15 113
15 118
15 122
15 123
15 138
15 156
16 0
16 14
16 22
16 31
16 32
16 39
16 53
16 61
16 68
16 70
16 78
16 89
16 120
16 128
16 140
16 158
17 7
17 25
17 47
17 52
17 66
17 78
17 81
17 91
17 105
17 124
17 127
17 138
17 158
18 6
18 19
18 27
18 29
18 37
18 55
18 65
18 78
18 86
18 91
18 94
18 95
18 97
18 100
18 101
18 107
18 108
18 117
18 120
18 124
18 130
19 0
19 12
19 17
19 20
19 37
19 40
19 48
19 50
19 57
19 104
19 105
19 115
19 117
19 129
19 139
19 146
19 147
19 152
19 156
19 158
20 2
20 60
20 65
20 91
20 130
20 140
21 5
21 24
21 50
21 71
21 74
21 83
21 90
21 97
21 98
21 103
21 106
21 117
21 123
21 127
21 131
21 138
21 141
21 142
22 20
22 25
22 29
22 39
22 42
22 43
22 49
22 55
22 69
22 106
22 117
22 136
22 150
22 153
22 158
23 6
23 16
23 19
23 21
23 24
23 40
23 51
23 68
23 73
23 84
23 85
23 109
23 119
23 135
23 143
24 6
24 12
24 20
24 31
24 40
24 44
24 46
24 66
24 72
24 77
24 90
24 95
24 97
24 108
24 111
24 117
24 127
24 130
24 155
25 27
25 35
25 39
25 46
25 58
25 79
25 102
25 105
25 110
25 114
25 119
25 121
25 145
25 153
26 7
26 30
26 44
26 53
26 59
26 75
26 93
26 100
26 102
26 105
26 114
26 121
26 130
26 142
27 16
27 23
27 26
27 47
27 48
27 49
27 58
27 65
27 79
27 91
27 96
27 100
27 104
27 105
27 116
27 121
27 122
27 139
27 141
27 147
27 153
27 154
27 159
28 10
28 38
28 41
28 62
28 70
28 101
28 104
28 118
28 121
28 123
28 129
28 140
28 142
28 148
28 149
28 153
29 4
29 16
29 19
29 23
29 42
29 64
29 75
29 89
29 90
29 99
29 111
29 125
29 134
29 140
30 3
30 13
30 14
30 24
30 25
30 40
30 42
30 48
30 50
30 55
30 57
30 58
30 65
30 83
30 88
30 90
30 96
30 134
30 137
30 156
31 1
31 14
31 32
31 34
31 42
31 43
31 59
31 67
31 92
31 93
31 103
31 106
31 129
31 133
31 143
31 145
31 152
31 154
31 158
32 3
32 41
32 49
32 66
32 103
32 104
32 114
32 120
32 126
32 130
32 132
32 140
32 149
33 1
33 5
33 16
33 23
33 24
33 28
33 36
33 44
33 57
33 58
33 60
33 84
33 88
33 112
33 121
33 126
33 130
33 152
33 157
33 158
34 35
34 51
34 59
34 67
34 76
34 80
34 96
34 118
34 156
35 14
35 36
35 51
35 53
35 70
35 78
35 80
35 82
35 125
35 126
35 129
35 135
35 137
36 3
36 6
36 14
36 20
36 30
36 32
36 48
36 80
36 87
36 100
36 106
36 124
36 135
36 154
37 10
37 16
37 24
37 25
37 27
37 29
37 30
37 82
37 86
37 124
37 130
37 131
37 133
37 159
38 1
38 12
38 21
38 23
38 26
38 40
38 68
38 87
38 102
38 119
38 120
38 129
38 144
38 145
38 158
39 4
39 10
39 17
39 31
39 33
39 34
39 52
39 54
39 55
39 69
39 72
39 74
39 81
39 86
39 93
39 111
39 115
39 122
39 133
39 135
39 155
39 156
40 6
40 7
40 22
40 36
40 39
40 56
40 77
40 92
40 96
40 108
40 117
40 121
41 3
41 24
41 29
41 37
41 53
41 55
41 64
41 65
41 74
41 91
41 109
41 136
41 145
41 152
42 1
42 9
42 17
42 67
42 68
42 92
42 98
42 124
42 133
42 140
43 8
43 10
43 24
43 29
43 57
43 64
43 68
43 80
43 89
43 91
43 99
43 100
43 135
43 139
43 155
43 156
44 8
44 14
44 19
44 30
44 38
44 47
44 67
44 94
44 110
44 126
44 130
44 140
44 141
44 145
44 149
44 158
45 21
45 35
45 46
45 56
45 57
45 78
45 92
45 105
45 106
45 117
45 120
45 123
45 124
45 132
45 134
45 157
46 5
46 14
46 22
46 40
46 58
46 59
46 74
46 81
46 99
46 121
46 141
46 142
46 146
47 25
47 49
47 53
47 73
47 86
47 87
47 98
47 119
47 125
47 150
47 157
47 158
48 0
48 2
48 3
48 6
48 10
48 18
48 26
48 43
48 46
48 66
48 70
48 74
48 79
48 80
48 82
48 89
48 90
48 93
48 98
48 103
48 115
48 130
48 156
49 5
49 11
49 20
49 33
49 40
49 48
49 55
49 69
49 78
49 101
49 107
49 109
49 117
49 131
49 139
49 147
49 150
49 159
50 2
50 34
50 52
50 58
50 61
50 66
50 68
50 72
50 75
50 89
50 123
50 130
50 133
51 0
51 17
51 18
51 22
51 39
51 43
51 46
51 50
51 69
51 75
51 81
51 135
51 136
51 137
51 143
52 9
52 13
52 20
52 31
52 38
52 40
52 64
52 73
52 75
52 76
52 83
52 84
52 95
52 97
52 102
52 112
52 115
52 122
52 130
52 136
52 139
52 142
52 143
52 151
52 154
52 159
53 1
53 19
53 27
53 31
53 43
53 44
53 46
53 51
53 59
53 63
53 68
53 70
53 78
53 85
53 105
53 110
53 114
53 119
53 123
53 125
53 134
54 5
54 27
54 28
54 29
54 34
54 38
54 43
54 77
54 78
54 99
54 112
54 117
54 130
54 132
54 133
54 138
54 139
55 4
55 9
55 13
55 16
55 24
55 50
55 57
55 63
55 74
55 78
55 103
55 124
55 125
55 154
56 7
56 25
56 33
56 37
56 51
56 57
56 62
56 88
56 119
56 128
56 141
57 4
57 20
57 61
57 62
57 69
57 70
57 101
57 111
57 147
58 2
58 14
58 15
58 17
58 45
58 47
58 49
58 56
58 62
58 64
58 75
58 103
58 105
59 11
59 12
59 18
59 22
59 32
59 37
59 49
59 54
59 66
59 73
59 84
59 114
59 124
59 125
59 128
59 136
59 137
59 141
59 144
59 159
60 0
60 8
60 9
60 14
60 15
60 23
60 30
60 31
60 62
60 65
60 113
60 127
60 130
60 138
60 150
60 158
61 8
61 12
61 43
61 51
61 56
61 72
61 92
61 119
61 123
61 127
61 128
61 140
61 145
61 146
62 12
62 16
62 18
62 20
62 22
62 32
62 37
62 42
62 68
62 87
62 107
62 111
62 112
62 116
62 120
62 121
62 154
62 156
62 158
63 12
63 22
63 25
63 35
63 43
63 44
63 56
63 68
63 92
63 104
63 110
63 121
63 136
63 144
63 154
63 155
64 8
64 28
64 33
64 39
64 44
64 46
64 47
64 49
64 60
64 125
64 141
64 149
64 155
64 157
65 6
65 8
65 14
65 34
65 51
65 66
65 77
65 125
65 138
65 150
65 157
65 159
66 14
66 28
66 52
66 53
66 57
66 72
66 74
66 81
66 99
66 120
66 124
66 128
66 133
66 148
66 159
67 58
67 61
67 100
67 112
67 117
67 141
67 152
68 11
68 13
68 28
68 55
68 58
68 67
68 79
68 96
68 101
68 108
68 118
68 123
68 128
68 131
68 141
68 143
69 8
69 16
69 23
69 33
69 41
69 48
69 54
69 59
69 60
69 66
69 86
69 89
69 97
69 123
69 134
69 154
70 0
70 3
70 14
70 23
70 30
70 49
70 52
70 59
70 68
70 73
70 84
70 99
70 100
70 114
70 117
70 118
70 120
70 123
70 128
70 133
70 141
70 144
70 153
71 4
71 23
71 28
71 33
71 36
71 44
71 45
71 54
71 60
71 68
71 84
71 126
71 132
71 156
71 158
72 12
72 25
72 40
72 46
72 49
72 51
72 62
72 106
72 108
72 110
72 154
72 155
72 159
73 5
73 21
73 28
73 45
73 67
73 83
73 88
73 143
74 1
74 5
74 7
74 33
74 38
74 43
74 44
74 58
74 61
74 63
74 67
74 100
74 110
74 118
74 150
75 12
75 62
75 70
75 85
75 95
75 110
75 111
75 116
75 117
75 139
75 144
75 150
75 156
76 7
76 15
76 19
76 20
76 58
76 68
76 89
76 93
76 98
76 107
76 115
76 134
76 136
76 139
76 140
77 8
77 12
77 27
77 34
77 36
77 57
77 60
77 68
77 92
77 106
77 110
77 117
77 118
77 123
77 126
77 135
77 143
77 144
77 151
77 153
77 154
77 158
78 5
78 10
78 58
78 66
78 69
78 74
78 81
78 94
78 115
78 116
78 117
78 121
78 137
78 144
79 5
79 11
79 29
79 37
79 47
79 49
79 51
79 71
79 80
79 87
79 94
79 95
79 97
79 104
79 106
79 108
79 120
79 139
79 143
79 144
79 150
79 151
80 1
80 5
80 11
80 33
80 55
80 61
80 66
80 90
80 109
80 120
80 122
80 129
80 135
80 153
80 155
81 5
81 13
81 14
81 15
81 24
81 35
81 41
81 91
81 99
81 101
81 114
81 117
81 129
81 130
81 135
81 147
81 155
81 157
82 8
82 28
82 32
82 43
82 45
82 50
82 54
82 56
82 67
82 68
82 73
82 79
82 91
82 95
82 99
82 103
82 114
82 118
82 128
82 137
82 140
82 157
82 158
83 9
83 12
83 27
83 36
83 46
83 48
83 79
83 121
83 129
84 7
84 8
84 9
84 13
84 15
84 21
84 26
84 43
84 55
84 63
84 78
84 89
84 119
84 120
84 121
84 124
84 134
84 143
85 7
85 12
85 34
85 50
85 61
85 62
85 83
85 90
85 101
85 113
85 114
85 147
85 151
85 152
86 7
86 42
86 46
86 50
86 59
86 88
86 131
86 135
86 136
87 10
87 28
87 60
87 70
87 71
87 90
87 91
87 92
87 97
87 116
87 119
87 121
87 131
87 135
87 142
87 154
88 3
88 5
88 23
88 25
88 28
88 37
88 55
88 87
88 91
88 92
88 96
88 97
88 104
88 105
88 110
88 114
88 120
88 128
88 156
88 157
89 7
89 18
89 19
89 20
89 42
89 45
89 65
89 74
89 91
89 97
89 153
89 159
90 5
90 12
90 14
90 17
90 25
90 34
90 42
90 43
90 72
90 83
90 91
90 93
90 104
90 137
90 140
90 152
90 157
91 0
91 4
91 47
91 56
91 59
91 63
91 95
91 102
91 105
91 108
91 111
91 120
91 124
91 133
91 137
91 141
91 145
91 147
91 150
91 154
91 159
92 2
92 9
92 15
92 21
92 34
92 44
92 48
92 69
92 71
92 82
92 99
92 103
92 120
92 137
92 139
92 142
92 159
93 6
93 9
93 11
93 14
93 18
93 19
93 53
93 58
93 60
93 64
93 70
93 74
93 78
93 94
93 107
93 108
93 133
93 139
93 145
93 150
93 155
94 1
94 7
94 12
94 46
94 47
94 53
94 54
94 67
94 73
94 80
94 84
94 92
94 117
94 126
94 138
94 144
94 154
94 156
95 6
95 7
95 10
95 22
95 27
95 32
95 33
95 41
95 68
95 71
95 85
95 94
95 100
95 101
95 111
95 126
95 133
95 136
95 150
95 151
96 3
96 5
96 17
96 24
96 38
96 46
96 50
96 53
96 60
96 85
96 92
96 95
96 105
96 107
96 110
96 125
96 131
96 140
96 143
96 146
96 156
97 13
97 26
97 27
97 28
97 40
97 54
97 62
97 67
97 77
97 80
97 85
97 112
97 121
97 130
97 152
97 154
98 7
98 15
98 18
98 24
98 37
98 49
98 50
98 58
98 64
98 71
98 75
98 77
98 79
98 86
98 89
98 102
98 105
98 111
98 126
98 130
98 134
98 139
99 16
99 19
99 22
99 31
99 32
99 33
99 37
99 42
99 71
99 73
99 79
99 80
99 93
99 96
99 97
99 103
99 107
99 126
99 128
99 145
100 1
100 6
100 11
100 28
100 37
100 40
100 41
100 65
100 69
100 88
100 94
100 96
100 122
100 123
100 124
100 127
100 128
100 138
100 142
100 144
100 150
101 8
101 16
101 29
101 37
101 60
101 74
101 104
101 106
101 110
101 122
101 125
101 131
101 137
101 140
101 159
102 24
102 29
102 35
102 45
102 63
102 82
102 93
102 96
102 105
102 125
102 141
102 144
102 151
102 159
103 18
103 41
103 43
103 57
103 71
103 78
103 80
103 89
103 129
103 133
103 136
104 0
104 9
104 23
104 31
104 59
104 73
104 103
104 125
104 129
104 158
105 0
105 22
105 30
105 44
105 59
105 73
105 78
105 87
105 99
105 100
105 101
105 130
105 131
105 134
106 4
106 12
106 29
106 33
106 43
106 47
106 58
106 67
106 99
106 100
106 113
106 123
106 135
106 150
106 153
107 5
107 8
107 14
107 31
107 37
107 47
107 50
107 65
107 77
107 80
107 91
107 100
107 108
107 150
108 1
108 48
108 49
108 61
108 89
108 100
108 129
108 151
108 152
108 156
109 22
109 26
109 28
109 39
109 47
109 53
109 67
109 85
109 96
109 101
109 108
109 120
109 141
109 151
110 2
110 11
110 16
110 34
110 42
110 47
110 54
110 103
110 134
110 136
110 152
111 0
111 9
111 14
111 16
111 23
111 34
111 36
111 42
111 49
111 50
111 76
111 92
111 103
111 113
111 123
111 124
111 125
111 136
112 5
112 11
112 18
112 28
112 56
112 65
112 80
112 84
112 88
112 103
112 108
112 111
112 119
112 124
112 126
112 128
112 143
112 145
113 0
113 2
113 17
113 20
113 26
113 33
113 37
113 46
113 48
113 54
113 74
113 80
113 97
113 117
113 118
113 129
113 140
113 142
113 156
113 158
114 1
114 15
114 23
114 24
114 27
114 28
114 31
114 35
114 38
114 40
114 42
114 58
114 74
114 80
114 112
114 116
114 122
114 128
114 146
115 12
115 24
115 60
115 67
115 82
115 83
115 84
115 85
115 86
115 102
115 108
115 109
115 117
115 120
115 129
115 134
115 138
115 143
115 150
115 151
115 153
116 7
116 13
116 14
116 28
116 37
116 65
116 84
116 94
116 96
116 127
116 156
117 6
117 7
117 33
117 48
117 56
117 65
117 66
117 71
117 109
117 123
117 130
117 133
117 142
117 152
117 154
118 13
118 27
118 47
118 50
118 55
118 58
118 73
118 99
118 102
118 104
118 130
118 131
118 136
118 143
118 156
118 158
119 0
119 26
119 31
119 34
119 63
119 68
119 70
119 71
119 92
119 102
119 113
119 115
119 116
119 125
119 132
119 141
119 152
120 2
120 4
120 12
120 27
120 35
120 43
120 46
120 63
120 76
120 90
120 111
120 114
120 118
120 124
120 130
120 132
120 136
120 147
120 152
120 155
121 16
121 17
121 29
121 30
121 36
121 39
121 44
121 55
121 72
121 90
121 92
121 101
121 134
122 16
122 18
122 21
122 24
122 35
122 40
122 46
122 68
122 71
122 81
122 94
122 95
122 96
122 104
122 126
122 128
122 131
122 147
122 158
123 20
123 24
123 62
123 72
123 74
123 86
123 110
123 130
124 3
124 7
124 9
124 27
124 33
124 34
124 51
124 57
124 69
124 75
124 89
124 93
124 103
124 105
124 107
124 113
124 118
124 123
124 157
125 4
125 18
125 21
125 40
125 57
125 79
125 80
125 81
125 98
125 129
125 130
125 144
125 150
126 9
126 36
126 38
126 40
126 62
126 63
126 68
126 75
126 80
126 87
126 89
126 96
126 100
126 103
126 105
126 124
126 130
126 136
126 144
126 145
126 152
127 1
127 15
127 16
127 18
127 23
127 27
127 37
127 63
127 85
127 101
127 118
127 129
127 130
127 142
127 148
128 28
128 31
128 35
128 38
128 40
128 52
128 55
128 57
128 79
128 80
128 95
128 108
128 115
128 123
128 142
129 7
129 24
129 44
129 45
129 47
129 55
129 56
129 60
129 89
129 98
129 102
129 111
129 112
129 130
129 148
130 23
130 40
130 79
130 86
130 153
130 158
131 0
131 3
131 25
131 47
131 59
131 71
131 81
131 89
131 91
131 111
131 117
131 123
131 130
131 134
131 143
131 145
131 152
132 10
132 15
132 67
132 76
132 86
132 99
132 104
132 106
132 107
132 128
132 129
132 134
132 135
133 0
133 16
133 22
133 32
133 34
133 36
133 38
133 60
133 72
133 73
133 80
133 118
133 119
133 135
133 136
133 149
133 150
134 16
134 21
134 24
134 31
134 37
134 48
134 64
134 72
134 82
134 83
134 104
134 118
134 133
134 138
134 151
134 152
134 154
134 158
135 2
135 4
135 29
135 54
135 57
135 62
135 65
135 76
135 83
135 84
135 88
135 90
135 97
135 100
135 104
135 113
135 122
135 123
135 137
135 142
135 153
135 158
136 32
136 48
136 64
136 65
136 80
136 83
136 91
136 98
136 106
136 142
136 152
136 155
136 156
137 0
137 2
137 10
137 15
137 17
137 34
137 39
137 41
137 46
137 48
137 49
137 72
137 85
137 107
137 120
137 147
137 156
137 158
138 12
138 14
138 24
138 31
138 42
138 53
138 69
138 83
138 86
138 88
138 98
138 102
138 118
138 121
138 122
138 123
138 128
138 140
138 152
138 154
139 0
139 3
139 21
139 22
139 25
139 48
139 61
139 94
139 131
139 132
139 144
139 145
139 148
139 149
139 150
139 151
139 152
140 4
140 8
140 14
140 26
140 37
140 50
140 54
140 58
140 62
140 87
140 89
140 91
140 106
140 117
140 133
140 134
140 136
140 141
140 146
140 149
140 150
141 1
141 5
141 6
141 9
141 29
141 73
141 75
141 80
141 89
141 99
141 107
141 116
141 118
141 124
141 131
141 139
141 144
141 146
141 147
142 11
142 36
142 38
142 41
142 53
142 55
142 81
142 83
142 88
142 95
142 96
142 109
142 114
142 131
142 133
142 140
142 144
142 151
143 3
143 6
143 10
143 16
143 17
143 34
143 35
143 37
143 47
143 59
143 69
143 75
143 119
143 120
143 136
143 150
143 153
144 16
144 19
144 41
144 54
144 61
144 68
144 71
144 72
144 87
144 96
144 99
144 105
144 111
144 114
144 121
144 124
144 136
144 145
144 148
145 27
145 45
145 46
145 50
145 65
145 78
145 79
145 84
145 94
145 95
145 96
145 98
145 115
145 125
146 24
146 38
146 39
146 42
146 51
146 52
146 54
146 57
146 127
146 134
146 139
146 143
146 147
146 157
147 16
147 17
147 20
147 29
147 30
147 41
147 42
147 46
147 53
147 56
147 112
147 129
147 142
147 144
148 13
148 21
148 25
148 30
148 53
148 57
148 84
148 100
148 134
148 136
148 141
148 146
148 149
149 13
149 16
149 23
149 24
149 54
149 56
149 61
149 72
149 88
149 107
149 111
149 118
149 129
149 154
150 4
150 26
150 35
150 38
150 41
150 51
150 53
150 76
150 81
150 98
150 112
150 117
150 118
150 119
150 120
150 142
150 146
150 155
151 4
151 28
151 40
151 47
151 49
151 62
151 63
151 72
151 82
151 90
151 92
151 104
151 111
151 117
151 132
151 143
151 149
151 155
151 157
151 159
152 11
152 23
152 26
152 29
152 30
152 37
152 43
152 45
152 55
152 56
152 70
152 77
152 80
152 86
152 123
152 135
152 143
153 0
153 8
153 12
153 18
153 19
153 21
153 29
153 30
153 32
153 35
153 49
153 61
153 68
153 94
153 105
153 124
153 134
153 137
153 141
153 155
154 20
154 23
154 39
154 47
154 51
154 57
154 82
154 106
154 110
154 118
154 137
154 147
154 148
155 2
155 17
155 20
155 23
155 33
155 35
155 37
155 38
155 56
155 67
155 70
155 74
155 75
155 92
155 96
155 109
155 132
155 133
155 158
156 10
156 13
156 41
156 54
156 57
156 63
156 64
156 129
156 141
156 146
156 154
156 157
157 15
157 23
157 31
157 32
157 44
157 46
157 49
157 50
157 56
157 60
157 68
157 73
157 83
157 86
157 101
157 114
157 119
157 122
157 131
158 46
158 48
158 56
158 58
158 74
158 96
158 102
158 120
158 132
158 144
158 146
158 149
158 159
159 6
159 7
159 8
159 25
159 28
159 33
159 40
159 54
159 84
159 87
159 93
159 95
159 116
159 122
159 130
159 139
159 150
0 1 2 3 4 5 6 7 8 9 10 11 12 13 14 15 16 17 18 19 20 21 22 23
