160 2544 12
0 21
0 43
0 48
0 49
0 70
0 84
0 85
0 104
0 108
0 117
1 6
1 38
1 42
1 43
1 47
1 52
1 55
1 89
1 101
1 115
1 124
1 127
1 155
1 159
2 32
2 36
2 38
2 51
2 65
2 73
2 86
2 109
2 110
2 115
2 121
2 123
2 127
2 129
2 138
2 148
2 149
3 18
3 33
3 41
3 42
3 44
3 47
3 49
3 58
3 85
3 100
3 104
3 110
3 112
3 125
3 132
3 138
3 143
4 25
4 35
4 48
4 78
4 80
4 81
4 86
4 95
4 101
4 102
4 116
4 126
4 131
4 134
4 145
5 13
5 15
5 16
5 24
5 27
5 44
5 64
5 66
5 104
5 149
6 12
6 30
6 33
6 41
6 42
6 49
6 67
6 74
6 75
6 80
6 89
6 138
6 141
6 149
7 10
7 18
7 23
7 30
7 34
7 38
7 51
7 56
7 68
7 77
7 84
7 87
7 127
7 129
7 133
7 142
7 151
8 2
8 12
8 15
8 30
8 39
8 40
8 44
8 59
8 62
8 84
8 87
8 104
8 106
8 112
8 132
8 133
9 5
9 6
9 16
9 17
9 35
9 43
9 46
9 49
9 50
9 59
9 65
9 71
9 118
9 120
9 124
9 126
9 149
10 19
10 23
10 24
10 69
10 92
10 106
10 117
10 130
10 143
10 150
10 153
10 154
11 8
11 10
11 25
11 28
11 32
11 41
11 45
11 47
11 61
11 62
11 63
11 66
11 69
11 102
11 104
11 109
11 111
11 116
11 121
11 123
11 125
11 130
11 158
12 0
12 20
12 39
12 57
12 61
12 62
12 71
12 93
12 97
12 101
12 118
12 119
12 124
12 134
12 141
13 3
13 15
13 30
13 40
13 49
13 64
13 92
13 103
13 108
13 109
13 111
13 113
13 119
13 120
13 134
13 137
13 158
14 3
14 45
14 55
14 58
14 59
14 69
14 107
14 117
14 128
14 131
14 136
14 140
14 149
15 23
15 28
15 38
15 45
15 50
15 56
15 58
15 59
15 61
15 70
15 92
15 97
15 110
15 118
15 125
15 141
15 148
15 149
15 152
16 15
16 32
16 36
16 38
16 51
16 54
16 75
16 80
16 99
16 108
16 119
16 120
16 128
16 148
17 13
17 31
17 39
17 58
17 68
17 91
17 106
17 112
17 122
17 126
17 130
17 140
17 146
17 148
18 12
18 14
18 19
18 40
18 43
18 46
18 49
18 50
18 67
18 74
18 81
18 84
18 89
18 93
18 94
18 96
18 103
18 112
18 122
18 125
18 142
18 151
19 7
19 16
19 23
19 49
19 72
19 101
19 103
19 115
19 118
19 127
19 144
19 149
19 158
20 1
20 7
20 27
20 29
20 44
20 51
20 55
20 58
20 74
20 76
20 99
20 107
20 121
20 148
20 153
21 1
21 3
21 36
21 61
21 68
21 80
21 90
21 102
21 117
21 120
21 125
21 133
21 137
21 142
21 147
21 148
21 159
22 9
22 14
22 15
22 16
22 18
22 21
22 37
22 39
22 51
22 54
22 57
22 65
22 66
22 75
22 77
22 96
22 126
22 143
23 3
23 5
23 13
23 25
23 30
23 32
23 38
23 43
23 86
23 88
23 101
23 123
23 125
23 128
23 148
24 1
24 9
24 13
24 36
24 48
24 49
24 105
24 118
24 141
24 144
24 152
24 154
25 26
25 33
25 36
25 42
25 76
25 81
25 87
25 95
25 103
25 132
25 139
25 146
26 1
26 9
26 33
26 37
26 56
26 77
26 81
26 84
26 86
26 89
26 94
26 95
26 109
26 114
26 147
26 151
26 154
26 159
27 2
27 17
27 28
27 32
27 36
27 40
27 47
27 61
27 70
27 75
27 80
27 101
27 108
27 109
27 133
27 143
27 152
27 155
28 5
28 23
28 37
28 48
28 54
28 56
28 67
28 76
28 78
28 91
28 97
28 104
28 106
28 108
28 113
28 124
28 126
28 131
28 148
29 21
29 44
29 54
29 65
29 69
29 70
29 90
29 92
29 95
29 96
29 97
29 124
29 135
29 148
29 151
30 38
30 40
30 42
30 53
30 65
30 68
30 76
30 90
30 91
30 103
30 105
30 109
30 115
30 117
30 128
30 134
30 136
30 141
30 143
30 153
30 154
31 2
31 6
31 25
31 27
31 49
31 51
31 54
31 61
31 73
31 91
31 101
31 102
31 127
31 136
31 148
32 0
32 7
32 8
32 31
32 50
32 58
32 62
32 68
32 70
32 73
32 79
32 86
32 90
32 102
32 114
32 117
32 125
32 127
32 129
32 130
32 147
32 153
32 155
33 1
33 7
33 12
33 41
33 53
33 61
33 62
33 65
33 113
33 131
33 139
33 151
33 156
33 159
34 6
34 11
34 19
34 41
34 50
34 52
34 57
34 64
34 80
34 83
34 84
34 89
34 103
34 111
34 123
34 130
34 133
34 136
34 150
34 151
34 155
35 13
35 18
35 21
35 27
35 28
35 29
35 36
35 56
35 60
35 70
35 81
35 85
35 112
35 123
35 127
35 140
35 145
35 153
36 11
36 12
36 22
36 58
36 64
36 106
36 110
36 149
37 2
37 12
37 16
37 17
37 35
37 39
37 42
37 55
37 84
37 86
37 113
37 116
37 122
37 134
37 139
37 156
38 12
38 17
38 25
38 32
38 36
38 44
38 45
38 61
38 71
38 79
38 82
38 98
38 100
38 103
38 109
38 116
38 122
38 132
38 137
38 146
39 5
39 6
39 15
39 18
39 32
39 52
39 53
39 67
39 71
39 78
39 82
39 95
39 98
39 114
39 131
39 139
40 1
40 3
40 6
40 12
40 15
40 21
40 24
40 32
40 49
40 50
40 59
40 66
40 83
40 101
40 112
40 118
40 128
40 158
41 28
41 29
41 31
41 52
41 58
41 83
41 85
41 103
41 112
41 116
42 35
42 40
42 44
42 66
42 67
42 77
42 91
42 106
42 111
42 116
42 140
42 145
42 151
42 153
42 156
43 11
43 26
43 56
43 77
43 79
43 86
43 91
43 95
43 96
43 114
43 116
43 125
43 145
43 148
43 149
44 6
44 14
44 16
44 26
44 40
44 41
44 50
44 65
44 76
44 83
44 87
44 88
44 91
44 101
44 110
44 112
44 135
45 17
45 19
45 30
45 31
45 34
45 43
45 50
45 76
45 87
45 90
45 116
45 128
45 144
45 147
46 14
46 20
46 24
46 30
46 41
46 42
46 53
46 71
46 73
46 79
46 92
46 95
46 120
47 0
47 16
47 22
47 40
47 69
47 70
47 85
47 100
47 114
47 125
47 133
47 140
47 144
47 153
48 5
48 6
48 10
48 30
48 33
48 38
48 40
48 45
48 55
48 80
48 81
48 91
48 97
48 103
48 118
48 127
49 16
49 17
49 22
49 44
49 59
49 73
49 103
49 118
49 158
50 12
50 27
50 38
50 43
50 68
50 71
50 75
50 76
50 79
50 81
50 87
50 94
50 103
50 112
50 113
50 116
50 130
50 132
50 139
50 146
51 23
51 61
51 66
51 68
51 100
51 116
51 126
51 129
51 139
51 144
51 152
52 0
52 6
52 64
52 85
52 91
52 92
52 94
52 98
52 99
52 101
52 103
52 115
52 117
52 125
52 135
52 136
52 142
52 143
52 151
52 153
52 154
53 10
53 13
53 17
53 34
53 56
53 57
53 58
53 66
53 69
53 75
53 77
53 90
53 102
53 103
53 111
53 114
53 116
53 118
54 14
54 18
54 27
54 35
54 39
54 44
54 60
54 67
54 81
54 92
54 96
54 103
54 108
54 110
54 119
54 130
55 23
55 24
55 25
55 35
55 38
55 54
55 56
55 64
55 76
55 82
55 101
55 117
55 120
55 148
55 149
55 158
56 1
56 9
56 25
56 33
56 49
56 52
56 71
56 84
56 88
56 101
56 144
56 148
56 156
56 157
57 1
57 17
57 21
57 29
57 43
57 58
57 64
57 114
57 131
57 133
57 152
58 7
58 9
58 13
58 30
58 33
58 44
58 46
58 51
58 52
58 65
58 71
58 91
58 101
58 109
58 123
58 127
58 130
58 146
58 151
58 155
59 4
59 24
59 29
59 31
59 41
59 42
59 43
59 51
59 57
59 58
59 61
59 68
59 77
59 80
59 87
59 116
59 153
60 29
60 32
60 39
60 56
60 68
60 73
60 75
60 86
60 94
60 102
60 121
60 127
60 128
60 133
60 135
60 145
61 3
61 23
61 29
61 32
61 34
61 41
61 46
61 62
61 72
61 82
61 102
61 110
61 126
61 131
61 137
61 138
62 18
62 34
62 37
62 47
62 83
62 93
62 95
62 98
62 116
62 121
62 126
62 157
63 0
63 14
63 16
63 27
63 36
63 53
63 96
63 100
63 111
63 113
63 131
63 146
63 148
63 150
64 14
64 17
64 22
64 37
64 41
64 58
64 68
64 75
64 78
64 98
64 118
64 134
64 149
64 151
65 20
65 28
65 39
65 46
65 56
65 61
65 76
65 77
65 95
65 96
65 103
65 106
65 108
65 110
65 111
65 114
65 154
66 36
66 38
66 49
66 65
66 90
66 142
66 151
66 158
67 7
67 16
67 35
67 40
67 57
67 59
67 86
67 97
67 116
67 127
67 128
67 141
67 155
68 11
68 18
68 44
68 47
68 48
68 69
68 77
68 79
68 96
68 105
68 124
68 134
68 141
69 3
69 19
69 21
69 28
69 37
69 50
69 55
69 84
69 85
69 88
69 111
69 112
69 119
69 122
69 133
69 149
69 158
69 159
70 14
70 22
70 24
70 26
70 38
70 51
70 57
70 63
70 88
70 94
70 95
70 100
70 118
71 15
71 24
71 34
71 61
71 74
71 99
71 107
71 122
71 129
71 133
71 137
72 2
72 39
72 57
72 58
72 60
72 100
72 109
72 130
72 134
72 139
73 10
73 18
73 30
73 33
73 42
73 47
73 83
73 100
73 107
73 134
73 142
73 150
73 153
74 12
74 23
74 32
74 36
74 39
74 46
74 50
74 56
74 61
74 73
74 76
74 89
74 90
74 92
74 114
74 125
74 126
74 132
74 136
74 137
74 141
74 143
74 157
75 5
75 14
75 28
75 43
75 47
75 51
75 54
75 58
75 61
75 67
75 88
75 102
75 122
75 123
75 130
75 135
75 149
76 17
76 22
76 24
76 26
76 36
76 39
76 54
76 58
76 90
76 92
76 103
76 105
76 114
76 118
76 119
76 123
76 127
76 136
76 141
76 142
76 159
77 4
77 10
77 27
77 33
77 46
77 50
77 61
77 97
77 102
77 117
77 120
77 122
77 128
77 140
78 33
78 42
78 43
78 45
78 58
78 69
78 73
78 94
78 95
78 104
78 105
78 130
78 133
78 140
78 143
78 154
78 159
79 4
79 6
79 7
79 11
79 22
79 26
79 30
79 37
79 53
79 56
79 60
79 62
79 65
79 67
79 73
79 75
79 89
79 92
79 99
79 105
80 1
80 3
80 14
80 19
80 26
80 37
80 39
80 52
80 53
80 54
80 64
80 67
80 97
80 112
80 114
80 132
80 144
81 22
81 34
81 42
81 43
81 64
81 67
81 73
81 87
81 93
81 98
81 106
81 109
81 115
81 116
81 120
81 126
81 131
81 148
81 152
81 156
82 14
82 16
82 30
82 45
82 52
82 62
82 65
82 66
82 67
82 68
82 72
82 73
82 75
82 102
82 115
82 119
82 125
82 127
82 139
82 141
82 146
82 148
82 159
83 20
83 27
83 28
83 30
83 47
83 51
83 54
83 56
83 64
83 68
83 81
83 84
83 97
83 102
83 121
84 3
84 10
84 14
84 30
84 32
84 51
84 89
84 99
84 104
84 107
84 110
84 114
84 123
84 144
84 158
85 18
85 25
85 30
85 55
85 64
85 73
85 91
85 98
85 120
85 124
85 125
85 152
85 154
85 158
86 17
86 25
86 27
86 31
86 49
86 59
86 68
86 69
86 73
86 100
86 104
86 118
86 120
86 123
86 128
86 140
86 156
86 157
87 20
87 29
87 33
87 35
87 55
87 64
87 68
87 84
87 86
87 95
87 105
87 112
87 114
87 119
87 130
87 148
87 157
87 158
88 0
88 30
88 31
88 34
88 37
88 49
88 53
88 58
88 72
88 73
88 77
88 86
88 96
88 98
88 102
88 125
88 128
88 137
88 143
89 2
89 15
89 28
89 36
89 43
89 48
89 50
89 51
89 83
89 86
89 155
89 158
90 2
90 10
90 12
90 20
90 23
90 25
90 51
90 72
90 95
90 99
90 102
90 117
90 127
90 134
90 149
90 153
90 154
90 156
91 3
91 8
91 20
91 21
91 35
91 38
91 41
91 46
91 50
91 56
91 59
91 64
91 67
91 79
91 83
91 93
91 97
91 99
91 100
91 103
91 106
91 114
91 121
91 125
91 127
91 132
91 148
91 157
92 2
92 14
92 18
92 20
92 27
92 31
92 32
92 45
92 50
92 72
92 85
92 100
92 122
92 140
92 148
92 154
93 22
93 34
93 37
93 47
93 49
93 51
93 60
93 74
93 83
93 85
93 98
93 102
93 125
93 127
93 136
93 139
93 140
93 147
93 151
94 5
94 7
94 9
94 25
94 40
94 53
94 54
94 61
94 73
94 77
94 87
94 93
94 104
94 120
94 124
94 131
94 141
94 142
94 159
95 0
95 1
95 10
95 11
95 19
95 41
95 45
95 47
95 57
95 60
95 75
95 94
95 99
95 106
95 112
95 122
95 124
95 149
95 153
96 4
96 20
96 25
96 58
96 67
96 85
96 105
96 108
96 112
96 123
96 129
96 144
96 147
96 157
97 5
97 32
97 46
97 71
97 86
97 111
97 130
97 132
97 134
97 141
97 158
98 7
98 30
98 34
98 35
98 57
98 60
98 74
98 100
98 105
98 112
98 130
98 132
98 137
98 158
99 7
99 9
99 17
99 39
99 58
99 59
99 70
99 80
99 87
99 94
99 96
99 108
99 129
99 134
99 140
100 4
100 15
100 33
100 41
100 45
100 55
100 60
100 65
100 71
100 96
100 107
100 125
100 138
100 141
100 155
100 158
101 5
101 34
101 41
101 50
101 80
101 96
101 108
101 110
101 112
101 117
101 119
101 126
101 135
101 141
101 144
102 5
102 13
102 14
102 15
102 18
102 24
102 26
102 28
102 42
102 91
102 101
102 107
102 116
102 118
102 131
102 135
102 150
103 10
103 12
103 36
103 44
103 64
103 69
103 70
103 80
103 83
103 124
103 133
103 142
103 154
104 4
104 19
104 59
104 69
104 73
104 83
104 88
104 93
104 99
104 128
104 129
104 137
104 152
104 153
105 16
105 23
105 26
105 34
105 35
105 40
105 45
105 46
105 59
105 63
105 70
105 82
105 88
105 91
105 99
105 133
105 157
106 3
106 5
106 11
106 14
106 20
106 48
106 49
106 50
106 59
106 83
106 97
106 109
106 112
106 132
106 133
106 137
106 151
106 152
106 158
107 7
107 21
107 35
107 51
107 87
107 128
107 150
107 151
107 154
108 9
108 32
108 55
108 62
108 90
108 91
108 95
108 109
108 132
108 133
108 137
108 151
108 152
108 158
109 16
109 17
109 24
109 32
109 37
109 59
109 88
109 94
109 124
109 141
109 149
109 151
110 20
110 22
110 24
110 27
110 34
110 40
110 56
110 58
110 90
110 107
110 109
110 112
110 138
111 1
111 4
111 14
111 15
111 23
111 40
111 49
111 58
111 60
111 62
111 84
111 96
111 107
111 115
111 116
111 126
111 128
111 130
111 141
111 142
111 149
111 158
112 7
112 12
112 55
112 114
112 117
112 118
112 119
112 128
112 131
112 142
112 146
112 150
112 154
113 3
113 26
113 27
113 32
113 34
113 36
113 39
113 59
113 83
113 96
113 110
113 118
113 122
113 127
113 149
113 153
114 6
114 7
114 8
114 10
114 15
114 28
114 37
114 41
114 44
114 56
114 62
114 78
114 83
114 100
114 104
114 120
114 134
114 137
114 140
114 141
114 145
114 152
115 5
115 12
115 14
115 18
115 29
115 36
115 48
115 54
115 58
115 64
115 68
115 74
115 79
115 80
115 90
115 92
115 104
115 117
115 122
115 141
115 142
115 147
116 0
116 7
116 10
116 25
116 83
116 99
116 101
116 118
116 135
116 136
116 137
116 152
116 158
117 4
117 7
117 23
117 35
117 37
117 41
117 45
117 57
117 58
117 81
117 107
117 116
117 123
117 133
117 135
117 142
117 143
118 6
118 20
118 22
118 30
118 34
118 41
118 62
118 81
118 89
118 95
118 97
118 100
118 110
118 123
118 147
118 149
118 155
119 7
119 22
119 24
119 25
119 40
119 53
119 73
119 103
119 124
119 142
119 146
119 159
120 15
120 34
120 35
120 36
120 40
120 48
120 51
120 65
120 84
120 88
120 89
120 92
120 96
120 101
120 104
120 105
120 117
120 133
120 148
121 6
121 14
121 25
121 34
121 47
121 57
121 63
121 70
121 80
121 84
121 86
121 104
121 110
121 112
121 119
121 158
122 19
122 34
122 40
122 74
122 82
122 84
122 93
122 100
122 104
122 121
122 123
122 130
122 131
122 143
122 147
122 150
123 5
123 20
123 42
123 43
123 45
123 57
123 71
123 89
123 100
123 103
123 105
123 108
123 115
123 119
123 126
123 130
123 136
123 143
123 146
123 148
123 152
124 13
124 35
124 44
124 53
124 65
124 130
124 134
124 150
125 0
125 12
125 55
125 63
125 65
125 76
125 79
125 94
125 96
125 97
125 98
125 102
125 106
125 114
125 116
125 118
125 133
125 134
125 138
126 0
126 11
126 14
126 38
126 53
126 73
126 79
126 84
126 85
126 106
126 107
126 109
126 130
126 131
126 132
126 138
126 140
127 0
127 3
127 26
127 63
127 64
127 84
127 101
127 105
127 111
127 120
127 125
127 153
127 154
128 12
128 17
128 18
128 29
128 36
128 39
128 51
128 70
128 78
128 99
128 108
128 117
128 126
128 133
128 134
128 143
129 1
129 14
129 16
129 28
129 30
129 42
129 52
129 62
129 75
129 81
129 89
129 90
129 93
129 116
129 124
129 126
129 133
129 138
129 149
129 154
130 9
130 19
130 23
130 24
130 29
130 31
130 37
130 42
130 45
130 47
130 56
130 68
130 70
130 74
130 77
130 84
130 116
130 127
130 133
130 140
130 148
130 152
131 8
131 12
131 16
131 19
131 25
131 34
131 48
131 55
131 70
131 80
131 82
131 97
131 98
131 99
131 121
131 134
132 12
132 19
132 63
132 79
132 115
132 128
132 148
132 149
132 152
132 154
133 4
133 10
133 13
133 36
133 72
133 75
133 81
133 94
133 126
133 132
133 151
133 152
133 158
134 9
134 10
134 19
134 22
134 28
134 29
134 33
134 60
134 75
134 80
134 83
134 85
134 105
134 120
134 146
134 154
134 157
134 158
135 7
135 16
135 33
135 53
135 56
135 111
135 114
135 120
135 125
135 140
135 149
135 155
135 156
135 159
136 12
136 54
136 56
136 57
136 65
136 89
136 94
136 102
136 106
136 108
136 111
136 112
136 140
136 146
136 151
136 158
136 159
137 14
137 28
137 57
137 59
137 65
137 97
137 107
137 110
137 112
137 143
137 151
138 12
138 29
138 33
138 55
138 65
138 66
138 67
138 70
138 71
138 101
138 104
138 113
138 114
138 121
138 146
139 3
139 7
139 8
139 10
139 17
139 36
139 38
139 41
139 45
139 48
139 60
139 89
139 92
139 115
139 122
139 128
139 136
139 146
140 5
140 13
140 21
140 33
140 39
140 50
140 56
140 63
140 67
140 68
140 73
140 95
140 146
141 0
141 50
141 54
141 106
141 108
141 126
141 140
142 15
142 16
142 25
142 40
142 61
142 77
142 83
142 87
142 107
142 145
142 146
142 148
143 2
143 8
143 11
143 17
143 20
143 21
143 33
143 34
143 50
143 53
143 55
143 76
143 82
143 83
143 102
143 111
143 120
143 121
143 124
143 125
143 145
144 5
144 6
144 8
144 12
144 17
144 23
144 70
144 78
144 95
144 98
144 103
144 108
144 112
144 114
144 115
144 121
144 127
144 130
144 132
144 133
144 156
145 1
145 3
145 26
145 29
145 37
145 57
145 69
145 75
145 94
145 102
145 107
145 111
145 115
145 128
145 133
145 136
145 155
146 10
146 12
146 27
146 31
146 35
146 36
146 41
146 61
146 67
146 73
146 76
146 96
146 107
146 124
146 149
147 8
147 12
147 28
147 49
147 61
147 73
147 79
147 100
147 126
147 127
147 129
147 142
147 150
147 158
148 5
148 9
148 14
148 30
148 36
148 45
148 53
148 58
148 66
148 78
148 96
148 104
148 106
148 131
148 140
148 143
148 145
148 147
148 153
149 24
149 30
149 32
149 35
149 46
149 62
149 71
149 72
149 81
149 85
149 88
149 112
149 123
149 152
149 156
150 16
150 26
150 28
150 32
150 39
150 42
150 53
150 70
150 74
150 82
150 85
150 91
150 142
151 2
151 4
151 14
151 16
151 28
151 54
151 86
151 89
151 99
151 114
151 115
151 138
152 8
152 10
152 14
152 17
152 23
152 26
152 28
152 31
152 36
152 43
152 46
152 52
152 55
152 68
152 70
152 78
152 93
152 105
152 109
152 118
152 121
153 27
153 50
153 51
153 54
153 55
153 70
153 77
153 80
153 85
153 112
153 117
153 123
153 124
153 140
153 144
154 3
154 4
154 12
154 33
154 37
154 39
154 41
154 46
154 50
154 57
154 71
154 72
154 80
154 109
154 116
154 119
154 150
155 4
155 5
155 15
155 23
155 25
155 28
155 40
155 41
155 43
155 49
155 50
155 56
155 73
155 88
155 92
155 96
155 111
155 120
155 134
155 147
155 156
156 1
156 12
156 20
156 32
156 34
156 44
156 63
156 91
156 95
156 104
156 119
156 137
156 145
156 159
157 21
157 32
157 35
157 37
157 48
157 54
157 65
157 71
157 84
157 90
157 98
157 99
157 106
157 114
157 117
157 120
157 124
157 127
157 128
157 137
157 138
157 158
158 1
158 3
158 18
158 28
158 30
158 44
158 56
158 59
158 62
158 82
158 93
158 130
158 143
158 144
159 4
159 5
159 22
159 29
159 37
159 42
159 54
159 57
159 87
159 99
159 101
159 103
159 106
159 108
159 114
159 116
159 128
159 134
159 137
159 145
0 1 2 3 4 5 6 7 8 9 10 11
