160 455 12
0 27
0 54
0 85
0 97
0 101
1 15
1 36
1 99
1 114
2 62
2 118
3 48
3 137
4 27
5 83
5 114
6 22
6 73
6 107
7 48
8 81
8 100
9 120
9 121
10 17
10 25
10 31
10 126
11 70
12 128
12 159
13 34
13 74
13 115
14 65
15 1
15 17
15 56
15 57
15 92
16 24
17 10
17 15
17 23
17 53
18 75
18 149
19 55
19 62
19 87
20 156
21 65
22 6
23 17
24 16
24 56
24 61
24 64
25 10
25 47
25 69
25 72
26 82
27 0
27 4
27 43
27 55
27 56
27 89
27 144
28 29
28 38
28 80
28 98
29 28
29 42
29 97
29 140
30 90
30 113
30 122
31 10
31 84
31 109
32 118
32 126
33 106
34 13
34 154
35 93
36 1
37 52
37 62
37 120
38 28
38 75
39 63
39 150
39 151
39 152
40 56
40 58
40 111
41 96
41 132
41 137
42 151
43 27
43 49
43 80
44 65
44 147
45 55
45 102
46 95
46 97
46 101
46 116
46 155
47 25
47 108
48 7
48 57
48 58
48 83
48 90
48 104
49 43
49 50
49 90
50 49
50 51
50 124
50 136
51 50
51 79
52 37
53 17
53 112
53 115
53 137
54 0
54 80
54 87
54 105
55 19
55 27
55 45
55 131
55 143
56 15
56 24
56 40
56 79
56 144
56 156
57 15
57 48
58 40
58 48
58 155
59 71
59 90
59 120
59 130
59 137
60 36
61 24
61 67
61 93
61 131
61 134
62 2
62 19
62 37
62 149
63 39
64 24
64 90
64 122
65 14
65 21
65 44
65 80
65 84
66 109
66 150
67 61
68 140
69 25
70 11
70 158
71 59
71 129
72 25
72 91
73 6
73 86
73 126
73 150
73 152
74 65
74 79
74 88
74 117
75 18
76 156
77 99
77 105
78 126
79 51
79 56
79 74
79 156
80 28
80 43
80 54
80 58
80 65
80 136
81 8
81 73
81 112
82 26
82 107
82 120
83 5
83 115
83 122
83 125
84 31
84 65
84 93
85 0
85 94
85 142
86 73
86 96
87 19
87 54
87 147
88 74
88 103
88 113
89 27
89 124
90 30
90 48
90 49
90 59
90 64
90 159
91 72
91 88
91 126
92 15
92 119
92 127
93 35
93 61
93 84
93 138
94 85
94 152
95 46
96 41
96 86
96 133
96 143
97 0
97 29
97 46
98 28
98 145
99 1
99 113
99 115
100 8
101 0
101 14
101 18
101 46
101 111
101 115
101 131
101 151
101 153
102 45
103 88
103 116
103 152
104 48
104 123
105 54
105 77
105 143
106 33
106 116
106 154
107 6
107 82
107 138
107 158
108 47
109 31
109 66
110 123
110 132
111 40
112 53
112 81
112 135
113 30
113 88
113 99
113 133
114 1
114 121
114 124
115 13
115 53
115 83
115 99
115 101
115 131
116 46
116 103
116 106
116 146
117 74
117 155
118 2
118 32
118 133
119 92
119 145
120 9
120 37
120 59
120 82
120 126
121 9
121 114
121 144
122 30
122 64
122 83
122 129
123 104
123 110
123 133
124 50
124 89
124 114
124 130
125 83
125 119
125 141
126 10
126 27
126 32
126 73
126 78
126 120
126 132
126 133
126 135
127 92
128 12
129 71
129 122
130 59
130 124
131 55
131 61
131 101
131 115
132 110
132 126
132 139
133 96
133 113
133 118
133 123
133 126
134 61
134 157
135 112
135 126
135 140
135 147
135 156
136 50
136 80
137 3
137 41
137 53
137 59
138 93
138 107
139 132
140 29
140 68
140 135
140 155
141 125
142 47
142 85
142 143
143 55
143 96
143 105
143 142
144 27
144 56
144 121
145 98
145 119
146 116
146 153
147 44
147 87
147 135
148 155
149 5
149 18
149 62
149 117
150 39
150 66
150 73
151 39
151 42
152 39
152 73
152 94
152 103
153 101
153 146
154 34
154 106
155 46
155 58
155 117
155 140
155 148
156 20
156 56
156 76
156 79
157 134
158 70
158 107
159 12
159 90
0 1 2 3 4 5 6 7 8 9 10 11
