160 528 12
0 20
0 39
0 53
0 59
0 76
0 78
0 92
0 103
0 123
0 129
0 133
1 124
1 142
1 155
2 0
2 60
2 61
2 66
2 119
2 152
3 12
3 39
3 157
4 8
4 15
4 49
4 75
4 95
4 128
5 39
5 86
5 114
5 142
6 41
7 9
7 52
7 56
7 87
7 129
7 130
8 4
8 70
9 7
9 43
9 88
9 108
10 121
10 153
11 128
12 3
12 27
12 110
12 138
13 38
13 75
13 79
13 127
14 3
14 20
14 30
15 4
15 18
15 97
15 128
15 136
15 137
15 139
15 156
16 59
16 66
16 94
16 106
16 156
17 36
17 91
17 134
17 135
17 147
17 155
18 15
18 39
18 65
18 102
18 105
18 158
19 95
19 110
19 118
19 146
20 0
20 4
20 90
21 20
21 88
21 90
21 108
22 37
23 58
23 154
24 50
24 92
24 106
24 131
24 153
25 31
25 62
25 77
25 138
26 37
26 91
26 95
26 114
27 12
27 93
27 107
28 49
28 76
28 124
28 135
28 136
29 124
30 14
30 74
30 81
31 129
31 135
31 153
32 13
32 34
32 103
33 45
34 32
34 64
34 110
34 111
34 140
35 84
35 95
36 17
36 111
37 26
37 69
37 82
37 149
37 150
38 90
38 140
39 0
39 3
39 5
39 67
39 96
39 130
40 99
41 6
41 25
41 78
41 95
41 128
41 144
41 159
42 20
42 72
43 3
43 9
43 23
43 80
44 24
45 33
45 65
45 77
45 82
46 25
46 38
46 70
46 79
47 17
47 39
47 75
48 72
48 80
49 4
49 80
49 86
49 113
49 116
50 48
51 71
51 118
52 7
52 80
52 116
52 128
53 0
53 51
53 54
53 61
53 67
53 82
53 97
53 138
53 151
54 53
54 72
54 80
54 93
55 86
55 123
56 109
57 89
57 96
57 152
58 23
58 63
59 0
59 54
59 62
59 69
60 75
60 140
60 154
61 2
61 53
61 70
61 125
61 154
62 25
62 59
62 72
62 104
62 137
62 146
63 35
63 58
63 128
64 34
64 102
64 141
65 18
65 45
65 79
65 97
65 128
66 2
66 109
66 147
67 38
67 53
67 100
67 106
68 69
69 37
69 59
69 68
69 108
69 132
70 8
70 46
70 61
70 151
71 51
71 103
71 148
72 42
72 48
72 54
72 94
73 122
74 30
75 13
75 60
75 131
75 146
76 0
76 78
76 120
76 127
77 25
77 45
78 41
78 45
78 76
78 133
78 153
79 46
79 65
80 48
80 49
80 54
80 139
81 30
81 116
81 126
81 157
82 37
82 45
82 53
82 56
82 145
82 158
83 131
83 141
84 35
85 88
85 96
85 108
85 110
85 130
86 5
86 49
86 55
86 92
87 7
87 33
87 151
88 9
88 21
88 50
88 85
88 118
88 120
88 126
89 57
90 0
90 20
90 21
90 38
90 95
90 148
91 17
91 26
91 127
91 144
92 0
92 24
92 119
92 152
93 26
93 27
93 54
93 140
94 16
94 72
95 4
95 19
95 35
95 41
95 156
96 39
96 57
96 85
96 97
96 122
96 151
97 15
97 53
97 65
97 96
98 32
99 5
99 40
99 130
100 67
100 144
101 104
102 18
102 64
103 32
103 71
103 147
104 62
104 101
105 18
105 94
105 116
106 16
106 24
106 67
106 159
107 30
108 9
108 69
108 85
108 148
108 158
109 58
109 66
110 12
110 19
110 34
110 85
111 36
111 39
111 114
112 115
113 1
113 49
113 108
113 155
114 5
114 26
114 111
115 41
115 112
116 46
116 49
116 52
116 105
118 19
118 51
118 88
119 2
119 92
120 76
120 88
120 125
120 151
121 157
121 158
122 138
123 55
124 28
124 135
124 151
125 61
125 120
126 15
126 42
126 81
126 127
127 13
127 73
127 76
127 91
128 11
128 15
128 41
128 52
129 0
129 7
129 29
130 7
130 39
130 99
130 117
130 135
131 75
131 83
131 153
132 137
133 0
133 78
133 153
134 17
135 17
135 28
135 31
135 124
135 130
136 28
137 15
137 81
137 132
137 152
138 122
139 80
140 34
140 38
140 40
140 60
140 78
140 93
140 107
141 64
141 153
142 1
142 5
142 62
143 147
144 41
144 91
144 100
144 148
146 19
146 62
146 75
147 17
147 66
147 103
148 71
148 144
149 37
149 152
150 37
151 31
151 53
151 87
151 96
151 117
151 124
152 2
152 57
152 92
153 10
153 24
153 78
153 106
153 131
153 133
153 141
154 60
154 61
155 1
155 17
155 113
155 158
156 16
156 95
157 3
157 81
157 121
158 36
158 82
158 108
158 121
158 155
159 41
159 106
0 1 2 3 4 5 6 7 8 9 10 11
