160 2544 7
0 6
0 12
0 20
0 25
0 39
0 43
0 46
0 53
0 59
0 70
0 85
0 103
0 123
0 129
0 131
0 133
0 135
0 158
1 10
1 33
1 43
1 48
1 64
1 81
1 113
1 122
1 126
1 131
1 139
1 143
1 144
2 0
2 27
2 29
2 32
2 46
2 49
2 55
2 60
2 61
2 72
2 82
2 111
2 122
2 132
2 138
2 152
2 157
3 7
3 8
3 37
3 43
3 45
3 60
3 63
3 77
3 85
3 106
3 121
3 141
3 145
3 150
4 5
4 15
4 20
4 32
4 39
4 51
4 52
4 66
4 75
4 81
4 91
4 93
4 113
4 128
4 138
5 1
5 10
5 14
5 26
5 39
5 42
5 61
5 85
5 94
5 95
5 98
5 109
5 114
5 124
5 130
5 131
5 136
5 142
5 146
6 28
6 31
6 35
6 36
6 38
6 62
6 65
6 71
6 76
6 77
6 88
6 95
6 96
6 105
6 109
7 22
7 31
7 40
7 53
7 56
7 67
7 72
7 73
7 86
7 87
7 89
7 97
7 100
7 102
7 105
7 113
7 114
7 116
7 131
7 132
8 0
8 4
8 7
8 19
8 27
8 56
8 63
8 70
8 77
8 86
8 102
8 107
8 131
9 7
9 11
9 13
9 16
9 28
9 37
9 54
9 56
9 58
9 69
9 83
9 87
9 97
9 108
9 120
9 127
9 139
9 142
9 152
9 154
9 158
10 9
10 31
10 61
10 67
10 69
10 78
10 91
10 103
10 119
10 124
10 130
10 139
10 151
10 153
10 157
11 2
11 14
11 21
11 37
11 47
11 65
11 78
11 85
11 86
11 92
11 96
11 116
11 128
11 130
11 154
12 3
12 13
12 16
12 37
12 54
12 93
12 125
12 133
12 138
13 14
13 15
13 17
13 23
13 25
13 27
13 32
13 38
13 42
13 59
13 63
13 75
13 114
13 126
13 127
13 129
13 148
14 3
14 7
14 37
14 56
14 70
14 84
14 100
14 120
14 129
14 153
14 154
15 1
15 7
15 10
15 14
15 16
15 36
15 48
15 58
15 60
15 68
15 71
15 84
15 97
15 105
15 115
15 128
15 136
15 137
15 139
15 143
15 146
15 159
16 13
16 25
16 31
16 43
16 44
16 51
16 59
16 73
16 89
16 99
16 101
16 106
16 121
16 149
16 156
17 0
17 5
17 8
17 12
17 15
17 33
17 39
17 55
17 59
17 67
17 81
17 84
17 90
17 92
17 106
17 112
17 119
17 134
17 135
17 139
17 140
17 146
17 155
17 159
18 15
18 24
18 32
18 41
18 56
18 57
18 62
18 73
18 75
18 93
18 95
18 99
18 102
18 105
18 114
18 121
18 126
18 134
18 145
18 151
18 157
19 12
19 17
19 51
19 60
19 62
19 63
19 64
19 72
19 95
19 107
19 109
19 111
19 114
19 157
20 3
20 6
20 7
20 14
20 29
20 42
20 53
20 55
20 75
20 90
20 91
20 94
20 102
20 121
20 125
20 128
20 131
20 134
20 140
20 158
21 20
21 39
21 43
21 47
21 51
21 52
21 75
21 76
21 77
21 87
21 88
21 91
21 107
21 133
21 155
22 3
22 26
22 31
22 35
22 37
22 38
22 45
22 72
22 75
22 78
22 115
22 120
22 127
22 143
22 147
23 5
23 22
23 32
23 39
23 58
23 65
23 91
23 93
23 100
23 101
23 108
23 114
23 115
23 122
23 140
23 142
24 26
24 39
24 44
24 55
24 57
24 59
24 72
24 74
24 92
24 104
24 110
24 114
24 118
24 119
24 121
24 123
24 131
24 134
24 153
25 10
25 17
25 23
25 29
25 33
25 34
25 38
25 41
25 48
25 56
25 62
25 74
25 77
25 80
25 105
25 124
25 126
25 136
25 140
25 143
25 150
25 157
26 33
26 37
26 51
26 68
26 82
26 89
26 91
26 96
26 106
26 114
26 119
26 121
26 132
26 134
26 138
26 150
27 12
27 14
27 16
27 24
27 29
27 88
27 93
27 109
27 114
27 120
27 124
27 129
27 131
27 135
27 142
27 145
27 158
28 12
28 17
28 23
28 51
28 65
28 76
28 79
28 81
28 102
28 106
28 115
28 118
28 142
28 152
29 32
29 51
29 55
29 63
29 66
29 84
29 102
29 110
29 113
29 116
29 130
29 140
30 9
30 14
30 22
30 26
30 47
30 58
30 63
30 81
30 82
30 102
30 107
30 109
30 112
30 118
30 125
30 139
30 141
31 9
31 11
31 25
31 39
31 40
31 43
31 50
31 53
31 63
31 80
31 92
31 122
31 127
31 129
31 134
31 135
31 137
31 142
31 153
31 156
32 0
32 14
32 16
32 28
32 37
32 62
32 75
32 81
32 83
32 106
32 107
32 130
32 144
32 148
32 150
32 153
32 155
33 5
33 22
33 34
33 50
33 58
33 71
33 87
33 98
33 106
33 131
33 142
34 0
34 6
34 14
34 16
34 19
34 32
34 51
34 60
34 63
34 64
34 76
34 83
34 89
34 94
34 111
34 114
34 124
34 126
34 128
34 159
35 24
35 47
35 55
35 57
35 63
35 68
35 84
35 90
35 134
35 138
36 9
36 17
36 26
36 67
36 89
36 102
36 107
36 132
36 142
36 153
37 16
37 35
37 44
37 56
37 65
37 66
37 73
37 82
37 97
37 117
37 123
37 126
37 127
37 131
37 138
37 142
37 143
37 145
37 148
37 150
37 151
38 8
38 11
38 20
38 21
38 30
38 35
38 46
38 47
38 63
38 79
38 89
38 100
38 120
38 123
38 124
38 135
38 140
38 141
39 3
39 18
39 25
39 36
39 74
39 75
39 83
39 86
39 95
39 97
39 117
39 120
39 143
39 155
40 62
40 64
40 107
40 113
40 129
40 132
40 140
41 6
41 12
41 20
41 76
41 95
41 103
41 115
41 127
41 131
41 137
41 138
41 150
41 159
42 23
42 24
42 34
42 38
42 47
42 57
42 60
42 75
42 90
42 101
42 112
42 117
42 126
42 132
42 134
42 139
42 152
42 153
42 154
42 156
43 5
43 9
43 17
43 23
43 65
43 73
43 80
43 84
43 91
43 95
43 100
43 101
43 124
43 134
43 149
44 7
44 23
44 40
44 42
44 89
44 97
44 111
44 113
45 14
45 21
45 24
45 33
45 41
45 49
45 65
45 82
45 83
45 86
45 109
45 115
45 123
45 136
45 138
45 159
46 4
46 5
46 24
46 25
46 32
46 72
46 79
46 111
46 125
46 129
46 132
46 140
46 147
46 158
47 12
47 17
47 36
47 39
47 40
47 41
47 54
47 60
47 75
47 77
47 82
47 83
47 89
47 100
47 119
48 0
48 3
48 5
48 16
48 20
48 21
48 22
48 36
48 58
48 65
48 77
48 86
48 98
48 102
48 110
48 131
48 140
48 147
48 149
49 0
49 1
49 4
49 20
49 22
49 28
49 35
49 43
49 50
49 68
49 77
49 80
49 82
49 83
49 86
49 91
49 102
49 116
49 150
49 156
49 157
50 8
50 10
50 16
50 19
50 24
50 46
50 48
50 89
50 96
50 116
50 124
50 126
50 127
50 139
51 14
51 23
51 45
51 56
51 71
51 81
51 82
51 86
51 102
51 107
51 108
51 115
51 118
51 119
51 126
51 134
51 142
51 152
51 155
51 157
52 6
52 7
52 24
52 27
52 31
52 37
52 53
52 55
52 58
52 64
52 73
52 80
52 83
52 86
52 89
52 103
52 108
52 116
52 128
52 134
52 135
52 141
53 1
53 21
53 39
53 51
53 65
53 66
53 87
53 93
53 102
53 104
53 118
53 119
53 138
53 139
54 4
54 8
54 13
54 21
54 23
54 31
54 39
54 49
54 53
54 59
54 60
54 72
54 77
54 88
54 105
54 115
54 135
54 144
54 159
55 5
55 18
55 23
55 33
55 39
55 69
55 84
55 85
55 93
55 120
55 123
55 126
55 130
55 156
56 5
56 17
56 20
56 22
56 33
56 63
56 96
56 109
56 110
56 129
57 50
57 51
57 53
57 60
57 64
57 94
57 98
57 99
57 113
57 122
57 134
57 148
57 152
57 159
58 4
58 13
58 24
58 36
58 44
58 53
58 59
58 63
58 88
58 89
58 92
58 136
58 151
59 14
59 50
59 55
59 64
59 69
59 72
59 87
59 94
59 137
59 141
59 144
59 149
59 155
59 159
60 7
60 14
60 22
60 43
60 53
60 58
60 68
60 69
60 75
60 96
60 108
60 109
60 110
60 113
60 119
60 124
60 140
60 141
60 144
60 147
61 9
61 20
61 23
61 34
61 36
61 43
61 47
61 49
61 53
61 60
61 73
61 90
61 94
61 102
61 125
61 129
61 137
61 141
61 154
62 0
62 23
62 27
62 44
62 45
62 49
62 59
62 68
62 72
62 79
62 89
62 92
62 100
62 126
62 146
62 159
63 9
63 17
63 25
63 69
63 76
63 83
63 84
63 98
63 109
63 120
63 123
63 126
63 128
63 135
63 136
64 5
64 11
64 20
64 35
64 37
64 38
64 39
64 42
64 48
64 56
64 102
64 114
64 129
64 141
64 142
65 18
65 27
65 35
65 40
65 46
65 59
65 73
65 81
65 84
65 93
65 94
65 112
65 117
65 128
65 137
65 138
66 1
66 2
66 16
66 20
66 33
66 41
66 46
66 48
66 51
66 55
66 67
66 70
66 83
66 93
66 99
66 109
66 111
66 124
66 147
66 152
67 11
67 24
67 28
67 38
67 39
67 50
67 53
67 54
67 65
67 68
67 78
67 85
67 100
67 106
67 121
67 124
67 125
67 128
67 149
68 6
68 13
68 42
68 43
68 83
68 120
68 130
68 144
68 151
68 154
68 157
69 4
69 6
69 32
69 37
69 43
69 57
69 68
69 76
69 106
69 108
69 117
69 132
69 147
70 1
70 37
70 46
70 60
70 61
70 87
70 119
70 135
70 151
71 11
71 25
71 29
71 32
71 46
71 65
71 81
71 96
71 100
71 104
71 121
71 125
71 133
71 148
72 5
72 11
72 35
72 42
72 48
72 60
72 77
72 78
72 90
72 94
72 95
72 100
72 102
72 131
72 144
72 156
72 159
73 5
73 9
73 50
73 56
73 70
73 75
73 80
73 94
73 99
73 107
73 108
73 111
73 115
73 117
73 118
73 122
73 126
73 129
73 135
73 148
73 151
74 30
74 38
74 55
74 70
74 94
74 117
74 122
74 128
74 131
74 148
74 151
74 158
75 14
75 34
75 43
75 56
75 64
75 89
75 90
75 91
75 95
75 124
75 128
75 130
75 131
75 154
76 0
76 3
76 5
76 11
76 16
76 25
76 48
76 49
76 78
76 80
76 90
76 96
76 101
76 127
77 12
77 22
77 27
77 45
77 52
77 53
77 57
77 59
77 63
77 78
77 80
77 99
77 108
77 139
77 154
77 158
77 159
78 0
78 9
78 41
78 45
78 49
78 65
78 66
78 69
78 73
78 74
78 89
78 95
78 97
78 126
78 133
78 151
78 159
79 0
79 13
79 19
79 37
79 42
79 54
79 55
79 65
79 69
79 70
79 132
79 137
79 138
79 143
79 144
80 11
80 13
80 26
80 48
80 54
80 57
80 69
80 83
80 91
80 109
80 115
80 135
80 136
80 141
80 158
81 0
81 9
81 20
81 25
81 27
81 37
81 47
81 50
81 55
81 76
81 104
81 113
81 139
81 159
82 1
82 5
82 9
82 21
82 24
82 28
82 42
82 53
82 56
82 60
82 62
82 72
82 77
82 84
82 89
82 99
82 101
82 106
82 116
82 127
82 135
82 138
82 146
82 150
82 152
82 157
83 3
83 5
83 11
83 12
83 22
83 26
83 35
83 46
83 48
83 77
83 109
83 114
83 123
83 146
83 153
83 156
84 1
84 4
84 7
84 23
84 24
84 27
84 28
84 32
84 33
84 42
84 60
84 69
84 71
84 83
84 88
84 91
84 92
84 99
84 127
84 129
84 138
84 155
85 9
85 18
85 26
85 31
85 35
85 45
85 54
85 70
85 75
85 88
85 92
85 95
85 96
85 106
85 108
85 110
85 116
85 121
85 122
85 141
85 144
85 152
85 155
86 5
86 9
86 17
86 41
86 55
86 61
86 69
86 71
86 73
86 127
86 132
86 136
86 138
86 139
87 2
87 23
87 27
87 36
87 56
87 64
87 85
87 92
87 99
87 115
87 123
87 124
87 125
87 128
87 143
87 145
87 151
87 157
88 2
88 9
88 29
88 50
88 68
88 75
88 86
88 87
88 93
88 118
88 121
88 123
88 126
88 133
88 135
88 153
89 6
89 12
89 20
89 32
89 57
89 59
89 63
89 64
89 66
89 70
89 86
89 98
89 102
89 126
89 130
89 132
89 138
89 151
90 0
90 21
90 28
90 31
90 34
90 38
90 53
90 68
90 69
90 73
90 84
90 87
90 89
90 95
90 110
90 115
90 124
90 126
90 128
90 144
90 148
91 0
91 8
91 9
91 12
91 15
91 17
91 39
91 57
91 58
91 67
91 68
91 81
91 86
91 88
91 111
91 123
91 124
91 135
91 149
91 152
91 157
92 0
92 5
92 12
92 38
92 42
92 52
92 69
92 81
92 86
92 93
92 96
92 104
92 119
92 120
92 129
92 134
92 154
92 157
93 5
93 6
93 20
93 26
93 47
93 50
93 54
93 63
93 121
93 134
93 139
93 140
93 147
94 16
94 17
94 24
94 40
94 46
94 54
94 60
94 68
94 91
94 97
94 105
94 115
94 129
94 130
94 149
94 150
94 152
94 154
95 4
95 15
95 26
95 30
95 35
95 57
95 69
95 83
95 99
95 118
95 132
95 139
95 154
95 158
96 4
96 12
96 23
96 32
96 39
96 48
96 57
96 59
96 66
96 73
96 77
96 122
96 130
96 137
97 5
97 8
97 38
97 45
97 47
97 48
97 52
97 53
97 61
97 65
97 85
97 90
97 96
97 116
97 143
97 146
97 149
98 18
98 30
98 32
98 56
98 64
98 68
98 78
98 79
98 92
98 143
98 145
99 0
99 5
99 17
99 22
99 40
99 56
99 61
99 64
99 70
99 93
99 94
99 97
99 100
99 107
99 108
99 110
99 130
99 147
100 27
100 55
100 58
100 68
100 75
100 91
100 97
100 104
100 111
100 112
100 117
100 124
100 128
100 142
100 144
100 150
101 6
101 24
101 33
101 38
101 52
101 55
101 58
101 66
101 114
101 120
101 121
101 138
102 0
102 31
102 55
102 57
102 66
102 74
102 88
102 147
102 149
102 157
103 5
103 27
103 32
103 45
103 59
103 71
103 118
103 121
103 154
104 4
104 18
104 21
104 27
104 30
104 35
104 42
104 49
104 52
104 57
104 62
104 80
104 83
104 86
104 101
104 102
104 118
104 119
104 128
105 28
105 37
105 44
105 46
105 56
105 57
105 64
105 82
105 89
105 92
105 102
105 106
105 115
105 123
105 140
105 145
105 150
106 2
106 24
106 25
106 34
106 48
106 50
106 65
106 84
106 101
106 131
107 4
107 5
107 10
107 16
107 24
107 27
107 37
107 45
107 60
107 62
107 68
107 72
107 77
107 82
107 86
107 103
107 104
107 126
107 130
107 134
107 140
107 150
107 152
108 11
108 21
108 34
108 35
108 44
108 49
108 76
108 91
108 110
108 123
108 124
108 133
108 154
109 9
109 11
109 13
109 16
109 18
109 34
109 55
109 57
109 58
109 62
109 70
109 90
109 94
109 98
109 99
109 116
109 126
109 132
109 150
110 4
110 7
110 12
110 14
110 15
110 18
110 19
110 34
110 41
110 55
110 58
110 61
110 64
110 83
110 86
110 91
110 100
110 125
110 129
110 142
110 145
111 1
111 6
111 9
111 23
111 36
111 39
111 62
111 76
111 82
111 110
111 114
111 115
111 129
111 131
111 141
111 150
111 152
111 155
111 157
111 159
112 77
112 82
112 87
112 94
112 95
112 115
112 117
112 133
112 153
112 156
113 15
113 22
113 25
113 26
113 49
113 62
113 68
113 70
113 74
113 100
113 108
113 115
113 118
113 119
113 129
113 155
113 159
114 30
114 31
114 32
114 33
114 37
114 44
114 47
114 48
114 61
114 68
114 85
114 112
114 115
114 132
114 147
115 16
115 31
115 35
115 39
115 42
115 43
115 44
115 46
115 63
115 76
115 107
115 108
115 122
115 123
115 127
115 139
115 153
115 159
116 5
116 9
116 12
116 18
116 19
116 39
116 41
116 46
116 65
116 78
116 81
116 90
116 105
116 137
116 138
116 143
116 153
117 20
117 28
117 49
117 58
117 62
117 76
117 106
117 130
117 137
117 139
117 142
117 150
117 156
117 159
118 16
118 17
118 19
118 21
118 37
118 66
118 82
118 94
118 96
118 106
118 111
118 115
118 122
118 123
118 130
118 152
119 0
119 2
119 3
119 23
119 30
119 45
119 55
119 56
119 81
119 97
119 110
119 123
119 125
119 141
120 2
120 37
120 40
120 41
120 76
120 88
120 91
120 117
120 129
120 130
120 133
120 149
120 154
121 5
121 10
121 13
121 15
121 17
121 34
121 45
121 50
121 54
121 68
121 81
121 82
121 86
121 92
121 132
122 17
122 20
122 27
122 54
122 59
122 75
122 106
122 111
122 119
122 134
122 135
122 136
122 137
122 142
122 144
122 147
122 159
123 6
123 10
123 18
123 25
123 89
123 110
123 132
123 134
123 137
123 148
123 149
123 156
124 1
124 14
124 28
124 29
124 36
124 40
124 82
124 83
124 95
124 97
124 106
124 115
124 116
124 117
124 121
124 126
124 132
124 137
124 151
125 13
125 18
125 32
125 40
125 55
125 56
125 85
125 93
125 120
125 121
125 124
125 129
125 147
126 2
126 3
126 9
126 15
126 24
126 33
126 49
126 81
126 86
126 127
126 133
126 136
126 142
126 145
127 32
127 35
127 36
127 38
127 40
127 49
127 56
127 70
127 73
127 83
127 91
127 92
127 112
127 114
127 120
127 139
127 140
127 157
128 17
128 21
128 22
128 23
128 24
128 30
128 41
128 64
128 89
128 116
128 127
128 129
128 138
129 5
129 7
129 15
129 28
129 29
129 30
129 33
129 36
129 37
129 49
129 54
129 76
129 87
129 96
129 104
129 131
129 137
129 145
129 146
129 149
129 150
130 7
130 9
130 16
130 38
130 39
130 46
130 81
130 85
130 102
130 112
130 122
130 133
130 135
130 142
130 158
131 12
131 14
131 28
131 36
131 45
131 53
131 56
131 58
131 60
131 66
131 69
131 80
131 83
131 94
131 103
131 116
131 122
131 132
131 151
131 153
132 3
132 13
132 30
132 51
132 58
132 64
132 82
132 85
132 105
132 127
132 137
132 140
132 143
132 158
133 10
133 11
133 16
133 24
133 26
133 34
133 44
133 54
133 56
133 93
133 97
133 103
133 111
133 143
133 156
134 23
134 32
134 33
134 40
134 46
134 60
134 68
134 71
134 76
134 112
134 124
134 132
134 137
134 147
134 152
134 153
135 7
135 14
135 19
135 21
135 28
135 30
135 60
135 84
135 100
135 101
135 105
135 106
135 124
135 128
135 150
135 158
136 3
136 13
136 28
136 39
136 60
136 61
136 70
136 77
136 97
136 99
136 115
136 118
136 120
136 144
136 155
137 0
137 25
137 28
137 39
137 43
137 58
137 62
137 70
137 81
137 93
137 102
137 111
137 139
137 147
137 152
138 15
138 19
138 25
138 38
138 49
138 60
138 72
138 77
138 91
138 122
138 127
138 130
139 5
139 32
139 35
139 41
139 59
139 80
139 82
139 118
139 119
139 126
139 141
139 159
140 24
140 33
140 34
140 65
140 78
140 80
140 84
140 85
140 115
140 116
141 21
141 22
141 43
141 56
141 75
141 81
141 83
141 102
141 147
141 153
142 1
142 6
142 35
142 62
142 67
142 71
142 72
142 75
142 79
142 92
142 104
142 107
142 116
142 120
142 134
142 154
143 26
143 27
143 38
143 53
143 56
143 89
143 93
143 95
143 103
143 108
143 125
143 141
143 148
143 153
143 159
144 18
144 22
144 30
144 40
144 41
144 53
144 64
144 65
144 66
144 82
144 91
144 114
144 124
144 127
144 129
144 157
145 7
145 11
145 42
145 48
145 61
145 65
145 82
145 92
145 100
146 14
146 19
146 22
146 23
146 33
146 36
146 45
146 72
146 75
146 100
146 105
146 116
146 117
146 128
146 148
147 16
147 17
147 32
147 76
147 101
147 103
147 109
147 115
147 121
147 124
147 143
147 146
148 6
148 24
148 34
148 36
148 41
148 53
148 54
148 108
148 109
148 111
148 116
148 140
148 141
148 144
148 150
149 1
149 12
149 14
149 25
149 29
149 31
149 37
149 40
149 52
149 55
149 57
149 89
149 98
149 100
149 107
149 110
149 121
149 124
149 126
149 136
149 146
149 157
150 5
150 13
150 39
150 40
150 61
150 63
150 81
150 113
150 126
150 141
150 145
151 0
151 4
151 15
151 27
151 29
151 31
151 33
151 53
151 71
151 92
151 96
151 117
151 120
151 121
151 129
151 130
151 150
151 153
151 159
152 0
152 16
152 18
152 33
152 36
152 47
152 53
152 61
152 64
152 69
152 92
152 95
152 128
152 130
152 149
152 154
152 159
153 11
153 12
153 16
153 25
153 39
153 44
153 50
153 65
153 67
153 68
153 69
153 78
153 81
153 93
153 106
153 107
153 128
153 130
153 133
153 142
153 145
154 17
154 21
154 23
154 28
154 32
154 60
154 62
154 112
154 117
154 127
154 146
154 148
154 156
155 1
155 13
155 15
155 24
155 26
155 27
155 30
155 35
155 52
155 61
155 74
155 99
155 123
155 125
155 159
156 15
156 17
156 19
156 20
156 43
156 52
156 53
156 61
156 70
156 73
156 86
156 91
156 95
156 142
156 157
157 3
157 8
157 16
157 17
157 26
157 27
157 29
157 33
157 34
157 45
157 47
157 54
157 59
157 64
157 69
157 81
157 88
157 95
157 109
157 121
157 123
157 159
158 5
158 7
158 18
158 26
158 34
158 36
158 49
158 50
158 51
158 60
158 82
158 102
158 103
158 108
158 116
158 117
158 121
158 125
158 143
158 151
158 155
159 3
159 7
159 8
159 18
159 31
159 47
159 55
159 71
159 79
159 80
159 93
159 105
159 106
159 112
159 120
159 121
159 125
159 131
159 135
159 140
0 1 2 3 4 5 6
