160 2544 24
0 12
0 37
0 43
0 44
0 56
0 70
0 72
0 88
0 94
0 96
0 110
0 135
0 154
1 8
1 9
1 11
1 15
1 24
1 40
1 45
1 47
1 51
1 74
1 91
1 115
1 119
1 142
1 149
1 152
2 0
2 10
2 18
2 60
2 62
2 63
2 65
2 72
2 82
2 91
2 92
2 99
2 101
2 116
2 135
2 138
2 149
2 151
2 158
3 11
3 19
3 31
3 37
3 38
3 65
3 69
3 71
3 79
3 82
3 97
3 118
3 121
3 123
3 132
3 139
3 142
3 152
3 153
4 11
4 19
4 29
4 33
4 34
4 50
4 63
4 106
4 109
4 114
4 121
4 127
4 140
4 142
4 143
5 12
5 52
5 61
5 63
5 67
5 92
5 95
5 117
5 123
5 124
5 129
5 140
5 156
6 14
6 20
6 36
6 44
6 56
6 63
6 69
6 74
6 77
6 82
6 94
6 117
6 124
6 129
6 135
7 41
7 49
7 50
7 63
7 76
7 84
7 87
7 88
7 94
7 98
7 99
7 101
7 122
7 137
7 150
8 11
8 13
8 17
8 29
8 31
8 67
8 71
8 102
8 104
8 106
8 109
8 117
8 139
8 147
8 154
9 6
9 8
9 17
9 30
9 32
9 41
9 59
9 79
9 81
9 82
9 88
9 110
9 131
9 143
9 150
9 156
9 159
10 4
10 18
10 28
10 32
10 43
10 46
10 71
10 81
10 84
10 96
10 98
10 112
10 118
10 130
10 142
10 144
10 147
10 155
10 157
11 9
11 10
11 16
11 22
11 23
11 32
11 59
11 65
11 84
11 120
11 121
11 125
11 126
11 147
11 150
12 6
12 7
12 9
12 13
12 41
12 48
12 51
12 90
12 111
12 139
13 9
13 30
13 36
13 44
13 56
13 70
13 78
13 84
13 93
13 96
13 97
13 102
13 105
13 120
13 125
13 132
13 149
14 27
14 32
14 38
14 52
14 82
14 99
14 123
14 135
14 139
14 156
15 7
15 13
15 16
15 43
15 52
15 53
15 61
15 65
15 68
15 70
15 77
15 80
15 105
15 114
15 116
15 126
15 134
15 138
15 140
15 147
15 153
15 154
16 25
16 28
16 48
16 67
16 68
16 81
16 89
16 93
16 106
16 119
16 120
16 128
16 147
16 155
17 0
17 16
17 19
17 50
17 55
17 82
17 86
17 99
17 107
17 108
17 113
17 124
17 158
18 15
18 24
18 36
18 47
18 50
18 52
18 55
18 58
18 71
18 82
18 91
18 94
18 101
18 112
18 120
18 129
18 139
18 140
18 154
18 155
18 159
19 1
19 15
19 25
19 27
19 42
19 48
19 64
19 66
19 74
19 81
19 87
19 144
19 147
19 151
19 154
19 159
20 8
20 15
20 24
20 31
20 36
20 38
20 71
20 72
20 98
20 103
20 117
20 128
20 129
20 148
21 1
21 4
21 7
21 12
21 29
21 41
21 46
21 54
21 76
21 93
21 105
21 107
21 115
21 122
21 128
21 146
21 149
21 157
22 1
22 5
22 16
22 25
22 38
22 54
22 57
22 60
22 76
22 79
22 94
22 99
22 115
22 148
23 5
23 26
23 49
23 59
23 66
23 73
23 74
23 96
23 103
23 132
23 137
23 143
23 146
24 3
24 22
24 26
24 33
24 43
24 51
24 79
24 88
24 99
24 102
24 109
24 117
24 118
24 126
24 128
24 145
24 159
25 7
25 8
25 21
25 23
25 26
25 35
25 42
25 60
25 94
25 96
25 116
25 135
25 142
25 156
26 4
26 5
26 7
26 11
26 17
26 19
26 41
26 55
26 57
26 59
26 62
26 63
26 70
26 109
26 144
27 1
27 3
27 15
27 17
27 37
27 45
27 59
27 71
27 72
27 82
27 88
27 98
27 100
27 107
27 113
27 132
27 141
28 7
28 12
28 21
28 24
28 25
28 30
28 39
28 41
28 64
28 73
28 84
28 90
28 104
28 117
28 119
28 123
28 132
28 152
28 156
29 3
29 19
29 20
29 28
29 43
29 44
29 59
29 62
29 68
29 72
29 75
29 76
29 80
29 104
29 122
29 127
29 143
29 150
29 151
30 3
30 4
30 24
30 29
30 45
30 50
30 51
30 55
30 63
30 73
30 93
30 99
30 104
30 106
30 108
30 112
30 141
30 146
30 147
30 152
31 2
31 25
31 30
31 59
31 60
31 67
31 71
31 76
31 77
31 78
31 99
31 112
31 114
31 115
31 116
31 130
31 136
32 5
32 31
32 50
32 57
32 66
32 71
32 72
32 104
32 115
32 117
32 123
32 135
32 139
33 6
33 8
33 17
33 18
33 32
33 66
33 67
33 73
33 74
33 76
33 78
33 86
33 93
33 94
33 104
33 123
33 133
33 134
33 138
33 144
33 149
34 26
34 43
34 55
34 59
34 74
34 78
34 100
34 102
34 113
34 134
34 139
34 156
34 159
35 3
35 12
35 13
35 50
35 58
35 62
35 71
35 75
35 87
35 97
35 111
35 124
35 127
35 129
35 156
36 16
36 24
36 45
36 67
36 68
36 73
36 74
36 84
36 93
36 99
36 113
36 132
36 140
36 154
36 159
37 18
37 19
37 25
37 40
37 92
37 117
37 131
37 140
37 144
38 31
38 32
38 36
38 46
38 60
38 82
38 106
38 108
38 149
38 154
39 5
39 14
39 18
39 44
39 48
39 89
39 97
39 118
39 134
39 140
39 155
39 157
40 17
40 25
40 26
40 29
40 33
40 56
40 74
40 77
40 103
40 129
40 136
40 144
40 149
40 155
40 158
41 0
41 14
41 31
41 42
41 43
41 46
41 60
41 63
41 66
41 71
41 73
41 88
41 93
41 108
41 118
41 121
41 132
41 158
42 1
42 5
42 24
42 27
42 50
42 57
42 99
42 107
42 110
42 112
42 118
42 144
43 19
43 23
43 44
43 45
43 61
43 93
43 103
43 105
43 122
43 124
44 18
44 20
44 21
44 32
44 38
44 51
44 54
44 63
44 88
44 97
44 101
44 108
44 129
44 137
44 140
44 142
45 26
45 28
45 37
45 38
45 46
45 49
45 57
45 60
45 69
45 99
45 118
45 140
45 146
45 152
45 158
46 4
46 9
46 13
46 54
46 61
46 66
46 93
46 94
46 102
46 111
46 122
46 131
46 134
46 137
46 145
46 147
46 150
46 151
47 8
47 10
47 11
47 22
47 36
47 55
47 56
47 68
47 80
47 81
47 93
47 94
47 107
47 115
47 143
47 147
47 154
48 22
48 26
48 35
48 80
48 86
48 90
48 99
48 102
48 106
48 137
48 146
48 153
49 0
49 55
49 58
49 68
49 73
49 80
49 88
49 91
49 92
49 107
49 109
49 119
49 123
49 129
49 140
49 152
50 2
50 13
50 16
50 34
50 43
50 44
50 45
50 48
50 71
50 76
50 81
50 100
50 122
50 125
50 132
50 142
50 143
50 150
50 151
50 155
51 17
51 33
51 34
51 58
51 61
51 79
51 81
51 104
51 105
51 109
51 111
51 132
52 10
52 25
52 38
52 51
52 54
52 59
52 61
52 92
52 129
52 141
52 152
53 3
53 49
53 60
53 66
53 69
53 88
53 93
53 101
53 110
53 115
53 118
53 122
53 131
53 132
53 136
53 141
53 146
53 149
53 155
53 157
53 158
54 5
54 8
54 15
54 16
54 19
54 23
54 38
54 51
54 55
54 72
54 76
54 77
54 83
54 95
54 100
54 101
54 115
54 123
54 155
55 0
55 5
55 9
55 24
55 27
55 29
55 36
55 50
55 62
55 69
55 77
55 85
55 91
55 97
55 136
55 138
55 156
56 12
56 14
56 36
56 44
56 50
56 59
56 68
56 72
56 78
56 87
56 92
56 99
56 129
56 130
56 141
56 151
57 2
57 7
57 19
57 41
57 43
57 50
57 56
57 66
57 85
57 86
57 130
57 133
57 140
58 6
58 8
58 9
58 31
58 42
58 43
58 59
58 74
58 76
58 85
58 112
58 115
58 121
58 122
58 131
58 136
58 154
59 36
59 39
59 47
59 51
59 70
59 80
59 92
59 112
59 117
59 137
59 145
59 147
60 5
60 14
60 15
60 24
60 42
60 62
60 82
60 92
60 93
60 100
60 101
60 104
60 136
60 141
60 142
61 6
61 7
61 11
61 16
61 31
61 34
61 50
61 54
61 57
61 65
61 92
61 96
61 114
61 120
61 129
61 139
61 148
62 12
62 24
62 43
62 52
62 59
62 67
62 83
62 84
62 89
62 97
62 100
62 107
62 108
62 139
62 150
63 14
63 25
63 28
63 37
63 42
63 43
63 49
63 56
63 61
63 62
63 68
63 72
63 86
63 100
63 101
63 104
63 135
63 136
63 138
63 143
64 5
64 36
64 39
64 68
64 81
64 85
64 107
64 119
64 130
64 133
64 146
64 153
65 1
65 8
65 41
65 48
65 72
65 73
65 78
65 84
65 89
65 95
65 130
66 1
66 14
66 18
66 24
66 34
66 44
66 47
66 61
66 70
66 77
66 78
66 86
66 98
66 100
66 112
66 114
66 123
66 125
66 128
66 129
66 134
66 137
66 158
67 18
67 40
67 44
67 48
67 58
67 59
67 88
67 95
67 98
67 102
67 135
67 152
67 156
68 44
68 61
68 65
68 84
68 87
68 94
68 101
68 110
68 112
68 118
68 142
68 147
68 150
68 156
69 30
69 33
69 35
69 47
69 64
69 70
69 99
69 105
69 109
69 129
69 130
69 135
69 136
69 137
70 3
70 6
70 16
70 32
70 36
70 37
70 49
70 52
70 57
70 58
70 73
70 83
70 93
70 98
70 102
70 116
70 130
70 143
71 19
71 24
71 33
71 52
71 61
71 67
71 112
71 121
71 136
71 147
71 158
71 159
72 4
72 6
72 9
72 10
72 16
72 21
72 40
72 46
72 52
72 58
72 61
72 66
72 77
72 128
72 131
72 139
72 148
72 152
73 4
73 17
73 20
73 27
73 29
73 39
73 47
73 71
73 108
73 135
73 139
73 152
73 157
74 5
74 11
74 14
74 17
74 22
74 41
74 85
74 91
74 93
74 97
74 98
74 99
74 117
74 126
74 139
74 142
74 148
74 154
74 156
75 3
75 12
75 13
75 14
75 18
75 25
75 45
75 50
75 76
75 80
75 91
75 113
75 117
75 118
75 143
76 34
76 39
76 47
76 51
76 53
76 57
76 61
76 81
76 99
76 106
76 111
76 118
76 124
76 128
76 141
76 142
76 143
77 8
77 11
77 20
77 23
77 30
77 41
77 50
77 52
77 73
77 98
77 109
77 114
77 115
77 128
77 139
77 158
78 0
78 11
78 14
78 23
78 24
78 30
78 36
78 40
78 50
78 52
78 53
78 62
78 73
78 75
78 83
78 94
78 104
78 106
78 120
78 125
78 126
78 129
78 133
78 138
78 143
78 146
78 151
79 1
79 4
79 26
79 28
79 29
79 33
79 37
79 74
79 90
79 96
79 100
79 113
79 114
79 120
79 151
80 11
80 14
80 18
80 20
80 38
80 45
80 50
80 65
80 82
80 88
80 98
80 107
80 124
80 128
80 138
80 148
80 154
80 156
81 24
81 32
81 44
81 52
81 80
81 83
81 95
81 97
81 104
81 108
81 111
81 127
81 132
81 148
81 156
82 0
82 5
82 19
82 20
82 42
82 58
82 67
82 89
82 93
82 107
82 117
82 121
82 122
82 134
82 140
82 152
82 155
83 7
83 9
83 21
83 23
83 37
83 38
83 44
83 53
83 82
83 110
83 142
83 148
83 155
84 17
84 27
84 39
84 44
84 59
84 79
84 85
84 90
84 101
84 112
84 122
84 127
84 130
84 153
84 156
84 158
85 1
85 5
85 35
85 38
85 40
85 47
85 69
85 75
85 91
85 108
85 122
85 123
85 139
85 141
85 145
85 157
86 11
86 14
86 41
86 42
86 47
86 58
86 59
86 73
86 81
86 92
86 97
86 101
86 104
86 112
86 116
86 125
86 144
86 155
87 9
87 24
87 25
87 48
87 71
87 73
87 79
87 88
87 91
87 121
87 124
87 128
87 131
87 141
87 142
87 158
88 22
88 28
88 29
88 35
88 45
88 58
88 59
88 61
88 68
88 75
88 100
88 101
88 102
88 142
88 143
88 146
88 149
88 153
89 12
89 23
89 30
89 40
89 44
89 48
89 50
89 53
89 79
89 83
89 110
89 113
89 118
89 121
89 123
89 125
89 130
90 4
90 9
90 14
90 16
90 24
90 31
90 50
90 68
90 71
90 72
90 86
90 92
90 94
90 97
90 103
90 110
90 116
90 128
90 137
90 142
90 145
90 158
91 7
91 8
91 25
91 29
91 33
91 44
91 53
91 56
91 57
91 61
91 93
91 108
91 118
91 138
92 17
92 64
92 66
92 67
92 74
92 80
92 96
92 97
92 99
92 121
92 122
92 131
92 134
92 139
92 148
92 153
93 9
93 19
93 24
93 37
93 38
93 42
93 58
93 59
93 71
93 80
93 94
93 95
93 113
93 122
93 123
93 127
93 133
93 139
93 158
93 159
94 57
94 59
94 60
94 61
94 69
94 76
94 81
94 85
94 108
94 115
94 119
94 125
94 141
94 144
95 0
95 3
95 30
95 34
95 35
95 38
95 48
95 68
95 104
95 107
95 112
95 118
95 125
95 133
95 139
95 153
96 18
96 20
96 22
96 43
96 47
96 54
96 64
96 71
96 98
96 116
96 120
96 130
96 149
97 20
97 32
97 33
97 37
97 65
97 67
97 80
97 82
97 91
97 115
97 116
97 123
97 125
97 141
97 152
97 153
97 158
98 2
98 9
98 30
98 34
98 39
98 42
98 47
98 55
98 71
98 72
98 84
98 105
98 121
98 127
98 130
98 151
99 0
99 5
99 8
99 12
99 28
99 49
99 55
99 62
99 80
99 81
99 87
99 93
99 127
99 128
99 133
99 143
99 145
99 156
100 0
100 16
100 38
100 43
100 89
100 92
100 102
100 103
100 109
100 110
100 116
100 127
100 143
100 148
100 151
100 155
100 159
101 14
101 33
101 39
101 45
101 59
101 92
101 112
101 117
101 128
101 139
101 142
101 144
101 152
102 20
102 44
102 47
102 55
102 65
102 71
102 85
102 101
102 123
102 126
102 138
102 150
102 153
103 4
103 6
103 12
103 29
103 41
103 45
103 47
103 48
103 62
103 67
103 74
103 83
103 85
103 86
103 98
103 99
103 138
103 142
103 143
103 146
104 0
104 14
104 18
104 22
104 24
104 26
104 27
104 48
104 71
104 73
104 83
104 84
104 88
104 98
104 106
104 111
104 115
104 134
104 139
104 146
105 3
105 27
105 29
105 30
105 81
105 126
105 144
105 149
105 154
105 157
106 1
106 3
106 6
106 41
106 69
106 74
106 84
106 91
106 93
106 154
106 155
107 22
107 41
107 55
107 58
107 85
107 90
107 93
107 98
107 100
107 103
107 114
107 138
107 151
107 157
108 2
108 13
108 15
108 20
108 27
108 31
108 58
108 64
108 66
108 75
108 98
108 102
108 131
108 135
108 138
108 143
108 158
109 0
109 2
109 3
109 9
109 22
109 25
109 29
109 32
109 41
109 58
109 72
109 93
109 147
109 157
110 1
110 5
110 28
110 33
110 35
110 36
110 39
110 57
110 59
110 64
110 66
110 78
110 81
110 113
110 115
110 121
110 122
110 131
110 137
110 152
110 159
111 15
111 19
111 20
111 29
111 56
111 84
111 95
111 117
111 121
111 124
111 125
111 142
111 152
112 17
112 29
112 33
112 43
112 50
112 61
112 65
112 69
112 72
112 79
112 118
112 127
112 134
112 151
112 159
113 46
113 47
113 48
113 62
113 63
113 86
113 88
113 90
113 95
113 100
113 104
113 115
113 116
113 120
113 122
113 123
113 130
113 135
113 144
113 149
114 1
114 2
114 13
114 36
114 47
114 52
114 56
114 57
114 67
114 80
114 88
114 89
114 94
114 96
114 112
114 118
114 132
114 154
114 156
115 12
115 16
115 29
115 45
115 56
115 72
115 83
115 88
115 96
115 105
115 130
115 148
116 0
116 4
116 11
116 12
116 23
116 33
116 47
116 49
116 67
116 72
116 73
116 94
116 119
116 122
116 134
116 135
116 136
116 138
116 144
117 0
117 9
117 15
117 38
117 42
117 50
117 84
117 95
117 103
117 104
117 109
117 149
117 158
118 5
118 31
118 43
118 46
118 65
118 66
118 69
118 71
118 73
118 80
118 82
118 83
118 84
118 96
118 102
118 104
118 113
118 116
118 122
118 129
118 131
118 159
119 8
119 24
119 29
119 43
119 46
119 51
119 55
119 56
119 59
119 61
119 65
119 68
119 93
119 102
119 103
119 105
119 106
119 110
119 121
119 124
119 148
119 154
119 156
120 20
120 30
120 34
120 36
120 44
120 51
120 58
120 72
120 77
120 107
120 115
120 116
120 119
120 126
120 134
120 140
121 0
121 12
121 26
121 29
121 35
121 37
121 44
121 48
121 59
121 60
121 67
121 78
121 79
121 80
121 84
121 85
121 86
121 88
121 112
121 116
121 127
122 12
122 17
122 31
122 72
122 79
122 99
122 100
122 102
122 115
122 153
122 158
123 8
123 12
123 15
123 38
123 58
123 70
123 73
123 74
123 78
123 88
123 98
123 114
123 124
123 128
123 136
123 139
123 147
123 150
123 157
124 9
124 40
124 55
124 56
124 65
124 77
124 82
124 85
124 92
124 93
124 95
124 115
124 139
124 140
124 141
124 145
124 150
125 6
125 10
125 17
125 20
125 21
125 28
125 46
125 48
125 63
125 74
125 90
125 99
125 101
125 109
125 110
125 113
125 116
125 122
125 141
125 143
125 150
126 2
126 36
126 55
126 83
126 84
126 94
126 101
126 110
126 119
126 134
126 138
126 149
127 3
127 34
127 46
127 59
127 63
127 75
127 86
127 101
127 111
127 126
127 147
128 15
128 34
128 35
128 40
128 45
128 56
128 59
128 67
128 73
128 88
128 93
128 108
128 116
128 125
128 134
128 135
128 138
128 144
129 0
129 3
129 19
129 34
129 39
129 48
129 63
129 77
129 87
129 88
129 91
129 101
129 106
129 107
129 108
129 120
129 127
129 141
129 151
130 2
130 13
130 32
130 34
130 35
130 49
130 54
130 79
130 83
130 85
130 92
130 93
130 112
130 126
130 129
130 143
130 144
130 147
131 11
131 16
131 20
131 30
131 36
131 38
131 50
131 51
131 54
131 64
131 68
131 71
131 79
131 82
131 85
131 122
131 123
131 129
131 138
131 144
131 148
131 153
131 154
131 158
132 0
132 15
132 29
132 38
132 46
132 58
132 63
132 77
132 88
132 91
132 117
132 118
132 120
132 149
132 151
133 3
133 13
133 14
133 16
133 22
133 23
133 24
133 28
133 48
133 68
133 70
133 85
133 97
133 116
133 138
133 158
134 10
134 16
134 21
134 23
134 25
134 27
134 30
134 43
134 51
134 68
134 78
134 94
134 103
134 108
134 113
134 118
134 133
134 140
134 144
134 146
134 152
135 1
135 5
135 18
135 23
135 44
135 47
135 51
135 55
135 57
135 59
135 62
135 84
135 92
135 98
135 129
135 130
135 137
135 141
135 146
136 29
136 32
136 54
136 57
136 73
136 81
136 96
136 113
136 121
136 128
136 130
136 146
136 151
136 155
136 159
137 2
137 4
137 10
137 13
137 15
137 28
137 39
137 56
137 78
137 95
137 120
137 121
137 131
137 144
137 146
137 151
137 155
137 159
138 16
138 19
138 20
138 29
138 43
138 49
138 52
138 61
138 65
138 89
138 101
138 105
138 149
138 151
139 4
139 11
139 22
139 50
139 66
139 70
139 84
139 100
139 103
139 105
139 109
139 116
139 126
139 142
139 146
139 149
139 150
140 9
140 29
140 38
140 41
140 65
140 69
140 74
140 112
140 127
140 133
140 151
141 4
141 9
141 38
141 42
141 45
141 62
141 66
141 73
141 84
141 103
141 105
141 133
142 12
142 20
142 30
142 38
142 41
142 59
142 72
142 98
142 99
142 105
142 110
142 114
142 148
142 153
143 12
143 18
143 20
143 27
143 35
143 44
143 58
143 59
143 66
143 93
143 102
143 104
143 109
143 114
143 144
143 146
143 149
144 4
144 17
144 31
144 35
144 36
144 62
144 63
144 70
144 87
144 142
144 145
145 4
145 13
145 44
145 52
145 61
145 76
145 95
145 98
145 125
145 128
145 130
145 138
145 146
146 4
146 10
146 15
146 34
146 38
146 39
146 73
146 82
146 94
146 124
147 22
147 26
147 34
147 75
147 110
147 131
147 134
147 140
147 144
147 154
148 24
148 25
148 30
148 32
148 40
148 42
148 48
148 53
148 55
148 64
148 68
148 104
148 108
148 122
148 132
148 134
148 143
149 0
149 14
149 16
149 48
149 49
149 50
149 55
149 57
149 62
149 66
149 67
149 71
149 82
149 91
149 94
149 100
149 102
149 119
149 125
150 21
150 26
150 34
150 43
150 45
150 58
150 64
150 66
150 79
150 82
150 99
150 101
150 103
150 117
150 136
150 144
150 151
150 158
151 13
151 27
151 44
151 51
151 58
151 67
151 95
151 97
151 119
151 125
151 126
151 130
151 142
151 156
151 159
152 4
152 6
152 9
152 16
152 47
152 48
152 51
152 55
152 56
152 58
152 63
152 64
152 66
152 115
152 121
152 122
152 124
152 139
152 150
153 30
153 38
153 56
153 58
153 59
153 62
153 72
153 87
153 146
153 157
153 159
154 6
154 9
154 13
154 16
154 24
154 25
154 59
154 61
154 72
154 79
154 94
154 97
154 103
154 111
154 130
154 133
154 141
154 142
154 143
154 146
154 151
155 9
155 61
155 68
155 73
155 79
155 87
155 104
155 110
155 120
155 121
155 128
155 148
155 159
156 6
156 23
156 30
156 42
156 50
156 59
156 64
156 75
156 82
156 88
156 95
156 97
156 98
156 101
156 108
156 120
156 136
156 137
156 144
156 154
156 159
157 15
157 16
157 18
157 23
157 34
157 35
157 51
157 68
157 82
157 87
157 94
157 106
157 116
157 142
157 158
158 4
158 9
158 14
158 16
158 34
158 39
158 42
158 57
158 58
158 59
158 82
158 88
158 104
158 120
158 148
159 1
159 3
159 5
159 32
159 39
159 41
159 46
159 48
159 54
159 63
159 73
159 101
159 113
159 139
0 1 2 3 4 5 6 7 8 9 10 11 12 13 14 15 16 17 18 19 20 21 22 23
