160 413 24
0 17
0 32
0 95
0 110
0 145
0 147
1 6
1 66
1 90
2 15
2 25
3 0
3 59
3 63
4 120
5 16
5 56
5 57
6 17
6 18
7 28
7 83
7 132
8 36
8 49
8 93
8 97
9 138
10 28
10 64
11 111
11 132
12 10
12 21
12 129
12 142
13 1
13 2
13 18
13 96
13 110
13 118
14 11
14 108
14 117
14 142
15 4
15 23
15 58
15 73
15 74
15 141
16 5
16 94
17 0
17 47
18 0
18 7
18 112
19 76
19 106
20 21
20 22
20 94
20 145
21 27
21 45
21 91
21 133
21 144
22 20
22 79
23 78
23 116
23 149
24 43
24 49
25 2
25 7
25 24
25 108
26 35
26 66
27 1
27 77
27 134
28 4
28 10
28 22
28 112
28 134
29 59
29 145
30 35
30 66
30 138
30 142
31 121
31 135
32 0
33 28
33 37
33 41
33 75
33 107
33 131
33 149
34 91
34 147
35 26
35 30
36 11
36 122
36 132
37 33
37 89
38 72
38 89
38 127
39 9
39 68
39 118
41 112
41 135
43 47
43 55
43 115
45 19
46 34
46 60
46 137
47 43
47 58
47 79
47 136
48 61
49 8
49 35
49 84
49 98
50 36
50 43
50 53
51 33
51 55
51 64
51 71
51 73
51 129
51 135
52 77
52 148
53 12
53 90
54 65
54 82
54 115
54 155
55 40
55 51
56 105
56 123
56 155
57 5
57 61
57 73
57 130
58 47
58 93
59 3
59 90
59 142
59 155
61 22
61 157
62 64
63 123
64 45
64 51
64 62
64 125
65 3
65 54
65 124
66 26
66 30
67 156
68 39
68 70
68 80
68 82
69 4
69 55
70 122
71 46
71 49
71 83
71 105
72 38
73 51
73 57
73 84
73 107
74 28
74 76
74 97
74 112
74 121
74 126
75 0
75 14
75 33
75 79
75 88
75 89
75 96
76 19
76 49
76 80
77 52
77 84
77 143
78 23
78 42
78 140
79 22
79 116
80 68
81 6
81 35
82 139
83 7
83 71
83 111
84 3
84 49
84 63
84 73
84 77
84 94
84 154
85 39
85 130
86 121
86 152
87 96
87 151
88 38
88 75
88 96
88 141
89 38
89 125
90 1
90 59
90 107
90 131
91 2
91 104
92 67
93 8
94 20
94 84
94 120
94 155
95 59
95 114
96 13
96 83
97 8
97 74
97 146
99 65
99 67
99 122
100 118
101 27
101 42
101 129
101 134
101 144
102 131
104 108
104 145
105 71
105 128
106 19
106 28
107 55
107 90
107 99
108 104
108 131
109 75
109 83
110 109
111 11
111 83
111 113
112 18
112 28
112 41
113 0
113 29
113 33
114 86
115 24
115 43
115 133
116 129
117 49
118 61
118 152
119 151
120 121
120 153
121 49
121 74
121 86
121 152
122 36
122 78
122 99
123 45
123 63
123 153
124 13
124 19
124 44
124 65
125 64
125 89
126 29
126 74
128 2
128 105
128 132
128 135
128 154
129 51
129 150
130 0
130 63
130 85
131 68
131 99
131 102
131 108
131 119
132 7
132 36
132 131
133 45
133 115
134 113
135 31
135 133
136 140
137 46
138 68
139 150
140 51
140 78
140 108
141 88
141 123
142 138
142 152
144 21
144 31
144 47
145 20
145 104
146 7
146 100
146 107
146 158
147 34
147 149
148 21
148 42
149 83
149 91
149 147
150 4
150 129
151 17
151 43
151 87
151 119
152 118
152 121
153 34
153 50
153 88
153 120
153 123
154 83
154 128
155 48
155 54
155 56
155 59
155 103
155 105
156 51
156 56
156 67
157 13
157 93
157 118
159 15
159 93
0 1 2 3 4 5 6 7 8 9 10 11 12 13 14 15 16 17 18 19 20 21 22 23
