160 812 24
0 45
0 70
0 119
0 122
0 147
0 158
1 45
1 73
1 96
1 128
2 0
2 47
2 140
3 31
3 37
3 53
3 54
3 71
3 118
3 132
3 148
3 153
4 15
4 139
5 25
5 84
5 98
5 111
5 116
5 119
6 9
6 13
6 91
6 98
6 123
6 135
6 137
6 159
7 10
7 17
7 43
7 73
7 97
7 123
7 129
7 139
7 148
7 149
8 5
8 57
8 63
8 113
8 149
9 16
9 39
9 44
9 80
9 109
9 117
9 148
10 113
10 142
10 155
11 5
11 74
11 109
11 134
11 138
12 31
12 72
12 94
12 126
13 2
13 22
13 26
13 30
13 48
13 84
13 90
13 98
13 113
13 122
13 145
14 106
14 119
15 28
15 110
15 134
16 21
16 85
16 124
16 127
16 153
17 34
17 52
17 53
17 78
17 84
17 124
17 152
18 41
18 86
18 112
18 150
19 11
19 44
19 79
19 93
19 98
19 113
20 2
20 26
20 73
20 112
20 119
21 146
21 158
22 17
22 31
22 67
22 74
22 95
22 101
22 146
23 6
23 30
23 34
23 45
23 50
23 105
23 127
23 140
24 23
24 43
24 45
24 71
24 110
24 112
25 80
25 95
25 131
26 47
26 56
26 70
26 101
26 128
27 13
27 58
27 74
28 2
28 31
28 44
28 55
28 66
28 119
29 6
29 7
29 15
29 38
29 44
29 73
29 105
30 24
30 32
31 57
31 72
31 75
32 84
32 154
33 58
33 82
33 87
33 91
33 113
34 9
34 84
35 10
35 87
35 99
35 137
35 143
35 146
36 121
37 15
37 32
37 56
37 109
37 135
38 53
38 108
38 136
38 141
38 145
39 12
39 25
39 78
39 93
39 113
40 58
40 117
40 149
41 67
41 115
41 129
41 157
42 58
42 61
42 97
42 125
43 22
43 45
43 159
44 98
44 142
45 6
45 15
45 123
45 136
45 147
46 38
46 44
46 94
46 141
46 155
47 113
47 128
47 146
48 75
48 77
48 81
48 102
48 119
48 143
49 5
49 13
49 34
49 103
49 159
50 11
50 63
50 87
51 1
51 33
51 66
51 147
52 19
52 92
52 112
52 131
52 140
53 55
53 92
54 25
54 53
54 86
54 158
55 22
55 76
55 80
55 93
55 100
55 102
55 109
55 136
55 150
56 2
56 12
56 88
56 94
56 144
57 46
57 147
58 16
58 21
58 75
58 100
58 119
58 121
59 35
59 49
59 84
59 120
59 121
60 2
60 10
60 15
60 31
60 80
60 146
61 56
61 68
61 101
61 126
61 131
62 30
62 115
62 137
62 142
62 149
63 46
63 49
63 126
63 144
64 1
64 19
65 2
65 13
65 64
65 73
65 141
66 73
66 142
66 150
67 17
67 54
67 99
67 101
67 117
67 130
67 137
68 0
68 40
68 67
68 87
68 92
68 130
69 8
69 28
69 31
69 143
69 149
69 153
70 32
70 51
70 57
70 85
70 119
70 148
71 51
71 92
71 105
71 106
71 119
71 147
71 148
71 153
72 8
72 86
72 133
73 21
73 63
73 77
73 115
73 133
74 5
74 44
74 81
74 93
75 5
75 13
75 64
75 106
75 121
76 52
76 63
76 65
76 111
76 133
76 149
77 9
77 15
77 71
77 88
77 140
78 7
78 25
78 55
78 103
78 124
78 134
78 154
78 157
79 3
79 28
79 39
79 55
79 66
79 72
79 86
79 107
79 109
79 115
79 131
79 142
80 37
80 53
80 98
80 128
81 8
81 21
81 101
81 108
81 126
82 13
82 61
82 149
83 11
83 13
83 90
83 130
83 152
84 56
84 85
84 91
84 111
84 120
84 125
84 127
84 138
85 4
85 28
85 126
85 159
86 17
86 27
86 84
86 97
86 109
86 128
86 131
86 155
87 63
87 69
87 79
87 80
87 96
87 122
88 48
88 95
88 107
88 158
89 0
89 22
89 51
89 148
90 29
90 40
90 42
90 59
90 74
90 80
90 101
91 17
91 29
91 78
91 97
91 141
92 7
92 78
92 82
92 88
92 101
92 123
92 125
92 147
93 31
93 90
93 110
94 7
94 40
94 42
94 45
94 101
94 114
94 149
95 42
95 56
95 84
95 158
96 2
96 16
96 30
96 65
96 85
96 92
96 98
96 123
97 12
97 27
97 74
97 90
97 143
98 10
98 52
98 61
98 125
98 146
99 17
99 20
99 27
99 48
99 121
100 51
100 60
100 74
101 21
101 24
101 37
101 77
101 122
101 154
102 9
102 45
102 53
102 137
102 145
103 15
103 81
103 118
103 130
103 143
104 3
104 52
104 56
104 69
104 82
104 124
104 129
104 154
105 5
105 39
105 86
106 44
106 98
106 105
106 127
106 158
107 13
107 21
107 24
107 40
107 81
107 124
108 21
108 25
108 59
108 63
108 122
108 152
109 51
109 59
109 95
109 103
109 126
109 147
110 1
110 50
110 88
110 112
110 153
111 8
111 15
111 92
111 107
111 116
111 151
112 43
112 69
112 80
112 104
112 156
113 26
113 49
113 58
113 155
113 158
114 26
114 109
114 110
114 131
114 138
115 2
115 7
115 75
115 120
115 133
116 3
116 44
116 53
116 68
116 71
116 73
116 93
116 100
116 130
116 138
117 15
117 33
117 45
117 107
117 109
117 134
117 140
117 157
118 9
118 52
118 112
118 120
118 137
119 93
119 131
120 86
120 102
120 109
121 7
121 12
121 16
121 79
121 89
121 94
121 140
122 15
122 51
122 66
122 71
122 102
122 151
123 3
123 13
123 16
123 25
123 29
123 44
123 51
123 67
123 90
124 7
124 53
124 127
125 65
125 147
126 98
126 138
127 45
127 57
127 60
127 63
127 91
127 121
127 128
128 25
128 28
128 61
128 75
128 126
128 133
129 44
129 63
129 65
129 98
129 108
129 119
129 153
130 4
130 48
130 60
130 136
131 8
131 82
131 93
131 116
131 146
132 61
132 67
132 80
132 85
132 100
132 135
132 158
133 44
133 132
134 16
134 151
135 0
135 14
135 20
135 29
135 40
135 62
135 104
135 139
135 157
136 14
136 51
136 101
136 117
136 128
136 154
137 16
137 80
137 111
137 154
138 14
138 19
138 24
139 5
139 13
139 81
139 99
139 113
139 140
140 3
140 18
140 40
140 63
140 99
141 41
141 70
141 83
141 115
141 133
141 149
142 2
142 19
142 76
142 77
143 18
143 29
143 79
143 101
143 117
144 0
144 86
144 93
144 115
145 21
145 95
145 96
145 100
145 111
145 125
145 128
145 136
145 141
145 142
146 66
146 67
146 70
146 77
147 1
147 39
147 135
147 150
147 158
148 12
148 14
148 24
148 41
148 59
148 67
148 72
148 79
148 107
149 32
149 90
149 116
150 57
150 105
150 113
150 155
151 36
151 46
151 49
151 65
151 75
151 148
151 156
152 13
152 89
153 43
153 51
153 107
153 109
153 149
154 48
154 86
154 131
155 17
155 50
155 70
155 79
155 95
155 124
155 127
155 134
156 14
156 43
156 116
157 43
157 79
157 96
157 97
157 108
157 128
158 29
158 82
158 111
158 144
159 20
159 82
159 90
159 100
0 1 2 3 4 5 6 7 8 9 10 11 12 13 14 15 16 17 18 19 20 21 22 23
