160 812 40
0 29
0 40
0 56
0 64
0 121
0 130
0 136
1 13
1 21
1 65
2 5
2 75
2 110
2 112
2 120
3 7
3 18
3 84
3 108
3 150
3 157
3 158
4 17
4 62
4 139
4 141
5 18
5 21
5 26
5 30
5 31
5 113
5 139
6 25
6 36
6 38
6 44
6 50
6 97
6 123
6 154
7 4
7 137
7 155
8 31
8 93
8 111
8 133
8 136
8 138
9 57
9 127
9 133
10 17
10 20
10 36
10 49
10 50
10 104
10 123
10 132
11 35
11 53
11 119
11 135
12 34
12 35
12 91
12 95
12 138
12 158
13 0
13 29
13 39
13 41
13 135
13 153
14 4
14 5
14 23
14 48
14 82
14 135
15 59
15 70
15 130
16 10
16 34
16 141
17 16
17 22
17 49
17 114
18 4
18 38
18 123
19 43
19 44
19 49
19 65
19 69
20 55
20 84
20 98
20 104
20 127
20 134
20 135
21 3
21 16
21 87
21 92
21 97
21 101
22 23
22 35
22 93
22 150
23 2
23 120
23 129
23 130
23 148
24 16
24 23
24 60
24 90
24 100
24 131
24 138
24 158
25 30
25 35
25 91
25 107
25 110
25 142
25 152
25 158
26 21
26 53
26 78
27 87
27 89
27 129
27 153
28 5
28 30
28 66
28 86
29 27
29 39
29 48
29 55
29 104
29 145
29 157
30 20
30 56
30 83
30 121
30 135
30 138
31 10
31 51
31 113
31 153
32 50
32 64
32 126
33 27
33 36
33 94
33 97
33 100
33 135
33 136
34 68
34 115
34 119
34 122
34 134
34 149
34 153
35 2
35 37
35 65
35 79
35 117
35 121
35 125
35 131
35 144
35 148
36 9
36 13
36 35
36 51
36 94
36 155
37 0
37 5
37 14
37 91
37 104
37 120
37 132
37 136
38 2
38 9
38 10
38 35
38 101
38 126
38 148
39 32
39 105
39 118
39 142
40 12
40 32
40 34
40 95
41 26
41 27
41 31
41 45
42 12
42 17
42 87
43 23
43 72
43 103
43 106
43 158
44 36
44 37
44 55
44 98
44 108
44 124
44 138
44 139
45 11
45 75
45 83
45 113
45 114
45 143
46 76
46 133
46 136
47 18
47 26
47 59
47 88
49 21
49 34
49 113
50 0
50 51
50 72
50 92
50 104
51 3
51 4
51 35
51 63
51 93
52 11
52 88
52 96
52 104
52 133
52 145
52 149
53 93
53 121
53 123
53 131
54 2
54 46
54 109
54 134
55 13
55 72
55 103
56 40
56 51
56 69
56 103
56 135
56 136
56 150
57 1
57 52
57 153
58 22
58 40
58 59
58 99
59 23
59 30
59 49
59 68
59 90
59 159
60 36
60 41
60 76
60 108
60 119
60 127
60 129
60 140
61 29
61 133
62 3
62 106
63 13
63 50
63 80
63 156
64 2
64 19
64 61
64 96
65 44
65 69
65 110
65 146
66 31
66 54
66 67
66 85
66 112
66 133
67 7
67 30
67 86
67 96
67 129
68 23
68 32
68 52
68 62
68 67
69 41
69 47
69 77
69 98
69 101
69 106
69 117
69 156
70 17
70 48
70 50
70 97
70 98
70 132
71 4
71 80
71 116
71 125
71 133
71 159
72 27
72 37
72 47
72 95
72 102
72 105
72 126
73 103
73 121
73 130
73 156
74 50
74 105
74 118
74 143
74 150
75 16
75 24
75 78
75 136
75 137
75 153
76 31
76 38
76 81
76 89
76 114
76 143
76 147
76 158
77 32
77 130
77 133
78 60
78 64
78 67
78 131
78 153
79 30
79 37
79 111
80 68
80 86
80 113
81 1
81 5
81 29
81 39
81 55
81 63
81 70
81 87
81 131
81 143
82 10
82 94
82 105
82 121
82 149
83 75
83 79
83 105
83 111
83 114
83 129
84 37
84 78
84 93
85 20
85 23
85 65
85 78
85 89
85 115
85 124
86 40
86 51
86 78
86 115
86 136
87 17
87 48
87 78
87 115
87 118
87 125
87 134
87 144
88 2
88 5
88 15
88 33
88 55
88 61
88 77
88 97
88 111
89 1
89 26
89 42
90 4
90 99
90 151
91 70
91 97
91 117
91 153
92 74
92 102
92 124
92 151
93 47
93 48
93 57
93 71
93 132
93 150
94 81
94 104
95 17
95 23
95 29
95 43
95 124
95 131
95 139
96 0
96 39
96 45
96 58
96 72
96 75
96 98
96 139
97 32
97 96
97 130
97 141
98 37
98 54
98 59
98 63
98 78
98 156
99 6
99 39
99 68
99 91
99 93
99 95
99 130
100 16
100 61
100 98
100 144
100 155
101 66
101 94
101 97
101 108
101 116
101 117
101 144
101 149
102 7
102 15
102 75
102 78
102 79
102 88
102 124
102 155
103 19
103 31
103 37
103 74
103 123
103 139
104 9
104 15
104 145
105 31
105 63
105 93
106 0
106 13
106 35
106 52
106 75
106 131
107 3
107 16
107 28
107 41
107 52
107 99
108 11
108 45
108 135
109 51
109 63
109 93
109 112
109 130
109 134
110 46
110 93
110 98
110 128
110 152
111 55
111 72
111 131
112 57
112 111
112 139
112 150
113 4
113 10
113 30
113 34
113 51
113 60
113 73
114 15
114 40
114 87
114 98
114 109
114 132
114 139
114 156
115 62
115 130
116 10
116 56
116 100
116 154
117 12
117 15
117 27
117 42
117 96
117 99
117 148
118 10
118 79
118 90
118 100
119 12
119 139
120 3
120 49
120 68
120 81
120 82
120 140
120 151
120 158
121 7
121 85
121 152
122 18
122 25
122 46
122 104
123 149
124 27
124 73
124 80
125 13
125 69
125 148
125 150
125 152
126 13
126 14
126 19
126 27
126 60
126 82
126 94
126 117
126 124
126 144
127 73
127 98
127 130
127 140
128 32
128 48
128 67
128 107
128 132
128 148
128 151
129 66
129 74
130 43
130 87
130 89
130 103
130 105
130 123
130 126
130 146
130 157
131 14
131 76
131 103
131 144
132 15
132 20
132 58
132 78
132 80
132 102
132 109
133 20
133 41
133 96
133 98
133 101
133 128
133 151
134 80
134 136
135 1
135 24
135 31
135 54
135 140
136 23
136 28
136 40
136 45
136 54
136 110
136 112
137 116
137 145
137 157
138 61
138 65
138 118
138 126
138 140
139 37
140 8
140 42
140 128
141 8
141 41
141 43
141 48
141 60
141 104
141 106
141 127
141 142
142 12
142 23
142 90
142 135
143 49
143 64
143 70
143 116
144 57
144 84
144 95
144 110
144 156
145 7
145 36
145 62
145 69
145 128
146 31
146 94
147 0
147 7
147 83
147 97
147 107
147 126
148 64
148 90
148 91
148 107
149 58
149 87
149 120
150 15
150 39
150 59
150 71
150 85
150 134
150 155
151 14
151 15
151 22
151 45
151 102
151 119
151 142
152 0
152 18
152 22
152 118
153 21
153 73
153 74
153 81
153 90
153 111
153 130
153 139
154 1
154 47
154 159
155 45
155 159
156 130
156 141
156 150
156 153
157 7
157 58
157 61
157 100
157 132
158 30
158 86
158 89
158 96
159 21
159 22
159 79
159 80
159 89
159 101
159 110
159 133
0 1 2 3 4 5 6 7 8 9 10 11 12 13 14 15 16 17 18 19 20 21 22 23 24 25 26 27 28 29 30 31 32 33 34 35 36 37 38 39
