160 812 12
0 13
0 36
0 46
0 58
0 88
0 98
0 109
0 127
1 6
1 154
2 80
2 115
3 31
3 38
3 39
3 44
3 53
3 112
3 138
3 144
3 151
3 152
4 83
4 137
5 39
5 76
5 102
5 108
5 116
5 130
5 145
6 5
6 41
6 44
6 91
6 94
6 101
6 119
6 125
6 145
6 149
6 152
7 35
7 77
7 144
8 21
8 22
8 24
8 49
8 51
8 152
9 29
9 45
9 77
9 83
9 122
10 0
10 16
10 38
10 41
11 54
11 72
11 83
12 36
12 80
12 86
12 109
12 110
12 141
12 143
13 84
13 108
13 123
14 1
14 31
14 36
14 112
14 123
14 134
15 24
15 106
15 120
16 2
16 49
16 87
17 42
18 5
18 75
19 44
19 52
19 98
20 17
20 27
20 35
20 114
20 142
20 143
21 13
21 14
21 43
21 108
21 122
22 30
22 33
22 60
22 61
22 76
22 117
22 118
22 128
22 144
23 49
23 54
23 99
23 105
23 120
23 134
24 6
24 115
24 118
24 123
25 46
25 65
25 73
25 74
25 91
25 117
25 118
25 123
25 141
25 148
25 154
26 18
26 40
26 66
26 98
26 109
26 140
27 48
27 130
27 137
28 4
28 54
28 105
28 111
28 146
28 152
29 22
29 35
29 42
29 72
29 101
29 104
29 106
29 112
30 25
30 35
30 80
30 97
30 101
31 0
31 6
31 24
31 42
31 82
31 107
31 127
31 154
32 5
32 79
32 105
32 148
32 150
32 153
32 158
33 29
33 47
33 73
33 96
33 111
33 132
33 143
33 144
33 150
34 51
34 75
34 117
34 151
35 56
35 59
35 69
35 92
35 108
35 159
36 34
36 84
36 94
36 155
37 81
37 86
37 102
37 106
37 159
38 2
38 14
38 31
38 32
38 52
38 62
38 131
38 151
39 62
39 105
39 113
40 10
40 16
40 65
41 18
41 159
42 28
42 54
42 57
42 118
42 142
42 153
43 74
43 78
43 105
43 120
43 154
44 0
44 13
44 84
44 120
44 127
44 143
45 20
45 25
45 97
45 128
45 138
45 152
46 22
46 37
46 42
46 89
47 40
47 90
47 125
48 56
48 78
48 83
48 93
48 111
49 17
49 31
49 48
49 88
49 145
50 59
50 102
50 140
51 26
51 82
51 86
51 102
51 103
51 113
52 14
52 28
52 40
52 45
52 59
52 67
52 141
53 32
53 77
53 114
53 121
53 142
53 144
54 9
54 18
54 74
54 133
54 136
55 34
55 126
56 4
56 27
56 130
56 136
57 31
57 56
57 81
57 86
58 46
58 69
58 93
59 69
59 70
59 111
60 3
60 12
60 23
60 68
60 138
61 7
61 57
61 106
62 24
62 93
62 121
63 14
63 33
63 109
64 38
64 40
64 48
64 62
64 68
64 91
64 92
64 107
64 134
64 155
65 31
65 34
65 37
65 85
65 96
65 133
66 47
66 74
66 136
66 139
66 151
66 152
67 31
67 98
67 148
67 155
68 25
68 33
68 39
68 52
68 84
68 90
68 111
68 134
68 136
69 7
69 30
69 139
69 159
70 2
70 45
70 86
70 117
71 36
71 107
71 133
72 85
72 128
73 10
73 18
73 99
73 121
73 128
73 134
73 136
73 156
74 8
74 42
74 65
74 148
75 0
75 65
75 84
75 133
75 134
75 150
75 155
76 111
76 134
76 142
76 156
77 2
77 17
77 20
77 21
77 27
77 55
77 84
78 146
79 8
79 24
79 39
79 70
79 72
79 85
79 139
80 0
80 46
80 96
80 109
80 153
81 19
81 45
81 63
81 103
81 111
81 149
82 49
82 134
82 140
83 39
83 79
83 101
83 104
83 112
83 149
84 9
84 39
84 58
84 85
84 111
84 128
84 149
85 14
85 27
85 42
85 44
85 48
85 53
85 83
85 114
85 121
85 123
85 147
86 5
86 50
86 72
86 98
86 105
86 118
86 134
86 148
87 23
87 67
87 106
87 133
88 27
88 29
88 36
88 64
88 68
88 74
89 4
89 29
89 44
89 47
89 76
89 77
89 78
89 125
90 2
90 77
90 99
90 114
90 143
90 158
91 50
91 100
91 122
92 2
92 3
92 29
92 31
92 112
92 114
93 102
94 33
94 41
94 141
94 156
94 157
95 81
95 141
96 61
96 62
96 135
96 157
97 24
97 108
98 2
98 32
98 45
98 46
98 54
98 79
98 128
99 125
99 140
100 4
100 14
100 25
100 47
100 102
100 133
100 138
100 139
101 2
101 46
101 61
101 68
101 90
101 95
101 137
101 151
102 16
102 31
102 81
102 129
102 159
103 3
103 92
103 98
103 110
103 138
104 47
104 54
104 67
104 115
104 142
105 8
105 24
105 88
106 7
106 72
106 98
106 99
107 13
107 15
107 24
107 37
107 84
107 102
107 105
107 115
107 127
108 2
109 15
109 16
109 31
109 48
109 110
110 16
110 18
110 23
110 39
110 46
110 86
110 92
110 111
110 133
111 0
111 22
111 87
111 93
111 101
112 39
112 89
112 125
113 64
113 104
114 19
114 24
114 56
114 80
114 154
115 10
115 36
115 89
116 22
116 123
116 150
117 5
117 10
117 38
117 45
117 73
117 84
117 97
117 103
117 118
117 135
117 143
117 152
118 77
118 87
118 100
119 36
119 51
119 85
119 90
120 20
120 52
120 60
120 73
120 80
120 92
120 115
121 46
121 54
121 80
121 144
121 155
122 0
122 31
122 65
122 159
123 12
123 87
124 2
124 95
124 99
124 103
124 106
124 119
125 22
125 26
125 61
125 127
126 140
126 157
127 22
127 32
127 74
127 80
127 104
127 126
127 151
128 27
128 61
128 70
128 79
129 11
129 38
129 91
129 111
129 133
129 137
129 138
129 142
130 12
130 29
130 59
130 74
130 85
130 99
130 102
131 61
131 99
131 145
132 60
132 69
132 123
132 156
133 26
133 36
133 59
133 73
133 102
133 153
134 29
134 65
134 67
134 81
134 142
135 3
135 37
135 46
135 97
135 129
135 157
136 11
136 18
136 60
136 137
137 48
137 53
137 85
137 134
137 144
138 8
138 29
138 34
138 73
138 93
138 144
138 147
139 36
139 44
139 82
139 111
139 130
139 143
140 59
140 77
141 3
141 9
141 14
141 23
141 97
141 138
141 146
141 157
142 97
142 150
142 152
143 47
143 86
143 128
143 142
144 16
144 21
144 106
144 107
144 113
144 131
144 153
145 40
145 72
145 91
145 93
145 115
145 120
145 157
146 65
146 134
147 5
147 19
147 42
147 55
147 89
147 95
147 122
148 6
148 18
148 39
148 59
148 135
148 141
148 153
149 63
149 76
149 95
149 96
149 109
149 150
150 23
150 27
150 58
150 79
150 103
151 56
151 57
151 64
151 77
152 40
152 65
152 79
152 121
152 122
152 147
153 35
153 52
153 62
153 131
153 135
154 8
154 19
154 30
154 48
154 86
154 96
154 138
154 159
155 6
155 21
155 149
156 46
156 51
156 104
156 151
156 157
157 6
157 31
157 39
157 66
157 73
157 84
157 113
157 137
158 6
158 52
158 145
159 28
159 48
159 140
159 144
0 1 2 3 4 5 6 7 8 9 10 11
