160 2544 40
0 4
0 28
0 36
0 39
0 48
0 49
0 51
0 66
0 70
0 81
0 97
0 129
0 145
0 149
0 151
0 155
1 15
1 40
1 44
1 62
1 65
1 70
1 95
1 114
1 132
1 154
2 0
2 10
2 18
2 25
2 30
2 33
2 47
2 57
2 58
2 65
2 66
2 70
2 75
2 79
2 96
2 99
2 121
2 136
2 143
2 150
2 154
2 157
3 4
3 6
3 35
3 44
3 51
3 63
3 79
3 87
3 99
3 104
3 127
3 150
3 156
4 6
4 20
4 27
4 30
4 35
4 38
4 59
4 63
4 79
4 87
4 98
4 107
4 109
4 131
4 135
4 141
4 153
4 154
5 10
5 14
5 26
5 54
5 111
5 135
5 139
5 146
6 25
6 26
6 41
6 46
6 47
6 53
6 68
6 69
6 84
6 96
6 100
6 102
6 110
6 133
6 136
6 157
7 4
7 8
7 9
7 11
7 29
7 30
7 40
7 41
7 105
7 116
7 129
7 142
7 156
8 4
8 22
8 25
8 26
8 28
8 32
8 33
8 41
8 42
8 47
8 50
8 57
8 64
8 65
8 73
8 74
8 95
8 98
8 112
8 117
8 119
8 122
8 125
8 130
8 131
8 133
8 154
9 20
9 28
9 29
9 54
9 59
9 62
9 71
9 92
9 110
9 121
9 145
9 146
9 154
9 158
10 11
10 22
10 27
10 34
10 36
10 43
10 48
10 51
10 55
10 59
10 73
10 75
10 86
10 106
10 110
10 113
10 114
10 118
10 124
10 125
10 126
10 139
10 149
10 155
11 3
11 5
11 35
11 50
11 54
11 56
11 66
11 79
11 80
11 84
11 116
11 123
11 125
11 150
12 22
12 57
12 86
12 91
12 101
12 111
12 123
12 141
12 145
12 151
12 155
13 8
13 17
13 27
13 29
13 42
13 48
13 62
13 82
13 100
13 101
13 102
13 118
14 12
14 37
14 62
14 76
14 81
14 91
14 98
14 101
14 116
14 117
14 118
14 131
14 132
14 134
14 136
14 138
14 139
14 140
14 154
14 156
15 11
15 22
15 28
15 43
15 44
15 57
15 62
15 64
15 81
15 84
15 101
15 124
15 126
15 131
15 140
15 151
15 154
16 18
16 21
16 27
16 58
16 121
16 138
17 6
17 15
17 21
17 30
17 46
17 58
17 65
17 76
17 81
17 83
17 92
17 100
17 103
17 115
17 125
17 133
17 136
17 145
17 149
18 11
18 12
18 26
18 49
18 56
18 59
18 72
18 85
18 88
18 99
18 106
18 111
18 117
18 119
18 131
18 135
18 151
19 0
19 3
19 31
19 42
19 77
19 81
19 107
19 108
19 118
19 132
19 135
19 140
19 141
19 142
19 144
19 154
19 159
20 23
20 35
20 36
20 58
20 72
20 85
20 111
20 114
20 147
21 52
21 54
21 60
21 68
21 74
21 86
21 90
21 93
21 95
21 109
21 134
21 144
21 157
22 1
22 14
22 47
22 52
22 56
22 65
22 78
22 81
22 95
22 96
22 106
22 115
22 134
22 154
23 15
23 24
23 41
23 46
23 49
23 50
23 54
23 91
23 94
23 98
23 107
23 115
23 118
23 129
23 138
23 150
24 3
24 4
24 7
24 31
24 70
24 82
24 94
24 103
24 111
24 113
24 114
24 116
24 129
24 151
25 15
25 17
25 28
25 32
25 39
25 48
25 65
25 87
25 99
25 101
25 106
25 107
25 113
25 127
25 134
25 135
25 142
25 149
25 151
25 155
26 1
26 2
26 7
26 12
26 28
26 35
26 46
26 57
26 70
26 73
26 78
26 87
26 90
26 93
26 95
26 121
26 130
26 132
26 138
26 148
26 150
26 153
27 6
27 8
27 18
27 38
27 44
27 50
27 57
27 63
27 66
27 71
27 79
27 97
27 121
27 129
27 144
27 149
28 11
28 19
28 35
28 36
28 47
28 51
28 60
28 68
28 81
28 98
28 138
28 142
29 31
29 35
29 36
29 49
29 53
29 54
29 60
29 67
29 89
29 120
29 131
29 140
29 148
29 149
29 150
29 159
30 3
30 37
30 38
30 60
30 83
30 85
30 96
30 106
30 107
30 113
30 116
30 119
30 127
30 128
30 131
30 132
30 141
30 158
31 0
31 1
31 26
31 61
31 68
31 71
31 80
31 82
31 95
31 107
31 109
31 116
31 119
31 125
31 158
32 5
32 11
32 13
32 14
32 33
32 64
32 66
32 72
32 77
32 83
32 90
32 99
32 118
32 133
32 136
32 138
32 146
32 147
32 148
32 155
33 7
33 20
33 23
33 25
33 27
33 30
33 39
33 46
33 56
33 62
33 91
33 92
33 95
33 116
33 125
33 137
34 2
34 60
34 67
34 69
34 71
34 75
34 81
34 105
34 129
34 151
35 24
35 25
35 47
35 49
35 72
35 98
35 116
35 159
36 5
36 12
36 37
36 40
36 41
36 48
36 52
36 53
36 67
36 107
36 110
36 112
36 119
36 120
36 148
37 6
37 20
37 29
37 32
37 33
37 42
37 48
37 54
37 55
37 79
37 101
37 115
37 138
37 145
38 3
38 10
38 19
38 24
38 36
38 69
38 77
38 88
38 89
38 119
38 127
38 159
39 2
39 9
39 10
39 14
39 15
39 22
39 26
39 45
39 47
39 53
39 63
39 73
39 79
39 82
39 93
39 103
39 107
39 108
39 132
39 138
39 145
39 150
39 151
39 156
40 0
40 20
40 62
40 67
40 70
40 72
40 77
40 99
40 106
40 118
40 130
40 131
40 133
40 139
40 150
40 152
41 4
41 9
41 13
41 17
41 88
41 92
41 95
41 100
41 102
41 113
41 143
41 146
42 20
42 23
42 36
42 38
42 39
42 40
42 44
42 67
42 77
42 82
42 107
42 113
42 133
42 135
42 145
43 1
43 2
43 6
43 9
43 17
43 19
43 20
43 26
43 35
43 70
43 97
43 98
43 102
43 122
43 129
43 139
43 144
44 10
44 16
44 18
44 48
44 62
44 78
44 83
44 92
44 100
44 105
44 117
44 120
44 134
44 135
44 155
44 158
45 7
45 11
45 12
45 27
45 48
45 58
45 60
45 71
45 73
45 87
45 101
45 107
45 109
45 111
45 116
45 117
45 118
45 122
45 137
45 147
45 158
46 12
46 16
46 20
46 25
46 31
46 37
46 38
46 39
46 44
46 52
46 64
46 68
46 96
46 101
46 109
46 117
46 131
47 0
47 5
47 7
47 17
47 25
47 31
47 41
47 42
47 61
47 65
47 85
47 96
47 97
47 121
47 156
48 1
48 11
48 47
48 55
48 92
48 98
48 99
48 107
48 109
48 112
48 118
48 119
48 121
48 132
48 135
48 144
48 152
49 5
49 7
49 12
49 19
49 38
49 61
49 72
49 87
49 117
49 136
50 14
50 16
50 41
50 45
50 65
50 72
50 102
50 111
50 134
50 139
50 147
50 157
51 7
51 8
51 15
51 20
51 22
51 24
51 26
51 38
51 58
51 60
51 81
51 88
51 96
51 97
51 118
51 120
51 128
51 135
51 147
52 27
52 33
52 39
52 50
52 60
52 68
52 73
52 120
52 127
52 133
52 139
52 145
52 148
53 5
53 33
53 54
53 64
53 68
53 73
53 75
53 76
53 77
53 84
53 87
53 96
53 97
53 98
53 99
53 102
53 104
53 105
53 107
53 109
53 122
53 126
53 132
53 137
53 146
53 148
53 149
53 151
53 152
54 0
54 3
54 46
54 77
54 82
54 83
54 84
54 90
54 93
54 100
55 25
55 43
55 56
55 62
55 83
55 94
55 103
55 106
55 108
55 113
55 117
55 128
55 157
56 4
56 6
56 16
56 41
56 48
56 61
56 89
56 98
56 135
56 143
56 145
56 155
56 157
57 5
57 9
57 22
57 28
57 31
57 33
57 42
57 52
57 68
57 76
57 97
57 99
57 105
57 144
57 151
58 12
58 24
58 47
58 57
58 66
58 73
58 81
58 89
58 116
58 155
59 12
59 13
59 21
59 24
59 27
59 30
59 31
59 46
59 52
59 53
59 58
59 64
59 91
59 143
59 145
60 0
60 7
60 23
60 36
60 53
60 69
60 81
60 85
60 109
60 114
60 115
60 128
60 134
60 138
60 141
60 148
60 150
60 156
61 12
61 17
61 18
61 22
61 41
61 64
61 107
61 115
61 129
61 143
61 145
61 154
62 32
62 41
62 51
62 63
62 86
62 95
62 97
62 101
62 103
62 106
62 117
62 132
62 138
63 7
63 23
63 30
63 53
63 61
63 84
63 87
63 92
63 103
63 113
63 115
63 116
63 139
63 140
63 141
63 150
63 158
64 4
64 7
64 27
64 34
64 39
64 49
64 57
64 82
64 83
64 113
64 116
64 117
64 136
64 138
64 158
65 4
65 14
65 15
65 38
65 51
65 53
65 70
65 82
65 91
65 96
65 97
65 120
65 155
66 13
66 26
66 39
66 48
66 53
66 60
66 68
66 79
66 80
66 85
66 88
66 90
66 112
66 117
66 123
66 127
66 130
66 137
66 144
66 152
67 24
67 30
67 41
67 43
67 50
67 54
67 65
67 95
67 101
67 113
67 116
67 121
67 151
68 5
68 11
68 13
68 25
68 30
68 40
68 41
68 43
68 44
68 55
68 61
68 72
68 78
68 84
68 85
68 103
68 116
68 120
68 124
68 125
68 141
68 145
68 157
69 14
69 16
69 35
69 42
69 49
69 50
69 55
69 65
69 71
69 93
69 104
69 114
69 122
69 135
69 147
69 153
69 154
69 155
70 5
70 25
70 57
70 81
70 83
70 88
70 92
70 94
70 105
70 112
70 128
71 0
71 8
71 15
71 20
71 25
71 56
71 57
71 61
71 64
71 67
71 118
71 128
71 141
71 146
71 156
72 8
72 11
72 13
72 21
72 24
72 37
72 59
72 73
72 76
72 127
72 128
72 132
72 137
72 138
73 28
73 38
73 81
73 99
73 107
73 135
73 140
74 31
74 33
74 34
74 37
74 42
74 60
74 63
74 67
74 82
74 86
74 91
74 98
74 112
74 113
74 129
74 136
74 138
74 148
75 9
75 24
75 30
75 39
75 43
75 47
75 58
75 78
75 79
75 86
75 92
75 96
75 107
75 117
75 136
75 142
75 158
76 8
76 15
76 21
76 39
76 50
76 60
76 66
76 80
76 83
76 84
76 92
76 94
76 95
76 100
76 105
76 109
76 114
76 118
76 123
76 126
76 127
76 141
77 1
77 6
77 23
77 29
77 46
77 67
77 73
77 76
77 90
77 96
77 107
77 112
77 116
77 118
77 126
77 132
77 133
77 138
77 139
77 153
77 155
78 20
78 23
78 30
78 46
78 47
78 59
78 67
78 76
78 82
78 90
78 117
78 118
78 129
78 141
78 144
78 148
79 14
79 30
79 32
79 48
79 49
79 57
79 62
79 72
79 73
79 131
79 143
79 147
80 6
80 18
80 33
80 40
80 51
80 54
80 70
80 87
80 97
80 105
80 114
80 118
80 122
80 125
80 126
80 129
80 141
80 143
80 146
80 149
80 151
80 152
80 153
80 155
81 4
81 6
81 10
81 45
81 55
81 89
81 96
81 102
81 110
81 111
81 118
81 123
81 135
81 143
81 155
82 0
82 8
82 9
82 17
82 20
82 35
82 36
82 57
82 73
82 76
82 77
82 87
82 128
82 158
83 8
83 22
83 24
83 26
83 28
83 34
83 36
83 40
83 45
83 59
83 61
83 62
83 86
83 88
83 89
83 99
83 110
83 144
83 151
83 158
84 0
84 3
84 13
84 25
84 31
84 39
84 42
84 51
84 62
84 79
84 80
84 88
84 114
84 116
84 121
84 128
85 24
85 28
85 32
85 42
85 58
85 72
85 79
85 88
85 104
85 115
85 135
85 136
85 154
85 157
86 7
86 45
86 57
86 63
86 66
86 77
86 99
86 105
86 112
86 129
86 131
86 145
86 153
87 5
87 8
87 10
87 12
87 40
87 46
87 47
87 89
87 91
87 92
87 107
87 122
87 133
87 140
87 142
87 144
87 145
88 2
88 17
88 45
88 49
88 134
88 135
88 137
88 138
89 20
89 26
89 28
89 39
89 43
89 49
89 51
89 52
89 55
89 103
89 105
89 108
89 113
89 115
89 123
89 124
89 132
89 138
89 139
89 146
89 147
89 158
90 1
90 29
90 36
90 49
90 73
90 74
90 85
90 102
90 104
90 105
90 108
90 126
90 129
90 132
90 135
90 138
90 142
90 145
91 27
91 37
91 38
91 42
91 45
91 80
91 81
91 88
91 96
91 98
91 130
91 136
91 148
91 159
92 30
92 35
92 39
92 58
92 61
92 62
92 69
92 71
92 104
92 105
92 113
92 125
92 136
92 137
92 141
92 142
92 146
92 159
93 0
93 3
93 8
93 14
93 44
93 60
93 75
93 84
93 89
93 91
93 105
93 107
93 128
93 138
93 140
93 146
93 158
94 17
94 31
94 39
94 46
94 52
94 61
94 65
94 68
94 84
94 88
94 102
94 104
94 119
94 121
94 130
94 142
95 0
95 5
95 9
95 13
95 23
95 48
95 52
95 61
95 69
95 86
95 89
95 92
95 115
95 117
95 129
95 139
95 153
95 154
95 158
96 5
96 15
96 17
96 33
96 44
96 67
96 68
96 72
96 110
96 112
96 148
97 1
97 6
97 9
97 16
97 35
97 36
97 38
97 44
97 46
97 48
97 60
97 69
97 73
97 96
97 110
97 117
97 128
97 130
97 131
97 135
97 141
97 143
97 159
98 0
98 7
98 22
98 38
98 46
98 47
98 59
98 60
98 61
98 64
98 73
98 78
98 100
98 111
98 123
98 133
98 140
98 155
99 9
99 14
99 37
99 39
99 43
99 55
99 58
99 116
99 125
99 127
99 135
99 155
100 1
100 2
100 4
100 23
100 25
100 50
100 52
100 56
100 66
100 67
100 72
100 80
100 102
100 109
100 116
100 119
100 122
100 130
100 135
100 148
100 154
100 155
101 8
101 32
101 41
101 44
101 53
101 57
101 80
101 83
101 107
101 111
101 119
101 127
101 145
102 0
102 14
102 15
102 25
102 38
102 44
102 46
102 54
102 66
102 67
102 71
102 95
102 104
102 111
102 113
102 119
102 133
103 11
103 14
103 23
103 29
103 32
103 48
103 71
103 75
103 79
103 82
103 92
103 93
103 94
103 112
103 119
103 123
103 158
104 0
104 8
104 11
104 16
104 17
104 18
104 24
104 44
104 62
104 72
104 80
104 95
104 100
104 105
104 119
104 137
104 140
104 141
104 158
105 9
105 10
105 19
105 54
105 60
105 72
105 73
105 75
105 82
105 103
105 119
105 131
105 147
105 156
106 0
106 15
106 23
106 31
106 45
106 46
106 59
106 72
106 88
106 98
106 102
106 116
106 153
107 11
107 12
107 14
107 26
107 33
107 49
107 52
107 58
107 90
107 92
107 94
107 95
107 98
107 118
107 121
107 125
107 135
107 157
108 2
108 14
108 27
108 48
108 81
108 82
108 97
108 109
108 121
108 133
108 137
108 145
108 156
109 20
109 27
109 28
109 35
109 40
109 41
109 73
109 84
109 103
109 112
109 123
109 124
109 136
109 153
110 8
110 12
110 13
110 25
110 29
110 39
110 53
110 54
110 64
110 70
110 78
110 91
110 102
110 119
110 123
110 129
110 146
110 148
111 34
111 36
111 40
111 44
111 56
111 58
111 82
111 83
111 92
111 96
111 104
111 130
111 133
111 144
111 157
111 159
112 4
112 6
112 10
112 19
112 25
112 33
112 38
112 61
112 98
112 104
112 116
112 118
112 131
112 141
112 142
112 155
113 13
113 18
113 22
113 35
113 40
113 43
113 58
113 72
113 87
113 98
113 114
113 119
113 127
113 128
113 129
113 130
113 138
113 140
113 144
113 150
114 3
114 4
114 33
114 37
114 55
114 64
114 68
114 71
114 73
114 74
114 75
114 99
114 104
114 119
114 130
114 131
114 138
114 143
115 9
115 24
115 33
115 43
115 52
115 62
115 64
115 67
115 70
115 74
115 82
115 99
115 111
115 113
115 116
115 117
115 140
115 142
115 150
116 17
116 47
116 52
116 54
116 70
116 78
116 81
116 133
116 157
116 158
117 1
117 4
117 26
117 28
117 41
117 57
117 63
117 76
117 83
117 89
117 104
117 107
117 114
117 120
117 125
117 138
117 142
117 147
117 155
118 22
118 25
118 30
118 31
118 37
118 49
118 50
118 54
118 58
118 59
118 63
118 97
118 131
118 138
119 2
119 5
119 9
119 15
119 34
119 37
119 41
119 42
119 44
119 45
119 93
119 108
119 111
119 130
119 142
119 144
119 155
120 13
120 19
120 42
120 57
120 77
120 89
120 106
120 143
120 146
120 147
121 6
121 20
121 36
121 44
121 52
121 63
121 66
121 69
121 85
121 90
121 99
121 100
121 116
121 127
121 131
121 151
122 0
122 13
122 14
122 18
122 30
122 31
122 41
122 61
122 65
122 89
122 96
122 99
122 101
122 115
122 156
122 158
122 159
123 13
123 17
123 21
123 35
123 46
123 83
123 94
123 95
123 99
123 104
123 134
123 144
123 152
124 2
124 4
124 12
124 16
124 17
124 19
124 23
124 47
124 54
124 69
124 82
124 99
124 102
124 114
124 125
124 131
124 134
124 136
124 146
124 154
125 14
125 22
125 47
125 67
125 69
125 71
125 91
125 98
125 105
125 127
125 146
125 152
125 154
126 2
126 25
126 29
126 31
126 33
126 37
126 59
126 81
126 108
126 109
126 113
126 140
126 151
126 154
127 1
127 4
127 26
127 29
127 36
127 56
127 77
127 86
127 89
127 90
127 94
127 104
127 106
127 115
127 131
128 8
128 15
128 19
128 23
128 32
128 33
128 40
128 42
128 43
128 67
128 68
128 77
128 116
128 133
128 136
128 141
128 148
128 150
129 1
129 8
129 15
129 16
129 25
129 28
129 32
129 42
129 57
129 85
129 88
129 108
129 117
129 121
129 127
129 153
129 154
130 11
130 22
130 27
130 28
130 37
130 48
130 68
130 82
130 85
130 122
130 136
130 137
130 144
131 0
131 5
131 19
131 25
131 33
131 37
131 55
131 64
131 74
131 76
131 85
131 98
131 100
131 126
131 130
131 139
131 143
132 20
132 24
132 32
132 38
132 52
132 63
132 65
132 67
132 68
132 78
132 80
132 103
132 106
132 113
132 126
132 133
132 139
132 148
132 155
133 28
133 38
133 55
133 60
133 62
133 65
133 81
133 92
133 93
133 109
133 129
133 154
134 5
134 30
134 31
134 55
134 65
134 71
134 72
134 79
134 95
134 120
134 144
134 156
135 23
135 26
135 34
135 35
135 36
135 57
135 58
135 74
135 79
135 80
135 91
135 110
135 111
135 115
135 148
135 149
135 150
135 151
135 159
136 7
136 11
136 23
136 28
136 30
136 35
136 40
136 63
136 67
136 73
136 79
136 84
136 93
136 98
136 112
136 119
136 131
136 135
136 144
136 148
136 149
136 151
136 156
136 159
137 2
137 3
137 9
137 27
137 28
137 50
137 52
137 62
137 68
137 76
137 106
137 109
137 114
137 122
137 135
137 148
138 6
138 10
138 13
138 22
138 40
138 45
138 56
138 61
138 65
138 70
138 86
138 95
138 111
138 120
138 139
138 155
138 156
138 158
139 3
139 9
139 26
139 36
139 42
139 46
139 51
139 64
139 70
139 84
139 88
139 99
139 103
139 106
139 114
139 117
139 122
139 123
139 135
139 150
139 157
140 7
140 20
140 51
140 96
140 109
140 121
140 122
140 141
140 142
140 143
140 145
140 152
141 11
141 18
141 21
141 45
141 51
141 74
141 77
141 87
141 88
141 95
141 117
141 125
141 126
141 130
142 6
142 10
142 11
142 16
142 22
142 26
142 48
142 55
142 56
142 57
142 70
142 97
142 100
142 105
142 126
142 149
143 5
143 28
143 47
143 54
143 57
143 72
143 104
143 115
143 117
143 122
143 145
144 20
144 29
144 38
144 47
144 60
144 77
144 88
144 93
144 97
144 102
144 126
144 137
144 146
145 8
145 13
145 22
145 35
145 47
145 58
145 64
145 80
145 82
145 83
145 88
145 102
145 113
145 114
145 116
145 127
145 129
145 130
145 149
145 150
146 35
146 59
146 105
146 109
146 115
146 116
146 121
146 128
146 134
146 147
146 150
147 3
147 4
147 15
147 26
147 36
147 41
147 53
147 56
147 67
147 73
147 80
147 82
147 90
147 92
147 94
147 108
147 129
147 130
147 144
147 158
148 5
148 9
148 16
148 23
148 33
148 40
148 45
148 50
148 64
148 70
148 73
148 83
148 101
148 107
148 146
148 156
149 9
149 14
149 23
149 56
149 59
149 78
149 112
149 121
149 125
149 139
149 147
150 8
150 42
150 80
150 83
150 101
150 102
150 112
150 116
150 125
150 127
150 129
150 141
150 151
151 9
151 14
151 19
151 37
151 42
151 49
151 51
151 56
151 63
151 65
151 72
151 81
151 82
151 84
151 86
151 88
151 127
151 139
151 144
151 147
151 148
151 158
152 8
152 16
152 17
152 24
152 29
152 36
152 43
152 55
152 56
152 61
152 63
152 67
152 72
152 75
152 78
152 81
152 83
152 109
152 122
152 135
152 142
152 148
153 10
153 15
153 20
153 29
153 36
153 45
153 68
153 79
153 81
153 89
153 100
153 101
153 118
153 135
153 136
153 143
153 146
153 154
153 155
153 159
154 5
154 24
154 28
154 31
154 51
154 59
154 66
154 80
154 84
154 92
154 104
154 106
154 108
154 114
154 118
154 119
154 120
154 121
154 156
155 9
155 22
155 26
155 31
155 37
155 43
155 53
155 55
155 71
155 72
155 92
155 102
155 107
155 111
155 131
155 151
155 159
156 4
156 18
156 41
156 42
156 51
156 53
156 59
156 65
156 66
156 92
156 95
156 100
156 112
156 140
157 20
157 28
157 32
157 45
157 49
157 54
157 63
157 88
157 98
157 105
157 106
157 121
157 141
157 155
157 158
157 159
158 1
158 4
158 13
158 14
158 25
158 27
158 29
158 33
158 41
158 61
158 62
158 65
158 67
158 70
158 72
158 79
158 88
158 129
158 142
159 9
159 15
159 16
159 17
159 25
159 28
159 37
159 62
159 68
159 86
159 95
159 106
159 108
159 120
159 128
159 132
159 145
159 148
159 149
159 151
0 1 2 3 4 5 6 7 8 9 10 11 12 13 14 15 16 17 18 19 20 21 22 23 24 25 26 27 28 29 30 31 32 33 34 35 36 37 38 39
