160 401 12
0 16
0 25
0 81
0 99
0 115
0 128
0 135
0 136
1 25
1 102
1 107
2 96
3 71
3 152
4 116
5 14
6 14
6 74
6 92
7 44
7 84
7 86
8 73
9 132
10 128
11 22
11 105
11 140
12 19
12 84
13 55
13 88
14 5
14 6
14 58
14 61
14 76
14 89
15 84
15 133
16 0
16 20
16 21
16 78
16 108
16 122
16 144
16 148
17 80
18 93
19 12
19 82
19 90
19 101
19 105
20 16
20 82
21 16
22 53
22 75
22 107
22 116
23 25
24 25
24 37
25 0
25 1
25 24
25 44
25 59
25 88
25 157
26 108
26 128
27 139
28 117
30 36
30 39
30 72
30 81
30 114
30 121
31 81
31 159
32 39
32 76
32 119
33 62
33 71
33 83
33 134
33 153
33 156
33 158
34 44
34 108
35 42
35 99
36 30
36 89
37 7
37 24
37 139
37 144
39 30
39 32
39 64
40 74
41 50
42 35
42 59
43 0
43 22
43 51
43 55
43 65
43 83
43 129
43 132
43 135
44 7
44 25
44 90
45 12
45 139
46 81
46 95
46 120
47 82
47 98
47 146
48 54
48 117
50 136
51 9
52 128
52 141
53 22
53 57
53 144
54 48
54 141
54 152
55 13
55 18
55 43
55 98
56 85
56 116
57 53
57 115
57 118
57 136
58 14
58 67
58 72
58 154
59 25
59 42
59 125
61 14
62 33
62 79
62 109
63 27
63 142
63 158
64 39
64 100
65 43
66 47
66 130
67 58
67 95
67 133
68 136
69 125
70 12
70 105
71 3
71 128
72 30
72 58
73 8
73 42
73 98
73 119
74 6
74 40
74 79
74 84
74 85
74 98
74 131
74 137
75 22
76 32
77 135
78 4
78 16
78 124
78 148
78 150
79 62
79 74
79 80
79 91
80 5
80 17
81 0
81 101
81 104
81 112
81 126
82 20
82 47
83 33
83 43
83 115
84 7
84 12
84 15
84 94
84 97
84 102
85 20
85 34
85 56
85 98
86 7
86 111
87 38
87 157
88 13
88 25
88 89
89 36
89 113
89 116
89 150
90 19
90 44
91 79
91 138
92 6
92 96
92 117
93 18
94 84
95 7
95 46
95 67
96 2
96 92
97 84
97 101
97 121
98 47
98 55
98 73
98 74
99 0
100 55
100 64
100 154
101 19
101 81
101 97
101 143
101 145
102 1
102 84
103 146
104 81
105 122
106 119
106 133
106 158
107 22
108 16
108 26
108 34
109 62
109 129
109 142
110 149
110 154
111 60
111 86
111 124
111 159
112 81
112 143
113 89
114 30
115 0
115 46
115 52
115 83
116 4
116 22
116 56
116 89
117 28
117 48
117 136
117 137
119 32
119 73
119 106
120 46
120 146
121 30
121 42
121 97
122 16
122 105
123 127
124 111
125 69
125 73
126 81
127 146
128 10
128 26
128 47
128 52
128 71
129 102
129 109
131 56
131 74
132 43
132 149
133 15
133 67
133 106
134 33
134 140
135 0
135 2
135 43
135 77
136 0
136 28
136 50
136 57
136 58
136 68
136 117
136 155
137 74
137 117
138 91
139 27
139 37
139 108
139 149
140 11
141 52
141 54
141 146
141 150
142 63
142 109
143 101
143 112
144 16
144 37
144 53
146 103
146 120
146 141
147 109
148 16
148 78
149 38
149 49
149 110
149 132
149 139
150 14
150 78
150 89
150 123
151 154
152 54
154 58
154 100
154 110
154 134
154 151
156 33
156 75
157 25
157 87
158 29
158 63
158 106
159 31
159 111
0 1 2 3 4 5 6 7 8 9 10 11
