160 812 40
0 16
0 35
0 47
0 59
0 83
0 120
0 140
0 157
1 16
1 76
1 114
2 3
2 25
2 35
2 40
2 43
2 77
2 139
2 154
3 30
3 37
3 66
3 137
4 33
4 54
4 79
4 115
4 119
4 157
5 2
5 14
5 34
6 9
6 24
6 27
6 28
6 39
6 44
6 53
6 54
6 141
7 5
7 32
7 139
8 44
8 64
8 68
8 109
8 112
8 119
8 123
9 0
9 54
9 113
9 133
9 142
9 148
10 32
10 37
10 42
10 116
10 150
10 155
11 19
11 87
11 132
11 146
12 42
12 66
12 99
12 105
12 156
13 40
13 76
13 104
13 110
14 10
14 101
14 105
14 120
14 129
14 133
14 144
15 31
15 33
15 88
16 3
16 31
16 52
16 57
16 94
17 21
17 24
17 84
17 144
17 155
18 23
18 54
18 95
18 143
18 144
19 9
19 68
19 70
19 106
19 119
19 121
20 1
20 9
20 33
20 35
20 60
20 66
20 85
20 111
20 116
20 119
21 8
22 16
22 23
22 60
22 62
22 140
22 141
23 8
23 60
23 82
23 98
24 28
24 84
24 88
24 102
24 108
24 116
24 128
24 140
24 159
25 16
25 36
25 95
25 117
26 21
26 32
26 42
26 110
26 127
26 150
26 152
27 17
27 29
27 67
27 78
27 81
28 48
28 53
28 57
28 68
29 16
29 85
29 114
29 118
29 154
30 4
30 21
30 67
30 148
31 26
31 41
31 64
31 79
31 155
32 0
32 30
32 50
32 80
32 92
32 95
32 98
32 105
32 136
32 146
32 156
33 10
33 13
33 21
33 31
33 32
33 35
33 42
33 59
33 85
33 127
33 147
33 148
34 4
34 102
34 118
34 127
34 132
34 158
35 9
35 11
35 14
35 41
35 76
35 121
35 139
36 18
36 103
36 121
37 27
37 41
37 53
37 54
37 88
37 110
37 114
38 48
38 49
38 54
38 92
39 64
39 152
40 4
40 78
40 94
40 96
40 153
41 0
41 54
41 81
41 93
41 99
41 102
41 104
41 113
41 130
42 4
42 23
42 59
42 73
42 94
42 159
43 25
43 111
43 114
43 127
43 145
44 132
45 16
45 21
45 60
45 118
45 147
46 5
46 16
46 93
46 101
46 145
47 124
47 130
48 42
48 58
48 89
48 103
48 153
49 59
49 62
49 69
49 74
49 101
49 120
49 141
50 16
50 17
50 35
50 81
50 121
50 126
51 14
51 40
51 50
51 73
51 82
51 86
51 159
52 127
52 136
53 27
53 45
53 112
53 115
53 132
54 43
54 64
54 118
54 131
55 36
55 61
55 71
55 81
56 15
56 44
56 75
56 147
57 26
57 31
57 80
58 5
58 32
58 78
58 96
58 121
58 159
59 11
59 31
59 44
59 58
60 14
60 68
60 71
60 73
60 96
60 126
61 15
61 21
61 105
61 110
61 154
62 8
62 122
62 127
63 30
63 65
63 101
63 130
63 140
64 45
64 119
64 120
64 132
64 154
65 21
65 103
65 118
65 121
65 152
66 19
66 47
66 110
67 12
67 48
67 80
67 143
68 12
68 38
68 91
68 98
69 37
69 61
69 78
69 112
69 130
70 0
70 37
70 40
70 45
70 138
70 139
70 153
71 25
71 141
72 15
72 69
72 123
73 21
73 99
73 103
73 140
73 145
74 10
74 39
74 41
74 122
74 127
74 130
74 141
74 148
75 48
75 58
75 86
75 95
76 92
77 5
77 30
77 98
78 0
78 20
78 76
78 82
78 110
78 116
79 1
79 6
79 16
79 39
79 49
79 110
79 119
79 139
79 155
80 38
80 54
80 62
80 79
80 85
80 110
81 15
81 20
81 90
81 100
81 110
81 112
81 135
82 2
82 7
82 38
82 136
82 156
83 15
83 75
83 90
83 113
83 127
83 137
83 150
84 91
84 101
84 118
84 121
85 1
85 115
85 134
86 26
86 29
86 40
86 62
87 30
87 44
87 70
87 76
87 79
87 107
88 1
88 7
88 38
88 58
88 87
88 103
88 112
89 3
89 43
89 44
89 56
89 59
89 93
89 100
89 101
89 125
89 150
90 14
90 64
90 65
90 73
90 82
90 140
91 11
91 36
91 42
91 44
91 105
91 125
92 53
92 55
92 62
92 119
92 128
93 13
93 21
93 53
93 60
93 100
93 151
94 28
94 101
94 139
94 158
95 30
95 76
95 83
96 49
96 70
96 79
96 92
97 46
97 56
97 58
97 89
97 107
97 154
98 9
98 26
98 31
98 51
98 96
98 111
98 128
98 159
99 75
99 90
99 100
99 145
100 1
100 2
100 15
100 16
100 23
100 27
100 55
100 98
100 105
100 108
100 135
100 159
101 7
101 31
101 69
101 157
102 146
103 58
103 96
103 112
104 78
104 80
104 105
105 78
105 139
106 31
106 104
106 108
106 155
107 12
107 96
108 4
108 87
108 96
108 103
108 143
108 149
109 42
109 84
109 88
109 157
110 3
110 39
110 50
110 69
110 91
110 98
110 102
110 144
110 155
110 157
111 33
111 122
112 44
112 80
112 122
112 138
112 157
113 19
113 22
113 93
113 110
114 13
114 20
114 36
114 102
114 121
115 15
115 47
115 51
115 120
116 19
116 38
116 79
116 83
116 113
117 28
117 35
117 36
117 119
118 18
118 28
118 79
119 10
119 16
119 25
119 53
119 61
119 69
119 78
119 93
119 104
119 110
119 123
119 145
120 54
121 17
121 46
121 135
121 139
122 18
122 19
122 60
122 94
122 106
122 141
123 22
123 90
123 137
123 138
124 10
124 19
124 32
124 65
124 75
124 85
124 90
124 100
124 130
125 10
125 153
126 16
126 25
126 155
127 1
127 27
127 37
127 91
127 97
127 141
128 8
128 14
128 18
128 53
128 74
128 131
129 39
129 44
129 51
129 56
130 1
130 35
130 60
130 149
130 157
131 44
131 52
131 75
132 2
132 32
132 33
132 40
132 49
132 125
133 33
133 40
133 63
133 86
133 88
133 150
134 27
134 122
135 14
135 109
135 149
136 44
136 55
136 57
136 94
136 107
136 128
136 139
137 24
137 30
137 43
137 57
137 66
137 98
137 141
138 1
138 38
138 49
138 95
138 119
138 149
139 63
139 104
139 153
140 21
140 64
140 75
140 97
140 109
140 130
140 136
140 141
140 144
141 9
141 43
141 129
141 154
142 1
142 14
142 32
142 70
142 151
143 1
143 52
143 83
143 158
144 45
144 54
144 72
144 79
144 114
145 37
145 67
145 104
145 126
145 138
145 147
146 0
146 39
146 71
146 83
146 86
146 110
146 115
147 14
147 25
147 35
147 58
147 146
149 0
149 12
149 25
149 33
149 37
149 41
149 82
150 56
150 72
150 139
150 143
150 151
151 49
151 100
151 124
151 147
152 3
152 35
152 93
152 102
152 110
153 2
153 42
153 72
153 89
153 91
153 95
153 115
153 122
154 50
154 56
154 77
154 103
155 30
155 46
155 55
155 99
155 134
156 39
156 46
156 87
156 100
156 118
156 143
157 15
157 84
157 93
157 134
157 139
157 158
158 42
158 77
158 127
158 141
159 63
159 87
159 113
0 1 2 3 4 5 6 7 8 9 10 11 12 13 14 15 16 17 18 19 20 21 22 23 24 25 26 27 28 29 30 31 32 33 34 35 36 37 38 39
