160 2544 12
0 4
0 17
0 20
0 21
0 40
0 42
0 47
0 59
0 62
0 66
0 83
0 125
0 137
0 145
0 149
0 157
0 159
1 0
1 23
1 40
1 49
1 54
1 66
1 72
1 75
1 101
1 102
1 119
1 128
1 137
1 147
1 148
2 11
2 22
2 23
2 24
2 32
2 45
2 46
2 52
2 62
2 64
2 82
2 96
2 111
2 124
2 128
2 130
2 137
2 143
2 157
3 21
3 37
3 62
3 63
3 70
3 83
3 87
3 101
3 131
3 148
3 149
4 25
4 28
4 40
4 47
4 52
4 76
4 80
4 98
4 111
4 113
4 119
4 123
4 159
5 0
5 1
5 2
5 6
5 8
5 14
5 15
5 23
5 31
5 37
5 56
5 67
5 87
5 94
5 97
5 129
5 133
5 151
5 153
5 156
5 158
6 13
6 14
6 28
6 30
6 38
6 45
6 53
6 64
6 65
6 76
6 77
6 81
6 94
6 106
6 107
6 116
6 123
6 157
7 2
7 10
7 11
7 22
7 29
7 37
7 43
7 52
7 62
7 64
7 67
7 78
7 81
7 90
7 109
7 113
7 115
7 119
7 157
8 10
8 70
8 84
8 105
8 107
8 112
8 116
8 117
8 132
8 133
8 151
9 24
9 26
9 28
9 30
9 48
9 63
9 70
9 75
9 83
9 115
9 123
9 138
9 141
10 17
10 19
10 35
10 37
10 38
10 41
10 42
10 52
10 58
10 74
10 78
10 79
10 82
10 83
10 85
10 95
10 97
10 102
10 106
10 114
10 125
10 127
10 131
10 136
10 155
11 6
11 10
11 18
11 26
11 46
11 51
11 54
11 57
11 63
11 67
11 74
11 88
11 91
11 92
11 102
11 116
12 5
12 21
12 37
12 42
12 45
12 58
12 65
12 76
12 78
12 79
12 86
12 93
12 101
12 112
12 137
12 141
12 147
13 3
13 7
13 9
13 22
13 58
13 59
13 62
13 75
13 130
14 1
14 4
14 19
14 30
14 34
14 38
14 41
14 56
14 78
14 83
14 85
14 106
14 114
14 115
14 132
14 144
14 148
14 151
15 20
15 21
15 33
15 40
15 51
15 52
15 61
15 62
15 71
15 105
15 128
15 134
16 1
16 5
16 12
16 29
16 33
16 40
16 43
16 46
16 50
16 52
16 53
16 65
16 94
16 117
16 121
16 139
16 144
16 158
17 19
17 30
17 31
17 34
17 62
17 64
17 82
17 83
17 86
17 99
17 104
17 105
17 106
17 114
17 126
17 140
17 143
17 150
17 157
18 5
18 6
18 10
18 13
18 19
18 23
18 30
18 51
18 58
18 63
18 66
18 88
18 90
18 99
18 115
18 118
18 124
18 129
18 147
19 0
19 7
19 11
19 15
19 20
19 31
19 51
19 55
19 62
19 67
19 76
19 78
19 84
19 85
19 86
19 95
19 102
19 121
19 133
19 138
19 152
19 157
20 6
20 14
20 35
20 65
20 68
20 77
20 88
20 92
20 98
20 105
20 119
20 125
20 128
20 137
20 149
20 150
21 8
21 11
21 13
21 20
21 48
21 76
21 77
21 88
21 90
21 102
21 105
21 108
21 111
21 123
22 20
22 42
22 47
22 57
22 64
22 68
22 71
22 76
22 88
22 129
22 134
22 138
23 6
23 11
23 28
23 31
23 36
23 44
23 63
23 79
23 83
23 102
23 111
23 134
23 137
23 143
23 144
23 148
23 157
24 10
24 12
24 17
24 22
24 33
24 37
24 48
24 50
24 61
24 77
24 91
24 116
24 122
24 126
24 134
24 138
25 11
25 21
25 35
25 57
25 90
25 98
25 106
25 113
25 115
25 117
25 127
25 135
25 152
25 158
26 0
26 4
26 12
26 25
26 33
26 36
26 42
26 48
26 70
26 76
26 84
26 89
26 106
26 109
26 122
26 133
26 136
26 138
26 157
27 5
27 19
27 20
27 33
27 43
27 65
27 68
27 78
27 86
27 95
27 104
27 112
27 122
27 143
27 152
28 14
28 29
28 30
28 32
28 34
28 39
28 42
28 64
28 77
28 104
28 105
28 124
28 127
28 129
28 145
29 15
29 20
29 30
29 31
29 37
29 38
29 50
29 66
29 85
29 86
29 92
29 93
29 100
29 114
29 127
29 129
29 145
30 1
30 61
30 72
30 75
30 76
30 78
30 83
30 87
30 104
30 119
30 122
30 130
30 135
30 140
30 142
31 0
31 15
31 18
31 26
31 41
31 42
31 43
31 53
31 64
31 71
31 85
31 86
31 98
31 110
31 124
31 152
31 155
32 31
32 55
32 56
32 63
32 65
32 80
32 90
32 101
32 110
32 133
32 134
32 142
32 143
32 147
32 159
33 6
33 9
33 14
33 37
33 53
33 55
33 68
33 85
33 93
33 94
33 103
33 132
33 136
33 145
33 155
34 7
34 9
34 19
34 32
34 35
34 36
34 44
34 53
34 54
34 60
34 89
34 92
34 107
34 108
34 113
34 127
34 137
35 15
35 24
35 27
35 49
35 53
35 66
35 73
35 77
35 79
35 82
35 88
35 115
35 123
35 135
35 136
35 140
36 9
36 11
36 12
36 15
36 16
36 28
36 30
36 61
36 75
36 84
36 87
36 97
36 110
36 127
36 147
37 16
37 30
37 53
37 60
37 115
37 128
37 131
37 132
38 11
38 12
38 17
38 19
38 31
38 33
38 47
38 51
38 68
38 74
38 76
38 80
38 90
38 98
38 110
38 113
38 123
38 133
38 138
38 147
38 155
38 159
39 31
39 38
39 42
39 45
39 46
39 52
39 59
39 61
39 69
39 70
39 71
39 87
39 104
39 119
39 128
39 130
39 132
39 154
39 157
39 159
40 14
40 23
40 30
40 31
40 32
40 85
40 86
40 88
40 103
40 105
40 108
40 133
40 135
40 156
41 20
41 23
41 38
41 72
41 90
41 96
41 109
41 112
41 142
41 153
41 155
42 1
42 20
42 24
42 29
42 37
42 40
42 70
42 80
42 84
42 101
42 106
42 119
42 125
42 128
42 140
42 147
42 152
42 154
42 159
43 13
43 22
43 26
43 36
43 42
43 57
43 72
43 82
43 98
43 106
43 111
43 112
43 115
43 116
43 131
43 154
43 155
44 16
44 22
44 53
44 71
44 80
44 85
44 92
44 98
44 101
44 107
44 109
44 116
44 127
44 147
45 5
45 19
45 22
45 24
45 38
45 63
45 66
45 75
45 86
45 109
45 118
45 130
45 132
45 140
45 152
45 154
46 14
46 19
46 41
46 43
46 64
46 75
46 91
46 107
46 126
46 128
46 146
47 5
47 34
47 37
47 66
47 75
47 79
47 88
47 107
47 120
47 131
47 153
47 156
47 157
48 3
48 5
48 10
48 42
48 46
48 61
48 65
48 67
48 79
48 87
48 106
48 122
48 150
49 10
49 12
49 15
49 16
49 28
49 31
49 40
49 52
49 63
49 68
49 84
49 87
49 95
49 101
49 109
49 118
49 139
49 144
49 148
50 5
50 45
50 49
50 52
50 59
50 61
50 81
50 93
50 113
50 135
50 142
50 149
51 8
51 13
51 16
51 21
51 24
51 25
51 30
51 33
51 43
51 69
51 71
51 75
51 84
51 88
51 95
51 98
51 116
51 137
51 140
51 143
51 145
51 146
51 148
51 153
51 159
52 8
52 23
52 25
52 38
52 59
52 76
52 80
52 92
52 94
52 95
52 100
52 101
52 108
52 111
52 113
52 115
52 120
52 130
52 136
52 137
52 138
52 147
52 149
52 153
52 155
52 159
53 2
53 55
53 57
53 82
53 88
53 107
53 121
53 125
53 131
53 133
53 144
53 155
54 4
54 8
54 12
54 29
54 35
54 39
54 49
54 55
54 79
54 82
54 96
54 106
54 127
54 147
54 149
54 159
55 5
55 10
55 15
55 22
55 40
55 43
55 47
55 51
55 56
55 67
55 97
55 113
55 117
55 124
55 153
55 154
56 0
56 33
56 34
56 65
56 73
56 101
56 103
56 124
57 0
57 6
57 24
57 45
57 51
57 54
57 67
57 69
57 97
57 119
57 128
58 5
58 8
58 9
58 62
58 69
58 73
58 90
58 92
58 97
58 100
58 105
58 106
58 109
58 122
58 132
58 138
58 153
59 4
59 6
59 26
59 36
59 51
59 57
59 93
59 104
59 115
59 120
59 130
59 135
59 142
60 5
60 11
60 23
60 27
60 44
60 48
60 51
60 67
60 83
60 84
60 86
60 89
60 96
60 104
60 110
60 118
60 141
60 152
60 156
61 5
61 7
61 18
61 46
61 49
61 54
61 56
61 60
61 63
61 65
61 68
61 70
61 135
61 143
61 149
61 150
62 5
62 11
62 29
62 33
62 36
62 42
62 43
62 54
62 63
62 71
62 75
62 87
62 106
62 112
62 121
62 122
62 130
62 152
62 153
62 154
62 158
63 5
63 17
63 22
63 29
63 37
63 38
63 44
63 53
63 54
63 55
63 68
63 79
63 144
63 157
64 0
64 5
64 14
64 38
64 44
64 58
64 83
64 85
64 94
64 98
64 99
64 119
64 124
64 131
64 134
64 138
64 145
64 148
64 150
65 13
65 39
65 54
65 60
65 62
65 85
65 92
65 97
65 108
65 120
65 134
65 149
65 152
66 2
66 6
66 12
66 14
66 17
66 23
66 27
66 37
66 40
66 53
66 55
66 65
66 69
66 72
66 88
66 106
66 113
66 115
66 120
66 148
66 154
66 156
67 22
67 31
67 40
67 51
67 53
67 58
67 64
67 73
67 84
67 110
67 116
67 122
67 131
67 134
67 144
67 155
67 157
68 1
68 3
68 23
68 24
68 28
68 48
68 54
68 67
68 78
68 90
68 94
68 98
68 103
68 105
68 115
68 135
69 1
69 5
69 24
69 31
69 34
69 40
69 42
69 43
69 60
69 65
69 99
69 107
69 130
69 133
69 135
69 144
69 148
70 6
70 28
70 29
70 37
70 38
70 43
70 45
70 51
70 68
70 125
70 128
70 130
70 136
70 138
71 3
71 34
71 36
71 41
71 42
71 61
71 65
71 119
71 150
71 159
72 14
72 17
72 25
72 45
72 51
72 53
72 69
72 84
72 106
72 117
72 121
72 127
72 131
72 138
72 143
72 157
73 0
73 1
73 5
73 39
73 53
73 55
73 66
73 69
73 79
73 81
73 86
73 90
73 92
73 100
73 101
73 115
73 125
74 1
74 13
74 14
74 20
74 30
74 33
74 44
74 46
74 49
74 83
74 95
74 96
74 98
74 101
74 112
74 115
74 117
74 119
74 124
74 129
74 130
74 136
74 150
74 154
74 157
75 2
75 11
75 28
75 35
75 38
75 53
75 59
75 72
75 77
75 82
75 115
75 126
75 149
75 157
75 159
76 1
76 16
76 32
76 37
76 43
76 47
76 48
76 58
76 67
76 78
76 95
76 110
76 129
76 135
76 141
76 142
77 9
77 18
77 27
77 38
77 41
77 42
77 91
77 92
77 93
77 98
77 121
77 131
77 138
77 145
77 146
77 151
78 0
78 5
78 11
78 44
78 53
78 58
78 72
78 73
78 95
78 125
78 126
78 139
78 154
79 0
79 9
79 36
79 59
79 65
79 90
79 97
79 98
79 103
79 107
79 117
79 118
79 121
79 130
79 133
79 149
79 154
79 156
80 1
80 2
80 16
80 57
80 65
80 82
80 96
80 98
80 105
80 107
80 122
80 124
80 133
80 138
80 155
81 0
81 21
81 28
81 40
81 53
81 62
81 66
81 70
81 96
81 119
81 121
81 151
82 19
82 31
82 39
82 51
82 55
82 69
82 70
82 78
82 101
82 105
82 113
82 117
82 119
82 123
82 133
82 154
83 15
83 25
83 44
83 65
83 73
83 89
83 93
83 102
83 104
83 106
83 108
83 134
83 138
83 145
84 9
84 10
84 11
84 29
84 47
84 62
84 70
84 100
84 111
84 112
84 129
84 143
84 148
84 156
85 2
85 17
85 26
85 35
85 43
85 48
85 59
85 79
85 82
85 84
85 92
85 102
85 110
85 118
85 125
85 127
85 131
85 136
85 141
85 142
85 143
85 151
85 158
86 2
86 4
86 13
86 21
86 23
86 28
86 32
86 39
86 49
86 58
86 78
86 80
86 82
86 85
86 91
86 124
86 127
86 144
86 146
87 26
87 28
87 29
87 45
87 52
87 61
87 65
87 78
87 79
87 84
87 148
87 151
88 8
88 15
88 23
88 24
88 54
88 65
88 75
88 83
88 87
88 90
88 106
88 114
88 129
88 131
88 142
88 143
88 144
88 151
88 154
89 17
89 33
89 41
89 45
89 48
89 57
89 58
89 69
89 91
89 95
89 97
89 98
89 103
89 119
89 128
89 141
89 144
89 152
89 154
90 1
90 16
90 19
90 35
90 59
90 60
90 61
90 69
90 72
90 77
90 78
90 84
90 93
90 107
90 110
90 119
90 128
90 129
90 132
90 138
90 142
90 154
90 159
91 0
91 3
91 20
91 28
91 33
91 34
91 63
91 67
91 100
91 107
91 108
91 116
91 117
91 135
91 146
91 149
91 157
92 10
92 13
92 17
92 23
92 37
92 48
92 100
92 106
92 112
92 115
92 117
92 124
92 149
92 152
93 10
93 11
93 16
93 22
93 23
93 38
93 45
93 95
93 96
93 111
93 114
93 118
93 122
93 130
93 131
93 134
93 140
93 142
93 158
94 22
94 23
94 28
94 30
94 42
94 50
94 66
94 110
94 113
94 119
94 129
94 132
94 136
94 137
94 144
95 0
95 4
95 8
95 24
95 38
95 53
95 57
95 83
95 86
95 97
95 110
95 122
95 128
95 152
96 5
96 17
96 46
96 64
96 65
96 69
96 71
96 84
96 103
96 118
96 131
96 156
97 20
97 23
97 24
97 41
97 46
97 53
97 74
97 75
97 76
97 78
97 92
97 93
97 94
97 100
97 107
97 155
97 158
98 11
98 18
98 62
98 69
98 70
98 83
98 86
98 93
98 104
98 110
98 112
98 126
98 128
98 134
98 139
99 5
99 9
99 13
99 15
99 28
99 36
99 49
99 56
99 67
99 70
99 74
99 77
99 81
99 87
99 91
99 92
99 102
99 120
99 152
99 158
100 9
100 10
100 11
100 16
100 28
100 37
100 48
100 61
100 74
100 78
100 81
100 82
100 105
100 122
100 131
100 149
101 4
101 6
101 11
101 14
101 55
101 60
101 62
101 80
101 83
101 89
101 90
101 110
101 114
101 115
101 132
102 37
102 38
102 41
102 42
102 52
102 56
102 59
102 64
102 90
102 96
102 98
102 105
102 106
102 110
102 115
102 118
102 139
102 146
102 149
102 153
103 5
103 8
103 13
103 19
103 26
103 27
103 32
103 36
103 37
103 43
103 48
103 65
103 107
103 109
103 116
103 129
103 138
104 6
104 14
104 21
104 29
104 32
104 33
104 34
104 40
104 55
104 58
104 70
104 87
104 93
104 103
104 111
104 140
105 0
105 16
105 19
105 27
105 35
105 42
105 45
105 53
105 57
105 59
105 85
105 103
105 112
105 113
105 115
105 116
105 121
105 126
105 135
105 148
105 154
105 158
106 19
106 24
106 27
106 29
106 31
106 33
106 40
106 51
106 69
106 70
106 93
106 152
107 9
107 24
107 51
107 57
107 63
107 68
107 127
107 129
107 130
107 158
108 23
108 28
108 35
108 38
108 41
108 46
108 55
108 56
108 100
108 105
108 133
108 140
108 143
108 152
108 155
109 13
109 18
109 21
109 28
109 39
109 40
109 56
109 81
109 97
109 108
109 116
109 128
109 130
109 142
109 152
110 1
110 2
110 23
110 42
110 45
110 56
110 57
110 73
110 92
110 108
110 112
110 113
110 120
110 125
110 134
110 135
110 152
111 3
111 11
111 13
111 19
111 28
111 29
111 30
111 34
111 44
111 50
111 51
111 74
111 76
111 78
111 102
111 114
111 120
111 140
111 143
111 145
111 148
111 152
111 154
112 7
112 11
112 28
112 33
112 39
112 50
112 57
112 70
112 83
112 103
112 107
112 117
112 128
112 135
112 149
112 150
112 155
113 16
113 18
113 72
113 77
113 80
113 83
113 85
113 90
113 95
113 102
113 123
113 134
113 139
114 0
114 6
114 13
114 19
114 32
114 35
114 38
114 46
114 50
114 60
114 71
114 89
114 95
114 104
114 113
114 131
114 153
115 0
115 19
115 38
115 45
115 72
115 134
115 142
116 9
116 39
116 46
116 54
116 59
116 71
116 77
116 104
116 117
116 120
116 122
116 125
116 129
116 144
116 146
116 148
116 152
116 154
117 4
117 9
117 17
117 18
117 46
117 54
117 60
117 62
117 64
117 67
117 93
117 94
117 98
117 105
117 133
117 143
117 147
117 154
118 12
118 26
118 58
118 83
118 86
118 90
118 134
118 135
118 139
119 16
119 18
119 21
119 34
119 48
119 49
119 73
119 79
119 93
119 105
119 111
119 136
119 153
120 7
120 16
120 18
120 25
120 36
120 41
120 43
120 53
120 61
120 71
120 79
120 104
120 136
121 3
121 33
121 49
121 50
121 60
121 82
121 90
121 93
121 102
121 119
121 120
121 150
121 153
121 158
122 8
122 16
122 29
122 31
122 34
122 38
122 45
122 56
122 65
122 66
122 75
122 92
122 120
122 123
122 131
122 133
122 135
122 151
122 155
122 157
123 41
123 53
123 55
123 56
123 62
123 67
123 68
123 69
123 71
123 73
123 75
123 81
123 86
123 88
123 93
123 112
123 119
123 124
123 125
123 130
123 150
124 8
124 17
124 23
124 24
124 25
124 34
124 35
124 52
124 54
124 62
124 66
124 67
124 72
124 83
124 85
124 91
124 96
124 103
124 109
124 128
124 132
124 151
125 22
125 36
125 37
125 46
125 48
125 50
125 62
125 66
125 91
125 95
125 121
125 133
125 136
125 145
126 6
126 12
126 22
126 32
126 38
126 39
126 40
126 65
126 66
126 82
126 88
126 91
126 95
126 96
126 109
126 116
126 127
126 135
126 136
126 143
126 144
126 158
127 17
127 26
127 51
127 64
127 65
127 87
127 89
127 92
127 103
127 108
127 114
127 115
127 128
127 145
127 147
128 5
128 6
128 9
128 19
128 31
128 32
128 40
128 44
128 50
128 54
128 60
128 76
128 87
128 88
128 96
128 106
128 118
128 136
128 152
128 157
129 3
129 13
129 23
129 27
129 33
129 36
129 38
129 45
129 65
129 68
129 87
129 91
129 104
129 105
129 117
129 138
129 141
129 148
129 153
130 16
130 25
130 26
130 34
130 44
130 82
130 102
130 108
130 113
130 121
130 122
130 131
130 135
130 141
130 159
131 0
131 4
131 41
131 50
131 70
131 81
131 98
131 101
131 118
131 132
131 133
131 146
131 153
131 155
131 157
132 10
132 26
132 27
132 42
132 46
132 63
132 65
132 78
132 79
132 80
132 82
132 93
132 128
132 137
132 139
133 15
133 16
133 24
133 46
133 71
133 100
133 102
133 110
133 111
133 113
133 144
133 153
134 34
134 59
134 69
134 84
134 87
134 102
134 112
134 144
134 148
134 155
134 158
135 16
135 18
135 22
135 45
135 60
135 87
135 101
135 109
135 115
135 117
135 123
135 134
135 144
135 152
136 9
136 11
136 15
136 19
136 20
136 29
136 30
136 48
136 51
136 55
136 56
136 78
136 79
136 83
136 90
136 98
136 101
136 105
136 146
136 157
137 6
137 17
137 19
137 25
137 31
137 42
137 49
137 78
137 81
137 90
137 93
137 96
137 104
137 116
137 124
137 125
137 127
137 130
137 144
137 145
137 146
137 155
138 4
138 6
138 30
138 34
138 41
138 42
138 54
138 59
138 68
138 110
138 121
138 124
138 126
138 146
139 6
139 33
139 80
139 81
139 85
139 88
139 93
139 94
139 96
139 107
139 109
139 127
139 138
139 146
139 158
140 10
140 15
140 28
140 40
140 58
140 77
140 82
140 102
140 128
140 159
141 4
141 31
141 52
141 55
141 63
141 65
141 78
141 81
141 93
141 95
141 99
141 100
141 104
141 115
141 116
141 119
141 128
141 138
141 146
142 1
142 11
142 19
142 23
142 31
142 33
142 45
142 49
142 55
142 63
142 71
142 106
142 121
143 12
143 16
143 22
143 24
143 33
143 52
143 63
143 68
143 80
143 91
143 95
143 102
143 115
143 120
143 157
144 4
144 9
144 45
144 46
144 65
144 105
144 128
144 130
144 151
145 6
145 45
145 49
145 52
145 70
145 72
145 100
145 110
145 113
145 116
145 149
146 2
146 11
146 16
146 19
146 20
146 25
146 26
146 33
146 35
146 85
146 101
146 109
146 112
146 120
146 125
146 145
147 6
147 9
147 16
147 34
147 37
147 40
147 48
147 53
147 60
147 62
147 70
147 81
147 82
147 93
147 96
147 101
147 125
147 126
147 135
147 158
148 2
148 22
148 35
148 39
148 46
148 52
148 56
148 70
148 90
148 98
148 131
148 144
148 154
149 5
149 23
149 29
149 35
149 36
149 38
149 44
149 55
149 63
149 73
149 76
149 94
149 96
149 103
149 111
149 130
149 138
149 148
149 152
150 5
150 6
150 40
150 42
150 62
150 90
150 140
150 145
150 149
151 2
151 4
151 29
151 33
151 34
151 37
151 55
151 57
151 59
151 70
151 101
151 115
151 120
151 131
151 138
151 140
151 156
152 2
152 5
152 7
152 14
152 36
152 54
152 55
152 61
152 82
152 141
152 144
152 147
153 8
153 39
153 48
153 57
153 61
153 71
153 74
153 79
153 108
153 117
153 124
153 135
153 144
153 159
154 1
154 22
154 36
154 41
154 58
154 61
154 63
154 72
154 77
154 86
154 107
154 112
154 115
154 120
154 126
154 155
154 156
155 13
155 17
155 26
155 34
155 47
155 50
155 54
155 57
155 66
155 88
155 91
155 92
155 100
155 124
155 125
155 126
155 139
156 6
156 8
156 15
156 34
156 39
156 41
156 54
156 62
156 93
156 101
156 114
156 116
156 123
156 126
156 132
156 159
157 3
157 13
157 25
157 27
157 41
157 50
157 57
157 58
157 78
157 123
157 126
157 158
157 159
158 12
158 17
158 21
158 54
158 57
158 58
158 104
158 110
158 113
158 119
158 129
158 130
158 137
158 149
158 156
159 10
159 11
159 16
159 21
159 33
159 72
159 81
159 92
159 100
159 104
159 124
159 128
159 147
0 1 2 3 4 5 6 7 8 9 10 11
