160 12720 40
0 2
0 4
0 6
0 7
0 10
0 11
0 12
0 15
0 16
0 18
0 23
0 29
0 31
0 32
0 33
0 34
0 35
0 39
0 41
0 43
0 44
0 45
0 48
0 51
0 55
0 56
0 58
0 59
0 60
0 62
0 63
0 67
0 68
0 69
0 70
0 71
0 72
0 73
0 74
0 76
0 77
0 81
0 84
0 86
0 87
0 88
0 89
0 90
0 91
0 96
0 98
0 99
0 101
0 102
0 104
0 106
0 107
0 109
0 113
0 114
0 115
0 118
0 120
0 121
0 122
0 123
0 126
0 127
0 130
0 132
0 133
0 135
0 136
0 142
0 143
0 144
0 146
0 147
0 150
0 152
0 153
0 159
1 0
1 8
1 12
1 13
1 15
1 19
1 20
1 23
1 25
1 26
1 27
1 29
1 30
1 34
1 35
1 37
1 38
1 39
1 42
1 43
1 46
1 47
1 48
1 49
1 52
1 53
1 55
1 56
1 66
1 67
1 68
1 71
1 72
1 74
1 75
1 76
1 78
1 79
1 80
1 81
1 82
1 83
1 84
1 86
1 87
1 88
1 91
1 92
1 98
1 99
1 103
1 104
1 105
1 106
1 107
1 110
1 111
1 112
1 116
1 117
1 118
1 119
1 123
1 125
1 126
1 127
1 130
1 135
1 138
1 141
1 142
1 146
1 148
1 150
1 151
1 152
1 153
1 154
1 157
1 159
2 1
2 3
2 4
2 5
2 6
2 7
2 9
2 12
2 13
2 15
2 16
2 17
2 18
2 19
2 20
2 22
2 24
2 26
2 31
2 34
2 35
2 36
2 37
2 40
2 41
2 42
2 46
2 47
2 48
2 53
2 56
2 62
2 66
2 68
2 69
2 72
2 73
2 75
2 76
2 77
2 78
2 79
2 80
2 81
2 84
2 85
2 87
2 91
2 94
2 95
2 96
2 99
2 108
2 111
2 114
2 116
2 117
2 119
2 121
2 126
2 127
2 128
2 131
2 132
2 133
2 134
2 135
2 136
2 137
2 140
2 141
2 144
2 147
2 149
2 150
2 152
2 153
2 154
2 158
2 159
3 0
3 1
3 5
3 9
3 10
3 13
3 14
3 16
3 18
3 20
3 21
3 22
3 27
3 31
3 34
3 39
3 41
3 44
3 46
3 48
3 49
3 50
3 52
3 54
3 57
3 58
3 60
3 64
3 65
3 66
3 67
3 68
3 71
3 74
3 75
3 76
3 78
3 80
3 81
3 82
3 84
3 85
3 87
3 88
3 90
3 91
3 93
3 96
3 98
3 101
3 102
3 104
3 105
3 107
3 112
3 113
3 114
3 115
3 116
3 117
3 119
3 120
3 121
3 123
3 124
3 131
3 133
3 136
3 139
3 140
3 145
3 148
3 149
3 151
3 152
3 154
3 156
3 157
3 158
3 159
4 1
4 3
4 5
4 7
4 9
4 10
4 12
4 14
4 15
4 18
4 19
4 20
4 22
4 23
4 25
4 27
4 31
4 35
4 37
4 39
4 41
4 42
4 43
4 44
4 49
4 50
4 52
4 56
4 57
4 58
4 61
4 64
4 67
4 68
4 75
4 78
4 81
4 82
4 84
4 85
4 86
4 88
4 89
4 91
4 94
4 95
4 98
4 101
4 103
4 108
4 109
4 111
4 113
4 114
4 117
4 120
4 123
4 124
4 125
4 126
4 127
4 128
4 131
4 133
4 136
4 138
4 140
4 141
4 142
4 144
4 146
4 147
4 148
4 151
4 153
4 154
4 156
5 0
5 1
5 6
5 7
5 8
5 11
5 12
5 14
5 16
5 18
5 20
5 21
5 22
5 24
5 27
5 28
5 31
5 32
5 34
5 35
5 36
5 37
5 39
5 40
5 42
5 46
5 54
5 55
5 60
5 61
5 62
5 64
5 65
5 66
5 67
5 68
5 70
5 74
5 77
5 78
5 80
5 81
5 82
5 86
5 88
5 89
5 91
5 98
5 99
5 101
5 102
5 103
5 104
5 105
5 107
5 109
5 110
5 111
5 112
5 115
5 116
5 121
5 122
5 123
5 125
5 126
5 129
5 131
5 132
5 133
5 135
5 137
5 142
5 143
5 146
5 147
5 148
5 149
5 151
5 153
5 154
5 157
6 1
6 3
6 4
6 8
6 9
6 10
6 11
6 12
6 13
6 14
6 17
6 18
6 21
6 23
6 26
6 27
6 28
6 34
6 35
6 39
6 42
6 44
6 45
6 46
6 48
6 49
6 51
6 54
6 56
6 58
6 59
6 61
6 65
6 68
6 74
6 75
6 77
6 78
6 80
6 81
6 82
6 84
6 89
6 90
6 92
6 93
6 94
6 100
6 103
6 105
6 106
6 107
6 110
6 113
6 115
6 121
6 122
6 131
6 133
6 134
6 135
6 141
6 142
6 146
6 148
6 150
6 152
6 153
6 156
6 159
7 1
7 3
7 6
7 8
7 12
7 15
7 16
7 17
7 19
7 20
7 21
7 22
7 23
7 24
7 26
7 27
7 29
7 30
7 31
7 35
7 36
7 40
7 42
7 43
7 44
7 47
7 49
7 50
7 58
7 59
7 60
7 61
7 63
7 65
7 69
7 70
7 74
7 77
7 80
7 81
7 85
7 86
7 91
7 92
7 94
7 101
7 104
7 105
7 107
7 110
7 112
7 113
7 114
7 118
7 119
7 121
7 122
7 123
7 127
7 131
7 133
7 135
7 137
7 138
7 139
7 140
7 141
7 143
7 144
7 145
7 146
7 150
7 153
7 155
7 156
7 157
7 158
7 159
8 0
8 2
8 3
8 4
8 9
8 11
8 12
8 15
8 19
8 20
8 23
8 24
8 29
8 32
8 35
8 36
8 38
8 42
8 43
8 46
8 48
8 49
8 52
8 58
8 59
8 63
8 66
8 67
8 69
8 71
8 72
8 73
8 74
8 75
8 77
8 78
8 80
8 81
8 82
8 85
8 87
8 92
8 94
8 98
8 101
8 104
8 105
8 107
8 109
8 110
8 112
8 113
8 114
8 118
8 120
8 122
8 123
8 124
8 125
8 126
8 127
8 131
8 137
8 138
8 139
8 147
8 149
8 151
8 153
8 154
8 155
8 156
9 0
9 1
9 5
9 7
9 10
9 13
9 14
9 15
9 16
9 17
9 18
9 19
9 20
9 21
9 22
9 23
9 25
9 26
9 27
9 28
9 29
9 31
9 32
9 33
9 34
9 35
9 37
9 38
9 39
9 40
9 44
9 46
9 47
9 48
9 49
9 50
9 51
9 60
9 61
9 65
9 67
9 69
9 70
9 71
9 72
9 74
9 75
9 82
9 83
9 85
9 86
9 90
9 93
9 94
9 99
9 100
9 103
9 106
9 110
9 111
9 113
9 120
9 121
9 123
9 124
9 126
9 128
9 134
9 138
9 139
9 143
9 148
9 149
9 155
9 158
9 159
10 1
10 2
10 5
10 7
10 8
10 15
10 16
10 17
10 18
10 20
10 21
10 22
10 24
10 25
10 26
10 28
10 36
10 38
10 40
10 42
10 43
10 45
10 47
10 51
10 53
10 54
10 55
10 56
10 58
10 60
10 61
10 64
10 68
10 70
10 71
10 72
10 73
10 74
10 75
10 81
10 82
10 83
10 84
10 88
10 90
10 91
10 94
10 97
10 98
10 100
10 101
10 105
10 108
10 109
10 110
10 112
10 113
10 114
10 121
10 124
10 126
10 127
10 128
10 130
10 131
10 134
10 135
10 137
10 138
10 139
10 140
10 141
10 142
10 149
10 152
10 154
10 156
10 157
11 1
11 2
11 3
11 4
11 7
11 9
11 10
11 15
11 18
11 19
11 20
11 21
11 24
11 26
11 27
11 28
11 29
11 34
11 35
11 37
11 39
11 41
11 44
11 45
11 47
11 50
11 51
11 52
11 53
11 54
11 56
11 57
11 58
11 59
11 60
11 61
11 63
11 66
11 76
11 78
11 80
11 81
11 83
11 84
11 85
11 94
11 95
11 96
11 98
11 99
11 107
11 112
11 114
11 117
11 119
11 122
11 123
11 125
11 126
11 127
11 128
11 131
11 134
11 135
11 137
11 138
11 139
11 140
11 141
11 143
11 146
11 148
11 149
11 150
11 152
11 155
11 157
11 158
11 159
12 3
12 9
12 10
12 11
12 13
12 14
12 15
12 16
12 17
12 18
12 20
12 21
12 22
12 23
12 26
12 29
12 30
12 31
12 32
12 33
12 34
12 36
12 39
12 40
12 41
12 42
12 45
12 46
12 47
12 48
12 52
12 53
12 54
12 56
12 57
12 58
12 64
12 68
12 69
12 73
12 75
12 79
12 80
12 81
12 82
12 83
12 84
12 85
12 88
12 89
12 91
12 93
12 95
12 96
12 97
12 99
12 100
12 102
12 103
12 105
12 106
12 108
12 109
12 112
12 113
12 117
12 118
12 125
12 130
12 131
12 132
12 133
12 134
12 136
12 140
12 144
12 146
12 147
12 151
12 152
12 153
12 154
12 159
13 0
13 4
13 5
13 7
13 8
13 10
13 11
13 15
13 16
13 21
13 22
13 23
13 24
13 26
13 27
13 28
13 30
13 31
13 33
13 35
13 37
13 38
13 39
13 40
13 42
13 43
13 44
13 46
13 47
13 48
13 53
13 54
13 55
13 56
13 66
13 67
13 68
13 69
13 70
13 74
13 75
13 77
13 78
13 79
13 80
13 81
13 83
13 84
13 85
13 86
13 88
13 90
13 92
13 93
13 94
13 95
13 96
13 97
13 100
13 101
13 104
13 106
13 107
13 108
13 111
13 112
13 115
13 116
13 118
13 119
13 120
13 121
13 122
13 127
13 129
13 130
13 132
13 135
13 136
13 138
13 139
13 140
13 142
13 144
13 145
13 148
13 149
13 154
13 155
13 157
14 0
14 1
14 2
14 7
14 8
14 10
14 11
14 13
14 15
14 17
14 18
14 20
14 23
14 25
14 28
14 30
14 31
14 33
14 34
14 35
14 36
14 37
14 39
14 41
14 42
14 45
14 48
14 51
14 53
14 54
14 58
14 63
14 64
14 65
14 67
14 68
14 70
14 71
14 72
14 74
14 75
14 77
14 79
14 81
14 82
14 84
14 85
14 86
14 88
14 89
14 93
14 96
14 97
14 98
14 100
14 107
14 108
14 109
14 112
14 113
14 118
14 121
14 122
14 123
14 126
14 127
14 129
14 132
14 133
14 135
14 141
14 146
14 147
14 148
14 149
14 152
14 153
14 155
14 158
14 159
15 3
15 5
15 6
15 16
15 19
15 21
15 22
15 23
15 26
15 31
15 32
15 33
15 34
15 36
15 37
15 40
15 41
15 44
15 46
15 47
15 48
15 49
15 50
15 52
15 53
15 56
15 58
15 60
15 62
15 63
15 64
15 65
15 67
15 68
15 69
15 71
15 73
15 75
15 76
15 78
15 80
15 83
15 84
15 88
15 89
15 92
15 95
15 99
15 100
15 101
15 102
15 104
15 107
15 109
15 110
15 111
15 112
15 115
15 117
15 118
15 120
15 123
15 124
15 125
15 128
15 130
15 134
15 143
15 144
15 145
15 146
15 148
15 149
15 150
15 151
15 152
15 153
15 154
15 155
15 156
15 158
16 1
16 4
16 6
16 8
16 11
16 14
16 18
16 19
16 22
16 26
16 27
16 29
16 33
16 34
16 35
16 37
16 38
16 44
16 45
16 48
16 49
16 51
16 55
16 56
16 58
16 59
16 60
16 61
16 63
16 64
16 66
16 70
16 71
16 72
16 73
16 76
16 77
16 78
16 79
16 80
16 82
16 83
16 85
16 86
16 87
16 88
16 89
16 91
16 93
16 94
16 95
16 96
16 97
16 98
16 102
16 105
16 107
16 110
16 111
16 113
16 115
16 119
16 122
16 125
16 127
16 129
16 130
16 131
16 132
16 134
16 135
16 136
16 137
16 139
16 140
16 141
16 143
16 144
16 147
16 149
16 150
16 151
16 154
17 0
17 1
17 3
17 4
17 5
17 8
17 11
17 13
17 15
17 16
17 18
17 19
17 20
17 23
17 24
17 25
17 27
17 29
17 30
17 33
17 34
17 35
17 36
17 38
17 40
17 43
17 44
17 45
17 46
17 47
17 48
17 49
17 53
17 54
17 55
17 59
17 60
17 61
17 62
17 63
17 65
17 68
17 69
17 70
17 71
17 72
17 74
17 77
17 78
17 81
17 82
17 85
17 86
17 87
17 89
17 90
17 91
17 92
17 99
17 100
17 101
17 103
17 107
17 113
17 114
17 117
17 119
17 121
17 123
17 125
17 127
17 131
17 134
17 135
17 137
17 139
17 140
17 141
17 142
17 145
17 146
17 148
17 151
17 154
17 157
17 158
17 159
18 1
18 7
18 8
18 13
18 15
18 19
18 24
18 26
18 30
18 32
18 38
18 39
18 40
18 44
18 47
18 48
18 51
18 52
18 54
18 57
18 58
18 60
18 63
18 65
18 67
18 69
18 70
18 71
18 73
18 77
18 79
18 80
18 82
18 83
18 85
18 93
18 94
18 95
18 100
18 101
18 102
18 104
18 107
18 109
18 110
18 112
18 113
18 115
18 117
18 118
18 119
18 120
18 124
18 125
18 126
18 127
18 128
18 129
18 130
18 131
18 134
18 137
18 138
18 139
18 144
18 145
18 149
18 151
18 153
18 155
18 158
18 159
19 0
19 3
19 5
19 6
19 10
19 12
19 13
19 14
19 20
19 21
19 24
19 26
19 27
19 32
19 33
19 34
19 35
19 41
19 42
19 43
19 44
19 46
19 47
19 51
19 52
19 55
19 58
19 60
19 61
19 62
19 66
19 71
19 78
19 79
19 83
19 84
19 85
19 86
19 87
19 88
19 91
19 94
19 101
19 102
19 104
19 106
19 108
19 111
19 112
19 113
19 115
19 117
19 118
19 122
19 123
19 124
19 128
19 137
19 138
19 143
19 144
19 145
19 147
19 150
20 0
20 6
20 13
20 15
20 16
20 18
20 22
20 23
20 24
20 25
20 27
20 29
20 30
20 33
20 34
20 35
20 39
20 40
20 43
20 44
20 45
20 46
20 47
20 51
20 53
20 55
20 56
20 57
20 58
20 60
20 63
20 65
20 67
20 68
20 72
20 73
20 75
20 77
20 78
20 79
20 83
20 85
20 87
20 88
20 89
20 95
20 96
20 98
20 99
20 101
20 102
20 108
20 109
20 110
20 111
20 113
20 114
20 116
20 117
20 123
20 127
20 130
20 132
20 133
20 134
20 135
20 138
20 142
20 146
20 150
20 154
20 156
20 157
21 0
21 1
21 2
21 4
21 8
21 14
21 16
21 17
21 18
21 20
21 22
21 25
21 28
21 29
21 30
21 32
21 34
21 38
21 39
21 40
21 42
21 44
21 45
21 47
21 49
21 50
21 53
21 55
21 56
21 60
21 62
21 64
21 66
21 67
21 68
21 69
21 70
21 72
21 73
21 74
21 75
21 77
21 78
21 84
21 86
21 89
21 91
21 95
21 98
21 102
21 103
21 108
21 109
21 110
21 111
21 112
21 114
21 115
21 117
21 118
21 119
21 120
21 121
21 122
21 123
21 125
21 127
21 128
21 133
21 135
21 136
21 137
21 138
21 139
21 140
21 143
21 144
21 145
21 146
21 147
21 151
21 152
21 153
21 154
21 155
21 157
22 0
22 1
22 6
22 8
22 11
22 14
22 17
22 18
22 19
22 24
22 26
22 28
22 29
22 30
22 33
22 36
22 37
22 40
22 41
22 46
22 48
22 50
22 54
22 55
22 56
22 57
22 60
22 61
22 66
22 67
22 68
22 69
22 70
22 71
22 72
22 73
22 74
22 75
22 77
22 78
22 82
22 84
22 87
22 90
22 96
22 102
22 104
22 106
22 107
22 111
22 112
22 115
22 117
22 118
22 119
22 120
22 123
22 124
22 126
22 131
22 133
22 134
22 136
22 137
22 140
22 141
22 143
22 144
22 148
22 150
22 151
22 152
22 156
22 157
22 158
23 2
23 3
23 5
23 10
23 11
23 16
23 18
23 19
23 21
23 22
23 24
23 29
23 30
23 33
23 36
23 37
23 39
23 40
23 42
23 43
23 45
23 46
23 48
23 55
23 56
23 59
23 61
23 63
23 64
23 65
23 75
23 78
23 79
23 81
23 83
23 84
23 85
23 86
23 88
23 89
23 92
23 94
23 98
23 101
23 102
23 105
23 106
23 107
23 108
23 109
23 110
23 111
23 114
23 120
23 123
23 124
23 125
23 127
23 128
23 131
23 133
23 134
23 135
23 137
23 139
23 140
23 141
23 142
23 144
23 145
23 146
23 148
23 150
23 151
23 153
23 155
23 157
23 158
24 0
24 1
24 3
24 4
24 6
24 9
24 12
24 14
24 15
24 16
24 21
24 26
24 27
24 29
24 32
24 34
24 35
24 36
24 39
24 41
24 42
24 43
24 44
24 46
24 51
24 53
24 54
24 56
24 60
24 62
24 63
24 64
24 65
24 66
24 70
24 73
24 76
24 78
24 81
24 83
24 84
24 87
24 88
24 90
24 92
24 94
24 98
24 102
24 103
24 104
24 105
24 106
24 107
24 108
24 110
24 111
24 114
24 117
24 119
24 125
24 126
24 127
24 128
24 129
24 132
24 133
24 134
24 135
24 136
24 137
24 138
24 148
24 152
24 153
24 155
24 157
24 158
25 0
25 2
25 3
25 5
25 6
25 7
25 8
25 11
25 12
25 13
25 15
25 16
25 18
25 19
25 22
25 23
25 24
25 26
25 31
25 32
25 35
25 36
25 38
25 39
25 40
25 41
25 42
25 44
25 48
25 50
25 51
25 54
25 55
25 59
25 63
25 64
25 65
25 67
25 69
25 70
25 72
25 73
25 74
25 75
25 77
25 79
25 81
25 85
25 86
25 87
25 88
25 89
25 91
25 94
25 95
25 101
25 102
25 103
25 106
25 107
25 108
25 110
25 111
25 112
25 114
25 115
25 116
25 121
25 122
25 127
25 131
25 133
25 134
25 137
25 138
25 139
25 142
25 143
25 144
25 146
25 147
25 149
25 151
25 152
25 153
25 154
25 155
25 158
26 0
26 3
26 4
26 5
26 8
26 14
26 17
26 20
26 21
26 23
26 27
26 30
26 33
26 34
26 35
26 36
26 37
26 38
26 39
26 41
26 43
26 46
26 54
26 56
26 58
26 60
26 61
26 62
26 63
26 64
26 65
26 66
26 67
26 68
26 69
26 71
26 72
26 74
26 75
26 79
26 80
26 81
26 82
26 84
26 85
26 86
26 91
26 92
26 93
26 95
26 96
26 97
26 99
26 102
26 103
26 104
26 110
26 111
26 112
26 114
26 116
26 119
26 120
26 121
26 122
26 123
26 124
26 126
26 127
26 132
26 133
26 136
26 137
26 138
26 139
26 140
26 141
26 147
26 149
26 151
26 155
26 159
27 0
27 2
27 8
27 10
27 12
27 14
27 15
27 18
27 21
27 22
27 23
27 25
27 28
27 29
27 31
27 32
27 33
27 36
27 37
27 40
27 41
27 42
27 44
27 45
27 48
27 49
27 51
27 54
27 56
27 59
27 60
27 63
27 64
27 68
27 69
27 70
27 71
27 73
27 75
27 77
27 78
27 80
27 81
27 82
27 83
27 84
27 86
27 90
27 91
27 96
27 98
27 99
27 100
27 101
27 104
27 105
27 107
27 109
27 115
27 119
27 121
27 123
27 126
27 128
27 129
27 130
27 131
27 132
27 133
27 136
27 137
27 138
27 142
27 143
27 144
27 145
27 146
27 147
27 149
27 152
27 153
27 155
27 156
27 157
27 159
28 0
28 1
28 2
28 3
28 4
28 7
28 8
28 12
28 15
28 16
28 17
28 18
28 19
28 20
28 23
28 24
28 25
28 26
28 29
28 30
28 31
28 34
28 35
28 38
28 39
28 41
28 44
28 45
28 46
28 52
28 53
28 54
28 56
28 57
28 63
28 64
28 65
28 70
28 71
28 72
28 73
28 75
28 78
28 81
28 82
28 83
28 85
28 87
28 88
28 89
28 91
28 93
28 95
28 97
28 102
28 104
28 105
28 114
28 115
28 117
28 123
28 124
28 128
28 130
28 134
28 136
28 139
28 140
28 141
28 142
28 144
28 147
28 150
28 152
28 153
28 156
28 158
29 2
29 3
29 4
29 5
29 6
29 10
29 13
29 14
29 15
29 18
29 19
29 25
29 26
29 32
29 33
29 36
29 39
29 40
29 45
29 46
29 48
29 49
29 50
29 52
29 53
29 56
29 57
29 58
29 60
29 62
29 63
29 69
29 73
29 75
29 78
29 80
29 81
29 82
29 87
29 91
29 93
29 96
29 97
29 98
29 100
29 103
29 106
29 108
29 110
29 112
29 113
29 114
29 115
29 116
29 117
29 118
29 121
29 122
29 124
29 125
29 126
29 128
29 129
29 130
29 132
29 133
29 134
29 136
29 137
29 138
29 139
29 143
29 144
29 150
29 152
29 155
29 159
30 0
30 2
30 3
30 4
30 5
30 6
30 8
30 9
30 10
30 11
30 15
30 16
30 19
30 24
30 25
30 27
30 29
30 31
30 35
30 36
30 37
30 38
30 39
30 40
30 42
30 43
30 46
30 47
30 48
30 49
30 50
30 52
30 53
30 54
30 55
30 56
30 57
30 59
30 60
30 61
30 70
30 73
30 75
30 76
30 79
30 81
30 83
30 85
30 88
30 92
30 93
30 95
30 97
30 98
30 99
30 100
30 101
30 102
30 107
30 109
30 111
30 113
30 114
30 117
30 118
30 120
30 121
30 124
30 125
30 126
30 129
30 130
30 131
30 132
30 135
30 137
30 138
30 140
30 141
30 143
30 144
30 145
30 148
30 149
30 154
30 155
30 156
30 159
31 1
31 6
31 8
31 10
31 11
31 16
31 17
31 18
31 19
31 20
31 21
31 22
31 23
31 24
31 26
31 29
31 32
31 33
31 34
31 36
31 37
31 38
31 39
31 40
31 41
31 43
31 46
31 48
31 50
31 51
31 52
31 54
31 55
31 56
31 60
31 61
31 63
31 66
31 69
31 71
31 72
31 78
31 86
31 88
31 89
31 90
31 92
31 96
31 100
31 101
31 102
31 105
31 106
31 108
31 109
31 110
31 111
31 112
31 114
31 115
31 117
31 119
31 120
31 121
31 122
31 123
31 125
31 127
31 128
31 129
31 130
31 131
31 132
31 136
31 137
31 140
31 145
31 146
31 151
31 152
31 154
31 157
32 1
32 2
32 3
32 4
32 6
32 7
32 10
32 11
32 13
32 14
32 16
32 17
32 20
32 22
32 23
32 26
32 28
32 30
32 37
32 39
32 40
32 41
32 45
32 48
32 49
32 50
32 52
32 53
32 57
32 59
32 62
32 63
32 64
32 68
32 69
32 71
32 72
32 74
32 75
32 76
32 78
32 80
32 82
32 86
32 89
32 90
32 91
32 93
32 95
32 96
32 97
32 98
32 99
32 100
32 102
32 103
32 109
32 112
32 114
32 115
32 116
32 119
32 121
32 126
32 127
32 130
32 136
32 137
32 138
32 139
32 140
32 143
32 144
32 145
32 146
32 147
32 148
32 153
32 156
32 157
33 1
33 2
33 3
33 4
33 5
33 6
33 7
33 8
33 10
33 11
33 18
33 21
33 24
33 25
33 28
33 30
33 32
33 35
33 36
33 37
33 38
33 40
33 41
33 43
33 44
33 45
33 50
33 51
33 52
33 54
33 55
33 61
33 62
33 64
33 66
33 69
33 74
33 76
33 79
33 81
33 82
33 84
33 85
33 86
33 92
33 95
33 96
33 100
33 102
33 103
33 104
33 105
33 106
33 108
33 110
33 112
33 114
33 116
33 118
33 120
33 122
33 123
33 125
33 127
33 128
33 132
33 133
33 134
33 135
33 136
33 137
33 141
33 147
33 149
33 152
33 153
33 154
33 156
33 158
34 4
34 7
34 8
34 10
34 13
34 18
34 22
34 23
34 25
34 27
34 29
34 30
34 32
34 33
34 36
34 37
34 39
34 40
34 41
34 42
34 45
34 47
34 49
34 52
34 53
34 61
34 63
34 64
34 66
34 67
34 68
34 69
34 70
34 71
34 73
34 74
34 76
34 77
34 81
34 82
34 83
34 84
34 85
34 86
34 92
34 93
34 94
34 95
34 97
34 98
34 100
34 101
34 102
34 103
34 104
34 106
34 109
34 112
34 113
34 118
34 123
34 126
34 130
34 131
34 132
34 136
34 137
34 139
34 141
34 142
34 143
34 144
34 147
34 149
34 150
34 151
34 152
34 154
34 155
34 156
34 158
35 3
35 10
35 12
35 15
35 18
35 21
35 22
35 23
35 27
35 29
35 31
35 32
35 34
35 36
35 38
35 39
35 40
35 42
35 43
35 44
35 45
35 46
35 47
35 49
35 50
35 52
35 54
35 57
35 58
35 61
35 63
35 67
35 68
35 69
35 73
35 74
35 75
35 76
35 81
35 83
35 85
35 88
35 95
35 96
35 97
35 101
35 102
35 103
35 105
35 106
35 108
35 109
35 111
35 112
35 113
35 119
35 120
35 121
35 124
35 126
35 127
35 129
35 130
35 135
35 136
35 138
35 140
35 143
35 146
35 147
35 148
35 152
35 153
35 158
35 159
36 0
36 1
36 3
36 4
36 6
36 9
36 11
36 13
36 16
36 18
36 19
36 20
36 21
36 28
36 32
36 39
36 40
36 41
36 42
36 43
36 48
36 49
36 52
36 53
36 54
36 55
36 58
36 59
36 60
36 61
36 62
36 63
36 66
36 69
36 70
36 71
36 78
36 79
36 81
36 82
36 85
36 87
36 89
36 90
36 94
36 95
36 96
36 97
36 98
36 99
36 100
36 101
36 103
36 104
36 105
36 106
36 110
36 111
36 112
36 114
36 117
36 118
36 121
36 122
36 123
36 125
36 126
36 127
36 128
36 130
36 134
36 135
36 138
36 140
36 143
36 144
36 145
36 146
36 147
36 150
36 151
36 152
36 153
36 154
36 156
36 157
37 0
37 3
37 6
37 7
37 8
37 10
37 12
37 17
37 18
37 19
37 20
37 21
37 24
37 25
37 28
37 29
37 35
37 36
37 39
37 44
37 46
37 48
37 49
37 50
37 51
37 53
37 55
37 57
37 59
37 60
37 62
37 64
37 65
37 66
37 67
37 71
37 74
37 78
37 81
37 82
37 84
37 88
37 90
37 92
37 93
37 98
37 99
37 101
37 103
37 105
37 107
37 111
37 112
37 114
37 117
37 119
37 122
37 124
37 125
37 126
37 127
37 130
37 131
37 133
37 135
37 136
37 137
37 139
37 143
37 144
37 145
37 146
37 147
37 149
37 150
37 152
37 155
37 157
37 158
38 0
38 2
38 3
38 4
38 5
38 6
38 7
38 11
38 12
38 14
38 15
38 19
38 20
38 22
38 23
38 24
38 27
38 29
38 32
38 34
38 36
38 37
38 39
38 41
38 43
38 45
38 46
38 47
38 48
38 54
38 56
38 59
38 60
38 64
38 65
38 66
38 69
38 71
38 74
38 75
38 78
38 80
38 87
38 90
38 91
38 92
38 98
38 99
38 102
38 103
38 104
38 105
38 106
38 108
38 112
38 113
38 114
38 116
38 117
38 121
38 122
38 124
38 125
38 130
38 131
38 133
38 134
38 136
38 138
38 140
38 141
38 143
38 145
38 151
38 152
38 155
38 156
38 157
38 158
39 2
39 7
39 8
39 10
39 15
39 16
39 17
39 19
39 22
39 27
39 33
39 40
39 44
39 46
39 47
39 49
39 50
39 51
39 53
39 57
39 60
39 62
39 66
39 68
39 71
39 73
39 74
39 75
39 76
39 77
39 79
39 80
39 81
39 83
39 85
39 86
39 89
39 94
39 95
39 96
39 98
39 100
39 101
39 106
39 110
39 112
39 113
39 117
39 119
39 120
39 121
39 122
39 123
39 124
39 126
39 128
39 130
39 134
39 138
39 141
39 142
39 143
39 145
39 146
39 150
39 151
39 153
39 155
39 157
40 0
40 1
40 3
40 4
40 6
40 8
40 11
40 14
40 16
40 19
40 24
40 26
40 28
40 37
40 38
40 41
40 42
40 44
40 46
40 47
40 48
40 50
40 51
40 53
40 54
40 57
40 59
40 67
40 68
40 69
40 72
40 73
40 77
40 79
40 84
40 86
40 90
40 94
40 95
40 96
40 101
40 102
40 105
40 108
40 109
40 114
40 115
40 116
40 117
40 120
40 121
40 124
40 125
40 127
40 128
40 130
40 131
40 133
40 135
40 138
40 140
40 143
40 146
40 151
40 152
40 153
40 154
40 157
40 159
41 1
41 5
41 6
41 7
41 8
41 9
41 10
41 13
41 16
41 17
41 18
41 20
41 21
41 23
41 29
41 30
41 35
41 37
41 39
41 44
41 46
41 53
41 55
41 56
41 57
41 58
41 61
41 62
41 66
41 68
41 70
41 71
41 72
41 73
41 75
41 77
41 78
41 79
41 82
41 85
41 86
41 87
41 89
41 90
41 93
41 98
41 99
41 100
41 101
41 104
41 108
41 112
41 113
41 118
41 119
41 120
41 121
41 123
41 126
41 127
41 135
41 136
41 138
41 141
41 142
41 143
41 146
41 147
41 148
41 149
41 150
41 152
41 153
41 154
41 155
41 156
41 157
41 158
41 159
42 0
42 3
42 9
42 11
42 15
42 16
42 17
42 18
42 20
42 22
42 26
42 28
42 29
42 31
42 32
42 33
42 37
42 38
42 39
42 41
42 43
42 44
42 45
42 46
42 47
42 48
42 49
42 50
42 53
42 55
42 56
42 57
42 58
42 59
42 60
42 62
42 63
42 64
42 65
42 66
42 67
42 68
42 72
42 73
42 74
42 76
42 78
42 80
42 81
42 82
42 85
42 86
42 88
42 89
42 90
42 92
42 95
42 99
42 100
42 102
42 106
42 108
42 109
42 110
42 111
42 114
42 116
42 118
42 121
42 123
42 125
42 127
42 130
42 133
42 134
42 136
42 138
42 141
42 147
42 148
42 151
42 155
42 156
42 157
42 158
43 2
43 3
43 5
43 6
43 9
43 11
43 12
43 14
43 15
43 16
43 18
43 21
43 22
43 25
43 27
43 28
43 29
43 32
43 34
43 37
43 39
43 40
43 41
43 44
43 45
43 46
43 47
43 49
43 51
43 53
43 54
43 56
43 57
43 58
43 61
43 63
43 66
43 69
43 71
43 75
43 76
43 80
43 85
43 89
43 90
43 95
43 96
43 97
43 99
43 100
43 102
43 104
43 106
43 108
43 110
43 111
43 116
43 121
43 122
43 123
43 124
43 126
43 127
43 129
43 132
43 133
43 134
43 136
43 137
43 138
43 141
43 142
43 143
43 146
43 148
43 152
43 154
43 156
44 1
44 2
44 5
44 8
44 10
44 12
44 14
44 22
44 23
44 26
44 29
44 30
44 31
44 32
44 34
44 36
44 38
44 47
44 51
44 52
44 54
44 55
44 56
44 57
44 58
44 59
44 60
44 61
44 63
44 68
44 69
44 73
44 75
44 76
44 77
44 78
44 80
44 83
44 90
44 92
44 94
44 95
44 99
44 100
44 101
44 102
44 105
44 106
44 108
44 111
44 112
44 114
44 116
44 117
44 122
44 125
44 126
44 127
44 131
44 135
44 136
44 138
44 141
44 142
44 144
44 150
44 151
44 152
44 155
44 158
45 1
45 2
45 3
45 4
45 5
45 7
45 8
45 9
45 13
45 15
45 18
45 19
45 22
45 24
45 25
45 26
45 30
45 31
45 36
45 37
45 39
45 40
45 41
45 44
45 46
45 48
45 49
45 51
45 52
45 56
45 58
45 60
45 61
45 62
45 65
45 67
45 68
45 74
45 75
45 83
45 86
45 87
45 90
45 92
45 94
45 96
45 97
45 98
45 101
45 103
45 104
45 106
45 110
45 111
45 112
45 115
45 116
45 117
45 120
45 122
45 123
45 124
45 128
45 129
45 130
45 137
45 138
45 139
45 141
45 143
45 145
45 147
45 151
45 152
45 155
45 156
46 0
46 4
46 7
46 10
46 11
46 14
46 16
46 18
46 21
46 25
46 27
46 32
46 33
46 34
46 36
46 44
46 47
46 48
46 50
46 52
46 53
46 54
46 55
46 56
46 58
46 59
46 60
46 61
46 62
46 63
46 65
46 67
46 69
46 70
46 71
46 72
46 75
46 76
46 79
46 82
46 83
46 84
46 85
46 89
46 96
46 100
46 102
46 103
46 106
46 107
46 108
46 110
46 111
46 113
46 114
46 115
46 118
46 121
46 124
46 126
46 127
46 129
46 135
46 141
46 143
46 145
46 146
46 147
46 148
46 150
46 157
46 158
46 159
47 0
47 3
47 4
47 5
47 6
47 8
47 14
47 16
47 22
47 23
47 24
47 25
47 26
47 27
47 28
47 29
47 31
47 32
47 33
47 36
47 37
47 41
47 45
47 48
47 51
47 52
47 53
47 54
47 56
47 58
47 59
47 62
47 63
47 66
47 67
47 68
47 70
47 71
47 73
47 74
47 75
47 76
47 79
47 80
47 81
47 84
47 85
47 86
47 89
47 91
47 94
47 95
47 96
47 99
47 100
47 104
47 105
47 106
47 110
47 111
47 112
47 116
47 121
47 122
47 125
47 127
47 130
47 131
47 136
47 137
47 138
47 142
47 143
47 149
47 150
47 152
47 153
47 154
47 158
47 159
48 4
48 5
48 7
48 10
48 11
48 19
48 20
48 21
48 24
48 26
48 28
48 33
48 34
48 35
48 39
48 41
48 43
48 44
48 49
48 50
48 52
48 53
48 54
48 57
48 61
48 63
48 65
48 67
48 68
48 74
48 75
48 79
48 82
48 83
48 84
48 88
48 90
48 92
48 95
48 98
48 101
48 103
48 104
48 105
48 109
48 111
48 112
48 113
48 115
48 117
48 119
48 120
48 125
48 126
48 129
48 130
48 138
48 139
48 142
48 143
48 146
48 147
48 148
48 150
48 151
48 156
48 157
48 158
48 159
49 0
49 2
49 5
49 10
49 11
49 12
49 13
49 14
49 18
49 19
49 20
49 22
49 23
49 24
49 25
49 26
49 28
49 31
49 33
49 38
49 40
49 41
49 44
49 46
49 47
49 51
49 53
49 57
49 58
49 59
49 60
49 63
49 71
49 72
49 73
49 74
49 75
49 77
49 80
49 81
49 82
49 83
49 84
49 88
49 93
49 98
49 99
49 100
49 101
49 105
49 107
49 108
49 110
49 114
49 118
49 121
49 123
49 124
49 125
49 126
49 127
49 128
49 129
49 131
49 133
49 139
49 144
49 148
49 149
49 151
49 152
49 156
49 157
49 158
50 0
50 1
50 2
50 5
50 6
50 8
50 10
50 12
50 13
50 14
50 16
50 17
50 18
50 19
50 20
50 23
50 24
50 26
50 27
50 28
50 34
50 36
50 38
50 41
50 43
50 44
50 45
50 47
50 49
50 51
50 52
50 53
50 55
50 56
50 57
50 63
50 66
50 68
50 73
50 74
50 75
50 76
50 77
50 79
50 82
50 86
50 88
50 89
50 96
50 99
50 102
50 104
50 106
50 107
50 110
50 113
50 116
50 118
50 119
50 123
50 124
50 125
50 126
50 127
50 131
50 132
50 135
50 137
50 140
50 141
50 143
50 150
50 151
50 152
50 153
50 154
50 156
50 157
51 1
51 2
51 3
51 4
51 5
51 7
51 8
51 12
51 13
51 15
51 17
51 21
51 22
51 23
51 26
51 28
51 29
51 30
51 32
51 34
51 35
51 36
51 38
51 41
51 42
51 46
51 48
51 54
51 56
51 58
51 59
51 60
51 61
51 63
51 64
51 67
51 68
51 71
51 72
51 73
51 74
51 79
51 80
51 81
51 82
51 84
51 85
51 86
51 87
51 89
51 93
51 94
51 96
51 100
51 102
51 103
51 104
51 109
51 115
51 116
51 118
51 119
51 121
51 123
51 124
51 125
51 126
51 129
51 130
51 131
51 133
51 134
51 139
51 142
51 144
51 151
51 152
51 153
51 154
52 0
52 2
52 5
52 6
52 7
52 9
52 10
52 13
52 14
52 16
52 17
52 20
52 21
52 22
52 23
52 24
52 25
52 26
52 27
52 37
52 38
52 39
52 40
52 41
52 42
52 43
52 49
52 51
52 53
52 54
52 55
52 60
52 61
52 62
52 66
52 70
52 71
52 72
52 73
52 74
52 75
52 77
52 82
52 83
52 86
52 88
52 90
52 91
52 95
52 96
52 97
52 99
52 100
52 102
52 103
52 105
52 106
52 108
52 109
52 116
52 117
52 119
52 120
52 121
52 122
52 126
52 128
52 129
52 131
52 133
52 134
52 135
52 141
52 142
52 144
52 145
52 149
52 150
52 153
52 154
52 155
52 156
52 158
52 159
53 0
53 3
53 4
53 5
53 6
53 7
53 8
53 9
53 16
53 18
53 19
53 22
53 23
53 25
53 26
53 27
53 31
53 33
53 35
53 38
53 44
53 45
53 51
53 54
53 56
53 58
53 61
53 63
53 64
53 67
53 68
53 69
53 73
53 74
53 75
53 77
53 78
53 81
53 82
53 84
53 85
53 87
53 92
53 93
53 94
53 98
53 99
53 101
53 102
53 103
53 105
53 111
53 117
53 118
53 119
53 122
53 123
53 125
53 126
53 130
53 132
53 133
53 140
53 141
53 142
53 144
53 146
53 148
53 149
53 152
53 155
53 157
53 159
54 0
54 1
54 2
54 4
54 7
54 8
54 9
54 15
54 16
54 19
54 20
54 21
54 23
54 29
54 32
54 34
54 37
54 39
54 41
54 42
54 45
54 49
54 50
54 55
54 57
54 59
54 61
54 62
54 63
54 64
54 65
54 66
54 69
54 70
54 72
54 73
54 75
54 76
54 77
54 81
54 82
54 85
54 88
54 90
54 92
54 94
54 95
54 97
54 100
54 102
54 103
54 106
54 110
54 112
54 113
54 114
54 119
54 122
54 123
54 124
54 130
54 131
54 132
54 135
54 137
54 138
54 140
54 141
54 143
54 145
54 146
54 147
54 148
54 150
54 152
54 153
54 155
54 159
55 2
55 3
55 4
55 6
55 7
55 8
55 9
55 11
55 12
55 14
55 15
55 18
55 24
55 26
55 27
55 28
55 29
55 32
55 34
55 35
55 38
55 39
55 40
55 43
55 45
55 47
55 48
55 49
55 51
55 53
55 59
55 60
55 62
55 63
55 64
55 65
55 66
55 67
55 70
55 72
55 73
55 76
55 79
55 84
55 85
55 86
55 91
55 92
55 94
55 98
55 101
55 108
55 109
55 110
55 111
55 113
55 114
55 117
55 120
55 121
55 123
55 124
55 126
55 128
55 129
55 130
55 133
55 134
55 135
55 136
55 140
55 143
55 144
55 145
55 147
55 148
55 149
55 150
55 152
55 153
55 154
56 3
56 5
56 7
56 8
56 9
56 14
56 17
56 18
56 19
56 25
56 32
56 33
56 34
56 35
56 36
56 37
56 39
56 40
56 48
56 49
56 52
56 54
56 55
56 59
56 60
56 63
56 64
56 65
56 70
56 73
56 74
56 75
56 76
56 78
56 79
56 80
56 82
56 83
56 85
56 86
56 88
56 89
56 90
56 91
56 94
56 95
56 99
56 101
56 104
56 105
56 107
56 108
56 109
56 112
56 117
56 119
56 121
56 123
56 125
56 128
56 129
56 133
56 134
56 135
56 136
56 138
56 140
56 141
56 142
56 143
56 147
56 150
56 151
56 152
56 153
56 154
56 155
57 0
57 1
57 2
57 5
57 6
57 7
57 8
57 9
57 10
57 13
57 14
57 15
57 16
57 17
57 19
57 21
57 23
57 24
57 25
57 26
57 27
57 31
57 33
57 34
57 36
57 38
57 45
57 46
57 47
57 51
57 52
57 53
57 55
57 56
57 58
57 59
57 61
57 63
57 65
57 68
57 71
57 72
57 73
57 77
57 78
57 80
57 82
57 83
57 84
57 86
57 88
57 89
57 90
57 91
57 92
57 94
57 96
57 97
57 99
57 101
57 107
57 108
57 112
57 113
57 114
57 115
57 117
57 120
57 121
57 122
57 123
57 124
57 126
57 129
57 134
57 137
57 138
57 140
57 142
57 143
57 144
57 145
57 147
57 149
57 152
57 155
57 158
57 159
58 1
58 2
58 5
58 9
58 13
58 17
58 21
58 22
58 23
58 24
58 25
58 27
58 28
58 30
58 31
58 32
58 33
58 34
58 37
58 38
58 39
58 40
58 48
58 50
58 52
58 54
58 55
58 56
58 59
58 60
58 61
58 62
58 63
58 68
58 72
58 74
58 75
58 76
58 77
58 78
58 79
58 80
58 83
58 84
58 85
58 87
58 88
58 89
58 90
58 91
58 93
58 95
58 96
58 97
58 98
58 100
58 102
58 106
58 107
58 108
58 110
58 111
58 114
58 115
58 117
58 118
58 119
58 120
58 121
58 124
58 125
58 131
58 133
58 134
58 136
58 137
58 138
58 140
58 142
58 144
58 145
58 147
58 149
58 151
58 153
58 156
59 1
59 2
59 3
59 4
59 5
59 9
59 10
59 12
59 13
59 14
59 15
59 18
59 19
59 20
59 21
59 22
59 24
59 26
59 28
59 29
59 31
59 33
59 34
59 35
59 39
59 41
59 43
59 45
59 48
59 50
59 52
59 53
59 63
59 66
59 68
59 69
59 72
59 76
59 77
59 78
59 81
59 82
59 84
59 85
59 87
59 89
59 90
59 93
59 96
59 100
59 101
59 104
59 110
59 111
59 112
59 113
59 115
59 117
59 118
59 120
59 126
59 129
59 133
59 134
59 135
59 139
59 141
59 142
59 143
59 144
59 146
59 147
59 151
59 152
59 156
59 157
59 159
60 1
60 2
60 4
60 6
60 8
60 12
60 13
60 14
60 23
60 25
60 28
60 32
60 33
60 34
60 35
60 40
60 41
60 43
60 47
60 48
60 50
60 53
60 54
60 57
60 59
60 62
60 67
60 69
60 70
60 73
60 74
60 76
60 80
60 81
60 83
60 84
60 86
60 88
60 89
60 90
60 91
60 96
60 100
60 102
60 103
60 104
60 108
60 109
60 111
60 112
60 114
60 115
60 117
60 118
60 119
60 121
60 123
60 124
60 127
60 130
60 132
60 133
60 140
60 141
60 142
60 143
60 145
60 152
60 154
60 156
60 158
61 0
61 1
61 2
61 3
61 8
61 12
61 13
61 14
61 15
61 18
61 20
61 21
61 24
61 25
61 27
61 28
61 29
61 32
61 37
61 38
61 39
61 40
61 42
61 47
61 49
61 50
61 55
61 56
61 59
61 60
61 62
61 63
61 65
61 66
61 71
61 77
61 78
61 79
61 81
61 82
61 85
61 88
61 89
61 90
61 91
61 92
61 95
61 101
61 104
61 105
61 106
61 107
61 109
61 111
61 114
61 120
61 121
61 123
61 126
61 131
61 132
61 135
61 137
61 143
61 144
61 145
61 147
61 150
61 154
61 155
61 156
61 157
61 158
61 159
62 1
62 3
62 4
62 6
62 7
62 8
62 9
62 10
62 11
62 12
62 13
62 14
62 16
62 18
62 20
62 22
62 23
62 25
62 27
62 28
62 30
62 31
62 34
62 35
62 38
62 40
62 43
62 44
62 48
62 49
62 50
62 51
62 53
62 56
62 57
62 59
62 63
62 64
62 65
62 66
62 69
62 72
62 80
62 81
62 82
62 83
62 85
62 87
62 88
62 90
62 93
62 94
62 96
62 97
62 98
62 99
62 100
62 101
62 104
62 105
62 106
62 107
62 109
62 110
62 113
62 114
62 115
62 117
62 120
62 121
62 124
62 125
62 126
62 127
62 128
62 129
62 131
62 133
62 134
62 135
62 139
62 140
62 142
62 145
62 150
62 151
62 152
62 153
62 154
62 155
62 158
62 159
63 1
63 2
63 3
63 4
63 5
63 6
63 9
63 10
63 12
63 13
63 19
63 21
63 22
63 30
63 33
63 37
63 38
63 39
63 40
63 41
63 45
63 52
63 60
63 64
63 68
63 69
63 71
63 74
63 76
63 79
63 80
63 81
63 82
63 87
63 89
63 92
63 94
63 97
63 100
63 102
63 103
63 104
63 106
63 109
63 111
63 115
63 117
63 118
63 119
63 121
63 122
63 125
63 127
63 129
63 131
63 132
63 133
63 134
63 139
63 141
63 144
63 145
63 146
63 147
63 151
63 153
63 155
63 158
64 0
64 1
64 2
64 6
64 7
64 8
64 9
64 11
64 13
64 17
64 18
64 19
64 20
64 22
64 29
64 30
64 31
64 35
64 36
64 39
64 40
64 41
64 43
64 44
64 45
64 46
64 47
64 48
64 49
64 50
64 52
64 57
64 58
64 59
64 60
64 61
64 65
64 67
64 68
64 69
64 70
64 71
64 72
64 74
64 76
64 79
64 82
64 85
64 86
64 87
64 89
64 91
64 92
64 94
64 95
64 96
64 100
64 103
64 106
64 107
64 108
64 111
64 112
64 113
64 114
64 119
64 120
64 122
64 125
64 126
64 127
64 131
64 133
64 135
64 136
64 137
64 138
64 140
64 143
64 144
64 146
64 157
64 158
64 159
65 0
65 1
65 2
65 4
65 8
65 10
65 11
65 12
65 13
65 16
65 19
65 21
65 22
65 27
65 29
65 30
65 31
65 32
65 33
65 34
65 35
65 36
65 39
65 40
65 41
65 43
65 44
65 47
65 49
65 50
65 51
65 52
65 53
65 58
65 59
65 60
65 63
65 66
65 67
65 70
65 73
65 76
65 77
65 79
65 85
65 88
65 90
65 91
65 92
65 95
65 96
65 98
65 100
65 103
65 106
65 108
65 109
65 111
65 112
65 114
65 119
65 122
65 124
65 126
65 127
65 130
65 133
65 134
65 136
65 138
65 139
65 145
65 147
65 148
65 150
65 151
65 153
65 157
65 158
66 0
66 4
66 6
66 7
66 9
66 10
66 12
66 14
66 15
66 17
66 18
66 20
66 23
66 25
66 27
66 28
66 29
66 30
66 32
66 35
66 40
66 44
66 45
66 46
66 48
66 49
66 51
66 53
66 56
66 57
66 58
66 60
66 63
66 64
66 67
66 68
66 70
66 71
66 72
66 73
66 74
66 75
66 76
66 80
66 81
66 82
66 85
66 87
66 89
66 91
66 92
66 93
66 95
66 97
66 98
66 100
66 103
66 105
66 108
66 111
66 112
66 119
66 120
66 123
66 126
66 129
66 130
66 132
66 134
66 136
66 138
66 139
66 146
66 147
66 148
66 152
66 153
66 154
66 156
66 157
66 158
66 159
67 2
67 6
67 7
67 10
67 11
67 12
67 16
67 17
67 19
67 23
67 24
67 27
67 28
67 29
67 30
67 31
67 32
67 33
67 36
67 38
67 39
67 41
67 43
67 44
67 49
67 50
67 52
67 54
67 56
67 57
67 58
67 59
67 61
67 62
67 63
67 72
67 73
67 79
67 80
67 81
67 82
67 87
67 89
67 91
67 93
67 95
67 96
67 102
67 103
67 107
67 108
67 110
67 111
67 113
67 114
67 115
67 116
67 117
67 118
67 120
67 125
67 129
67 130
67 132
67 134
67 138
67 144
67 150
67 152
67 154
67 155
67 159
68 7
68 8
68 9
68 11
68 16
68 18
68 19
68 23
68 24
68 25
68 28
68 29
68 30
68 31
68 33
68 36
68 37
68 38
68 43
68 46
68 49
68 52
68 54
68 55
68 56
68 60
68 61
68 62
68 65
68 67
68 69
68 71
68 73
68 75
68 76
68 80
68 81
68 83
68 84
68 86
68 87
68 88
68 89
68 91
68 92
68 93
68 95
68 96
68 97
68 99
68 101
68 102
68 103
68 105
68 106
68 108
68 109
68 110
68 111
68 113
68 118
68 120
68 121
68 123
68 125
68 126
68 128
68 130
68 131
68 133
68 137
68 138
68 142
68 144
68 145
68 146
68 147
68 148
68 149
68 150
68 151
68 154
68 157
68 158
68 159
69 1
69 3
69 4
69 5
69 6
69 10
69 11
69 14
69 16
69 19
69 20
69 23
69 24
69 28
69 30
69 37
69 39
69 41
69 42
69 45
69 47
69 48
69 49
69 50
69 51
69 52
69 55
69 56
69 57
69 58
69 61
69 65
69 66
69 67
69 70
69 71
69 72
69 75
69 76
69 77
69 78
69 79
69 80
69 81
69 84
69 85
69 88
69 89
69 90
69 92
69 94
69 96
69 97
69 98
69 100
69 101
69 102
69 103
69 104
69 105
69 107
69 108
69 109
69 111
69 112
69 115
69 121
69 123
69 124
69 125
69 128
69 129
69 130
69 134
69 141
69 143
69 148
69 149
69 150
69 153
69 154
69 155
69 156
69 157
69 158
69 159
70 1
70 2
70 3
70 4
70 6
70 8
70 11
70 12
70 15
70 19
70 20
70 23
70 26
70 29
70 31
70 32
70 33
70 35
70 37
70 38
70 39
70 40
70 42
70 43
70 44
70 45
70 48
70 49
70 50
70 51
70 53
70 57
70 58
70 59
70 61
70 62
70 63
70 67
70 68
70 75
70 76
70 77
70 80
70 81
70 82
70 83
70 85
70 86
70 89
70 90
70 91
70 92
70 94
70 95
70 96
70 98
70 99
70 100
70 101
70 102
70 103
70 104
70 105
70 107
70 110
70 111
70 112
70 114
70 116
70 118
70 119
70 121
70 122
70 124
70 125
70 132
70 133
70 135
70 136
70 139
70 142
70 145
70 147
70 150
70 155
70 158
71 2
71 4
71 5
71 6
71 7
71 11
71 12
71 13
71 20
71 21
71 23
71 24
71 25
71 29
71 30
71 33
71 35
71 40
71 42
71 44
71 45
71 48
71 50
71 53
71 54
71 55
71 56
71 58
71 59
71 60
71 62
71 65
71 67
71 70
71 72
71 75
71 78
71 79
71 80
71 82
71 83
71 84
71 85
71 86
71 87
71 88
71 89
71 90
71 92
71 93
71 94
71 95
71 96
71 97
71 98
71 99
71 100
71 101
71 103
71 107
71 113
71 115
71 116
71 117
71 122
71 125
71 126
71 127
71 129
71 131
71 132
71 134
71 136
71 137
71 141
71 143
71 144
71 145
71 149
71 150
71 151
71 152
71 153
71 155
71 157
71 159
72 3
72 4
72 5
72 6
72 7
72 11
72 12
72 13
72 15
72 18
72 19
72 23
72 24
72 27
72 29
72 30
72 33
72 34
72 35
72 36
72 37
72 38
72 39
72 43
72 44
72 45
72 47
72 48
72 50
72 53
72 56
72 60
72 61
72 63
72 65
72 68
72 70
72 74
72 75
72 78
72 79
72 80
72 81
72 82
72 83
72 88
72 90
72 98
72 99
72 103
72 104
72 106
72 112
72 114
72 117
72 119
72 120
72 121
72 122
72 126
72 127
72 129
72 131
72 132
72 133
72 134
72 137
72 141
72 142
72 143
72 145
72 152
72 153
72 155
73 1
73 3
73 4
73 5
73 6
73 7
73 9
73 11
73 13
73 14
73 17
73 19
73 23
73 26
73 31
73 32
73 33
73 36
73 37
73 38
73 43
73 45
73 46
73 48
73 58
73 59
73 61
73 62
73 63
73 64
73 69
73 70
73 71
73 72
73 77
73 80
73 82
73 84
73 85
73 87
73 91
73 92
73 94
73 95
73 98
73 99
73 102
73 105
73 106
73 108
73 110
73 112
73 113
73 115
73 116
73 119
73 120
73 125
73 126
73 127
73 129
73 135
73 136
73 137
73 139
73 140
73 141
73 145
73 147
73 149
73 151
73 153
73 156
73 158
73 159
74 2
74 4
74 11
74 12
74 15
74 16
74 18
74 19
74 20
74 23
74 24
74 27
74 28
74 29
74 30
74 31
74 36
74 40
74 41
74 43
74 44
74 46
74 54
74 55
74 57
74 59
74 61
74 62
74 65
74 67
74 68
74 69
74 70
74 71
74 73
74 75
74 77
74 78
74 80
74 81
74 82
74 83
74 84
74 85
74 87
74 92
74 93
74 94
74 95
74 96
74 100
74 102
74 103
74 105
74 106
74 109
74 110
74 113
74 115
74 117
74 118
74 119
74 120
74 122
74 125
74 126
74 129
74 131
74 133
74 134
74 136
74 142
74 143
74 144
74 146
74 151
74 154
74 156
74 157
74 158
75 0
75 5
75 7
75 11
75 16
75 17
75 18
75 19
75 24
75 31
75 33
75 34
75 36
75 37
75 40
75 42
75 51
75 55
75 57
75 59
75 60
75 61
75 62
75 63
75 64
75 65
75 67
75 73
75 78
75 81
75 82
75 83
75 84
75 86
75 87
75 90
75 92
75 93
75 95
75 97
75 98
75 99
75 101
75 102
75 103
75 104
75 106
75 107
75 108
75 110
75 112
75 116
75 118
75 124
75 125
75 127
75 130
75 132
75 135
75 136
75 142
75 145
75 146
75 150
75 155
75 156
75 157
76 4
76 5
76 6
76 7
76 8
76 9
76 10
76 12
76 13
76 14
76 17
76 18
76 19
76 20
76 21
76 22
76 23
76 25
76 26
76 27
76 28
76 29
76 31
76 36
76 37
76 38
76 40
76 41
76 45
76 48
76 49
76 51
76 52
76 53
76 57
76 61
76 62
76 67
76 71
76 72
76 73
76 74
76 75
76 77
76 79
76 80
76 84
76 85
76 86
76 87
76 89
76 90
76 91
76 92
76 93
76 95
76 96
76 97
76 100
76 102
76 104
76 105
76 107
76 113
76 115
76 120
76 122
76 128
76 129
76 130
76 131
76 132
76 134
76 137
76 138
76 142
76 143
76 145
76 146
76 147
76 148
76 151
76 152
76 154
76 157
76 158
76 159
77 1
77 3
77 4
77 9
77 10
77 11
77 12
77 15
77 19
77 23
77 24
77 26
77 28
77 29
77 30
77 31
77 32
77 33
77 35
77 36
77 37
77 38
77 42
77 43
77 45
77 46
77 47
77 48
77 51
77 55
77 56
77 60
77 62
77 63
77 64
77 66
77 67
77 68
77 71
77 72
77 75
77 83
77 84
77 85
77 86
77 90
77 96
77 98
77 99
77 100
77 101
77 102
77 104
77 106
77 107
77 108
77 110
77 112
77 114
77 115
77 117
77 119
77 122
77 123
77 124
77 127
77 131
77 133
77 134
77 136
77 140
77 142
77 143
77 144
77 145
77 147
77 148
77 150
77 151
77 153
77 156
77 157
77 159
78 0
78 7
78 9
78 10
78 12
78 14
78 18
78 25
78 26
78 30
78 33
78 34
78 35
78 39
78 40
78 43
78 45
78 46
78 47
78 48
78 49
78 50
78 51
78 52
78 54
78 55
78 60
78 62
78 63
78 64
78 65
78 66
78 67
78 68
78 70
78 73
78 76
78 77
78 80
78 81
78 84
78 86
78 87
78 88
78 89
78 93
78 94
78 99
78 104
78 105
78 106
78 107
78 108
78 109
78 110
78 111
78 114
78 115
78 116
78 117
78 119
78 120
78 122
78 124
78 125
78 126
78 127
78 128
78 129
78 130
78 131
78 132
78 137
78 139
78 140
78 141
78 143
78 145
78 147
78 150
78 152
78 154
78 155
78 157
78 158
79 0
79 3
79 4
79 5
79 6
79 7
79 8
79 9
79 10
79 11
79 15
79 17
79 21
79 22
79 24
79 27
79 28
79 29
79 31
79 32
79 34
79 35
79 37
79 38
79 42
79 43
79 44
79 45
79 49
79 52
79 53
79 54
79 57
79 59
79 60
79 62
79 66
79 68
79 70
79 73
79 74
79 75
79 77
79 78
79 81
79 84
79 87
79 88
79 90
79 92
79 94
79 95
79 100
79 101
79 103
79 105
79 106
79 107
79 109
79 111
79 115
79 116
79 117
79 118
79 119
79 120
79 122
79 123
79 126
79 127
79 128
79 129
79 130
79 131
79 132
79 135
79 136
79 139
79 140
79 141
79 143
79 145
79 147
79 148
79 149
79 150
79 153
79 157
79 159
80 0
80 4
80 9
80 10
80 14
80 17
80 19
80 20
80 21
80 22
80 23
80 24
80 25
80 28
80 30
80 31
80 33
80 34
80 35
80 36
80 37
80 40
80 41
80 45
80 46
80 48
80 50
80 52
80 53
80 54
80 55
80 59
80 61
80 64
80 65
80 75
80 77
80 79
80 82
80 83
80 86
80 87
80 88
80 89
80 92
80 93
80 104
80 106
80 108
80 109
80 110
80 111
80 112
80 113
80 114
80 117
80 121
80 124
80 125
80 126
80 128
80 129
80 132
80 134
80 136
80 137
80 140
80 142
80 143
80 144
80 145
80 149
80 150
80 154
80 157
80 159
81 9
81 15
81 16
81 18
81 19
81 20
81 21
81 22
81 31
81 32
81 38
81 40
81 41
81 43
81 44
81 45
81 46
81 48
81 50
81 52
81 55
81 56
81 57
81 58
81 64
81 65
81 71
81 73
81 76
81 77
81 80
81 82
81 86
81 87
81 88
81 89
81 90
81 91
81 92
81 95
81 99
81 101
81 102
81 104
81 107
81 109
81 111
81 112
81 115
81 117
81 122
81 124
81 127
81 128
81 129
81 133
81 135
81 138
81 140
81 143
81 144
81 146
81 149
81 152
81 153
81 158
81 159
82 0
82 2
82 7
82 11
82 13
82 15
82 19
82 20
82 21
82 23
82 24
82 25
82 30
82 31
82 35
82 38
82 39
82 40
82 43
82 44
82 45
82 47
82 55
82 58
82 60
82 65
82 68
82 69
82 76
82 77
82 78
82 79
82 84
82 85
82 90
82 91
82 92
82 93
82 94
82 97
82 100
82 101
82 103
82 106
82 107
82 109
82 110
82 112
82 113
82 114
82 119
82 121
82 122
82 124
82 125
82 126
82 129
82 130
82 131
82 132
82 133
82 135
82 137
82 140
82 144
82 146
82 148
82 151
82 153
82 154
82 155
82 156
82 158
82 159
83 0
83 2
83 3
83 4
83 5
83 6
83 7
83 8
83 14
83 17
83 21
83 22
83 25
83 26
83 29
83 31
83 32
83 33
83 36
83 37
83 38
83 40
83 41
83 42
83 43
83 47
83 50
83 51
83 53
83 54
83 55
83 59
83 61
83 63
83 64
83 65
83 66
83 67
83 69
83 73
83 76
83 78
83 79
83 81
83 82
83 86
83 89
83 90
83 96
83 100
83 101
83 103
83 104
83 105
83 107
83 110
83 111
83 112
83 113
83 114
83 115
83 116
83 122
83 126
83 128
83 129
83 132
83 133
83 135
83 136
83 138
83 144
83 146
83 147
83 148
83 151
83 153
83 156
83 157
83 158
84 5
84 7
84 8
84 9
84 16
84 17
84 18
84 20
84 25
84 28
84 29
84 30
84 31
84 32
84 35
84 36
84 38
84 39
84 41
84 42
84 43
84 44
84 45
84 50
84 52
84 54
84 56
84 61
84 62
84 63
84 64
84 65
84 66
84 67
84 70
84 72
84 80
84 81
84 83
84 85
84 86
84 88
84 90
84 91
84 92
84 93
84 95
84 103
84 107
84 108
84 113
84 115
84 117
84 118
84 120
84 121
84 122
84 125
84 126
84 127
84 129
84 130
84 132
84 134
84 141
84 144
84 145
84 146
84 147
84 149
84 150
84 151
84 153
84 155
84 157
84 159
85 0
85 1
85 5
85 6
85 10
85 15
85 21
85 22
85 24
85 27
85 29
85 31
85 32
85 37
85 38
85 40
85 44
85 45
85 48
85 49
85 50
85 52
85 57
85 60
85 63
85 67
85 68
85 72
85 75
85 78
85 79
85 80
85 81
85 83
85 86
85 87
85 88
85 92
85 93
85 94
85 96
85 97
85 98
85 99
85 100
85 101
85 102
85 104
85 107
85 108
85 112
85 113
85 114
85 118
85 119
85 123
85 126
85 127
85 128
85 129
85 130
85 132
85 134
85 135
85 137
85 140
85 145
85 147
85 148
85 150
85 152
85 155
85 156
85 158
85 159
86 2
86 3
86 6
86 8
86 10
86 11
86 12
86 15
86 18
86 20
86 22
86 24
86 28
86 29
86 30
86 35
86 36
86 37
86 38
86 43
86 44
86 46
86 48
86 49
86 53
86 54
86 58
86 59
86 61
86 62
86 63
86 65
86 66
86 67
86 69
86 72
86 73
86 74
86 79
86 82
86 90
86 94
86 100
86 102
86 106
86 107
86 109
86 111
86 114
86 115
86 116
86 117
86 119
86 120
86 121
86 125
86 126
86 129
86 131
86 132
86 136
86 138
86 141
86 142
86 143
86 146
86 149
86 150
86 151
86 157
86 158
87 4
87 5
87 6
87 7
87 9
87 10
87 11
87 12
87 13
87 14
87 15
87 18
87 21
87 23
87 26
87 27
87 30
87 31
87 32
87 33
87 34
87 35
87 37
87 39
87 40
87 42
87 43
87 44
87 46
87 47
87 48
87 49
87 50
87 52
87 54
87 55
87 56
87 57
87 60
87 61
87 65
87 69
87 70
87 72
87 77
87 82
87 83
87 84
87 86
87 88
87 92
87 99
87 101
87 103
87 106
87 108
87 109
87 112
87 113
87 114
87 115
87 116
87 117
87 119
87 121
87 122
87 124
87 125
87 127
87 128
87 129
87 131
87 132
87 138
87 143
87 144
87 145
87 147
87 148
87 150
87 156
87 159
88 2
88 6
88 7
88 8
88 9
88 11
88 17
88 18
88 21
88 22
88 26
88 27
88 29
88 32
88 33
88 34
88 36
88 38
88 39
88 40
88 41
88 43
88 44
88 45
88 46
88 47
88 51
88 53
88 55
88 59
88 63
88 64
88 66
88 67
88 70
88 73
88 74
88 75
88 76
88 77
88 82
88 83
88 86
88 90
88 91
88 93
88 95
88 97
88 98
88 99
88 100
88 101
88 102
88 103
88 105
88 109
88 111
88 114
88 115
88 118
88 119
88 120
88 121
88 123
88 124
88 126
88 127
88 128
88 129
88 130
88 133
88 135
88 136
88 137
88 138
88 139
88 140
88 141
88 143
88 144
88 147
88 149
88 150
88 152
88 155
88 156
88 158
89 1
89 2
89 3
89 7
89 8
89 9
89 10
89 11
89 13
89 18
89 19
89 22
89 24
89 26
89 27
89 29
89 30
89 33
89 34
89 35
89 37
89 38
89 40
89 44
89 45
89 48
89 49
89 52
89 53
89 54
89 55
89 62
89 65
89 72
89 73
89 74
89 75
89 77
89 79
89 82
89 84
89 85
89 86
89 87
89 88
89 92
89 93
89 95
89 96
89 97
89 98
89 100
89 102
89 104
89 110
89 112
89 115
89 117
89 119
89 120
89 121
89 122
89 123
89 127
89 128
89 133
89 137
89 143
89 144
89 146
89 147
89 151
89 153
89 154
89 158
90 1
90 2
90 4
90 5
90 7
90 8
90 11
90 12
90 14
90 15
90 16
90 18
90 19
90 20
90 21
90 23
90 25
90 26
90 28
90 29
90 30
90 33
90 34
90 35
90 39
90 46
90 47
90 49
90 50
90 51
90 53
90 55
90 63
90 64
90 66
90 67
90 68
90 73
90 74
90 78
90 80
90 85
90 87
90 89
90 91
90 94
90 95
90 96
90 98
90 100
90 103
90 105
90 108
90 109
90 111
90 113
90 114
90 115
90 117
90 119
90 120
90 124
90 127
90 128
90 130
90 136
90 144
90 149
90 151
90 152
90 153
90 155
90 156
91 6
91 8
91 9
91 11
91 13
91 14
91 15
91 18
91 20
91 22
91 23
91 24
91 30
91 31
91 33
91 34
91 35
91 36
91 37
91 39
91 40
91 41
91 42
91 43
91 44
91 45
91 46
91 48
91 49
91 50
91 51
91 53
91 54
91 59
91 62
91 63
91 69
91 71
91 72
91 74
91 75
91 77
91 78
91 79
91 80
91 83
91 85
91 86
91 87
91 89
91 92
91 95
91 97
91 98
91 100
91 101
91 107
91 108
91 109
91 110
91 111
91 112
91 117
91 119
91 121
91 122
91 123
91 124
91 129
91 133
91 134
91 135
91 137
91 139
91 143
91 147
91 150
91 152
91 154
91 156
91 159
92 0
92 2
92 3
92 4
92 5
92 9
92 10
92 11
92 12
92 14
92 16
92 18
92 19
92 20
92 21
92 22
92 25
92 27
92 28
92 29
92 32
92 35
92 36
92 39
92 40
92 41
92 43
92 46
92 47
92 49
92 50
92 51
92 52
92 56
92 58
92 59
92 60
92 62
92 67
92 72
92 77
92 78
92 83
92 86
92 88
92 90
92 95
92 99
92 100
92 102
92 107
92 108
92 110
92 111
92 112
92 114
92 115
92 116
92 117
92 120
92 123
92 127
92 129
92 131
92 134
92 135
92 137
92 139
92 141
92 142
92 144
92 147
92 148
92 149
92 150
92 151
92 153
92 155
92 158
93 0
93 1
93 2
93 4
93 5
93 7
93 8
93 10
93 11
93 15
93 17
93 19
93 20
93 21
93 22
93 23
93 24
93 25
93 27
93 31
93 33
93 35
93 36
93 38
93 39
93 40
93 42
93 43
93 44
93 45
93 46
93 47
93 48
93 50
93 52
93 54
93 55
93 56
93 57
93 60
93 61
93 63
93 64
93 65
93 69
93 70
93 72
93 73
93 77
93 79
93 81
93 83
93 86
93 87
93 90
93 91
93 92
93 94
93 100
93 101
93 102
93 103
93 104
93 108
93 110
93 112
93 115
93 116
93 118
93 119
93 121
93 124
93 126
93 127
93 128
93 129
93 130
93 131
93 133
93 141
93 142
93 148
93 152
93 153
93 156
93 157
94 0
94 1
94 3
94 5
94 12
94 14
94 15
94 17
94 20
94 21
94 22
94 26
94 27
94 28
94 29
94 30
94 31
94 32
94 33
94 35
94 37
94 38
94 41
94 42
94 43
94 46
94 48
94 49
94 50
94 52
94 58
94 59
94 60
94 61
94 65
94 66
94 67
94 68
94 72
94 75
94 76
94 77
94 80
94 81
94 83
94 84
94 87
94 88
94 89
94 91
94 92
94 95
94 97
94 100
94 102
94 103
94 104
94 105
94 106
94 107
94 108
94 109
94 111
94 113
94 114
94 115
94 116
94 122
94 123
94 126
94 128
94 129
94 130
94 133
94 136
94 137
94 138
94 139
94 140
94 143
94 144
94 146
94 147
94 151
94 152
94 153
94 155
94 159
95 0
95 1
95 3
95 5
95 6
95 7
95 8
95 9
95 10
95 14
95 17
95 19
95 22
95 23
95 24
95 27
95 29
95 31
95 37
95 38
95 41
95 45
95 46
95 49
95 50
95 51
95 53
95 55
95 57
95 59
95 60
95 62
95 63
95 69
95 72
95 77
95 78
95 80
95 82
95 83
95 85
95 86
95 87
95 93
95 98
95 101
95 102
95 103
95 106
95 107
95 108
95 109
95 111
95 112
95 115
95 116
95 117
95 119
95 120
95 121
95 122
95 125
95 126
95 128
95 129
95 131
95 134
95 137
95 140
95 144
95 145
95 146
95 147
95 148
95 150
95 154
95 159
96 1
96 4
96 5
96 6
96 7
96 8
96 9
96 10
96 15
96 17
96 18
96 19
96 21
96 23
96 24
96 25
96 28
96 30
96 34
96 37
96 38
96 41
96 42
96 44
96 48
96 49
96 53
96 54
96 55
96 56
96 61
96 63
96 66
96 72
96 73
96 75
96 78
96 79
96 80
96 81
96 82
96 84
96 86
96 87
96 88
96 91
96 92
96 93
96 94
96 95
96 99
96 100
96 102
96 104
96 108
96 114
96 115
96 117
96 120
96 121
96 122
96 124
96 126
96 134
96 139
96 142
96 143
96 144
96 145
96 146
96 148
96 149
96 153
96 155
96 159
97 0
97 1
97 2
97 3
97 4
97 5
97 6
97 7
97 8
97 9
97 11
97 15
97 17
97 18
97 19
97 20
97 21
97 22
97 23
97 24
97 25
97 27
97 31
97 33
97 37
97 38
97 39
97 40
97 41
97 42
97 44
97 46
97 47
97 48
97 49
97 50
97 51
97 53
97 55
97 56
97 59
97 60
97 61
97 64
97 65
97 67
97 70
97 72
97 73
97 74
97 77
97 78
97 79
97 80
97 81
97 83
97 84
97 86
97 87
97 90
97 92
97 93
97 95
97 96
97 99
97 100
97 101
97 103
97 104
97 105
97 106
97 107
97 109
97 111
97 113
97 115
97 116
97 117
97 118
97 122
97 126
97 128
97 132
97 133
97 134
97 135
97 136
97 137
97 139
97 141
97 146
97 148
97 149
97 150
97 152
97 155
97 157
97 158
97 159
98 2
98 6
98 7
98 9
98 12
98 13
98 15
98 17
98 18
98 19
98 22
98 25
98 26
98 28
98 31
98 33
98 35
98 40
98 42
98 43
98 44
98 46
98 47
98 50
98 51
98 52
98 54
98 56
98 57
98 59
98 60
98 61
98 63
98 64
98 67
98 68
98 74
98 76
98 78
98 79
98 80
98 81
98 82
98 83
98 84
98 86
98 87
98 92
98 93
98 94
98 96
98 97
98 101
98 102
98 106
98 110
98 111
98 112
98 115
98 117
98 119
98 120
98 121
98 122
98 123
98 124
98 126
98 127
98 128
98 130
98 132
98 133
98 135
98 139
98 141
98 142
98 144
98 145
98 147
98 149
98 153
98 154
98 158
98 159
99 3
99 4
99 6
99 7
99 8
99 10
99 13
99 14
99 16
99 18
99 19
99 21
99 22
99 23
99 24
99 25
99 28
99 29
99 31
99 33
99 34
99 35
99 39
99 40
99 45
99 46
99 48
99 51
99 54
99 55
99 58
99 59
99 60
99 61
99 63
99 64
99 65
99 66
99 67
99 69
99 74
99 76
99 79
99 80
99 82
99 83
99 84
99 86
99 89
99 90
99 91
99 93
99 94
99 95
99 98
99 101
99 104
99 105
99 108
99 109
99 110
99 111
99 113
99 114
99 115
99 116
99 117
99 118
99 120
99 121
99 123
99 124
99 128
99 129
99 130
99 131
99 133
99 134
99 135
99 136
99 139
99 145
99 154
99 158
100 0
100 1
100 2
100 3
100 4
100 5
100 7
100 8
100 11
100 16
100 19
100 20
100 21
100 22
100 23
100 24
100 25
100 26
100 28
100 35
100 37
100 38
100 40
100 45
100 48
100 50
100 53
100 55
100 56
100 57
100 61
100 67
100 68
100 72
100 73
100 75
100 78
100 80
100 81
100 84
100 87
100 95
100 98
100 99
100 104
100 107
100 108
100 109
100 110
100 112
100 115
100 117
100 118
100 120
100 122
100 125
100 126
100 130
100 134
100 136
100 137
100 144
100 146
100 148
100 149
100 150
100 152
100 155
100 156
100 158
100 159
101 1
101 2
101 6
101 9
101 11
101 12
101 14
101 16
101 21
101 22
101 24
101 26
101 28
101 29
101 32
101 33
101 38
101 42
101 43
101 46
101 47
101 50
101 51
101 52
101 54
101 58
101 60
101 63
101 64
101 65
101 66
101 67
101 72
101 73
101 74
101 76
101 78
101 80
101 84
101 86
101 89
101 90
101 92
101 94
101 96
101 100
101 107
101 111
101 115
101 119
101 120
101 124
101 125
101 128
101 129
101 130
101 134
101 135
101 136
101 137
101 139
101 140
101 142
101 146
101 148
101 149
101 151
101 154
101 158
102 1
102 2
102 4
102 6
102 7
102 8
102 9
102 10
102 11
102 13
102 14
102 17
102 27
102 29
102 36
102 37
102 39
102 41
102 45
102 47
102 48
102 49
102 55
102 56
102 57
102 59
102 61
102 62
102 64
102 65
102 66
102 71
102 72
102 78
102 79
102 80
102 82
102 83
102 84
102 87
102 90
102 91
102 97
102 99
102 100
102 101
102 104
102 106
102 108
102 112
102 113
102 116
102 118
102 119
102 120
102 121
102 125
102 126
102 127
102 129
102 131
102 132
102 133
102 134
102 136
102 137
102 138
102 139
102 143
102 144
102 145
102 146
102 149
102 150
102 154
102 158
103 0
103 2
103 3
103 7
103 8
103 10
103 11
103 13
103 14
103 15
103 16
103 18
103 19
103 20
103 22
103 23
103 27
103 28
103 30
103 31
103 39
103 40
103 41
103 42
103 43
103 44
103 47
103 49
103 50
103 55
103 56
103 57
103 58
103 59
103 61
103 62
103 73
103 76
103 77
103 78
103 80
103 81
103 85
103 86
103 89
103 91
103 92
103 96
103 98
103 99
103 100
103 101
103 102
103 104
103 106
103 108
103 109
103 111
103 112
103 113
103 115
103 116
103 118
103 119
103 122
103 124
103 126
103 129
103 132
103 134
103 138
103 139
103 141
103 143
103 146
103 147
103 150
103 152
103 154
103 155
103 156
103 157
103 158
103 159
104 2
104 4
104 6
104 9
104 10
104 11
104 12
104 14
104 16
104 17
104 20
104 21
104 23
104 25
104 29
104 30
104 31
104 32
104 35
104 37
104 39
104 40
104 42
104 44
104 46
104 49
104 52
104 53
104 54
104 55
104 57
104 58
104 64
104 65
104 66
104 67
104 68
104 71
104 73
104 74
104 79
104 82
104 84
104 86
104 87
104 88
104 90
104 91
104 92
104 95
104 98
104 101
104 105
104 106
104 107
104 108
104 109
104 110
104 112
104 113
104 114
104 115
104 117
104 120
104 122
104 123
104 124
104 125
104 126
104 131
104 132
104 133
104 135
104 144
104 146
104 149
104 150
104 152
104 153
104 157
104 158
105 0
105 2
105 4
105 9
105 11
105 13
105 14
105 15
105 17
105 18
105 19
105 20
105 21
105 22
105 25
105 26
105 29
105 30
105 32
105 34
105 39
105 41
105 42
105 43
105 45
105 46
105 50
105 51
105 54
105 55
105 57
105 58
105 59
105 60
105 63
105 64
105 65
105 67
105 71
105 72
105 75
105 77
105 80
105 81
105 82
105 84
105 85
105 86
105 87
105 89
105 91
105 92
105 93
105 95
105 96
105 98
105 100
105 101
105 102
105 103
105 110
105 111
105 112
105 114
105 117
105 118
105 119
105 122
105 123
105 126
105 128
105 129
105 130
105 133
105 136
105 137
105 138
105 139
105 140
105 141
105 143
105 145
105 147
105 148
105 149
105 150
105 153
105 154
105 157
105 158
106 2
106 3
106 4
106 5
106 7
106 8
106 10
106 11
106 14
106 15
106 16
106 17
106 18
106 20
106 21
106 26
106 27
106 28
106 30
106 32
106 37
106 40
106 41
106 48
106 49
106 51
106 53
106 55
106 56
106 57
106 59
106 60
106 66
106 67
106 69
106 70
106 71
106 76
106 81
106 83
106 84
106 85
106 88
106 89
106 90
106 91
106 92
106 93
106 96
106 99
106 100
106 101
106 105
106 107
106 108
106 109
106 110
106 114
106 115
106 117
106 119
106 120
106 122
106 127
106 128
106 132
106 133
106 134
106 135
106 137
106 138
106 139
106 140
106 143
106 144
106 148
106 149
106 152
106 154
106 155
106 156
106 158
106 159
107 2
107 4
107 9
107 10
107 12
107 19
107 20
107 21
107 26
107 28
107 29
107 31
107 32
107 33
107 34
107 35
107 36
107 38
107 39
107 40
107 41
107 42
107 43
107 44
107 45
107 47
107 48
107 51
107 52
107 53
107 54
107 55
107 59
107 60
107 63
107 65
107 66
107 68
107 72
107 73
107 74
107 80
107 87
107 88
107 89
107 90
107 93
107 96
107 98
107 99
107 102
107 103
107 105
107 110
107 111
107 112
107 113
107 114
107 115
107 116
107 118
107 120
107 122
107 126
107 130
107 131
107 132
107 135
107 138
107 141
107 147
107 149
107 150
107 151
107 152
107 153
107 154
107 155
107 157
107 158
107 159
108 0
108 1
108 3
108 5
108 6
108 7
108 8
108 9
108 11
108 15
108 16
108 17
108 18
108 22
108 26
108 27
108 28
108 30
108 32
108 34
108 36
108 37
108 39
108 45
108 47
108 48
108 50
108 51
108 53
108 54
108 59
108 61
108 62
108 63
108 70
108 71
108 72
108 74
108 76
108 79
108 81
108 82
108 83
108 86
108 88
108 89
108 97
108 98
108 101
108 105
108 107
108 111
108 112
108 113
108 114
108 115
108 116
108 120
108 124
108 125
108 127
108 129
108 130
108 131
108 132
108 134
108 135
108 137
108 139
108 140
108 142
108 143
108 144
108 145
108 146
108 148
108 150
108 152
108 154
108 158
109 1
109 2
109 3
109 6
109 7
109 9
109 11
109 13
109 16
109 17
109 19
109 22
109 24
109 25
109 26
109 28
109 29
109 33
109 36
109 37
109 38
109 39
109 41
109 43
109 44
109 45
109 46
109 47
109 49
109 50
109 53
109 54
109 57
109 58
109 59
109 64
109 66
109 67
109 70
109 71
109 72
109 73
109 75
109 76
109 77
109 83
109 84
109 85
109 89
109 92
109 93
109 96
109 98
109 101
109 102
109 105
109 107
109 108
109 111
109 112
109 113
109 116
109 119
109 120
109 121
109 123
109 124
109 125
109 126
109 129
109 132
109 133
109 134
109 137
109 139
109 142
109 143
109 144
109 145
109 146
109 147
109 148
109 149
109 151
109 153
109 156
109 158
109 159
110 0
110 2
110 3
110 4
110 11
110 12
110 13
110 14
110 17
110 19
110 22
110 27
110 28
110 30
110 32
110 34
110 35
110 37
110 38
110 40
110 41
110 44
110 48
110 51
110 52
110 53
110 56
110 57
110 60
110 61
110 63
110 64
110 65
110 66
110 69
110 71
110 72
110 76
110 79
110 81
110 84
110 85
110 86
110 87
110 88
110 90
110 94
110 95
110 96
110 97
110 101
110 102
110 103
110 108
110 109
110 111
110 113
110 114
110 116
110 119
110 121
110 122
110 123
110 124
110 125
110 127
110 130
110 131
110 132
110 134
110 137
110 138
110 139
110 143
110 148
110 155
110 158
110 159
111 0
111 3
111 6
111 7
111 8
111 10
111 11
111 12
111 14
111 17
111 18
111 27
111 28
111 29
111 32
111 33
111 34
111 38
111 39
111 40
111 41
111 49
111 50
111 51
111 52
111 54
111 56
111 57
111 62
111 71
111 72
111 73
111 74
111 75
111 76
111 77
111 82
111 84
111 85
111 87
111 89
111 93
111 96
111 100
111 102
111 104
111 106
111 114
111 119
111 121
111 122
111 125
111 126
111 127
111 128
111 131
111 132
111 133
111 134
111 135
111 140
111 146
111 147
111 148
111 149
111 150
111 153
111 155
111 159
112 0
112 2
112 4
112 6
112 9
112 16
112 17
112 20
112 23
112 24
112 27
112 28
112 30
112 40
112 42
112 43
112 46
112 49
112 50
112 51
112 52
112 53
112 55
112 58
112 61
112 62
112 63
112 67
112 68
112 71
112 74
112 76
112 78
112 79
112 84
112 86
112 88
112 90
112 94
112 96
112 97
112 99
112 101
112 106
112 110
112 111
112 113
112 117
112 122
112 123
112 124
112 125
112 128
112 129
112 136
112 137
112 139
112 140
112 141
112 142
112 147
112 149
112 151
112 153
112 154
112 155
112 157
112 158
113 1
113 2
113 5
113 11
113 13
113 15
113 21
113 22
113 23
113 24
113 25
113 26
113 27
113 28
113 31
113 32
113 33
113 36
113 37
113 40
113 42
113 43
113 44
113 45
113 47
113 49
113 51
113 52
113 53
113 56
113 58
113 60
113 61
113 63
113 65
113 66
113 69
113 70
113 72
113 75
113 77
113 78
113 79
113 81
113 86
113 88
113 89
113 91
113 92
113 93
113 95
113 96
113 98
113 100
113 101
113 105
113 106
113 111
113 118
113 119
113 121
113 122
113 123
113 124
113 125
113 128
113 130
113 131
113 134
113 135
113 136
113 137
113 138
113 141
113 143
113 146
113 150
113 151
113 153
113 154
113 155
113 156
113 159
114 1
114 5
114 6
114 9
114 12
114 13
114 14
114 15
114 16
114 18
114 19
114 22
114 27
114 34
114 35
114 39
114 41
114 43
114 45
114 47
114 48
114 50
114 51
114 52
114 53
114 56
114 59
114 63
114 66
114 68
114 69
114 71
114 73
114 74
114 75
114 76
114 79
114 81
114 84
114 89
114 91
114 93
114 95
114 97
114 98
114 100
114 101
114 102
114 103
114 109
114 112
114 113
114 116
114 117
114 119
114 121
114 122
114 123
114 126
114 127
114 128
114 129
114 130
114 133
114 134
114 136
114 137
114 139
114 140
114 141
114 144
114 145
114 146
114 151
114 152
114 153
114 154
114 158
114 159
115 1
115 2
115 4
115 7
115 8
115 9
115 10
115 11
115 12
115 14
115 17
115 20
115 23
115 24
115 26
115 30
115 33
115 34
115 35
115 36
115 37
115 38
115 39
115 41
115 42
115 43
115 44
115 47
115 49
115 50
115 52
115 53
115 54
115 55
115 56
115 61
115 64
115 65
115 66
115 68
115 70
115 72
115 75
115 80
115 82
115 85
115 91
115 102
115 105
115 109
115 110
115 111
115 112
115 113
115 114
115 116
115 117
115 118
115 119
115 122
115 124
115 125
115 130
115 135
115 137
115 140
115 142
115 143
115 145
115 146
115 147
115 149
115 150
115 151
115 152
115 155
115 156
115 159
116 0
116 4
116 6
116 7
116 8
116 9
116 10
116 11
116 12
116 14
116 15
116 16
116 17
116 18
116 19
116 21
116 22
116 23
116 24
116 27
116 28
116 30
116 31
116 34
116 35
116 36
116 37
116 39
116 41
116 46
116 48
116 49
116 53
116 54
116 55
116 56
116 57
116 58
116 59
116 60
116 61
116 62
116 63
116 64
116 65
116 66
116 68
116 69
116 72
116 74
116 76
116 77
116 80
116 81
116 82
116 84
116 85
116 88
116 89
116 90
116 91
116 96
116 98
116 100
116 101
116 104
116 105
116 106
116 111
116 112
116 113
116 120
116 121
116 122
116 123
116 125
116 127
116 129
116 132
116 134
116 136
116 138
116 139
116 142
116 143
116 146
116 151
116 153
116 154
116 156
116 159
117 0
117 5
117 6
117 7
117 8
117 9
117 10
117 13
117 14
117 16
117 23
117 25
117 26
117 27
117 32
117 33
117 34
117 35
117 41
117 42
117 43
117 46
117 47
117 49
117 50
117 51
117 54
117 61
117 64
117 65
117 66
117 68
117 69
117 70
117 73
117 75
117 76
117 82
117 83
117 85
117 88
117 93
117 94
117 101
117 102
117 103
117 107
117 108
117 109
117 110
117 111
117 113
117 116
117 118
117 119
117 120
117 122
117 123
117 125
117 126
117 127
117 129
117 130
117 136
117 137
117 138
117 139
117 142
117 143
117 145
117 146
117 148
117 149
117 150
117 151
117 152
117 157
117 158
117 159
118 2
118 3
118 4
118 5
118 6
118 9
118 10
118 11
118 16
118 17
118 20
118 23
118 24
118 25
118 26
118 27
118 28
118 31
118 32
118 35
118 37
118 38
118 39
118 40
118 43
118 44
118 45
118 47
118 48
118 52
118 54
118 55
118 56
118 57
118 61
118 62
118 64
118 65
118 66
118 69
118 71
118 72
118 73
118 76
118 77
118 78
118 80
118 81
118 82
118 83
118 86
118 87
118 89
118 90
118 91
118 92
118 94
118 95
118 96
118 98
118 101
118 104
118 106
118 108
118 109
118 110
118 111
118 112
118 114
118 116
118 123
118 124
118 127
118 128
118 132
118 134
118 137
118 139
118 141
118 143
118 144
118 145
118 147
118 150
118 151
118 152
118 153
118 155
118 157
118 158
118 159
119 0
119 4
119 5
119 6
119 8
119 9
119 10
119 12
119 14
119 15
119 19
119 20
119 23
119 25
119 28
119 29
119 30
119 33
119 34
119 36
119 38
119 40
119 42
119 43
119 44
119 45
119 46
119 47
119 49
119 55
119 57
119 59
119 61
119 62
119 67
119 68
119 69
119 71
119 75
119 76
119 80
119 81
119 83
119 84
119 92
119 94
119 96
119 97
119 99
119 100
119 104
119 107
119 108
119 112
119 116
119 118
119 120
119 121
119 122
119 123
119 125
119 127
119 131
119 135
119 140
119 141
119 142
119 143
119 144
119 148
119 150
119 156
119 158
119 159
120 1
120 2
120 5
120 6
120 7
120 10
120 11
120 12
120 14
120 16
120 17
120 19
120 20
120 24
120 25
120 27
120 28
120 29
120 32
120 34
120 36
120 37
120 38
120 42
120 43
120 44
120 46
120 47
120 49
120 50
120 51
120 53
120 54
120 56
120 60
120 63
120 65
120 69
120 70
120 71
120 75
120 77
120 80
120 81
120 82
120 83
120 85
120 87
120 91
120 93
120 94
120 97
120 103
120 105
120 110
120 111
120 112
120 113
120 114
120 115
120 118
120 122
120 123
120 124
120 125
120 126
120 127
120 131
120 132
120 137
120 138
120 144
120 148
120 150
120 151
120 152
120 155
120 159
121 1
121 4
121 8
121 11
121 12
121 15
121 16
121 18
121 19
121 20
121 22
121 23
121 24
121 28
121 33
121 34
121 37
121 44
121 45
121 48
121 50
121 53
121 54
121 59
121 64
121 65
121 66
121 67
121 71
121 73
121 74
121 75
121 76
121 77
121 78
121 79
121 81
121 83
121 85
121 90
121 92
121 94
121 97
121 100
121 101
121 103
121 104
121 105
121 106
121 107
121 108
121 112
121 115
121 117
121 118
121 120
121 122
121 123
121 125
121 126
121 129
121 130
121 134
121 135
121 138
121 140
121 141
121 143
121 144
121 146
121 147
121 148
121 149
121 150
121 152
121 154
121 155
121 156
121 159
122 1
122 2
122 3
122 4
122 9
122 10
122 12
122 15
122 17
122 18
122 20
122 22
122 23
122 24
122 27
122 28
122 30
122 32
122 34
122 35
122 40
122 41
122 42
122 46
122 48
122 49
122 50
122 51
122 55
122 56
122 58
122 59
122 60
122 61
122 62
122 66
122 67
122 68
122 69
122 73
122 75
122 80
122 85
122 86
122 88
122 90
122 92
122 93
122 99
122 101
122 102
122 108
122 109
122 118
122 124
122 125
122 127
122 130
122 131
122 132
122 135
122 138
122 139
122 140
122 141
122 142
122 143
122 145
122 147
122 148
122 149
122 150
122 151
122 153
122 154
122 155
122 156
123 2
123 6
123 10
123 12
123 13
123 16
123 18
123 24
123 25
123 29
123 30
123 32
123 35
123 37
123 38
123 40
123 44
123 46
123 47
123 48
123 52
123 58
123 59
123 62
123 63
123 64
123 65
123 67
123 70
123 71
123 72
123 73
123 74
123 75
123 76
123 78
123 80
123 81
123 82
123 83
123 84
123 86
123 87
123 90
123 93
123 95
123 96
123 97
123 100
123 101
123 102
123 103
123 106
123 107
123 108
123 111
123 115
123 122
123 128
123 129
123 130
123 131
123 132
123 135
123 138
123 139
123 140
123 141
123 142
123 144
123 146
123 149
123 150
123 155
123 156
123 157
123 158
123 159
124 0
124 1
124 2
124 5
124 6
124 7
124 11
124 12
124 13
124 14
124 16
124 17
124 20
124 21
124 24
124 25
124 27
124 31
124 32
124 33
124 34
124 36
124 41
124 42
124 44
124 47
124 48
124 52
124 53
124 56
124 59
124 61
124 63
124 64
124 66
124 67
124 68
124 71
124 72
124 73
124 74
124 76
124 79
124 83
124 84
124 85
124 86
124 89
124 92
124 94
124 95
124 97
124 100
124 102
124 105
124 106
124 107
124 111
124 114
124 116
124 117
124 119
124 121
124 123
124 128
124 132
124 133
124 136
124 137
124 141
124 143
124 147
124 148
124 152
124 153
124 154
124 157
124 159
125 0
125 2
125 3
125 6
125 7
125 9
125 10
125 13
125 14
125 19
125 20
125 22
125 25
125 26
125 27
125 28
125 32
125 34
125 35
125 39
125 41
125 43
125 45
125 46
125 52
125 54
125 55
125 57
125 59
125 60
125 61
125 65
125 66
125 72
125 76
125 77
125 79
125 81
125 83
125 85
125 88
125 89
125 90
125 91
125 92
125 93
125 94
125 96
125 97
125 98
125 99
125 103
125 105
125 106
125 107
125 114
125 118
125 123
125 124
125 126
125 127
125 133
125 135
125 136
125 137
125 138
125 139
125 140
125 141
125 143
125 144
125 149
125 150
125 151
125 152
125 153
125 154
125 155
125 158
125 159
126 3
126 6
126 7
126 12
126 13
126 15
126 16
126 17
126 19
126 20
126 21
126 23
126 25
126 28
126 31
126 33
126 38
126 40
126 42
126 45
126 47
126 54
126 56
126 58
126 60
126 63
126 67
126 69
126 70
126 75
126 76
126 77
126 81
126 87
126 89
126 90
126 91
126 92
126 99
126 101
126 106
126 108
126 110
126 112
126 113
126 115
126 116
126 118
126 119
126 122
126 123
126 124
126 127
126 129
126 130
126 131
126 133
126 134
126 135
126 137
126 139
126 142
126 147
126 148
126 149
126 151
126 156
127 3
127 5
127 6
127 9
127 12
127 15
127 19
127 22
127 27
127 28
127 29
127 30
127 34
127 38
127 39
127 45
127 48
127 51
127 52
127 53
127 54
127 55
127 56
127 57
127 58
127 59
127 61
127 66
127 67
127 68
127 69
127 70
127 74
127 76
127 80
127 82
127 83
127 86
127 91
127 94
127 95
127 96
127 97
127 99
127 100
127 101
127 103
127 104
127 105
127 107
127 109
127 112
127 113
127 115
127 121
127 123
127 124
127 128
127 129
127 130
127 137
127 138
127 141
127 145
127 146
127 150
127 153
127 154
127 155
127 156
127 157
127 158
127 159
128 0
128 1
128 3
128 5
128 6
128 7
128 8
128 12
128 13
128 14
128 16
128 17
128 20
128 22
128 25
128 26
128 30
128 32
128 34
128 35
128 37
128 38
128 41
128 42
128 43
128 44
128 46
128 47
128 48
128 50
128 51
128 53
128 54
128 57
128 58
128 59
128 60
128 61
128 63
128 64
128 65
128 66
128 67
128 70
128 71
128 72
128 73
128 74
128 75
128 77
128 82
128 84
128 86
128 91
128 92
128 96
128 100
128 102
128 103
128 104
128 107
128 108
128 109
128 110
128 115
128 116
128 117
128 119
128 120
128 121
128 122
128 125
128 126
128 131
128 134
128 143
128 144
128 145
128 148
128 149
128 152
128 155
128 157
129 0
129 1
129 2
129 3
129 4
129 6
129 7
129 8
129 9
129 10
129 11
129 12
129 15
129 17
129 19
129 20
129 21
129 22
129 23
129 25
129 26
129 28
129 32
129 33
129 34
129 36
129 37
129 38
129 39
129 40
129 41
129 42
129 44
129 47
129 50
129 53
129 54
129 58
129 60
129 61
129 64
129 65
129 68
129 70
129 75
129 77
129 89
129 90
129 96
129 97
129 98
129 100
129 104
129 106
129 107
129 110
129 111
129 113
129 115
129 118
129 119
129 120
129 122
129 124
129 125
129 128
129 132
129 133
129 135
129 139
129 141
129 142
129 144
129 145
129 146
129 147
129 149
129 150
129 151
129 153
129 154
129 156
129 159
130 2
130 3
130 4
130 5
130 6
130 7
130 8
130 9
130 11
130 14
130 17
130 19
130 21
130 22
130 23
130 24
130 25
130 26
130 33
130 41
130 43
130 44
130 46
130 49
130 50
130 52
130 56
130 57
130 58
130 59
130 61
130 62
130 63
130 64
130 70
130 71
130 72
130 73
130 74
130 77
130 80
130 81
130 83
130 86
130 87
130 89
130 91
130 92
130 95
130 96
130 97
130 102
130 103
130 104
130 106
130 109
130 111
130 112
130 116
130 118
130 119
130 120
130 124
130 125
130 128
130 129
130 131
130 133
130 135
130 136
130 144
130 146
130 155
130 157
130 158
130 159
131 0
131 1
131 9
131 13
131 14
131 15
131 19
131 20
131 21
131 24
131 26
131 28
131 29
131 32
131 33
131 35
131 36
131 39
131 41
131 42
131 43
131 45
131 46
131 48
131 53
131 55
131 56
131 57
131 59
131 60
131 65
131 66
131 67
131 69
131 70
131 73
131 75
131 80
131 81
131 83
131 84
131 85
131 88
131 89
131 90
131 91
131 94
131 96
131 97
131 98
131 100
131 101
131 103
131 105
131 106
131 109
131 112
131 114
131 115
131 116
131 117
131 118
131 121
131 124
131 125
131 127
131 129
131 132
131 133
131 134
131 135
131 136
131 138
131 140
131 141
131 143
131 144
131 147
131 149
131 150
131 151
131 153
131 154
131 157
131 158
131 159
132 1
132 3
132 4
132 6
132 7
132 8
132 9
132 10
132 11
132 15
132 17
132 18
132 19
132 21
132 22
132 23
132 25
132 28
132 32
132 35
132 36
132 37
132 38
132 39
132 40
132 41
132 42
132 44
132 45
132 46
132 47
132 48
132 49
132 51
132 52
132 55
132 56
132 57
132 58
132 59
132 62
132 64
132 65
132 68
132 69
132 73
132 74
132 77
132 81
132 88
132 89
132 90
132 91
132 92
132 93
132 94
132 95
132 96
132 99
132 100
132 101
132 105
132 112
132 113
132 114
132 115
132 117
132 119
132 121
132 125
132 126
132 127
132 128
132 130
132 133
132 136
132 137
132 140
132 145
132 150
132 151
132 152
132 155
132 159
133 1
133 8
133 9
133 10
133 11
133 13
133 15
133 16
133 17
133 18
133 19
133 28
133 30
133 31
133 32
133 34
133 35
133 36
133 39
133 41
133 44
133 45
133 46
133 47
133 48
133 50
133 54
133 57
133 61
133 66
133 67
133 69
133 71
133 73
133 75
133 76
133 78
133 79
133 80
133 84
133 85
133 86
133 87
133 90
133 92
133 95
133 96
133 100
133 101
133 103
133 107
133 108
133 110
133 112
133 113
133 115
133 116
133 117
133 118
133 119
133 120
133 121
133 122
133 123
133 127
133 128
133 136
133 140
133 141
133 143
133 145
133 146
133 150
133 154
133 156
134 0
134 1
134 3
134 4
134 5
134 7
134 8
134 13
134 14
134 19
134 21
134 26
134 27
134 30
134 31
134 32
134 34
134 35
134 37
134 40
134 41
134 44
134 45
134 46
134 47
134 48
134 49
134 50
134 53
134 54
134 60
134 61
134 64
134 68
134 70
134 73
134 75
134 78
134 79
134 81
134 82
134 83
134 86
134 87
134 88
134 89
134 90
134 93
134 94
134 98
134 104
134 105
134 107
134 112
134 115
134 117
134 119
134 120
134 122
134 123
134 124
134 125
134 127
134 129
134 130
134 132
134 133
134 135
134 136
134 140
134 141
134 143
134 144
134 148
134 151
134 152
134 156
135 3
135 4
135 8
135 9
135 12
135 15
135 18
135 19
135 22
135 25
135 26
135 27
135 28
135 29
135 31
135 32
135 34
135 38
135 39
135 42
135 43
135 45
135 47
135 48
135 49
135 51
135 53
135 57
135 58
135 60
135 63
135 65
135 66
135 67
135 68
135 69
135 71
135 72
135 74
135 76
135 77
135 78
135 80
135 84
135 86
135 87
135 89
135 90
135 93
135 94
135 95
135 96
135 100
135 102
135 103
135 105
135 109
135 110
135 112
135 114
135 116
135 117
135 118
135 120
135 124
135 127
135 128
135 132
135 133
135 136
135 137
135 139
135 140
135 141
135 142
135 145
135 146
135 148
135 150
135 151
135 153
135 154
135 155
135 157
135 158
136 1
136 5
136 6
136 7
136 8
136 9
136 10
136 11
136 14
136 15
136 17
136 18
136 19
136 20
136 23
136 25
136 30
136 36
136 39
136 40
136 45
136 46
136 48
136 49
136 50
136 51
136 52
136 53
136 54
136 57
136 59
136 60
136 61
136 62
136 63
136 67
136 68
136 69
136 72
136 76
136 78
136 81
136 82
136 84
136 85
136 87
136 89
136 91
136 92
136 93
136 95
136 96
136 98
136 103
136 104
136 106
136 107
136 108
136 109
136 110
136 111
136 115
136 118
136 119
136 120
136 121
136 122
136 123
136 126
136 127
136 128
136 129
136 137
136 138
136 139
136 141
136 144
136 147
136 149
136 150
136 151
136 152
136 154
136 155
136 156
136 159
137 0
137 1
137 3
137 4
137 6
137 9
137 12
137 13
137 14
137 15
137 20
137 28
137 35
137 36
137 38
137 39
137 40
137 41
137 42
137 44
137 46
137 48
137 49
137 51
137 52
137 53
137 55
137 56
137 59
137 60
137 62
137 63
137 65
137 66
137 67
137 69
137 70
137 74
137 75
137 77
137 79
137 81
137 83
137 84
137 86
137 87
137 90
137 93
137 96
137 98
137 99
137 103
137 104
137 107
137 111
137 116
137 119
137 121
137 122
137 123
137 128
137 129
137 130
137 131
137 133
137 134
137 139
137 142
137 143
137 144
137 146
137 149
137 151
137 152
137 154
137 155
137 156
137 157
137 159
138 0
138 2
138 3
138 5
138 6
138 12
138 14
138 15
138 16
138 17
138 22
138 23
138 28
138 31
138 33
138 34
138 37
138 46
138 49
138 50
138 51
138 52
138 53
138 55
138 59
138 60
138 61
138 62
138 63
138 69
138 70
138 71
138 72
138 73
138 74
138 75
138 77
138 78
138 79
138 80
138 82
138 84
138 85
138 89
138 90
138 91
138 92
138 93
138 95
138 96
138 97
138 98
138 99
138 100
138 101
138 104
138 108
138 109
138 111
138 112
138 114
138 115
138 118
138 119
138 124
138 126
138 128
138 129
138 130
138 132
138 133
138 134
138 135
138 137
138 141
138 142
138 143
138 145
138 147
138 150
138 151
138 152
138 153
138 154
138 155
138 156
138 157
138 158
138 159
139 0
139 1
139 2
139 4
139 5
139 6
139 12
139 14
139 15
139 19
139 20
139 22
139 24
139 27
139 30
139 31
139 33
139 35
139 36
139 38
139 39
139 40
139 41
139 42
139 43
139 44
139 46
139 47
139 50
139 52
139 53
139 54
139 55
139 56
139 57
139 58
139 60
139 61
139 64
139 67
139 68
139 69
139 71
139 72
139 74
139 75
139 76
139 77
139 80
139 81
139 82
139 83
139 84
139 85
139 86
139 87
139 89
139 90
139 93
139 95
139 100
139 104
139 107
139 111
139 113
139 115
139 119
139 120
139 121
139 124
139 127
139 128
139 130
139 131
139 132
139 133
139 134
139 138
139 141
139 144
139 145
139 148
139 150
139 152
139 156
139 157
139 158
140 0
140 1
140 5
140 6
140 8
140 9
140 14
140 15
140 18
140 19
140 20
140 24
140 25
140 27
140 29
140 33
140 34
140 37
140 39
140 41
140 42
140 43
140 44
140 45
140 46
140 47
140 48
140 49
140 51
140 52
140 59
140 61
140 63
140 65
140 66
140 67
140 68
140 69
140 70
140 71
140 72
140 74
140 75
140 76
140 83
140 84
140 86
140 87
140 89
140 90
140 91
140 92
140 93
140 96
140 97
140 98
140 99
140 100
140 102
140 103
140 104
140 107
140 109
140 110
140 113
140 116
140 117
140 118
140 120
140 124
140 126
140 127
140 128
140 129
140 130
140 136
140 137
140 138
140 139
140 142
140 144
140 146
140 149
140 150
140 152
140 153
140 154
140 156
140 157
140 158
141 0
141 3
141 5
141 8
141 9
141 12
141 13
141 15
141 18
141 19
141 20
141 21
141 24
141 25
141 27
141 29
141 31
141 32
141 35
141 36
141 37
141 40
141 47
141 48
141 49
141 51
141 55
141 57
141 58
141 61
141 62
141 64
141 65
141 66
141 67
141 68
141 70
141 74
141 75
141 76
141 77
141 80
141 81
141 82
141 83
141 85
141 87
141 89
141 90
141 91
141 94
141 95
141 96
141 99
141 100
141 101
141 102
141 104
141 106
141 108
141 109
141 110
141 111
141 115
141 116
141 117
141 120
141 126
141 128
141 130
141 132
141 137
141 140
141 143
141 144
141 145
141 146
141 148
141 149
141 151
141 153
141 155
141 157
141 159
142 2
142 3
142 7
142 8
142 9
142 11
142 12
142 14
142 15
142 16
142 18
142 19
142 21
142 22
142 24
142 26
142 29
142 30
142 31
142 32
142 33
142 35
142 36
142 37
142 38
142 40
142 42
142 45
142 46
142 49
142 50
142 54
142 55
142 61
142 63
142 64
142 65
142 66
142 67
142 69
142 71
142 73
142 78
142 79
142 81
142 82
142 83
142 84
142 85
142 87
142 88
142 89
142 90
142 91
142 94
142 95
142 97
142 99
142 100
142 102
142 103
142 104
142 105
142 106
142 107
142 110
142 111
142 113
142 114
142 118
142 120
142 121
142 124
142 125
142 127
142 128
142 130
142 131
142 132
142 133
142 134
142 136
142 139
142 141
142 144
142 145
142 146
142 147
142 148
142 149
142 151
142 152
142 153
142 154
142 155
142 158
143 1
143 2
143 3
143 4
143 6
143 8
143 10
143 12
143 13
143 14
143 17
143 18
143 20
143 23
143 24
143 26
143 28
143 31
143 33
143 42
143 44
143 49
143 51
143 52
143 53
143 58
143 62
143 63
143 65
143 66
143 67
143 68
143 70
143 73
143 75
143 82
143 83
143 84
143 85
143 90
143 92
143 93
143 95
143 97
143 98
143 99
143 100
143 101
143 104
143 107
143 111
143 112
143 114
143 120
143 123
143 126
143 127
143 129
143 130
143 132
143 135
143 136
143 139
143 140
143 142
143 146
143 147
143 148
143 152
143 153
143 154
143 155
143 159
144 1
144 3
144 5
144 6
144 8
144 9
144 10
144 11
144 14
144 17
144 20
144 24
144 26
144 31
144 33
144 35
144 38
144 39
144 40
144 41
144 42
144 43
144 45
144 46
144 47
144 48
144 50
144 54
144 56
144 60
144 62
144 65
144 66
144 69
144 70
144 72
144 73
144 75
144 76
144 78
144 79
144 85
144 86
144 91
144 93
144 97
144 99
144 101
144 103
144 105
144 107
144 110
144 111
144 112
144 113
144 115
144 116
144 117
144 122
144 124
144 126
144 127
144 132
144 133
144 135
144 138
144 143
144 146
144 147
144 148
144 150
144 151
144 152
144 153
144 155
144 156
144 158
145 0
145 1
145 2
145 4
145 5
145 6
145 8
145 9
145 10
145 11
145 12
145 14
145 16
145 20
145 22
145 24
145 25
145 26
145 28
145 29
145 33
145 34
145 35
145 40
145 41
145 42
145 43
145 44
145 47
145 48
145 49
145 50
145 51
145 53
145 56
145 59
145 64
145 66
145 67
145 69
145 74
145 81
145 82
145 83
145 86
145 88
145 89
145 90
145 91
145 92
145 93
145 94
145 97
145 100
145 101
145 103
145 104
145 106
145 107
145 110
145 111
145 112
145 113
145 116
145 119
145 120
145 121
145 123
145 124
145 125
145 126
145 130
145 131
145 134
145 136
145 137
145 140
145 143
145 144
145 146
145 148
145 150
145 151
145 153
145 155
145 157
145 159
146 2
146 3
146 8
146 9
146 10
146 13
146 16
146 18
146 19
146 22
146 24
146 26
146 28
146 29
146 30
146 33
146 34
146 38
146 42
146 44
146 45
146 47
146 49
146 50
146 51
146 52
146 55
146 56
146 57
146 58
146 60
146 61
146 62
146 65
146 67
146 69
146 70
146 71
146 72
146 73
146 77
146 78
146 79
146 80
146 85
146 87
146 88
146 90
146 91
146 92
146 93
146 98
146 99
146 105
146 106
146 107
146 110
146 112
146 118
146 119
146 120
146 122
146 124
146 125
146 126
146 128
146 131
146 132
146 134
146 136
146 138
146 139
146 147
146 148
146 150
146 152
146 154
146 155
146 156
146 158
147 1
147 3
147 6
147 7
147 9
147 10
147 11
147 13
147 15
147 17
147 18
147 20
147 22
147 23
147 24
147 29
147 30
147 31
147 38
147 39
147 40
147 43
147 44
147 47
147 49
147 50
147 51
147 52
147 53
147 60
147 62
147 64
147 67
147 69
147 71
147 72
147 74
147 75
147 80
147 81
147 82
147 86
147 90
147 93
147 96
147 97
147 99
147 100
147 101
147 102
147 104
147 106
147 108
147 110
147 113
147 114
147 116
147 117
147 119
147 120
147 123
147 125
147 127
147 128
147 130
147 132
147 133
147 134
147 135
147 137
147 139
147 140
147 141
147 145
147 148
147 149
147 150
147 152
147 153
147 157
147 158
148 0
148 2
148 7
148 8
148 10
148 12
148 16
148 18
148 19
148 20
148 21
148 25
148 26
148 27
148 28
148 29
148 31
148 33
148 34
148 36
148 37
148 38
148 39
148 40
148 44
148 45
148 47
148 50
148 51
148 52
148 56
148 57
148 58
148 59
148 60
148 61
148 62
148 63
148 64
148 67
148 70
148 71
148 72
148 73
148 74
148 75
148 78
148 80
148 81
148 84
148 86
148 88
148 89
148 90
148 91
148 94
148 98
148 99
148 102
148 103
148 104
148 107
148 112
148 113
148 114
148 115
148 116
148 118
148 123
148 125
148 127
148 129
148 130
148 131
148 132
148 133
148 136
148 137
148 138
148 140
148 149
148 151
148 155
148 157
148 159
149 0
149 1
149 4
149 6
149 7
149 12
149 17
149 19
149 20
149 21
149 22
149 23
149 24
149 28
149 29
149 31
149 32
149 35
149 36
149 38
149 39
149 40
149 42
149 43
149 44
149 45
149 46
149 48
149 50
149 51
149 54
149 56
149 59
149 60
149 61
149 62
149 63
149 64
149 65
149 66
149 67
149 70
149 72
149 74
149 75
149 76
149 77
149 78
149 82
149 83
149 85
149 87
149 89
149 91
149 93
149 94
149 95
149 99
149 103
149 108
149 110
149 113
149 114
149 116
149 118
149 119
149 120
149 124
149 127
149 130
149 132
149 133
149 134
149 135
149 138
149 139
149 143
149 144
149 145
149 146
149 151
149 152
149 153
149 154
149 156
150 3
150 4
150 5
150 8
150 9
150 10
150 12
150 13
150 14
150 17
150 18
150 21
150 24
150 25
150 26
150 27
150 30
150 31
150 32
150 33
150 35
150 38
150 40
150 42
150 43
150 45
150 49
150 51
150 53
150 57
150 58
150 59
150 60
150 63
150 64
150 66
150 72
150 73
150 74
150 76
150 81
150 82
150 83
150 89
150 90
150 93
150 94
150 96
150 98
150 99
150 101
150 106
150 109
150 110
150 112
150 114
150 116
150 124
150 126
150 128
150 130
150 134
150 137
150 141
150 142
150 143
150 148
150 149
150 152
150 153
150 157
150 158
150 159
151 0
151 2
151 6
151 7
151 9
151 10
151 11
151 13
151 14
151 19
151 20
151 24
151 27
151 28
151 29
151 30
151 32
151 33
151 35
151 37
151 41
151 43
151 46
151 47
151 52
151 53
151 54
151 55
151 57
151 60
151 61
151 64
151 66
151 67
151 69
151 70
151 72
151 75
151 78
151 79
151 80
151 81
151 85
151 87
151 88
151 91
151 93
151 95
151 96
151 97
151 98
151 99
151 100
151 102
151 103
151 104
151 105
151 106
151 108
151 110
151 111
151 119
151 121
151 123
151 124
151 127
151 128
151 130
151 133
151 139
151 140
151 143
151 146
151 147
151 150
151 152
151 154
151 155
151 158
152 4
152 5
152 7
152 8
152 9
152 13
152 16
152 17
152 18
152 19
152 20
152 23
152 26
152 30
152 32
152 39
152 42
152 46
152 48
152 52
152 58
152 61
152 63
152 64
152 65
152 68
152 69
152 70
152 73
152 74
152 75
152 77
152 79
152 80
152 82
152 83
152 84
152 86
152 87
152 89
152 92
152 95
152 96
152 98
152 99
152 101
152 102
152 105
152 109
152 110
152 111
152 112
152 113
152 116
152 119
152 122
152 123
152 126
152 127
152 129
152 130
152 131
152 133
152 135
152 141
152 145
152 148
152 154
152 156
152 158
152 159
153 3
153 9
153 10
153 11
153 13
153 16
153 17
153 19
153 20
153 22
153 26
153 29
153 30
153 31
153 34
153 37
153 38
153 42
153 43
153 44
153 45
153 46
153 48
153 49
153 53
153 57
153 59
153 60
153 61
153 64
153 67
153 68
153 70
153 74
153 75
153 76
153 78
153 80
153 85
153 86
153 87
153 88
153 91
153 95
153 97
153 99
153 100
153 101
153 102
153 103
153 106
153 108
153 110
153 115
153 117
153 119
153 120
153 121
153 123
153 126
153 128
153 130
153 132
153 133
153 134
153 136
153 137
153 139
153 146
153 148
153 151
153 152
153 157
153 158
154 0
154 6
154 7
154 9
154 11
154 14
154 18
154 19
154 22
154 23
154 24
154 26
154 27
154 28
154 29
154 32
154 35
154 37
154 38
154 39
154 42
154 44
154 45
154 46
154 48
154 49
154 53
154 54
154 57
154 58
154 59
154 63
154 64
154 65
154 70
154 71
154 72
154 73
154 75
154 77
154 79
154 81
154 83
154 84
154 85
154 86
154 87
154 88
154 90
154 92
154 93
154 94
154 96
154 97
154 100
154 104
154 109
154 110
154 111
154 115
154 117
154 118
154 119
154 120
154 123
154 126
154 128
154 130
154 132
154 134
154 139
154 141
154 144
154 145
154 147
154 148
154 150
154 153
154 155
154 159
155 0
155 1
155 2
155 3
155 4
155 5
155 6
155 10
155 12
155 16
155 17
155 19
155 20
155 22
155 28
155 31
155 32
155 33
155 35
155 36
155 40
155 43
155 46
155 47
155 48
155 49
155 50
155 51
155 55
155 58
155 59
155 60
155 64
155 65
155 66
155 68
155 73
155 74
155 76
155 77
155 79
155 80
155 81
155 83
155 86
155 87
155 89
155 91
155 93
155 95
155 98
155 99
155 101
155 102
155 104
155 105
155 108
155 109
155 114
155 116
155 117
155 119
155 124
155 126
155 129
155 131
155 133
155 134
155 139
155 140
155 147
155 149
155 150
155 152
155 153
155 156
155 158
155 159
156 0
156 1
156 2
156 5
156 9
156 11
156 12
156 13
156 14
156 16
156 17
156 18
156 19
156 21
156 23
156 24
156 25
156 26
156 29
156 31
156 35
156 37
156 39
156 40
156 44
156 46
156 47
156 51
156 53
156 54
156 55
156 56
156 57
156 62
156 63
156 64
156 65
156 67
156 68
156 70
156 71
156 72
156 76
156 78
156 79
156 80
156 81
156 84
156 86
156 89
156 92
156 94
156 95
156 96
156 97
156 98
156 99
156 101
156 102
156 104
156 105
156 107
156 108
156 110
156 111
156 112
156 114
156 117
156 118
156 120
156 124
156 125
156 128
156 130
156 131
156 132
156 135
156 141
156 142
156 143
156 145
156 147
156 148
156 150
156 151
156 153
156 154
156 157
156 158
157 0
157 2
157 4
157 6
157 8
157 9
157 12
157 14
157 15
157 16
157 18
157 19
157 25
157 26
157 28
157 29
157 30
157 33
157 34
157 35
157 43
157 44
157 45
157 47
157 51
157 52
157 54
157 55
157 56
157 57
157 58
157 60
157 62
157 63
157 67
157 70
157 72
157 73
157 81
157 82
157 85
157 87
157 88
157 89
157 90
157 91
157 92
157 94
157 95
157 96
157 98
157 99
157 100
157 101
157 102
157 106
157 108
157 109
157 110
157 111
157 113
157 114
157 115
157 116
157 119
157 120
157 121
157 122
157 125
157 126
157 129
157 132
157 133
157 134
157 136
157 142
157 143
157 144
157 146
157 149
157 151
157 152
157 154
157 155
157 158
157 159
158 0
158 1
158 4
158 5
158 6
158 8
158 10
158 12
158 13
158 16
158 19
158 20
158 21
158 26
158 27
158 29
158 30
158 31
158 32
158 36
158 39
158 40
158 43
158 45
158 50
158 51
158 53
158 54
158 55
158 56
158 58
158 59
158 67
158 71
158 72
158 75
158 77
158 79
158 80
158 84
158 87
158 90
158 91
158 93
158 94
158 95
158 96
158 111
158 113
158 115
158 116
158 120
158 121
158 122
158 124
158 126
158 128
158 129
158 132
158 133
158 134
158 136
158 137
158 141
158 143
158 145
158 148
158 149
158 154
159 4
159 5
159 8
159 10
159 13
159 15
159 16
159 19
159 20
159 21
159 22
159 23
159 24
159 25
159 28
159 31
159 32
159 33
159 34
159 36
159 37
159 38
159 39
159 42
159 43
159 44
159 45
159 49
159 50
159 51
159 55
159 56
159 58
159 60
159 63
159 65
159 70
159 72
159 74
159 75
159 78
159 83
159 86
159 88
159 89
159 90
159 92
159 93
159 99
159 101
159 102
159 104
159 105
159 108
159 112
159 122
159 126
159 128
159 133
159 134
159 135
159 139
159 140
159 142
159 144
159 146
159 147
159 149
159 151
159 153
159 156
159 158
0 1 2 3 4 5 6 7 8 9 10 11 12 13 14 15 16 17 18 19 20 21 22 23 24 25 26 27 28 29 30 31 32 33 34 35 36 37 38 39
