160 812 7
0 17
0 32
0 41
0 49
0 75
0 82
0 85
0 112
0 124
0 132
1 11
1 112
2 0
2 13
2 36
2 59
2 63
2 78
2 96
3 28
3 32
3 49
3 88
3 116
3 147
4 107
4 117
4 158
5 10
5 33
5 72
5 73
5 129
5 136
6 21
6 23
6 38
6 51
6 55
6 69
6 81
6 110
7 1
7 62
7 90
7 110
7 140
8 34
8 36
8 68
8 84
8 128
8 140
8 144
9 32
9 69
9 87
9 130
9 151
10 25
10 60
10 72
10 78
10 107
10 134
10 145
10 156
11 13
11 48
11 55
11 88
11 119
11 128
12 10
12 78
12 82
13 104
13 105
13 114
13 133
14 11
14 20
14 124
15 7
15 25
15 32
15 113
16 75
17 3
17 11
17 24
17 45
17 97
18 85
18 122
19 12
19 16
19 62
19 87
19 113
19 117
19 149
19 157
20 43
20 54
20 67
20 68
20 71
20 85
20 135
21 32
21 58
21 62
21 67
21 90
21 116
21 133
21 139
23 16
23 66
23 75
23 83
23 140
24 20
24 31
24 55
24 57
24 72
24 144
25 29
25 75
25 98
25 123
25 130
25 145
26 53
26 60
26 80
26 116
26 125
27 9
27 10
27 18
27 128
27 136
28 1
28 36
28 64
28 67
28 75
28 103
28 137
29 0
29 3
29 60
29 62
29 78
29 81
29 92
29 97
29 121
29 145
29 150
29 159
30 16
30 68
30 155
31 89
31 102
31 105
32 40
32 62
32 88
32 91
32 150
32 152
33 40
33 61
33 101
33 107
33 123
33 146
34 31
34 48
34 61
34 96
34 112
34 119
35 20
35 47
35 50
35 52
35 70
35 72
35 104
35 118
36 15
36 22
36 38
36 62
36 108
37 0
37 46
37 71
37 89
37 119
37 147
37 148
38 22
38 39
38 132
38 156
39 30
39 49
39 102
40 50
40 142
41 20
41 124
42 62
42 85
42 110
42 137
42 142
43 5
43 36
43 49
43 77
43 84
43 85
43 91
43 111
44 33
44 67
44 91
44 101
45 75
45 117
45 150
46 4
46 49
46 97
47 151
48 100
48 152
49 44
49 92
49 93
49 115
49 128
50 150
51 10
51 13
51 52
51 85
51 131
51 144
51 146
52 32
52 57
52 93
52 106
52 145
53 1
53 10
53 24
53 30
53 58
53 63
53 101
53 150
54 1
54 38
54 41
54 92
54 110
54 139
54 150
54 152
55 1
55 27
55 135
55 147
56 17
56 39
56 48
56 73
56 126
56 146
57 1
57 53
57 71
57 98
57 135
58 63
58 93
58 110
58 117
59 0
59 50
59 76
60 33
60 74
60 104
61 20
61 47
61 48
61 103
61 142
62 80
62 100
62 109
62 110
62 132
62 135
62 150
63 62
63 107
63 116
64 68
65 29
65 67
65 76
65 81
65 111
65 121
65 145
66 31
66 92
66 102
66 115
67 7
67 11
67 45
67 72
67 111
67 112
67 122
67 153
68 59
68 75
68 119
69 21
69 39
69 80
69 113
69 119
69 143
70 0
70 6
70 29
70 30
70 66
70 115
71 19
71 46
71 99
71 153
72 30
72 46
72 79
72 97
72 105
73 20
73 88
73 144
74 9
74 14
74 84
74 95
74 105
74 110
74 124
75 5
75 29
75 39
75 82
75 88
75 102
75 109
75 136
76 34
77 20
77 75
77 95
77 104
77 144
78 15
78 21
78 97
78 112
78 144
79 2
79 109
79 123
79 145
79 151
80 11
80 14
80 18
80 36
80 47
80 63
80 66
80 133
81 13
81 33
81 54
81 76
81 89
81 100
81 134
81 136
81 150
82 10
82 15
82 53
82 89
82 105
82 157
83 5
83 22
83 32
83 36
83 45
83 78
83 79
83 95
83 126
83 145
84 23
84 50
84 56
84 59
84 76
84 95
84 106
84 119
84 155
85 79
85 120
85 133
86 7
86 13
86 22
86 78
86 112
87 0
87 72
87 84
87 104
87 155
88 27
88 58
88 146
89 12
89 55
89 69
89 83
89 117
90 2
90 36
90 40
90 49
90 53
90 115
90 129
90 153
91 2
91 4
91 42
91 107
92 8
92 16
92 40
92 70
92 84
92 87
92 109
92 134
93 31
93 36
93 61
93 132
94 3
94 39
95 5
95 7
95 26
95 55
95 71
95 82
95 144
96 15
96 40
96 41
96 44
96 68
96 89
96 123
97 64
97 77
97 109
97 145
98 4
98 12
98 128
99 62
99 76
99 132
99 141
100 60
100 87
101 31
101 92
101 117
102 0
102 73
102 100
102 117
103 10
103 23
103 34
103 51
103 60
103 110
103 112
103 134
103 138
103 139
104 40
104 46
104 128
104 156
105 28
105 49
105 75
105 92
105 100
105 127
106 40
106 67
106 83
106 102
106 109
106 124
107 62
107 128
108 26
108 29
108 42
108 47
108 56
108 98
108 100
108 119
108 143
109 15
109 27
109 46
110 34
110 56
110 73
110 126
110 128
111 27
111 29
111 44
111 77
111 153
112 9
112 48
112 60
112 76
112 94
112 121
112 149
113 3
113 8
113 41
113 91
113 108
113 121
113 159
114 1
114 35
114 38
114 97
114 111
114 136
115 13
115 28
115 29
115 45
115 132
115 134
115 144
116 76
116 87
116 104
116 108
116 130
116 150
117 51
117 112
117 142
118 11
118 22
118 47
118 48
118 57
118 78
118 109
118 110
118 114
118 132
119 31
119 98
119 107
119 118
119 155
120 113
120 127
120 146
120 154
121 4
121 8
121 61
121 99
121 140
121 157
122 10
122 36
122 58
122 60
122 113
123 8
123 27
123 38
123 99
123 100
123 140
123 150
124 29
124 65
124 87
124 127
125 109
125 141
125 144
125 155
126 22
126 37
126 39
126 59
126 65
126 72
126 79
126 89
126 101
126 150
127 49
127 58
127 78
128 3
128 21
128 53
128 77
128 142
128 144
128 153
129 0
129 24
129 69
129 71
129 93
129 97
129 117
130 8
130 66
130 73
131 85
131 108
131 109
131 132
131 138
132 55
132 84
132 103
132 117
132 136
133 16
133 37
133 87
133 124
133 125
133 134
133 154
134 62
134 78
134 114
134 128
135 17
135 50
135 102
136 67
136 118
137 0
137 35
137 132
137 144
138 22
138 54
138 80
138 129
139 3
139 20
139 91
139 93
139 120
139 127
139 137
139 152
140 60
140 155
141 14
141 30
141 42
141 46
141 59
141 73
141 105
142 6
142 78
142 85
142 105
143 99
143 125
143 126
143 145
144 20
144 27
144 36
144 86
144 127
144 143
145 31
145 46
145 122
145 133
146 39
146 152
147 6
147 19
147 58
147 69
147 154
148 15
148 30
148 53
148 64
149 34
149 62
149 93
149 145
150 56
150 71
150 106
150 155
151 0
151 41
151 121
152 22
152 44
152 52
152 79
152 99
152 113
153 102
153 119
154 62
154 63
154 112
154 150
155 16
155 18
155 21
155 43
155 49
155 57
155 149
155 158
156 18
156 27
156 56
156 76
156 87
157 15
157 25
158 0
158 15
158 27
158 81
158 130
158 131
159 31
159 55
159 61
159 64
159 104
159 119
159 143
0 1 2 3 4 5 6
