1024 7651 135
0 1
0 2
0 4
0 8
0 16
0 64
0 128
0 512
1 0
1 3
1 5
1 9
1 17
1 33
1 65
1 129
1 257
1 513
2 3
2 6
2 10
2 34
2 130
2 258
2 514
3 1
3 2
3 11
3 19
3 67
3 131
3 259
3 515
4 0
4 5
4 12
4 36
4 132
4 516
5 4
5 7
5 13
5 69
5 133
5 261
5 517
6 2
6 4
6 14
6 38
6 70
6 262
6 518
7 3
7 5
7 6
7 15
7 39
7 71
7 135
7 263
7 519
8 9
8 10
8 12
8 24
8 40
8 72
8 136
8 264
9 1
9 8
9 11
9 13
9 25
9 41
9 265
9 521
10 8
10 11
10 14
10 42
10 74
10 266
10 522
11 3
11 9
11 10
11 15
11 27
11 267
11 523
12 4
12 8
12 13
12 14
12 28
12 76
12 268
13 5
13 9
13 12
13 29
13 45
13 141
13 269
14 6
14 10
14 12
14 15
14 30
14 46
14 270
14 526
15 7
15 13
15 31
15 47
15 79
15 143
16 0
16 17
16 18
16 20
16 48
16 80
16 272
16 528
17 1
17 19
17 21
17 25
17 81
17 145
17 273
17 529
18 2
18 19
18 22
18 26
18 146
18 530
19 3
19 23
19 27
19 51
19 83
20 4
20 16
20 21
20 22
20 28
20 52
20 84
20 148
20 276
20 532
21 5
21 17
21 23
21 29
21 53
21 85
21 149
21 277
21 533
22 6
22 18
22 23
22 30
22 86
22 150
22 278
22 534
23 7
23 19
23 21
23 22
23 31
23 55
23 87
23 151
23 279
23 535
24 16
24 25
24 56
24 88
24 280
24 536
25 9
25 27
25 29
25 57
25 89
25 153
25 281
25 537
26 10
26 24
26 27
26 30
26 58
26 90
26 154
26 282
26 538
27 11
27 25
27 31
27 59
27 91
27 155
27 283
27 539
28 24
28 60
28 92
28 540
29 13
29 25
29 28
29 31
29 61
29 157
29 285
29 541
30 14
30 22
30 28
30 31
30 94
30 158
30 286
31 15
31 23
31 27
31 63
31 95
31 159
31 287
31 543
32 0
32 33
32 34
32 36
32 40
32 48
32 96
32 160
32 288
32 544
33 32
33 35
33 37
33 41
33 49
33 97
33 161
33 289
33 545
34 2
34 32
34 38
34 50
34 290
34 546
35 3
35 33
35 34
35 39
35 43
35 51
35 99
35 291
36 4
36 32
36 38
36 52
36 164
36 292
36 548
37 5
37 33
37 36
37 39
37 45
37 101
37 165
37 293
37 549
38 6
38 34
38 36
38 39
38 46
38 102
38 166
38 294
38 550
39 7
39 35
39 37
39 38
39 103
39 167
39 295
39 551
40 32
40 41
40 42
40 44
40 56
40 168
40 296
40 552
41 33
41 40
41 57
41 105
41 297
42 10
42 34
42 46
42 58
42 170
42 298
42 554
43 11
43 41
43 42
43 47
43 59
43 107
43 171
43 299
44 12
44 36
44 40
44 45
44 108
44 172
44 300
44 556
45 37
45 41
45 47
45 109
45 173
45 301
45 557
46 14
46 38
46 42
46 44
46 47
46 110
46 174
46 302
46 558
47 39
47 46
47 63
47 111
47 175
47 303
47 559
48 16
48 32
48 49
48 50
48 52
48 112
48 304
48 560
49 17
49 33
49 48
49 51
49 53
49 57
49 113
49 177
49 305
49 561
50 18
50 34
50 48
50 51
50 54
50 114
50 178
51 35
51 49
51 50
51 55
51 115
51 307
51 563
52 36
52 48
52 53
52 60
52 116
52 180
52 308
52 564
53 37
53 52
53 55
53 61
53 117
53 309
53 565
54 22
54 38
54 50
54 52
54 55
54 62
54 118
54 182
54 310
54 566
55 39
55 51
55 53
55 119
55 311
55 567
56 40
56 48
56 58
56 120
56 184
56 312
56 568
57 25
57 41
57 56
57 59
57 61
57 185
57 313
57 569
58 42
58 50
58 56
58 59
58 62
58 122
58 314
59 27
59 51
59 57
59 63
59 123
59 187
59 571
60 28
60 44
60 52
60 56
60 61
60 62
60 188
60 316
60 572
61 29
61 45
61 53
61 57
61 60
61 125
61 189
61 573
62 30
62 46
62 58
62 60
62 190
62 318
62 574
63 31
63 47
63 55
63 59
63 61
63 62
63 127
63 191
63 575
64 0
64 65
64 66
64 68
64 72
64 80
64 192
64 576
65 1
65 67
65 69
65 73
65 81
65 97
65 193
65 321
65 577
66 2
66 64
66 82
66 98
66 194
66 322
66 578
67 66
67 71
67 83
67 99
67 323
68 4
68 64
68 70
68 84
68 196
68 324
68 580
69 5
69 65
69 68
69 71
69 77
69 197
69 325
69 581
70 66
70 68
70 71
70 86
70 102
70 198
70 326
70 582
71 7
71 67
71 70
71 79
71 87
71 199
71 327
71 583
72 8
72 73
72 74
72 76
72 104
72 200
72 328
72 584
73 9
73 65
73 72
73 77
73 89
73 105
73 585
74 10
74 66
74 72
74 75
74 78
74 90
74 106
74 202
74 330
74 586
75 11
75 67
75 73
75 79
75 91
75 107
75 203
76 12
76 68
76 77
76 78
76 92
76 108
76 332
76 588
77 13
77 69
77 76
77 79
77 109
77 205
77 589
78 14
78 70
78 74
78 79
78 94
78 590
79 75
79 77
79 78
79 111
79 207
79 335
80 64
80 81
80 82
80 84
80 208
80 336
81 17
81 85
81 89
81 113
81 337
81 593
82 18
82 66
82 80
82 90
82 210
82 338
83 19
83 67
83 81
83 82
83 87
83 115
83 339
84 20
84 68
84 80
84 86
84 92
84 116
84 212
84 340
84 596
85 21
85 69
85 81
85 84
85 87
85 93
85 341
85 597
86 22
86 82
86 87
86 94
86 118
86 214
86 598
87 23
87 71
87 83
87 85
87 86
87 95
87 119
87 215
87 343
88 72
88 80
88 89
88 90
88 92
88 216
88 344
88 600
89 25
89 81
89 91
89 217
89 345
89 601
90 26
90 82
90 91
90 94
90 122
90 218
90 346
90 602
91 83
91 89
91 90
91 95
91 123
91 219
91 347
91 603
92 76
92 88
92 93
92 94
92 220
92 348
92 604
93 29
93 77
93 89
93 95
93 125
93 221
93 349
93 605
94 30
94 90
94 95
94 126
94 222
94 350
94 606
95 31
95 79
95 87
95 91
95 93
95 127
95 223
95 351
95 607
96 32
96 64
96 97
96 98
96 100
96 104
97 33
97 65
97 96
97 101
97 105
97 113
97 225
97 353
97 609
98 34
98 66
98 96
98 99
98 106
98 114
98 226
98 354
99 35
99 97
99 98
99 103
99 115
99 227
99 355
100 36
100 68
100 102
100 108
100 116
100 356
101 69
101 100
101 103
101 109
101 229
101 357
102 38
102 70
102 98
102 110
102 118
102 230
102 358
102 614
103 71
103 101
103 102
103 111
103 119
103 359
103 615
104 40
104 72
104 96
104 105
104 106
104 108
104 232
104 360
104 616
105 41
105 73
105 104
105 109
105 121
105 233
105 361
105 617
106 42
106 74
106 98
106 104
106 107
106 110
106 122
106 362
107 99
107 105
107 111
107 123
107 235
107 619
108 44
108 76
108 104
108 109
108 110
108 124
108 236
108 620
109 45
109 77
109 101
109 105
109 111
109 365
109 621
110 78
110 108
110 111
110 126
110 622
111 109
111 110
111 239
111 367
111 623
112 80
112 96
112 113
112 116
112 120
112 368
112 624
113 49
113 81
113 112
113 121
113 241
113 625
114 50
114 82
114 112
114 115
114 122
115 83
115 99
115 113
115 114
115 119
115 123
115 243
115 371
116 84
116 112
116 117
116 118
116 124
116 628
117 85
117 101
117 113
117 245
117 373
117 629
118 54
118 86
118 114
118 126
118 374
119 55
119 87
119 115
119 117
119 118
119 127
119 247
119 631
120 88
120 104
120 112
120 121
120 122
120 124
120 376
120 632
121 57
121 89
121 113
121 120
121 123
121 249
121 633
122 58
122 90
122 106
122 114
122 120
122 123
122 126
122 250
122 378
122 634
123 91
123 107
123 122
123 251
123 379
123 635
124 60
124 92
124 108
124 116
124 120
124 125
124 126
125 61
125 93
125 109
125 117
125 121
125 127
125 253
125 637
126 62
126 110
126 118
126 124
126 127
126 382
126 638
127 95
127 111
127 119
127 123
127 125
127 126
127 383
128 0
128 129
128 132
128 136
128 144
128 192
129 128
129 131
129 137
129 161
129 193
130 2
130 128
130 131
130 134
130 146
130 162
130 386
131 3
131 129
131 130
131 135
131 139
131 147
131 163
131 195
131 387
131 643
132 4
132 133
132 134
132 164
132 196
132 388
132 644
133 129
133 141
133 149
133 165
133 389
133 645
134 6
134 130
134 135
134 142
134 166
134 390
134 646
135 7
135 133
135 134
135 143
135 167
135 199
135 391
135 647
136 8
136 128
136 137
136 138
136 140
136 152
136 168
136 200
136 392
136 648
137 9
137 141
137 153
137 393
137 649
138 10
138 130
138 139
138 142
138 154
138 170
139 11
139 131
139 137
139 138
139 171
139 395
140 12
140 132
140 136
140 156
140 204
140 396
140 652
141 13
141 137
141 140
141 143
141 157
141 173
141 653
142 14
142 134
142 138
142 140
142 143
142 158
142 174
142 206
142 398
142 654
143 15
143 139
143 141
143 142
143 159
143 175
143 207
143 399
143 655
144 16
144 128
144 146
144 148
144 152
144 176
144 208
145 129
145 144
145 147
145 149
145 153
145 177
145 209
145 401
146 154
146 210
146 402
146 658
147 19
147 131
147 145
147 146
147 151
147 155
147 179
147 211
147 403
147 659
148 20
148 132
148 149
148 150
148 156
148 180
148 212
148 404
148 660
149 21
149 133
149 145
149 148
149 151
149 157
149 181
149 213
149 405
150 134
150 146
150 148
150 151
150 158
150 214
150 406
150 662
151 23
151 135
151 159
151 183
151 215
151 407
151 663
152 24
152 153
152 154
152 156
152 184
152 216
152 408
152 664
153 137
153 152
153 157
153 185
153 665
154 26
154 146
154 152
154 155
154 158
154 186
154 218
154 410
154 666
155 139
155 147
155 153
155 154
155 159
155 187
155 219
155 411
156 28
156 140
156 148
156 158
156 188
156 220
156 668
157 29
157 141
157 153
157 156
157 189
157 221
157 669
158 30
158 150
158 159
158 190
158 222
159 31
159 157
159 158
159 191
159 223
159 415
159 671
160 128
160 162
160 164
160 168
160 176
160 224
160 416
160 672
161 33
161 160
161 163
161 169
161 177
161 225
161 417
162 34
162 130
162 160
162 163
162 166
162 170
162 178
162 226
163 35
163 131
163 161
163 167
163 171
163 227
163 675
164 165
164 166
164 180
164 420
164 676
165 133
165 161
165 164
165 167
165 173
165 181
165 677
166 162
166 167
166 182
166 230
166 678
167 135
167 163
167 175
167 183
167 231
167 423
167 679
168 136
168 160
168 169
168 170
168 680
169 41
169 137
169 161
169 168
169 171
169 185
169 233
169 425
169 681
170 42
170 138
170 162
170 168
170 174
170 186
170 426
170 682
171 43
171 139
171 169
171 170
171 175
171 187
171 427
171 683
172 140
172 164
172 168
172 173
172 174
172 188
172 428
172 684
173 141
173 165
173 169
173 172
173 175
173 189
173 237
173 429
173 685
174 46
174 142
174 166
174 172
174 190
174 238
174 430
174 686
175 167
175 173
175 174
175 191
175 239
175 687
176 48
176 144
176 160
176 177
176 178
176 180
176 184
176 240
176 432
177 49
177 176
177 181
177 241
177 433
177 689
178 50
178 146
178 176
178 179
178 182
178 186
178 242
178 690
179 51
179 147
179 163
179 177
179 183
179 187
179 243
179 435
179 691
180 52
180 148
180 176
180 181
180 182
180 188
180 244
181 53
181 149
181 165
181 183
181 189
181 245
181 437
182 54
182 150
182 178
182 180
182 190
182 246
182 694
183 55
183 151
183 167
183 182
183 191
183 247
183 439
183 695
184 56
184 152
184 168
184 176
184 185
184 186
184 188
184 248
184 440
185 57
185 153
185 169
185 177
185 187
185 249
185 441
186 58
186 154
186 184
186 187
186 190
186 250
187 59
187 155
187 171
187 179
187 185
187 186
187 251
187 443
187 699
188 172
188 180
188 189
188 190
188 252
188 444
188 700
189 61
189 157
189 173
189 181
189 185
189 188
189 191
189 445
190 158
190 182
190 186
190 188
190 191
190 254
190 702
191 63
191 175
191 183
191 187
191 189
191 190
191 703
192 64
192 128
192 193
192 200
192 208
192 224
192 448
193 65
193 129
193 195
193 225
193 449
193 705
194 66
194 130
194 192
194 198
194 226
194 706
195 67
195 194
195 199
195 203
195 211
195 227
196 192
196 197
196 204
196 452
196 708
197 133
197 193
197 196
197 199
197 213
197 229
197 453
197 709
198 70
198 134
198 194
198 196
198 199
198 206
198 214
198 710
199 71
199 135
199 195
199 207
199 215
199 231
199 711
200 136
200 192
200 201
200 202
200 204
200 232
200 456
200 712
201 73
201 137
201 193
201 205
201 217
201 233
201 457
201 713
202 74
202 138
202 194
202 200
202 203
202 206
202 218
202 458
202 714
203 75
203 139
203 201
203 235
203 459
204 76
204 196
204 205
204 236
204 460
205 77
205 141
205 197
205 201
205 204
205 237
205 717
206 78
206 142
206 198
206 202
206 204
206 238
206 462
206 718
207 79
207 203
207 205
207 206
207 223
207 239
207 463
207 719
208 80
208 192
208 209
208 210
208 216
208 240
208 464
208 720
209 81
209 193
209 208
209 217
209 241
209 465
209 721
210 82
210 146
210 194
210 211
210 214
210 218
210 722
211 83
211 195
211 209
211 210
211 215
211 219
211 467
211 723
212 148
212 196
212 208
212 213
212 214
212 244
212 468
212 724
213 85
213 149
213 209
213 212
213 215
213 221
213 245
213 469
213 725
214 86
214 198
214 210
214 215
214 246
214 470
215 151
215 199
215 211
215 213
215 214
215 247
215 727
216 88
216 200
216 208
216 217
216 218
216 248
216 472
216 728
217 153
217 201
217 219
217 473
217 729
218 90
218 154
218 216
218 219
218 250
218 474
218 730
219 91
219 203
219 217
219 223
219 251
219 475
219 731
220 204
220 212
220 216
220 221
220 222
220 252
220 476
220 732
221 157
221 205
221 213
221 217
221 220
221 223
221 733
222 94
222 206
222 214
222 218
222 220
222 223
222 254
222 478
222 734
223 95
223 159
223 207
223 215
223 219
223 255
223 479
223 735
224 96
224 160
224 192
224 225
224 226
224 228
224 480
224 736
225 97
225 161
225 193
225 224
225 229
225 737
226 98
226 162
226 194
226 227
226 234
226 242
226 482
226 738
227 99
227 163
227 225
227 226
227 231
227 243
227 483
227 739
228 100
228 164
228 196
228 229
228 236
228 484
228 740
229 101
229 165
229 197
229 225
229 228
229 231
229 237
229 245
229 485
229 741
230 166
230 198
230 226
230 228
230 231
230 238
230 246
230 486
231 103
231 167
231 199
231 230
231 247
231 743
232 104
232 168
232 224
232 233
232 234
232 488
232 744
233 169
233 201
233 225
233 235
233 237
233 249
233 489
233 745
234 106
234 170
234 202
234 226
234 232
234 235
234 238
234 250
234 490
234 746
235 107
235 171
235 203
235 227
235 747
236 172
236 204
236 228
236 232
236 237
236 238
236 252
236 492
236 748
237 109
237 173
237 205
237 236
237 253
238 110
238 174
238 206
238 234
238 239
238 254
238 494
238 750
239 111
239 175
239 231
239 235
239 237
239 238
239 255
240 112
240 176
240 224
240 241
240 242
240 244
240 248
240 752
241 209
241 225
241 245
241 497
241 753
242 114
242 178
242 210
242 226
242 246
242 754
243 115
243 211
243 241
243 242
243 247
243 499
243 755
244 116
244 180
244 228
244 245
244 756
245 117
245 213
245 229
245 241
245 244
245 247
245 501
245 757
246 118
246 182
246 214
246 244
246 247
246 254
246 502
246 758
247 119
247 215
247 245
247 246
247 255
247 503
247 759
248 120
248 184
248 216
248 232
248 240
248 249
248 250
248 252
248 760
249 121
249 185
249 217
249 241
249 248
249 251
249 505
249 761
250 186
250 218
250 234
250 242
250 248
250 251
250 762
251 187
251 235
251 243
251 249
251 250
251 255
251 507
251 763
252 124
252 188
252 220
252 236
252 244
252 254
252 508
252 764
253 125
253 189
253 221
253 237
253 245
253 249
253 252
253 255
253 509
253 765
254 126
254 190
254 222
254 238
254 246
254 250
254 252
254 510
254 766
255 127
255 191
255 223
255 239
255 247
255 251
255 254
255 511
255 767
256 0
256 257
256 258
256 260
256 264
256 272
256 288
256 320
256 384
257 1
257 256
257 261
257 273
257 289
257 321
257 385
257 769
258 259
258 262
258 266
258 290
258 322
258 770
259 257
259 267
259 275
259 291
259 387
259 771
260 4
260 256
260 261
260 268
260 276
260 292
260 324
260 388
260 772
261 263
261 277
261 293
261 325
261 389
261 773
262 6
262 258
262 260
262 263
262 278
262 294
262 390
262 774
263 7
263 259
263 261
263 279
263 295
263 327
263 391
264 256
264 266
264 268
264 280
264 296
264 392
264 776
265 9
265 257
265 264
265 269
265 281
265 393
265 777
266 258
266 264
266 267
266 270
266 282
266 330
266 394
267 11
267 265
267 266
267 271
267 299
267 331
267 395
267 779
268 12
268 264
268 269
268 270
268 284
268 396
269 261
269 268
269 271
269 285
269 301
269 333
269 781
270 262
270 266
270 268
270 271
270 286
270 302
270 334
270 398
271 15
271 263
271 267
271 303
271 335
271 399
272 16
272 256
272 273
272 274
272 280
272 304
272 336
272 400
272 784
273 17
273 257
273 275
273 277
273 281
273 305
273 337
273 401
273 785
274 18
274 258
274 272
274 282
274 306
274 402
274 786
275 19
275 259
275 274
275 279
275 283
275 307
275 339
275 403
275 787
276 260
276 272
276 277
276 278
276 284
276 308
276 340
276 404
276 788
277 21
277 261
277 273
277 276
277 279
277 285
277 341
277 405
278 274
278 276
278 279
278 310
278 342
278 406
279 23
279 263
279 277
279 287
279 311
279 343
279 407
280 24
280 264
280 272
280 282
280 284
280 312
280 344
280 408
280 792
281 265
281 273
281 280
281 283
281 285
281 313
281 793
282 26
282 266
282 274
282 280
282 286
282 314
282 410
282 794
283 27
283 267
283 275
283 281
283 282
283 287
283 347
284 28
284 268
284 276
284 280
284 286
284 412
284 796
285 29
285 277
285 281
285 284
285 287
285 317
285 349
286 270
286 278
286 282
286 284
286 318
286 350
286 414
287 31
287 271
287 283
287 285
287 286
287 351
287 799
288 256
288 289
288 290
288 292
288 296
288 800
289 33
289 257
289 288
289 291
289 293
289 297
289 305
289 417
290 34
290 258
290 288
290 291
290 294
290 306
290 354
290 418
291 35
291 259
291 289
291 295
291 299
291 307
291 419
291 803
292 260
292 288
292 293
292 294
292 300
292 308
292 356
292 420
293 37
293 292
293 295
293 357
293 805
294 38
294 295
294 302
294 310
294 358
294 422
294 806
295 39
295 263
295 291
295 293
295 294
295 303
296 40
296 264
296 288
296 300
296 312
296 360
296 424
297 265
297 289
297 296
297 301
297 313
297 361
297 425
298 42
298 266
298 290
298 296
298 299
298 302
298 362
298 426
298 810
299 43
299 297
299 298
299 303
299 315
299 363
299 427
299 811
300 268
300 292
300 316
300 428
300 812
301 293
301 297
301 300
301 303
301 317
301 429
301 813
302 46
302 294
302 298
302 300
302 303
302 318
302 814
303 47
303 271
303 295
303 301
303 302
303 319
303 367
303 431
303 815
304 48
304 272
304 288
304 305
304 308
304 312
304 368
304 432
304 816
305 49
305 273
305 309
305 313
305 369
305 433
305 817
306 50
306 290
306 304
306 307
306 310
306 314
306 370
306 434
306 818
307 51
307 275
307 291
307 305
307 306
307 311
307 371
307 435
307 819
308 52
308 276
308 292
308 304
308 309
308 310
308 316
308 372
308 820
309 277
309 293
309 305
309 311
309 317
309 373
309 437
309 821
310 278
310 294
310 306
310 308
310 311
310 318
310 374
310 822
311 55
311 279
311 295
311 307
311 309
311 319
311 439
312 296
312 304
312 313
312 314
312 316
312 440
312 824
313 57
313 281
313 305
313 312
313 315
313 441
313 825
314 58
314 282
314 298
314 306
314 312
314 315
314 318
314 442
315 59
315 283
315 299
315 307
315 313
315 319
315 379
315 443
315 827
316 284
316 300
316 308
316 318
316 380
317 61
317 285
317 309
317 313
317 316
317 319
317 381
317 445
317 829
318 310
318 314
318 319
318 446
318 830
319 63
319 287
319 311
319 317
319 318
319 831
320 64
320 256
320 321
320 322
320 336
320 448
321 65
321 323
321 325
321 329
321 337
321 353
322 66
322 258
322 320
322 323
322 326
322 450
322 834
323 67
323 259
323 327
323 331
323 339
323 355
323 451
323 835
324 68
324 260
324 320
324 326
324 836
325 69
325 321
325 324
325 333
325 357
325 453
326 70
326 262
326 327
326 334
326 358
326 454
327 71
327 263
327 323
327 325
327 326
327 343
327 839
328 264
328 320
328 329
328 330
328 344
328 360
328 840
329 73
329 265
329 321
329 328
329 331
329 345
329 361
329 457
329 841
330 74
330 266
330 322
330 328
330 334
330 346
330 458
330 842
331 75
331 267
331 329
331 330
331 335
331 347
331 363
331 459
331 843
332 268
332 324
332 328
332 334
332 364
332 844
333 77
333 269
333 325
333 329
333 332
333 349
333 365
333 461
333 845
334 78
334 326
334 330
334 332
334 335
334 350
334 846
335 271
335 327
335 331
335 333
335 334
335 367
335 463
335 847
336 80
336 272
336 320
336 337
336 344
336 464
337 81
337 273
337 321
337 336
337 339
337 341
337 369
337 849
338 82
338 274
338 322
338 336
338 339
338 346
338 370
338 466
339 83
339 275
339 323
339 338
339 343
339 347
339 371
339 851
340 324
340 336
340 341
340 342
340 372
340 468
340 852
341 85
341 277
341 325
341 337
341 340
341 343
341 349
341 469
341 853
342 86
342 326
342 338
342 340
342 343
342 374
342 854
343 279
343 339
343 341
343 342
343 351
343 375
343 471
343 855
344 280
344 328
344 346
344 348
344 376
344 472
345 281
345 329
345 337
345 344
345 347
345 349
345 377
345 473
345 857
346 90
346 282
346 330
346 338
346 350
346 378
346 474
346 858
347 283
347 331
347 346
347 351
347 475
347 859
348 92
348 284
348 332
348 340
348 344
348 349
348 350
348 476
348 860
349 93
349 333
349 341
349 345
349 348
349 351
349 477
349 861
350 94
350 286
350 334
350 342
350 348
350 478
350 862
351 95
351 287
351 335
351 343
351 347
351 350
351 479
352 96
352 288
352 320
352 353
352 354
352 356
352 360
352 368
352 480
352 864
353 289
353 321
353 352
353 357
353 361
353 865
354 322
354 352
354 355
354 358
354 362
354 370
354 482
354 866
355 99
355 291
355 323
355 353
355 354
355 363
355 483
355 867
356 100
356 292
356 324
356 358
356 364
356 372
356 484
357 101
357 325
357 353
357 356
357 359
357 485
357 869
358 354
358 356
358 359
358 366
358 374
358 486
358 870
359 295
359 327
359 355
359 357
359 358
359 367
359 375
359 487
359 871
360 104
360 296
360 328
360 352
360 362
360 364
360 376
360 488
360 872
361 105
361 329
361 353
361 360
361 363
361 377
362 330
362 360
362 363
362 378
362 490
362 874
363 107
363 299
363 355
363 361
363 362
363 367
363 875
364 108
364 300
364 356
364 360
364 365
364 380
364 492
365 301
365 333
365 357
365 361
365 364
365 381
365 493
365 877
366 110
366 302
366 334
366 358
366 362
366 364
366 367
366 494
366 878
367 335
367 363
367 365
367 366
367 495
367 879
368 112
368 336
368 369
368 370
368 372
368 496
368 880
369 113
369 305
369 353
369 371
369 373
369 377
369 497
370 114
370 354
370 368
370 371
370 378
370 882
371 115
371 307
371 355
371 379
371 499
371 883
372 116
372 356
372 368
372 380
372 500
372 884
373 117
373 309
373 341
373 357
373 369
373 372
373 381
373 885
374 118
374 342
374 358
374 370
374 372
374 375
374 382
374 502
374 886
375 119
375 311
375 343
375 359
375 371
375 373
375 887
376 120
376 312
376 344
376 368
376 378
376 504
376 888
377 121
377 313
377 345
377 361
377 376
377 379
377 381
377 505
377 889
378 314
378 346
378 379
378 382
378 506
378 890
379 123
379 315
379 347
379 363
379 378
379 507
379 891
380 124
380 316
380 348
380 364
380 376
380 381
380 382
380 508
381 125
381 349
381 365
381 373
381 380
381 383
381 509
381 893
382 126
382 318
382 350
382 366
382 380
382 383
382 510
382 894
383 319
383 351
383 367
383 375
383 379
383 382
383 895
384 128
384 256
384 385
384 386
384 388
384 392
384 400
384 416
385 129
385 257
385 387
385 389
385 393
385 417
385 897
386 130
386 258
386 384
386 387
386 390
386 394
386 402
386 418
386 898
387 131
387 259
387 385
387 386
387 391
387 395
387 419
387 899
388 384
388 389
388 390
388 396
388 404
388 420
388 452
388 900
389 261
389 391
389 397
389 405
389 421
389 901
390 134
390 386
390 388
390 391
390 398
390 406
390 422
391 135
391 263
391 389
391 390
391 399
391 423
391 455
391 903
392 136
392 264
392 384
392 393
392 394
392 408
392 456
392 904
393 137
393 392
393 397
393 409
393 425
393 905
394 138
394 266
394 386
394 395
394 398
394 410
394 426
394 458
394 906
395 139
395 267
395 393
395 394
395 399
395 411
395 907
396 140
396 268
396 392
396 397
396 398
396 412
396 428
396 460
396 908
397 141
397 269
397 389
397 393
397 399
397 413
397 429
397 461
397 909
398 142
398 270
398 390
398 394
398 396
398 399
398 462
398 910
399 271
399 391
399 395
399 397
399 398
399 415
399 431
399 463
399 911
400 144
400 272
400 401
400 402
400 404
400 408
400 432
400 464
401 273
401 385
401 400
401 405
401 409
401 433
401 465
401 913
402 146
402 386
402 400
402 403
402 406
402 410
402 434
402 466
402 914
403 147
403 275
403 387
403 401
403 402
403 411
403 467
404 148
404 276
404 406
404 436
404 468
405 149
405 277
405 389
405 401
405 404
405 407
405 413
405 437
405 469
405 917
406 150
406 278
406 390
406 402
406 404
406 407
406 414
406 438
406 470
406 918
407 391
407 403
407 405
407 406
407 471
407 919
408 152
408 280
408 392
408 409
408 410
408 412
408 440
408 472
408 920
409 153
409 281
409 401
409 408
409 411
409 473
409 921
410 154
410 282
410 402
410 411
410 414
410 442
410 474
410 922
411 155
411 283
411 395
411 415
411 923
412 156
412 284
412 396
412 404
412 413
412 444
412 476
412 924
413 157
413 285
413 405
413 409
413 415
413 445
413 477
414 158
414 286
414 398
414 412
414 446
414 478
414 926
415 287
415 407
415 411
415 414
415 447
415 479
415 927
416 160
416 288
416 384
416 417
416 418
416 424
416 432
416 480
417 161
417 289
417 416
417 421
417 425
417 433
417 481
418 162
418 290
418 416
418 419
418 422
418 426
418 434
418 930
419 163
419 417
419 418
419 427
419 435
420 164
420 292
420 416
420 422
420 484
421 165
421 293
421 417
421 420
421 423
421 429
421 437
421 485
421 933
422 166
422 294
422 390
422 418
422 430
422 438
422 934
423 167
423 295
423 419
423 422
423 431
423 935
424 168
424 296
424 392
424 425
424 428
424 440
424 488
424 936
425 169
425 297
425 424
425 441
425 489
425 937
426 298
426 394
426 424
426 442
426 938
427 171
427 395
427 419
427 425
427 426
427 431
427 443
427 491
427 939
428 300
428 396
428 420
428 424
428 429
428 430
428 444
429 173
429 301
429 397
429 425
429 428
429 431
429 445
429 941
430 174
430 302
430 398
430 426
430 428
430 431
430 446
430 494
430 942
431 175
431 303
431 399
431 427
431 429
431 430
431 495
431 943
432 176
432 400
432 433
432 436
432 440
432 496
432 944
433 305
433 417
433 432
433 435
433 437
433 441
433 945
434 178
434 418
434 432
434 435
434 438
434 442
434 498
434 946
435 179
435 307
435 403
435 419
435 433
435 434
435 439
435 443
435 947
436 180
436 308
436 420
436 437
436 438
436 444
436 500
436 948
437 309
437 405
437 421
437 433
437 436
437 439
437 445
437 501
437 949
438 182
438 310
438 422
438 434
438 436
438 439
438 446
438 950
439 183
439 311
439 407
439 423
439 437
439 447
440 312
440 424
440 441
440 442
440 444
440 504
440 952
441 313
441 409
441 433
441 443
441 445
442 186
442 426
442 434
442 440
442 443
442 446
442 506
442 954
443 411
443 441
444 188
444 316
444 412
444 428
444 436
444 446
444 508
445 429
445 437
445 444
445 447
445 509
446 190
446 318
446 414
446 430
446 438
446 444
446 958
447 191
447 319
447 415
447 431
447 439
447 443
447 445
447 446
447 511
448 384
448 449
448 450
448 464
448 480
449 321
449 385
449 451
449 465
449 481
449 961
450 194
450 386
450 448
450 451
450 458
450 466
450 482
450 962
451 195
451 323
451 387
451 449
451 450
451 459
451 963
452 324
452 388
452 448
452 453
452 454
452 460
452 468
452 484
452 964
453 389
453 449
453 452
453 485
454 198
454 326
454 390
454 450
454 452
454 455
454 462
454 486
454 966
455 199
455 327
455 391
455 451
455 453
455 454
455 463
455 471
455 487
455 967
456 200
456 328
456 392
456 448
456 458
456 472
456 488
457 201
457 393
457 449
457 456
457 459
457 461
457 473
457 489
457 969
458 202
458 330
458 394
458 459
458 462
458 474
459 203
459 331
459 395
459 457
459 458
459 463
459 475
459 491
459 971
460 332
460 396
460 456
460 461
460 462
460 476
460 492
460 972
461 205
461 397
461 453
461 460
461 463
461 477
461 493
461 973
462 206
462 334
462 458
462 460
462 463
462 478
462 974
463 207
463 399
463 455
463 459
463 461
463 462
463 495
463 975
464 336
464 465
464 466
464 468
464 472
464 976
465 209
465 337
465 401
465 464
465 469
465 473
465 497
465 977
466 210
466 338
466 464
466 467
466 470
466 498
466 978
467 211
467 339
467 403
467 451
467 465
467 466
467 471
467 979
468 212
468 340
468 404
468 452
468 469
468 470
468 476
468 980
469 213
469 341
469 405
469 453
469 465
469 468
469 471
469 501
469 981
470 342
470 406
470 454
470 468
470 471
470 478
470 502
471 215
471 343
471 407
471 467
471 469
471 470
471 479
471 983
472 216
472 344
472 456
472 464
472 474
472 476
472 504
473 217
473 345
473 465
473 472
473 477
473 505
473 985
474 218
474 346
474 410
474 466
474 472
474 475
474 478
474 506
474 986
475 347
475 411
475 459
475 467
475 473
475 479
475 507
475 987
476 220
476 412
476 460
476 472
476 477
476 508
476 988
477 221
477 349
477 413
477 469
477 473
477 476
477 509
477 989
478 222
478 350
478 414
478 462
478 470
478 474
478 476
478 479
478 510
478 990
479 223
479 351
479 415
479 463
479 477
479 478
479 511
479 991
480 224
480 352
480 416
480 481
480 482
480 484
480 496
481 225
481 353
481 417
481 449
481 480
481 483
481 489
481 497
481 993
482 226
482 418
482 480
482 483
482 486
482 498
482 994
483 227
483 355
483 419
483 451
483 482
483 487
483 491
483 499
483 995
484 356
484 420
484 452
484 480
484 485
484 486
484 492
484 500
484 996
485 229
485 421
485 453
485 481
485 493
485 501
485 997
486 358
486 422
486 482
486 484
486 494
486 502
486 998
487 231
487 359
487 423
487 455
487 483
487 485
487 486
487 495
487 999
488 232
488 360
488 480
488 490
488 492
488 504
488 1000
489 233
489 361
489 425
489 457
489 481
489 488
489 505
489 1001
490 426
490 458
490 482
490 488
490 491
490 494
490 506
490 1002
491 235
491 363
491 427
491 459
491 489
491 507
491 1003
492 236
492 428
492 484
492 488
492 493
492 494
492 508
492 1004
493 237
493 365
493 429
493 485
493 489
493 492
493 495
493 509
493 1005
494 366
494 430
494 462
494 486
494 490
494 492
494 510
495 239
495 367
495 491
495 493
495 494
495 511
495 1007
496 240
496 464
496 497
496 498
496 500
496 504
496 1008
497 241
497 369
497 433
497 481
497 499
497 501
497 505
497 1009
498 242
498 370
498 434
498 466
498 482
498 496
498 499
498 502
499 243
499 371
499 435
499 467
499 483
499 497
499 498
499 503
499 1011
500 244
500 372
500 436
500 468
500 484
500 496
500 501
500 502
500 508
500 1012
501 245
501 373
501 437
501 469
501 500
501 503
501 509
501 1013
502 246
502 374
502 438
502 486
502 500
502 503
502 1014
503 375
503 439
503 471
503 487
503 499
503 501
503 511
503 1015
504 248
504 440
504 472
504 488
504 505
504 508
504 1016
505 249
505 377
505 441
505 504
505 507
505 1017
506 250
506 378
506 490
506 498
506 504
506 1018
507 251
507 443
507 491
507 499
507 505
507 506
507 1019
508 252
508 380
508 444
508 476
508 500
508 509
509 253
509 381
509 477
509 493
509 501
509 505
509 508
509 511
509 1021
510 254
510 382
510 446
510 502
510 506
510 508
510 511
510 1022
511 255
511 383
511 447
511 479
511 495
511 503
511 507
511 509
511 510
512 0
512 514
512 516
512 520
512 528
512 544
512 576
513 512
513 515
513 517
513 521
513 529
513 545
513 577
513 641
513 769
514 512
514 518
514 522
514 530
514 578
514 642
515 514
515 519
515 523
515 531
515 547
515 643
515 771
516 4
516 512
516 517
516 518
516 532
516 548
516 580
516 644
516 772
517 513
517 516
517 519
517 525
517 549
517 581
517 773
518 514
518 516
518 519
518 526
518 534
518 550
518 646
519 7
519 515
519 517
519 518
519 527
519 535
519 583
519 647
519 775
520 8
520 512
520 521
520 522
520 536
520 552
520 648
520 776
521 513
521 520
521 525
521 537
521 553
521 585
522 10
522 514
522 520
522 523
522 526
522 554
522 586
522 650
523 11
523 515
523 521
523 522
523 527
523 539
523 587
523 651
523 779
524 12
524 516
524 520
524 525
524 526
524 540
524 588
524 652
524 780
525 13
525 524
525 527
525 541
525 557
525 589
525 653
526 518
526 522
526 524
526 527
526 542
526 558
526 590
526 654
526 782
527 15
527 519
527 523
527 526
527 559
527 591
527 783
528 530
528 532
528 560
528 592
528 656
529 17
529 513
529 528
529 537
529 561
529 593
529 657
529 785
530 18
530 531
530 534
530 538
530 562
530 594
530 658
531 19
531 515
531 529
531 530
531 535
531 563
531 659
531 787
532 20
532 516
532 533
532 534
532 596
532 660
532 788
533 21
533 517
533 529
533 532
533 541
533 597
533 661
533 789
534 22
534 518
534 530
534 566
534 598
534 662
534 790
535 23
535 531
535 533
535 534
535 599
535 663
535 791
536 528
536 537
536 538
536 540
536 568
536 600
536 664
536 792
537 25
537 521
537 529
537 541
537 569
537 793
538 522
538 536
538 539
538 570
538 602
538 666
539 27
539 531
539 537
539 538
539 543
539 571
539 667
539 795
540 28
540 532
540 536
540 541
540 572
540 604
540 668
540 796
541 29
541 537
541 540
541 543
541 605
541 669
541 797
542 30
542 526
542 534
542 538
542 540
542 543
542 574
542 606
542 670
542 798
543 31
543 527
543 535
543 539
543 542
543 575
543 607
543 671
543 799
544 32
544 512
544 546
544 548
544 552
544 560
544 608
544 672
545 33
545 544
545 553
545 609
545 673
546 34
546 514
546 547
546 550
546 554
546 562
546 610
546 674
546 802
547 35
547 515
547 545
547 551
547 555
547 611
547 803
548 36
548 516
548 544
548 549
548 550
548 556
548 612
548 676
548 804
549 37
549 545
549 548
549 551
549 613
549 805
550 546
550 614
550 678
550 806
551 39
551 519
551 547
551 549
551 550
551 567
551 679
552 40
552 544
552 553
552 554
552 556
552 568
552 616
552 680
552 808
553 41
553 521
553 555
553 557
553 569
553 617
553 681
554 42
554 522
554 546
554 552
554 570
554 618
554 682
554 810
555 43
555 523
555 553
555 554
555 559
555 571
555 619
555 683
555 811
556 44
556 524
556 552
556 557
556 558
556 620
556 812
557 45
557 525
557 549
557 553
557 559
557 573
557 621
557 813
558 526
558 550
558 554
558 559
558 574
558 622
558 686
558 814
559 551
559 555
559 558
559 623
559 687
559 815
560 48
560 528
560 544
560 564
560 624
560 688
561 49
561 529
561 545
561 560
561 563
561 565
561 569
561 625
561 817
562 50
562 530
562 546
562 560
562 566
562 570
562 626
562 690
562 818
563 547
563 562
563 567
563 627
563 819
564 52
564 532
564 548
564 560
564 565
564 572
564 628
565 53
565 533
565 549
565 564
565 567
565 693
566 534
566 550
566 562
566 564
566 567
566 574
566 630
566 694
566 822
567 55
567 535
567 563
567 566
567 631
567 823
568 536
568 552
568 560
568 569
568 572
568 632
568 696
568 824
569 57
569 537
569 553
569 568
569 571
569 633
569 697
569 825
570 58
570 538
570 554
570 562
570 568
570 571
570 574
570 634
570 698
571 59
571 555
571 563
571 575
571 699
571 827
572 60
572 540
572 556
572 568
572 573
572 574
572 636
572 700
572 828
573 61
573 541
573 557
573 565
573 569
573 575
573 701
573 829
574 62
574 542
574 566
574 570
574 575
574 638
574 830
575 63
575 543
575 559
575 567
575 571
575 573
575 574
575 703
576 512
576 580
576 584
576 608
576 704
577 576
577 579
577 585
577 593
577 609
577 705
577 833
578 66
578 514
578 576
578 579
578 586
578 610
578 706
578 834
579 67
579 515
579 577
579 578
579 583
579 587
579 611
579 835
580 516
580 576
580 581
580 588
580 596
580 612
580 708
580 836
581 69
581 577
581 580
581 583
581 589
581 597
581 709
581 837
582 518
582 578
582 580
582 583
582 590
582 598
582 710
583 71
583 519
583 579
583 581
583 591
583 599
583 615
583 711
583 839
584 72
584 520
584 585
584 586
584 588
584 600
584 840
585 73
585 577
585 584
585 587
585 589
585 601
585 713
585 841
586 74
586 578
586 584
586 590
586 602
586 618
586 714
587 75
587 579
587 585
587 586
587 603
587 619
587 715
588 524
588 589
588 604
588 620
588 716
588 844
589 77
589 525
589 581
589 588
589 605
589 845
590 78
590 526
590 582
590 588
590 591
590 606
590 622
590 718
590 846
591 79
591 583
591 587
591 589
591 590
591 607
591 623
592 80
592 528
592 576
592 593
592 594
592 596
592 600
592 720
592 848
593 81
593 529
593 577
593 597
593 601
593 721
593 849
594 82
594 578
594 592
594 595
594 598
594 602
594 626
594 722
594 850
595 83
595 531
595 579
595 593
595 594
595 603
595 627
596 84
596 532
596 580
596 598
596 604
596 628
596 852
597 581
597 596
597 599
597 605
597 725
597 853
598 86
598 582
598 594
598 596
598 606
598 630
598 726
599 87
599 595
599 597
599 598
599 631
599 727
599 855
600 592
600 601
600 604
600 632
600 728
600 856
601 537
601 593
601 600
601 603
601 605
601 633
602 538
602 600
602 603
602 634
603 539
603 601
603 607
603 635
603 731
604 540
604 588
604 596
604 600
604 605
604 732
604 860
605 93
605 589
605 604
605 607
605 733
605 861
606 542
606 598
606 602
606 604
606 607
606 734
606 862
607 543
607 591
607 599
607 603
607 606
607 863
608 96
608 544
608 576
608 609
608 610
608 612
608 616
608 624
608 736
608 864
609 97
609 545
609 577
609 608
609 611
609 617
609 625
609 737
609 865
610 98
610 546
610 608
610 611
610 618
610 626
610 738
611 99
611 547
611 579
611 609
611 610
611 619
611 627
611 739
611 867
612 100
612 580
612 608
612 613
612 620
612 628
612 868
613 101
613 549
613 581
613 609
613 612
613 615
613 621
613 741
613 869
614 102
614 550
614 582
614 610
614 612
614 622
614 630
614 742
615 551
615 611
615 614
615 623
615 743
616 104
616 552
616 584
616 608
616 617
616 618
616 620
616 632
616 744
616 872
617 585
617 616
617 619
617 621
617 633
617 745
617 873
618 106
618 554
618 586
618 619
618 622
618 746
618 874
619 107
619 555
619 587
619 611
619 617
619 623
619 635
619 747
619 875
620 108
620 556
620 588
620 616
620 622
620 636
620 748
621 557
621 589
621 613
621 617
621 620
621 623
621 637
621 749
621 877
622 558
622 618
622 620
622 638
622 750
622 878
623 111
623 559
623 615
623 619
623 621
623 622
623 751
623 879
624 112
624 560
624 592
624 608
624 628
624 632
625 113
625 561
625 593
625 609
625 624
625 629
625 633
625 753
626 114
626 562
626 594
626 610
626 624
626 627
626 630
626 634
626 754
626 882
627 115
627 563
627 595
627 611
627 625
627 626
627 631
627 635
627 755
628 116
628 564
628 624
628 630
628 756
628 884
629 117
629 565
629 597
629 613
629 625
629 628
629 631
629 637
629 885
630 118
630 566
630 598
630 614
630 626
630 628
630 631
630 638
630 758
631 119
631 567
631 615
631 627
631 629
631 630
631 887
632 120
632 568
632 616
632 636
632 760
632 888
633 569
633 601
633 617
633 625
633 632
633 637
633 889
634 122
634 570
634 602
634 618
634 626
634 632
634 635
634 638
634 890
635 123
635 571
635 603
635 619
635 633
635 639
635 763
635 891
636 124
636 572
636 604
636 620
636 628
636 632
636 637
636 638
636 764
637 573
637 605
637 629
637 633
637 636
637 639
637 765
637 893
638 574
638 606
638 622
638 634
638 636
638 639
638 766
638 894
639 127
639 575
639 607
639 623
639 631
639 635
639 637
639 638
640 128
640 512
640 641
640 642
640 648
640 672
640 896
641 129
641 513
641 640
641 645
641 649
641 657
641 673
641 897
642 130
642 514
642 640
642 643
642 646
642 650
642 658
642 674
642 706
642 898
643 131
643 515
643 641
643 642
643 647
643 651
643 659
643 675
643 707
643 899
644 132
644 516
644 640
644 645
644 646
644 652
644 900
645 133
645 517
645 644
645 653
645 661
645 677
645 709
645 901
646 134
646 518
646 642
646 644
646 647
646 654
646 662
646 678
646 710
647 135
647 645
647 655
647 663
647 679
647 711
647 903
648 520
648 640
648 649
648 650
648 652
648 664
648 680
648 712
648 904
649 521
649 651
649 653
649 665
649 713
649 905
650 138
650 522
650 642
650 648
650 651
650 654
650 666
650 682
650 714
650 906
651 139
651 523
651 643
651 649
651 650
651 655
651 667
651 683
651 715
651 907
652 140
652 524
652 644
652 648
652 654
652 668
652 684
652 716
652 908
653 141
653 525
653 645
653 649
653 652
653 655
653 669
653 685
653 717
653 909
654 646
654 650
654 655
654 670
654 686
655 527
655 647
655 651
655 653
655 654
655 671
655 687
655 719
655 911
656 144
656 640
656 657
656 658
656 660
656 664
656 688
656 720
656 912
657 145
657 656
657 659
657 661
657 665
657 689
657 721
657 913
658 146
658 530
658 656
658 659
658 662
658 666
658 690
659 643
659 657
659 658
659 663
659 691
659 723
659 915
660 148
660 532
660 644
660 661
660 662
660 668
660 692
660 724
660 916
661 149
661 645
661 657
661 660
661 663
661 669
661 693
661 725
661 917
662 150
662 534
662 646
662 658
662 660
662 670
662 694
662 726
662 918
663 151
663 535
663 662
663 671
663 727
663 919
664 152
664 536
664 665
664 666
664 668
664 696
664 728
664 920
665 153
665 537
665 649
665 657
665 664
665 667
665 669
665 697
665 729
665 921
666 154
666 538
666 650
666 658
666 664
666 667
666 698
666 730
666 922
667 155
667 651
667 659
667 665
667 671
667 699
667 731
667 923
668 156
668 540
668 652
668 660
668 669
668 670
668 700
668 732
668 924
669 157
669 541
669 653
669 661
669 665
669 668
669 671
669 701
670 158
670 542
670 654
670 666
670 668
670 671
670 734
670 926
671 159
671 543
671 655
671 663
671 667
671 669
671 670
671 703
671 735
671 927
672 160
672 544
672 674
672 676
672 680
672 688
672 928
673 161
673 545
673 641
673 672
673 675
673 677
673 681
673 689
674 162
674 546
674 642
674 672
674 675
674 678
674 682
674 690
674 738
675 163
675 547
675 673
675 674
675 679
675 683
675 691
675 739
675 931
676 164
676 548
676 644
676 672
676 678
676 684
676 692
676 740
677 165
677 549
677 645
677 676
677 685
677 741
677 933
678 166
678 550
678 646
678 674
678 676
678 679
678 686
678 694
678 742
679 167
679 551
679 647
679 675
679 677
679 678
679 687
679 695
679 743
679 935
680 168
680 552
680 682
680 684
680 744
681 169
681 649
681 673
681 680
681 685
681 697
682 674
682 683
682 698
682 746
682 938
683 171
683 555
683 651
683 675
683 681
683 682
683 699
683 747
683 939
684 172
684 556
684 700
684 940
685 557
685 653
685 681
685 684
685 701
685 749
685 941
686 174
686 558
686 654
686 682
686 684
686 687
686 702
686 750
686 942
687 559
687 679
687 683
687 685
687 686
687 703
687 751
688 176
688 656
688 672
688 689
688 696
688 752
688 944
689 177
689 561
689 688
689 691
689 693
689 697
689 753
689 945
690 178
690 562
690 658
690 674
690 688
690 691
690 694
690 754
690 946
691 563
691 659
691 675
691 690
691 699
692 180
692 564
692 660
692 688
692 693
692 694
692 700
693 181
693 565
693 677
693 692
693 695
693 757
693 949
694 182
694 566
694 678
694 702
694 758
694 950
695 183
695 567
695 663
695 691
695 693
695 694
695 703
695 759
696 184
696 568
696 664
696 680
696 688
696 697
696 698
696 700
696 760
696 952
697 185
697 569
697 681
697 699
697 953
698 186
698 666
698 682
698 690
698 696
698 699
698 702
698 762
699 667
699 683
699 697
699 703
699 763
699 955
700 188
700 684
700 696
700 701
700 702
700 764
700 956
701 189
701 669
701 693
701 697
701 700
701 703
701 765
701 957
702 190
702 574
702 670
702 694
702 698
702 700
702 703
702 766
702 958
703 671
703 699
703 701
703 702
703 767
703 959
704 192
704 576
704 640
704 705
704 708
704 712
704 720
704 736
704 960
705 193
705 577
705 641
705 707
705 709
705 713
705 721
705 737
705 961
706 578
706 704
706 707
706 710
706 714
706 722
706 738
706 962
707 195
707 579
707 705
707 706
707 711
707 715
707 723
707 739
707 963
708 196
708 580
708 644
708 709
708 710
708 740
708 964
709 197
709 645
709 705
709 708
709 717
709 741
709 965
710 582
710 646
710 706
710 708
710 711
710 718
710 726
710 742
710 966
711 199
711 647
711 709
711 719
711 727
712 200
712 584
712 648
712 704
712 713
712 716
712 728
712 744
712 968
713 585
713 649
713 712
713 715
713 717
713 729
713 969
714 586
714 706
714 712
714 715
714 718
714 730
714 746
714 970
715 203
715 587
715 651
715 713
715 714
715 719
715 731
715 971
716 204
716 708
716 712
716 732
716 748
716 972
717 205
717 589
717 716
717 719
717 973
718 590
718 654
718 714
718 716
718 719
718 734
718 974
719 207
719 591
719 711
719 715
719 717
719 718
719 735
719 975
720 208
720 592
720 656
720 704
720 721
720 722
720 728
720 752
720 976
721 209
721 593
721 657
721 723
721 725
721 977
722 594
722 658
722 706
722 720
722 723
722 726
722 730
722 978
723 211
723 595
723 721
723 722
723 727
723 979
724 212
724 596
724 660
724 708
724 720
724 725
724 726
724 756
725 213
725 597
725 661
725 709
725 724
725 981
726 214
726 598
726 724
726 734
726 758
726 982
727 215
727 599
727 723
727 725
727 726
727 735
727 759
727 983
728 216
728 600
728 664
728 712
728 720
728 729
728 730
728 760
729 601
729 665
729 713
729 721
729 728
729 731
729 733
729 985
730 218
730 602
730 666
730 714
730 731
730 734
730 762
730 986
731 219
731 603
731 667
731 715
731 723
731 729
731 730
731 735
731 763
731 987
732 220
732 604
732 668
732 716
732 724
732 728
732 733
732 734
732 764
732 988
733 221
733 669
733 717
733 725
733 729
733 735
733 765
733 989
734 222
734 606
734 718
734 726
734 730
734 732
734 735
734 766
734 990
735 223
735 607
735 727
735 731
735 733
735 734
735 767
735 991
736 224
736 672
736 704
736 738
736 740
736 744
736 992
737 225
737 673
737 705
737 736
737 739
737 741
737 745
738 226
738 610
738 674
738 706
738 736
738 739
738 742
738 746
738 754
738 994
739 227
739 611
739 675
739 707
739 743
739 747
739 755
739 995
740 228
740 612
740 676
740 708
740 741
740 742
740 748
740 756
740 996
741 229
741 613
741 677
741 737
741 740
741 743
741 757
741 997
742 230
742 614
742 678
742 710
742 740
742 743
742 750
742 998
743 231
743 679
743 711
743 739
743 741
743 751
743 759
743 999
744 232
744 736
744 746
744 748
744 760
744 1000
745 617
745 681
745 713
745 737
745 744
745 747
745 749
745 1001
746 682
746 714
746 738
746 744
746 747
746 750
746 762
746 1002
747 235
747 619
747 683
747 715
747 739
747 746
747 751
747 1003
748 236
748 620
748 684
748 749
748 750
748 764
749 237
749 685
749 717
749 741
749 751
749 765
749 1005
750 718
750 742
750 748
750 751
750 1006
751 239
751 623
751 687
751 719
751 743
751 750
751 767
751 1007
752 240
752 624
752 720
752 736
752 753
752 754
752 756
752 760
752 1008
753 241
753 625
753 689
753 721
753 737
753 752
753 757
753 761
754 626
754 690
754 722
754 752
754 755
754 758
754 762
755 243
755 627
755 691
755 723
755 739
755 753
755 754
755 759
755 763
755 1011
756 244
756 628
756 692
756 724
756 740
756 752
756 757
756 764
756 1012
757 245
757 629
757 725
757 741
757 756
757 765
757 1013
758 742
758 756
758 766
759 247
759 631
759 695
759 727
759 757
759 758
759 767
759 1015
760 632
760 728
760 744
760 762
760 764
760 1016
761 633
761 697
761 729
761 745
761 760
761 763
762 634
762 698
762 746
762 760
762 763
762 1018
763 251
763 699
763 747
763 761
763 762
763 767
763 1019
764 252
764 636
764 700
764 748
764 760
764 765
764 766
764 1020
765 253
765 701
765 733
765 757
765 761
765 764
765 1021
766 734
766 750
766 762
766 764
766 767
766 1022
767 639
767 735
767 765
767 766
767 1023
768 256
768 512
768 770
768 772
768 784
768 800
768 832
768 896
769 513
769 768
769 771
769 777
769 785
769 833
769 897
770 258
770 514
770 768
770 771
770 774
770 786
770 834
770 898
771 259
771 769
771 770
771 775
771 779
771 803
771 899
772 768
772 773
772 774
772 780
772 788
772 804
772 836
773 517
773 769
773 772
773 775
773 781
773 805
773 837
773 901
774 262
774 518
774 775
774 782
774 790
774 806
774 838
774 902
775 263
775 519
775 771
775 774
775 783
775 791
775 807
775 839
775 903
776 264
776 768
776 777
776 778
776 780
776 792
776 808
776 904
777 521
777 769
777 776
777 779
777 781
777 793
777 841
777 905
778 266
778 522
778 770
778 776
778 779
778 782
778 794
778 842
778 906
779 267
779 523
779 771
779 778
779 783
779 795
779 811
779 843
780 268
780 524
780 776
780 781
780 782
780 812
780 844
780 908
781 269
781 525
781 773
781 777
781 783
781 813
781 845
781 909
782 270
782 526
782 774
782 778
782 780
782 798
782 910
783 271
783 527
783 775
783 782
783 799
783 815
783 847
783 911
784 272
784 528
784 768
784 785
784 786
784 788
784 792
784 816
785 529
785 769
785 784
785 787
785 789
785 793
785 817
785 849
785 913
786 530
786 770
786 784
786 790
786 818
786 850
786 914
787 275
787 531
787 771
787 785
787 786
787 791
787 795
788 276
788 532
788 772
788 789
788 790
788 796
788 820
788 852
788 916
789 277
789 533
789 773
789 788
789 797
789 821
789 853
789 917
790 278
790 534
790 788
790 791
790 798
790 822
790 854
791 279
791 775
791 787
791 789
791 790
791 823
791 855
791 919
792 280
792 776
792 784
792 794
792 796
792 824
792 920
793 281
793 777
793 785
793 792
793 795
793 797
793 825
793 921
794 538
794 778
794 786
794 795
794 798
794 826
794 858
794 922
795 283
795 787
795 793
795 794
795 827
795 923
796 540
796 780
796 798
796 828
796 860
796 924
797 285
797 541
797 781
797 793
797 796
797 799
797 829
798 286
798 542
798 790
798 794
798 796
798 799
798 830
798 862
798 926
799 543
799 791
799 795
799 797
799 831
800 544
800 768
800 801
800 802
800 804
800 808
800 816
800 928
801 289
801 545
801 769
801 803
801 809
801 865
801 929
802 290
802 770
802 800
802 803
802 806
802 810
802 818
802 930
803 291
803 547
803 771
803 801
803 802
803 807
803 811
803 819
803 867
803 931
804 292
804 548
804 800
804 820
804 868
804 932
805 293
805 549
805 801
805 804
805 807
806 294
806 550
806 802
806 804
806 807
806 814
806 822
806 934
807 295
807 551
807 775
807 803
807 805
807 806
807 815
807 823
807 871
808 296
808 776
808 800
808 810
808 812
808 824
808 872
809 297
809 553
809 777
809 801
809 808
809 813
809 825
809 873
809 937
810 298
810 554
810 778
810 808
810 811
810 814
810 826
810 874
810 938
811 299
811 555
811 779
811 809
811 810
811 815
811 827
811 875
812 300
812 780
812 804
812 813
812 814
812 828
812 876
812 940
813 557
813 781
813 805
813 812
813 829
813 877
813 941
814 782
814 806
814 810
814 812
814 815
814 830
814 878
814 942
815 303
815 783
815 811
815 813
815 831
815 879
815 943
816 560
816 800
816 817
816 820
816 880
816 944
817 561
817 801
817 816
817 821
817 825
817 881
817 945
818 306
818 562
818 786
818 802
818 816
818 819
818 822
818 826
818 882
819 307
819 563
819 787
819 803
819 817
819 823
819 827
819 883
820 308
820 564
820 816
820 821
820 822
820 828
820 948
821 309
821 565
821 789
821 805
821 817
821 829
821 885
822 310
822 566
822 790
822 818
822 823
822 830
822 886
822 950
823 311
823 807
823 819
823 821
823 822
823 831
823 887
823 951
824 568
824 792
824 808
824 816
824 825
824 828
824 888
825 313
825 793
825 809
825 817
825 827
825 829
825 889
825 953
826 314
826 570
826 818
826 824
826 890
826 954
827 571
827 811
827 819
827 826
827 831
827 891
827 955
828 316
828 572
828 796
828 820
828 824
828 829
828 830
828 892
828 956
829 317
829 573
829 797
829 813
829 821
829 831
829 893
829 957
830 318
830 574
830 826
830 828
830 831
830 958
831 575
831 823
831 830
831 959
832 320
832 576
832 768
832 833
832 836
832 864
832 960
833 321
833 577
833 769
833 835
833 841
833 849
833 865
833 961
834 322
834 832
834 835
834 838
834 842
834 850
834 866
835 579
835 771
835 833
835 834
835 843
835 851
835 867
835 963
836 324
836 772
836 832
836 837
836 838
836 844
836 852
836 964
837 325
837 581
837 773
837 833
837 836
837 839
837 845
837 853
837 869
837 965
838 326
838 582
838 774
838 834
838 839
838 854
838 870
839 327
839 583
839 775
839 835
839 837
839 855
839 871
840 328
840 584
840 776
840 832
840 841
840 844
840 856
840 968
841 777
841 833
841 840
841 843
841 873
841 969
842 330
842 586
842 840
842 858
842 874
842 970
843 331
843 587
843 779
843 842
843 847
843 859
843 875
843 971
844 588
844 780
844 840
844 846
844 972
845 781
845 841
845 844
845 847
845 877
845 973
846 334
846 590
846 782
846 838
846 842
846 844
846 847
846 878
846 974
847 335
847 591
847 783
847 839
847 845
847 846
847 879
848 336
848 592
848 784
848 832
848 849
848 850
848 856
848 880
849 833
849 848
849 851
849 853
849 857
849 977
850 338
850 594
850 786
850 834
850 848
850 854
850 882
850 978
851 339
851 595
851 787
851 835
851 850
851 855
851 979
852 340
852 596
852 788
852 836
852 848
852 884
852 980
853 597
853 849
853 852
853 855
853 861
853 885
853 981
854 342
854 598
854 790
854 838
854 852
854 855
854 862
854 886
855 599
855 791
855 854
855 863
855 887
855 983
856 344
856 600
856 792
856 840
856 848
856 857
856 858
856 888
857 345
857 601
857 793
857 841
857 849
857 859
857 861
857 889
857 985
858 346
858 602
858 794
858 842
858 850
858 856
858 862
858 890
858 986
859 347
859 603
859 795
859 843
859 851
859 857
859 858
859 863
859 891
860 796
860 844
860 852
860 856
860 861
860 862
860 892
860 988
861 349
861 605
861 797
861 845
861 853
861 863
861 893
861 989
862 350
862 798
862 846
862 860
862 863
862 894
862 990
863 351
863 607
863 799
863 847
863 862
863 991
864 352
864 608
864 800
864 832
864 866
864 868
864 872
864 880
865 353
865 609
865 801
865 833
865 864
865 867
865 869
865 873
865 881
865 993
866 354
866 610
866 802
866 867
866 870
866 874
866 994
867 355
867 611
867 803
867 866
867 871
867 875
867 883
867 995
868 356
868 612
868 804
868 836
868 864
868 870
868 996
869 357
869 613
869 805
869 868
869 871
869 877
869 885
869 997
870 358
870 614
870 806
870 866
870 868
870 871
870 878
870 886
870 998
871 359
871 615
871 867
871 870
871 879
871 887
871 999
872 360
872 616
872 808
872 840
872 864
872 873
872 874
872 1000
873 361
873 617
873 865
873 875
873 877
873 889
873 1001
874 362
874 810
874 866
874 872
874 875
874 878
874 890
874 1002
875 619
875 811
875 867
875 874
875 879
875 1003
876 364
876 620
876 812
876 844
876 868
876 872
876 877
876 892
877 813
877 845
877 869
877 873
877 876
877 879
877 893
878 622
878 870
878 876
878 879
879 875
879 877
879 878
880 368
880 624
880 848
880 881
880 884
880 888
881 369
881 625
881 849
881 865
881 880
881 883
881 885
881 889
881 1009
882 818
882 866
882 880
882 883
882 890
882 1010
883 371
883 627
883 851
883 882
883 891
883 1011
884 372
884 820
884 852
884 868
884 880
884 885
884 886
884 892
885 373
885 629
885 853
885 869
885 881
885 884
885 887
885 893
886 374
886 630
886 822
886 854
886 870
886 882
886 887
886 1014
887 631
887 823
887 855
887 871
887 883
887 885
887 1015
888 376
888 824
888 872
888 880
888 889
888 892
888 1016
889 377
889 825
889 857
889 873
889 888
889 891
889 893
889 1017
890 378
890 634
890 826
890 858
890 882
890 888
891 635
891 859
891 875
891 883
891 889
891 890
891 1019
892 380
892 636
892 828
892 860
892 876
892 888
892 893
892 894
892 1020
893 637
893 829
893 877
893 885
893 889
893 892
893 895
894 382
894 638
894 830
894 862
894 878
894 886
894 890
894 1022
895 383
895 639
895 831
895 863
895 879
895 887
895 891
895 893
895 894
895 1023
896 384
896 640
896 898
896 900
896 904
896 912
896 960
897 385
897 769
897 896
897 899
897 905
897 913
897 929
897 961
898 386
898 642
898 896
898 899
898 906
898 930
898 962
899 387
899 643
899 771
899 897
899 903
899 907
899 915
899 931
899 963
900 388
900 644
900 772
900 902
900 932
900 964
901 389
901 773
901 897
901 900
902 390
902 646
902 898
902 900
902 903
902 918
902 966
903 647
903 899
903 901
903 902
903 911
903 935
903 967
904 392
904 896
904 905
904 906
904 908
905 393
905 777
905 897
905 907
905 909
905 969
906 394
906 907
906 910
906 922
906 970
907 395
907 651
907 779
907 899
907 906
907 923
907 971
908 396
908 652
908 780
908 900
908 924
908 940
909 397
909 653
909 781
909 901
909 905
909 908
909 925
909 941
909 973
910 398
910 654
910 902
910 906
910 908
910 911
910 926
910 942
910 974
911 903
911 907
911 909
911 927
911 943
911 975
912 400
912 656
912 784
912 913
912 914
912 916
912 920
912 944
912 976
913 401
913 915
913 977
914 402
914 658
914 786
914 898
914 912
914 922
914 946
915 403
915 787
915 899
915 913
915 914
915 919
915 923
915 947
916 404
916 788
916 900
916 912
916 917
916 918
916 924
916 948
916 980
917 405
917 661
917 789
917 901
917 913
917 919
917 949
917 981
918 406
918 790
918 914
918 926
918 950
919 407
919 791
919 903
919 915
919 917
919 918
919 927
919 951
919 983
920 408
920 664
920 904
920 912
920 921
920 922
920 924
920 952
920 984
921 793
921 905
921 913
921 920
921 985
922 410
922 666
922 794
922 914
922 923
922 926
922 954
922 986
923 411
923 667
923 795
923 907
923 915
923 921
923 922
923 927
923 955
923 987
924 796
924 916
924 920
924 926
924 956
924 988
925 413
925 669
925 797
925 909
925 917
925 921
925 924
925 927
925 957
926 798
926 922
926 924
926 927
926 958
926 990
927 415
927 671
927 799
927 911
927 923
927 991
928 416
928 672
928 800
928 896
928 929
928 930
928 932
928 936
928 944
928 992
929 417
929 673
929 801
929 897
929 928
929 945
929 993
930 418
930 674
930 802
930 898
930 931
930 934
930 938
930 946
930 994
931 419
931 675
931 803
931 929
931 930
931 935
931 947
932 420
932 676
932 900
932 928
932 934
932 940
932 948
932 996
933 805
933 901
933 929
933 932
933 935
933 941
933 949
934 422
934 678
934 902
934 930
934 932
934 998
935 679
935 807
935 903
935 931
935 933
935 934
935 999
936 424
936 680
936 808
936 904
936 928
936 937
936 940
936 1000
937 425
937 681
937 809
937 905
937 929
937 936
937 939
937 1001
938 426
938 682
938 810
938 906
938 930
938 936
938 939
938 954
938 1002
939 427
939 811
939 907
939 931
939 938
939 943
939 1003
940 428
940 812
940 908
940 932
940 936
940 942
940 956
940 1004
941 813
941 933
941 937
941 940
941 943
941 957
941 1005
942 686
942 910
942 934
942 938
942 940
942 943
942 958
942 1006
943 431
943 687
943 815
943 911
943 935
943 941
943 942
944 432
944 688
944 946
944 948
944 952
944 1008
945 817
945 913
945 929
945 944
945 947
945 949
946 434
946 818
946 914
946 947
946 1010
947 691
947 819
947 931
947 945
947 955
948 692
948 944
948 949
948 950
948 956
948 1012
949 437
949 693
949 821
949 917
949 945
949 948
949 951
949 1013
950 438
950 694
950 822
950 918
950 934
950 946
950 951
950 958
950 1014
951 439
951 695
951 919
951 935
951 947
951 949
951 950
951 959
951 1015
952 696
952 824
952 920
952 936
952 944
952 954
952 956
952 1016
953 441
953 697
953 921
953 937
953 945
953 952
953 955
954 442
954 698
954 946
954 958
954 1018
955 443
955 699
955 827
955 939
955 947
955 953
955 954
955 959
955 1019
956 444
956 700
956 828
956 924
956 940
956 948
956 957
957 445
957 829
957 925
957 949
957 953
957 956
957 959
958 446
958 830
958 926
958 942
958 950
958 954
958 956
958 959
958 1022
959 447
959 831
959 927
959 943
959 955
959 957
959 958
959 1023
960 448
960 704
960 832
960 962
960 964
960 976
960 992
961 449
961 705
961 833
961 960
961 963
961 965
961 969
961 977
961 993
962 450
962 706
962 834
962 898
962 960
962 966
962 970
962 978
962 994
963 451
963 707
963 835
963 899
963 961
963 962
963 967
963 971
963 979
964 708
964 960
964 965
964 980
964 996
965 453
965 709
965 901
965 961
965 964
965 967
965 973
965 981
965 997
966 454
966 710
966 838
966 964
966 967
966 998
967 455
967 711
967 839
967 963
967 965
967 975
967 983
967 999
968 456
968 712
968 904
968 960
968 969
968 972
968 984
968 1000
969 841
969 905
969 961
969 973
969 985
969 1001
970 458
970 714
970 842
970 906
970 962
970 968
970 974
970 1002
971 459
971 715
971 843
971 907
971 963
971 969
971 970
971 975
971 1003
972 716
972 844
972 908
972 964
972 968
972 974
972 1004
973 461
973 717
973 845
973 909
973 965
973 969
973 972
973 989
973 1005
974 846
974 910
974 966
974 970
974 972
974 990
975 463
975 719
975 847
975 967
975 973
975 974
975 991
976 464
976 720
976 848
976 960
976 977
976 980
976 1008
977 465
977 721
977 976
977 981
977 1009
978 722
978 850
978 914
978 962
978 976
978 979
978 982
978 986
978 1010
979 467
979 723
979 915
979 963
979 977
979 978
979 987
980 468
980 724
980 852
980 916
980 964
980 976
980 981
980 988
980 1012
981 469
981 725
981 853
981 917
981 977
981 980
981 983
981 989
981 1013
982 470
982 726
982 854
982 918
982 966
982 980
982 990
982 1014
983 471
983 727
983 855
983 919
983 967
983 979
983 982
983 991
984 472
984 728
984 856
984 920
984 968
984 976
984 985
984 986
984 988
984 1016
985 729
985 857
985 969
985 977
985 984
985 989
985 1017
986 474
986 730
986 858
986 922
986 970
986 984
986 987
986 990
986 1018
987 731
987 859
987 971
987 979
987 985
987 991
988 476
988 732
988 860
988 924
988 972
988 980
988 989
988 1020
989 477
989 733
989 925
989 985
989 988
989 1021
990 478
990 734
990 862
990 974
990 982
990 986
990 988
990 991
990 1022
991 735
991 863
991 927
991 975
991 987
991 989
991 990
991 1023
992 480
992 736
992 864
992 960
992 993
992 994
992 996
992 1000
992 1008
993 481
993 737
993 961
993 995
993 1001
994 738
994 866
994 992
994 995
994 1002
995 867
995 931
995 963
995 993
995 1003
995 1011
996 484
996 868
996 932
996 964
996 992
996 997
996 998
996 1012
997 485
997 741
997 933
997 965
997 993
997 996
997 999
997 1013
998 742
998 870
998 934
998 966
998 994
998 996
998 999
998 1006
999 487
999 995
999 997
999 1007
999 1015
1000 488
1000 744
1000 872
1000 968
1000 992
1000 1001
1000 1004
1000 1016
1001 489
1001 745
1001 1000
1001 1003
1001 1005
1002 874
1002 938
1002 970
1002 994
1002 1000
1002 1003
1002 1006
1002 1018
1003 747
1003 875
1003 971
1003 995
1003 1001
1003 1007
1003 1019
1004 748
1004 876
1004 940
1004 996
1004 1020
1005 493
1005 749
1005 877
1005 997
1005 1001
1005 1004
1005 1007
1005 1021
1006 494
1006 750
1006 878
1006 974
1006 998
1006 1002
1006 1004
1006 1007
1006 1022
1007 495
1007 751
1007 879
1007 943
1007 975
1007 999
1007 1003
1007 1006
1008 496
1008 752
1008 880
1008 976
1008 1010
1009 497
1009 753
1009 881
1009 945
1009 977
1009 993
1009 1008
1009 1013
1009 1017
1010 498
1010 754
1010 882
1010 946
1010 978
1010 994
1010 1008
1010 1011
1010 1014
1010 1018
1011 755
1011 883
1011 947
1011 979
1011 1009
1011 1010
1011 1019
1012 756
1012 884
1012 948
1012 996
1012 1008
1012 1013
1012 1014
1013 501
1013 757
1013 885
1013 949
1013 1009
1013 1012
1013 1015
1013 1021
1014 758
1014 886
1014 950
1014 982
1014 998
1014 1010
1014 1012
1014 1015
1014 1022
1015 503
1015 887
1015 951
1015 983
1015 999
1015 1011
1015 1014
1015 1023
1016 504
1016 888
1016 952
1016 984
1016 1008
1016 1017
1016 1018
1016 1020
1017 505
1017 761
1017 953
1017 985
1017 1001
1017 1009
1017 1019
1017 1021
1018 762
1018 890
1018 986
1018 1010
1018 1016
1018 1022
1019 507
1019 763
1019 955
1019 987
1019 1017
1019 1018
1020 508
1020 764
1020 892
1020 956
1020 1004
1020 1012
1020 1016
1020 1021
1021 765
1021 893
1021 957
1021 989
1021 1005
1021 1013
1021 1017
1021 1020
1021 1023
1022 510
1022 766
1022 894
1022 958
1022 990
1022 1014
1022 1018
1022 1020
1023 511
1023 767
1023 895
1023 1007
1023 1015
1023 1019
1023 1021
1023 1022
0 15 22 24 38 51 56 61 74 83 99 101 108 109 117 126 132 137 146 149 161 169 174 190 191 196 199 202 217 220 240 242 255 259 261 268 274 283 286 298 300 305 326 329 336 349 352 367 374 379 396 402 409 416 423 436 443 449 458 471 479 486 493 499 500 504 513 514 520 524 529 551 555 559 564 570 577 587 596 607 616 622 626 633 643 656 667 670 673 674 695 701 714 717 726 740 744 747 759 760 774 788 791 797 800 809 810 816 823 831 838 839 841 856 858 867 869 892 901 902 907 911 920 940 946 957 960 972 977 979 981 995 1003 1009 1022
