243 2430 27
0 1
0 2
0 3
0 6
0 9
0 18
0 27
0 54
0 81
0 162
1 0
1 2
1 4
1 7
1 10
1 19
1 28
1 55
1 82
1 163
2 0
2 1
2 5
2 8
2 11
2 20
2 29
2 56
2 83
2 164
3 0
3 4
3 5
3 6
3 12
3 21
3 30
3 57
3 84
3 165
4 1
4 3
4 5
4 7
4 13
4 22
4 31
4 58
4 85
4 166
5 2
5 3
5 4
5 8
5 14
5 23
5 32
5 59
5 86
5 167
6 0
6 3
6 7
6 8
6 15
6 24
6 33
6 60
6 87
6 168
7 1
7 4
7 6
7 8
7 16
7 25
7 34
7 61
7 88
7 169
8 2
8 5
8 6
8 7
8 17
8 26
8 35
8 62
8 89
8 170
9 0
9 10
9 11
9 12
9 15
9 18
9 36
9 63
9 90
9 171
10 1
10 9
10 11
10 13
10 16
10 19
10 37
10 64
10 91
10 172
11 2
11 9
11 10
11 14
11 17
11 20
11 38
11 65
11 92
11 173
12 3
12 9
12 13
12 14
12 15
12 21
12 39
12 66
12 93
12 174
13 4
13 10
13 12
13 14
13 16
13 22
13 40
13 67
13 94
13 175
14 5
14 11
14 12
14 13
14 17
14 23
14 41
14 68
14 95
14 176
15 6
15 9
15 12
15 16
15 17
15 24
15 42
15 69
15 96
15 177
16 7
16 10
16 13
16 15
16 17
16 25
16 43
16 70
16 97
16 178
17 8
17 11
17 14
17 15
17 16
17 26
17 44
17 71
17 98
17 179
18 0
18 9
18 19
18 20
18 21
18 24
18 45
18 72
18 99
18 180
19 1
19 10
19 18
19 20
19 22
19 25
19 46
19 73
19 100
19 181
20 2
20 11
20 18
20 19
20 23
20 26
20 47
20 74
20 101
20 182
21 3
21 12
21 18
21 22
21 23
21 24
21 48
21 75
21 102
21 183
22 4
22 13
22 19
22 21
22 23
22 25
22 49
22 76
22 103
22 184
23 5
23 14
23 20
23 21
23 22
23 26
23 50
23 77
23 104
23 185
24 6
24 15
24 18
24 21
24 25
24 26
24 51
24 78
24 105
24 186
25 7
25 16
25 19
25 22
25 24
25 26
25 52
25 79
25 106
25 187
26 8
26 17
26 20
26 23
26 24
26 25
26 53
26 80
26 107
26 188
27 0
27 28
27 29
27 30
27 33
27 36
27 45
27 54
27 108
27 189
28 1
28 27
28 29
28 31
28 34
28 37
28 46
28 55
28 109
28 190
29 2
29 27
29 28
29 32
29 35
29 38
29 47
29 56
29 110
29 191
30 3
30 27
30 31
30 32
30 33
30 39
30 48
30 57
30 111
30 192
31 4
31 28
31 30
31 32
31 34
31 40
31 49
31 58
31 112
31 193
32 5
32 29
32 30
32 31
32 35
32 41
32 50
32 59
32 113
32 194
33 6
33 27
33 30
33 34
33 35
33 42
33 51
33 60
33 114
33 195
34 7
34 28
34 31
34 33
34 35
34 43
34 52
34 61
34 115
34 196
35 8
35 29
35 32
35 33
35 34
35 44
35 53
35 62
35 116
35 197
36 9
36 27
36 37
36 38
36 39
36 42
36 45
36 63
36 117
36 198
37 10
37 28
37 36
37 38
37 40
37 43
37 46
37 64
37 118
37 199
38 11
38 29
38 36
38 37
38 41
38 44
38 47
38 65
38 119
38 200
39 12
39 30
39 36
39 40
39 41
39 42
39 48
39 66
39 120
39 201
40 13
40 31
40 37
40 39
40 41
40 43
40 49
40 67
40 121
40 202
41 14
41 32
41 38
41 39
41 40
41 44
41 50
41 68
41 122
41 203
42 15
42 33
42 36
42 39
42 43
42 44
42 51
42 69
42 123
42 204
43 16
43 34
43 37
43 40
43 42
43 44
43 52
43 70
43 124
43 205
44 17
44 35
44 38
44 41
44 42
44 43
44 53
44 71
44 125
44 206
45 18
45 27
45 36
45 46
45 47
45 48
45 51
45 72
45 126
45 207
46 19
46 28
46 37
46 45
46 47
46 49
46 52
46 73
46 127
46 208
47 20
47 29
47 38
47 45
47 46
47 50
47 53
47 74
47 128
47 209
48 21
48 30
48 39
48 45
48 49
48 50
48 51
48 75
48 129
48 210
49 22
49 31
49 40
49 46
49 48
49 50
49 52
49 76
49 130
49 211
50 23
50 32
50 41
50 47
50 48
50 49
50 53
50 77
50 131
50 212
51 24
51 33
51 42
51 45
51 48
51 52
51 53
51 78
51 132
51 213
52 25
52 34
52 43
52 46
52 49
52 51
52 53
52 79
52 133
52 214
53 26
53 35
53 44
53 47
53 50
53 51
53 52
53 80
53 134
53 215
54 0
54 27
54 55
54 56
54 57
54 60
54 63
54 72
54 135
54 216
55 1
55 28
55 54
55 56
55 58
55 61
55 64
55 73
55 136
55 217
56 2
56 29
56 54
56 55
56 59
56 62
56 65
56 74
56 137
56 218
57 3
57 30
57 54
57 58
57 59
57 60
57 66
57 75
57 138
57 219
58 4
58 31
58 55
58 57
58 59
58 61
58 67
58 76
58 139
58 220
59 5
59 32
59 56
59 57
59 58
59 62
59 68
59 77
59 140
59 221
60 6
60 33
60 54
60 57
60 61
60 62
60 69
60 78
60 141
60 222
61 7
61 34
61 55
61 58
61 60
61 62
61 70
61 79
61 142
61 223
62 8
62 35
62 56
62 59
62 60
62 61
62 71
62 80
62 143
62 224
63 9
63 36
63 54
63 64
63 65
63 66
63 69
63 72
63 144
63 225
64 10
64 37
64 55
64 63
64 65
64 67
64 70
64 73
64 145
64 226
65 11
65 38
65 56
65 63
65 64
65 68
65 71
65 74
65 146
65 227
66 12
66 39
66 57
66 63
66 67
66 68
66 69
66 75
66 147
66 228
67 13
67 40
67 58
67 64
67 66
67 68
67 70
67 76
67 148
67 229
68 14
68 41
68 59
68 65
68 66
68 67
68 71
68 77
68 149
68 230
69 15
69 42
69 60
69 63
69 66
69 70
69 71
69 78
69 150
69 231
70 16
70 43
70 61
70 64
70 67
70 69
70 71
70 79
70 151
70 232
71 17
71 44
71 62
71 65
71 68
71 69
71 70
71 80
71 152
71 233
72 18
72 45
72 54
72 63
72 73
72 74
72 75
72 78
72 153
72 234
73 19
73 46
73 55
73 64
73 72
73 74
73 76
73 79
73 154
73 235
74 20
74 47
74 56
74 65
74 72
74 73
74 77
74 80
74 155
74 236
75 21
75 48
75 57
75 66
75 72
75 76
75 77
75 78
75 156
75 237
76 22
76 49
76 58
76 67
76 73
76 75
76 77
76 79
76 157
76 238
77 23
77 50
77 59
77 68
77 74
77 75
77 76
77 80
77 158
77 239
78 24
78 51
78 60
78 69
78 72
78 75
78 79
78 80
78 159
78 240
79 25
79 52
79 61
79 70
79 73
79 76
79 78
79 80
79 160
79 241
80 26
80 53
80 62
80 71
80 74
80 77
80 78
80 79
80 161
80 242
81 0
81 82
81 83
81 84
81 87
81 90
81 99
81 108
81 135
81 162
82 1
82 81
82 83
82 85
82 88
82 91
82 100
82 109
82 136
82 163
83 2
83 81
83 82
83 86
83 89
83 92
83 101
83 110
83 137
83 164
84 3
84 81
84 85
84 86
84 87
84 93
84 102
84 111
84 138
84 165
85 4
85 82
85 84
85 86
85 88
85 94
85 103
85 112
85 139
85 166
86 5
86 83
86 84
86 85
86 89
86 95
86 104
86 113
86 140
86 167
87 6
87 81
87 84
87 88
87 89
87 96
87 105
87 114
87 141
87 168
88 7
88 82
88 85
88 87
88 89
88 97
88 106
88 115
88 142
88 169
89 8
89 83
89 86
89 87
89 88
89 98
89 107
89 116
89 143
89 170
90 9
90 81
90 91
90 92
90 93
90 96
90 99
90 117
90 144
90 171
91 10
91 82
91 90
91 92
91 94
91 97
91 100
91 118
91 145
91 172
92 11
92 83
92 90
92 91
92 95
92 98
92 101
92 119
92 146
92 173
93 12
93 84
93 90
93 94
93 95
93 96
93 102
93 120
93 147
93 174
94 13
94 85
94 91
94 93
94 95
94 97
94 103
94 121
94 148
94 175
95 14
95 86
95 92
95 93
95 94
95 98
95 104
95 122
95 149
95 176
96 15
96 87
96 90
96 93
96 97
96 98
96 105
96 123
96 150
96 177
97 16
97 88
97 91
97 94
97 96
97 98
97 106
97 124
97 151
97 178
98 17
98 89
98 92
98 95
98 96
98 97
98 107
98 125
98 152
98 179
99 18
99 81
99 90
99 100
99 101
99 102
99 105
99 126
99 153
99 180
100 19
100 82
100 91
100 99
100 101
100 103
100 106
100 127
100 154
100 181
101 20
101 83
101 92
101 99
101 100
101 104
101 107
101 128
101 155
101 182
102 21
102 84
102 93
102 99
102 103
102 104
102 105
102 129
102 156
102 183
103 22
103 85
103 94
103 100
103 102
103 104
103 106
103 130
103 157
103 184
104 23
104 86
104 95
104 101
104 102
104 103
104 107
104 131
104 158
104 185
105 24
105 87
105 96
105 99
105 102
105 106
105 107
105 132
105 159
105 186
106 25
106 88
106 97
106 100
106 103
106 105
106 107
106 133
106 160
106 187
107 26
107 89
107 98
107 101
107 104
107 105
107 106
107 134
107 161
107 188
108 27
108 81
108 109
108 110
108 111
108 114
108 117
108 126
108 135
108 189
109 28
109 82
109 108
109 110
109 112
109 115
109 118
109 127
109 136
109 190
110 29
110 83
110 108
110 109
110 113
110 116
110 119
110 128
110 137
110 191
111 30
111 84
111 108
111 112
111 113
111 114
111 120
111 129
111 138
111 192
112 31
112 85
112 109
112 111
112 113
112 115
112 121
112 130
112 139
112 193
113 32
113 86
113 110
113 111
113 112
113 116
113 122
113 131
113 140
113 194
114 33
114 87
114 108
114 111
114 115
114 116
114 123
114 132
114 141
114 195
115 34
115 88
115 109
115 112
115 114
115 116
115 124
115 133
115 142
115 196
116 35
116 89
116 110
116 113
116 114
116 115
116 125
116 134
116 143
116 197
117 36
117 90
117 108
117 118
117 119
117 120
117 123
117 126
117 144
117 198
118 37
118 91
118 109
118 117
118 119
118 121
118 124
118 127
118 145
118 199
119 38
119 92
119 110
119 117
119 118
119 122
119 125
119 128
119 146
119 200
120 39
120 93
120 111
120 117
120 121
120 122
120 123
120 129
120 147
120 201
121 40
121 94
121 112
121 118
121 120
121 122
121 124
121 130
121 148
121 202
122 41
122 95
122 113
122 119
122 120
122 121
122 125
122 131
122 149
122 203
123 42
123 96
123 114
123 117
123 120
123 124
123 125
123 132
123 150
123 204
124 43
124 97
124 115
124 118
124 121
124 123
124 125
124 133
124 151
124 205
125 44
125 98
125 116
125 119
125 122
125 123
125 124
125 134
125 152
125 206
126 45
126 99
126 108
126 117
126 127
126 128
126 129
126 132
126 153
126 207
127 46
127 100
127 109
127 118
127 126
127 128
127 130
127 133
127 154
127 208
128 47
128 101
128 110
128 119
128 126
128 127
128 131
128 134
128 155
128 209
129 48
129 102
129 111
129 120
129 126
129 130
129 131
129 132
129 156
129 210
130 49
130 103
130 112
130 121
130 127
130 129
130 131
130 133
130 157
130 211
131 50
131 104
131 113
131 122
131 128
131 129
131 130
131 134
131 158
131 212
132 51
132 105
132 114
132 123
132 126
132 129
132 133
132 134
132 159
132 213
133 52
133 106
133 115
133 124
133 127
133 130
133 132
133 134
133 160
133 214
134 53
134 107
134 116
134 125
134 128
134 131
134 132
134 133
134 161
134 215
135 54
135 81
135 108
135 136
135 137
135 138
135 141
135 144
135 153
135 216
136 55
136 82
136 109
136 135
136 137
136 139
136 142
136 145
136 154
136 217
137 56
137 83
137 110
137 135
137 136
137 140
137 143
137 146
137 155
137 218
138 57
138 84
138 111
138 135
138 139
138 140
138 141
138 147
138 156
138 219
139 58
139 85
139 112
139 136
139 138
139 140
139 142
139 148
139 157
139 220
140 59
140 86
140 113
140 137
140 138
140 139
140 143
140 149
140 158
140 221
141 60
141 87
141 114
141 135
141 138
141 142
141 143
141 150
141 159
141 222
142 61
142 88
142 115
142 136
142 139
142 141
142 143
142 151
142 160
142 223
143 62
143 89
143 116
143 137
143 140
143 141
143 142
143 152
143 161
143 224
144 63
144 90
144 117
144 135
144 145
144 146
144 147
144 150
144 153
144 225
145 64
145 91
145 118
145 136
145 144
145 146
145 148
145 151
145 154
145 226
146 65
146 92
146 119
146 137
146 144
146 145
146 149
146 152
146 155
146 227
147 66
147 93
147 120
147 138
147 144
147 148
147 149
147 150
147 156
147 228
148 67
148 94
148 121
148 139
148 145
148 147
148 149
148 151
148 157
148 229
149 68
149 95
149 122
149 140
149 146
149 147
149 148
149 152
149 158
149 230
150 69
150 96
150 123
150 141
150 144
150 147
150 151
150 152
150 159
150 231
151 70
151 97
151 124
151 142
151 145
151 148
151 150
151 152
151 160
151 232
152 71
152 98
152 125
152 143
152 146
152 149
152 150
152 151
152 161
152 233
153 72
153 99
153 126
153 135
153 144
153 154
153 155
153 156
153 159
153 234
154 73
154 100
154 127
154 136
154 145
154 153
154 155
154 157
154 160
154 235
155 74
155 101
155 128
155 137
155 146
155 153
155 154
155 158
155 161
155 236
156 75
156 102
156 129
156 138
156 147
156 153
156 157
156 158
156 159
156 237
157 76
157 103
157 130
157 139
157 148
157 154
157 156
157 158
157 160
157 238
158 77
158 104
158 131
158 140
158 149
158 155
158 156
158 157
158 161
158 239
159 78
159 105
159 132
159 141
159 150
159 153
159 156
159 160
159 161
159 240
160 79
160 106
160 133
160 142
160 151
160 154
160 157
160 159
160 161
160 241
161 80
161 107
161 134
161 143
161 152
161 155
161 158
161 159
161 160
161 242
162 0
162 81
162 163
162 164
162 165
162 168
162 171
162 180
162 189
162 216
163 1
163 82
163 162
163 164
163 166
163 169
163 172
163 181
163 190
163 217
164 2
164 83
164 162
164 163
164 167
164 170
164 173
164 182
164 191
164 218
165 3
165 84
165 162
165 166
165 167
165 168
165 174
165 183
165 192
165 219
166 4
166 85
166 163
166 165
166 167
166 169
166 175
166 184
166 193
166 220
167 5
167 86
167 164
167 165
167 166
167 170
167 176
167 185
167 194
167 221
168 6
168 87
168 162
168 165
168 169
168 170
168 177
168 186
168 195
168 222
169 7
169 88
169 163
169 166
169 168
169 170
169 178
169 187
169 196
169 223
170 8
170 89
170 164
170 167
170 168
170 169
170 179
170 188
170 197
170 224
171 9
171 90
171 162
171 172
171 173
171 174
171 177
171 180
171 198
171 225
172 10
172 91
172 163
172 171
172 173
172 175
172 178
172 181
172 199
172 226
173 11
173 92
173 164
173 171
173 172
173 176
173 179
173 182
173 200
173 227
174 12
174 93
174 165
174 171
174 175
174 176
174 177
174 183
174 201
174 228
175 13
175 94
175 166
175 172
175 174
175 176
175 178
175 184
175 202
175 229
176 14
176 95
176 167
176 173
176 174
176 175
176 179
176 185
176 203
176 230
177 15
177 96
177 168
177 171
177 174
177 178
177 179
177 186
177 204
177 231
178 16
178 97
178 169
178 172
178 175
178 177
178 179
178 187
178 205
178 232
179 17
179 98
179 170
179 173
179 176
179 177
179 178
179 188
179 206
179 233
180 18
180 99
180 162
180 171
180 181
180 182
180 183
180 186
180 207
180 234
181 19
181 100
181 163
181 172
181 180
181 182
181 184
181 187
181 208
181 235
182 20
182 101
182 164
182 173
182 180
182 181
182 185
182 188
182 209
182 236
183 21
183 102
183 165
183 174
183 180
183 184
183 185
183 186
183 210
183 237
184 22
184 103
184 166
184 175
184 181
184 183
184 185
184 187
184 211
184 238
185 23
185 104
185 167
185 176
185 182
185 183
185 184
185 188
185 212
185 239
186 24
186 105
186 168
186 177
186 180
186 183
186 187
186 188
186 213
186 240
187 25
187 106
187 169
187 178
187 181
187 184
187 186
187 188
187 214
187 241
188 26
188 107
188 170
188 179
188 182
188 185
188 186
188 187
188 215
188 242
189 27
189 108
189 162
189 190
189 191
189 192
189 195
189 198
189 207
189 216
190 28
190 109
190 163
190 189
190 191
190 193
190 196
190 199
190 208
190 217
191 29
191 110
191 164
191 189
191 190
191 194
191 197
191 200
191 209
191 218
192 30
192 111
192 165
192 189
192 193
192 194
192 195
192 201
192 210
192 219
193 31
193 112
193 166
193 190
193 192
193 194
193 196
193 202
193 211
193 220
194 32
194 113
194 167
194 191
194 192
194 193
194 197
194 203
194 212
194 221
195 33
195 114
195 168
195 189
195 192
195 196
195 197
195 204
195 213
195 222
196 34
196 115
196 169
196 190
196 193
196 195
196 197
196 205
196 214
196 223
197 35
197 116
197 170
197 191
197 194
197 195
197 196
197 206
197 215
197 224
198 36
198 117
198 171
198 189
198 199
198 200
198 201
198 204
198 207
198 225
199 37
199 118
199 172
199 190
199 198
199 200
199 202
199 205
199 208
199 226
200 38
200 119
200 173
200 191
200 198
200 199
200 203
200 206
200 209
200 227
201 39
201 120
201 174
201 192
201 198
201 202
201 203
201 204
201 210
201 228
202 40
202 121
202 175
202 193
202 199
202 201
202 203
202 205
202 211
202 229
203 41
203 122
203 176
203 194
203 200
203 201
203 202
203 206
203 212
203 230
204 42
204 123
204 177
204 195
204 198
204 201
204 205
204 206
204 213
204 231
205 43
205 124
205 178
205 196
205 199
205 202
205 204
205 206
205 214
205 232
206 44
206 125
206 179
206 197
206 200
206 203
206 204
206 205
206 215
206 233
207 45
207 126
207 180
207 189
207 198
207 208
207 209
207 210
207 213
207 234
208 46
208 127
208 181
208 190
208 199
208 207
208 209
208 211
208 214
208 235
209 47
209 128
209 182
209 191
209 200
209 207
209 208
209 212
209 215
209 236
210 48
210 129
210 183
210 192
210 201
210 207
210 211
210 212
210 213
210 237
211 49
211 130
211 184
211 193
211 202
211 208
211 210
211 212
211 214
211 238
212 50
212 131
212 185
212 194
212 203
212 209
212 210
212 211
212 215
212 239
213 51
213 132
213 186
213 195
213 204
213 207
213 210
213 214
213 215
213 240
214 52
214 133
214 187
214 196
214 205
214 208
214 211
214 213
214 215
214 241
215 53
215 134
215 188
215 197
215 206
215 209
215 212
215 213
215 214
215 242
216 54
216 135
216 162
216 189
216 217
216 218
216 219
216 222
216 225
216 234
217 55
217 136
217 163
217 190
217 216
217 218
217 220
217 223
217 226
217 235
218 56
218 137
218 164
218 191
218 216
218 217
218 221
218 224
218 227
218 236
219 57
219 138
219 165
219 192
219 216
219 220
219 221
219 222
219 228
219 237
220 58
220 139
220 166
220 193
220 217
220 219
220 221
220 223
220 229
220 238
221 59
221 140
221 167
221 194
221 218
221 219
221 220
221 224
221 230
221 239
222 60
222 141
222 168
222 195
222 216
222 219
222 223
222 224
222 231
222 240
223 61
223 142
223 169
223 196
223 217
223 220
223 222
223 224
223 232
223 241
224 62
224 143
224 170
224 197
224 218
224 221
224 222
224 223
224 233
224 242
225 63
225 144
225 171
225 198
225 216
225 226
225 227
225 228
225 231
225 234
226 64
226 145
226 172
226 199
226 217
226 225
226 227
226 229
226 232
226 235
227 65
227 146
227 173
227 200
227 218
227 225
227 226
227 230
227 233
227 236
228 66
228 147
228 174
228 201
228 219
228 225
228 229
228 230
228 231
228 237
229 67
229 148
229 175
229 202
229 220
229 226
229 228
229 230
229 232
229 238
230 68
230 149
230 176
230 203
230 221
230 227
230 228
230 229
230 233
230 239
231 69
231 150
231 177
231 204
231 222
231 225
231 228
231 232
231 233
231 240
232 70
232 151
232 178
232 205
232 223
232 226
232 229
232 231
232 233
232 241
233 71
233 152
233 179
233 206
233 224
233 227
233 230
233 231
233 232
233 242
234 72
234 153
234 180
234 207
234 216
234 225
234 235
234 236
234 237
234 240
235 73
235 154
235 181
235 208
235 217
235 226
235 234
235 236
235 238
235 241
236 74
236 155
236 182
236 209
236 218
236 227
236 234
236 235
236 239
236 242
237 75
237 156
237 183
237 210
237 219
237 228
237 234
237 238
237 239
237 240
238 76
238 157
238 184
238 211
238 220
238 229
238 235
238 237
238 239
238 241
239 77
239 158
239 185
239 212
239 221
239 230
239 236
239 237
239 238
239 242
240 78
240 159
240 186
240 213
240 222
240 231
240 234
240 237
240 241
240 242
241 79
241 160
241 187
241 214
241 223
241 232
241 235
241 238
241 240
241 242
242 80
242 161
242 188
242 215
242 224
242 233
242 236
242 239
242 240
242 241
0 14 25 32 43 45 59 64 78 89 91 102 109 120 134 135 152 157 166 177 182 195 200 211 223 228 236
