50 124 9
0 40
1 7
1 18
1 20
1 31
1 35
2 10
3 4
3 35
4 3
4 27
4 29
5 16
5 41
6 19
6 28
7 1
8 28
9 21
10 2
10 35
11 20
12 49
13 19
13 30
14 29
14 39
15 19
15 29
16 5
16 20
16 41
17 18
17 20
17 42
18 1
18 17
19 6
19 13
19 15
19 21
19 26
19 33
19 37
19 39
19 47
20 1
20 11
20 16
20 17
20 21
21 9
21 19
21 20
21 39
21 40
21 42
22 39
23 27
23 43
24 33
24 40
25 44
26 19
26 33
27 4
27 17
27 23
27 44
28 6
28 8
28 32
29 4
29 14
29 15
29 33
30 13
31 1
32 28
32 34
33 19
33 24
33 26
33 29
34 32
35 1
35 3
35 10
35 38
35 40
35 48
35 49
36 46
37 19
38 35
38 43
39 14
39 19
39 21
39 22
40 0
40 21
40 24
40 35
40 43
40 46
41 5
41 45
42 17
42 21
43 23
43 38
43 40
44 25
44 27
44 46
45 41
46 36
46 40
46 44
47 19
48 35
49 12
49 35
47 48 21 34 26 11 36 33 23
