50 155 9
0 12
0 17
0 25
1 17
1 38
1 39
2 3
2 5
2 7
2 11
2 20
2 25
2 39
2 48
3 21
3 23
3 44
4 15
5 2
5 46
6 11
6 17
6 21
6 22
7 2
7 10
7 19
7 36
8 10
9 38
10 32
10 41
10 42
11 2
11 12
12 0
12 3
12 11
12 26
12 39
13 14
13 24
14 10
14 13
14 22
14 26
14 28
14 31
14 32
15 4
15 30
15 39
16 13
16 26
16 41
17 6
17 21
18 22
19 7
19 27
19 29
19 35
19 37
20 31
21 3
21 6
21 17
22 15
22 18
22 21
22 34
23 3
23 33
23 43
24 9
24 31
25 0
25 2
25 42
26 2
26 12
26 14
26 19
26 32
27 19
28 14
28 30
28 31
28 32
28 46
29 7
29 19
29 31
30 7
30 28
30 42
30 44
31 14
31 20
31 29
31 35
31 45
32 10
32 14
32 26
32 28
32 47
33 23
33 31
33 40
34 32
34 44
34 46
35 49
36 42
36 44
37 19
37 39
38 1
38 9
38 43
39 1
39 2
39 12
39 37
39 48
40 37
40 44
40 46
41 10
41 16
42 10
42 25
42 30
43 23
43 38
44 1
44 3
44 7
44 30
44 34
44 36
44 48
45 37
46 5
46 17
46 40
47 2
47 32
48 2
48 39
48 44
49 29
49 35
49 37
34 40 38 24 41 48 35 21 37
