75 184 19
0 19
0 63
1 53
2 30
3 41
3 45
4 30
4 63
5 39
5 42
5 45
5 55
5 70
5 72
6 7
7 6
7 9
7 16
7 26
7 66
8 16
8 68
9 7
10 35
10 42
11 31
11 62
11 65
12 15
12 43
12 49
12 50
13 50
14 43
14 52
14 53
15 12
15 53
16 7
16 8
16 72
17 45
18 64
19 0
19 38
20 45
21 20
22 32
22 57
23 35
23 58
24 49
25 38
26 7
26 33
26 34
26 42
26 47
26 56
27 49
27 65
28 32
28 68
29 49
29 51
29 61
29 71
30 2
30 4
30 36
30 53
30 56
30 62
30 74
31 11
32 22
32 28
32 34
32 37
32 67
33 26
34 26
34 32
34 45
34 49
34 50
35 10
35 23
36 30
37 32
37 60
37 64
38 19
38 25
38 57
39 5
39 45
40 44
41 3
41 45
42 5
42 10
42 26
43 12
43 14
43 67
44 40
44 47
44 59
44 65
45 3
45 5
45 17
45 20
45 34
45 39
45 41
46 53
47 26
47 44
48 70
49 12
49 24
49 27
49 29
49 34
49 72
50 12
50 13
50 34
51 29
52 14
52 68
53 1
53 14
53 15
53 30
53 46
54 70
55 5
55 73
56 26
56 30
56 64
57 22
57 38
57 55
58 23
59 44
60 37
60 74
61 29
62 11
62 30
62 73
63 0
63 4
64 18
64 37
64 56
65 11
65 27
65 44
66 7
66 67
67 32
67 43
67 66
68 8
68 28
69 72
70 5
70 48
70 54
71 29
72 5
72 7
72 16
72 49
72 69
73 55
73 62
74 30
74 60
28 64 16 4 10 49 1 29 12 37 45 0 50 70 27 55 33 53 26
